20.079 2107986.202 0.006
20.466 2088314.773 0.006
20.814 2070947.126 0.006
21.119 2055943.893 0.006
21.378 2043359.134 0.007
21.588 2033239.451 0.007
21.748 2025623.202 0.007
21.855 2020539.820 0.007
21.909 2018009.280 0.007
21.910 2018041.726 0.007
21.856 2020637.284 0.007
21.748 2025786.059 0.007
21.589 2033468.324 0.007
21.378 2043654.889 0.007
21.120 2056307.635 0.006
20.815 2071380.189 0.006
20.467 2088818.717 0.006
20.080 2108562.799 0.006
0.0 0.0 0.0
0.0 0.0 0.0
0.0 0.0 0.0
0.0 0.0 0.0
0.0 0.0 0.0
0.0 0.0 0.0
0.0 0.0 0.0
0.0 0.0 0.0
0.0 0.0 0.0
0.0 0.0 0.0
0.0 0.0 0.0
0.0 0.0 0.0
0.0 0.0 0.0
0.0 0.0 0.0
0.0 0.0 0.0
0.0 0.0 0.0
0.0 0.0 0.0
0.0 0.0 0.0
0.0 0.0 0.0
0.0 0.0 0.0
0.0 0.0 0.0
0.0 0.0 0.0
0.0 0.0 0.0
0.0 0.0 0.0
0.0 0.0 0.0
0.0 0.0 0.0
0.0 0.0 0.0
0.0 0.0 0.0
0.0 0.0 0.0
0.0 0.0 0.0
0.0 0.0 0.0
0.0 0.0 0.0
0.0 0.0 0.0
0.0 0.0 0.0
0.0 0.0 0.0
0.0 0.0 0.0
0.0 0.0 0.0
0.0 0.0 0.0
0.0 0.0 0.0
0.0 0.0 0.0
0.0 0.0 0.0
0.0 0.0 0.0
0.0 0.0 0.0
0.0 0.0 0.0
0.0 0.0 0.0
0.0 0.0 0.0
0.0 0.0 0.0
0.0 0.0 0.0
0.0 0.0 0.0
0.0 0.0 0.0
0.0 0.0 0.0
0.0 0.0 0.0
0.0 0.0 0.0
0.0 0.0 0.0
0.0 0.0 0.0
0.0 0.0 0.0
0.0 0.0 0.0
0.0 0.0 0.0
0.0 0.0 0.0
0.0 0.0 0.0
0.0 0.0 0.0
0.0 0.0 0.0
0.0 0.0 0.0
0.0 0.0 0.0
0.0 0.0 0.0
0.0 0.0 0.0
0.0 0.0 0.0
0.0 0.0 0.0
0.0 0.0 0.0
0.0 0.0 0.0
5241610.251 0.085
5113970.240 0.090
4985935.320 0.094
4857527.284 0.099
4728768.971 0.105
4599684.412 0.111
4470298.991 0.117
4340639.652 0.124
4210735.125 0.132
4080616.214 0.140
3950316.128 0.150
3819870.887 0.160
3689319.814 0.171
3558706.126 0.184
3428077.670 0.198
3297487.816 0.214
3166996.576 0.232
3036671.992 0.252
2906591.882 0.275
2776846.057 0.301
2647539.139 0.330
2518794.191 0.364
2390757.419 0.403
2263604.309 0.449
2137547.714 0.502
2012848.559 0.564
1889830.127 0.637
1768897.183 0.724
1650561.595 0.827
1535476.508 0.949
1424481.270 1.093
1318658.713 1.263
1219403.740 1.460
1128495.140 1.682
1048147.522 1.922
980994.898 2.161
929929.486 2.372
897722.492 2.521
886445.100 2.576
896891.626 2.525
928324.983 2.380
978713.499 2.170
1045301.310 1.931
1125192.308 1.691
1215738.353 1.468
1314707.734 1.270
1420305.608 1.099
1531123.597 0.954
1646068.189 0.831
1764291.807 0.728
1885135.048 0.640
2008081.300 0.567
2132722.198 0.504
2258731.714 0.451
2385846.812 0.405
2513853.009 0.365
2642573.543 0.331
2771861.204 0.302
2901592.134 0.276
3031661.073 0.253
3161977.697 0.233
3292463.768 0.215
3423050.904 0.199
3553678.811 0.185
3684293.883 0.172
3814848.080 0.160
3945298.018 0.150
4075604.237 0.141
4205730.597 0.132
4335643.788 0.124
4465312.920 0.117
4594709.186 0.111
4723805.580 0.105
4852576.658 0.099
4980998.340 0.094
5109047.742 0.090
5236703.034 0.085
24.574 1897868.736 0.536
25.898 1843429.181 0.566
27.283 1789691.106 0.597
28.734 1736724.822 0.630
30.256 1684608.249 0.666
31.854 1633427.761 0.703
33.533 1583279.087 0.743
35.297 1534268.253 0.786
37.152 1486512.540 0.831
39.102 1440141.423 0.879
41.152 1395297.427 0.930
43.305 1352136.816 0.983
45.562 1310830.031 1.039
47.923 1271561.706 1.096
50.384 1234530.129 1.155
52.936 1199945.927 1.215
55.565 1168029.786 1.274
58.247 1139009.019 1.332
60.943 1113112.822 1.387
63.599 1090566.198 1.438
66.135 1071582.660 1.483
68.436 1056356.029 1.521
70.351 1045051.873 1.550
71.697 1037799.335 1.569
72.303 1034684.186 1.577
72.075 1035743.938 1.574
71.048 1040965.628 1.560
69.368 1050286.586 1.536
67.220 1063598.078 1.503
64.772 1080751.333 1.461
62.156 1101565.226 1.413
59.465 1125834.756 1.359
56.767 1153339.496 1.303
54.106 1183851.398 1.244
51.511 1217141.488 1.184
49.002 1252985.268 1.125
46.590 1291166.776 1.067
44.280 1331481.415 1.010
42.076 1373737.709 0.956
39.975 1417758.196 0.904
37.976 1463379.667 0.855
36.074 1510452.909 0.808
34.266 1558842.129 0.764
32.546 1608424.161 0.723
30.909 1659087.566 0.684
29.350 1710731.672 0.647
27.865 1763265.623 0.613
26.447 1816607.454 0.581
25.094 1870683.215 0.551
23.800 1925426.162 0.522
22.561 1980776.005 0.495
21.374 2036678.241 0.469
20.235 2093083.528 0.445
