20.031 2111432.851 0.065954964
20.077 2109054.048 0.066001551
20.123 2106691.954 0.066048133
20.169 2104346.630 0.066094703
20.214 2102018.133 0.066141253
20.259 2099706.524 0.066187777
20.304 2097411.860 0.066234267
20.349 2095134.199 0.066280716
20.393 2092873.601 0.066327117
20.438 2090630.123 0.066373461
20.482 2088403.824 0.066419743
20.525 2086194.760 0.066465954
20.569 2084002.990 0.066512088
20.612 2081828.570 0.066558136
20.655 2079671.558 0.066604092
20.697 2077532.011 0.066649949
20.740 2075409.985 0.066695699
20.782 2073305.536 0.066741335
20.824 2071218.722 0.066786849
20.865 2069149.597 0.066832235
20.906 2067098.218 0.066877485
20.947 2065064.640 0.066922593
20.988 2063048.918 0.066967550
21.028 2061051.107 0.067012350
21.068 2059071.262 0.067056985
21.108 2057109.437 0.067101448
21.148 2055165.686 0.067145733
21.187 2053240.063 0.067189832
21.226 2051332.621 0.067233738
21.264 2049443.414 0.067277444
21.302 2047572.495 0.067320942
21.340 2045719.916 0.067364226
21.378 2043885.729 0.067407289
21.415 2042069.986 0.067450124
21.452 2040272.739 0.067492724
21.489 2038494.039 0.067535082
21.525 2036733.938 0.067577190
21.561 2034992.484 0.067619043
21.597 2033269.730 0.067660633
21.632 2031565.724 0.067701954
21.667 2029880.517 0.067742998
21.702 2028214.156 0.067783759
21.736 2026566.692 0.067824230
21.770 2024938.171 0.067864405
21.803 2023328.643 0.067904277
21.837 2021738.155 0.067943839
21.869 2020166.753 0.067983084
21.902 2018614.484 0.068022007
21.934 2017081.396 0.068060601
0.0 0.0 0.0
0.0 0.0 0.0
0.0 0.0 0.0
0.0 0.0 0.0
0.0 0.0 0.0
0.0 0.0 0.0
0.0 0.0 0.0
0.0 0.0 0.0
0.0 0.0 0.0
0.0 0.0 0.0
0.0 0.0 0.0
0.0 0.0 0.0
0.0 0.0 0.0
0.0 0.0 0.0
0.0 0.0 0.0
0.0 0.0 0.0
0.0 0.0 0.0
0.0 0.0 0.0
0.0 0.0 0.0
0.0 0.0 0.0
0.0 0.0 0.0
0.0 0.0 0.0
0.0 0.0 0.0
0.0 0.0 0.0
0.0 0.0 0.0
0.0 0.0 0.0
0.0 0.0 0.0
0.0 0.0 0.0
0.0 0.0 0.0
0.0 0.0 0.0
0.0 0.0 0.0
0.0 0.0 0.0
0.0 0.0 0.0
0.0 0.0 0.0
0.0 0.0 0.0
0.0 0.0 0.0
0.0 0.0 0.0
0.0 0.0 0.0
0.0 0.0 0.0
0.0 0.0 0.0
0.0 0.0 0.0
0.0 0.0 0.0
0.0 0.0 0.0
0.0 0.0 0.0
0.0 0.0 0.0
0.0 0.0 0.0
0.0 0.0 0.0
0.0 0.0 0.0
0.0 0.0 0.0
0.0 0.0 0.0
0.0 0.0 0.0
0.0 0.0 0.0
0.0 0.0 0.0
0.0 0.0 0.0
0.0 0.0 0.0
0.0 0.0 0.0
0.0 0.0 0.0
0.0 0.0 0.0
0.0 0.0 0.0
0.0 0.0 0.0
0.0 0.0 0.0
0.0 0.0 0.0
0.0 0.0 0.0
0.0 0.0 0.0
0.0 0.0 0.0
0.0 0.0 0.0
0.0 0.0 0.0
0.0 0.0 0.0
0.0 0.0 0.0
0.0 0.0 0.0
0.0 0.0 0.0
0.0 0.0 0.0
0.0 0.0 0.0
0.0 0.0 0.0
0.0 0.0 0.0
0.0 0.0 0.0
0.0 0.0 0.0
0.0 0.0 0.0
0.0 0.0 0.0
0.0 0.0 0.0
0.0 0.0 0.0
0.0 0.0 0.0
0.0 0.0 0.0
0.0 0.0 0.0
0.0 0.0 0.0
0.0 0.0 0.0
0.0 0.0 0.0
0.0 0.0 0.0
0.0 0.0 0.0
0.0 0.0 0.0
0.0 0.0 0.0
0.0 0.0 0.0
37.881 1470139.506 0.094487675
37.694 1474615.109 0.094128130
37.508 1479105.912 0.093770732
37.323 1483611.774 0.093415491
37.139 1488132.555 0.093062416
36.956 1492668.114 0.092711517
36.773 1497218.313 0.092362800
36.592 1501783.017 0.092016274
36.411 1506362.088 0.091671946
36.231 1510955.393 0.091329822
36.051 1515562.798 0.090989907
35.873 1520184.170 0.090652208
35.695 1524819.380 0.090316729
35.518 1529468.297 0.089983474
35.342 1534130.792 0.089652448
35.167 1538806.739 0.089323653
34.992 1543496.011 0.088997093
34.819 1548198.482 0.088672771
34.646 1552914.029 0.088350688
34.474 1557642.530 0.088030846
34.302 1562383.862 0.087713247
34.131 1567137.905 0.087397891
33.962 1571904.539 0.087084779
33.793 1576683.646 0.086773912
33.624 1581475.110 0.086465289
33.457 1586278.813 0.086158909
33.290 1591094.641 0.085854773
33.124 1595922.481 0.085552878
32.959 1600762.218 0.085253224
32.794 1605613.742 0.084955808
32.630 1610476.942 0.084660629
32.467 1615351.707 0.084367684
32.305 1620237.930 0.084076971
32.143 1625135.504 0.083788488
31.982 1630044.320 0.083502230
31.822 1634964.274 0.083218195
31.663 1639895.262 0.082936379
31.504 1644837.180 0.082656779
31.346 1649789.925 0.082379390
31.189 1654753.396 0.082104209
31.033 1659727.492 0.081831231
30.877 1664712.114 0.081560452
30.722 1669707.164 0.081291867
30.567 1674712.543 0.081025471
30.414 1679728.155 0.080761259
30.261 1684753.904 0.080499226
30.108 1689789.695 0.080239367
29.957 1694835.435 0.079981676
29.806 1699891.031 0.079726148
29.655 1704956.390 0.079472777
29.506 1710031.421 0.079221557
29.357 1715116.035 0.078972482
29.209 1720210.141 0.078725547
29.061 1725313.651 0.078480744
28.914 1730426.478 0.078238069
28.768 1735548.534 0.077997514
28.622 1740679.735 0.077759073
28.477 1745819.994 0.077522740
28.333 1750969.228 0.077288509
28.189 1756127.352 0.077056372
28.046 1761294.285 0.076826323
27.903 1766469.945 0.076598355
27.762 1771654.250 0.076372462
27.620 1776847.121 0.076148637
27.480 1782048.478 0.075926872
27.340 1787258.242 0.075707162
27.201 1792476.336 0.075489499
27.062 1797702.682 0.075273876
26.924 1802937.205 0.075060287
26.786 1808179.828 0.074848724
26.649 1813430.477 0.074639181
26.513 1818689.078 0.074431650
26.377 1823955.556 0.074226124
26.242 1829229.841 0.074022598
26.108 1834511.859 0.073821062
25.974 1839801.540 0.073621512
25.840 1845098.812 0.073423939
25.707 1850403.607 0.073228337
25.575 1855715.855 0.073034699
25.444 1861035.487 0.072843018
25.312 1866362.436 0.072653287
25.182 1871696.634 0.072465500
25.052 1877038.016 0.072279649
24.922 1882386.514 0.072095727
24.794 1887742.065 0.071913729
24.665 1893104.604 0.071733648
24.537 1898474.065 0.071555476
24.410 1903850.388 0.071379207
24.283 1909233.508 0.071204835
24.157 1914623.363 0.071032353
24.032 1920019.893 0.070861755
23.906 1925423.036 0.070693034
23.782 1930832.732 0.070526185
23.658 1936248.921 0.070361200
23.534 1941671.545 0.070198074
23.411 1947100.544 0.070036800
23.288 1952535.861 0.069877373
23.166 1957977.439 0.069719786
23.045 1963425.220 0.069564034
22.924 1968879.148 0.069410111
22.803 1974339.168 0.069258011
22.683 1979805.224 0.069107728
22.564 1985277.262 0.068959257
22.444 1990755.227 0.068812593
22.326 1996239.066 0.068667730
22.208 2001728.726 0.068524662
22.090 2007224.154 0.068383384
21.973 2012725.298 0.068243892
21.856 2018232.107 0.068106181
21.740 2023744.530 0.067970244
21.624 2029262.515 0.067836078
21.509 2034786.012 0.067703678
21.394 2040314.973 0.067573039
21.279 2045849.348 0.067444157
21.166 2051389.088 0.067317027
21.052 2056934.145 0.067191645
20.939 2062484.471 0.067068007
20.826 2068040.019 0.066946109
20.714 2073600.742 0.066825946
20.602 2079166.593 0.066707515
20.491 2084737.527 0.066590812
20.380 2090313.498 0.066475834
20.270 2095894.461 0.066362576
20.160 2101480.371 0.066251037
20.050 2107071.184 0.066141212
0.0 0.0 0.0
0.0 0.0 0.0
0.0 0.0 0.0
0.0 0.0 0.0
0.0 0.0 0.0
0.0 0.0 0.0
0.0 0.0 0.0
0.0 0.0 0.0
0.0 0.0 0.0
0.0 0.0 0.0
0.0 0.0 0.0
0.0 0.0 0.0
0.0 0.0 0.0
0.0 0.0 0.0
0.0 0.0 0.0
0.0 0.0 0.0
0.0 0.0 0.0
0.0 0.0 0.0
0.0 0.0 0.0
0.0 0.0 0.0
0.0 0.0 0.0
0.0 0.0 0.0
0.0 0.0 0.0
0.0 0.0 0.0
0.0 0.0 0.0
0.0 0.0 0.0
0.0 0.0 0.0
0.0 0.0 0.0
0.0 0.0 0.0
0.0 0.0 0.0
0.0 0.0 0.0
0.0 0.0 0.0
0.0 0.0 0.0
0.0 0.0 0.0
0.0 0.0 0.0
0.0 0.0 0.0
0.0 0.0 0.0
0.0 0.0 0.0
0.0 0.0 0.0
0.0 0.0 0.0
0.0 0.0 0.0
0.0 0.0 0.0
0.0 0.0 0.0
0.0 0.0 0.0
0.0 0.0 0.0
0.0 0.0 0.0
0.0 0.0 0.0
0.0 0.0 0.0
0.0 0.0 0.0
0.0 0.0 0.0
0.0 0.0 0.0
0.0 0.0 0.0
0.0 0.0 0.0
0.0 0.0 0.0
0.0 0.0 0.0
0.0 0.0 0.0
0.0 0.0 0.0
0.0 0.0 0.0
0.0 0.0 0.0
0.0 0.0 0.0
0.0 0.0 0.0
0.0 0.0 0.0
0.0 0.0 0.0
0.0 0.0 0.0
0.0 0.0 0.0
0.0 0.0 0.0
0.0 0.0 0.0
0.0 0.0 0.0
0.0 0.0 0.0
0.0 0.0 0.0
0.0 0.0 0.0
0.0 0.0 0.0
0.0 0.0 0.0
0.0 0.0 0.0
0.0 0.0 0.0
0.0 0.0 0.0
0.0 0.0 0.0
0.0 0.0 0.0
0.0 0.0 0.0
0.0 0.0 0.0
0.0 0.0 0.0
0.0 0.0 0.0
0.0 0.0 0.0
0.0 0.0 0.0
0.0 0.0 0.0
0.0 0.0 0.0
0.0 0.0 0.0
0.0 0.0 0.0
0.0 0.0 0.0
0.0 0.0 0.0
0.0 0.0 0.0
0.0 0.0 0.0
0.0 0.0 0.0
0.0 0.0 0.0
0.0 0.0 0.0
0.0 0.0 0.0
0.0 0.0 0.0
0.0 0.0 0.0
0.0 0.0 0.0
0.0 0.0 0.0
0.0 0.0 0.0
0.0 0.0 0.0
0.0 0.0 0.0
0.0 0.0 0.0
0.0 0.0 0.0
0.0 0.0 0.0
0.0 0.0 0.0
0.0 0.0 0.0
0.0 0.0 0.0
0.0 0.0 0.0
0.0 0.0 0.0
0.0 0.0 0.0
0.0 0.0 0.0
0.0 0.0 0.0
0.0 0.0 0.0
0.0 0.0 0.0
0.0 0.0 0.0
0.0 0.0 0.0
0.0 0.0 0.0
0.0 0.0 0.0
0.0 0.0 0.0
0.0 0.0 0.0
0.0 0.0 0.0
0.0 0.0 0.0
0.0 0.0 0.0
0.0 0.0 0.0
0.0 0.0 0.0
0.0 0.0 0.0
0.0 0.0 0.0
0.0 0.0 0.0
0.0 0.0 0.0
0.0 0.0 0.0
0.0 0.0 0.0
0.0 0.0 0.0
0.0 0.0 0.0
0.0 0.0 0.0
0.0 0.0 0.0
0.0 0.0 0.0
0.0 0.0 0.0
0.0 0.0 0.0
0.0 0.0 0.0
0.0 0.0 0.0
0.0 0.0 0.0
0.0 0.0 0.0
0.0 0.0 0.0
0.0 0.0 0.0
0.0 0.0 0.0
0.0 0.0 0.0
0.0 0.0 0.0
0.0 0.0 0.0
0.0 0.0 0.0
0.0 0.0 0.0
0.0 0.0 0.0
0.0 0.0 0.0
0.0 0.0 0.0
0.0 0.0 0.0
0.0 0.0 0.0
0.0 0.0 0.0
0.0 0.0 0.0
0.0 0.0 0.0
0.0 0.0 0.0
0.0 0.0 0.0
0.0 0.0 0.0
0.0 0.0 0.0
0.0 0.0 0.0
0.0 0.0 0.0
0.0 0.0 0.0
0.0 0.0 0.0
0.0 0.0 0.0
0.0 0.0 0.0
0.0 0.0 0.0
0.0 0.0 0.0
0.0 0.0 0.0
0.0 0.0 0.0
0.0 0.0 0.0
0.0 0.0 0.0
0.0 0.0 0.0
0.0 0.0 0.0
0.0 0.0 0.0
0.0 0.0 0.0
0.0 0.0 0.0
0.0 0.0 0.0
0.0 0.0 0.0
0.0 0.0 0.0
0.0 0.0 0.0
0.0 0.0 0.0
0.0 0.0 0.0
0.0 0.0 0.0
0.0 0.0 0.0
0.0 0.0 0.0
0.0 0.0 0.0
0.0 0.0 0.0
0.0 0.0 0.0
0.0 0.0 0.0
0.0 0.0 0.0
0.0 0.0 0.0
0.0 0.0 0.0
0.0 0.0 0.0
0.0 0.0 0.0
0.0 0.0 0.0
0.0 0.0 0.0
0.0 0.0 0.0
0.0 0.0 0.0
0.0 0.0 0.0
0.0 0.0 0.0
0.0 0.0 0.0
0.0 0.0 0.0
0.0 0.0 0.0
0.0 0.0 0.0
0.0 0.0 0.0
0.0 0.0 0.0
0.0 0.0 0.0
0.0 0.0 0.0
0.0 0.0 0.0
0.0 0.0 0.0
0.0 0.0 0.0
0.0 0.0 0.0
0.0 0.0 0.0
0.0 0.0 0.0
0.0 0.0 0.0
0.0 0.0 0.0
0.0 0.0 0.0
0.0 0.0 0.0
0.0 0.0 0.0
0.0 0.0 0.0
0.0 0.0 0.0
0.0 0.0 0.0
0.0 0.0 0.0
0.0 0.0 0.0
0.0 0.0 0.0
0.0 0.0 0.0
0.0 0.0 0.0
0.0 0.0 0.0
0.0 0.0 0.0
0.0 0.0 0.0
0.0 0.0 0.0
0.0 0.0 0.0
0.0 0.0 0.0
0.0 0.0 0.0
0.0 0.0 0.0
0.0 0.0 0.0
0.0 0.0 0.0
0.0 0.0 0.0
0.0 0.0 0.0
0.0 0.0 0.0
0.0 0.0 0.0
0.0 0.0 0.0
0.0 0.0 0.0
0.0 0.0 0.0
0.0 0.0 0.0
0.0 0.0 0.0
0.0 0.0 0.0
0.0 0.0 0.0
0.0 0.0 0.0
0.0 0.0 0.0
0.0 0.0 0.0
20.096 2116708.057 0.065595989
20.207 2110987.590 0.065707543
20.319 2105271.251 0.065820875
20.431 2099559.079 0.065935991
20.544 2093851.113 0.066052895
20.657 2088147.395 0.066171592
20.771 2082447.964 0.066292087
20.885 2076752.860 0.066414385
21.000 2071062.126 0.066538492
21.115 2065375.802 0.066664413
21.230 2059693.931 0.066792154
21.346 2054016.554 0.066921721
21.463 2048343.716 0.067053119
21.580 2042675.458 0.067186355
21.697 2037011.824 0.067321435
21.815 2031352.860 0.067458365
21.934 2025698.608 0.067597152
22.053 2020049.115 0.067737802
22.172 2014404.425 0.067880322
22.292 2008764.584 0.068024720
22.413 2003129.640 0.068171001
22.534 1997499.638 0.068319174
22.656 1991874.626 0.068469246
22.778 1986254.651 0.068621223
22.900 1980639.763 0.068775115
23.024 1975030.009 0.068930927
23.147 1969425.439 0.069088668
23.272 1963826.102 0.069248347
23.397 1958232.050 0.069409970
23.522 1952643.332 0.069573547
23.648 1947060.000 0.069739085
23.775 1941482.106 0.069906593
23.902 1935909.702 0.070076079
24.029 1930342.841 0.070247553
24.158 1924781.576 0.070421022
24.287 1919225.961 0.070596495
24.416 1913676.052 0.070773983
24.546 1908131.902 0.070953493
24.677 1902593.568 0.071135034
24.808 1897061.106 0.071318617
24.940 1891534.573 0.071504250
25.072 1886014.025 0.071691943
25.205 1880499.522 0.071881705
25.339 1874991.121 0.072073547
25.473 1869488.883 0.072267477
25.608 1863992.866 0.072463506
25.744 1858503.131 0.072661644
25.880 1853019.740 0.072861900
26.017 1847542.753 0.073064285
26.154 1842072.234 0.073268809
26.293 1836608.246 0.073475482
26.431 1831150.852 0.073684314
26.571 1825700.116 0.073895317
26.711 1820256.104 0.074108500
26.852 1814818.881 0.074323873
26.993 1809388.514 0.074541449
27.135 1803965.069 0.074761236
27.278 1798548.616 0.074983247
27.422 1793139.221 0.075207491
27.566 1787736.955 0.075433979
27.711 1782341.888 0.075662724
27.857 1776954.090 0.075893734
28.003 1771573.632 0.076127022
28.150 1766200.588 0.076362598
28.298 1760835.030 0.076600474
28.447 1755477.031 0.076840660
28.596 1750126.667 0.077083167
28.746 1744784.013 0.077328008
28.897 1739449.144 0.077575192
29.048 1734122.139 0.077824731
29.201 1728803.074 0.078076636
29.354 1723492.028 0.078330919
29.508 1718189.082 0.078587590
29.662 1712894.315 0.078846660
29.818 1707607.808 0.079108142
29.974 1702329.643 0.079372045
30.131 1697059.904 0.079638381
30.289 1691798.673 0.079907162
30.448 1686546.037 0.080178397
30.607 1681302.080 0.080452099
30.767 1676066.889 0.080728278
30.928 1670840.551 0.081006945
31.090 1665623.155 0.081288110
31.253 1660414.790 0.081571786
31.417 1655215.547 0.081857982
31.581 1650025.516 0.082146708
31.746 1644844.790 0.082437977
31.913 1639673.461 0.082731797
32.080 1634511.625 0.083028180
32.248 1629359.376 0.083327135
32.416 1624216.811 0.083628674
32.586 1619084.027 0.083932805
32.757 1613961.122 0.084239538
32.928 1608848.195 0.084548884
33.101 1603745.346 0.084860852
33.274 1598652.678 0.085175452
33.448 1593570.293 0.085492692
33.624 1588498.294 0.085812582
33.800 1583436.786 0.086135130
33.977 1578385.875 0.086460346
34.155 1573345.668 0.086788237
34.334 1568316.272 0.087118812
34.514 1563297.798 0.087452080
34.695 1558290.355 0.087788047
34.877 1553294.054 0.088126722
35.060 1548309.010 0.088468111
35.244 1543335.335 0.088812221
35.428 1538373.145 0.089159060
35.614 1533422.556 0.089508633
35.801 1528483.685 0.089860947
35.989 1523556.652 0.090216008
36.178 1518641.575 0.090573820
36.368 1513738.577 0.090934389
36.559 1508847.780 0.091297719
36.752 1503969.308 0.091663815
36.945 1499103.286 0.092032680
37.139 1494249.839 0.092404319
37.334 1489409.097 0.092778733
37.531 1484581.187 0.093155926
37.728 1479766.240 0.093535900
37.927 1474964.388 0.093918656
38.127 1470175.763 0.094304195
38.328 1465400.500 0.094692518
38.530 1460638.735 0.095083626
38.733 1455890.605 0.095477517
38.937 1451156.248 0.095874190
39.142 1446435.804 0.096273644
39.349 1441729.414 0.096675877
39.556 1437037.221 0.097080886
39.765 1432359.369 0.097488667
39.975 1427696.003 0.097899215
40.186 1423047.271 0.098312527
40.399 1418413.321 0.098728597
40.612 1413794.303 0.099147417
40.827 1409190.368 0.099568982
41.043 1404601.668 0.099993283
41.260 1400028.359 0.100420312
41.479 1395470.596 0.100850059
41.698 1390928.536 0.101282514
41.919 1386402.338 0.101717666
42.141 1381892.162 0.102155503
42.365 1377398.170 0.102596011
42.590 1372920.526 0.103039177
42.816 1368459.394 0.103484987
43.043 1364014.941 0.103933424
43.271 1359587.334 0.104384471
43.501 1355176.743 0.104838111
43.732 1350783.339 0.105294324
43.964 1346407.294 0.105753092
44.198 1342048.783 0.106214392
44.433 1337707.982 0.106678202
44.669 1333385.066 0.107144500
44.907 1329080.217 0.107613260
45.146 1324793.612 0.108084456
45.386 1320525.435 0.108558063
45.628 1316275.869 0.109034051
45.871 1312045.099 0.109512390
46.116 1307833.312 0.109993051
46.361 1303640.695 0.110476001
46.609 1299467.438 0.110961205
46.857 1295313.733 0.111448630
47.107 1291179.772 0.111938239
47.358 1287065.749 0.112429993
47.611 1282971.861 0.112923854
47.865 1278898.305 0.113419781
48.121 1274845.280 0.113917731
48.378 1270812.986 0.114417660
48.636 1266801.625 0.114919524
22.990 1973169.885 0.069079526
23.021 1971765.377 0.069119221
23.051 1970380.674 0.069158491
23.081 1969015.819 0.069197327
23.111 1967670.855 0.069235724
23.140 1966345.826 0.069273675
23.169 1965040.773 0.069311174
23.197 1963755.738 0.069348215
23.225 1962490.762 0.069384791
23.252 1961245.886 0.069420897
23.280 1960021.150 0.069456526
23.306 1958816.594 0.069491672
23.332 1957632.255 0.069526331
23.358 1956468.174 0.069560495
23.384 1955324.388 0.069594159
23.409 1954200.934 0.069627317
23.433 1953097.848 0.069659965
23.457 1952015.168 0.069692095
23.481 1950952.929 0.069723704
23.504 1949911.165 0.069754785
23.527 1948889.912 0.069785333
23.549 1947889.203 0.069815343
23.571 1946909.071 0.069844810
23.592 1945949.550 0.069873729
23.613 1945010.670 0.069902095
23.634 1944092.464 0.069929903
23.654 1943194.962 0.069957148
23.674 1942318.195 0.069983826
23.693 1941462.192 0.070009932
23.712 1940626.982 0.070035462
23.730 1939812.593 0.070060411
23.748 1939019.053 0.070084775
23.765 1938246.389 0.070108549
23.782 1937494.627 0.070131730
23.798 1936763.793 0.070154314
23.814 1936053.913 0.070176296
23.830 1935365.009 0.070197673
23.845 1934697.107 0.070218442
23.859 1934050.229 0.070238598
23.873 1933424.398 0.070258138
23.887 1932819.634 0.070277059
23.900 1932235.960 0.070295357
23.913 1931673.395 0.070313029
23.925 1931131.960 0.070330073
23.936 1930611.673 0.070346484
23.948 1930112.552 0.070362261
23.958 1929634.614 0.070377401
23.969 1929177.878 0.070391900
23.978 1928742.359 0.070405757
23.988 1928328.072 0.070418969
23.996 1927935.031 0.070431534
24.005 1927563.253 0.070443449
24.012 1927212.748 0.070454712
24.020 1926883.531 0.070465322
24.026 1926575.612 0.070475277
24.033 1926289.004 0.070484575
24.039 1926023.716 0.070493214
24.044 1925779.758 0.070501192
24.049 1925557.140 0.070508510
24.053 1925355.869 0.070515164
24.057 1925175.954 0.070521154
24.060 1925017.400 0.070526480
24.063 1924880.215 0.070531140
24.066 1924764.402 0.070535133
24.068 1924669.968 0.070538458
24.069 1924596.916 0.070541116
24.070 1924545.249 0.070543106
24.070 1924514.970 0.070544427
24.070 1924506.079 0.070545079
24.070 1924518.580 0.070545063
24.068 1924552.470 0.070544378
24.067 1924607.751 0.070543024
24.065 1924684.420 0.070541002
24.062 1924782.477 0.070538312
24.059 1924901.917 0.070534955
24.056 1925042.739 0.070530931
24.051 1925204.936 0.070526242
24.047 1925388.506 0.070520887
24.042 1925593.442 0.070514868
24.036 1925819.738 0.070508187
24.030 1926067.386 0.070500844
24.024 1926336.379 0.070492841
24.017 1926626.709 0.070484179
24.009 1926938.366 0.070474860
24.001 1927271.341 0.070464886
23.993 1927625.622 0.070454258
23.984 1928001.198 0.070442979
23.974 1928398.057 0.070431050
23.964 1928816.187 0.070418473
23.954 1929255.573 0.070405252
23.943 1929716.202 0.070391388
23.932 1930198.058 0.070376884
23.920 1930701.126 0.070361743
23.908 1931225.389 0.070345967
23.895 1931770.832 0.070329559
23.881 1932337.434 0.070312523
23.868 1932925.179 0.070294860
23.853 1933534.047 0.070276575
23.839 1934164.019 0.070257671
23.823 1934815.073 0.070238150
23.808 1935487.188 0.070218018
23.792 1936180.344 0.070197276
23.775 1936894.516 0.070175930
23.758 1937629.683 0.070153982
23.740 1938385.819 0.070131437
23.722 1939162.901 0.070108299
23.704 1939960.903 0.070084571
23.685 1940779.799 0.070060259
23.665 1941619.564 0.070035366
23.645 1942480.169 0.070009896
23.625 1943361.587 0.069983855
23.604 1944263.789 0.069957247
23.583 1945186.747 0.069930076
23.561 1946130.431 0.069902348
23.539 1947094.810 0.069874066
23.517 1948079.854 0.069845237
23.494 1949085.530 0.069815865
23.470 1950111.807 0.069785956
23.446 1951158.652 0.069755514
23.422 1952226.031 0.069724545
23.397 1953313.912 0.069693054
23.372 1954422.258 0.069661046
23.346 1955551.035 0.069628528
23.320 1956700.207 0.069595505
23.294 1957869.738 0.069561982
23.267 1959059.591 0.069527966
23.240 1960269.729 0.069493461
23.212 1961500.113 0.069458475
23.184 1962750.705 0.069423013
23.155 1964021.466 0.069387081
23.126 1965312.357 0.069350685
23.097 1966623.337 0.069313832
23.067 1967954.365 0.069276527
23.037 1969305.400 0.069238778
23.006 1970676.402 0.069200589
22.975 1972067.326 0.069161969
22.943 1973478.131 0.069122923
22.912 1974908.774 0.069083458
22.879 1976359.210 0.069043580
22.847 1977829.396 0.069003296
22.814 1979319.286 0.068962614
22.780 1980828.837 0.068921539
22.747 1982358.001 0.068880079
22.713 1983906.733 0.068838240
22.678 1985474.986 0.068796029
22.643 1987062.713 0.068753454
22.608 1988669.868 0.068710521
22.572 1990296.401 0.068667237
22.536 1991942.266 0.068623610
22.500 1993607.412 0.068579647
22.463 1995291.791 0.068535354
22.426 1996995.353 0.068490740
22.389 1998718.049 0.068445811
22.351 2000459.828 0.068400574
22.313 2002220.639 0.068355037
22.275 2004000.431 0.068309208
22.236 2005799.153 0.068263093
22.197 2007616.753 0.068216700
22.157 2009453.178 0.068170037
22.117 2011308.376 0.068123111
22.077 2013182.294 0.068075930
22.037 2015074.879 0.068028500
21.996 2016986.077 0.067980831
21.955 2018915.834 0.067932928
21.913 2020864.096 0.067884800
21.872 2022830.808 0.067836455
21.830 2024815.915 0.067787899
21.787 2026819.362 0.067739142
21.745 2028841.095 0.067690189
21.702 2030881.055 0.067641050
21.658 2032939.189 0.067591732
21.615 2035015.439 0.067542241
21.571 2037109.748 0.067492588
21.527 2039222.061 0.067442777
21.482 2041352.319 0.067392819
21.438 2043500.465 0.067342720
21.393 2045666.441 0.067292488
21.347 2047850.190 0.067242131
21.302 2050051.654 0.067191657
21.256 2052270.773 0.067141073
21.210 2054507.490 0.067090388
21.164 2056761.746 0.067039608
21.117 2059033.481 0.066988742
21.070 2061322.636 0.066937798
21.023 2063629.153 0.066886783
20.975 2065952.971 0.066835706
20.928 2068294.030 0.066784573
20.880 2070652.270 0.066733393
20.832 2073027.632 0.066682173
20.783 2075420.056 0.066630922
20.735 2077829.479 0.066579647
20.686 2080255.843 0.066528355
20.637 2082699.085 0.066477055
20.587 2085159.146 0.066425754
20.538 2087635.964 0.066374461
20.488 2090129.478 0.066323182
20.438 2092639.626 0.066271925
20.388 2095166.347 0.066220699
20.337 2097709.580 0.066169511
20.287 2100269.263 0.066118368
20.236 2102845.334 0.066067279
20.185 2105437.731 0.066016251
20.133 2108046.392 0.065965291
20.082 2110671.255 0.065914407
20.030 2113312.258 0.065863608
