20.016 2112471.180 0.065926324
20.117 2107304.924 0.066027284
20.218 2102149.993 0.066129549
20.318 2097006.476 0.066233117
20.420 2091874.463 0.066337980
20.521 2086754.045 0.066444135
20.623 2081645.314 0.066551577
20.724 2076548.363 0.066660299
20.826 2071463.284 0.066770298
20.928 2066390.171 0.066881568
21.031 2061329.118 0.066994104
21.133 2056280.221 0.067107901
21.236 2051243.575 0.067222952
21.339 2046219.276 0.067339254
21.443 2041207.423 0.067456800
21.546 2036208.112 0.067575585
21.650 2031221.442 0.067695604
21.753 2026247.512 0.067816850
21.857 2021286.423 0.067939319
21.962 2016338.275 0.068063004
22.066 2011403.170 0.068187899
22.171 2006481.209 0.068313999
22.275 2001572.495 0.068441297
22.380 1996677.133 0.068569787
22.486 1991795.225 0.068699463
22.591 1986926.878 0.068830318
22.697 1982072.198 0.068962347
22.802 1977231.289 0.069095542
22.908 1972404.260 0.069229897
23.014 1967591.219 0.069365404
23.121 1962792.273 0.069502058
23.227 1958007.534 0.069639850
23.334 1953237.110 0.069778774
23.440 1948481.112 0.069918821
23.547 1943739.653 0.070059986
23.654 1939012.844 0.070202259
23.762 1934300.798 0.070345633
23.869 1929603.630 0.070490101
23.977 1924921.454 0.070635653
24.084 1920254.384 0.070782282
24.192 1915602.538 0.070929979
24.300 1910966.031 0.071078736
24.409 1906344.982 0.071228543
24.517 1901739.509 0.071379392
24.625 1897149.729 0.071531273
24.734 1892575.764 0.071684177
24.843 1888017.734 0.071838094
24.951 1883475.759 0.071993015
25.060 1878949.962 0.072148930
25.169 1874440.465 0.072305827
25.279 1869947.392 0.072463698
25.388 1865470.866 0.072622531
25.497 1861011.013 0.072782315
25.607 1856567.958 0.072943039
25.717 1852141.828 0.073104692
25.826 1847732.748 0.073267263
25.936 1843340.847 0.073430739
26.046 1838966.254 0.073595109
26.156 1834609.096 0.073760360
26.266 1830269.505 0.073926479
26.376 1825947.611 0.074093455
26.486 1821643.544 0.074261273
26.597 1817357.436 0.074429921
26.707 1813089.421 0.074599385
26.817 1808839.632 0.074769650
26.928 1804608.201 0.074940704
27.038 1800395.265 0.075112531
27.149 1796200.957 0.075285117
27.259 1792025.415 0.075458447
27.370 1787868.774 0.075632505
27.480 1783731.172 0.075807276
27.591 1779612.746 0.075982745
27.701 1775513.635 0.076158894
27.812 1771433.978 0.076335708
27.922 1767373.915 0.076513170
28.033 1763333.586 0.076691262
28.144 1759313.131 0.076869968
28.254 1755312.693 0.077049269
28.365 1751332.413 0.077229148
28.475 1747372.434 0.077409586
28.585 1743432.899 0.077590564
28.696 1739513.952 0.077772064
28.806 1735615.737 0.077954067
28.916 1731738.399 0.078136552
29.026 1727882.083 0.078319499
29.136 1724046.935 0.078502889
29.246 1720233.100 0.078686701
29.356 1716440.727 0.078870913
29.466 1712669.962 0.079055505
29.575 1708920.952 0.079240454
29.685 1705193.846 0.079425739
29.794 1701488.793 0.079611337
29.903 1697805.940 0.079797226
30.012 1694145.438 0.079983383
30.121 1690507.437 0.080169783
30.230 1686892.086 0.080356404
30.338 1683299.535 0.080543222
30.446 1679729.936 0.080730211
30.554 1676183.439 0.080917348
30.662 1672660.196 0.081104607
30.770 1669160.359 0.081291962
30.877 1665684.078 0.081479388
30.985 1662231.507 0.081666859
31.091 1658802.797 0.081854348
31.198 1655398.102 0.082041829
31.304 1652017.574 0.082229274
31.410 1648661.365 0.082416656
31.516 1645329.628 0.082603946
31.622 1642022.518 0.082791118
31.727 1638740.187 0.082978142
31.832 1635482.787 0.083164989
31.936 1632250.474 0.083351631
32.040 1629043.399 0.083538038
32.144 1625861.717 0.083724180
32.247 1622705.580 0.083910028
32.350 1619575.142 0.084095550
32.453 1616470.557 0.084280717
32.555 1613391.976 0.084465497
32.657 1610339.554 0.084649859
32.758 1607313.443 0.084833772
32.859 1604313.796 0.085017204
32.959 1601340.765 0.085200122
33.059 1598394.503 0.085382495
33.158 1595475.161 0.085564290
33.257 1592582.892 0.085745474
33.356 1589717.846 0.085926014
33.453 1586880.176 0.086105877
33.551 1584070.031 0.086285029
33.647 1581287.561 0.086463437
33.743 1578532.918 0.086641067
33.839 1575806.249 0.086817884
33.934 1573107.705 0.086993855
34.028 1570437.434 0.087168944
34.122 1567795.582 0.087343117
34.215 1565182.299 0.087516340
34.307 1562597.730 0.087688577
34.399 1560042.021 0.087859794
34.490 1557515.318 0.088029955
34.580 1555017.765 0.088199025
34.669 1552549.507 0.088366968
34.758 1550110.686 0.088533750
34.846 1547701.445 0.088699334
34.934 1545321.926 0.088863684
35.020 1542972.268 0.089026766
35.106 1540652.611 0.089188544
35.191 1538363.095 0.089348981
35.275 1536103.857 0.089508043
35.358 1533875.033 0.089665693
35.440 1531676.760 0.089821895
35.522 1529509.173 0.089976615
35.602 1527372.403 0.090129816
35.682 1525266.585 0.090281464
35.761 1523191.849 0.090431522
35.839 1521148.324 0.090579956
35.916 1519136.141 0.090726729
35.991 1517155.425 0.090871808
36.066 1515206.304 0.091015157
36.140 1513288.901 0.091156742
36.213 1511403.340 0.091296527
36.285 1509549.744 0.091434479
36.356 1507728.232 0.091570564
36.426 1505938.923 0.091704747
36.495 1504181.934 0.091836995
36.562 1502457.382 0.091967274
36.629 1500765.381 0.092095552
36.694 1499106.043 0.092221796
36.759 1497479.479 0.092345972
36.822 1495885.798 0.092468050
36.884 1494325.107 0.092587998
36.945 1492797.513 0.092705783
37.005 1491303.119 0.092821375
37.063 1489842.027 0.092934744
37.121 1488414.337 0.093045859
37.177 1487020.148 0.093154690
37.232 1485659.556 0.093261209
37.285 1484332.654 0.093365386
37.338 1483039.537 0.093467193
37.389 1481780.293 0.093566603
37.439 1480555.011 0.093663588
37.487 1479363.777 0.093758121
37.534 1478206.676 0.093850177
37.580 1477083.790 0.093939729
37.625 1475995.197 0.094026754
37.668 1474940.976 0.094111225
37.710 1473921.202 0.094193121
37.750 1472935.948 0.094272417
37.790 1471985.286 0.094349092
37.827 1471069.283 0.094423122
37.864 1470188.006 0.094494488
37.899 1469341.518 0.094563169
37.932 1468529.882 0.094629145
37.965 1467753.156 0.094692398
37.995 1467011.398 0.094752908
38.025 1466304.661 0.094810658
38.053 1465632.998 0.094865633
38.079 1464996.457 0.094917815
38.104 1464395.087 0.094967189
38.128 1463828.930 0.095013742
38.150 1463298.030 0.095057459
38.170 1462802.426 0.095098327
38.190 1462342.154 0.095136335
38.207 1461917.249 0.095171472
38.223 1461527.742 0.095203727
38.238 1461173.663 0.095233090
38.251 1460855.039 0.095259553
38.263 1460571.893 0.095283108
38.273 1460324.247 0.095303748
38.282 1460112.119 0.095321468
38.289 1459935.526 0.095336260
38.295 1459794.482 0.095348123
38.299 1459688.996 0.095357051
46.585 1294531.430 0.111719815
46.500 1295951.807 0.111552666
46.413 1297410.871 0.111381511
46.323 1298908.491 0.111206405
46.232 1300444.531 0.111027409
46.139 1302018.854 0.110844581
46.044 1303631.322 0.110657981
45.948 1305281.789 0.110467671
45.849 1306970.112 0.110273713
45.749 1308696.142 0.110076168
45.647 1310459.729 0.109875101
45.543 1312260.719 0.109670575
45.437 1314098.957 0.109462656
45.330 1315974.285 0.109251407
45.221 1317886.544 0.109036894
45.111 1319835.571 0.108819185
44.999 1321821.201 0.108598344
44.886 1323843.268 0.108374440
44.771 1325901.603 0.108147538
44.655 1327996.036 0.107917708
44.537 1330126.394 0.107685016
44.418 1332292.503 0.107449531
44.297 1334494.187 0.107211320
44.175 1336731.267 0.106970453
44.052 1339003.565 0.106726997
43.928 1341310.899 0.106481021
43.802 1343653.086 0.106232594
43.675 1346029.942 0.105981784
43.548 1348441.282 0.105728659
43.418 1350886.918 0.105473288
43.288 1353366.662 0.105215740
43.157 1355880.325 0.104956081
43.025 1358427.716 0.104694380
42.892 1361008.643 0.104430706
42.757 1363622.913 0.104165124
42.622 1366270.332 0.103897702
42.486 1368950.705 0.103628508
42.349 1371663.836 0.103357608
42.211 1374409.529 0.103085067
42.073 1377187.585 0.102810951
41.933 1379997.808 0.102535326
41.793 1382839.998 0.102258257
41.652 1385713.955 0.101979808
41.510 1388619.479 0.101700042
41.368 1391556.370 0.101419024
41.225 1394524.427 0.101136816
41.081 1397523.448 0.100853480
40.937 1400553.230 0.100569079
40.792 1403613.573 0.100283672
40.647 1406704.272 0.099997321
40.501 1409825.127 0.099710086
40.354 1412975.932 0.099422025
40.207 1416156.487 0.099133197
40.060 1419366.586 0.098843661
39.912 1422606.027 0.098553473
39.764 1425874.608 0.098262689
39.615 1429172.123 0.097971366
39.466 1432498.371 0.097679559
39.317 1435853.148 0.097387322
39.167 1439236.251 0.097094707
39.017 1442647.478 0.096801770
38.867 1446086.625 0.096508560
38.717 1449553.492 0.096215130
38.566 1453047.875 0.095921531
38.415 1456569.573 0.095627811
38.264 1460118.386 0.095334020
38.112 1463694.111 0.095040206
37.961 1467296.549 0.094746416
37.809 1470925.500 0.094452697
37.657 1474580.763 0.094159095
37.505 1478262.141 0.093865655
37.353 1481969.435 0.093572421
37.201 1485702.447 0.093279436
37.049 1489460.979 0.092986743
36.897 1493244.836 0.092694385
36.744 1497053.821 0.092402400
36.592 1500887.738 0.092110832
36.440 1504746.394 0.091819717
36.287 1508629.595 0.091529096
36.135 1512537.147 0.091239006
35.983 1516468.858 0.090949484
35.831 1520424.537 0.090660567
35.678 1524403.993 0.090372289
35.526 1528407.037 0.090084687
35.374 1532433.478 0.089797793
35.223 1536483.129 0.089511642
35.071 1540555.803 0.089226265
34.919 1544651.313 0.088941695
34.768 1548769.474 0.088657963
34.616 1552910.101 0.088375098
34.465 1557073.012 0.088093131
34.314 1561258.022 0.087812090
34.163 1565464.952 0.087532004
34.012 1569693.619 0.087252899
33.862 1573943.844 0.086974804
33.711 1578215.450 0.086697743
33.561 1582508.257 0.086421743
33.411 1586822.090 0.086146828
33.262 1591156.773 0.085873022
33.112 1595512.131 0.085600349
32.963 1599887.992 0.085328832
32.814 1604284.182 0.085058492
32.666 1608700.531 0.084789351
32.517 1613136.868 0.084521431
32.369 1617593.023 0.084254752
32.221 1622068.830 0.083989332
32.074 1626564.122 0.083725193
31.926 1631078.731 0.083462352
31.779 1635612.494 0.083200827
31.633 1640165.247 0.082940635
31.486 1644736.827 0.082681795
31.340 1649327.073 0.082424322
31.194 1653935.826 0.082168231
31.049 1658562.924 0.081913540
30.904 1663208.212 0.081660261
30.759 1667871.531 0.081408411
30.615 1672552.726 0.081158002
30.471 1677251.643 0.080909048
30.327 1681968.127 0.080661562
30.183 1686702.027 0.080415557
30.040 1691453.191 0.080171044
29.898 1696221.469 0.079928035
29.755 1701006.712 0.079686542
29.614 1705808.773 0.079446576
29.472 1710627.504 0.079208145
29.331 1715462.761 0.078971262
29.190 1720314.397 0.078735934
29.049 1725182.271 0.078502172
28.909 1730066.240 0.078269984
28.770 1734966.163 0.078039378
28.630 1739881.899 0.077810364
28.491 1744813.311 0.077582948
28.353 1749760.259 0.077357138
28.215 1754722.608 0.077132941
28.077 1759700.222 0.076910364
27.940 1764692.966 0.076689413
27.803 1769700.708 0.076470095
27.666 1774723.314 0.076252415
27.530 1779760.653 0.076036380
27.394 1784812.597 0.075821993
27.259 1789879.014 0.075609262
27.124 1794959.778 0.075398190
26.989 1800054.761 0.075188781
26.855 1805163.839 0.074981041
26.722 1810286.885 0.074774973
26.588 1815423.776 0.074570581
26.455 1820574.389 0.074367869
26.323 1825738.604 0.074166840
26.191 1830916.299 0.073967498
26.059 1836107.354 0.073769845
25.928 1841311.651 0.073573884
25.797 1846529.074 0.073379618
25.666 1851759.504 0.073187050
25.536 1857002.826 0.072996181
25.407 1862258.927 0.072807014
25.277 1867527.692 0.072619551
25.149 1872809.009 0.072433793
25.020 1878102.767 0.072249743
24.892 1883408.854 0.072067402
24.765 1888727.162 0.071886771
24.637 1894057.581 0.071707851
24.511 1899400.004 0.071530645
24.384 1904754.325 0.071355152
24.258 1910120.437 0.071181374
24.133 1915498.235 0.071009311
24.008 1920887.616 0.070838966
23.883 1926288.476 0.070670337
23.759 1931700.714 0.070503426
23.635 1937124.229 0.070338233
23.511 1942558.919 0.070174759
23.388 1948004.686 0.070013004
23.266 1953461.431 0.069852969
23.143 1958929.057 0.069694653
23.022 1964407.467 0.069538057
22.900 1969896.565 0.069383181
22.779 1975396.255 0.069230026
22.658 1980906.445 0.069078591
22.538 1986427.040 0.068928876
22.418 1991957.948 0.068780881
22.299 1997499.078 0.068634608
22.180 2003050.338 0.068490054
22.061 2008611.639 0.068347221
21.943 2014182.892 0.068206109
21.825 2019764.007 0.068066717
21.707 2025354.899 0.067929045
21.590 2030955.479 0.067793094
21.474 2036565.662 0.067658864
21.357 2042185.363 0.067526354
21.241 2047814.497 0.067395565
21.126 2053452.980 0.067266496
21.011 2059100.731 0.067139148
20.896 2064757.666 0.067013521
20.781 2070423.704 0.066889615
20.667 2076098.765 0.066767430
20.554 2081782.768 0.066646967
20.440 2087475.635 0.066528226
20.328 2093177.287 0.066411208
20.215 2098887.647 0.066295911
20.103 2104606.636 0.066182339
