20.025 2116057.997 0.065736301
20.058 2114369.194 0.065768317
20.091 2112698.281 0.065800148
20.124 2111045.302 0.065831791
20.156 2109410.301 0.065863238
20.188 2107793.319 0.065894485
20.220 2106194.399 0.065925525
20.251 2104613.584 0.065956354
20.282 2103050.915 0.065986965
20.313 2101506.432 0.066017354
20.343 2099980.178 0.066047513
20.373 2098472.193 0.066077439
20.403 2096982.516 0.066107125
20.432 2095511.188 0.066136567
20.461 2094058.249 0.066165758
20.490 2092623.736 0.066194694
20.519 2091207.689 0.066223369
20.547 2089810.146 0.066251778
20.574 2088431.144 0.066279916
20.602 2087070.722 0.066307778
20.629 2085728.916 0.066335359
20.656 2084405.763 0.066362653
20.682 2083101.298 0.066389656
20.708 2081815.558 0.066416363
20.734 2080548.578 0.066442768
20.759 2079300.392 0.066468868
20.784 2078071.035 0.066494657
20.809 2076860.542 0.066520130
20.833 2075668.945 0.066545283
20.857 2074496.277 0.066570112
20.881 2073342.572 0.066594611
20.904 2072207.860 0.066618776
20.927 2071092.175 0.066642603
20.949 2069995.546 0.066666088
20.971 2068918.006 0.066689225
20.993 2067859.583 0.066712011
21.014 2066820.307 0.066734442
21.036 2065800.209 0.066756513
21.056 2064799.316 0.066778220
21.076 2063817.657 0.066799559
21.096 2062855.260 0.066820527
21.116 2061912.151 0.066841119
21.135 2060988.358 0.066861332
21.154 2060083.907 0.066881162
21.172 2059198.823 0.066900605
21.190 2058333.132 0.066919657
21.208 2057486.858 0.066938315
21.225 2056660.025 0.066956576
21.242 2055852.657 0.066974435
21.258 2055064.778 0.066991891
21.275 2054296.409 0.067008939
21.290 2053547.572 0.067025576
21.306 2052818.290 0.067041799
21.320 2052108.582 0.067057605
21.335 2051418.470 0.067072991
21.349 2050747.972 0.067087954
21.363 2050097.109 0.067102492
21.376 2049465.899 0.067116602
21.389 2048854.360 0.067130280
21.402 2048262.510 0.067143524
21.414 2047690.365 0.067156333
21.426 2047137.942 0.067168702
21.437 2046605.258 0.067180631
21.448 2046092.326 0.067192117
21.458 2045599.163 0.067203157
21.468 2045125.781 0.067213749
21.478 2044672.195 0.067223892
21.487 2044238.418 0.067233583
21.496 2043824.461 0.067242821
21.505 2043430.338 0.067251603
21.513 2043056.058 0.067259929
21.521 2042701.633 0.067267796
21.528 2042367.073 0.067275203
21.535 2042052.386 0.067282148
21.541 2041757.583 0.067288630
21.547 2041482.671 0.067294649
21.553 2041227.658 0.067300202
21.558 2040992.551 0.067305288
21.563 2040777.356 0.067309907
21.567 2040582.080 0.067314057
21.571 2040406.728 0.067317738
21.575 2040251.303 0.067320949
21.578 2040115.812 0.067323689
21.581 2040000.256 0.067325958
21.583 2039904.638 0.067327755
21.585 2039828.962 0.067329080
21.586 2039773.229 0.067329932
21.588 2039737.439 0.067330311
21.588 2039721.594 0.067330218
21.588 2039725.692 0.067329651
21.588 2039749.735 0.067328611
21.588 2039793.719 0.067327098
21.587 2039857.643 0.067325112
21.585 2039941.505 0.067322654
21.583 2040045.301 0.067319724
21.581 2040169.028 0.067316322
21.579 2040312.681 0.067312449
21.576 2040476.255 0.067308105
21.572 2040659.746 0.067303292
21.568 2040863.145 0.067298010
21.564 2041086.448 0.067292259
21.559 2041329.647 0.067286042
21.554 2041592.733 0.067279358
21.548 2041875.698 0.067272210
21.543 2042178.533 0.067264598
21.536 2042501.228 0.067256523
21.529 2042843.773 0.067247988
21.522 2043206.157 0.067238993
21.515 2043588.369 0.067229540
21.507 2043990.396 0.067219631
21.498 2044412.226 0.067209267
21.489 2044853.845 0.067198451
21.480 2045315.240 0.067187183
21.471 2045796.396 0.067175467
21.461 2046297.299 0.067163304
21.450 2046817.932 0.067150697
21.439 2047358.280 0.067137647
21.428 2047918.326 0.067124157
21.416 2048498.052 0.067110229
21.404 2049097.441 0.067095866
21.392 2049716.475 0.067081071
21.379 2050355.134 0.067065845
21.366 2051013.399 0.067050192
21.352 2051691.249 0.067034114
21.338 2052388.665 0.067017614
21.324 2053105.625 0.067000696
21.309 2053842.107 0.066983361
21.294 2054598.090 0.066965614
21.278 2055373.549 0.066947457
21.262 2056168.463 0.066928894
21.246 2056982.806 0.066909928
21.229 2057816.555 0.066890561
21.212 2058669.685 0.066870799
21.195 2059542.170 0.066850643
21.177 2060433.984 0.066830098
21.159 2061345.101 0.066809168
21.140 2062275.493 0.066787855
21.121 2063225.134 0.066766164
21.101 2064193.995 0.066744099
21.082 2065182.047 0.066721663
21.062 2066189.262 0.066698861
21.041 2067215.611 0.066675696
21.020 2068261.062 0.066652173
20.999 2069325.586 0.066628295
20.977 2070409.151 0.066604068
20.955 2071511.727 0.066579494
20.933 2072633.280 0.066554579
20.910 2073773.780 0.066529327
20.887 2074933.193 0.066503743
20.864 2076111.485 0.066477830
20.840 2077308.622 0.066451593
20.816 2078524.572 0.066425037
20.791 2079759.298 0.066398167
20.767 2081012.766 0.066370987
20.741 2082284.940 0.066343503
20.716 2083575.785 0.066315718
20.690 2084885.263 0.066287638
20.664 2086213.338 0.066259268
20.637 2087559.972 0.066230612
20.610 2088925.128 0.066201676
20.583 2090308.768 0.066172464
20.556 2091710.853 0.066142983
20.528 2093131.345 0.066113236
20.499 2094570.203 0.066083229
20.471 2096027.389 0.066052968
20.442 2097502.862 0.066022457
20.413 2098996.581 0.065991702
20.383 2100508.506 0.065960708
20.353 2102038.596 0.065929481
20.323 2103586.809 0.065898026
20.293 2105153.102 0.065866348
20.262 2106737.435 0.065834453
20.231 2108339.763 0.065802347
20.200 2109960.044 0.065770035
20.168 2111598.235 0.065737523
20.136 2113254.291 0.065704816
20.103 2114928.169 0.065671920
20.071 2116619.825 0.065638840
20.038 2118329.213 0.065605583
20.005 2120056.289 0.065572155
3031519.057 0.025
3024230.813 0.025
3016944.879 0.026
3009661.301 0.026
3002380.123 0.026
2995101.393 0.026
2987825.159 0.026
2980551.466 0.026
2973280.364 0.026
2966011.900 0.026
2958746.122 0.027
2951483.080 0.027
2944222.823 0.027
2936965.400 0.027
2929710.862 0.027
2922459.259 0.027
2915210.641 0.027
2907965.061 0.027
2900722.570 0.028
2893483.221 0.028
2886247.064 0.028
2879014.155 0.028
2871784.546 0.028
2864558.291 0.028
2857335.444 0.028
2850116.060 0.029
2842900.195 0.029
2835687.904 0.029
2828479.243 0.029
2821274.270 0.029
2814073.040 0.029
2806875.612 0.029
2799682.044 0.030
2792492.395 0.030
2785306.722 0.030
2778125.087 0.030
2770947.549 0.030
2763774.169 0.030
2756605.008 0.030
2749440.128 0.031
2742279.590 0.031
2735123.458 0.031
2727971.795 0.031
2720824.664 0.031
2713682.131 0.031
2706544.260 0.032
2699411.116 0.032
2692282.766 0.032
2685159.276 0.032
2678040.714 0.032
2670927.147 0.032
2663818.644 0.033
2656715.275 0.033
2649617.108 0.033
2642524.214 0.033
2635436.664 0.033
2628354.530 0.033
2621277.883 0.034
2614206.797 0.034
2607141.345 0.034
2600081.602 0.034
2593027.642 0.034
2585979.540 0.035
2578937.374 0.035
2571901.219 0.035
2564871.154 0.035
2557847.257 0.035
2550829.607 0.036
2543818.283 0.036
2536813.367 0.036
2529814.938 0.036
2522823.081 0.036
2515837.876 0.036
2508859.408 0.037
2501887.761 0.037
2494923.020 0.037
2487965.270 0.037
2481014.599 0.038
2474071.094 0.038
2467134.844 0.038
2460205.936 0.038
2453284.462 0.038
2446370.512 0.039
2439464.178 0.039
2432565.552 0.039
2425674.727 0.039
2418791.798 0.039
2411916.860 0.040
2405050.009 0.040
2398191.342 0.040
2391340.956 0.040
2384498.951 0.041
2377665.426 0.041
2370840.483 0.041
2364024.221 0.041
2357216.745 0.041
2350418.157 0.042
2343628.562 0.042
2336848.067 0.042
2330076.776 0.042
2323314.799 0.043
2316562.243 0.043
2309819.218 0.043
2303085.835 0.043
2296362.205 0.044
2289648.442 0.044
2282944.659 0.044
2276250.971 0.044
2269567.495 0.045
2262894.348 0.045
2256231.647 0.045
2249579.513 0.045
2242938.066 0.046
2236307.428 0.046
2229687.722 0.046
2223079.072 0.046
2216481.603 0.047
2209895.441 0.047
2203320.716 0.047
2196757.555 0.048
2190206.089 0.048
2183666.449 0.048
2177138.768 0.048
2170623.180 0.049
2164119.820 0.049
2157628.826 0.049
2151150.334 0.050
2144684.484 0.050
2138231.417 0.050
2131791.274 0.050
2125364.200 0.051
2118950.337 0.051
2112549.833 0.051
2106162.835 0.052
2099789.491 0.052
2093429.952 0.052
2087084.369 0.053
2080752.896 0.053
2074435.688 0.053
2068132.899 0.054
2061844.687 0.054
2055571.212 0.054
2049312.634 0.054
2043069.115 0.055
2036840.818 0.055
2030627.909 0.055
2024430.553 0.056
2018248.919 0.056
2012083.176 0.056
2005933.497 0.057
1999800.053 0.057
1993683.019 0.057
1987582.570 0.058
1981498.886 0.058
1975432.144 0.058
1969382.525 0.059
1963350.213 0.059
1957335.391 0.060
1951338.245 0.060
1945358.962 0.060
1939397.732 0.061
1933454.746 0.061
1927530.196 0.061
1921624.276 0.062
1915737.182 0.062
1909869.112 0.062
1904020.265 0.063
1898190.843 0.063
1892381.047 0.064
1886591.084 0.064
1880821.158 0.064
1875071.479 0.065
1869342.255 0.065
1863633.699 0.065
1857946.024 0.066
1852279.445 0.066
1846634.179 0.067
1841010.444 0.067
1835408.462 0.067
1829828.453 0.068
1824270.643 0.068
1818735.256 0.069
1813222.521 0.069
1807732.666 0.069
1802265.923 0.070
1796822.525 0.070
1791402.706 0.071
1786006.702 0.071
1780634.752 0.071
1775287.095 0.072
1769963.973 0.072
1764665.630 0.073
1759392.310 0.073
1754144.260 0.074
1748921.729 0.074
1743724.967 0.074
1738554.225 0.075
1733409.758 0.075
1728291.820 0.076
1723200.668 0.076
1718136.562 0.077
1713099.760 0.077
1708090.525 0.077
1703109.120 0.078
1698155.809 0.078
1693230.860 0.079
1688334.539 0.079
1683467.117 0.080
1678628.865 0.080
1673820.054 0.080
1669040.958 0.081
1664291.852 0.081
1659573.014 0.082
1654884.720 0.082
1650227.249 0.083
1645600.883 0.083
1641005.903 0.084
1636442.591 0.084
1631911.231 0.084
1627412.109 0.085
1622945.510 0.085
1618511.721 0.086
1614111.032 0.086
1609743.730 0.087
1605410.105 0.087
1601110.450 0.088
1596845.054 0.088
1592614.211 0.088
1588418.213 0.089
1584257.355 0.089
1580131.929 0.090
1576042.232 0.090
1571988.558 0.091
1567971.203 0.091
1563990.462 0.092
1560046.633 0.092
1556140.011 0.092
1552270.893 0.093
1548439.575 0.093
1544646.355 0.094
1540891.528 0.094
1537175.392 0.095
1533498.241 0.095
1529860.373 0.096
1526262.082 0.096
1522703.663 0.096
1519185.411 0.097
1515707.620 0.097
1512270.582 0.098
1508874.590 0.098
1505519.935 0.098
1502206.908 0.099
1498935.797 0.099
1495706.892 0.100
1492520.478 0.100
1489376.841 0.101
1486276.265 0.101
1483219.033 0.101
1480205.425 0.102
1477235.720 0.102
1474310.196 0.102
1471429.128 0.103
1468592.789 0.103
1465801.449 0.104
1463055.378 0.104
1460354.842 0.104
4939479.687 0.010
4933619.396 0.010
4927761.691 0.010
4921906.603 0.010
4916054.167 0.010
4910204.414 0.010
4904357.378 0.010
4898513.091 0.010
4892671.588 0.010
4886832.900 0.010
4880997.062 0.010
4875164.108 0.010
4869334.070 0.010
4863506.982 0.010
4857682.879 0.010
4851861.794 0.010
4846043.762 0.010
4840228.816 0.010
4834416.991 0.010
4828608.322 0.010
4822802.843 0.010
4817000.589 0.010
4811201.594 0.010
4805405.894 0.010
4799613.523 0.010
4793824.517 0.010
4788038.912 0.010
4782256.741 0.010
4776478.042 0.010
4770702.850 0.010
4764931.200 0.010
4759163.128 0.010
4753398.671 0.010
4747637.865 0.010
4741880.745 0.010
4736127.349 0.010
4730377.713 0.010
4724631.874 0.010
4718889.868 0.011
4713151.732 0.011
4707417.503 0.011
4701687.220 0.011
4695960.918 0.011
4690238.635 0.011
4684520.409 0.011
4678806.278 0.011
4673096.279 0.011
4667390.450 0.011
4661688.830 0.011
4655991.456 0.011
4650298.368 0.011
4644609.602 0.011
4638925.199 0.011
4633245.197 0.011
4627569.634 0.011
4621898.550 0.011
4616231.984 0.011
4610569.975 0.011
4604912.562 0.011
4599259.786 0.011
4593611.685 0.011
4587968.299 0.011
4582329.669 0.011
4576695.835 0.011
4571066.836 0.011
4565442.714 0.011
4559823.508 0.011
4554209.259 0.011
4548600.008 0.011
4542995.796 0.011
4537396.664 0.011
4531802.653 0.011
4526213.804 0.011
4520630.159 0.011
4515051.760 0.011
4509478.647 0.012
4503910.864 0.012
4498348.452 0.012
4492791.453 0.012
4487239.909 0.012
4481693.863 0.012
4476153.358 0.012
4470618.436 0.012
4465089.140 0.012
4459565.513 0.012
4454047.598 0.012
4448535.439 0.012
4443029.078 0.012
4437528.560 0.012
4432033.927 0.012
4426545.225 0.012
4421062.497 0.012
4415585.787 0.012
4410115.139 0.012
4404650.598 0.012
4399192.208 0.012
4393740.015 0.012
4388294.062 0.012
4382854.395 0.012
4377421.059 0.012
4371994.100 0.012
4366573.562 0.012
4361159.492 0.012
4355751.935 0.012
4350350.936 0.012
4344956.543 0.012
4339568.801 0.012
4334187.756 0.012
4328813.455 0.012
4323445.944 0.013
4318085.271 0.013
4312731.482 0.013
4307384.624 0.013
4302044.744 0.013
4296711.890 0.013
4291386.109 0.013
4286067.449 0.013
4280755.957 0.013
4275451.681 0.013
4270154.670 0.013
4264864.972 0.013
4259582.635 0.013
4254307.707 0.013
4249040.238 0.013
4243780.276 0.013
4238527.869 0.013
4233283.067 0.013
4228045.920 0.013
4222816.476 0.013
4217594.786 0.013
4212380.898 0.013
4207174.863 0.013
4201976.731 0.013
4196786.551 0.013
4191604.374 0.013
4186430.251 0.013
4181264.231 0.013
4176106.366 0.013
4170956.707 0.013
4165815.304 0.013
4160682.208 0.014
4155557.471 0.014
4150441.145 0.014
4145333.280 0.014
4140233.929 0.014
4135143.143 0.014
4130060.974 0.014
4124987.475 0.014
4119922.698 0.014
4114866.695 0.014
4109819.518 0.014
4104781.221 0.014
4099751.856 0.014
4094731.477 0.014
4089720.136 0.014
4084717.886 0.014
4079724.782 0.014
4074740.876 0.014
4069766.222 0.014
4064800.874 0.014
4059844.887 0.014
4054898.314 0.014
4049961.209 0.014
4045033.626 0.014
4040115.621 0.014
4035207.248 0.014
4030308.562 0.014
4025419.617 0.014
4020540.469 0.014
4015671.173 0.014
4010811.784 0.015
4005962.357 0.015
4001122.949 0.015
3996293.615 0.015
3991474.410 0.015
3986665.391 0.015
3981866.614 0.015
3977078.134 0.015
3972300.009 0.015
3967532.295 0.015
3962775.049 0.015
3958028.326 0.015
3953292.185 0.015
3948566.681 0.015
3943851.873 0.015
3939147.817 0.015
3934454.570 0.015
3929772.191 0.015
3925100.736 0.015
3920440.264 0.015
3915790.832 0.015
3911152.498 0.015
3906525.320 0.015
3901909.357 0.015
3897304.666 0.015
3892711.306 0.015
3888129.335 0.015
3883558.813 0.015
3878999.797 0.016
3874452.347 0.016
3869916.521 0.016
3865392.379 0.016
3860879.980 0.016
3856379.382 0.016
3851890.645 0.016
3847413.829 0.016
3842948.994 0.016
3838496.198 0.016
3834055.501 0.016
3829626.964 0.016
3825210.646 0.016
3820806.607 0.016
3816414.907 0.016
3812035.607 0.016
3807668.766 0.016
3803314.446 0.016
3798972.706 0.016
3794643.606 0.016
3790327.209 0.016
3786023.574 0.016
3781732.761 0.016
3777454.833 0.016
3773189.849 0.016
3768937.871 0.016
3764698.959 0.016
3760473.175 0.017
3756260.581 0.017
3752061.236 0.017
3747875.203 0.017
3743702.542 0.017
3739543.316 0.017
3735397.586 0.017
3731265.413 0.017
3727146.858 0.017
3723041.984 0.017
3718950.853 0.017
3714873.525 0.017
3710810.063 0.017
3706760.528 0.017
3702724.982 0.017
3698703.488 0.017
3694696.107 0.017
3690702.901 0.017
3686723.931 0.017
3682759.261 0.017
3678808.953 0.017
3674873.067 0.017
3670951.667 0.017
3667044.814 0.017
3663152.571 0.017
3659274.999 0.017
3655412.161 0.017
3651564.120 0.017
3647730.936 0.018
3643912.673 0.018
3640109.393 0.018
3636321.157 0.018
3632548.028 0.018
3628790.069 0.018
3625047.340 0.018
3621319.906 0.018
3617607.827 0.018
3613911.165 0.018
3610229.984 0.018
3606564.344 0.018
3602914.308 0.018
3599279.939 0.018
3595661.297 0.018
3592058.445 0.018
3588471.446 0.018
3584900.360 0.018
3581345.250 0.018
3577806.177 0.018
3574283.204 0.018
3570776.392 0.018
3567285.802 0.018
3563811.496 0.018
3560353.536 0.018
3556911.984 0.018
3553486.900 0.018
3550078.346 0.019
3546686.383 0.019
3543311.072 0.019
3539952.475 0.019
3536610.653 0.019
3533285.665 0.019
3529977.574 0.019
3526686.440 0.019
3523412.324 0.019
3520155.286 0.019
3516915.386 0.019
3513692.686 0.019
3510487.245 0.019
3507299.122 0.019
3504128.380 0.019
3500975.076 0.019
3497839.271 0.019
3494721.025 0.019
3491620.397 0.019
3488537.446 0.019
3485472.231 0.019
3482424.813 0.019
3479395.248 0.019
3476383.597 0.019
3473389.918 0.019
3470414.269 0.019
3467456.709 0.019
3464517.295 0.019
3461596.087 0.019
3458693.140 0.019
3455808.514 0.020
3452942.265 0.020
3450094.451 0.020
3447265.129 0.020
3444454.356 0.020
3441662.187 0.020
3438888.681 0.020
3436133.892 0.020
3433397.878 0.020
3430680.693 0.020
3427982.394 0.020
3425303.035 0.020
3422642.673 0.020
3420001.362 0.020
3417379.156 0.020
3414776.110 0.020
3412192.279 0.020
3409627.717 0.020
3407082.476 0.020
3404556.611 0.020
3402050.175 0.020
3399563.220 0.020
3397095.800 0.020
3394647.967 0.020
3392219.774 0.020
24.183 1917897.207 0.070802394
24.133 1920096.260 0.070732378
24.082 1922314.208 0.070662113
24.030 1924550.982 0.070591608
23.978 1926806.516 0.070520873
23.926 1929080.739 0.070449920
23.874 1931373.583 0.070378756
23.821 1933684.980 0.070307393
23.768 1936014.861 0.070235841
23.715 1938363.154 0.070164108
23.662 1940729.792 0.070092206
23.608 1943114.705 0.070020143
23.554 1945517.821 0.069947930
23.499 1947939.072 0.069875577
23.445 1950378.387 0.069803092
23.390 1952835.694 0.069730487
23.334 1955310.924 0.069657771
23.279 1957804.006 0.069584953
23.223 1960314.869 0.069512043
23.167 1962843.440 0.069439051
23.111 1965389.650 0.069365987
23.054 1967953.427 0.069292860
22.997 1970534.699 0.069219679
22.940 1973133.394 0.069146455
22.883 1975749.442 0.069073196
22.826 1978382.769 0.068999912
22.768 1981033.305 0.068926613
22.710 1983700.976 0.068853308
22.652 1986385.711 0.068780006
22.593 1989087.439 0.068706717
22.535 1991806.086 0.068633450
22.476 1994541.580 0.068560214
22.417 1997293.849 0.068487018
22.357 2000062.820 0.068413872
22.298 2002848.422 0.068340785
22.238 2005650.582 0.068267765
22.178 2008469.227 0.068194822
22.118 2011304.284 0.068121965
22.058 2014155.682 0.068049203
21.998 2017023.348 0.067976545
21.937 2019907.209 0.067903999
21.876 2022807.192 0.067831574
21.815 2025723.226 0.067759280
21.754 2028655.238 0.067687125
21.693 2031603.155 0.067615117
21.631 2034566.905 0.067543266
21.569 2037546.415 0.067471579
21.508 2040541.614 0.067400066
21.446 2043552.428 0.067328735
21.383 2046578.786 0.067257595
21.321 2049620.616 0.067186653
21.259 2052677.844 0.067115919
21.196 2055750.400 0.067045400
21.133 2058838.211 0.066975106
21.071 2061941.205 0.066905043
21.008 2065059.310 0.066835221
20.944 2068192.455 0.066765648
20.881 2071340.568 0.066696331
20.818 2074503.577 0.066627279
20.754 2077681.410 0.066558500
20.691 2080873.997 0.066490002
20.627 2084081.266 0.066421792
20.563 2087303.146 0.066353879
20.499 2090539.565 0.066286270
20.435 2093790.454 0.066218974
20.371 2097055.740 0.066151997
20.306 2100335.354 0.066085349
20.242 2103629.224 0.066019036
20.177 2106937.280 0.065953066
20.113 2110259.453 0.065887447
20.048 2113595.671 0.065822186
