20.001 2107155.745 0.066213280
20.112 2101443.437 0.066325856
20.224 2095739.779 0.066440149
20.336 2090044.847 0.066556159
20.449 2084358.720 0.066673886
20.561 2078681.477 0.066793328
20.675 2073013.196 0.066914485
20.788 2067353.959 0.067037358
20.902 2061703.846 0.067161944
21.017 2056062.940 0.067288245
21.132 2050431.323 0.067416260
21.247 2044809.078 0.067545988
21.362 2039196.289 0.067677430
21.478 2033593.042 0.067810584
21.594 2027999.421 0.067945452
21.711 2022415.514 0.068082032
21.828 2016841.407 0.068220325
21.946 2011277.188 0.068360331
22.063 2005722.947 0.068502049
22.182 2000178.773 0.068645478
22.300 1994644.756 0.068790620
22.419 1989120.987 0.068937474
22.539 1983607.559 0.069086039
22.659 1978104.565 0.069236315
22.779 1972612.098 0.069388303
22.899 1967130.253 0.069542001
23.020 1961659.126 0.069697410
23.142 1956198.812 0.069854530
23.263 1950749.409 0.070013359
23.386 1945311.015 0.070173897
23.508 1939883.729 0.070336144
23.631 1934467.651 0.070500100
23.754 1929062.882 0.070665763
23.878 1923669.522 0.070833134
24.002 1918287.676 0.071002210
24.127 1912917.446 0.071172992
24.252 1907558.936 0.071345478
24.377 1902212.253 0.071519667
24.503 1896877.502 0.071695559
24.629 1891554.790 0.071873152
24.756 1886244.226 0.072052444
24.883 1880945.919 0.072233434
25.010 1875659.979 0.072416121
25.138 1870386.516 0.072600502
25.266 1865125.644 0.072786577
25.395 1859877.475 0.072974342
25.524 1854642.123 0.073163796
25.653 1849419.702 0.073354936
25.783 1844210.330 0.073547760
25.913 1839014.123 0.073742265
26.044 1833831.199 0.073938449
26.175 1828661.677 0.074136308
26.306 1823505.677 0.074335839
26.438 1818363.320 0.074537038
26.570 1813234.729 0.074739903
26.703 1808120.026 0.074944429
26.836 1803019.336 0.075150612
26.969 1797932.784 0.075358448
27.103 1792860.497 0.075567933
27.237 1787802.601 0.075779061
27.371 1782759.225 0.075991828
27.506 1777730.499 0.076206228
27.642 1772716.554 0.076422255
27.777 1767717.520 0.076639905
27.913 1762733.531 0.076859171
28.050 1757764.721 0.077080046
28.187 1752811.225 0.077302524
28.324 1747873.178 0.077526598
28.462 1742950.718 0.077752261
28.600 1738043.982 0.077979504
28.738 1733153.111 0.078208320
28.877 1728278.245 0.078438701
29.016 1723419.526 0.078670638
29.155 1718577.095 0.078904122
29.295 1713751.098 0.079139143
29.435 1708941.678 0.079375692
29.576 1704148.982 0.079613758
29.717 1699373.157 0.079853331
29.858 1694614.351 0.080094401
29.999 1689872.715 0.080336955
30.141 1685148.397 0.080580982
30.284 1680441.550 0.080826469
30.426 1675752.328 0.081073404
30.569 1671080.882 0.081321774
30.712 1666427.370 0.081571565
30.856 1661791.946 0.081822764
31.000 1657174.769 0.082075354
31.144 1652575.996 0.082329322
31.288 1647995.788 0.082584652
31.433 1643434.304 0.082841328
31.578 1638891.706 0.083099333
31.724 1634368.158 0.083358650
31.869 1629863.824 0.083619261
32.015 1625378.868 0.083881149
32.161 1620913.457 0.084144294
32.308 1616467.757 0.084408677
32.454 1612041.939 0.084674279
32.601 1607636.169 0.084941078
32.749 1603250.621 0.085209054
32.896 1598885.464 0.085478184
33.044 1594540.872 0.085748447
33.192 1590217.018 0.086019820
33.340 1585914.077 0.086292279
33.488 1581632.226 0.086565799
33.636 1577371.640 0.086840357
33.785 1573132.498 0.087115926
27.715 1768598.212 0.076641697
27.668 1770338.989 0.076565989
27.620 1772107.125 0.076489370
27.571 1773902.536 0.076411857
27.522 1775725.139 0.076333465
27.472 1777574.847 0.076254211
27.421 1779451.575 0.076174110
27.370 1781355.235 0.076093179
27.318 1783285.740 0.076011435
27.266 1785243.000 0.075928893
27.213 1787226.927 0.075845570
27.159 1789237.429 0.075761484
27.105 1791274.416 0.075676650
27.050 1793337.794 0.075591085
26.995 1795427.472 0.075504807
26.939 1797543.356 0.075417831
26.883 1799685.351 0.075330176
26.826 1801853.363 0.075241857
26.768 1804047.294 0.075152893
26.710 1806267.050 0.075063299
26.652 1808512.533 0.074973094
26.593 1810783.644 0.074882293
26.533 1813080.286 0.074790914
26.473 1815402.360 0.074698975
26.413 1817749.766 0.074606492
26.352 1820122.403 0.074513482
26.290 1822520.171 0.074419963
26.228 1824942.969 0.074325952
26.166 1827390.695 0.074231465
26.103 1829863.246 0.074136520
26.040 1832360.520 0.074041134
25.976 1834882.412 0.073945323
25.911 1837428.821 0.073849105
25.847 1839999.640 0.073752498
25.782 1842594.766 0.073655517
25.716 1845214.094 0.073558179
25.650 1847857.518 0.073460502
25.584 1850524.932 0.073362503
25.517 1853216.231 0.073264197
25.450 1855931.307 0.073165602
25.382 1858670.054 0.073066735
25.314 1861432.364 0.072967612
25.246 1864218.131 0.072868249
25.177 1867027.247 0.072768664
25.108 1869859.603 0.072668872
25.039 1872715.091 0.072568890
24.969 1875593.603 0.072468733
24.899 1878495.031 0.072368420
24.829 1881419.265 0.072267964
24.758 1884366.197 0.072167383
24.687 1887335.716 0.072066693
24.616 1890327.715 0.071965908
24.544 1893342.083 0.071865046
24.472 1896378.710 0.071764122
24.400 1899437.487 0.071663151
24.327 1902518.305 0.071562149
24.254 1905621.052 0.071461131
24.181 1908745.620 0.071360113
24.108 1911891.897 0.071259109
24.034 1915059.774 0.071158136
23.960 1918249.141 0.071057208
23.886 1921459.888 0.070956340
23.811 1924691.904 0.070855546
23.737 1927945.079 0.070754843
23.662 1931219.303 0.070654243
23.587 1934514.466 0.070553762
23.511 1937830.457 0.070453415
23.436 1941167.168 0.070353215
23.360 1944524.486 0.070253176
23.284 1947902.304 0.070153313
23.207 1951300.510 0.070053641
23.131 1954718.996 0.069954171
23.054 1958157.651 0.069854920
22.977 1961616.366 0.069755899
22.900 1965095.031 0.069657123
22.823 1968593.538 0.069558606
22.746 1972111.776 0.069460359
22.668 1975649.638 0.069362398
22.590 1979207.015 0.069264734
22.513 1982783.796 0.069167382
22.435 1986379.876 0.069070353
22.356 1989995.144 0.068973661
22.278 1993629.493 0.068877318
22.199 1997282.815 0.068781337
22.121 2000955.003 0.068685730
22.042 2004645.949 0.068590510
21.963 2008355.546 0.068495689
21.884 2012083.686 0.068401280
21.805 2015830.264 0.068307294
21.726 2019595.173 0.068213743
21.647 2023378.306 0.068120639
21.567 2027179.558 0.068027994
21.487 2030998.823 0.067935819
21.408 2034835.996 0.067844127
21.328 2038690.972 0.067752928
21.248 2042563.646 0.067662234
21.168 2046453.913 0.067572056
21.088 2050361.670 0.067482406
21.008 2054286.813 0.067393294
20.928 2058229.237 0.067304732
20.848 2062188.841 0.067216730
20.768 2066165.521 0.067129299
20.687 2070159.174 0.067042451
20.607 2074169.699 0.066956194
20.526 2078196.993 0.066870541
20.446 2082240.956 0.066785502
20.365 2086301.486 0.066701086
20.285 2090378.482 0.066617305
20.204 2094471.845 0.066534168
20.123 2098581.473 0.066451686
20.043 2102707.268 0.066369869
