20.080 2106929.619 0.066102818
20.196 2100998.881 0.066219540
20.313 2095074.673 0.066338170
20.430 2089157.056 0.066458710
20.548 2083246.093 0.066581162
20.666 2077341.848 0.066705531
20.785 2071444.383 0.066831818
20.904 2065553.763 0.066960028
21.024 2059670.053 0.067090163
21.144 2053793.318 0.067222227
21.265 2047923.625 0.067356224
21.386 2042061.040 0.067492157
21.507 2036205.631 0.067630030
21.630 2030357.466 0.067769847
21.752 2024516.614 0.067911611
21.875 2018683.145 0.068055328
21.999 2012857.128 0.068201001
22.123 2007038.635 0.068348634
22.247 2001227.737 0.068498232
22.373 1995424.508 0.068649799
22.498 1989629.019 0.068803340
22.624 1983841.345 0.068958859
22.751 1978061.561 0.069116361
22.878 1972289.741 0.069275851
23.006 1966525.962 0.069437334
23.134 1960770.302 0.069600814
23.263 1955022.836 0.069766297
23.392 1949283.645 0.069933788
23.522 1943552.807 0.070103291
23.652 1937830.403 0.070274811
23.783 1932116.513 0.070448355
23.914 1926411.219 0.070623926
24.046 1920714.603 0.070801531
24.179 1915026.749 0.070981175
24.312 1909347.741 0.071162862
24.446 1903677.664 0.071346598
24.580 1898016.605 0.071532389
24.715 1892364.649 0.071720240
24.850 1886721.884 0.071910156
24.986 1881088.400 0.072102142
25.122 1875464.285 0.072296205
25.259 1869849.630 0.072492348
25.397 1864244.527 0.072690579
25.535 1858649.067 0.072890901
25.674 1853063.343 0.073093320
25.814 1847487.450 0.073297842
25.953 1841921.483 0.073504472
26.094 1836365.537 0.073713215
26.235 1830819.710 0.073924075
26.377 1825284.100 0.074137059
26.519 1819758.805 0.074352171
26.662 1814243.927 0.074569417
26.806 1808739.564 0.074788800
26.950 1803245.820 0.075010327
27.095 1797762.798 0.075234001
27.240 1792290.602 0.075459828
27.387 1786829.336 0.075687811
27.533 1781379.107 0.075917956
27.681 1775940.022 0.076150267
27.828 1770512.190 0.076384748
27.977 1765095.719 0.076621403
28.126 1759690.721 0.076860236
28.276 1754297.307 0.077101251
28.427 1748915.589 0.077344451
28.578 1743545.683 0.077589841
28.729 1738187.701 0.077837423
28.882 1732841.761 0.078087201
29.035 1727507.981 0.078339177
29.189 1722186.477 0.078593355
29.343 1716877.371 0.078849737
29.498 1711580.782 0.079108325
29.654 1706296.834 0.079369121
29.810 1701025.648 0.079632128
29.967 1695767.350 0.079897348
30.125 1690522.065 0.080164781
30.283 1685289.920 0.080434428
30.442 1680071.044 0.080706291
30.602 1674865.565 0.080980371
30.762 1669673.614 0.081256667
30.923 1664495.323 0.081535179
31.085 1659330.825 0.081815908
31.248 1654180.255 0.082098852
31.411 1649043.749 0.082384011
31.575 1643921.443 0.082671383
31.739 1638813.477 0.082960967
31.904 1633719.989 0.083252760
32.070 1628641.120 0.083546760
32.236 1623577.014 0.083842964
32.404 1618527.814 0.084141369
32.572 1613493.665 0.084441971
32.740 1608474.713 0.084744766
32.909 1603471.106 0.085049749
33.079 1598482.994 0.085356915
33.250 1593510.526 0.085666258
33.421 1588553.856 0.085977773
33.594 1583613.136 0.086291453
33.766 1578688.521 0.086607291
33.940 1573780.167 0.086925278
34.114 1568888.233 0.087245407
34.289 1564012.876 0.087567669
34.464 1559154.258 0.087892054
34.640 1554312.540 0.088218553
34.817 1549487.885 0.088547154
34.995 1544680.459 0.088877847
35.173 1539890.428 0.089210619
35.352 1535117.958 0.089545458
35.532 1530363.221 0.089882350
35.712 1525626.385 0.090221282
35.893 1520907.623 0.090562238
36.075 1516207.109 0.090905204
36.257 1511525.017 0.091250162
36.440 1506861.525 0.091597096
36.624 1502216.809 0.091945988
36.808 1497591.050 0.092296819
36.993 1492984.427 0.092649571
37.179 1488397.125 0.093004221
37.365 1483829.325 0.093360750
37.552 1479281.214 0.093719135
37.739 1474752.978 0.094079353
37.928 1470244.806 0.094441380
38.117 1465756.886 0.094805192
38.306 1461289.411 0.095170763
38.496 1456842.572 0.095538065
38.687 1452416.565 0.095907071
38.878 1448011.583 0.096277753
39.070 1443627.824 0.096650080
39.263 1439265.487 0.097024021
39.456 1434924.770 0.097399545
39.650 1430605.876 0.097776619
39.844 1426309.006 0.098155209
40.039 1422034.365 0.098535278
40.234 1417782.158 0.098916792
40.430 1413552.592 0.099299712
40.627 1409345.874 0.099684000
40.824 1405162.214 0.100069616
41.022 1401001.823 0.100456519
41.220 1396864.912 0.100844667
41.418 1392751.696 0.101234016
41.617 1388662.388 0.101624521
41.817 1384597.205 0.102016137
42.017 1380556.363 0.102408816
42.217 1376540.082 0.102802510
42.418 1372548.580 0.103197169
42.619 1368582.078 0.103592742
42.821 1364640.798 0.103989176
43.023 1360724.964 0.104386418
43.225 1356834.799 0.104784412
43.428 1352970.528 0.105183102
43.631 1349132.379 0.105582431
43.834 1345320.577 0.105982338
44.038 1341535.352 0.106382764
44.242 1337776.933 0.106783647
44.446 1334045.549 0.107184923
44.650 1330341.433 0.107586528
44.855 1326664.816 0.107988395
45.060 1323015.930 0.108390457
45.265 1319395.010 0.108792646
45.470 1315802.290 0.109194890
45.675 1312238.005 0.109597119
45.880 1308702.391 0.109999260
46.086 1305195.684 0.110401237
46.291 1301718.121 0.110802976
46.497 1298269.939 0.111204398
46.702 1294851.377 0.111605427
46.907 1291462.674 0.112005981
47.113 1288104.067 0.112405979
47.318 1284775.797 0.112805340
47.523 1281478.102 0.113203978
47.728 1278211.223 0.113601810
47.932 1274975.399 0.113998748
48.137 1271770.872 0.114394705
48.341 1268597.880 0.114789592
48.545 1265456.664 0.115183318
48.748 1262347.464 0.115575794
48.951 1259270.520 0.115966925
49.154 1256226.073 0.116356618
49.356 1253214.362 0.116744778
49.557 1250235.625 0.117131310
49.758 1247290.103 0.117516117
49.959 1244378.034 0.117899100
50.159 1241499.656 0.118280162
50.358 1238655.206 0.118659200
50.556 1235844.922 0.119036116
50.754 1233069.039 0.119410808
45.697 1312113.633 0.109602444
45.591 1313973.753 0.109391522
45.483 1315869.741 0.109177429
45.373 1317801.440 0.108960228
45.262 1319768.693 0.108739983
45.150 1321771.338 0.108516759
45.036 1323809.213 0.108290622
44.920 1325882.154 0.108061636
44.803 1327989.994 0.107829866
44.685 1330132.566 0.107595379
44.566 1332309.701 0.107358241
44.445 1334521.226 0.107118516
44.323 1336766.969 0.106876272
44.200 1339046.756 0.106631575
44.075 1341360.412 0.106384490
43.949 1343707.758 0.106135083
43.823 1346088.617 0.105883421
43.695 1348502.809 0.105629570
43.566 1350950.153 0.105373596
43.436 1353430.466 0.105115563
43.305 1355943.566 0.104855538
43.173 1358489.267 0.104593586
43.040 1361067.385 0.104329771
42.906 1363677.734 0.104064160
42.771 1366320.125 0.103796815
42.635 1368994.371 0.103527802
42.499 1371700.284 0.103257184
42.362 1374437.672 0.102985024
42.224 1377206.347 0.102711386
42.085 1380006.117 0.102436332
41.945 1382836.790 0.102159923
41.805 1385698.174 0.101882223
41.664 1388590.077 0.101603292
41.522 1391512.305 0.101323190
41.380 1394464.666 0.101041978
41.237 1397446.965 0.100759716
41.094 1400459.007 0.100476461
40.950 1403500.599 0.100192274
40.805 1406571.546 0.099907211
40.660 1409671.653 0.099621330
40.515 1412800.724 0.099334687
40.369 1415958.566 0.099047338
40.223 1419144.981 0.098759339
40.076 1422359.777 0.098470744
39.929 1425602.756 0.098181607
39.781 1428873.725 0.097891982
39.633 1432172.488 0.097601920
39.485 1435498.850 0.097311474
39.337 1438852.616 0.097020695
39.188 1442233.592 0.096729634
39.039 1445641.584 0.096438339
38.890 1449076.397 0.096146860
38.740 1452537.839 0.095855245
38.590 1456025.715 0.095563542
38.441 1459539.832 0.095271797
38.290 1463079.998 0.094980056
38.140 1466646.021 0.094688364
37.990 1470237.709 0.094396767
37.839 1473854.871 0.094105306
37.689 1477497.316 0.093814027
37.538 1481164.854 0.093522970
37.387 1484857.295 0.093232177
37.237 1488574.450 0.092941689
37.086 1492316.130 0.092651545
36.935 1496082.149 0.092361785
36.784 1499872.319 0.092072447
36.633 1503686.452 0.091783569
36.482 1507524.365 0.091495188
36.331 1511385.871 0.091207340
36.181 1515270.786 0.090920059
36.030 1519178.927 0.090633382
35.879 1523110.111 0.090347341
35.729 1527064.156 0.090061971
35.578 1531040.880 0.089777302
35.428 1535040.105 0.089493369
35.277 1539061.649 0.089210200
35.127 1543105.335 0.088927827
34.977 1547170.985 0.088646280
34.827 1551258.422 0.088365587
34.677 1555367.470 0.088085776
34.528 1559497.953 0.087806875
34.378 1563649.699 0.087528912
34.229 1567822.533 0.087251912
34.080 1572016.284 0.086975900
33.931 1576230.780 0.086700903
33.783 1580465.852 0.086426944
33.634 1584721.329 0.086154047
33.486 1588997.043 0.085882234
33.338 1593292.828 0.085611529
33.190 1597608.516 0.085341954
33.043 1601943.943 0.085073528
32.896 1606298.944 0.084806274
32.749 1610673.357 0.084540211
32.602 1615067.018 0.084275359
32.455 1619479.766 0.084011736
32.309 1623911.442 0.083749361
32.164 1628361.887 0.083488251
32.018 1632830.942 0.083228425
31.873 1637318.450 0.082969899
31.728 1641824.256 0.082712689
31.583 1646348.204 0.082456810
31.439 1650890.141 0.082202279
31.295 1655449.914 0.081949109
31.151 1660027.371 0.081697315
31.008 1664622.362 0.081446911
30.865 1669234.737 0.081197911
30.722 1673864.347 0.080950326
30.580 1678511.046 0.080704170
30.438 1683174.687 0.080459454
30.296 1687855.125 0.080216191
30.155 1692552.215 0.079974390
30.014 1697265.815 0.079734064
29.873 1701995.782 0.079495221
29.733 1706741.975 0.079257873
29.593 1711504.255 0.079022029
29.453 1716282.483 0.078787698
29.314 1721076.520 0.078554889
29.175 1725886.231 0.078323610
29.037 1730711.479 0.078093869
28.899 1735552.129 0.077865675
28.761 1740408.050 0.077639034
28.624 1745279.107 0.077413954
28.487 1750165.169 0.077190442
28.351 1755066.107 0.076968504
28.215 1759981.790 0.076748146
28.079 1764912.090 0.076529375
27.944 1769856.881 0.076312195
27.809 1774816.035 0.076096613
27.674 1779789.428 0.075882634
27.540 1784776.935 0.075670261
27.406 1789778.434 0.075459501
27.273 1794793.801 0.075250357
27.140 1799822.917 0.075042833
27.007 1804865.660 0.074836934
26.875 1809921.911 0.074632663
26.743 1814991.553 0.074430023
26.612 1820074.468 0.074229017
26.481 1825170.540 0.074029650
26.350 1830279.654 0.073831923
26.220 1835401.695 0.073635839
26.091 1840536.551 0.073441401
25.961 1845684.108 0.073248611
25.832 1850844.257 0.073057472
25.704 1856016.885 0.072867984
25.576 1861201.884 0.072680151
25.448 1866399.145 0.072493974
25.320 1871608.561 0.072309453
25.193 1876830.025 0.072126592
25.067 1882063.431 0.071945390
24.941 1887308.675 0.071765850
24.815 1892565.652 0.071587972
24.690 1897834.259 0.071411757
24.565 1903114.395 0.071237206
24.440 1908405.958 0.071064319
24.316 1913708.848 0.070893098
24.192 1919022.966 0.070723543
24.069 1924348.212 0.070555654
23.946 1929684.489 0.070389432
23.824 1935031.701 0.070224877
23.702 1940389.751 0.070061989
23.580 1945758.544 0.069900768
23.459 1951137.985 0.069741215
23.338 1956527.983 0.069583329
23.217 1961928.442 0.069427111
23.097 1967339.273 0.069272561
22.977 1972760.383 0.069119678
22.858 1978191.683 0.068968462
22.739 1983633.083 0.068818913
22.620 1989084.495 0.068671031
22.502 1994545.831 0.068524816
22.384 2000017.003 0.068380268
22.267 2005497.926 0.068237386
22.150 2010988.514 0.068096170
22.033 2016488.682 0.067956620
21.917 2021998.347 0.067818735
21.801 2027517.424 0.067682516
21.686 2033045.833 0.067547962
21.571 2038583.490 0.067415073
21.456 2044130.315 0.067283849
21.342 2049686.228 0.067154289
21.228 2055251.149 0.067026394
21.114 2060825.000 0.066900163
21.001 2066407.701 0.066775596
20.888 2071999.177 0.066652693
20.775 2077599.349 0.066531455
20.663 2083208.143 0.066411880
20.552 2088825.482 0.066293970
20.440 2094451.292 0.066177724
20.329 2100085.499 0.066063142
20.219 2105728.029 0.065950225
20.108 2111378.811 0.065838973
