20.080 2106929.619 0.066102818
20.196 2100998.881 0.066219540
20.313 2095074.673 0.066338170
20.430 2089157.056 0.066458710
20.548 2083246.093 0.066581162
20.666 2077341.848 0.066705531
20.785 2071444.383 0.066831818
20.904 2065553.763 0.066960028
21.024 2059670.053 0.067090163
21.144 2053793.318 0.067222227
21.265 2047923.625 0.067356224
21.386 2042061.040 0.067492157
21.507 2036205.631 0.067630030
21.630 2030357.466 0.067769847
21.752 2024516.614 0.067911611
21.875 2018683.145 0.068055328
21.999 2012857.128 0.068201001
22.123 2007038.635 0.068348634
22.247 2001227.737 0.068498232
22.373 1995424.508 0.068649799
22.498 1989629.019 0.068803340
22.624 1983841.345 0.068958859
22.751 1978061.561 0.069116361
22.878 1972289.741 0.069275851
23.006 1966525.962 0.069437334
23.134 1960770.302 0.069600814
23.263 1955022.836 0.069766297
23.392 1949283.645 0.069933788
23.522 1943552.807 0.070103291
23.652 1937830.403 0.070274811
23.783 1932116.513 0.070448355
23.914 1926411.219 0.070623926
24.046 1920714.603 0.070801531
24.179 1915026.749 0.070981175
24.312 1909347.741 0.071162862
24.446 1903677.664 0.071346598
24.580 1898016.605 0.071532389
24.715 1892364.649 0.071720240
24.850 1886721.884 0.071910156
24.986 1881088.400 0.072102142
25.122 1875464.285 0.072296205
25.259 1869849.630 0.072492348
25.397 1864244.527 0.072690579
25.535 1858649.067 0.072890901
25.674 1853063.343 0.073093320
25.814 1847487.450 0.073297842
25.953 1841921.483 0.073504472
26.094 1836365.537 0.073713215
26.235 1830819.710 0.073924075
26.377 1825284.100 0.074137059
26.519 1819758.805 0.074352171
26.662 1814243.927 0.074569417
26.806 1808739.564 0.074788800
26.950 1803245.820 0.075010327
27.095 1797762.798 0.075234001
27.240 1792290.602 0.075459828
27.387 1786829.336 0.075687811
27.533 1781379.107 0.075917956
27.681 1775940.022 0.076150267
27.828 1770512.190 0.076384748
27.977 1765095.719 0.076621403
28.126 1759690.721 0.076860236
28.276 1754297.307 0.077101251
28.427 1748915.589 0.077344451
28.578 1743545.683 0.077589841
28.729 1738187.701 0.077837423
28.882 1732841.761 0.078087201
29.035 1727507.981 0.078339177
29.189 1722186.477 0.078593355
29.343 1716877.371 0.078849737
29.498 1711580.782 0.079108325
29.654 1706296.834 0.079369121
29.810 1701025.648 0.079632128
29.967 1695767.350 0.079897348
30.125 1690522.065 0.080164781
30.283 1685289.920 0.080434428
30.442 1680071.044 0.080706291
30.602 1674865.565 0.080980371
30.762 1669673.614 0.081256667
30.923 1664495.323 0.081535179
31.085 1659330.825 0.081815908
31.248 1654180.255 0.082098852
31.411 1649043.749 0.082384011
31.575 1643921.443 0.082671383
31.739 1638813.477 0.082960967
31.904 1633719.989 0.083252760
32.070 1628641.120 0.083546760
32.236 1623577.014 0.083842964
32.404 1618527.814 0.084141369
32.572 1613493.665 0.084441971
32.740 1608474.713 0.084744766
32.909 1603471.106 0.085049749
33.079 1598482.994 0.085356915
33.250 1593510.526 0.085666258
33.421 1588553.856 0.085977773
33.594 1583613.136 0.086291453
33.766 1578688.521 0.086607291
33.940 1573780.167 0.086925278
34.114 1568888.233 0.087245407
34.289 1564012.876 0.087567669
34.464 1559154.258 0.087892054
34.640 1554312.540 0.088218553
34.817 1549487.885 0.088547154
34.995 1544680.459 0.088877847
35.173 1539890.428 0.089210619
35.352 1535117.958 0.089545458
35.532 1530363.221 0.089882350
35.712 1525626.385 0.090221282
35.893 1520907.623 0.090562238
36.075 1516207.109 0.090905204
36.257 1511525.017 0.091250162
36.440 1506861.525 0.091597096
36.624 1502216.809 0.091945988
36.808 1497591.050 0.092296819
36.993 1492984.427 0.092649571
37.179 1488397.125 0.093004221
37.365 1483829.325 0.093360750
37.552 1479281.214 0.093719135
37.739 1474752.978 0.094079353
37.928 1470244.806 0.094441380
38.117 1465756.886 0.094805192
38.306 1461289.411 0.095170763
38.496 1456842.572 0.095538065
38.687 1452416.565 0.095907071
38.878 1448011.583 0.096277753
39.070 1443627.824 0.096650080
39.263 1439265.487 0.097024021
39.456 1434924.770 0.097399545
39.650 1430605.876 0.097776619
39.844 1426309.006 0.098155209
40.039 1422034.365 0.098535278
40.234 1417782.158 0.098916792
40.430 1413552.592 0.099299712
40.627 1409345.874 0.099684000
40.824 1405162.214 0.100069616
41.022 1401001.823 0.100456519
41.220 1396864.912 0.100844667
41.418 1392751.696 0.101234016
41.617 1388662.388 0.101624521
41.817 1384597.205 0.102016137
42.017 1380556.363 0.102408816
42.217 1376540.082 0.102802510
42.418 1372548.580 0.103197169
42.619 1368582.078 0.103592742
42.821 1364640.798 0.103989176
43.023 1360724.964 0.104386418
43.225 1356834.799 0.104784412
43.428 1352970.528 0.105183102
43.631 1349132.379 0.105582431
43.834 1345320.577 0.105982338
44.038 1341535.352 0.106382764
44.242 1337776.933 0.106783647
44.446 1334045.549 0.107184923
44.650 1330341.433 0.107586528
44.855 1326664.816 0.107988395
45.060 1323015.930 0.108390457
45.265 1319395.010 0.108792646
45.470 1315802.290 0.109194890
45.675 1312238.005 0.109597119
45.880 1308702.391 0.109999260
46.086 1305195.684 0.110401237
46.291 1301718.121 0.110802976
46.497 1298269.939 0.111204398
46.702 1294851.377 0.111605427
46.907 1291462.674 0.112005981
47.113 1288104.067 0.112405979
47.318 1284775.797 0.112805340
47.523 1281478.102 0.113203978
47.728 1278211.223 0.113601810
47.932 1274975.399 0.113998748
48.137 1271770.872 0.114394705
48.341 1268597.880 0.114789592
48.545 1265456.664 0.115183318
48.748 1262347.464 0.115575794
48.951 1259270.520 0.115966925
49.154 1256226.073 0.116356618
49.356 1253214.362 0.116744778
49.557 1250235.625 0.117131310
49.758 1247290.103 0.117516117
49.959 1244378.034 0.117899100
50.159 1241499.656 0.118280162
50.358 1238655.206 0.118659200
50.556 1235844.922 0.119036116
50.754 1233069.039 0.119410808
50.950 1230327.793 0.119783172
51.146 1227621.419 0.120153106
51.341 1224950.150 0.120520505
51.535 1222314.218 0.120885266
51.728 1219713.855 0.121247282
51.920 1217149.292 0.121606449
52.110 1214620.757 0.121962659
52.300 1212128.479 0.122315806
52.488 1209672.683 0.122665783
52.675 1207253.595 0.123012482
52.860 1204871.437 0.123355795
53.044 1202526.431 0.123695615
53.227 1200218.797 0.124031833
53.408 1197948.753 0.124364341
53.587 1195716.516 0.124693030
53.765 1193522.298 0.125017793
53.941 1191366.313 0.125338521
54.115 1189248.769 0.125655107
54.287 1187169.875 0.125967443
54.457 1185129.835 0.126275422
54.625 1183128.853 0.126578937
54.791 1181167.127 0.126877881
54.955 1179244.857 0.127172150
55.117 1177362.237 0.127461638
55.276 1175519.458 0.127746241
55.433 1173716.710 0.128025855
55.588 1171954.180 0.128300378
55.740 1170232.049 0.128569709
55.889 1168550.499 0.128833746
56.036 1166909.706 0.129092392
56.180 1165309.844 0.129345547
56.321 1163751.082 0.129593115
56.460 1162233.587 0.129835001
56.595 1160757.521 0.130071111
56.728 1159323.046 0.130301353
56.857 1157930.315 0.130525636
56.983 1156579.481 0.130743872
57.106 1155270.691 0.130955973
57.226 1154004.090 0.131161854
57.342 1152779.818 0.131361432
57.455 1151598.010 0.131554627
57.565 1150458.798 0.131741360
57.671 1149362.310 0.131921553
57.773 1148308.668 0.132095132
57.872 1147297.991 0.132262025
57.967 1146330.393 0.132422163
58.058 1145405.984 0.132575479
58.145 1144524.870 0.132721907
58.228 1143687.150 0.132861387
58.307 1142892.920 0.132993858
58.383 1142142.272 0.133119265
58.454 1141435.292 0.133237553
58.521 1140772.061 0.133348672
58.584 1140152.656 0.133452574
58.643 1139577.148 0.133549214
58.697 1139045.604 0.133638550
58.748 1138558.086 0.133720543
58.793 1138114.650 0.133795158
58.835 1137715.348 0.133862361
58.872 1137360.226 0.133922124
58.905 1137049.325 0.133974420
58.933 1136782.682 0.134019227
58.957 1136560.327 0.134056523
58.977 1136382.286 0.134086293
58.992 1136248.579 0.134108524
38.771 1452572.487 0.095829354
38.856 1450631.858 0.095992032
38.939 1448723.526 0.096152647
39.021 1446847.622 0.096311157
39.102 1445004.274 0.096467522
39.182 1443193.611 0.096621702
39.261 1441415.756 0.096773656
39.339 1439670.834 0.096923345
39.415 1437958.967 0.097070728
39.490 1436280.275 0.097215768
39.564 1434634.878 0.097358425
39.637 1433022.892 0.097498660
39.708 1431444.431 0.097636436
39.778 1429899.610 0.097771715
39.847 1428388.540 0.097904460
39.915 1426911.328 0.098034635
39.981 1425468.084 0.098162202
40.045 1424058.912 0.098287127
40.109 1422683.914 0.098409375
40.170 1421343.193 0.098528910
40.231 1420036.848 0.098645700
40.290 1418764.974 0.098759710
40.347 1417527.666 0.098870909
40.404 1416325.018 0.098979263
40.458 1415157.118 0.099084742
40.511 1414024.054 0.099187314
40.563 1412925.913 0.099286951
40.613 1411862.777 0.099383622
40.662 1410834.726 0.099477300
40.709 1409841.839 0.099567956
40.754 1408884.192 0.099655563
40.798 1407961.858 0.099740095
40.840 1407074.907 0.099821528
40.881 1406223.409 0.099899836
40.920 1405407.429 0.099974996
40.958 1404627.030 0.100046985
40.993 1403882.272 0.100115781
41.028 1403173.214 0.100181363
41.060 1402499.911 0.100243712
41.091 1401862.415 0.100302807
41.120 1401260.776 0.100358632
41.148 1400695.042 0.100411167
41.174 1400165.257 0.100460399
41.198 1399671.463 0.100506310
41.220 1399213.699 0.100548887
41.241 1398792.000 0.100588117
41.260 1398406.402 0.100623987
41.277 1398056.933 0.100656485
41.293 1397743.623 0.100685603
41.307 1397466.496 0.100711330
41.319 1397225.573 0.100733658
41.329 1397020.876 0.100752581
41.338 1396852.420 0.100768092
41.345 1396720.218 0.100780187
41.350 1396624.282 0.100788860
41.354 1396564.620 0.100794111
41.355 1396541.236 0.100795936
41.355 1396554.133 0.100794334
41.354 1396603.311 0.100789308
41.350 1396688.765 0.100780857
41.345 1396810.489 0.100768984
41.338 1396968.474 0.100753693
41.329 1397162.708 0.100734989
41.319 1397393.176 0.100712876
41.306 1397659.861 0.100687362
41.292 1397962.740 0.100658455
41.277 1398301.792 0.100626164
41.259 1398676.989 0.100590497
41.240 1399088.303 0.100551467
41.219 1399535.701 0.100509085
41.197 1400019.150 0.100463363
41.173 1400538.610 0.100414317
41.147 1401094.043 0.100361960
41.119 1401685.405 0.100306310
41.090 1402312.650 0.100247382
41.059 1402975.730 0.100185194
41.026 1403674.594 0.100119766
40.992 1404409.188 0.100051117
40.956 1405179.455 0.099979267
40.919 1405985.336 0.099904239
40.880 1406826.770 0.099826055
40.839 1407703.693 0.099744737
40.796 1408616.036 0.099660311
40.753 1409563.732 0.099572802
40.707 1410546.708 0.099482234
40.660 1411564.889 0.099388635
40.611 1412618.200 0.099292033
40.561 1413706.559 0.099192455
40.510 1414829.886 0.099089931
40.457 1415988.097 0.098984490
40.402 1417181.105 0.098876163
40.346 1418408.821 0.098764980
40.288 1419671.155 0.098650975
40.229 1420968.013 0.098534178
40.169 1422299.299 0.098414624
40.107 1423664.917 0.098292346
40.044 1425064.765 0.098167378
39.979 1426498.742 0.098039756
39.913 1427966.745 0.097909514
39.846 1429468.666 0.097776689
39.777 1431004.399 0.097641317
39.707 1432573.832 0.097503434
39.636 1434176.854 0.097363080
39.563 1435813.351 0.097220290
39.489 1437483.207 0.097075105
39.414 1439186.304 0.096927561
39.338 1440922.524 0.096777699
39.260 1442691.744 0.096625558
39.181 1444493.843 0.096471177
39.102 1446328.696 0.096314597
39.020 1448196.176 0.096155857
38.938 1450096.156 0.095994999
38.855 1452028.506 0.095832063
38.771 1453993.095 0.095667091
38.685 1455989.792 0.095500123
38.598 1458018.463 0.095331201
38.511 1460078.972 0.095160367
38.422 1462171.183 0.094987662
38.332 1464294.958 0.094813128
38.242 1466450.157 0.094636808
38.150 1468636.642 0.094458743
38.057 1470854.269 0.094278976
37.964 1473102.896 0.094097548
37.869 1475382.380 0.093914502
37.774 1477692.576 0.093729880
37.678 1480033.336 0.093543724
37.581 1482404.515 0.093356076
37.483 1484805.965 0.093166978
37.384 1487237.536 0.092976473
37.284 1489699.079 0.092784602
37.184 1492190.443 0.092591408
37.083 1494711.476 0.092396931
36.981 1497262.026 0.092201213
36.878 1499841.941 0.092004297
36.775 1502451.066 0.091806223
36.671 1505089.247 0.091607032
36.566 1507756.329 0.091406765
36.461 1510452.156 0.091205463
36.355 1513176.572 0.091003166
36.248 1515929.420 0.090799916
36.141 1518710.543 0.090595751
36.033 1521519.783 0.090390711
35.924 1524356.982 0.090184837
35.815 1527221.981 0.089978167
35.706 1530114.622 0.089770740
35.595 1533034.745 0.089562595
35.485 1535982.190 0.089353771
35.373 1538956.798 0.089144304
35.262 1541958.408 0.088934234
35.150 1544986.860 0.088723597
35.037 1548041.994 0.088512431
34.924 1551123.648 0.088300772
34.810 1554231.663 0.088088656
34.697 1557365.877 0.087876119
34.582 1560526.129 0.087663198
34.468 1563712.258 0.087449927
34.353 1566924.104 0.087236340
34.237 1570161.504 0.087022474
34.121 1573424.299 0.086808361
34.005 1576712.327 0.086594035
33.889 1580025.428 0.086379530
33.772 1583363.440 0.086164877
33.655 1586726.204 0.085950111
33.538 1590113.559 0.085735263
33.420 1593525.344 0.085520364
33.303 1596961.400 0.085305445
33.185 1600421.566 0.085090538
33.066 1603905.684 0.084875672
32.948 1607413.595 0.084660878
32.829 1610945.138 0.084446185
32.710 1614500.156 0.084231623
32.591 1618078.490 0.084017219
32.472 1621679.982 0.083803002
32.353 1625304.475 0.083588999
32.233 1628951.811 0.083375239
32.114 1632621.835 0.083161748
31.994 1636314.388 0.082948553
31.874 1640029.316 0.082735678
31.754 1643766.463 0.082523152
31.634 1647525.674 0.082310997
31.514 1651306.794 0.082099240
31.393 1655109.670 0.081887904
31.273 1658934.148 0.081677013
31.153 1662780.075 0.081466592
31.032 1666647.299 0.081256662
30.912 1670535.667 0.081047247
30.791 1674445.029 0.080838369
30.671 1678375.234 0.080630050
30.550 1682326.132 0.080422311
30.430 1686297.574 0.080215174
30.309 1690289.409 0.080008658
30.189 1694301.491 0.079802785
30.068 1698333.672 0.079597573
29.947 1702385.805 0.079393043
29.827 1706457.743 0.079189214
29.707 1710549.341 0.078986103
29.586 1714660.454 0.078783731
29.466 1718790.938 0.078582114
29.346 1722940.649 0.078381269
29.225 1727109.444 0.078181215
29.105 1731297.182 0.077981968
28.985 1735503.721 0.077783545
28.865 1739728.919 0.077585961
28.745 1743972.638 0.077389232
28.625 1748234.738 0.077193374
28.506 1752515.080 0.076998402
28.386 1756813.527 0.076804331
28.267 1761129.942 0.076611175
28.147 1765464.188 0.076418947
28.028 1769816.130 0.076227663
27.909 1774185.634 0.076037335
27.790 1778572.565 0.075847976
27.671 1782976.790 0.075659600
27.552 1787398.178 0.075472218
27.434 1791836.595 0.075285843
27.316 1796291.912 0.075100487
27.197 1800763.999 0.074916162
27.079 1805252.725 0.074732879
26.961 1809757.964 0.074550649
26.844 1814279.586 0.074369482
26.726 1818817.466 0.074189391
26.609 1823371.477 0.074010383
26.491 1827941.494 0.073832471
26.374 1832527.392 0.073655663
26.257 1837129.048 0.073479969
26.141 1841746.339 0.073305399
26.024 1846379.143 0.073131961
25.908 1851027.338 0.072959664
25.792 1855690.804 0.072788518
25.676 1860369.422 0.072618529
25.560 1865063.072 0.072449707
25.445 1869771.636 0.072282060
25.330 1874494.998 0.072115594
25.215 1879233.040 0.071950318
25.100 1883985.648 0.071786240
24.985 1888752.705 0.071623366
24.871 1893534.099 0.071461703
24.757 1898329.715 0.071301258
24.643 1903139.441 0.071142037
24.529 1907963.166 0.070984048
24.416 1912800.779 0.070827297
24.302 1917652.169 0.070671789
24.189 1922517.227 0.070517531
24.077 1927395.845 0.070364528
23.964 1932287.915 0.070212786
23.852 1937193.329 0.070062311
23.740 1942111.982 0.069913107
23.628 1947043.768 0.069765181
23.516 1951988.582 0.069618538
23.405 1956946.321 0.069473182
23.294 1961916.881 0.069329119
23.183 1966900.160 0.069186352
23.073 1971896.057 0.069044887
22.962 1976904.470 0.068904729
22.852 1981925.299 0.068765882
22.742 1986958.446 0.068628350
22.633 1992003.810 0.068492137
22.524 1997061.295 0.068357248
22.414 2002130.804 0.068223687
22.306 2007212.239 0.068091458
22.197 2012305.506 0.067960564
22.089 2017410.509 0.067831010
21.981 2022527.155 0.067702800
21.873 2027655.349 0.067575937
21.765 2032794.999 0.067450424
21.658 2037946.013 0.067326267
21.551 2043108.299 0.067203467
21.444 2048281.767 0.067082029
21.338 2053466.327 0.066961956
21.232 2058661.890 0.066843252
21.126 2063868.367 0.066725920
21.020 2069085.670 0.066609963
20.915 2074313.713 0.066495385
20.810 2079552.408 0.066382189
20.705 2084801.670 0.066270378
20.600 2090061.414 0.066159956
20.496 2095331.555 0.066050926
20.392 2100612.010 0.065943292
20.288 2105902.695 0.065837055
20.184 2111203.529 0.065732221
20.081 2116514.428 0.065628792
