20.008 2109616.827 0.066080601
20.129 2103389.848 0.066202701
20.251 2097167.726 0.066326944
20.374 2090950.514 0.066453338
20.497 2084738.260 0.066581887
20.621 2078531.017 0.066712599
20.745 2072328.837 0.066845480
20.870 2066131.771 0.066980537
20.995 2059939.873 0.067117777
21.121 2053753.196 0.067257207
21.248 2047571.795 0.067398836
21.375 2041395.723 0.067542670
21.503 2035225.038 0.067688719
21.631 2029059.793 0.067836989
21.760 2022900.046 0.067987489
21.890 2016745.854 0.068140229
22.020 2010597.275 0.068295216
22.151 2004454.368 0.068452460
22.282 1998317.190 0.068611969
22.414 1992185.802 0.068773754
22.547 1986060.265 0.068937823
22.680 1979940.638 0.069104187
22.814 1973826.985 0.069272855
22.949 1967719.367 0.069443838
23.084 1961617.848 0.069617146
23.220 1955522.491 0.069792788
23.356 1949433.360 0.069970777
23.493 1943350.521 0.070151122
23.631 1937274.041 0.070333834
23.770 1931203.985 0.070518926
23.909 1925140.421 0.070706408
24.049 1919083.417 0.070896291
24.190 1913033.042 0.071088587
24.331 1906989.367 0.071283309
24.473 1900952.460 0.071480467
24.616 1894922.395 0.071680075
24.760 1888899.242 0.071882144
24.904 1882883.076 0.072086687
25.049 1876873.969 0.072293716
25.194 1870871.996 0.072503245
25.341 1864877.233 0.072715285
25.488 1858889.756 0.072929850
25.636 1852909.643 0.073146954
25.785 1846936.971 0.073366608
25.934 1840971.819 0.073588828
26.085 1835014.267 0.073813625
26.236 1829064.397 0.074041015
26.387 1823122.289 0.074271009
26.540 1817188.027 0.074503624
26.694 1811261.694 0.074738871
26.848 1805343.375 0.074976766
27.003 1799433.155 0.075217322
27.159 1793531.121 0.075460554
27.316 1787637.361 0.075706476
27.473 1781751.962 0.075955102
27.632 1775875.015 0.076206448
27.791 1770006.610 0.076460527
27.951 1764146.840 0.076717353
28.112 1758295.795 0.076976943
28.274 1752453.572 0.077239310
28.437 1746620.264 0.077504470
28.600 1740795.967 0.077772436
28.765 1734980.779 0.078043225
28.930 1729174.798 0.078316850
29.097 1723378.123 0.078593327
29.264 1717590.855 0.078872671
29.432 1711813.096 0.079154897
29.601 1706044.948 0.079440019
29.771 1700286.517 0.079728052
29.942 1694537.906 0.080019012
30.114 1688799.224 0.080312914
30.287 1683070.577 0.080609771
30.461 1677352.074 0.080909600
30.636 1671643.827 0.081212414
30.812 1665945.947 0.081518229
30.989 1660258.546 0.081827059
31.167 1654581.740 0.082138919
31.346 1648915.643 0.082453823
31.526 1643260.374 0.082771785
31.707 1637616.049 0.083092821
31.889 1631982.790 0.083416943
32.072 1626360.716 0.083744166
32.256 1620749.951 0.084074504
32.442 1615150.619 0.084407970
32.628 1609562.845 0.084744578
32.815 1603986.757 0.085084341
33.004 1598422.481 0.085427273
33.194 1592870.150 0.085773387
33.384 1587329.893 0.086122694
33.576 1581801.844 0.086475208
33.769 1576286.137 0.086830940
33.963 1570782.908 0.087189903
34.159 1565292.296 0.087552108
34.355 1559814.439 0.087917566
34.553 1554349.478 0.088286289
34.752 1548897.556 0.088658287
34.952 1543458.817 0.089033570
35.153 1538033.407 0.089412149
35.355 1532621.472 0.089794032
35.559 1527223.163 0.090179229
35.764 1521838.631 0.090567748
35.970 1516468.027 0.090959598
36.177 1511111.507 0.091354786
36.386 1505769.227 0.091753320
36.596 1500441.343 0.092155206
36.807 1495128.018 0.092560450
37.020 1489829.411 0.092969058
37.233 1484545.686 0.093381035
37.448 1479277.009 0.093796385
37.665 1474023.547 0.094215111
37.883 1468785.469 0.094637218
38.102 1463562.945 0.095062706
38.322 1458356.149 0.095491579
38.544 1453165.255 0.095923835
38.767 1447990.440 0.096359477
38.992 1442831.883 0.096798502
39.218 1437689.764 0.097240910
39.445 1432564.267 0.097686697
39.674 1427455.575 0.098135861
39.904 1422363.875 0.098588397
40.135 1417289.357 0.099044300
40.369 1412232.210 0.099503563
40.603 1407192.628 0.099966180
40.839 1402170.806 0.100432143
41.077 1397166.941 0.100901440
41.316 1392181.231 0.101374064
41.556 1387213.879 0.101850000
41.798 1382265.087 0.102329237
42.041 1377335.060 0.102811761
42.287 1372424.008 0.103297555
42.533 1367532.138 0.103786604
42.781 1362659.664 0.104278889
43.031 1357806.800 0.104774390
43.282 1352973.761 0.105273088
43.535 1348160.767 0.105774959
43.789 1343368.038 0.106279979
44.045 1338595.796 0.106788124
44.303 1333844.268 0.107299366
44.562 1329113.680 0.107813677
44.823 1324404.263 0.108331026
45.086 1319716.247 0.108851382
45.350 1315049.867 0.109374710
45.616 1310405.359 0.109900975
45.883 1305782.962 0.110430140
46.153 1301182.917 0.110962166
46.423 1296605.466 0.111497011
46.696 1292050.854 0.112034632
46.970 1287519.329 0.112574984
47.246 1283011.140 0.113118021
47.524 1278526.540 0.113663692
47.804 1274065.782 0.114211946
48.085 1269629.122 0.114762730
48.368 1265216.820 0.115315989
48.653 1260829.134 0.115871663
48.939 1256466.329 0.116429693
49.227 1252128.669 0.116990015
49.518 1247816.420 0.117552566
49.809 1243529.853 0.118117277
50.103 1239269.238 0.118684079
50.399 1235034.849 0.119252899
50.696 1230826.960 0.119823663
50.995 1226645.849 0.120396292
51.296 1222491.796 0.120970706
51.599 1218365.082 0.121546824
51.904 1214265.990 0.122124559
52.210 1210194.805 0.122703824
52.518 1206151.814 0.123284527
52.829 1202137.306 0.123866575
53.141 1198151.573 0.124449872
53.455 1194194.906 0.125034318
53.770 1190267.599 0.125619812
54.088 1186369.949 0.126206249
54.408 1182502.252 0.126793520
54.729 1178664.809 0.127381516
55.053 1174857.920 0.127970123
55.378 1171081.886 0.128559224
55.705 1167337.012 0.129148701
56.034 1163623.603 0.129738430
56.365 1159941.964 0.130328287
56.698 1156292.403 0.130918143
57.032 1152675.229 0.131507868
57.369 1149090.752 0.132097328
57.708 1145539.282 0.132686386
58.048 1142021.132 0.133274901
58.390 1138536.613 0.133862732
58.735 1135086.041 0.134449732
59.081 1131669.728 0.135035754
59.429 1128287.990 0.135620646
59.779 1124941.143 0.136204255
60.130 1121629.502 0.136786423
60.484 1118353.383 0.137366992
60.839 1115113.104 0.137945798
61.197 1111908.982 0.138522679
61.556 1108741.332 0.139097465
61.917 1105610.473 0.139669989
62.280 1102516.721 0.140240077
62.645 1099460.393 0.140807555
63.011 1096441.804 0.141372246
63.380 1093461.272 0.141933972
63.750 1090519.110 0.142492551
64.122 1087615.635 0.143047800
64.496 1084751.159 0.143599533
64.871 1081925.995 0.144147565
65.249 1079140.456 0.144691705
65.628 1076394.852 0.145231765
66.009 1073689.492 0.145767552
66.391 1071024.684 0.146298872
66.775 1068400.735 0.146825531
67.161 1065817.950 0.147347334
67.549 1063276.630 0.147864083
67.938 1060777.077 0.148375581
68.329 1058319.590 0.148881629
68.721 1055904.464 0.149382030
69.115 1053531.995 0.149876582
69.511 1051202.472 0.150365087
69.908 1048916.186 0.150847344
70.307 1046673.421 0.151323155
70.707 1044474.461 0.151792318
71.108 1042319.586 0.152254636
71.511 1040209.070 0.152709909
71.915 1038143.188 0.153157940
72.321 1036122.209 0.153598531
72.728 1034146.398 0.154031487
73.136 1032216.016 0.154456612
73.546 1030331.321 0.154873715
73.957 1028492.567 0.155282603
74.369 1026700.001 0.155683088
74.782 1024953.869 0.156074980
75.196 1023254.410 0.156458096
75.611 1021601.859 0.156832253
76.027 1019996.445 0.157197269
76.444 1018438.393 0.157552969
76.862 1016927.923 0.157899177
77.281 1015465.249 0.158235723
77.700 1014050.578 0.158562439
78.120 1012684.114 0.158879161
78.541 1011366.054 0.159185730
78.962 1010096.588 0.159481989
79.384 1008875.901 0.159767785
79.805 1007704.173 0.160042973
80.227 1006581.574 0.160307408
80.649 1005508.271 0.160560952
81.071 1004484.423 0.160803473
81.492 1003510.183 0.161034842
81.913 1002585.695 0.161254935
82.333 1001711.100 0.161463636
82.752 1000886.528 0.161660832
83.169 1000112.105 0.161846417
83.584 999387.947 0.162020291
83.997 998714.165 0.162182358
84.406 998090.862 0.162332531
84.811 997518.132 0.162470727
85.211 996996.064 0.162596870
85.603 996524.738 0.162710891
85.986 996104.226 0.162812726
86.355 995734.593 0.162902320
86.708 995415.897 0.162979622
87.037 995148.186 0.163044590
87.334 994931.501 0.163097186
87.587 994765.877 0.163137383
87.779 994651.340 0.163165157
87.895 994587.906 0.163180493
87.922 994575.585 0.163183382
87.857 994614.381 0.163173823
87.706 994704.286 0.163151820
87.487 994845.286 0.163117387
87.214 995037.360 0.163070542
86.902 995280.478 0.163011311
86.562 995574.603 0.162939727
86.202 995919.688 0.162855831
85.826 996315.680 0.162759668
85.439 996762.518 0.162651291
85.044 997260.134 0.162530762
84.642 997808.451 0.162398145
84.235 998407.384 0.162253515
83.824 999056.842 0.162096950
83.410 999756.726 0.161928535
82.994 1000506.929 0.161748363
82.576 1001307.338 0.161556531
82.157 1002157.830 0.161353142
81.737 1003058.278 0.161138307
81.316 1004008.547 0.160912140
80.894 1005008.493 0.160674760
80.472 1006057.968 0.160426295
80.051 1007156.816 0.160166875
79.629 1008304.873 0.159896636
79.207 1009501.972 0.159615719
78.786 1010747.935 0.159324268
78.365 1012042.583 0.159022434
77.945 1013385.725 0.158710371
77.525 1014777.169 0.158388238
77.106 1016216.715 0.158056195
76.688 1017704.156 0.157714409
76.270 1019239.281 0.157363050
75.854 1020821.875 0.157002290
75.438 1022451.713 0.156632305
75.024 1024128.570 0.156253274
74.610 1025852.212 0.155865378
74.198 1027622.402 0.155468802
73.786 1029438.899 0.155063731
73.376 1031301.455 0.154650355
22.162 2002993.308 0.068517340
22.267 1998086.630 0.068644591
22.373 1993192.518 0.068773066
22.479 1988311.068 0.068902757
22.585 1983442.379 0.069033661
22.691 1978586.550 0.069165771
22.798 1973743.680 0.069299081
22.904 1968913.871 0.069433586
23.011 1964097.223 0.069569280
23.118 1959293.837 0.069706157
23.226 1954503.817 0.069844210
23.333 1949727.266 0.069983433
23.441 1944964.288 0.070123821
23.549 1940214.987 0.070265366
23.657 1935479.469 0.070408061
23.765 1930757.839 0.070551900
23.873 1926050.206 0.070696876
23.982 1921356.675 0.070842982
24.091 1916677.356 0.070990210
24.200 1912012.357 0.071138553
24.309 1907361.788 0.071288004
24.418 1902725.760 0.071438555
24.528 1898104.383 0.071590197
24.637 1893497.769 0.071742923
24.747 1888906.032 0.071896725
24.857 1884329.283 0.072051594
24.967 1879767.637 0.072207522
25.077 1875221.209 0.072364499
25.188 1870690.114 0.072522517
25.298 1866174.468 0.072681567
25.409 1861674.389 0.072841639
25.520 1857189.993 0.073002723
25.631 1852721.399 0.073164811
25.742 1848268.726 0.073327891
25.854 1843832.093 0.073491953
25.965 1839411.621 0.073656988
26.077 1835007.431 0.073822984
26.188 1830619.645 0.073989930
26.300 1826248.386 0.074157816
26.412 1821893.775 0.074326630
26.524 1817555.939 0.074496360
26.636 1813235.000 0.074666994
26.748 1808931.084 0.074838521
26.861 1804644.318 0.075010927
26.973 1800374.827 0.075184201
27.086 1796122.740 0.075358329
27.198 1791888.184 0.075533298
27.311 1787671.287 0.075709095
27.424 1783472.180 0.075885705
27.536 1779290.992 0.076063116
27.649 1775127.854 0.076241312
27.762 1770982.896 0.076420279
27.875 1766856.252 0.076600002
27.988 1762748.053 0.076780466
28.101 1758658.433 0.076961655
28.214 1754587.526 0.077143554
28.327 1750535.466 0.077326147
28.440 1746502.387 0.077509417
28.553 1742488.427 0.077693347
28.667 1738493.720 0.077877921
28.780 1734518.404 0.078063121
28.893 1730562.617 0.078248929
29.006 1726626.495 0.078435328
29.119 1722710.179 0.078622299
29.232 1718813.806 0.078809824
29.345 1714937.516 0.078997882
29.458 1711081.450 0.079186456
29.571 1707245.749 0.079375526
29.684 1703430.553 0.079565071
29.797 1699636.003 0.079755072
29.909 1695862.244 0.079945506
30.022 1692109.416 0.080136355
30.134 1688377.663 0.080327595
30.247 1684667.129 0.080519206
30.359 1680977.957 0.080711165
30.471 1677310.292 0.080903450
30.584 1673664.279 0.081096039
30.696 1670040.063 0.081288907
30.807 1666437.789 0.081482032
30.919 1662857.604 0.081675389
31.030 1659299.654 0.081868955
31.142 1655764.085 0.082062705
31.253 1652251.045 0.082256613
31.364 1648760.680 0.082450656
31.475 1645293.138 0.082644807
31.585 1641848.567 0.082839039
31.696 1638427.116 0.083033328
31.806 1635028.931 0.083227646
31.915 1631654.162 0.083421966
32.025 1628302.958 0.083616261
32.134 1624975.467 0.083810504
32.243 1621671.838 0.084004665
32.352 1618392.221 0.084198717
32.461 1615136.764 0.084392631
32.569 1611905.618 0.084586378
32.677 1608698.930 0.084779928
32.784 1605516.852 0.084973252
32.891 1602359.532 0.085166320
32.998 1599227.119 0.085359101
33.104 1596119.764 0.085551565
33.210 1593037.616 0.085743681
33.316 1589980.823 0.085935417
33.421 1586949.536 0.086126742
33.526 1583943.903 0.086317624
33.630 1580964.073 0.086508030
33.734 1578010.196 0.086697929
33.838 1575082.419 0.086887288
33.941 1572180.891 0.087076073
34.043 1569305.761 0.087264251
34.145 1566457.176 0.087451789
34.247 1563635.283 0.087638654
34.347 1560840.230 0.087824810
34.448 1558072.165 0.088010224
34.548 1555331.232 0.088194861
34.647 1552617.579 0.088378687
34.746 1549931.350 0.088561667
34.844 1547272.692 0.088743766
34.941 1544641.748 0.088924948
35.038 1542038.664 0.089105178
35.134 1539463.581 0.089284421
35.229 1536916.644 0.089462640
35.324 1534397.994 0.089639801
35.418 1531907.774 0.089815867
35.512 1529446.123 0.089990801
35.605 1527013.183 0.090164568
35.697 1524609.093 0.090337132
35.788 1522233.991 0.090508456
35.878 1519888.015 0.090678503
35.968 1517571.303 0.090847238
36.057 1515283.990 0.091014623
36.145 1513026.211 0.091180622
36.232 1510798.101 0.091345200
36.318 1508599.794 0.091508318
36.404 1506431.420 0.091669941
36.488 1504293.112 0.091830032
36.572 1502185.000 0.091988554
36.655 1500107.211 0.092145472
36.737 1498059.875 0.092300750
36.818 1496043.118 0.092454350
36.898 1494057.065 0.092606238
36.977 1492101.840 0.092756376
37.055 1490177.566 0.092904730
37.132 1488284.365 0.093051264
37.208 1486422.357 0.093195942
37.283 1484591.660 0.093338729
37.357 1482792.392 0.093479591
37.430 1481024.668 0.093618492
37.502 1479288.603 0.093755398
37.573 1477584.311 0.093890275
37.642 1475911.901 0.094023089
37.711 1474271.484 0.094153807
37.778 1472663.167 0.094282394
37.844 1471087.058 0.094408819
37.909 1469543.260 0.094533048
37.973 1468031.878 0.094655050
38.036 1466553.011 0.094774792
38.097 1465106.759 0.094892243
38.157 1463693.220 0.095007373
38.216 1462312.490 0.095120150
38.274 1460964.663 0.095230545
38.331 1459649.830 0.095338528
38.386 1458368.081 0.095444071
38.440 1457119.505 0.095547143
38.492 1455904.187 0.095647719
38.544 1454722.212 0.095745769
38.594 1453573.661 0.095841268
38.642 1452458.614 0.095934188
38.690 1451377.150 0.096024505
38.736 1450329.343 0.096112193
38.780 1449315.268 0.096197228
38.823 1448334.995 0.096279585
38.865 1447388.593 0.096359242
38.905 1446476.130 0.096436177
38.944 1445597.670 0.096510367
38.982 1444753.274 0.096581791
39.018 1443943.005 0.096650430
39.053 1443166.918 0.096716263
39.086 1442425.069 0.096779271
39.118 1441717.511 0.096839437
39.148 1441044.296 0.096896743
39.177 1440405.470 0.096951173
39.204 1439801.080 0.097002710
39.230 1439231.169 0.097051340
39.254 1438695.779 0.097097048
39.277 1438194.947 0.097139822
39.298 1437728.709 0.097179648
39.318 1437297.100 0.097216516
39.336 1436900.149 0.097250413
39.353 1436537.886 0.097281331
39.368 1436210.336 0.097309260
39.382 1435917.523 0.097334191
39.394 1435659.468 0.097356117
39.405 1435436.189 0.097375033
39.414 1435247.702 0.097390931
39.421 1435094.020 0.097403808
39.427 1434975.154 0.097413660
39.432 1434891.111 0.097420483
39.435 1434841.898 0.097424275
39.436 1434827.518 0.097425035
39.436 1434847.970 0.097422764
39.434 1434903.252 0.097417461
39.431 1434993.361 0.097409127
39.426 1435118.287 0.097397767
39.420 1435278.022 0.097383381
39.412 1435472.554 0.097365976
39.402 1435701.866 0.097345555
39.391 1435965.941 0.097322125
39.378 1436264.760 0.097295692
39.364 1436598.299 0.097266265
39.349 1436966.534 0.097233851
39.332 1437369.436 0.097198460
39.313 1437806.976 0.097160103
39.293 1438279.120 0.097118790
39.271 1438785.833 0.097074533
39.248 1439327.078 0.097027346
39.223 1439902.814 0.096977241
39.197 1440512.999 0.096924234
39.169 1441157.587 0.096868339
39.140 1441836.531 0.096809572
39.110 1442549.782 0.096747951
39.078 1443297.286 0.096683492
39.044 1444078.989 0.096616215
39.009 1444894.835 0.096546137
38.973 1445744.763 0.096473280
38.935 1446628.712 0.096397664
38.896 1447546.618 0.096319310
38.855 1448498.414 0.096238239
38.813 1449484.034 0.096154475
38.769 1450503.405 0.096068041
38.725 1451556.454 0.095978961
38.678 1452643.107 0.095887259
38.631 1453763.287 0.095792961
38.582 1454916.914 0.095696093
38.532 1456103.907 0.095596680
38.480 1457324.181 0.095494751
38.427 1458577.653 0.095390333
38.373 1459864.233 0.095283453
38.318 1461183.834 0.095174141
38.261 1462536.362 0.095062425
38.203 1463921.725 0.094948336
38.144 1465339.828 0.094831903
38.084 1466790.573 0.094713157
38.022 1468273.861 0.094592130
37.960 1469789.591 0.094468852
37.896 1471337.661 0.094343355
37.830 1472917.967 0.094215672
37.764 1474530.403 0.094085836
37.697 1476174.860 0.093953879
37.628 1477851.230 0.093819835
37.558 1479559.401 0.093683737
37.488 1481299.261 0.093545620
37.416 1483070.696 0.093405517
37.343 1484873.590 0.093263463
37.269 1486707.827 0.093119493
37.194 1488573.287 0.092973642
37.118 1490469.852 0.092825944
37.041 1492397.398 0.092676436
36.963 1494355.805 0.092525153
36.884 1496344.947 0.092372131
36.804 1498364.700 0.092217405
36.723 1500414.938 0.092061012
36.641 1502495.532 0.091902988
36.559 1504606.353 0.091743368
36.475 1506747.273 0.091582189
36.391 1508918.159 0.091419488
36.305 1511118.879 0.091255301
36.219 1513349.301 0.091089664
36.132 1515609.290 0.090922614
36.044 1517898.711 0.090754188
35.955 1520217.428 0.090584420
35.866 1522565.303 0.090413349
35.776 1524942.200 0.090241011
35.685 1527347.978 0.090067441
35.593 1529782.500 0.089892677
35.501 1532245.624 0.089716753
35.407 1534737.209 0.089539707
35.314 1537257.114 0.089361574
35.219 1539805.196 0.089182391
35.124 1542381.313 0.089002192
35.028 1544985.320 0.088821014
34.932 1547617.073 0.088638892
34.834 1550276.428 0.088455861
34.737 1552963.239 0.088271956
34.638 1555677.360 0.088087212
34.540 1558418.646 0.087901664
34.440 1561186.949 0.087715347
34.340 1563982.123 0.087528294
34.240 1566804.019 0.087340540
34.139 1569652.490 0.087152119
34.037 1572527.389 0.086963064
33.935 1575428.565 0.086773408
33.832 1578355.872 0.086583185
33.729 1581309.160 0.086392428
33.626 1584288.279 0.086201168
33.522 1587293.081 0.086009439
33.418 1590323.416 0.085817272
33.313 1593379.135 0.085624699
33.208 1596460.088 0.085431752
33.103 1599566.124 0.085238461
32.997 1602697.095 0.085044857
32.890 1605852.850 0.084850971
32.784 1609033.240 0.084656833
32.677 1612238.114 0.084462473
32.570 1615467.323 0.084267920
32.462 1618720.717 0.084073203
32.354 1621998.147 0.083878352
32.246 1625299.463 0.083683395
32.137 1628624.515 0.083488360
32.029 1631973.155 0.083293274
31.920 1635345.232 0.083098166
31.811 1638740.599 0.082903063
31.701 1642159.106 0.082707991
31.591 1645600.605 0.082512976
31.481 1649064.948 0.082318046
31.371 1652551.986 0.082123225
31.261 1656061.572 0.081928539
31.150 1659593.558 0.081734013
31.040 1663147.798 0.081539672
30.929 1666724.144 0.081345540
30.818 1670322.450 0.081151641
30.707 1673942.570 0.080957999
30.596 1677584.359 0.080764636
30.484 1681247.670 0.080571577
30.373 1684932.359 0.080378842
30.261 1688638.282 0.080186456
30.149 1692365.293 0.079994438
30.037 1696113.251 0.079802812
29.925 1699882.011 0.079611598
29.813 1703671.431 0.079420817
29.701 1707481.368 0.079230489
29.589 1711311.682 0.079040634
29.477 1715162.230 0.078851273
29.365 1719032.871 0.078662424
29.252 1722923.467 0.078474107
29.140 1726833.876 0.078286341
29.028 1730763.961 0.078099143
28.915 1734713.582 0.077912533
28.803 1738682.601 0.077726527
28.691 1742670.881 0.077541144
28.578 1746678.286 0.077356400
28.466 1750704.678 0.077172312
28.353 1754749.923 0.076988897
28.241 1758813.885 0.076806170
28.129 1762896.430 0.076624149
28.017 1766997.424 0.076442847
27.904 1771116.734 0.076262281
27.792 1775254.228 0.076082465
27.680 1779409.773 0.075903415
27.568 1783583.239 0.075725144
27.456 1787774.494 0.075547666
27.344 1791983.410 0.075370996
27.232 1796209.856 0.075195147
27.120 1800453.704 0.075020131
27.009 1804714.826 0.074845963
26.897 1808993.095 0.074672655
26.785 1813288.385 0.074500219
26.674 1817600.569 0.074328667
26.563 1821929.522 0.074158011
26.451 1826275.121 0.073988263
26.340 1830637.240 0.073819435
26.229 1835015.758 0.073651537
26.118 1839410.551 0.073484581
26.007 1843821.499 0.073318576
25.897 1848248.479 0.073153535
25.786 1852691.373 0.072989466
25.676 1857150.059 0.072826380
25.566 1861624.420 0.072664286
25.456 1866114.337 0.072503195
25.346 1870619.693 0.072343115
25.236 1875140.372 0.072184056
25.126 1879676.257 0.072026027
25.017 1884227.232 0.071869036
24.907 1888793.184 0.071713092
24.798 1893373.999 0.071558204
24.689 1897969.564 0.071404379
24.580 1902579.765 0.071251625
24.471 1907204.493 0.071099951
24.363 1911843.635 0.070949364
24.255 1916497.081 0.070799872
24.146 1921164.722 0.070651481
24.038 1925846.450 0.070504200
23.930 1930542.155 0.070358034
23.823 1935251.732 0.070212992
23.715 1939975.072 0.070069079
23.608 1944712.071 0.069926302
23.501 1949462.623 0.069784668
23.394 1954226.623 0.069644183
23.287 1959003.969 0.069504853
23.181 1963794.556 0.069366683
23.075 1968598.282 0.069229681
22.969 1973415.046 0.069093852
22.863 1978244.747 0.068959201
22.757 1983087.285 0.068825735
22.651 1987942.559 0.068693458
22.546 1992810.472 0.068562375
22.441 1997690.925 0.068432493
22.336 2002583.820 0.068303816
22.232 2007489.061 0.068176350
22.127 2012406.552 0.068050099
22.023 2017336.197 0.067925068
21.919 2022277.902 0.067801262
21.815 2027231.573 0.067678686
21.711 2032197.116 0.067557345
21.608 2037174.438 0.067437243
21.505 2042163.448 0.067318384
21.402 2047164.055 0.067200774
21.299 2052176.167 0.067084416
21.197 2057199.694 0.066969315
21.094 2062234.548 0.066855475
20.992 2067280.640 0.066742901
20.890 2072337.881 0.066631597
20.789 2077406.185 0.066521566
20.687 2082485.464 0.066412814
20.586 2087575.633 0.066305344
20.485 2092676.605 0.066199160
20.385 2097788.297 0.066094267
20.284 2102910.624 0.065990668
20.184 2108043.502 0.065888368
20.084 2113186.849 0.065787370
