0.0
0.0
0.0
0.0
0.0
0.0
0.0
0.0
0.0
0.0
0.0
0.0
0.0
0.0
0.0
0.0
0.0
0.0
0.0
0.0
0.0
0.0
0.0
0.0
0.0
0.0
0.0
0.0
0.0
0.0
0.0
0.0
0.0
0.0
0.0
0.0
0.0
0.0
0.0
0.0
0.0
0.0
0.0
0.0
0.0
0.0
0.0
0.0
0.0
0.0
0.0
0.0
0.0
0.0
0.0
0.0
0.0
0.0
0.0
0.0
0.0
0.0
0.0
0.0
0.0
0.0
0.0
0.0
0.0
0.0
0.0
0.0
0.0
0.0
0.0
0.0
0.0
0.0
0.0
0.0
0.0
0.0
0.0
0.0
0.0
0.0
0.0
0.0
0.0
0.0
0.0
0.0
0.0
0.0
0.0
0.0
0.0
0.0
0.0
0.0
0.0
0.0
0.0
0.0
0.0
0.0
0.0
0.0
0.0
0.0
0.0
0.0
0.0
0.0
0.0
0.0
0.0
388.39520905516184
387.2308724873158
386.06328085212795
384.8926536616525
383.7192078481162
382.54315771783456
381.3647149078828
380.18408834617605
379.0014842137448
377.81710591079576
376.63115402490564
375.4438263022501
374.2553176215518
373.06581997044344
371.8755224248835
370.6846111306184
369.49326928754283
368.30167713602367
367.1100119460225
365.91844800809326
364.7271566270751
363.53630611751197
362.34606180138474
361.1565860078341
359.9680380748569
358.7805743528961
357.59434821027503
356.40951004040215
355.2262072707438
354.04458437322063
352.86478287660464
351.6869413799933
350.51119556814064
349.337678227805
348.166519265645
346.9978457274229
345.8317818184574
344.66844892499097
343.50796563703517
342.3504477718566
341.1960083986703
340.04475786445164
338.89680382028627
337.75225124877124
336.6112024921648
335.4737572811274
334.3400127644436
333.2100635392194
332.0840016814927
330.9619167777538
329.8438959566025
328.73002392128154
327.62038298225144
326.5150530903478
325.41411187021123
324.31763465420306
323.22569451611827
322.13836230578585
321.0557066833791
319.9777941540808
318.9046891029085
317.8364538294619
316.77314858305766
315.7148315977392
314.66155912716573
313.6133854797679
312.5703630537955
311.53254237203305
310.49997211702333
309.47269916573424
308.45076862412566
307.43422386183653
306.4231065464271
305.41745667777985
304.4173126220121
303.42271114533014
302.4336874476688
301.45027519593083
300.47250655739606
299.5004122323103
298.5340214866302
297.57336218431465
296.6184608193811
295.66934254751806
294.7260312176789
293.7885494030301
292.85691843186345
291.9311584179092
291.0112882904268
290.09732582410186
289.18928766834324
288.2871893763624
287.3910454338846
286.50086928736863
285.6166733722069
284.738469140081
283.86626708631445
283.00007677671664
282.13990687400616
281.2857651639297
280.437658581141
279.59559323434445
278.75957443139
277.92960670388675
277.1056938313369
276.2878388651312
275.4760441519517
274.6703113569089
273.87064148626587
273.0770349099338
272.28949138327465
271.5080100689725
270.73258955823013
269.9632278917275
269.1999225802367
268.4426706247886
267.6914685366634
266.94631235694345
266.20719767563645
265.4741196506337
264.7470730262553
264.02605215141176
263.3110509976059
262.6020631764553
261.8990819569558
261.2021002825428
260.51111078756253
259.8261058138178
259.14707742656105
258.47401743021254
257.806917383945
257.1457686169023
256.4905622429904
255.84128917570544
255.19794014245113
254.560505698695
253.92897624187347
253.30334202495678
252.68359316994216
252.06971968091855
251.46171145706722
250.85955830526922
250.26324995256888
249.67277605849813
249.08812622704366
248.50929001848127
247.93625696100827
247.36901656214795
246.80755831999295
246.2518717342358
245.70194631703174
245.15777160368106
244.6193371631333
244.0866326083477
243.55964760641444
243.03837188864725
242.5227952604496
242.0129076109813
241.50869892279533
241.0101592812323
240.51727888380887
240.03004804932363
239.5484572269795
239.07249700534132
238.60215812113108
238.1374314679478
237.6783081049699
237.22477926543343
236.7768363650834
236.3344710105383
235.89767500755426
235.46644036922748
235.04075932411402
234.6206243242894
234.20602805334428
233.7969634343301
233.39342363760647
232.9954020887397
232.60289247624615
232.21588875939878
231.83438517589957
231.45837624961837
0.0
0.0
0.0
0.0
0.0
0.0
0.0
0.0
0.0
0.0
0.0
0.0
0.0
0.0
0.0
0.0
0.0
0.0
0.0
0.0
0.0
0.0
0.0
0.0
0.0
0.0
0.0
0.0
0.0
0.0
0.0
0.0
0.0
0.0
0.0
0.0
0.0
0.0
0.0
0.0
0.0
0.0
0.0
0.0
0.0
0.0
0.0
0.0
0.0
0.0
0.0
0.0
0.0
0.0
0.0
0.0
0.0
0.0
0.0
0.0
0.0
0.0
0.0
0.0
0.0
0.0
0.0
0.0
0.0
0.0
0.0
0.0
0.0
0.0
0.0
0.0
0.0
0.0
0.0
0.0
0.0
0.0
0.0
0.0
0.0
0.0
0.0
0.0
0.0
0.0
0.0
0.0
0.0
0.0
0.0
0.0
0.0
0.0
0.0
0.0
0.0
0.0
0.0
0.0
0.0
0.0
0.0
0.0
0.0
0.0
0.0
0.0
0.0
0.0
0.0
0.0
0.0
0.0
0.0
0.0
0.0
0.0
0.0
0.0
0.0
0.0
0.0
0.0
0.0
0.0
0.0
0.0
0.0
0.0
0.0
0.0
0.0
0.0
0.0
0.0
0.0
0.0
0.0
0.0
0.0
0.0
0.0
0.0
0.0
0.0
0.0
0.0
0.0
0.0
0.0
0.0
0.0
0.0
0.0
0.0
0.0
0.0
0.0
0.0
0.0
0.0
0.0
0.0
0.0
0.0
0.0
0.0
0.0
0.0
0.0
0.0
0.0
0.0
0.0
0.0
0.0
0.0
0.0
0.0
0.0
0.0
0.0
0.0
0.0
0.0
0.0
0.0
0.0
0.0
0.0
0.0
0.0
0.0
0.0
0.0
0.0
0.0
0.0
0.0
0.0
0.0
0.0
0.0
0.0
0.0
0.0
0.0
0.0
0.0
0.0
0.0
0.0
0.0
0.0
0.0
0.0
0.0
0.0
0.0
0.0
0.0
0.0
0.0
0.0
0.0
0.0
0.0
0.0
0.0
0.0
0.0
0.0
0.0
0.0
0.0
0.0
0.0
0.0
0.0
0.0
0.0
0.0
0.0
0.0
0.0
0.0
0.0
0.0
0.0
0.0
0.0
0.0
0.0
0.0
0.0
0.0
0.0
0.0
0.0
0.0
0.0
0.0
0.0
0.0
0.0
0.0
0.0
0.0
0.0
0.0
0.0
0.0
0.0
0.0
0.0
0.0
0.0
0.0
0.0
0.0
0.0
0.0
0.0
0.0
0.0
0.0
0.0
0.0
0.0
0.0
0.0
0.0
0.0
0.0
0.0
0.0
0.0
0.0
0.0
0.0
0.0
0.0
0.0
0.0
0.0
0.0
0.0
0.0
0.0
0.0
0.0
0.0
0.0
0.0
0.0
0.0
0.0
0.0
0.0
0.0
0.0
0.0
0.0
0.0
0.0
0.0
0.0
0.0
0.0
0.0
0.0
0.0
0.0
0.0
0.0
0.0
0.0
0.0
0.0
0.0
0.0
0.0
0.0
0.0
0.0
0.0
0.0
0.0
0.0
0.0
0.0
0.0
0.0
0.0
0.0
0.0
0.0
0.0
0.0
0.0
0.0
0.0
0.0
0.0
0.0
0.0
0.0
0.0
0.0
0.0
0.0
0.0
0.0
0.0
0.0
0.0
0.0
0.0
0.0
0.0
0.0
0.0
0.0
0.0
0.0
0.0
0.0
0.0
0.0
0.0
0.0
0.0
0.0
0.0
0.0
0.0
0.0
0.0
0.0
0.0
0.0
0.0
0.0
0.0
0.0
0.0
0.0
0.0
0.0
0.0
0.0
0.0
0.0
0.0
0.0
0.0
0.0
0.0
0.0
0.0
0.0
0.0
0.0
0.0
0.0
0.0
0.0
0.0
0.0
0.0
0.0
0.0
0.0
0.0
0.0
0.0
0.0
0.0
0.0
0.0
0.0
0.0
0.0
0.0
0.0
0.0
0.0
0.0
0.0
0.0
0.0
0.0
0.0
0.0
0.0
0.0
0.0
0.0
0.0
0.0
0.0
0.0
0.0
0.0
0.0
0.0
0.0
0.0
0.0
0.0
0.0
0.0
0.0
0.0
0.0
0.0
0.0
0.0
0.0
0.0
0.0
0.0
0.0
0.0
0.0
0.0
0.0
0.0
0.0
0.0
0.0
0.0
0.0
0.0
0.0
0.0
0.0
0.0
0.0
0.0
0.0
0.0
0.0
0.0
0.0
0.0
0.0
0.0
0.0
0.0
0.0
0.0
0.0
0.0
0.0
0.0
0.0
0.0
0.0
0.0
0.0
0.0
0.0
0.0
0.0
0.0
0.0
0.0
0.0
0.0
0.0
0.0
0.0
0.0
0.0
0.0
0.0
0.0
0.0
0.0
0.0
0.0
0.0
0.0
0.0
0.0
0.0
0.0
0.0
0.0
0.0
0.0
0.0
0.0
0.0
0.0
0.0
0.0
0.0
0.0
0.0
0.0
0.0
0.0
0.0
0.0
0.0
0.0
0.0
0.0
0.0
0.0
0.0
0.0
0.0
0.0
0.0
0.0
0.0
0.0
0.0
0.0
0.0
0.0
0.0
0.0
0.0
0.0
0.0
0.0
0.0
0.0
0.0
0.0
0.0
0.0
0.0
0.0
0.0
0.0
0.0
0.0
0.0
0.0
0.0
0.0
0.0
0.0
0.0
0.0
0.0
0.0
0.0
0.0
0.0
0.0
0.0
0.0
0.0
0.0
0.0
0.0
0.0
0.0
0.0
0.0
0.0
0.0
0.0
0.0
0.0
0.0
0.0
0.0
0.0
0.0
0.0
0.0
0.0
0.0
0.0
0.0
0.0
0.0
0.0
0.0
0.0
0.0
0.0
0.0
0.0
0.0
0.0
0.0
0.0
0.0
0.0
0.0
0.0
0.0
0.0
0.0
0.0
0.0
0.0
0.0
0.0
0.0
0.0
0.0
0.0
0.0
0.0
0.0
0.0
0.0
0.0
0.0
0.0
0.0
0.0
0.0
0.0
0.0
0.0
0.0
0.0
0.0
0.0
0.0
0.0
0.0
0.0
0.0
0.0
0.0
0.0
0.0
0.0
0.0
0.0
0.0
0.0
0.0
0.0
0.0
0.0
0.0
0.0
0.0
0.0
0.0
0.0
0.0
0.0
0.0
0.0
0.0
0.0
0.0
0.0
0.0
0.0
0.0
0.0
0.0
0.0
0.0
0.0
0.0
0.0
0.0
0.0
0.0
0.0
0.0
0.0
0.0
0.0
0.0
0.0
0.0
0.0
0.0
0.0
0.0
0.0
0.0
0.0
0.0
0.0
0.0
0.0
0.0
0.0
0.0
0.0
0.0
0.0
0.0
0.0
0.0
0.0
0.0
0.0
0.0
0.0
0.0
0.0
0.0
0.0
0.0
0.0
0.0
0.0
0.0
0.0
0.0
0.0
0.0
0.0
0.0
0.0
0.0
0.0
0.0
0.0
0.0
0.0
0.0
0.0
0.0
0.0
0.0
0.0
0.0
0.0
0.0
0.0
0.0
0.0
0.0
0.0
0.0
0.0
0.0
0.0
0.0
0.0
0.0
0.0
0.0
0.0
0.0
0.0
0.0
0.0
0.0
0.0
0.0
0.0
0.0
0.0
0.0
0.0
0.0
0.0
0.0
0.0
0.0
0.0
0.0
0.0
0.0
0.0
0.0
0.0
0.0
0.0
0.0
0.0
0.0
0.0
0.0
0.0
0.0
0.0
0.0
0.0
0.0
0.0
0.0
0.0
0.0
0.0
0.0
0.0
0.0
0.0
0.0
0.0
0.0
0.0
0.0
0.0
0.0
0.0
0.0
0.0
0.0
0.0
0.0
0.0
0.0
0.0
0.0
0.0
0.0
0.0
0.0
0.0
0.0
0.0
0.0
0.0
0.0
0.0
0.0
0.0
0.0
0.0
0.0
0.0
0.0
0.0
0.0
0.0
0.0
0.0
0.0
0.0
0.0
0.0
0.0
0.0
0.0
0.0
0.0
0.0
0.0
0.0
0.0
0.0
0.0
0.0
0.0
0.0
0.0
0.0
0.0
0.0
0.0
0.0
0.0
0.0
0.0
0.0
0.0
0.0
0.0
0.0
0.0
0.0
0.0
0.0
0.0
0.0
0.0
0.0
0.0
0.0
0.0
0.0
0.0
0.0
0.0
0.0
0.0
0.0
0.0
0.0
0.0
0.0
0.0
0.0
0.0
0.0
0.0
0.0
0.0
0.0
0.0
0.0
0.0
0.0
0.0
0.0
0.0
0.0
0.0
0.0
0.0
0.0
0.0
0.0
0.0
0.0
0.0
0.0
0.0
0.0
0.0
0.0
0.0
0.0
0.0
0.0
0.0
0.0
0.0
0.0
0.0
0.0
0.0
0.0
0.0
0.0
0.0
0.0
0.0
0.0
0.0
0.0
0.0
0.0
0.0
0.0
0.0
0.0
0.0
0.0
0.0
0.0
0.0
0.0
0.0
0.0
0.0
0.0
0.0
0.0
0.0
0.0
0.0
0.0
0.0
0.0
0.0
0.0
0.0
0.0
0.0
0.0
0.0
0.0
0.0
0.0
0.0
0.0
0.0
0.0
0.0
0.0
0.0
0.0
0.0
0.0
0.0
0.0
0.0
0.0
0.0
0.0
0.0
0.0
0.0
0.0
0.0
0.0
0.0
0.0
0.0
0.0
0.0
0.0
0.0
0.0
0.0
0.0
0.0
0.0
0.0
0.0
0.0
0.0
0.0
0.0
0.0
0.0
0.0
0.0
0.0
0.0
0.0
0.0
0.0
0.0
0.0
0.0
0.0
0.0
0.0
0.0
0.0
0.0
0.0
0.0
0.0
0.0
0.0
0.0
0.0
0.0
0.0
0.0
0.0
0.0
0.0
0.0
0.0
0.0
0.0
0.0
0.0
0.0
0.0
0.0
0.0
0.0
0.0
0.0
0.0
0.0
0.0
0.0
0.0
0.0
0.0
0.0
0.0
0.0
0.0
0.0
0.0
0.0
0.0
0.0
0.0
0.0
0.0
0.0
0.0
0.0
0.0
0.0
0.0
0.0
0.0
0.0
0.0
0.0
0.0
0.0
0.0
0.0
0.0
0.0
0.0
0.0
0.0
0.0
0.0
0.0
0.0
0.0
0.0
0.0
0.0
0.0
0.0
0.0
0.0
0.0
0.0
0.0
0.0
0.0
0.0
0.0
0.0
0.0
0.0
0.0
0.0
0.0
0.0
0.0
0.0
0.0
0.0
0.0
0.0
0.0
0.0
0.0
0.0
0.0
0.0
0.0
0.0
0.0
0.0
0.0
0.0
0.0
0.0
0.0
0.0
0.0
0.0
0.0
0.0
0.0
0.0
0.0
0.0
0.0
0.0
0.0
0.0
0.0
0.0
0.0
0.0
0.0
0.0
0.0
0.0
0.0
0.0
0.0
0.0
0.0
0.0
0.0
0.0
0.0
0.0
0.0
0.0
0.0
0.0
0.0
0.0
0.0
0.0
0.0
0.0
0.0
0.0
0.0
0.0
0.0
0.0
0.0
0.0
0.0
0.0
0.0
0.0
0.0
0.0
0.0
0.0
0.0
0.0
0.0
0.0
0.0
0.0
0.0
0.0
0.0
0.0
0.0
0.0
0.0
0.0
0.0
0.0
0.0
0.0
0.0
0.0
0.0
0.0
0.0
0.0
0.0
0.0
0.0
0.0
0.0
0.0
0.0
0.0
0.0
0.0
0.0
0.0
0.0
0.0
0.0
0.0
0.0
0.0
0.0
0.0
0.0
0.0
0.0
0.0
0.0
0.0
0.0
0.0
0.0
0.0
0.0
0.0
0.0
0.0
0.0
0.0
0.0
0.0
0.0
0.0
0.0
0.0
0.0
0.0
0.0
0.0
0.0
0.0
0.0
0.0
0.0
0.0
0.0
0.0
0.0
0.0
0.0
0.0
0.0
0.0
0.0
0.0
0.0
0.0
0.0
0.0
0.0
0.0
0.0
0.0
0.0
0.0
0.0
0.0
0.0
0.0
0.0
0.0
0.0
0.0
0.0
0.0
0.0
0.0
0.0
0.0
0.0
0.0
0.0
0.0
0.0
0.0
0.0
0.0
0.0
0.0
0.0
0.0
0.0
0.0
0.0
0.0
0.0
0.0
0.0
0.0
0.0
0.0
0.0
0.0
0.0
0.0
0.0
0.0
0.0
0.0
0.0
0.0
0.0
0.0
0.0
0.0
0.0
0.0
0.0
0.0
0.0
0.0
0.0
0.0
0.0
0.0
0.0
0.0
0.0
0.0
0.0
0.0
0.0
0.0
0.0
0.0
0.0
0.0
0.0
0.0
0.0
0.0
0.0
0.0
0.0
0.0
0.0
0.0
0.0
0.0
0.0
0.0
0.0
0.0
0.0
0.0
0.0
0.0
0.0
0.0
0.0
0.0
0.0
0.0
0.0
0.0
0.0
0.0
0.0
0.0
0.0
0.0
0.0
0.0
0.0
0.0
0.0
0.0
0.0
0.0
0.0
0.0
0.0
0.0
0.0
0.0
0.0
0.0
0.0
0.0
0.0
0.0
0.0
0.0
0.0
0.0
0.0
0.0
0.0
0.0
0.0
0.0
0.0
0.0
0.0
0.0
0.0
0.0
0.0
0.0
0.0
0.0
0.0
0.0
0.0
0.0
0.0
0.0
0.0
0.0
0.0
0.0
0.0
0.0
0.0
0.0
0.0
0.0
0.0
0.0
0.0
0.0
0.0
0.0
0.0
0.0
0.0
0.0
0.0
0.0
0.0
0.0
0.0
0.0
0.0
0.0
0.0
0.0
0.0
0.0
0.0
0.0
0.0
0.0
0.0
0.0
0.0
0.0
0.0
0.0
0.0
0.0
0.0
262.1739691094795
262.15708673329635
262.13627307245594
262.1115322815157
262.0828693880359
262.0502902903491
262.01380175514896
261.9734114146138
261.9291277631879
261.88096015407564
261.82891879523385
261.77301474516275
261.71325990826733
261.649667029948
261.5822496912282
261.5110223031754
261.4360001009257
261.3571991374408
261.2746362768375
261.18832918751536
261.09829633493194
261.0045569740544
260.9071311415959
260.80603964782654
260.70130406822744
260.5929467348012
260.4809907271842
260.3654598633657
260.24637869028714
260.1237724741279
259.99766719035284
259.8680895135822
259.73506680713257
259.5986271124476
259.45879913826764
259.3156122496157
259.1690964565849
259.01928240295473
258.8662013546231
258.70988518785674
258.55036637750425
258.3876779848191
258.2218536453923
258.05292755682586
257.8809344663151
257.7059096581192
257.5278889409275
257.34690863512645
257.1630055600156
256.97621702090015
256.7865807961167
256.5941351240529
256.39891869007573
256.20097061342204
256.0003304340731
255.7970380995899
255.59113395193003
255.38265871429812
255.1716534779441
254.9581596889793
254.74221913525247
254.52387393321075
254.30316651481422
254.08013961448037
253.8548362560867
253.62729974002326
253.39757363030373
253.16570174179344
252.93172812742023
252.69569706556817
252.45765304750307
252.21764076494696
251.97570509768062
251.73189110133072
251.4862439952438
251.23880915046928
250.98963207792258
250.7387584165986
250.48623392199406
250.23210445467535
249.9764159689283
249.7192145016373
249.4605461612787
249.20045711710267
248.93899358845226
248.67620183430893
248.41212814293084
248.1468188217389
247.8803201873829
247.6126785559367
247.3439402333374
247.07415150600156
246.80335863162313
246.531607830181
246.25894527516127
245.98541708491825
245.71106931434224
245.43594794663105
245.16009888531664
244.8835679465235
244.60640085139318
244.3286432187289
244.0503405579058
243.77153826188908
243.49228160057208
243.21261571427516
242.932585607471
242.65223614272594
242.37161203486036
242.09075784531592
241.80971797676136
241.52853666788775
241.2472579884233
240.96592583438562
240.6845839235269
240.4032757910037
240.1220447852535
239.84093406409465
239.55998659101502
239.27924513172115
238.99875225082351
238.7185503087923
238.4386814590987
238.15918764555448
237.88011059986965
237.60149183940626
237.32337266512914
237.04579415977338
236.76879718619043
236.49242238590122
236.21671017783333
235.94170075728067
235.6674340950159
235.39394993662415
235.12128780199558
234.84948698502703
234.57858655350427
234.30862534914965
234.03964198786218
233.77167486014028
233.50476213166363
233.23894174407226
232.97425141588923
232.7107286436333
232.44841070309937
232.18733465078455
231.9275373255065
231.66905535015954
231.4119251336433
231.15618287294566
230.90186455538282
230.6490059609861
230.39764266505512
230.14781004084918
0.0
0.0
0.0
0.0
0.0
0.0
0.0
0.0
0.0
0.0
0.0
0.0
0.0
0.0
0.0
0.0
0.0
0.0
0.0
0.0
0.0
0.0
0.0
0.0
0.0
0.0
0.0
0.0
0.0
0.0
0.0
0.0
0.0
0.0
0.0
0.0
0.0
0.0
0.0
0.0
0.0
0.0
0.0
0.0
0.0
0.0
0.0
0.0
0.0
0.0
0.0
0.0
0.0
0.0
0.0
0.0
0.0
0.0
0.0
0.0
0.0
0.0
0.0
0.0
0.0
0.0
0.0
0.0
0.0
0.0
0.0
0.0
0.0
0.0
0.0
0.0
0.0
0.0
0.0
0.0
0.0
0.0
0.0
0.0
0.0
0.0
0.0
0.0
0.0
0.0
0.0
0.0
0.0
0.0
0.0
0.0
0.0
0.0
0.0
0.0
0.0
0.0
0.0
0.0
0.0
0.0
0.0
0.0
0.0
0.0
0.0
0.0
0.0
0.0
0.0
0.0
0.0
0.0
0.0
0.0
0.0
0.0
0.0
0.0
0.0
0.0
0.0
0.0
0.0
0.0
0.0
0.0
0.0
0.0
0.0
0.0
0.0
0.0
0.0
0.0
0.0
0.0
0.0
0.0
0.0
0.0
0.0
0.0
0.0
0.0
0.0
0.0
0.0
0.0
0.0
0.0
0.0
0.0
0.0
0.0
0.0
0.0
0.0
0.0
0.0
0.0
0.0
0.0
0.0
0.0
0.0
0.0
0.0
0.0
0.0
0.0
0.0
0.0
0.0
0.0
0.0
0.0
0.0
0.0
0.0
0.0
0.0
0.0
0.0
0.0
0.0
0.0
0.0
0.0
0.0
0.0
0.0
0.0
0.0
0.0
0.0
0.0
0.0
0.0
0.0
0.0
0.0
0.0
0.0
0.0
0.0
0.0
0.0
0.0
0.0
0.0
0.0
0.0
0.0
0.0
0.0
0.0
0.0
0.0
0.0
0.0
0.0
0.0
0.0
0.0
0.0
0.0
0.0
0.0
0.0
0.0
0.0
0.0
0.0
0.0
0.0
0.0
0.0
0.0
0.0
0.0
0.0
0.0
0.0
0.0
0.0
0.0
0.0
0.0
0.0
0.0
0.0
0.0
0.0
0.0
0.0
0.0
0.0
0.0
0.0
0.0
0.0
0.0
0.0
0.0
0.0
0.0
0.0
0.0
0.0
0.0
0.0
0.0
0.0
0.0
0.0
0.0
0.0
0.0
0.0
0.0
0.0
0.0
0.0
0.0
0.0
0.0
0.0
0.0
0.0
0.0
0.0
0.0
0.0
0.0
0.0
0.0
0.0
0.0
0.0
0.0
0.0
0.0
0.0
0.0
0.0
0.0
0.0
0.0
0.0
0.0
0.0
0.0
0.0
0.0
0.0
0.0
0.0
0.0
0.0
0.0
0.0
0.0
0.0
0.0
0.0
0.0
0.0
0.0
0.0
0.0
0.0
0.0
0.0
0.0
0.0
0.0
0.0
0.0
0.0
0.0
0.0
0.0
0.0
0.0
0.0
0.0
0.0
0.0
0.0
0.0
0.0
0.0
0.0
0.0
0.0
0.0
0.0
0.0
0.0
0.0
0.0
0.0
0.0
0.0
0.0
0.0
0.0
0.0
0.0
0.0
0.0
0.0
0.0
0.0
0.0
0.0
0.0
0.0
0.0
0.0
0.0
0.0
0.0
0.0
0.0
0.0
0.0
0.0
0.0
0.0
0.0
0.0
0.0
0.0
0.0
0.0
0.0
0.0
0.0
0.0
0.0
0.0
0.0
0.0
0.0
0.0
0.0
0.0
0.0
0.0
0.0
0.0
0.0
0.0
0.0
0.0
0.0
0.0
0.0
0.0
0.0
0.0
0.0
0.0
0.0
0.0
0.0
0.0
0.0
0.0
0.0
0.0
0.0
0.0
0.0
0.0
0.0
0.0
0.0
0.0
0.0
0.0
0.0
0.0
0.0
0.0
0.0
0.0
0.0
0.0
0.0
0.0
0.0
0.0
0.0
0.0
0.0
0.0
0.0
0.0
0.0
0.0
0.0
0.0
0.0
0.0
0.0
0.0
0.0
0.0
0.0
0.0
0.0
0.0
0.0
0.0
0.0
0.0
0.0
0.0
0.0
0.0
0.0
0.0
0.0
0.0
0.0
0.0
0.0
0.0
0.0
0.0
0.0
0.0
0.0
0.0
0.0
0.0
0.0
0.0
0.0
0.0
0.0
0.0
0.0
0.0
0.0
0.0
0.0
0.0
0.0
0.0
0.0
0.0
0.0
0.0
0.0
0.0
0.0
0.0
0.0
0.0
0.0
0.0
0.0
0.0
0.0
0.0
0.0
0.0
0.0
0.0
0.0
0.0
0.0
0.0
0.0
0.0
0.0
0.0
0.0
0.0
0.0
0.0
0.0
0.0
0.0
0.0
0.0
0.0
0.0
0.0
0.0
0.0
0.0
0.0
0.0
0.0
0.0
0.0
0.0
0.0
0.0
0.0
0.0
0.0
0.0
0.0
0.0
0.0
0.0
0.0
0.0
0.0
0.0
0.0
0.0
0.0
0.0
0.0
0.0
0.0
0.0
299.6517434269537
299.67345274032897
299.68824913332895
299.6961283498448
299.69708789332805
299.69112702828113
299.6782467805203
299.6584499366988
299.6317410427225
299.5981264012196
299.5576140680019
299.5102138476421
299.45593728797684
299.39479767364463
299.3268100187724
299.25199105863646
299.1703592403718
299.081934712869
298.98673931553293
298.88479656632984
298.7761316489347
298.66077139881605
298.5387442886522
298.41008041278616
298.27481147094886
298.13297075098797
297.98459311096707
297.82971496039295
297.6683742407733
297.5006104052316
297.3264643976864
297.14597863103984
296.95919696489995
296.76616468254156
296.5669284672724
296.3615363781236
296.1500378251573
295.93248354385526
295.7089255692503
295.47941720952787
295.2440130190132
295.0027687707543
294.755741428727
294.50298911953786
294.2445711037453
293.98054774690513
293.7109804902159
293.43593182085436
293.1554652421224
292.8696452431616
292.5785372686045
292.28220768800287
291.9807237649637
291.67415362624206
291.3625662307522
291.0460313383016
290.72461947843306
290.3984019191198
290.06745063546475
289.7318382784318
289.3916381435336
289.04692413959157
288.69777075761033
288.34425303969664
287.9864465481179
287.62442733449325
287.258271909113
286.88805721057275
286.5138605753523
286.13575970786724
285.7538326506422
285.3681577547228
284.9788136504428
284.5858792184472
284.1894335609941
283.789555973602
283.38632591706755
282.9798229898241
282.5701269006481
282.15731744181636
281.7414744625609
281.322677843018
280.9010074686066
280.4765432047486
280.0493648721278
279.6195522223983
279.1871849142702
278.75234249017376
278.315104353343
277.87554974539694
277.43375772445467
276.9898071437007
276.54377663046375
276.0957445658468
275.64578906484354
275.1939879569882
274.74041876750886
274.28515869905664
273.82828461391057
273.36987301672366
272.91000003783796
272.44874141710113
271.98617248822364
271.5223681636764
271.05740292010506
270.5913507843184
270.124285319733
269.65627961342426
269.1874062636485
268.7177373679445
268.2473445116759
267.77629875716957
267.3046706333161
266.8325301257257
266.35994666731773
265.88698912950224
265.41372581376885
264.94022444382585
264.4665521581999
263.9927755033156
263.5189604270451
263.04517227276057
262.57147577376406
262.0979350482545
261.6246135947094
261.15157428769174
260.6788793741119
260.20659046992165
259.7347685571769
259.26347398158583
258.79276645039073
258.3227050306904
257.8533481481327
257.38475358599857
256.91697848463656
256.4500793412856
255.98411201024538
255.51913170339012
255.05519299104301
254.59234980315065
254.1306554308152
253.67016252812817
253.21092311431482
252.75298857618134
252.29640967086985
251.84123652886447
251.387518657313
250.93530494360445
250.48464365920495
250.03558246376014
249.58816840943933
249.14244794552764
248.6984669232379
248.25627060077258
247.81590364857868
247.3774101548418
246.94083363116678
246.5062170184699
246.07360269305897
245.64303247289703
245.2145476240607
244.78818886734504
244.36399638507427
243.94200982803665
243.5222683226023
243.1048104779781
242.68967439361512
242.27689766675033
241.8665174000868
241.45857020959616
241.0530922324605
240.65011913511265
240.24968612141234
239.8518279409167
239.45657889726974
239.06397285667998
238.67404325650855
238.28682311394508
237.9023450347714
237.52064122221748
237.14174348589938
236.7656832508278
236.39249156650945
236.02219911610663
235.65483622567544
235.29043287347258
234.92901869931868
234.5706230140413
234.21527480895665
233.86300276542931
233.51383526447944
233.16780039644485
232.82492597069364
232.4852395254014
232.14876833736201
231.81553943185375
231.4855795925591
231.15891537152413
230.8355730991634
230.51557889431717
0.0
0.0
0.0
0.0
0.0
0.0
0.0
0.0
0.0
0.0
0.0
0.0
0.0
0.0
0.0
0.0
0.0
0.0
0.0
0.0
0.0
0.0
0.0
0.0
0.0
0.0
0.0
0.0
0.0
0.0
0.0
0.0
0.0
0.0
0.0
0.0
0.0
0.0
0.0
0.0
0.0
0.0
0.0
0.0
0.0
0.0
0.0
0.0
0.0
0.0
0.0
0.0
0.0
0.0
0.0
0.0
0.0
0.0
0.0
0.0
0.0
0.0
0.0
0.0
0.0
0.0
0.0
0.0
0.0
0.0
0.0
0.0
0.0
0.0
0.0
0.0
0.0
0.0
0.0
0.0
0.0
0.0
0.0
0.0
0.0
0.0
0.0
0.0
0.0
0.0
0.0
0.0
0.0
0.0
0.0
0.0
0.0
0.0
0.0
0.0
0.0
0.0
0.0
0.0
0.0
0.0
0.0
0.0
0.0
0.0
0.0
0.0
0.0
0.0
0.0
0.0
0.0
0.0
0.0
0.0
0.0
0.0
0.0
0.0
0.0
0.0
0.0
0.0
0.0
0.0
0.0
0.0
0.0
0.0
0.0
0.0
0.0
0.0
0.0
0.0
0.0
0.0
0.0
0.0
0.0
0.0
0.0
0.0
0.0
0.0
0.0
0.0
0.0
0.0
0.0
0.0
0.0
0.0
0.0
0.0
0.0
0.0
0.0
0.0
0.0
0.0
0.0
0.0
0.0
0.0
0.0
0.0
0.0
0.0
0.0
0.0
0.0
0.0
0.0
0.0
0.0
0.0
0.0
0.0
0.0
0.0
0.0
0.0
0.0
0.0
0.0
0.0
0.0
0.0
0.0
0.0
0.0
0.0
0.0
0.0
0.0
0.0
0.0
0.0
0.0
0.0
0.0
0.0
0.0
0.0
0.0
0.0
0.0
0.0
0.0
0.0
0.0
0.0
0.0
0.0
0.0
0.0
0.0
0.0
0.0
0.0
0.0
0.0
0.0
0.0
0.0
0.0
0.0
0.0
0.0
0.0
0.0
0.0
0.0
0.0
0.0
0.0
0.0
0.0
0.0
0.0
0.0
0.0
0.0
0.0
0.0
0.0
0.0
0.0
0.0
0.0
0.0
0.0
0.0
0.0
0.0
0.0
0.0
0.0
0.0
0.0
0.0
0.0
0.0
0.0
0.0
0.0
0.0
0.0
0.0
0.0
0.0
0.0
0.0
0.0
0.0
0.0
0.0
0.0
0.0
0.0
0.0
0.0
0.0
0.0
0.0
0.0
0.0
0.0
0.0
0.0
0.0
0.0
0.0
0.0
0.0
0.0
0.0
0.0
0.0
0.0
0.0
0.0
0.0
0.0
0.0
0.0
0.0
0.0
0.0
0.0
0.0
0.0
0.0
0.0
0.0
0.0
0.0
0.0
0.0
0.0
0.0
0.0
0.0
0.0
0.0
0.0
0.0
0.0
0.0
0.0
0.0
0.0
0.0
0.0
0.0
0.0
0.0
0.0
0.0
0.0
0.0
0.0
0.0
0.0
0.0
0.0
0.0
0.0
0.0
0.0
0.0
0.0
0.0
0.0
0.0
0.0
0.0
0.0
0.0
0.0
0.0
0.0
0.0
0.0
0.0
0.0
0.0
0.0
0.0
0.0
0.0
0.0
0.0
0.0
0.0
0.0
0.0
0.0
0.0
0.0
0.0
0.0
0.0
0.0
0.0
0.0
0.0
0.0
0.0
0.0
0.0
0.0
0.0
0.0
0.0
0.0
0.0
0.0
0.0
0.0
0.0
0.0
0.0
0.0
0.0
0.0
0.0
0.0
0.0
0.0
0.0
0.0
0.0
0.0
0.0
0.0
0.0
0.0
0.0
0.0
0.0
0.0
0.0
0.0
0.0
0.0
0.0
0.0
0.0
0.0
0.0
0.0
0.0
0.0
0.0
0.0
0.0
0.0
0.0
0.0
0.0
0.0
0.0
0.0
0.0
0.0
0.0
0.0
0.0
0.0
0.0
0.0
0.0
0.0
0.0
0.0
0.0
0.0
0.0
0.0
0.0
0.0
0.0
0.0
0.0
0.0
0.0
0.0
0.0
0.0
0.0
0.0
0.0
0.0
0.0
0.0
0.0
0.0
0.0
0.0
0.0
0.0
0.0
0.0
0.0
0.0
0.0
0.0
0.0
0.0
0.0
0.0
0.0
0.0
0.0
0.0
0.0
0.0
0.0
0.0
0.0
0.0
0.0
0.0
0.0
0.0
0.0
0.0
0.0
0.0
0.0
0.0
0.0
0.0
0.0
0.0
0.0
0.0
0.0
0.0
0.0
0.0
0.0
0.0
0.0
0.0
0.0
0.0
0.0
0.0
0.0
0.0
0.0
0.0
0.0
0.0
0.0
0.0
0.0
0.0
0.0
0.0
353.4967680264517
353.57514101390973
353.6415600409485
353.69600389890405
353.7384550935172
353.7688998579487
353.7873281626388
353.79373372278803
353.7881140029216
353.7704702187433
353.7408073363693
353.69913406854585
353.64546286840255
353.5798099203147
353.50219512822645
353.41264210095954
353.3111781351665
353.1978341954243
353.07264489185565
352.9356484550085
352.7868867081565
352.62640503724003
352.4542523581823
352.27048108177326
352.07514707630196
351.86830962752725
351.65003139678504
351.4203783764322
351.1794198434033
350.9272283106265
350.6638794761747
350.389452170676
350.1040283026548
349.8076928021498
349.50053356243586
349.18264138003315
348.8541098932255
348.5150355189014
348.165517388058
347.805657279689
347.4355595535934
347.05533108182317
346.665081178995
346.2649215316563
345.85496612640986
345.4353311774035
345.0061350528326
344.56749820086156
344.1195430746469
343.6623940571111
343.19617738492417
342.7210210722685
342.2370548342959
341.7444100101584
341.24321948606035
340.73361761813754
340.21574015530075
339.68972416234215
339.1557079427912
338.61383096237415
338.06423377254185
337.5070579344735
336.9424459433449
336.37054115323207
335.7914877024773
335.20543043975704
334.61251485072313
334.01288698539264
333.4066933863929
332.79408101798055
332.17519719603075
331.55018951882664
330.91920579897817
330.2823939963579
329.6399021519916
328.9918783232229
328.338470519932
327.6798266419912
327.0160944179073
326.3474213447859
325.67395462950907
324.9958411312226
324.3132273052352
323.62625914819284
322.9350821447213
322.239841215331
321.5406806658629
320.8377441382878
320.13117456298744
319.4211141124393
318.70770415635434
317.9910852183252
317.27139693389154
316.5487780100759
315.8233661864518
315.09529819752896
314.36470973679184
313.6317354220086
312.8965087621623
312.15916212567714
311.41982671018144
310.6786325136512
309.93570830699593
309.1911816079838
308.44517865664363
307.6978243919447
306.94924242989845
306.19955504299054
305.4488831408677
304.69734625242427
303.9450625090917
303.1921486294382
302.4387199049701
301.6848901871611
300.9307718756913
300.1764759078402
299.4221117490541
298.66778738458464
297.9136093122815
297.1596825364404
296.406110562678
295.652995393876
294.9004375270739
294.14853595137674
293.3973881467858
292.64709008395596
291.8977362248583
291.1494195242911
290.40223143225325
289.6562618971167
288.9115993696242
288.1683308076028
287.4265416814602
286.68631598037445
285.9477362191803
285.21088344592397
284.47583725003653
283.7426757711513
283.01147570849554
282.2823123308556
281.55525948707714
280.83038961709457
280.1077737634648
279.38748158335426
278.66958136100027
277.95414002059334
277.24122313957133
276.53089496230893
275.8232184141686
275.11825511590075
274.41606539838233
273.71670831765516
273.0202416702649
272.3267220088615
271.6362046580744
270.9487437306113
270.2643921435785
269.58320163502015
268.90522278063094
268.2305050106575
267.5590966269477
266.89104482015404
266.22639568705887
265.56519424802866
264.90748446455933
264.25330925692555
263.602710521896
262.9557291505356
262.3124050460435
261.6727771416524
261.0368834185466
260.40476092383045
259.77644578848236
259.1519732453403
258.5313776470687
257.914692484118
257.30195040267563
256.6931832225731
256.08842195517803
255.4876968212233
254.89103726861507
254.2984719901639
253.71002894127594
253.1257353575628
252.54561777239374
251.96970203436996
251.3980133247192
250.83057617460528
250.26741448236137
249.70855153060208
249.15401000329487
248.60381200268216
248.05797906613626
247.51653218289363
246.97949181070092
246.4468778923442
245.91870987207892
245.39500671193335
244.87578690792492
244.36106850615653
243.8508691187957
243.34520593994196
242.84409576138586
242.34755498825842
241.85559965456267
241.36824543858435
240.8855076782129
240.4074013861348
239.93394126491455
239.46514172197874
239.0010168844863
238.54158061408452
238.08684652157436
237.63682798146436
237.19153814642792
236.75098996164397
236.31519617906955
235.88416937159607
235.45792194712033
235.03646616252541
234.61981413756112
234.20797786867678
233.8009692427354
233.3988000506633
233.0014820010264
232.60902673353715
232.221445832488
231.83875084013147
231.46095326997496
231.0880646200508
230.7200963861178
230.35706007481198
0.0
0.0
0.0
0.0
0.0
0.0
0.0
0.0
0.0
0.0
0.0
0.0
0.0
0.0
0.0
0.0
0.0
0.0
0.0
0.0
0.0
0.0
0.0
0.0
0.0
0.0
0.0
0.0
0.0
0.0
0.0
0.0
0.0
0.0
0.0
0.0
0.0
0.0
0.0
0.0
0.0
0.0
0.0
0.0
0.0
0.0
0.0
0.0
0.0
0.0
0.0
0.0
0.0
0.0
0.0
0.0
0.0
0.0
0.0
0.0
0.0
0.0
0.0
0.0
0.0
0.0
0.0
0.0
0.0
0.0
0.0
0.0
0.0
0.0
0.0
0.0
0.0
0.0
0.0
0.0
0.0
0.0
0.0
0.0
0.0
0.0
0.0
0.0
0.0
0.0
0.0
0.0
0.0
0.0
0.0
0.0
0.0
0.0
0.0
0.0
0.0
0.0
0.0
0.0
0.0
0.0
0.0
0.0
0.0
0.0
0.0
0.0
0.0
0.0
0.0
0.0
0.0
0.0
0.0
0.0
0.0
0.0
0.0
0.0
0.0
0.0
0.0
0.0
0.0
0.0
0.0
0.0
0.0
0.0
0.0
0.0
0.0
0.0
0.0
0.0
0.0
0.0
0.0
0.0
0.0
0.0
0.0
0.0
0.0
0.0
0.0
0.0
0.0
0.0
0.0
0.0
0.0
0.0
0.0
0.0
0.0
0.0
0.0
0.0
0.0
0.0
0.0
0.0
0.0
0.0
0.0
0.0
0.0
0.0
0.0
0.0
0.0
0.0
0.0
0.0
0.0
0.0
0.0
0.0
0.0
0.0
0.0
0.0
0.0
0.0
0.0
0.0
0.0
0.0
0.0
0.0
0.0
0.0
0.0
0.0
0.0
0.0
0.0
0.0
0.0
0.0
0.0
0.0
0.0
0.0
0.0
0.0
0.0
0.0
0.0
0.0
0.0
0.0
0.0
0.0
0.0
0.0
0.0
0.0
0.0
0.0
0.0
0.0
0.0
0.0
0.0
0.0
0.0
0.0
0.0
0.0
0.0
0.0
0.0
0.0
0.0
0.0
0.0
0.0
0.0
0.0
0.0
0.0
0.0
0.0
0.0
0.0
0.0
0.0
0.0
0.0
0.0
0.0
0.0
0.0
0.0
0.0
0.0
0.0
0.0
0.0
0.0
0.0
0.0
0.0
0.0
0.0
0.0
0.0
0.0
0.0
0.0
0.0
0.0
0.0
0.0
0.0
0.0
0.0
0.0
0.0
0.0
0.0
0.0
0.0
0.0
0.0
0.0
0.0
0.0
0.0
0.0
0.0
0.0
0.0
0.0
0.0
0.0
0.0
0.0
0.0
0.0
0.0
0.0
0.0
0.0
0.0
0.0
0.0
0.0
0.0
0.0
0.0
0.0
0.0
0.0
0.0
0.0
0.0
0.0
0.0
0.0
0.0
0.0
0.0
0.0
0.0
0.0
0.0
0.0
0.0
0.0
0.0
0.0
0.0
0.0
0.0
0.0
0.0
0.0
0.0
0.0
0.0
0.0
0.0
0.0
0.0
0.0
0.0
0.0
0.0
0.0
0.0
0.0
0.0
0.0
0.0
0.0
0.0
0.0
0.0
0.0
0.0
0.0
0.0
0.0
0.0
0.0
0.0
0.0
0.0
0.0
0.0
0.0
0.0
0.0
0.0
0.0
0.0
0.0
0.0
0.0
0.0
0.0
0.0
0.0
0.0
0.0
0.0
0.0
0.0
0.0
0.0
0.0
0.0
0.0
0.0
0.0
0.0
0.0
0.0
0.0
0.0
0.0
0.0
0.0
0.0
0.0
0.0
0.0
0.0
0.0
0.0
0.0
0.0
0.0
0.0
0.0
0.0
0.0
0.0
0.0
0.0
0.0
0.0
0.0
0.0
0.0
0.0
0.0
0.0
0.0
0.0
0.0
0.0
0.0
0.0
0.0
0.0
0.0
0.0
0.0
0.0
0.0
0.0
0.0
0.0
0.0
0.0
0.0
0.0
0.0
0.0
0.0
0.0
0.0
0.0
0.0
0.0
0.0
0.0
0.0
0.0
0.0
0.0
0.0
0.0
0.0
0.0
0.0
0.0
0.0
0.0
0.0
0.0
0.0
0.0
0.0
0.0
0.0
0.0
0.0
0.0
0.0
0.0
0.0
0.0
0.0
0.0
0.0
0.0
0.0
0.0
0.0
0.0
0.0
0.0
0.0
0.0
0.0
0.0
0.0
0.0
0.0
0.0
0.0
0.0
0.0
0.0
0.0
0.0
0.0
0.0
0.0
0.0
0.0
0.0
0.0
0.0
0.0
0.0
0.0
0.0
0.0
0.0
0.0
0.0
0.0
0.0
0.0
0.0
0.0
0.0
0.0
0.0
0.0
0.0
0.0
0.0
0.0
0.0
0.0
0.0
367.03301340636364
366.94740948455296
366.85065606821576
366.7427793648115
366.6238085746065
366.4937758720977
366.3527163852619
366.2006681730082
366.0376722009572
365.86377231541013
365.67901521542615
365.48345042332573
365.2771302533314
365.06010977885353
364.83244679790306
364.5942017969587
364.34543791343185
364.0862208966402
363.81661906715846
363.53670327509275
363.24654685650097
362.94622558917496
362.6358176465511
362.3154035509479
361.9850661251796
361.64489044351427
361.2949637813097
360.93537556365766
360.56621731336185
360.187582597788
359.799566974913
359.40226793874456
358.99578486400503
358.5802189500562
358.1556731643554
357.7222521852116
357.2800623443409
356.82921156873266
356.3698093222142
355.901966546777
355.4257956036502
354.94141021408467
354.4489253999457
353.9484574244494
353.4401237326004
352.9240428918186
352.40033453235856
351.8691192883144
351.3305187383114
350.7846553466776
350.23165240469086
349.6716339723452
349.1047248203895
348.5310503724357
347.9507366481169
347.3639102061954
346.7706980884363
346.1712277638758
345.5656270739105
344.95402417777507
344.3365474988575
343.71332567146044
343.08448748869006
342.4501618507364
341.81047771401734
341.16556404130944
340.51554975250184
339.8605636763292
339.2007345029204
338.53619073729266
337.86706065383044
337.19347225158134
336.51555321052626
335.8334308489836
335.1472320818193
334.45708337970075
333.76311072949244
333.0654395954537
332.3641948817209
331.65950089557805
330.9514813120023
330.24025913909793
329.52595668467137
328.80869552378635
328.0885964675109
327.3657795325961
326.6403639122345
325.9124679479715
325.1822091025426
324.4497039338678
323.7150680699714
322.97841618512064
322.2398619767833
321.49951814381757
320.7574963654979
320.0139072817014
319.2688604740031
318.5224644477527
317.7748266152122
317.0260532795853
316.27624962000095
315.5255196774729
314.77396634180616
314.0216913393292
313.26879522161926
312.51537735502745
311.76153591116474
311.0073678581745
310.2529689528361
309.49843373353843
308.74385551404316
307.98932637800993
307.2349371742951
306.4807775130558
305.7269357625237
304.9734990465486
304.2205532427913
303.4681829816513
302.7164716458721
301.96550137071193
301.2153530448151
300.466106311701
299.7178395718168
298.97062998515025
298.224553474481
297.47968472909247
296.73609720906774
295.9938631500224
295.2530535684348
294.5137382673511
293.77598584261074
293.0398636894519
292.3054380096275
291.5727738188606
290.8419349546909
290.1129840847552
289.38598271536983
288.66099120048386
287.9380687509554
287.21727344415456
286.49866223385425
285.78229096042065
285.0682143612409
284.3564860814632
283.6471586849524
282.9402836654457
282.23591145799793
281.5340914505797
280.83487199586665
280.1383004232527
279.4444230509871
278.7532851985055
278.0649311988719
277.3794044113861
276.69674723430694
276.017001117689
275.34020657630924
274.666403202733
273.9956296804036
273.3279237968636
272.66332245700966
272.001861696418
271.34357669472456
270.6885017890372
270.03667048738595
269.3881154822192
268.7428686638766
268.10096113412493
267.4624232196634
266.82728448564643
266.19557374920146
265.5673190929174
264.9425478783401
264.3212867594244
263.70356169596363
263.08939796699383
262.47882018414583
261.8718523049605
261.26851764617174
260.6688388969053
260.0728381318575
259.48053682439445
258.8919558595951
258.3071155472263
257.726035634659
257.14873531970045
256.5752332633667
256.00554760255807
255.43969596268153
254.8776954701796
254.3195627649579
253.76531401277876
253.21496491750736
252.66853073332229
252.12602627679766
251.58746593892093
251.0528636970157
250.52223312655917
249.99558741291443
249.4729393629844
248.95430141673657
248.43968565867425
247.92910382917898
247.4225673357817
246.92008726432843
246.42167439004788
245.92733918853588
245.43709184663865
244.95094227323506
244.46890010994665
243.99097474173848
243.51717530741732
243.0475107100728
242.5819896273952
242.12062052192314
241.66341165119312
241.2103710778022
240.76150667939973
240.31682615856883
239.87633705263946
239.44004674342952
239.00796246687992
238.58009132262927
238.1564402835045
237.73701620494938
237.32182583434437
236.91087582029525
236.5041727218277
236.10172301752073
235.70353311456594
235.30960935777324
234.91995803851196
234.53458540358605
234.15349766405518
233.7767010039931
233.40420158921737
233.03600557593003
232.6721191193381
232.31254838222253
231.95729954346052
231.60637880649566
231.25979240779304
230.91754662524463
230.57964778653462
0.0
0.0
0.0
0.0
0.0
0.0
0.0
0.0
0.0
0.0
0.0
0.0
0.0
0.0
0.0
0.0
0.0
0.0
0.0
0.0
0.0
0.0
0.0
0.0
0.0
0.0
0.0
0.0
0.0
0.0
0.0
0.0
0.0
0.0
0.0
0.0
0.0
0.0
0.0
0.0
0.0
0.0
0.0
0.0
0.0
0.0
0.0
0.0
0.0
0.0
0.0
0.0
0.0
0.0
0.0
0.0
0.0
0.0
0.0
0.0
0.0
0.0
0.0
0.0
0.0
0.0
0.0
0.0
0.0
0.0
0.0
0.0
0.0
0.0
0.0
0.0
0.0
0.0
0.0
0.0
0.0
0.0
0.0
0.0
0.0
0.0
0.0
0.0
0.0
0.0
0.0
0.0
0.0
0.0
0.0
0.0
0.0
0.0
0.0
0.0
0.0
0.0
0.0
0.0
0.0
0.0
0.0
0.0
0.0
0.0
0.0
0.0
0.0
0.0
0.0
0.0
0.0
0.0
0.0
0.0
0.0
0.0
0.0
0.0
0.0
0.0
0.0
0.0
0.0
0.0
0.0
0.0
0.0
0.0
0.0
0.0
0.0
0.0
0.0
0.0
0.0
0.0
0.0
0.0
0.0
0.0
0.0
0.0
0.0
0.0
0.0
0.0
0.0
0.0
0.0
0.0
0.0
0.0
0.0
0.0
0.0
0.0
0.0
0.0
0.0
0.0
0.0
0.0
0.0
0.0
0.0
0.0
0.0
0.0
0.0
0.0
0.0
0.0
0.0
0.0
0.0
0.0
0.0
0.0
0.0
0.0
0.0
0.0
0.0
0.0
0.0
0.0
0.0
0.0
0.0
0.0
0.0
0.0
0.0
0.0
0.0
0.0
0.0
0.0
0.0
0.0
0.0
0.0
0.0
0.0
0.0
0.0
0.0
0.0
0.0
0.0
0.0
0.0
0.0
0.0
0.0
0.0
0.0
0.0
0.0
0.0
0.0
0.0
0.0
0.0
0.0
0.0
0.0
0.0
0.0
0.0
0.0
0.0
0.0
0.0
0.0
0.0
0.0
0.0
0.0
0.0
0.0
0.0
0.0
0.0
0.0
0.0
0.0
0.0
0.0
0.0
0.0
0.0
0.0
0.0
0.0
0.0
0.0
0.0
0.0
0.0
0.0
0.0
0.0
0.0
0.0
0.0
0.0
0.0
0.0
0.0
0.0
0.0
0.0
0.0
0.0
0.0
0.0
0.0
0.0
0.0
0.0
0.0
0.0
0.0
0.0
0.0
0.0
0.0
0.0
0.0
0.0
0.0
0.0
0.0
0.0
0.0
0.0
0.0
0.0
0.0
0.0
0.0
0.0
0.0
0.0
0.0
0.0
0.0
0.0
0.0
0.0
0.0
0.0
0.0
0.0
0.0
0.0
0.0
0.0
0.0
0.0
0.0
0.0
0.0
0.0
0.0
0.0
0.0
0.0
0.0
0.0
0.0
0.0
0.0
0.0
0.0
0.0
0.0
0.0
0.0
0.0
0.0
0.0
0.0
0.0
0.0
0.0
0.0
0.0
0.0
0.0
0.0
0.0
0.0
0.0
0.0
0.0
0.0
0.0
0.0
0.0
0.0
0.0
0.0
0.0
0.0
0.0
0.0
0.0
0.0
0.0
0.0
0.0
0.0
0.0
0.0
0.0
0.0
0.0
0.0
0.0
0.0
0.0
0.0
0.0
0.0
0.0
0.0
0.0
0.0
0.0
0.0
0.0
0.0
0.0
0.0
0.0
0.0
0.0
0.0
0.0
0.0
0.0
0.0
0.0
0.0
0.0
0.0
0.0
0.0
0.0
0.0
0.0
0.0
0.0
0.0
0.0
0.0
0.0
0.0
0.0
0.0
0.0
0.0
0.0
0.0
0.0
0.0
0.0
0.0
0.0
0.0
0.0
0.0
0.0
0.0
0.0
0.0
0.0
0.0
0.0
0.0
0.0
0.0
0.0
0.0
0.0
0.0
0.0
0.0
0.0
0.0
0.0
0.0
0.0
0.0
0.0
0.0
0.0
0.0
0.0
0.0
0.0
0.0
0.0
0.0
0.0
0.0
0.0
0.0
0.0
0.0
0.0
0.0
0.0
0.0
0.0
0.0
0.0
0.0
0.0
0.0
0.0
0.0
0.0
0.0
0.0
0.0
0.0
0.0
0.0
0.0
0.0
0.0
0.0
0.0
0.0
0.0
0.0
0.0
0.0
0.0
0.0
0.0
0.0
0.0
0.0
0.0
0.0
0.0
0.0
0.0
0.0
0.0
0.0
0.0
0.0
0.0
0.0
0.0
0.0
0.0
0.0
0.0
0.0
0.0
0.0
0.0
0.0
0.0
0.0
0.0
0.0
0.0
0.0
0.0
0.0
0.0
0.0
0.0
0.0
0.0
0.0
0.0
0.0
0.0
0.0
0.0
0.0
0.0
0.0
0.0
0.0
0.0
0.0
0.0
0.0
0.0
0.0
0.0
0.0
0.0
0.0
0.0
0.0
0.0
0.0
0.0
0.0
0.0
0.0
0.0
0.0
0.0
0.0
0.0
0.0
0.0
304.9743509907249
304.8939536935192
304.807539565927
304.7151269940898
304.61673562453075
304.5123863546859
304.4021013230028
304.2859038986473
304.16381867047664
304.0358714354557
303.90208918678826
303.762500101201
303.61713352595973
303.4660199653619
303.30919106664624
303.1466796054293
302.9785194708789
302.80474565022666
302.62539421287124
302.44050229424346
302.2501080790798
302.05425078430153
301.85297064171414
301.64630888012437
301.4343077072466
301.217010291161
300.9944607415717
300.76670409077076
300.5337862741177
300.29575411053315
300.05265528252824
299.8045383159988
299.55145255997843
299.29344816600894
299.03057606724633
298.7628879577263
298.49043627113093
298.21327415948593
297.93145547189107
297.6450347329518
297.35406712113434
297.05860844719894
296.7587151323223
296.45444418633645
296.1458531859302
295.833000252729
295.5159440313723
295.1947436677391
294.8694587870362
294.54014947195344
294.20687624090203
293.86970002640464
293.5286821532643
293.1838843171757
292.83536856320876
292.4831972644308
292.12743310079196
291.7681390379452
291.4053783063569
291.03921438056716
290.6697109585515
290.2969319413188
289.9209414126398
289.5418036191109
289.1595829502451
288.7743439189206
288.3861511420594
287.9950693213948
287.60116322470185
287.20449766710493
286.8051374927486
286.40314755664855
285.9985927069608
285.5915377673608
285.18204751983905
284.7701866877562
284.3560199191909
283.93961177054007
283.521026690556
283.10032900459584
282.6775828991877
282.2528524069789
281.82620139201276
281.3976935352204
280.96739232040255
280.5353610204713
280.101662683937
279.6663601219371
279.22951589540486
278.7911923027123
278.3514513676088
277.9103548275009
277.467964122039
277.0243403821473
276.57954441930895
276.1336367152071
275.6866774117329
275.2387263013701
274.7898428177954
274.34008602697725
273.8895146185015
273.43818689724014
272.98616077544034
272.53349376506225
272.08024297041396
271.62646508128086
271.17221636619377
270.7175526661013
270.26252938839076
269.80720150116434
269.3516235278457
268.8958495421349
268.43993316320723
267.98392755125207
267.5278854033232
267.07185894944763
266.61589994902056
266.16005968753376
265.7043889735843
265.2489381360357
264.7937570216674
264.3388949929201
263.8844009259551
263.43032320901665
262.9767097410005
262.5236079302695
262.0710646937795
261.6191264563549
261.16783915027355
260.7172482150669
260.2673985975273
259.8183347519414
259.3701006405726
258.9227397343289
258.4762950136311
258.030808969511
257.58632360490986
257.14288043613
256.70052049452437
256.25928432835906
255.81921200481176
255.3803431122222
254.94271676246544
254.50637159346144
254.07134577194918
253.63767699630895
253.20540249958893
252.77455905269633
252.34518296769156
251.91731010124366
251.49097585823586
251.06621519547264
250.64306262553205
250.2215522207491
249.80171761730256
249.38359201941543
248.967208203693
248.55259852354757
248.13979491371464
247.72882889491314
247.31973157856933
246.91253367163046
246.5072654814967
246.1039569210209
245.70263751358462
245.30333639828694
244.90608233516926
244.5109037105458
244.11782854239908
243.7268844858297
243.3380988385893
242.95149854666914
242.56711020995039
242.184960087912
241.80507410538513
241.42747785839143
241.05219661998646
240.67925534618993
240.30867868194738
239.9404909671296
239.57471624258844
239.21137825624896
238.85050046922245
238.49210606198977
238.13621794059753
237.78285874287522
237.43205084472768
237.08381636640817
236.73817717885646
236.3951549100464
236.05477095137275
235.71704646404723
235.38200238553773
235.04965943601417
234.72003812483106
234.39315875701908
234.06904143980887
233.7477060891666
233.4291724363506
233.11346003449785
232.80058826520772
232.4905763451643
232.18344333276764
231.8792081347756
231.57788951298326
231.27950609089774
230.98407636043697
0.0
0.0
0.0
0.0
0.0
0.0
0.0
0.0
0.0
0.0
0.0
0.0
0.0
0.0
0.0
0.0
0.0
0.0
0.0
0.0
0.0
0.0
0.0
0.0
0.0
0.0
0.0
0.0
0.0
0.0
0.0
0.0
0.0
0.0
0.0
0.0
0.0
0.0
0.0
0.0
0.0
0.0
0.0
0.0
0.0
0.0
0.0
0.0
0.0
0.0
0.0
0.0
0.0
0.0
0.0
0.0
0.0
0.0
0.0
0.0
0.0
0.0
0.0
0.0
0.0
0.0
0.0
0.0
0.0
0.0
0.0
0.0
0.0
0.0
0.0
0.0
0.0
0.0
0.0
0.0
0.0
0.0
0.0
0.0
0.0
0.0
0.0
0.0
0.0
0.0
0.0
0.0
0.0
0.0
0.0
0.0
0.0
0.0
0.0
0.0
0.0
0.0
0.0
0.0
0.0
0.0
0.0
0.0
0.0
0.0
0.0
0.0
0.0
0.0
0.0
0.0
0.0
0.0
0.0
0.0
0.0
0.0
0.0
0.0
0.0
0.0
0.0
0.0
0.0
0.0
0.0
0.0
0.0
0.0
0.0
0.0
0.0
0.0
0.0
0.0
0.0
0.0
0.0
0.0
0.0
0.0
0.0
0.0
0.0
0.0
0.0
0.0
0.0
0.0
0.0
0.0
0.0
0.0
0.0
0.0
0.0
0.0
0.0
0.0
0.0
0.0
0.0
0.0
0.0
0.0
0.0
0.0
0.0
0.0
0.0
0.0
0.0
0.0
0.0
0.0
0.0
0.0
0.0
0.0
0.0
0.0
0.0
0.0
0.0
0.0
0.0
0.0
0.0
0.0
0.0
0.0
0.0
0.0
0.0
0.0
0.0
0.0
0.0
0.0
0.0
0.0
0.0
0.0
0.0
0.0
0.0
0.0
0.0
0.0
0.0
0.0
0.0
0.0
0.0
0.0
0.0
0.0
0.0
0.0
0.0
0.0
0.0
0.0
0.0
0.0
0.0
0.0
0.0
0.0
0.0
0.0
0.0
0.0
0.0
0.0
0.0
0.0
0.0
0.0
0.0
0.0
0.0
0.0
0.0
0.0
0.0
0.0
0.0
0.0
0.0
0.0
0.0
0.0
0.0
0.0
0.0
0.0
0.0
0.0
0.0
0.0
0.0
0.0
0.0
0.0
0.0
0.0
0.0
0.0
0.0
0.0
0.0
0.0
0.0
0.0
0.0
0.0
0.0
0.0
0.0
0.0
0.0
0.0
0.0
0.0
0.0
0.0
0.0
0.0
0.0
0.0
0.0
0.0
0.0
0.0
0.0
0.0
0.0
0.0
0.0
0.0
0.0
0.0
0.0
0.0
0.0
0.0
0.0
0.0
0.0
0.0
0.0
0.0
0.0
0.0
0.0
0.0
0.0
0.0
0.0
0.0
0.0
0.0
0.0
0.0
0.0
0.0
0.0
0.0
0.0
0.0
0.0
0.0
0.0
0.0
0.0
0.0
0.0
0.0
0.0
0.0
0.0
0.0
0.0
0.0
0.0
0.0
0.0
0.0
0.0
0.0
0.0
0.0
0.0
0.0
0.0
0.0
0.0
0.0
0.0
0.0
0.0
0.0
0.0
0.0
0.0
0.0
0.0
0.0
0.0
0.0
0.0
0.0
0.0
0.0
0.0
0.0
0.0
0.0
0.0
0.0
0.0
0.0
0.0
0.0
0.0
0.0
0.0
0.0
0.0
0.0
0.0
0.0
0.0
0.0
0.0
0.0
0.0
0.0
0.0
0.0
0.0
0.0
0.0
0.0
0.0
0.0
0.0
0.0
0.0
0.0
0.0
0.0
0.0
0.0
0.0
0.0
0.0
0.0
0.0
0.0
0.0
0.0
0.0
0.0
0.0
0.0
0.0
0.0
0.0
0.0
0.0
0.0
0.0
0.0
0.0
0.0
0.0
0.0
0.0
0.0
0.0
0.0
0.0
0.0
0.0
0.0
0.0
0.0
0.0
0.0
0.0
0.0
0.0
0.0
0.0
0.0
0.0
0.0
0.0
0.0
0.0
0.0
0.0
0.0
0.0
0.0
0.0
0.0
0.0
0.0
0.0
0.0
0.0
0.0
0.0
0.0
0.0
0.0
0.0
0.0
0.0
0.0
0.0
0.0
0.0
0.0
0.0
0.0
0.0
0.0
0.0
0.0
0.0
0.0
0.0
0.0
0.0
0.0
0.0
0.0
0.0
0.0
0.0
0.0
0.0
0.0
0.0
0.0
0.0
0.0
0.0
0.0
0.0
0.0
0.0
0.0
0.0
0.0
0.0
0.0
0.0
0.0
0.0
0.0
0.0
0.0
0.0
0.0
0.0
0.0
0.0
0.0
0.0
0.0
0.0
0.0
0.0
0.0
0.0
0.0
0.0
0.0
0.0
0.0
0.0
0.0
0.0
0.0
0.0
0.0
0.0
0.0
0.0
0.0
0.0
0.0
0.0
0.0
0.0
0.0
0.0
0.0
0.0
0.0
0.0
0.0
0.0
0.0
0.0
0.0
0.0
0.0
0.0
0.0
0.0
0.0
0.0
0.0
0.0
0.0
0.0
0.0
0.0
0.0
0.0
0.0
0.0
0.0
0.0
0.0
0.0
0.0
0.0
0.0
0.0
0.0
0.0
0.0
0.0
0.0
0.0
0.0
0.0
0.0
0.0
0.0
0.0
0.0
0.0
0.0
0.0
0.0
0.0
0.0
0.0
0.0
0.0
0.0
0.0
0.0
0.0
0.0
0.0
0.0
0.0
0.0
0.0
0.0
261.7353543610943
261.6379286081487
261.53749517948995
261.43407191148805
261.32767714550727
261.21832972182506
261.1060489733972
260.99085471962337
260.87276725977875
260.7518073665257
260.627996279163
260.50135569676314
260.3719077713115
260.2396751006231
260.10468072114395
259.96694810080044
259.8265011315546
259.683364122004
259.5375617899006
259.38911925445115
259.23806202873766
259.084416011855
258.92820748118413
258.7694630844582
258.6082098317937
258.44447508772413
258.2782865631731
258.10967230728676
257.9386606993916
257.765280440731
257.58956054634257
257.4115303368046
257.2312194299569
257.04865773266255
256.86387543255955
256.6769029896943
256.48777112832227
256.296510828528
256.10315331801024
255.90773006377572
255.710272763848
255.51081333905492
255.30938392476952
255.1060168627773
254.90074469302175
254.69360014547652
254.48461613209724
254.27382573869434
254.06126221693648
253.8469589764159
253.63094957665595
253.41326771930943
253.1939472403301
252.97302210218865
252.75052638626488
252.52649428515966
252.3009600951871
252.07395820892555
251.84552310776178
251.61568935463848
251.3844915867968
251.15196450859978
250.91814288453256
250.68306153216807
250.44675531531573
250.20925913725796
249.97060793400317
249.73083666775733
249.48998032037278
249.24807388700893
249.00515236982616
248.76125077178878
248.5164040906196
248.27064731281547
248.02401540782142
247.77654332226294
247.52826597432838
247.2792182482505
247.02943498892546
246.77895099657118
246.52780102165428
246.27601975975992
246.0236418467192
245.7707018537773
245.51723428289264
245.26327356219906
245.008854041561
244.75400998819376
244.4987755825544
244.24318491417824
243.98727197778473
243.73107066942111
243.47461478273274
243.21793800542451
242.96107391575435
242.70405597921135
242.44691754532312
242.18969184450697
241.93241198516242
241.67511095076492
241.41782159718286
241.16057665005698
240.90340870230193
240.6463502117563
240.3894334989546
240.13269074496537
239.87615398942904
239.61985512862768
239.3638259137556
239.10809794924714
238.8527026912288
238.59767144612863
238.34303536933723
238.08882546404294
237.83507258013546
237.5818074132292
237.32906050383687
237.07686223658655
236.82524283960123
236.5742323839762
236.32386078333144
236.07415779352343
235.82515301240917
235.57687587974564
235.32935567719719
235.08262152840948
234.8367023992194
234.59162709796357
234.3474242758484
234.10412242747248
233.8617498913897
233.62033485081784
233.37990533441183
233.14048921712813
232.90211422120157
232.66480791719766
232.42859772517082
232.19351091588942
231.95957461216025
231.72681579025513
231.49526128139019
231.26493777332877
231.03587181203284
0.0
0.0
0.0
0.0
0.0
0.0
0.0
0.0
0.0
0.0
0.0
0.0
0.0
0.0
0.0
0.0
0.0
0.0
0.0
0.0
0.0
0.0
0.0
0.0
0.0
0.0
0.0
0.0
0.0
0.0
0.0
0.0
0.0
0.0
0.0
0.0
0.0
0.0
0.0
0.0
0.0
0.0
0.0
0.0
0.0
0.0
0.0
0.0
0.0
0.0
0.0
0.0
0.0
0.0
0.0
0.0
0.0
0.0
0.0
0.0
0.0
0.0
0.0
0.0
0.0
0.0
0.0
0.0
0.0
0.0
0.0
0.0
0.0
0.0
0.0
0.0
0.0
0.0
0.0
0.0
0.0
0.0
0.0
0.0
0.0
0.0
0.0
0.0
0.0
0.0
0.0
0.0
0.0
0.0
0.0
0.0
0.0
0.0
0.0
0.0
0.0
0.0
0.0
0.0
0.0
0.0
0.0
0.0
0.0
0.0
0.0
0.0
0.0
0.0
0.0
0.0
0.0
0.0
0.0
0.0
0.0
0.0
0.0
0.0
0.0
0.0
0.0
0.0
0.0
0.0
0.0
0.0
0.0
0.0
0.0
0.0
0.0
0.0
0.0
0.0
0.0
0.0
0.0
0.0
0.0
0.0
0.0
0.0
0.0
0.0
0.0
0.0
0.0
0.0
0.0
0.0
0.0
0.0
0.0
0.0
0.0
0.0
0.0
0.0
0.0
0.0
0.0
0.0
0.0
0.0
0.0
0.0
0.0
0.0
0.0
0.0
0.0
0.0
0.0
0.0
0.0
0.0
0.0
0.0
0.0
0.0
0.0
0.0
0.0
0.0
0.0
0.0
0.0
0.0
0.0
0.0
0.0
0.0
0.0
0.0
0.0
0.0
0.0
0.0
0.0
0.0
0.0
0.0
0.0
0.0
0.0
0.0
0.0
0.0
0.0
0.0
0.0
0.0
0.0
0.0
0.0
0.0
0.0
0.0
0.0
0.0
0.0
0.0
0.0
0.0
0.0
0.0
0.0
0.0
0.0
0.0
0.0
0.0
0.0
0.0
0.0
0.0
0.0
0.0
0.0
0.0
0.0
0.0
0.0
0.0
0.0
0.0
0.0
0.0
0.0
0.0
0.0
0.0
0.0
0.0
0.0
0.0
0.0
0.0
0.0
0.0
0.0
0.0
0.0
0.0
0.0
0.0
0.0
0.0
0.0
0.0
0.0
0.0
0.0
0.0
0.0
0.0
0.0
0.0
0.0
0.0
0.0
0.0
0.0
0.0
0.0
0.0
0.0
0.0
0.0
0.0
0.0
0.0
0.0
0.0
0.0
0.0
0.0
0.0
0.0
0.0
0.0
0.0
0.0
0.0
0.0
0.0
0.0
0.0
0.0
0.0
0.0
0.0
0.0
0.0
0.0
0.0
0.0
0.0
0.0
0.0
0.0
0.0
0.0
0.0
0.0
0.0
0.0
0.0
0.0
0.0
0.0
0.0
0.0
0.0
0.0
0.0
0.0
0.0
0.0
0.0
0.0
0.0
0.0
0.0
0.0
0.0
0.0
0.0
0.0
0.0
0.0
0.0
0.0
0.0
0.0
0.0
0.0
0.0
0.0
0.0
0.0
0.0
0.0
0.0
0.0
0.0
0.0
0.0
0.0
0.0
0.0
0.0
0.0
0.0
0.0
0.0
0.0
0.0
0.0
0.0
0.0
0.0
0.0
0.0
0.0
0.0
0.0
0.0
0.0
0.0
0.0
0.0
0.0
0.0
0.0
0.0
0.0
0.0
0.0
0.0
0.0
0.0
0.0
0.0
0.0
0.0
0.0
0.0
0.0
0.0
0.0
0.0
0.0
0.0
0.0
0.0
0.0
0.0
0.0
0.0
0.0
0.0
0.0
0.0
0.0
0.0
0.0
0.0
0.0
0.0
0.0
0.0
0.0
0.0
0.0
0.0
0.0
0.0
0.0
0.0
0.0
0.0
0.0
0.0
0.0
0.0
0.0
0.0
0.0
0.0
0.0
0.0
0.0
0.0
0.0
0.0
0.0
0.0
0.0
0.0
0.0
0.0
0.0
0.0
0.0
0.0
0.0
0.0
0.0
0.0
0.0
0.0
0.0
0.0
0.0
0.0
0.0
0.0
0.0
0.0
0.0
0.0
0.0
0.0
0.0
0.0
0.0
0.0
0.0
0.0
0.0
0.0
0.0
0.0
0.0
0.0
0.0
0.0
0.0
0.0
0.0
0.0
0.0
0.0
0.0
0.0
0.0
0.0
0.0
0.0
0.0
0.0
0.0
0.0
0.0
0.0
0.0
0.0
0.0
0.0
0.0
0.0
0.0
0.0
0.0
0.0
0.0
0.0
0.0
0.0
0.0
0.0
0.0
0.0
0.0
0.0
0.0
0.0
0.0
0.0
0.0
0.0
0.0
0.0
0.0
0.0
0.0
0.0
0.0
0.0
0.0
0.0
0.0
0.0
0.0
0.0
0.0
0.0
0.0
0.0
0.0
0.0
0.0
0.0
0.0
0.0
0.0
0.0
0.0
0.0
0.0
0.0
0.0
0.0
0.0
0.0
0.0
0.0
0.0
0.0
0.0
0.0
0.0
0.0
0.0
0.0
0.0
0.0
0.0
0.0
0.0
0.0
0.0
0.0
0.0
0.0
0.0
0.0
0.0
0.0
0.0
0.0
0.0
0.0
0.0
0.0
0.0
0.0
0.0
0.0
0.0
0.0
0.0
0.0
0.0
0.0
0.0
0.0
0.0
0.0
0.0
0.0
0.0
0.0
0.0
0.0
0.0
0.0
0.0
0.0
0.0
0.0
0.0
0.0
0.0
0.0
0.0
0.0
0.0
0.0
0.0
0.0
0.0
0.0
0.0
0.0
0.0
0.0
0.0
0.0
0.0
0.0
0.0
0.0
0.0
0.0
0.0
0.0
0.0
0.0
0.0
0.0
0.0
0.0
0.0
0.0
0.0
0.0
0.0
0.0
0.0
0.0
0.0
0.0
0.0
0.0
0.0
0.0
0.0
0.0
0.0
0.0
0.0
0.0
0.0
0.0
0.0
0.0
0.0
0.0
0.0
0.0
0.0
0.0
0.0
0.0
0.0
0.0
0.0
0.0
0.0
0.0
0.0
0.0
0.0
0.0
0.0
0.0
0.0
0.0
0.0
0.0
0.0
0.0
0.0
0.0
0.0
0.0
0.0
0.0
0.0
0.0
0.0
0.0
0.0
0.0
0.0
0.0
0.0
0.0
0.0
0.0
0.0
0.0
0.0
0.0
0.0
0.0
0.0
0.0
0.0
0.0
0.0
0.0
0.0
0.0
0.0
0.0
0.0
0.0
0.0
0.0
0.0
0.0
0.0
0.0
0.0
0.0
0.0
0.0
0.0
0.0
0.0
0.0
0.0
0.0
0.0
0.0
0.0
0.0
0.0
0.0
0.0
0.0
0.0
0.0
0.0
0.0
0.0
0.0
0.0
0.0
0.0
0.0
0.0
0.0
0.0
0.0
0.0
0.0
0.0
0.0
0.0
0.0
0.0
0.0
0.0
0.0
0.0
0.0
0.0
0.0
0.0
0.0
0.0
0.0
0.0
0.0
0.0
0.0
0.0
0.0
0.0
0.0
0.0
0.0
0.0
0.0
0.0
0.0
0.0
0.0
0.0
0.0
0.0
0.0
0.0
0.0
0.0
0.0
0.0
0.0
0.0
0.0
0.0
0.0
0.0
0.0
0.0
0.0
0.0
0.0
0.0
0.0
0.0
0.0
0.0
0.0
0.0
0.0
0.0
0.0
0.0
0.0
0.0
0.0
0.0
0.0
0.0
0.0
0.0
0.0
0.0
0.0
0.0
0.0
0.0
0.0
0.0
0.0
0.0
0.0
0.0
0.0
0.0
0.0
0.0
0.0
0.0
0.0
0.0
0.0
0.0
0.0
0.0
0.0
0.0
0.0
0.0
0.0
0.0
0.0
0.0
0.0
0.0
0.0
0.0
0.0
0.0
0.0
0.0
0.0
0.0
0.0
0.0
0.0
0.0
0.0
0.0
0.0
0.0
0.0
0.0
0.0
0.0
0.0
0.0
0.0
0.0
0.0
0.0
0.0
0.0
0.0
0.0
0.0
0.0
0.0
0.0
0.0
0.0
0.0
0.0
0.0
0.0
0.0
0.0
0.0
0.0
0.0
0.0
0.0
0.0
0.0
0.0
0.0
0.0
0.0
0.0
0.0
0.0
0.0
0.0
0.0
0.0
0.0
0.0
0.0
0.0
0.0
0.0
0.0
0.0
0.0
0.0
0.0
0.0
0.0
0.0
0.0
0.0
0.0
0.0
0.0
0.0
0.0
0.0
0.0
0.0
0.0
0.0
0.0
0.0
0.0
0.0
0.0
0.0
0.0
0.0
0.0
0.0
0.0
0.0
0.0
0.0
0.0
0.0
0.0
0.0
0.0
0.0
0.0
0.0
0.0
0.0
0.0
0.0
0.0
0.0
0.0
0.0
0.0
0.0
0.0
0.0
0.0
0.0
0.0
0.0
0.0
0.0
0.0
0.0
0.0
0.0
0.0
0.0
0.0
0.0
0.0
0.0
0.0
0.0
0.0
0.0
0.0
0.0
0.0
0.0
0.0
0.0
0.0
0.0
0.0
0.0
0.0
0.0
0.0
0.0
0.0
0.0
0.0
0.0
0.0
0.0
0.0
0.0
0.0
0.0
0.0
0.0
0.0
0.0
0.0
0.0
0.0
0.0
0.0
0.0
0.0
0.0
0.0
0.0
0.0
0.0
0.0
0.0
0.0
0.0
0.0
0.0
0.0
0.0
0.0
0.0
0.0
0.0
0.0
0.0
0.0
0.0
0.0
0.0
0.0
0.0
0.0
0.0
0.0
0.0
0.0
0.0
0.0
0.0
0.0
0.0
0.0
0.0
0.0
0.0
0.0
0.0
0.0
0.0
0.0
0.0
0.0
0.0
0.0
0.0
0.0
0.0
0.0
0.0
0.0
0.0
0.0
0.0
0.0
0.0
0.0
0.0
0.0
0.0
0.0
0.0
0.0
0.0
0.0
0.0
0.0
0.0
0.0
0.0
0.0
0.0
0.0
0.0
0.0
0.0
0.0
492.4756785734743
493.22888956539634
493.9549981211964
494.65367985524347
495.3246209212126
495.96751834633653
496.5820803562353
497.16802669049264
497.7250889075934
498.25301067920935
498.75154807306063
499.22046982344705
499.65955758960285
500.06860620047183
500.44742388633915
500.79583249586005
501.113667699073
501.40077917470126
501.6570307829773
501.8823007217688
502.07648166751727
502.2394808988458
502.3712204044184
502.471636973205
502.54068226806976
502.57832288192856
502.58454037670055
502.5593313046304
502.5027072120438
502.41469462603095
502.2953350230333
502.14468478069836
501.96281511156934
501.7498119807276
501.5057760053065
501.2308223381803
500.92508053438456
500.5886944019963
500.22182183642843
499.8246346399184
499.39731832486746
498.94007190367256
498.4531076629865
497.9366509250896
497.39093979541803
496.8162248972787
496.2127690944811
495.58084720230494
494.9207456868851
494.23276235450174
493.5172060309163
492.77439623095114
492.0046628201333
491.20834566746487
490.38579429196466
489.537367500935
488.6634330240023
487.76436714026147
486.8405543017865
485.8923867522781
484.9202641431662
483.92459314610744
482.90578706437486
481.86426544168023
480.80045367151797
479.71478260529
478.6076881611101
477.47961093413016
476.3309958076568
475.16229156726644
473.9739505168844
472.76642809859595
471.5401825159651
470.29567436183237
469.03336625024224
467.7537224543295
466.45720854883615
465.1442910595396
463.8154371181171
462.4711141243617
461.11178941505676
459.73792994052127
458.3500019481677
456.9484706747687
455.53380004594214
454.1064523848038
452.6668881286211
451.2155655541736
449.7529405122321
448.27946617099457
446.7955927683632
445.30176737339457
443.7984336574629
442.28603167402446
440.7649976482334
439.2357637755761
437.69875803015594
436.15440398166527
434.603120622436
433.04532220282067
431.48141807652564
429.91181255425977
428.3369047668729
426.75708853699007
425.17275225975226
423.5842787915084
421.99204534775726
420.39642340856875
418.7977786329351
417.1964707803668
415.59285364075805
413.987274971875
412.38007644380065
410.7715935913039
409.1621557725305
407.5520861352799
405.9417015891412
404.3313127848616
402.72122409919825
401.11173362632604
399.5031331747243
397.89570827015143
396.289738163066
394.6854958423596
393.0832480531057
391.483255319706
389.88577197318966
388.29104618324646
386.6993199938284
385.11082936338846
383.5258042081906
381.94446844975124
380.3670400653173
378.7937311412712
377.22474793036395
375.6602909107298
374.10055484836886
372.54572886140613
370.9959964873043
369.45153575150584
367.9125192387879
366.3791141655231
364.85148245467735
363.32978081128124
361.8141608000952
360.3047689238139
358.8017467030884
357.3052307567786
355.8153528837805
354.3322401449564
352.85601494612166
351.38679512131716
349.92469401671184
348.4698205743986
347.0222794169243
345.5821709315671
344.1495913546896
342.7246328561821
341.307383623757
339.89792794695006
338.4963463007515
337.10271542913716
335.7171084281258
334.33959482826157
332.97024067641394
331.6091086176343
330.25625797554824
328.91174483281407
327.575622110225
326.2479396456548
324.92874427163576
323.6180798926639
322.31598756099464
321.0225055523144
319.73766943973476
318.4615121674602
317.19406412295876
315.93535320866147
314.68540491215214
313.4442423758127
312.2118864650202
310.98835583555604
309.77366699986436
308.56783439235284
307.3708704333354
306.1827855923201
305.00358844976415
303.8332857581845
302.6718825017597
301.51938195523917
300.3757857414964
299.2410938880566
298.1153048826163
296.9984157275285
295.8904219931007
294.79131786971755
293.7010962194081
292.61974862571714
291.5472654430918
290.4836358448147
289.4288478702954
288.382888471002
287.3457435557624
286.31739803462
285.2978358623268
284.2870400802353
283.2849928577862
282.29167553263756
281.30706865022927
280.33115200213837
279.36390466382676
278.4053050312489
277.45533085678863
276.5139592842461
275.5811668831254
274.6569296818409
273.74122320047735
272.83402248240094
271.93530212543413
271.04503631198276
270.1631988386312
269.28976314486994
268.42470234134277
267.56798923697
266.7195963658795
265.8794960133838
265.0476602412389
264.2240609126522
263.40866971619533
262.60145818949894
261.8023977420573
261.01145967773084
260.2286152164212
259.4538355154666
258.6870916902399
257.92835483445424
257.1775960398023
256.4347864152616
255.69989710571622
254.97289931035266
254.25376430037613
253.54246343651738
252.83896818589517
252.14325013865007
251.4552810240557
250.77503272638228
250.102477300182
249.43758698546424
248.78033422228447
248.13069166521817
247.4886321973198
246.8541289439015
246.22715528594648
245.60768487331518
244.9956916375199
244.39114980442747
243.7940339065748
243.20431879524747
242.621979652403
242.04699200235277
241.47933172312918
240.9189750578364
240.36589862561473
239.820079432613
239.28149488261647
238.75012278770174
238.22594137850444
237.70892931463848
237.19906569475808
236.69633006655582
236.2007024367482
235.71216328080877
235.2306935527714
234.75627469479477
234.2888886467894
233.82851785589637
233.37514528598422
232.92875442700512
232.4893293044429
232.05685448860743
231.6313151040375
231.21269683878774
0.0
0.0
0.0
0.0
0.0
0.0
0.0
0.0
0.0
0.0
0.0
0.0
0.0
0.0
0.0
0.0
0.0
0.0
0.0
0.0
0.0
0.0
0.0
0.0
0.0
0.0
0.0
0.0
0.0
0.0
0.0
0.0
0.0
0.0
0.0
0.0
0.0
0.0
0.0
0.0
0.0
0.0
0.0
0.0
0.0
0.0
0.0
0.0
0.0
0.0
0.0
0.0
0.0
0.0
0.0
0.0
0.0
0.0
0.0
0.0
0.0
0.0
0.0
0.0
0.0
0.0
0.0
0.0
0.0
0.0
0.0
0.0
0.0
0.0
0.0
0.0
0.0
0.0
0.0
0.0
0.0
0.0
0.0
0.0
0.0
0.0
0.0
0.0
0.0
0.0
0.0
0.0
0.0
0.0
0.0
0.0
0.0
0.0
0.0
0.0
0.0
0.0
0.0
0.0
0.0
0.0
0.0
0.0
0.0
0.0
0.0
0.0
0.0
0.0
0.0
0.0
0.0
0.0
0.0
0.0
0.0
0.0
0.0
0.0
0.0
0.0
0.0
0.0
0.0
0.0
0.0
0.0
0.0
0.0
0.0
0.0
0.0
0.0
0.0
0.0
0.0
0.0
0.0
0.0
0.0
0.0
0.0
0.0
0.0
0.0
0.0
0.0
0.0
0.0
0.0
0.0
0.0
0.0
0.0
0.0
0.0
0.0
0.0
0.0
0.0
0.0
0.0
0.0
0.0
0.0
0.0
0.0
0.0
0.0
0.0
0.0
0.0
0.0
0.0
0.0
0.0
0.0
0.0
0.0
0.0
0.0
0.0
0.0
0.0
0.0
0.0
0.0
0.0
0.0
0.0
0.0
0.0
0.0
0.0
0.0
0.0
0.0
0.0
0.0
0.0
0.0
0.0
0.0
0.0
0.0
0.0
0.0
0.0
0.0
0.0
0.0
0.0
0.0
0.0
0.0
0.0
0.0
0.0
0.0
0.0
0.0
0.0
0.0
0.0
0.0
0.0
0.0
0.0
0.0
0.0
0.0
0.0
0.0
0.0
0.0
0.0
0.0
0.0
0.0
0.0
0.0
0.0
0.0
0.0
0.0
0.0
0.0
0.0
0.0
0.0
0.0
0.0
0.0
0.0
0.0
0.0
0.0
0.0
0.0
0.0
0.0
0.0
0.0
0.0
0.0
0.0
0.0
0.0
0.0
0.0
0.0
0.0
0.0
0.0
0.0
0.0
0.0
0.0
0.0
0.0
0.0
0.0
0.0
0.0
0.0
0.0
0.0
0.0
0.0
0.0
0.0
0.0
0.0
0.0
0.0
0.0
0.0
0.0
0.0
0.0
0.0
0.0
0.0
0.0
0.0
0.0
0.0
0.0
0.0
0.0
0.0
0.0
0.0
0.0
0.0
0.0
0.0
0.0
0.0
0.0
0.0
0.0
0.0
0.0
0.0
0.0
0.0
0.0
0.0
0.0
0.0
0.0
0.0
0.0
0.0
0.0
0.0
0.0
0.0
0.0
0.0
0.0
0.0
0.0
0.0
0.0
0.0
0.0
0.0
0.0
0.0
0.0
0.0
0.0
0.0
0.0
0.0
0.0
0.0
0.0
0.0
0.0
0.0
0.0
0.0
0.0
0.0
0.0
0.0
0.0
0.0
0.0
0.0
0.0
0.0
0.0
0.0
0.0
0.0
0.0
0.0
0.0
0.0
0.0
0.0
0.0
0.0
0.0
0.0
0.0
0.0
0.0
0.0
0.0
0.0
0.0
0.0
0.0
0.0
0.0
0.0
0.0
0.0
0.0
0.0
0.0
0.0
0.0
0.0
0.0
0.0
0.0
0.0
0.0
0.0
0.0
0.0
0.0
0.0
0.0
0.0
0.0
0.0
0.0
0.0
0.0
0.0
0.0
0.0
0.0
0.0
0.0
0.0
0.0
0.0
0.0
0.0
0.0
0.0
0.0
0.0
0.0
0.0
0.0
0.0
0.0
0.0
0.0
0.0
0.0
0.0
0.0
0.0
0.0
0.0
0.0
0.0
0.0
0.0
0.0
0.0
0.0
0.0
0.0
0.0
0.0
410.2289053117495
410.7310630096906
411.2165360772331
411.68515097893766
412.13673942163996
412.5711384951073
412.9881908098055
413.3877446303207
413.76965400530923
414.13377889272175
414.4799852811737
414.8081453061646
415.1181373620877
415.40984620872314
415.6831630731543
415.9379857458621
416.1742186717198
416.39177303542283
416.5905668406208
416.7705249840873
416.93157932293025
417.07366873645447
417.196739181188
417.3007437401715
417.385642665261
417.45140341361207
417.4980006767991
417.5254164043856
417.53363981985365
417.5226674307021
417.4925030311953
417.44315769911407
417.37464978514623
417.28700489637674
417.18025587224065
417.0544427550181
416.90961275273384
416.7458201962349
416.56312648983015
416.36160005519713
416.1413162697088
415.90235739804183
415.6448125182045
415.36877744150826
415.0743546269684
414.7616530898636
414.4307883050904
414.08188210492875
413.71506257229186
413.33046392804596
412.92822641483474
412.50849617508516
412.0714251256227
411.61717082735663
411.1458963514461
410.65777014171255
410.1529658730636
409.63166230702757
409.09404314391526
408.54029687231593
407.9706166154453
407.3851999756987
406.7842488762322
406.16796940130604
405.53657163411856
404.89026949360925
404.2292805696478
403.5538259573943
402.86413009024324
402.16042057281635
401.4429280127214
400.71188585284176
399.9675302028675
399.21009967152605
398.4398351989263
397.6569798894893
396.86177884584697
396.0544790031894
395.2353289653654
394.40457884183326
393.56248008611686
392.7092853360598
391.8452482559642
390.9706233801243
390.0856659592089
389.1906318080742
388.28577715668854
387.3713585028766
386.4476324678729
385.51485565505163
384.5732845105371
383.62317518761347
382.66478341336483
381.6983643591034
380.72417251321366
379.742461558001
378.7534842488303
377.7574922978133
376.7547362596698
375.7454654219708
374.72992769807666
373.70836952428306
372.6810357597449
371.6481695907443
370.6100124374744
369.56680386563085
368.51878150037385
367.46618094452657
366.4092357002873
365.348177093989
364.2832342050591
363.21463379779783
362.14260025704317
361.06735552724047
359.9891190547164
358.9081077332713
357.8245358535254
356.73861505489197
355.6505542814769
354.5605597403434
353.4688348637015
352.37558027373353
351.2809937504506
350.18527020244255
349.08860164073093
347.99117715542286
346.89318289481
345.794802047537
344.6962148271523
343.59759845949384
342.49912717207616
341.40097218652863
340.30330171275426
339.2062809459505
338.1100720653261
337.0148342353167
335.9207236086679
334.82789333176174
333.7364935514323
332.6466714240353
331.5585711262807
330.4723338673846
329.38809790351377
328.30599855297754
327.22616821393063
326.1487363825471
325.07382967330733
324.0015718401638
322.9320837991753
321.86548365214816
320.8018867116214
319.74140552677943
318.6841499103464
317.63022696664865
316.5797411201421
315.53279414532096
314.48948519685973
313.4499108410409
312.41416508718595
311.38233942055456
310.3545228349806
309.33080186671555
308.3112606282063
307.2959808428535
306.28504187965575
305.2785207885744
304.2764923360733
303.2790290408947
302.28620121026734
301.29807697597164
300.31472233100754
299.33620116594165
298.3625753058245
297.39390454672645
296.43024669264275
295.47165759224873
294.5181911757937
293.5698994916482
292.6268327432141
291.6890393253127
290.75656586075485
289.82945723676175
288.9077566409686
287.9915055976501
287.0807440033364
286.1755101626426
285.2758408234419
284.3817712122239
283.49333506881044
282.6105646810732
281.7334909192461
280.862143270042
279.99654987028157
279.1367375403706
278.2827318175038
277.43455698824414
276.5922361211956
275.7557910987899
274.9252426493542
274.10061037820134
273.2819127988457
272.4691673634625
271.6623904933224
270.8615976085189
270.0668031576495
269.27802064670124
268.495262668081
267.7185409287483
266.9478662782487
266.1832487363794
265.4246975202278
264.67222107115253
263.9258270810257
263.1855225184727
262.45131365425607
261.7232060869053
261.0012047672508
260.28531402320095
259.57553758370597
258.87187860269773
258.17433968228084
257.48292289594184
256.7976298111995
256.11846151181624
255.44541861990143
254.77850131738916
254.1177093674419
253.46304213526724
252.81449860877413
252.17207741881126
251.5357768591708
250.90559490609138
250.28152923770017
249.66357725289004
249.05173609007198
248.44600264563107
247.84637359185632
247.25284539498267
246.66541433255148
246.08407651080404
245.50882788157043
244.93966425912316
244.37658133654423
243.81957470207468
243.2686398550325
242.7237722215413
242.18496717019977
241.65222002722447
241.1255260916616
240.60488065020755
240.09027899192273
239.58171642262647
239.07918827934384
238.5826899442752
238.09221685883958
237.6077645373485
237.12932858070542
236.65690468976985
236.1904886787554
235.73007648827667
235.2756641984769
234.82724804191946
234.3848244163019
233.94838989721768
233.51794125062958
233.0934754454275
232.6749896657232
232.26248132318383
231.85594806923228
231.45538780722393
231.06079870447348
230.6721792043109
0.0
0.0
0.0
0.0
0.0
0.0
0.0
0.0
0.0
0.0
0.0
0.0
0.0
0.0
0.0
0.0
0.0
0.0
0.0
0.0
0.0
0.0
0.0
0.0
0.0
0.0
0.0
0.0
0.0
0.0
0.0
0.0
0.0
0.0
0.0
0.0
0.0
0.0
0.0
0.0
0.0
0.0
0.0
0.0
0.0
0.0
0.0
0.0
0.0
0.0
0.0
0.0
0.0
0.0
0.0
0.0
0.0
0.0
0.0
0.0
0.0
0.0
0.0
0.0
0.0
0.0
0.0
0.0
0.0
0.0
0.0
0.0
0.0
0.0
0.0
0.0
0.0
0.0
0.0
0.0
0.0
0.0
0.0
0.0
0.0
0.0
0.0
0.0
0.0
0.0
0.0
0.0
0.0
0.0
0.0
0.0
0.0
0.0
0.0
0.0
0.0
0.0
0.0
0.0
0.0
0.0
0.0
0.0
0.0
0.0
0.0
0.0
0.0
0.0
0.0
0.0
0.0
0.0
0.0
0.0
0.0
0.0
0.0
0.0
0.0
0.0
0.0
0.0
0.0
0.0
0.0
0.0
0.0
0.0
0.0
0.0
0.0
0.0
0.0
0.0
0.0
0.0
0.0
0.0
0.0
0.0
0.0
0.0
0.0
0.0
0.0
0.0
0.0
0.0
0.0
0.0
0.0
0.0
0.0
0.0
0.0
0.0
0.0
0.0
0.0
0.0
0.0
0.0
0.0
0.0
0.0
0.0
0.0
0.0
0.0
0.0
0.0
0.0
0.0
0.0
0.0
0.0
0.0
0.0
0.0
0.0
0.0
0.0
0.0
0.0
0.0
0.0
0.0
0.0
0.0
0.0
0.0
0.0
0.0
0.0
0.0
0.0
0.0
0.0
0.0
0.0
0.0
0.0
0.0
0.0
0.0
0.0
0.0
0.0
0.0
0.0
0.0
0.0
0.0
0.0
0.0
0.0
0.0
0.0
0.0
0.0
0.0
0.0
0.0
0.0
0.0
0.0
0.0
0.0
0.0
0.0
0.0
0.0
0.0
0.0
0.0
0.0
0.0
0.0
0.0
0.0
0.0
0.0
0.0
0.0
0.0
0.0
0.0
0.0
0.0
0.0
0.0
0.0
0.0
0.0
0.0
0.0
0.0
0.0
0.0
0.0
0.0
0.0
0.0
0.0
0.0
0.0
0.0
0.0
0.0
0.0
0.0
0.0
0.0
0.0
0.0
0.0
0.0
0.0
0.0
0.0
0.0
0.0
0.0
0.0
0.0
0.0
0.0
0.0
0.0
0.0
0.0
0.0
0.0
0.0
0.0
0.0
0.0
0.0
0.0
0.0
0.0
0.0
0.0
0.0
0.0
0.0
0.0
0.0
0.0
0.0
0.0
0.0
0.0
0.0
0.0
0.0
0.0
0.0
0.0
0.0
0.0
0.0
0.0
0.0
0.0
0.0
0.0
0.0
0.0
0.0
0.0
0.0
0.0
0.0
0.0
0.0
0.0
0.0
0.0
0.0
0.0
0.0
0.0
0.0
0.0
0.0
0.0
0.0
0.0
0.0
0.0
0.0
0.0
0.0
0.0
0.0
0.0
0.0
0.0
0.0
0.0
0.0
0.0
0.0
0.0
0.0
0.0
0.0
0.0
0.0
0.0
0.0
0.0
0.0
0.0
0.0
0.0
0.0
0.0
0.0
0.0
0.0
0.0
0.0
0.0
0.0
0.0
0.0
0.0
0.0
0.0
0.0
0.0
0.0
0.0
0.0
0.0
0.0
0.0
0.0
0.0
0.0
0.0
0.0
0.0
0.0
0.0
0.0
0.0
0.0
0.0
0.0
0.0
0.0
0.0
0.0
0.0
0.0
0.0
0.0
0.0
0.0
0.0
0.0
0.0
0.0
0.0
0.0
0.0
0.0
0.0
0.0
0.0
0.0
0.0
0.0
0.0
0.0
0.0
0.0
0.0
0.0
0.0
0.0
0.0
0.0
0.0
0.0
0.0
0.0
0.0
0.0
0.0
0.0
0.0
0.0
0.0
0.0
0.0
0.0
0.0
0.0
0.0
0.0
0.0
0.0
0.0
0.0
0.0
0.0
0.0
0.0
0.0
0.0
0.0
0.0
337.35379761289397
337.6522690457486
337.9413437899825
338.22094061621937
338.4909806679784
338.75138751178434
339.00208718588027
339.2430082472125
339.47408181767236
339.6952416283607
339.90642406284735
340.10756819833153
340.2986158457766
340.47951158813385
340.65020281673105
340.81063976633556
340.96077554797864
341.1005661804295
341.229970619417
341.34895078508475
341.45747158784496
341.55550095165756
341.6430098359299
341.71997225488093
341.7863652953643
341.8421691321418
341.88736704145447
341.92194541229514
341.9458937555856
341.959204711397
341.96187405365356
341.953900693203
341.935286678242
341.90603719291744
341.8661605538253
341.8156682038694
341.75457470481854
341.68289772689604
341.6006580367825
341.50787948344185
341.40458898170806
341.29081649401934
341.1665950097473
341.03196052323443
340.8869520090435
340.7316113957653
340.5659835378827
340.39011618541605
340.20405995225195
340.00786828216934
339.8015974133165
339.58530634128806
339.3590567798619
339.1229131208081
338.87694239152927
338.62121421175766
338.35580074824776
338.08077666844565
337.79621909263057
337.50220754476544
337.1988239022651
336.8861523441992
336.56427929891856
336.2332933900632
335.89328538194144
335.5443481240014
335.1865764938824
334.82006734055614
334.4449194257788
334.0612333656083
333.66911157072377
333.26865818653397
332.85997903279855
332.443181542435
332.0183747005094
331.58566898235756
331.1451762918195
330.69700989929237
330.2412843792703
329.77811554837564
329.3076204028192
328.82991705630786
328.3451246778653
327.85336342982976
327.35475440619985
326.84941957088716
326.3374816968069
325.8190643047866
325.2942916032912
324.7632884284393
324.22618018450015
323.68309278515153
323.13415259492194
322.57948637180266
322.01922121002144
321.4534844838616
320.8824037922888
320.3061069038254
319.72472170312335
319.13837613751946
318.5471981649955
317.9513157030106
317.3508565779223
316.74594847589975
316.1367188943316
315.52329509441347
314.90580405510735
314.28437242743246
313.6591264906698
313.0301921087235
312.39769468845714
311.7617591384951
311.12250982933824
310.48007055494287
309.83456449475193
309.1861141775395
308.53484144583274
307.880867422002
307.22431247501095
306.5652961886738
305.90393733089473
305.24035382405896
304.5746627167279
303.9069801561391
303.23742136215117
302.5661006022973
301.893131167652
301.2186253503109
300.5426944213533
299.8654486105103
299.18699708661893
298.50744793898525
297.8269081602288
297.1454836297063
296.463279098425
295.780398174575
295.0969433101875
294.41301578911555
293.7287157153544
293.0441420029268
292.359392366224
291.674563311573
290.98975012969095
290.30504688874885
289.6205464287058
288.93634035606595
288.25251903989744
287.56917160823326
286.8863859455517
286.2042486910352
285.52284523730106
284.8422597