20.027 2109193.824 0.066071989
20.139 2103439.382 0.066184731
20.252 2097692.537 0.066299235
20.365 2091953.360 0.066415501
20.479 2086221.919 0.066533531
20.593 2080498.286 0.066653325
20.708 2074782.531 0.066774884
20.823 2069074.726 0.066898209
20.938 2063374.943 0.067023301
21.054 2057683.257 0.067150161
21.170 2051999.740 0.067278791
21.286 2046324.467 0.067409192
21.403 2040657.514 0.067541365
21.521 2034998.956 0.067675312
21.639 2029348.869 0.067811033
21.757 2023707.333 0.067948531
21.876 2018074.423 0.068087807
21.995 2012450.220 0.068228863
22.114 2006834.803 0.068371700
22.234 2001228.252 0.068516320
22.354 1995630.649 0.068662724
22.475 1990042.075 0.068810915
22.597 1984462.612 0.068960893
22.718 1978892.345 0.069112661
22.840 1973331.358 0.069266221
22.963 1967779.735 0.069421574
23.086 1962237.562 0.069578721
23.209 1956704.926 0.069737666
23.333 1951181.915 0.069898409
23.458 1945668.616 0.070060952
23.582 1940165.119 0.070225297
23.708 1934671.514 0.070391445
23.833 1929187.891 0.070559399
23.960 1923714.342 0.070729160
24.086 1918250.959 0.070900729
24.213 1912797.837 0.071074108
24.341 1907355.068 0.071249299
24.469 1901922.749 0.071426303
24.597 1896500.974 0.071605121
24.726 1891089.842 0.071785756
24.855 1885689.450 0.071968207
24.985 1880299.896 0.072152477
25.116 1874921.280 0.072338566
25.246 1869553.703 0.072526476
25.378 1864197.266 0.072716207
25.509 1858852.072 0.072907761
25.642 1853518.224 0.073101138
25.774 1848195.826 0.073296339
25.907 1842884.983 0.073493365
26.041 1837585.803 0.073692215
26.175 1832298.391 0.073892890
26.309 1827022.857 0.074095391
26.445 1821759.310 0.074299717
26.580 1816507.859 0.074505868
26.716 1811268.616 0.074713844
26.852 1806041.694 0.074923645
26.989 1800827.205 0.075135270
27.127 1795625.264 0.075348718
27.265 1790435.986 0.075563989
27.403 1785259.487 0.075781081
27.542 1780095.886 0.075999992
27.681 1774945.299 0.076220722
27.821 1769807.848 0.076443268
27.961 1764683.652 0.076667629
28.102 1759572.834 0.076893803
28.243 1754475.516 0.077121787
28.385 1749391.821 0.077351577
28.527 1744321.875 0.077583173
28.670 1739265.804 0.077816569
28.813 1734223.735 0.078051764
28.957 1729195.797 0.078288752
29.101 1724182.118 0.078527531
29.245 1719182.829 0.078768095
29.391 1714198.062 0.079010440
29.536 1709227.950 0.079254562
29.682 1704272.627 0.079500454
29.829 1699332.227 0.079748112
29.976 1694406.887 0.079997529
30.123 1689496.744 0.080248699
30.271 1684601.937 0.080501616
30.419 1679722.606 0.080756272
30.568 1674858.890 0.081012660
30.717 1670010.934 0.081270772
30.867 1665178.879 0.081530601
31.017 1660362.870 0.081792136
31.168 1655563.052 0.082055370
31.319 1650779.573 0.082320293
31.471 1646012.581 0.082586894
31.623 1641262.224 0.082855164
31.775 1636528.652 0.083125092
31.928 1631812.019 0.083396666
32.082 1627112.475 0.083669874
32.236 1622430.175 0.083944705
32.390 1617765.275 0.084221145
32.544 1613117.930 0.084499181
32.700 1608488.299 0.084778798
32.855 1603876.539 0.085059983
33.011 1599282.811 0.085342721
33.167 1594707.276 0.085626996
33.324 1590150.097 0.085912791
33.481 1585611.436 0.086200091
33.639 1581091.458 0.086488877
33.797 1576590.331 0.086779132
33.955 1572108.220 0.087070837
34.114 1567645.294 0.087363973
34.273 1563201.722 0.087658519
34.432 1558777.675 0.087954456
34.592 1554373.326 0.088251762
34.752 1549988.846 0.088550415
34.913 1545624.411 0.088850393
35.074 1541280.195 0.089151672
35.235 1536956.376 0.089454229
35.397 1532653.130 0.089758037
35.558 1528370.636 0.090063073
35.721 1524109.075 0.090369309
35.883 1519868.627 0.090676718
36.046 1515649.475 0.090985274
36.209 1511451.802 0.091294946
36.372 1507275.793 0.091605706
36.536 1503121.631 0.091917524
36.699 1498989.505 0.092230368
36.864 1494879.602 0.092544207
37.028 1490792.110 0.092859008
37.192 1486727.219 0.093174737
37.357 1482685.119 0.093491361
37.522 1478666.003 0.093808843
37.687 1474670.063 0.094127148
37.852 1470697.492 0.094446239
38.018 1466748.485 0.094766077
38.183 1462823.237 0.095086625
38.349 1458921.945 0.095407843
38.515 1455044.806 0.095729689
38.681 1451192.019 0.096052123
38.847 1447363.782 0.096375102
39.013 1443560.294 0.096698583
39.179 1439781.758 0.097022521
39.345 1436028.373 0.097346872
39.511 1432300.343 0.097671589
39.678 1428597.870 0.097996625
39.844 1424921.158 0.098321933
40.010 1421270.410 0.098647463
40.176 1417645.833 0.098973166
40.342 1414047.630 0.099298991
40.508 1410476.010 0.099624886
40.674 1406931.177 0.099950798
40.840 1403413.340 0.100276674
41.005 1399922.706 0.100602460
41.171 1396459.483 0.100928099
41.336 1393023.879 0.101253537
41.501 1389616.105 0.101578714
41.666 1386236.368 0.101903574
41.830 1382884.879 0.102228056
41.995 1379561.847 0.102552102
42.159 1376267.482 0.102875649
42.322 1373001.996 0.103198637
42.486 1369765.597 0.103521003
42.648 1366558.497 0.103842682
42.811 1363380.907 0.104163612
42.973 1360233.036 0.104483726
43.135 1357115.096 0.104802959
43.296 1354027.297 0.105121243
43.456 1350969.849 0.105438512
43.616 1347942.963 0.105754696
43.776 1344946.849 0.106069728
43.935 1341981.715 0.106383536
44.093 1339047.773 0.106696050
44.251 1336145.230 0.107007200
44.407 1333274.295 0.107316913
44.564 1330435.176 0.107625117
44.719 1327628.082 0.107931738
44.874 1324853.218 0.108236703
45.027 1322110.791 0.108539938
45.180 1319401.007 0.108841368
45.332 1316724.070 0.109140917
45.483 1314080.186 0.109438510
45.634 1311469.555 0.109734071
45.783 1308892.382 0.110027522
45.931 1306348.867 0.110318787
46.078 1303839.209 0.110607789
46.224 1301363.609 0.110894450
46.369 1298922.264 0.111178692
46.512 1296515.370 0.111460438
46.655 1294143.122 0.111739608
46.796 1291805.715 0.112016124
46.935 1289503.340 0.112289909
47.074 1287236.189 0.112560883
47.211 1285004.451 0.112828968
47.347 1282808.313 0.113094086
47.481 1280647.961 0.113356157
47.614 1278523.580 0.113615105
47.745 1276435.352 0.113870850
47.875 1274383.456 0.114123314
48.003 1272368.072 0.114372421
48.129 1270389.375 0.114618093
48.254 1268447.540 0.114860253
48.377 1266542.739 0.115098824
48.498 1264675.141 0.115333731
48.617 1262844.915 0.115564897
48.734 1261052.224 0.115792249
48.850 1259297.233 0.116015712
48.964 1257580.100 0.116235211
49.075 1255900.983 0.116450676
49.185 1254260.037 0.116662032
49.292 1252657.415 0.116869209
49.398 1251093.266 0.117072137
49.501 1249567.735 0.117270747
49.602 1248080.968 0.117464969
49.701 1246633.103 0.117654737
49.798 1245224.280 0.117839985
49.892 1243854.633 0.118020646
49.984 1242524.292 0.118196659
50.074 1241233.387 0.118367959
50.161 1239982.041 0.118534486
50.246 1238770.378 0.118696179
50.328 1237598.514 0.118852981
50.408 1236466.565 0.119004834
50.485 1235374.642 0.119151682
50.560 1234322.853 0.119293473
50.632 1233311.301 0.119430152
50.701 1232340.088 0.119561671
50.768 1231409.311 0.119687979
50.832 1230519.062 0.119809029
50.893 1229669.430 0.119924776
50.952 1228860.502 0.120035176
51.007 1228092.359 0.120140188
51.060 1227365.078 0.120239771
51.110 1226678.734 0.120333887
51.157 1226033.396 0.120422501
51.202 1225429.131 0.120505578
51.243 1224865.999 0.120583086
51.282 1224344.059 0.120654996
51.317 1223863.364 0.120721279
51.350 1223423.964 0.120781909
51.379 1223025.904 0.120836864
51.406 1222669.226 0.120886122
51.429 1222353.965 0.120929663
51.450 1222080.156 0.120967470
51.468 1221847.826 0.120999528
51.482 1221657.000 0.121025825
51.494 1221507.697 0.121046351
51.502 1221399.934 0.121061096
51.508 1221333.722 0.121070056
51.510 1221309.067 0.121073227
51.509 1221325.974 0.121070606
51.505 1221384.440 0.121062196
51.499 1221484.461 0.121047999
51.489 1221626.025 0.121028020
51.476 1221809.118 0.121002268
51.460 1222033.723 0.120970752
51.441 1222299.816 0.120933485
51.419 1222607.370 0.120890480
51.394 1222956.354 0.120841754
51.366 1223346.733 0.120787327
51.335 1223778.466 0.120727218
51.301 1224251.510 0.120661452
51.264 1224765.817 0.120590054
51.225 1225321.335 0.120513050
51.182 1225918.007 0.120430471
51.136 1226555.773 0.120342348
51.088 1227234.569 0.120248715
51.036 1227954.325 0.120149606
50.982 1228714.971 0.120045061
50.925 1229516.428 0.119935117
50.866 1230358.618 0.119819818
50.803 1231241.455 0.119699205
50.738 1232164.853 0.119573324
50.670 1233128.718 0.119442223
50.600 1234132.956 0.119305949
50.526 1235177.467 0.119164553
50.451 1236262.148 0.119018087
50.372 1237386.893 0.118866604
50.291 1238551.592 0.118710160
50.208 1239756.131 0.118548812
42.823 1364087.518 0.104061712
42.922 1362157.034 0.104257310
43.020 1360261.028 0.104450209
43.117 1358399.647 0.104640354
43.212 1356573.034 0.104827692
43.306 1354781.335 0.105012167
43.399 1353024.689 0.105193728
43.490 1351303.235 0.105372321
43.579 1349617.111 0.105547894
43.667 1347966.451 0.105720394
43.753 1346351.388 0.105889770
43.838 1344772.052 0.106055972
43.921 1343228.572 0.106218949
44.002 1341721.072 0.106378652
44.082 1340249.677 0.106535032
44.160 1338814.508 0.106688040
44.236 1337415.683 0.106837630
44.311 1336053.318 0.106983755
44.384 1334727.526 0.107126369
44.455 1333438.419 0.107265427
44.524 1332186.105 0.107400884
44.591 1330970.690 0.107532699
44.657 1329792.275 0.107660828
44.720 1328650.962 0.107785231
44.782 1327546.848 0.107905866
44.842 1326480.027 0.108022696
44.900 1325450.591 0.108135681
44.955 1324458.628 0.108244786
45.009 1323504.224 0.108349973
45.061 1322587.462 0.108451207
45.111 1321708.422 0.108548457
45.159 1320867.179 0.108641688
45.205 1320063.809 0.108730870
45.249 1319298.381 0.108815973
45.291 1318570.962 0.108896968
45.330 1317881.616 0.108973828
45.368 1317230.405 0.109046526
45.403 1316617.386 0.109115038
45.436 1316042.614 0.109179341
45.468 1315506.139 0.109239413
45.497 1315008.010 0.109295232
45.523 1314548.271 0.109346780
45.548 1314126.962 0.109394038
45.571 1313744.123 0.109436992
45.591 1313399.787 0.109475625
45.609 1313093.985 0.109509924
45.625 1312826.746 0.109539878
45.639 1312598.092 0.109565475
45.650 1312408.046 0.109586707
45.659 1312256.623 0.109603566
45.666 1312143.840 0.109616047
45.671 1312069.704 0.109624144
45.674 1312034.225 0.109627856
45.674 1312037.404 0.109627180
45.672 1312079.243 0.109622116
45.668 1312159.738 0.109612667
45.662 1312278.882 0.109598835
45.653 1312436.665 0.109580625
45.643 1312633.073 0.109558043
45.630 1312868.088 0.109531097
45.614 1313141.691 0.109499796
45.597 1313453.857 0.109464150
45.577 1313804.559 0.109424172
45.556 1314193.766 0.109379875
45.532 1314621.443 0.109331275
45.506 1315087.553 0.109278387
45.477 1315592.055 0.109221230
45.447 1316134.905 0.109159824
45.414 1316716.054 0.109094188
45.380 1317335.453 0.109024346
45.343 1317993.046 0.108950320
45.304 1318688.777 0.108872136
45.263 1319422.584 0.108789820
45.220 1320194.403 0.108703399
45.175 1321004.168 0.108612902
45.127 1321851.808 0.108518359
45.078 1322737.250 0.108419802
45.027 1323660.418 0.108317264
44.974 1324621.231 0.108210777
44.918 1325619.607 0.108100377
44.861 1326655.461 0.107986101
44.802 1327728.705 0.107867984
44.741 1328839.246 0.107746066
44.678 1329986.990 0.107620385
44.613 1331171.841 0.107490983
44.546 1332393.699 0.107357900
44.478 1333652.460 0.107221179
44.408 1334948.020 0.107080863
44.335 1336280.269 0.106936996
44.262 1337649.099 0.106789624
44.186 1339054.394 0.106638791
44.109 1340496.040 0.106484546
44.029 1341973.918 0.106326935
43.949 1343487.907 0.106166007
43.866 1345037.884 0.106001810
43.782 1346623.723 0.105834394
43.697 1348245.296 0.105663810
43.609 1349902.473 0.105490108
43.521 1351595.123 0.105313340
43.430 1353323.109 0.105133557
43.339 1355086.295 0.104950813
43.245 1356884.544 0.104765161
43.150 1358717.713 0.104576653
43.054 1360585.660 0.104385343
42.957 1362488.240 0.104191287
42.858 1364425.306 0.103994538
42.758 1366396.711 0.103795151
42.656 1368402.304 0.103593182
42.553 1370441.932 0.103388686
42.449 1372515.443 0.103181718
42.344 1374622.682 0.102972335
42.237 1376763.490 0.102760593
42.129 1378937.710 0.102546548
42.020 1381145.183 0.102330255
41.910 1383385.746 0.102111772
41.799 1385659.237 0.101891155
41.686 1387965.493 0.101668460
41.573 1390304.347 0.101443743
41.459 1392675.635 0.101217062
41.343 1395079.187 0.100988471
41.227 1397514.835 0.100758028
41.109 1399982.410 0.100525788
40.991 1402481.740 0.100291807
40.872 1405012.653 0.100056141
40.752 1407574.977 0.099818846
40.631 1410168.539 0.099579977
40.509 1412793.163 0.099339589
40.386 1415448.674 0.099097737
40.263 1418134.896 0.098854475
40.139 1420851.653 0.098609858
40.014 1423598.766 0.098363940
39.888 1426376.058 0.098116774
39.762 1429183.351 0.097868414
39.635 1432020.464 0.097618912
39.507 1434887.219 0.097368321
39.379 1437783.435 0.097116694
39.250 1440708.931 0.096864080
39.121 1443663.528 0.096610533
38.990 1446647.043 0.096356102
38.860 1449659.295 0.096100838
38.729 1452700.102 0.095844791
38.597 1455769.283 0.095588010
38.465 1458866.656 0.095330544
38.332 1461992.037 0.095072441
38.199 1465145.245 0.094813749
38.066 1468326.098 0.094554515
37.932 1471534.412 0.094294786
37.798 1474770.006 0.094034608
37.663 1478032.698 0.093774026
37.528 1481322.304 0.093513086
37.393 1484638.642 0.093251832
37.257 1487981.532 0.092990307
37.121 1491350.790 0.092728555
36.985 1494746.235 0.092466619
36.849 1498167.685 0.092204541
36.712 1501614.961 0.091942361
36.575 1505087.879 0.091680122
36.438 1508586.261 0.091417862
36.301 1512109.925 0.091155622
36.163 1515658.692 0.090893441
36.025 1519232.382 0.090631357
35.887 1522830.817 0.090369407
35.749 1526453.817 0.090107629
35.611 1530101.205 0.089846060
35.473 1533772.802 0.089584734
35.335 1537468.432 0.089323688
35.196 1541187.919 0.089062956
35.058 1544931.085 0.088802573
34.919 1548697.756 0.088542570
34.781 1552487.756 0.088282982
34.642 1556300.912 0.088023840
34.503 1560137.049 0.087765176
34.364 1563995.995 0.087507021
34.226 1567877.577 0.087249405
34.087 1571781.624 0.086992358
33.948 1575707.965 0.086735909
33.810 1579656.429 0.086480086
33.671 1583626.848 0.086224918
33.533 1587619.051 0.085970431
33.394 1591632.872 0.085716653
33.256 1595668.143 0.085463610
33.117 1599724.697 0.085211327
32.979 1603802.369 0.084959830
32.841 1607900.995 0.084709143
32.703 1612020.409 0.084459289
32.565 1616160.450 0.084210293
32.427 1620320.954 0.083962176
32.290 1624501.760 0.083714962
32.152 1628702.708 0.083468672
32.015 1632923.637 0.083223328
31.877 1637164.389 0.082978949
31.740 1641424.807 0.082735557
31.603 1645704.731 0.082493171
31.467 1650004.008 0.082251810
31.330 1654322.481 0.082011492
31.194 1658659.995 0.081772237
31.058 1663016.398 0.081534062
30.922 1667391.537 0.081296984
30.786 1671785.261 0.081061020
30.651 1676197.418 0.080826186
30.515 1680627.858 0.080592499
30.380 1685076.434 0.080359973
30.245 1689542.998 0.080128624
30.111 1694027.402 0.079898467
29.976 1698529.500 0.079669514
29.842 1703049.148 0.079441782
29.708 1707586.201 0.079215282
29.575 1712140.517 0.078990027
29.442 1716711.953 0.078766031
29.308 1721300.368 0.078543305
29.176 1725905.622 0.078321862
29.043 1730527.577 0.078101712
28.911 1735166.093 0.077882867
28.779 1739821.033 0.077665337
28.647 1744492.261 0.077449134
28.516 1749179.642 0.077234267
28.385 1753883.042 0.077020745
28.254 1758602.326 0.076808579
28.123 1763337.363 0.076597776
27.993 1768088.022 0.076388347
27.863 1772854.170 0.076180300
27.734 1777635.680 0.075973642
27.604 1782432.422 0.075768381
27.475 1787244.269 0.075564526
27.347 1792071.094 0.075362084
27.218 1796912.772 0.075161061
27.090 1801769.177 0.074961464
26.962 1806640.186 0.074763301
26.835 1811525.676 0.074566577
26.708 1816425.525 0.074371298
26.581 1821339.612 0.074177471
26.455 1826267.818 0.073985100
26.328 1831210.022 0.073794191
26.203 1836166.107 0.073604750
26.077 1841135.955 0.073416782
25.952 1846119.450 0.073230290
25.827 1851116.477 0.073045280
25.703 1856126.922 0.072861757
25.579 1861150.669 0.072679723
25.455 1866187.608 0.072499184
25.332 1871237.626 0.072320144
25.208 1876300.613 0.072142605
25.086 1881376.457 0.071966571
24.963 1886465.051 0.071792046
24.841 1891566.286 0.071619033
24.719 1896680.055 0.071447536
24.598 1901806.250 0.071277556
24.477 1906944.768 0.071109097
24.356 1912095.502 0.070942162
24.236 1917258.350 0.070776753
24.116 1922433.207 0.070612872
23.996 1927619.973 0.070450522
23.877 1932818.545 0.070289706
23.758 1938028.823 0.070130425
23.639 1943250.708 0.069972681
23.521 1948484.101 0.069816476
23.403 1953728.904 0.069661813
23.285 1958985.019 0.069508692
23.168 1964252.351 0.069357116
23.051 1969530.803 0.069207087
22.935 1974820.282 0.069058605
22.818 1980120.693 0.068911673
22.702 1985431.944 0.068766292
22.587 1990753.941 0.068622463
22.472 1996086.593 0.068480188
22.357 2001429.810 0.068339467
22.242 2006783.501 0.068200303
22.128 2012147.578 0.068062697
22.014 2017521.951 0.067926649
21.901 2022906.534 0.067792161
21.788 2028301.239 0.067659235
21.675 2033705.979 0.067527871
21.562 2039120.671 0.067398070
21.450 2044545.227 0.067269834
21.339 2049979.566 0.067143163
21.227 2055423.603 0.067018059
21.116 2060877.255 0.066894524
21.005 2066340.442 0.066772557
20.895 2071813.081 0.066652161
20.785 2077295.093 0.066533336
20.675 2082786.397 0.066416084
20.566 2088286.914 0.066300406
20.456 2093796.567 0.066186303
20.348 2099315.277 0.066073776
20.239 2104842.967 0.065962827
20.131 2110379.561 0.065853457
20.023 2115924.983 0.065745668
