20.079 2100574.361 0.066419853
20.201 2094380.106 0.066543690
20.323 2088190.963 0.066669667
20.446 2082006.985 0.066797791
20.569 2075828.223 0.066928067
20.693 2069654.732 0.067060502
20.817 2063486.566 0.067195101
20.942 2057323.778 0.067331873
21.067 2051166.425 0.067470823
21.193 2045014.561 0.067611959
21.320 2038868.243 0.067755288
21.447 2032727.529 0.067900817
21.575 2026592.475 0.068048555
21.703 2020463.140 0.068198508
21.832 2014339.582 0.068350686
21.962 2008221.861 0.068505096
22.092 2002110.038 0.068661748
22.223 1996004.172 0.068820648
22.354 1989904.326 0.068981807
22.486 1983810.561 0.069145233
22.619 1977722.941 0.069310936
22.752 1971641.528 0.069478924
22.886 1965566.386 0.069649208
23.020 1959497.582 0.069821797
23.156 1953435.179 0.069996700
23.291 1947379.246 0.070173929
23.428 1941329.848 0.070353492
23.565 1935287.053 0.070535401
23.703 1929250.931 0.070719665
23.841 1923221.549 0.070906296
23.980 1917198.980 0.071095305
24.120 1911183.292 0.071286701
24.261 1905174.558 0.071480497
24.402 1899172.851 0.071676704
24.544 1893178.244 0.071875332
24.687 1887190.810 0.072076394
24.830 1881210.625 0.072279901
24.974 1875237.765 0.072485865
25.119 1869272.305 0.072694297
25.264 1863314.325 0.072905211
25.410 1857363.901 0.073118617
25.557 1851421.113 0.073334529
25.705 1845486.042 0.073552958
25.854 1839558.769 0.073773917
26.003 1833639.375 0.073997418
26.153 1827727.943 0.074223475
26.304 1821824.558 0.074452100
26.455 1815929.304 0.074683306
26.607 1810042.266 0.074917106
26.761 1804163.533 0.075153513
26.914 1798293.190 0.075392540
27.069 1792431.328 0.075634200
27.225 1786578.035 0.075878506
27.381 1780733.403 0.076125473
27.538 1774897.524 0.076375112
27.696 1769070.490 0.076627438
27.855 1763252.395 0.076882464
28.015 1757443.335 0.077140203
28.175 1751643.405 0.077400670
28.336 1745852.703 0.077663877
28.499 1740071.327 0.077929838
28.662 1734299.376 0.078198567
28.826 1728536.952 0.078470077
28.991 1722784.155 0.078744382
29.156 1717041.089 0.079021496
29.323 1711307.858 0.079301432
29.491 1705584.567 0.079584203
29.659 1699871.323 0.079869823
29.828 1694168.233 0.080158305
29.999 1688475.407 0.080449664
30.170 1682792.955 0.080743912
30.342 1677120.988 0.081041062
30.515 1671459.620 0.081341128
30.690 1665808.963 0.081644122
30.865 1660169.134 0.081950059
31.041 1654540.250 0.082258950
31.218 1648922.428 0.082570808
31.396 1643315.789 0.082885647
31.575 1637720.452 0.083203478
31.755 1632136.540 0.083524314
31.936 1626564.177 0.083848166
32.118 1621003.488 0.084175048
32.301 1615454.599 0.084504971
32.485 1609917.638 0.084837946
32.670 1604392.735 0.085173984
32.856 1598880.021 0.085513097
33.044 1593379.627 0.085855297
33.232 1587891.689 0.086200592
33.421 1582416.340 0.086548994
33.612 1576953.719 0.086900512
33.803 1571503.964 0.087255157
33.996 1566067.215 0.087612938
34.190 1560643.614 0.087973863
34.385 1555233.303 0.088337942
34.581 1549836.429 0.088705183
34.778 1544453.137 0.089075593
34.976 1539083.576 0.089449181
35.176 1533727.896 0.089825953
35.376 1528386.249 0.090205915
35.578 1523058.787 0.090589075
35.781 1517745.666 0.090975437
35.985 1512447.043 0.091365006
36.190 1507163.076 0.091757788
36.397 1501893.925 0.092153786
36.605 1496639.753 0.092553004
36.814 1491400.724 0.092955444
37.024 1486177.003 0.093361108
37.235 1480968.758 0.093769999
37.448 1475776.157 0.094182116
37.662 1470599.374 0.094597461
37.877 1465438.580 0.095016032
38.094 1460293.950 0.095437828
38.311 1455165.662 0.095862847
38.530 1450053.894 0.096291085
38.751 1444958.827 0.096722540
38.972 1439880.644 0.097157206
39.195 1434819.530 0.097595078
39.419 1429775.670 0.098036149
39.645 1424749.254 0.098480412
39.872 1419740.473 0.098927859
40.100 1414749.518 0.099378479
40.330 1409776.585 0.099832262
40.561 1404821.870 0.100289197
40.793 1399885.571 0.100749271
41.027 1394967.891 0.101212470
41.262 1390069.031 0.101678779
41.498 1385189.196 0.102148181
41.736 1380328.593 0.102620659
41.975 1375487.431 0.103096195
42.216 1370665.922 0.103574767
42.458 1365864.279 0.104056355
42.701 1361082.716 0.104540935
42.946 1356321.451 0.105028483
43.193 1351580.705 0.105518974
43.441 1346860.698 0.106012379
43.690 1342161.654 0.106508670
43.941 1337483.800 0.107007816
44.193 1332827.363 0.107509786
44.446 1328192.573 0.108014546
44.702 1323579.663 0.108522059
44.958 1318988.867 0.109032289
45.216 1314420.422 0.109545197
45.476 1309874.566 0.110060742
45.737 1305351.541 0.110578881
46.000 1300851.588 0.111099571
46.264 1296374.954 0.111622763
46.529 1291921.884 0.112148410
46.796 1287492.629 0.112676462
47.065 1283087.440 0.113206866
47.335 1278706.570 0.113739566
47.607 1274350.274 0.114274508
47.880 1270018.810 0.114811631
48.155 1265712.437 0.115350875
48.431 1261431.417 0.115892176
48.709 1257176.013 0.116435469
48.988 1252946.491 0.116980686
49.269 1248743.118 0.117527756
49.552 1244566.164 0.118076608
49.835 1240415.899 0.118627166
50.121 1236292.598 0.119179353
50.408 1232196.534 0.119733089
50.696 1228127.984 0.120288292
50.986 1224087.229 0.120844876
51.278 1220074.546 0.121402756
51.571 1216090.220 0.121961840
51.866 1212134.532 0.122522035
52.162 1208207.770 0.123083248
52.460 1204310.220 0.123645381
52.759 1200442.170 0.124208332
53.059 1196603.911 0.124771999
53.361 1192795.734 0.125336276
53.665 1189017.931 0.125901054
53.970 1185270.799 0.126466224
54.277 1181554.632 0.127031670
54.584 1177869.726 0.127597277
54.894 1174216.381 0.128162925
55.205 1170594.896 0.128728492
55.517 1167005.570 0.129293854
55.831 1163448.706 0.129858884
56.146 1159924.605 0.130423451
56.462 1156433.570 0.130987423
56.780 1152975.906 0.131550665
57.099 1149551.918 0.132113039
57.419 1146161.910 0.132674404
57.741 1142806.188 0.133234618
58.064 1139485.060 0.133793534
58.388 1136198.830 0.134351005
58.713 1132947.808 0.134906881
59.040 1129732.299 0.135461007
59.367 1126552.612 0.136013230
59.696 1123409.053 0.136563390
60.026 1120301.930 0.137111329
60.357 1117231.550 0.137656884
60.689 1114198.220 0.138199891
61.022 1111202.247 0.138740184
61.356 1108243.936 0.139277593
61.690 1105323.594 0.139811949
62.026 1102441.523 0.140343080
62.362 1099598.030 0.140870812
62.699 1096793.415 0.141394968
63.037 1094027.982 0.141915373
63.376 1091302.030 0.142431847
63.715 1088615.860 0.142944211
64.054 1085969.768 0.143452283
64.394 1083364.052 0.143955880
64.735 1080799.006 0.144454821
65.076 1078274.923 0.144948919
65.417 1075792.093 0.145437991
65.758 1073350.805 0.145921850
66.099 1070951.346 0.146400311
66.440 1068594.001 0.146873186
66.781 1066279.050 0.147340289
67.122 1064006.772 0.147801433
67.462 1061777.444 0.148256432
67.802 1059591.339 0.148705098
68.141 1057448.728 0.149147246
68.480 1055349.877 0.149582690
68.818 1053295.049 0.150011245
69.154 1051284.506 0.150432727
69.490 1049318.503 0.150846953
69.824 1047397.293 0.151253742
70.157 1045521.125 0.151652912
70.488 1043690.244 0.152044286
70.818 1041904.890 0.152427686
71.145 1040165.299 0.152802937
71.470 1038471.703 0.153169866
71.793 1036824.329 0.153528303
72.113 1035223.398 0.153878078
72.430 1033669.129 0.154219027
72.743 1032161.734 0.154550986
73.053 1030701.419 0.154873796
73.359 1029288.386 0.155187300
73.662 1027922.832 0.155491345
73.959 1026604.947 0.155785780
74.252 1025334.916 0.156070461
74.539 1024112.919 0.156345245
74.821 1022939.128 0.156609992
75.097 1021813.710 0.156864571
75.366 1020736.827 0.157108850
75.628 1019708.634 0.157342705
75.883 1018729.278 0.157566015
76.130 1017798.901 0.157778665
76.368 1016917.639 0.157980544
76.598 1016085.620 0.158171547
76.818 1015302.965 0.158351572
77.027 1014569.790 0.158520526
77.226 1013886.202 0.158678318
77.414 1013252.302 0.158824865
77.590 1012668.185 0.158960088
77.753 1012133.935 0.159083915
77.903 1011649.634 0.159196280
78.040 1011215.352 0.159297122
78.163 1010831.154 0.159386386
78.271 1010497.098 0.159464025
78.364 1010213.234 0.159529996
78.442 1009979.604 0.159584263
78.504 1009796.242 0.159626796
78.550 1009663.176 0.159657573
78.580 1009580.426 0.159676577
78.593 1009548.004 0.159683797
78.590 1009565.914 0.159679229
78.570 1009634.154 0.159662875
78.534 1009752.713 0.159634744
78.482 1009921.573 0.159594852
78.415 1010140.707 0.159543220
78.331 1010410.084 0.159479876
78.232 1010729.662 0.159404854
78.119 1011099.393 0.159318194
77.991 1011519.221 0.159219944
77.849 1011989.083 0.159110156
38.920 1442810.938 0.096851835
39.053 1439774.901 0.097112211
39.186 1436767.583 0.097371773
39.318 1433789.167 0.097630472
39.450 1430839.839 0.097888254
39.581 1427919.783 0.098145068
39.711 1425029.180 0.098400860
39.841 1422168.216 0.098655578
39.970 1419337.072 0.098909167
40.098 1416535.931 0.099161574
40.226 1413764.974 0.099412743
40.353 1411024.383 0.099662621
40.479 1408314.339 0.099911151
40.605 1405635.021 0.100158278
40.729 1402986.608 0.100403945
40.853 1400369.281 0.100648097
40.976 1397783.215 0.100890677
41.098 1395228.588 0.101131629
41.220 1392705.577 0.101370894
41.340 1390214.357 0.101608415
41.459 1387755.101 0.101844136
41.578 1385327.984 0.102077998
41.695 1382933.178 0.102309943
41.812 1380570.853 0.102539914
41.927 1378241.179 0.102767853
42.041 1375944.326 0.102993701
42.154 1373680.461 0.103217400
42.266 1371449.750 0.103438893
42.377 1369252.358 0.103658120
42.487 1367088.449 0.103875025
42.595 1364958.184 0.104089548
42.703 1362861.724 0.104301632
42.808 1360799.227 0.104511220
42.913 1358770.852 0.104718253
43.017 1356776.753 0.104922675
43.119 1354817.085 0.105124428
43.219 1352892.000 0.105323455
43.318 1351001.648 0.105519700
43.416 1349146.177 0.105713107
43.513 1347325.735 0.105903620
43.608 1345540.465 0.106091183
43.701 1343790.510 0.106275742
43.793 1342076.010 0.106457242
43.883 1340397.105 0.106635628
43.972 1338753.929 0.106810848
44.059 1337146.617 0.106982849
44.144 1335575.301 0.107151578
44.228 1334040.109 0.107316984
44.310 1332541.169 0.107479016
44.391 1331078.605 0.107637623
44.469 1329652.540 0.107792757
44.546 1328263.092 0.107944368
44.622 1326910.378 0.108092409
44.695 1325594.514 0.108236832
44.766 1324315.610 0.108377592
44.836 1323073.775 0.108514644
44.904 1321869.116 0.108647943
44.970 1320701.737 0.108777445
45.034 1319571.737 0.108903110
45.096 1318479.215 0.109024895
45.156 1317424.264 0.109142760
45.214 1316406.978 0.109256667
45.270 1315427.445 0.109366578
45.324 1314485.751 0.109472455
45.376 1313581.979 0.109574264
45.426 1312716.207 0.109671971
45.474 1311888.514 0.109765541
45.519 1311098.972 0.109854944
45.563 1310347.652 0.109940150
45.605 1309634.620 0.110021128
45.644 1308959.940 0.110097852
45.681 1308323.672 0.110170294
45.716 1307725.875 0.110238431
45.749 1307166.601 0.110302238
45.780 1306645.901 0.110361693
45.808 1306163.823 0.110416776
45.835 1305720.409 0.110467468
45.859 1305315.700 0.110513750
45.881 1304949.733 0.110555607
45.900 1304622.541 0.110593024
45.918 1304334.155 0.110625987
45.933 1304084.600 0.110654485
45.946 1303873.900 0.110678509
45.956 1303702.074 0.110698048
45.965 1303569.137 0.110713097
45.971 1303475.103 0.110723650
45.974 1303419.981 0.110729703
45.976 1303403.775 0.110731254
45.975 1303426.487 0.110728302
45.972 1303488.117 0.110720848
45.967 1303588.657 0.110708895
45.959 1303728.101 0.110692446
45.949 1303906.435 0.110671507
45.937 1304123.645 0.110646086
45.923 1304379.709 0.110616190
45.906 1304674.606 0.110581831
45.887 1305008.310 0.110543020
45.866 1305380.791 0.110499771
45.843 1305792.015 0.110452097
45.817 1306241.946 0.110400017
45.790 1306730.543 0.110343547
45.760 1307257.764 0.110282707
45.727 1307823.561 0.110217518
45.693 1308427.884 0.110148003
45.657 1309070.679 0.110074184
45.618 1309751.890 0.109996087
45.577 1310471.456 0.109913738
45.534 1311229.313 0.109827166
45.489 1312025.395 0.109736400
45.442 1312859.631 0.109641469
45.393 1313731.949 0.109542407
45.341 1314642.272 0.109439246
45.288 1315590.521 0.109332021
45.233 1316576.612 0.109220767
45.175 1317600.461 0.109105521
45.116 1318661.978 0.108986321
45.055 1319761.072 0.108863206
44.991 1320897.648 0.108736217
44.926 1322071.609 0.108605394
44.859 1323282.854 0.108470781
44.790 1324531.280 0.108332419
44.719 1325816.781 0.108190355
44.647 1327139.248 0.108044632
44.572 1328498.569 0.107895298
44.496 1329894.632 0.107742399
44.418 1331327.318 0.107585984
44.338 1332796.508 0.107426100
44.257 1334302.081 0.107262799
44.174 1335843.913 0.107096129
44.089 1337421.876 0.106926142
44.002 1339035.842 0.106752890
43.914 1340685.678 0.106576424
43.824 1342371.252 0.106396799
43.733 1344092.428 0.106214067
43.640 1345849.067 0.106028283
43.546 1347641.028 0.105839500
43.450 1349468.171 0.105647775
43.353 1351330.350 0.105453163
43.255 1353227.419 0.105255719
43.154 1355159.230 0.105055500
43.053 1357125.633 0.104852562
42.950 1359126.475 0.104646962
42.846 1361161.603 0.104438758
42.741 1363230.862 0.104228006
42.634 1365334.095 0.104014765
42.526 1367471.142 0.103799093
42.417 1369641.844 0.103581046
42.307 1371846.039 0.103360683
42.195 1374083.563 0.103138062
42.083 1376354.252 0.102913242
41.969 1378657.940 0.102686281
41.854 1380994.460 0.102457236
41.738 1383363.642 0.102226165
41.621 1385765.318 0.101993128
41.504 1388199.316 0.101758181
41.385 1390665.464 0.101521383
41.265 1393163.590 0.101282791
41.144 1395693.518 0.101042464
41.022 1398255.075 0.100800457
40.900 1400848.083 0.100556828
40.777 1403472.367 0.100311635
40.652 1406127.748 0.100064933
40.527 1408814.048 0.099816779
40.402 1411531.089 0.099567230
40.275 1414278.690 0.099316339
40.148 1417056.670 0.099064164
40.020 1419864.850 0.098810759
39.891 1422703.046 0.098556177
39.762 1425571.078 0.098300475
39.632 1428468.762 0.098043704
39.501 1431395.917 0.097785920
39.370 1434352.357 0.097527173
39.239 1437337.901 0.097267517
39.106 1440352.363 0.097007003
38.973 1443395.560 0.096745684
38.840 1446467.308 0.096483609
38.706 1449567.421 0.096220828
38.572 1452695.716 0.095957393
38.437 1455852.007 0.095693351
38.302 1459036.110 0.095428753
38.167 1462247.840 0.095163644
38.031 1465487.011 0.094898074
37.894 1468753.440 0.094632089
37.758 1472046.941 0.094365736
37.621 1475367.331 0.094099060
37.483 1478714.423 0.093832106
37.346 1482088.035 0.093564918
37.208 1485487.982 0.093297542
37.070 1488914.081 0.093030019
36.931 1492366.147 0.092762393
36.793 1495843.998 0.092494706
36.654 1499347.451 0.092226998
36.515 1502876.322 0.091959312
36.376 1506430.431 0.091691686
36.236 1510009.595 0.091424160
36.097 1513613.633 0.091156773
35.957 1517242.363 0.090889563
35.817 1520895.606 0.090622567
35.677 1524573.182 0.090355823
35.537 1528274.911 0.090089367
35.397 1532000.615 0.089823234
35.257 1535750.114 0.089557459
35.117 1539523.233 0.089292076
34.977 1543319.793 0.089027120
34.836 1547139.617 0.088762622
34.696 1550982.532 0.088498616
34.556 1554848.360 0.088235132
34.416 1558736.928 0.087972203
34.275 1562648.063 0.087709859
34.135 1566581.590 0.087448129
33.995 1570537.339 0.087187042
33.855 1574515.136 0.086926628
33.715 1578514.813 0.086666915
33.575 1582536.198 0.086407929
33.435 1586579.122 0.086149697
33.295 1590643.418 0.085892246
33.155 1594728.917 0.085635602
33.015 1598835.453 0.085379789
32.876 1602962.860 0.085124832
32.736 1607110.973 0.084870754
32.597 1611279.628 0.084617580
32.458 1615468.662 0.084365331
32.319 1619677.911 0.084114030
32.180 1623907.215 0.083863699
32.042 1628156.413 0.083614359
31.903 1632425.346 0.083366031
31.765 1636713.854 0.083118734
31.627 1641021.779 0.082872488
31.489 1645348.966 0.082627312
31.351 1649695.256 0.082383225
31.213 1654060.497 0.082140244
31.076 1658444.533 0.081898388
30.939 1662847.211 0.081657674
30.802 1667268.380 0.081418117
30.666 1671707.887 0.081179735
30.529 1676165.583 0.080942542
30.393 1680641.318 0.080706555
30.257 1685134.944 0.080471788
30.121 1689646.313 0.080238255
29.986 1694175.280 0.080005970
29.851 1698721.698 0.079774948
29.716 1703285.424 0.079545200
29.581 1707866.313 0.079316740
29.447 1712464.224 0.079089580
29.313 1717079.014 0.078863732
29.179 1721710.544 0.078639207
29.046 1726358.674 0.078416017
28.913 1731023.265 0.078194173
28.780 1735704.180 0.077973685
28.647 1740401.281 0.077754562
28.515 1745114.435 0.077536816
28.383 1749843.505 0.077320455
28.251 1754588.359 0.077105489
28.120 1759348.864 0.076891926
27.989 1764124.888 0.076679774
27.858 1768916.300 0.076469043
27.727 1773722.972 0.076259739
27.597 1778544.773 0.076051871
27.468 1783381.577 0.075845446
27.338 1788233.256 0.075640470
27.209 1793099.685 0.075436951
27.080 1797980.739 0.075234895
26.952 1802876.295 0.075034309
26.823 1807786.228 0.074835197
26.696 1812710.418 0.074637567
26.568 1817648.743 0.074441424
26.441 1822601.084 0.074246772
26.314 1827567.321 0.074053618
26.188 1832547.335 0.073861966
26.062 1837541.011 0.073671820
25.936 1842548.231 0.073483185
25.810 1847568.880 0.073296066
25.685 1852602.844 0.073110466
25.561 1857650.010 0.072926390
25.436 1862710.264 0.072743840
25.312 1867783.495 0.072562822
25.188 1872869.592 0.072383337
25.065 1877968.446 0.072205390
24.942 1883079.947 0.072028983
24.819 1888203.988 0.071854119
24.697 1893340.461 0.071680802
24.575 1898489.260 0.071509033
24.454 1903650.280 0.071338816
24.332 1908823.416 0.071170152
24.211 1914008.564 0.071003044
24.091 1919205.622 0.070837495
23.971 1924414.487 0.070673506
23.851 1929635.060 0.070511079
23.731 1934867.238 0.070350217
23.612 1940110.924 0.070190920
23.493 1945366.018 0.070033191
23.375 1950632.423 0.069877032
23.257 1955910.042 0.069722443
23.139 1961198.779 0.069569426
23.022 1966498.538 0.069417983
22.905 1971809.225 0.069268116
22.788 1977130.747 0.069119824
22.672 1982463.011 0.068973110
22.556 1987805.924 0.068827975
22.440 1993159.396 0.068684419
22.325 1998523.336 0.068542444
22.210 2003897.654 0.068402052
22.096 2009282.261 0.068263242
21.981 2014677.069 0.068126017
21.868 2020081.991 0.067990376
21.754 2025496.941 0.067856322
21.641 2030921.831 0.067723854
21.528 2036356.578 0.067592975
21.416 2041801.096 0.067463684
21.303 2047255.302 0.067335983
21.192 2052719.113 0.067209872
21.080 2058192.447 0.067085354
20.969 2063675.222 0.066962428
20.858 2069167.358 0.066841095
20.748 2074668.774 0.066721357
20.638 2080179.391 0.066603215
20.528 2085699.130 0.066486669
20.419 2091227.913 0.066371721
20.310 2096765.662 0.066258372
20.201 2102312.302 0.066146622
20.093 2107867.756 0.066036474
