20.029 2104321.169 0.066310931
20.150 2098103.681 0.066434065
20.273 2091891.153 0.066559352
20.395 2085683.636 0.066686797
20.519 2079481.182 0.066816405
20.643 2073283.843 0.066948184
20.767 2067091.672 0.067082140
20.892 2060904.722 0.067218280
21.018 2054723.047 0.067356611
21.144 2048546.702 0.067497141
21.271 2042375.741 0.067639877
21.398 2036210.221 0.067784826
21.526 2030050.198 0.067931996
21.655 2023895.729 0.068081397
21.784 2017746.871 0.068233035
21.913 2011603.683 0.068386920
22.044 2005466.223 0.068543060
22.175 1999334.552 0.068701464
22.306 1993208.728 0.068862141
22.439 1987088.813 0.069025100
22.571 1980974.869 0.069190352
22.705 1974866.957 0.069357905
22.839 1968765.141 0.069527769
22.974 1962669.484 0.069699955
23.109 1956580.050 0.069874472
23.245 1950496.904 0.070051331
23.382 1944420.112 0.070230543
23.520 1938349.740 0.070412117
23.658 1932285.856 0.070596066
23.796 1926228.527 0.070782400
23.936 1920177.823 0.070971130
24.076 1914133.812 0.071162268
24.217 1908096.565 0.071355824
24.358 1902066.152 0.071551812
24.501 1896042.647 0.071750242
24.644 1890026.120 0.071951127
24.787 1884016.647 0.072154478
24.932 1878014.301 0.072360308
25.077 1872019.157 0.072568630
25.223 1866031.291 0.072779456
25.369 1860050.780 0.072992798
25.517 1854077.702 0.073208669
25.665 1848112.136 0.073427083
25.814 1842154.161 0.073648052
25.963 1836203.857 0.073871589
26.114 1830261.306 0.074097708
26.265 1824326.590 0.074326423
26.417 1818399.793 0.074557745
26.570 1812480.998 0.074791690
26.723 1806570.290 0.075028271
26.878 1800667.757 0.075267502
27.033 1794773.484 0.075509396
27.189 1788887.560 0.075753967
27.346 1783010.075 0.076001230
27.504 1777141.118 0.076251198
27.662 1771280.780 0.076503887
27.822 1765429.155 0.076759309
27.982 1759586.335 0.077017479
28.143 1753752.414 0.077278412
28.305 1747927.488 0.077542122
28.468 1742111.654 0.077808624
28.632 1736305.010 0.078077931
28.796 1730507.654 0.078350059
28.962 1724719.686 0.078625021
29.128 1718941.208 0.078902832
29.296 1713172.322 0.079183508
29.464 1707413.132 0.079467061
29.633 1701663.741 0.079753508
29.803 1695924.258 0.080042861
29.974 1690194.787 0.080335136
30.147 1684475.439 0.080630347
30.320 1678766.322 0.080928509
30.494 1673067.548 0.081229635
30.669 1667379.229 0.081533740
30.845 1661701.478 0.081840837
31.021 1656034.411 0.082150942
31.199 1650378.144 0.082464068
31.378 1644732.794 0.082780229
31.558 1639098.481 0.083099438
31.739 1633475.325 0.083421709
31.922 1627863.447 0.083747056
32.105 1622262.971 0.084075491
32.289 1616674.022 0.084407029
32.474 1611096.725 0.084741681
32.660 1605531.209 0.085079462
32.848 1599977.601 0.085420382
33.036 1594436.033 0.085764455
33.226 1588906.637 0.086111692
33.416 1583389.547 0.086462106
33.608 1577884.896 0.086815708
33.801 1572392.823 0.087172510
33.995 1566913.466 0.087532521
34.190 1561446.964 0.087895754
34.387 1555993.458 0.088262217
34.584 1550553.093 0.088631922
34.783 1545126.012 0.089004878
34.983 1539712.362 0.089381093
35.184 1534312.292 0.089760578
35.386 1528925.951 0.090143339
35.589 1523553.490 0.090529386
35.794 1518195.063 0.090918726
36.000 1512850.825 0.091311365
36.207 1507520.932 0.091707310
36.416 1502205.544 0.092106567
36.625 1496904.820 0.092509142
36.836 1491618.923 0.092915039
37.048 1486348.016 0.093324262
37.262 1481092.266 0.093736815
37.476 1475851.840 0.094152701
37.692 1470626.907 0.094571922
37.910 1465417.640 0.094994480
38.128 1460224.211 0.095420375
38.348 1455046.796 0.095849607
38.570 1449885.573 0.096282177
38.792 1444740.719 0.096718081
39.016 1439612.417 0.097157319
39.242 1434500.849 0.097599886
39.469 1429406.201 0.098045778
39.697 1424328.660 0.098494990
39.926 1419268.414 0.098947517
40.157 1414225.656 0.099403350
40.390 1409200.578 0.099862483
40.623 1404193.377 0.100324906
40.859 1399204.248 0.100790608
41.095 1394233.392 0.101259578
41.334 1389281.010 0.101731803
41.573 1384347.306 0.102207271
41.814 1379432.486 0.102685965
42.057 1374536.758 0.103167870
42.301 1369660.331 0.103652968
42.547 1364803.419 0.104141240
42.794 1359966.234 0.104632666
43.042 1355148.995 0.105127223
43.292 1350351.920 0.105624890
43.544 1345575.230 0.106125640
43.797 1340819.147 0.106629448
44.052 1336083.897 0.107136287
44.308 1331369.708 0.107646125
44.566 1326676.809 0.108158934
44.826 1322005.432 0.108674679
45.087 1317355.811 0.109193326
45.350 1312728.182 0.109714839
45.614 1308122.785 0.110239180
45.880 1303539.859 0.110766308
46.147 1298979.647 0.111296182
46.416 1294442.395 0.111828758
46.687 1289928.350 0.112363990
46.960 1285437.761 0.112901830
47.234 1280970.879 0.113442228
47.509 1276527.960 0.113985132
47.787 1272109.257 0.114530489
48.066 1267715.030 0.115078240
48.347 1263345.539 0.115628329
48.629 1259001.046 0.116180693
48.913 1254681.816 0.116735270
49.199 1250388.114 0.117291995
49.487 1246120.210 0.117850798
49.776 1241878.375 0.118411610
50.067 1237662.880 0.118974358
50.359 1233474.001 0.119538967
50.654 1229312.014 0.120105358
50.950 1225177.198 0.120673452
32.338 1615697.187 0.084450632
32.329 1615957.900 0.084435012
32.320 1616249.637 0.084417546
32.309 1616572.382 0.084398238
32.297 1616926.117 0.084377093
32.285 1617310.821 0.084354116
32.271 1617726.473 0.084329313
32.256 1618173.048 0.084302689
32.241 1618650.522 0.084274253
32.224 1619158.867 0.084244010
32.206 1619698.054 0.084211967
32.187 1620268.052 0.084178134
32.168 1620868.829 0.084142517
32.147 1621500.351 0.084105127
32.125 1622162.581 0.084065971
32.103 1622855.482 0.084025059
32.079 1623579.014 0.083982402
32.054 1624333.136 0.083938009
32.029 1625117.806 0.083891892
32.002 1625932.979 0.083844061
31.975 1626778.608 0.083794528
31.946 1627654.646 0.083743305
31.917 1628561.044 0.083690404
31.886 1629497.751 0.083635838
31.855 1630464.713 0.083579620
31.823 1631461.876 0.083521763
31.790 1632489.185 0.083462281
31.755 1633546.583 0.083401188
31.720 1634634.010 0.083338499
31.684 1635751.405 0.083274227
31.648 1636898.708 0.083208388
31.610 1638075.853 0.083140998
31.571 1639282.778 0.083072072
31.532 1640519.413 0.083001625
31.491 1641785.693 0.082929675
31.450 1643081.548 0.082856238
31.408 1644406.906 0.082781331
31.365 1645761.696 0.082704970
31.321 1647145.844 0.082627173
31.276 1648559.276 0.082547958
31.231 1650001.915 0.082467342
31.184 1651473.683 0.082385344
31.137 1652974.502 0.082301981
31.089 1654504.292 0.082217273
31.040 1656062.970 0.082131237
30.991 1657650.456 0.082043894
30.940 1659266.664 0.081955262
30.889 1660911.510 0.081865360
30.837 1662584.908 0.081774208
30.784 1664286.769 0.081681826
30.731 1666017.007 0.081588233
30.677 1667775.530 0.081493450
30.622 1669562.249 0.081397496
30.566 1671377.071 0.081300392
30.509 1673219.903 0.081202158
30.452 1675090.653 0.081102815
30.394 1676989.224 0.081002383
30.336 1678915.521 0.080900883
30.277 1680869.447 0.080798337
30.217 1682850.905 0.080694764
30.156 1684859.795 0.080590187
30.095 1686896.018 0.080484625
30.033 1688959.473 0.080378101
29.970 1691050.059 0.080270636
29.907 1693167.674 0.080162250
29.843 1695312.215 0.080052965
29.779 1697483.578 0.079942803
29.714 1699681.658 0.079831785
29.648 1701906.350 0.079719932
29.582 1704157.547 0.079607266
29.515 1706435.144 0.079493809
29.447 1708739.033 0.079379581
29.379 1711069.105 0.079264605
29.311 1713425.251 0.079148901
29.242 1715807.362 0.079032491
29.172 1718215.329 0.078915398
29.102 1720649.040 0.078797641
29.031 1723108.384 0.078679243
28.960 1725593.250 0.078560224
28.888 1728103.526 0.078440607
28.816 1730639.097 0.078320412
28.743 1733199.852 0.078199660
28.670 1735785.677 0.078078373
28.596 1738396.457 0.077956572
28.522 1741032.078 0.077834277
28.447 1743692.424 0.077711510
28.372 1746377.382 0.077588292
28.297 1749086.833 0.077464643
28.221 1751820.664 0.077340583
28.144 1754578.757 0.077216135
28.068 1757360.996 0.077091317
27.990 1760167.263 0.076966150
27.913 1762997.441 0.076840655
27.835 1765851.414 0.076714852
27.756 1768729.062 0.076588760
27.678 1771630.269 0.076462400
27.599 1774554.915 0.076335792
27.519 1777502.883 0.076208955
27.439 1780474.053 0.076081908
27.359 1783468.308 0.075954672
27.279 1786485.529 0.075827265
27.198 1789525.596 0.075699707
27.117 1792588.391 0.075572016
27.035 1795673.794 0.075444211
26.953 1798781.686 0.075316312
26.871 1801911.948 0.075188337
26.789 1805064.461 0.075060304
26.706 1808239.105 0.074932231
26.623 1811435.762 0.074804137
26.540 1814654.311 0.074676040
26.457 1817894.634 0.074547957
26.373 1821156.611 0.074419906
26.289 1824440.123 0.074291905
26.205 1827745.051 0.074163971
26.120 1831071.275 0.074036121
26.036 1834418.678 0.073908372
25.951 1837787.140 0.073780741
25.866 1841176.542 0.073653244
25.780 1844586.766 0.073525900
25.695 1848017.693 0.073398722
25.609 1851469.205 0.073271729
25.523 1854941.183 0.073144936
25.437 1858433.511 0.073018358
25.351 1861946.069 0.072892012
25.264 1865478.740 0.072765913
25.178 1869031.407 0.072640076
25.091 1872603.953 0.072514517
25.004 1876196.260 0.072389250
24.917 1879808.213 0.072264292
24.830 1883439.694 0.072139655
24.743 1887090.587 0.072015356
24.655 1890760.777 0.071891407
24.568 1894450.147 0.071767824
24.480 1898158.583 0.071644621
24.392 1901885.969 0.071521811
24.304 1905632.190 0.071399408
24.216 1909397.133 0.071277426
24.128 1913180.682 0.071155878
24.040 1916982.724 0.071034777
23.951 1920803.146 0.070914137
23.863 1924641.834 0.070793971
23.774 1928498.676 0.070674291
23.686 1932373.559 0.070555109
23.597 1936266.371 0.070436440
23.509 1940177.000 0.070318293
23.420 1944105.336 0.070200683
23.331 1948051.267 0.070083621
23.242 1952014.682 0.069967119
23.153 1955995.472 0.069851188
23.064 1959993.527 0.069735840
22.975 1964008.737 0.069621088
22.886 1968040.994 0.069506941
22.797 1972090.188 0.069393411
22.708 1976156.213 0.069280510
22.619 1980238.960 0.069168248
22.530 1984338.322 0.069056636
22.441 1988454.193 0.068945684
22.352 1992586.465 0.068835404
22.263 1996735.034 0.068725806
22.173 2000899.793 0.068616899
22.084 2005080.638 0.068508694
21.995 2009277.464 0.068401201
21.906 2013490.168 0.068294431
21.817 2017718.645 0.068188392
21.728 2021962.792 0.068083095
21.639 2026222.507 0.067978549
21.550 2030497.688 0.067874763
21.461 2034788.233 0.067771748
21.372 2039094.041 0.067669512
21.283 2043415.010 0.067568064
21.194 2047751.041 0.067467414
21.105 2052102.034 0.067367570
21.016 2056467.890 0.067268542
20.927 2060848.510 0.067170338
20.838 2065243.795 0.067072967
20.749 2069653.648 0.066976438
20.661 2074077.972 0.066880759
20.572 2078516.670 0.066785938
20.483 2082969.645 0.066691984
20.395 2087436.801 0.066598906
20.306 2091918.045 0.066506711
20.218 2096413.279 0.066415408
20.130 2100922.411 0.066325005
20.041 2105445.347 0.066235510
