20.079 2100574.361 0.066419853
20.201 2094380.106 0.066543690
20.323 2088190.963 0.066669667
20.446 2082006.985 0.066797791
20.569 2075828.223 0.066928067
20.693 2069654.732 0.067060502
20.817 2063486.566 0.067195101
20.942 2057323.778 0.067331873
21.067 2051166.425 0.067470823
21.193 2045014.561 0.067611959
21.320 2038868.243 0.067755288
21.447 2032727.529 0.067900817
21.575 2026592.475 0.068048555
21.703 2020463.140 0.068198508
21.832 2014339.582 0.068350686
21.962 2008221.861 0.068505096
22.092 2002110.038 0.068661748
22.223 1996004.172 0.068820648
22.354 1989904.326 0.068981807
22.486 1983810.561 0.069145233
22.619 1977722.941 0.069310936
22.752 1971641.528 0.069478924
22.886 1965566.386 0.069649208
23.020 1959497.582 0.069821797
23.156 1953435.179 0.069996700
23.291 1947379.246 0.070173929
23.428 1941329.848 0.070353492
23.565 1935287.053 0.070535401
23.703 1929250.931 0.070719665
23.841 1923221.549 0.070906296
23.980 1917198.980 0.071095305
24.120 1911183.292 0.071286701
24.261 1905174.558 0.071480497
24.402 1899172.851 0.071676704
24.544 1893178.244 0.071875332
24.687 1887190.810 0.072076394
24.830 1881210.625 0.072279901
24.974 1875237.765 0.072485865
25.119 1869272.305 0.072694297
25.264 1863314.325 0.072905211
25.410 1857363.901 0.073118617
25.557 1851421.113 0.073334529
25.705 1845486.042 0.073552958
25.854 1839558.769 0.073773917
26.003 1833639.375 0.073997418
26.153 1827727.943 0.074223475
26.304 1821824.558 0.074452100
26.455 1815929.304 0.074683306
26.607 1810042.266 0.074917106
26.761 1804163.533 0.075153513
26.914 1798293.190 0.075392540
27.069 1792431.328 0.075634200
27.225 1786578.035 0.075878506
27.381 1780733.403 0.076125473
27.538 1774897.524 0.076375112
27.696 1769070.490 0.076627438
27.855 1763252.395 0.076882464
28.015 1757443.335 0.077140203
28.175 1751643.405 0.077400670
28.336 1745852.703 0.077663877
28.499 1740071.327 0.077929838
28.662 1734299.376 0.078198567
28.826 1728536.952 0.078470077
28.991 1722784.155 0.078744382
29.156 1717041.089 0.079021496
29.323 1711307.858 0.079301432
29.491 1705584.567 0.079584203
29.659 1699871.323 0.079869823
29.828 1694168.233 0.080158305
29.999 1688475.407 0.080449664
30.170 1682792.955 0.080743912
30.342 1677120.988 0.081041062
30.515 1671459.620 0.081341128
30.690 1665808.963 0.081644122
30.865 1660169.134 0.081950059
31.041 1654540.250 0.082258950
31.218 1648922.428 0.082570808
31.396 1643315.789 0.082885647
31.575 1637720.452 0.083203478
31.755 1632136.540 0.083524314
31.936 1626564.177 0.083848166
32.118 1621003.488 0.084175048
32.301 1615454.599 0.084504971
32.485 1609917.638 0.084837946
32.670 1604392.735 0.085173984
32.856 1598880.021 0.085513097
33.044 1593379.627 0.085855297
33.232 1587891.689 0.086200592
33.421 1582416.340 0.086548994
33.612 1576953.719 0.086900512
33.803 1571503.964 0.087255157
33.996 1566067.215 0.087612938
34.190 1560643.614 0.087973863
34.385 1555233.303 0.088337942
34.581 1549836.429 0.088705183
34.778 1544453.137 0.089075593
34.976 1539083.576 0.089449181
35.176 1533727.896 0.089825953
35.376 1528386.249 0.090205915
35.578 1523058.787 0.090589075
35.781 1517745.666 0.090975437
35.985 1512447.043 0.091365006
36.190 1507163.076 0.091757788
36.397 1501893.925 0.092153786
36.605 1496639.753 0.092553004
36.814 1491400.724 0.092955444
37.024 1486177.003 0.093361108
37.235 1480968.758 0.093769999
37.448 1475776.157 0.094182116
37.662 1470599.374 0.094597461
37.877 1465438.580 0.095016032
38.094 1460293.950 0.095437828
38.311 1455165.662 0.095862847
38.530 1450053.894 0.096291085
38.751 1444958.827 0.096722540
38.972 1439880.644 0.097157206
39.195 1434819.530 0.097595078
39.419 1429775.670 0.098036149
39.645 1424749.254 0.098480412
39.872 1419740.473 0.098927859
40.100 1414749.518 0.099378479
40.330 1409776.585 0.099832262
40.561 1404821.870 0.100289197
40.793 1399885.571 0.100749271
41.027 1394967.891 0.101212470
41.262 1390069.031 0.101678779
41.498 1385189.196 0.102148181
41.736 1380328.593 0.102620659
41.975 1375487.431 0.103096195
42.216 1370665.922 0.103574767
42.458 1365864.279 0.104056355
42.701 1361082.716 0.104540935
42.946 1356321.451 0.105028483
43.193 1351580.705 0.105518974
43.441 1346860.698 0.106012379
43.690 1342161.654 0.106508670
43.941 1337483.800 0.107007816
44.193 1332827.363 0.107509786
44.446 1328192.573 0.108014546
44.702 1323579.663 0.108522059
44.958 1318988.867 0.109032289
45.216 1314420.422 0.109545197
45.476 1309874.566 0.110060742
45.737 1305351.541 0.110578881
46.000 1300851.588 0.111099571
46.264 1296374.954 0.111622763
46.529 1291921.884 0.112148410
46.796 1287492.629 0.112676462
47.065 1283087.440 0.113206866
47.335 1278706.570 0.113739566
47.607 1274350.274 0.114274508
47.880 1270018.810 0.114811631
48.155 1265712.437 0.115350875
48.431 1261431.417 0.115892176
48.709 1257176.013 0.116435469
48.988 1252946.491 0.116980686
49.269 1248743.118 0.117527756
49.552 1244566.164 0.118076608
49.835 1240415.899 0.118627166
50.121 1236292.598 0.119179353
50.408 1232196.534 0.119733089
50.696 1228127.984 0.120288292
50.986 1224087.229 0.120844876
51.278 1220074.546 0.121402756
51.571 1216090.220 0.121961840
51.866 1212134.532 0.122522035
52.162 1208207.770 0.123083248
52.460 1204310.220 0.123645381
52.759 1200442.170 0.124208332
53.059 1196603.911 0.124771999
53.361 1192795.734 0.125336276
53.665 1189017.931 0.125901054
53.970 1185270.799 0.126466224
54.277 1181554.632 0.127031670
54.584 1177869.726 0.127597277
54.894 1174216.381 0.128162925
55.205 1170594.896 0.128728492
55.517 1167005.570 0.129293854
55.831 1163448.706 0.129858884
56.146 1159924.605 0.130423451
56.462 1156433.570 0.130987423
56.780 1152975.906 0.131550665
57.099 1149551.918 0.132113039
57.419 1146161.910 0.132674404
57.741 1142806.188 0.133234618
58.064 1139485.060 0.133793534
58.388 1136198.830 0.134351005
58.713 1132947.808 0.134906881
59.040 1129732.299 0.135461007
59.367 1126552.612 0.136013230
59.696 1123409.053 0.136563390
60.026 1120301.930 0.137111329
60.357 1117231.550 0.137656884
60.689 1114198.220 0.138199891
61.022 1111202.247 0.138740184
61.356 1108243.936 0.139277593
61.690 1105323.594 0.139811949
62.026 1102441.523 0.140343080
62.362 1099598.030 0.140870812
62.699 1096793.415 0.141394968
63.037 1094027.982 0.141915373
63.376 1091302.030 0.142431847
63.715 1088615.860 0.142944211
64.054 1085969.768 0.143452283
64.394 1083364.052 0.143955880
64.735 1080799.006 0.144454821
65.076 1078274.923 0.144948919
65.417 1075792.093 0.145437991
65.758 1073350.805 0.145921850
66.099 1070951.346 0.146400311
66.440 1068594.001 0.146873186
66.781 1066279.050 0.147340289
67.122 1064006.772 0.147801433
67.462 1061777.444 0.148256432
67.802 1059591.339 0.148705098
68.141 1057448.728 0.149147246
68.480 1055349.877 0.149582690
68.818 1053295.049 0.150011245
69.154 1051284.506 0.150432727
69.490 1049318.503 0.150846953
69.824 1047397.293 0.151253742
70.157 1045521.125 0.151652912
70.488 1043690.244 0.152044286
70.818 1041904.890 0.152427686
71.145 1040165.299 0.152802937
71.470 1038471.703 0.153169866
71.793 1036824.329 0.153528303
72.113 1035223.398 0.153878078
72.430 1033669.129 0.154219027
72.743 1032161.734 0.154550986
73.053 1030701.419 0.154873796
73.359 1029288.386 0.155187300
73.662 1027922.832 0.155491345
64.559 1082343.924 0.144144777
64.455 1083137.614 0.143990191
64.346 1083977.488 0.143826963
64.232 1084863.438 0.143655168
64.112 1085795.349 0.143474887
63.987 1086773.101 0.143286204
63.857 1087796.571 0.143089204
63.722 1088865.626 0.142883980
63.582 1089980.132 0.142670624
63.438 1091139.947 0.142449234
63.289 1092344.925 0.142219910
63.135 1093594.916 0.141982754
62.977 1094889.764 0.141737873
62.815 1096229.307 0.141485375
62.648 1097613.380 0.141225372
62.478 1099041.814 0.140957978
62.304 1100514.432 0.140683308
62.126 1102031.057 0.140401481
61.944 1103591.505 0.140112619
61.759 1105195.587 0.139816843
61.571 1106843.112 0.139514278
61.379 1108533.885 0.139205051
61.184 1110267.705 0.138889290
60.986 1112044.368 0.138567126
60.785 1113863.668 0.138238688
60.582 1115725.393 0.137904111
60.376 1117629.329 0.137563527
60.167 1119575.257 0.137217071
59.955 1121562.958 0.136864880
59.742 1123592.207 0.136507091
59.526 1125662.775 0.136143840
59.308 1127774.434 0.135775266
59.088 1129926.950 0.135401509
58.866 1132120.087 0.135022706
58.642 1134353.607 0.134638998
58.416 1136627.269 0.134250524
58.189 1138940.829 0.133857424
57.960 1141294.042 0.133459838
57.729 1143686.661 0.133057906
57.498 1146118.435 0.132651767
57.264 1148589.113 0.132241560
57.030 1151098.441 0.131827425
56.795 1153646.164 0.131409500
56.558 1156232.025 0.130987922
56.320 1158855.765 0.130562829
56.082 1161517.125 0.130134358
55.843 1164215.842 0.129702643
55.602 1166951.655 0.129267821
55.362 1169724.301 0.128830025
55.120 1172533.513 0.128389387
54.878 1175379.027 0.127946040
54.635 1178260.576 0.127500114
54.392 1181177.893 0.127051739
54.149 1184130.710 0.126601043
53.905 1187118.758 0.126148153
53.661 1190141.768 0.125693194
53.416 1193199.472 0.125236290
53.171 1196291.599 0.124777564
52.927 1199417.879 0.124317136
52.682 1202578.042 0.123855127
52.437 1205771.818 0.123391655
52.192 1208998.937 0.122926834
51.947 1212259.128 0.122460781
51.702 1215552.122 0.121993607
51.457 1218877.648 0.121525425
51.213 1222235.438 0.121056342
50.968 1225625.221 0.120586468
50.724 1229046.729 0.120115907
50.480 1232499.694 0.119644764
50.237 1235983.848 0.119173141
49.993 1239498.924 0.118701137
49.750 1243044.656 0.118228852
49.508 1246620.776 0.117756382
49.266 1250227.021 0.117283821
49.024 1253863.127 0.116811262
48.783 1257528.829 0.116338797
48.542 1261223.866 0.115866513
48.302 1264947.976 0.115394498
48.062 1268700.898 0.114922838
47.823 1272482.374 0.114451614
47.585 1276292.145 0.113980910
47.347 1280129.953 0.113510803
47.109 1283995.543 0.113041372
46.873 1287888.661 0.112572692
46.637 1291809.052 0.112104838
46.402 1295756.464 0.111637881
46.167 1299730.648 0.111171891
45.933 1303731.352 0.110706937
45.700 1307758.330 0.110243084
45.468 1311811.334 0.109780399
45.236 1315890.119 0.109318944
45.005 1319994.441 0.108858779
44.775 1324124.058 0.108399966
44.546 1328278.730 0.107942560
44.317 1332458.217 0.107486618
44.090 1336662.281 0.107032195
43.863 1340890.686 0.106579344
43.637 1345143.199 0.106128114
43.412 1349419.585 0.105678556
43.187 1353719.614 0.105230718
42.964 1358043.056 0.104784646
42.741 1362389.683 0.104340384
42.519 1366759.269 0.103897975
42.299 1371151.590 0.103457463
42.079 1375566.421 0.103018885
41.860 1380003.543 0.102582282
41.641 1384462.736 0.102147691
41.424 1388943.782 0.101715148
41.208 1393446.465 0.101284687
40.992 1397970.570 0.100856342
40.778 1402515.886 0.100430143
40.564 1407082.201 0.100006124
40.351 1411669.306 0.099584311
40.140 1416276.994 0.099164734
39.929 1420905.059 0.098747420
39.719 1425553.298 0.098332393
39.510 1430221.508 0.097919680
39.302 1434909.489 0.097509302
39.095 1439617.043 0.097101283
38.888 1444343.973 0.096695643
38.683 1449090.083 0.096292404
38.479 1453855.181 0.095891582
38.275 1458639.075 0.095493198
38.073 1463441.574 0.095097268
37.871 1468262.491 0.094703808
37.671 1473101.640 0.094312833
37.471 1477958.835 0.093924357
37.272 1482833.894 0.093538395
37.074 1487726.636 0.093154957
36.878 1492636.881 0.092774057
36.682 1497564.451 0.092395705
36.486 1502509.171 0.092019910
36.292 1507470.865 0.091646682
36.099 1512449.361 0.091276030
35.907 1517444.488 0.090907962
35.715 1522456.076 0.090542483
35.525 1527483.958 0.090179601
35.335 1532527.967 0.089819321
35.147 1537587.940 0.089461649
34.959 1542663.713 0.089106588
34.772 1547755.124 0.088754143
34.586 1552862.015 0.088404316
34.401 1557984.227 0.088057110
34.217 1563121.604 0.087712527
34.034 1568273.990 0.087370569
33.851 1573441.233 0.087031237
33.670 1578623.180 0.086694530
33.489 1583819.682 0.086360449
33.309 1589030.589 0.086028994
33.130 1594255.755 0.085700163
32.952 1599495.034 0.085373956
32.775 1604748.281 0.085050370
32.599 1610015.354 0.084729402
32.423 1615296.111 0.084411052
32.249 1620590.413 0.084095315
32.075 1625898.121 0.083782188
31.902 1631219.099 0.083471667
31.730 1636553.211 0.083163749
31.559 1641900.322 0.082858429
31.388 1647260.301 0.082555702
31.219 1652633.016 0.082255564
31.050 1658018.336 0.081958010
30.882 1663416.134 0.081663033
30.715 1668826.282 0.081370628
30.549 1674248.654 0.081080790
30.383 1679683.126 0.080793511
30.219 1685129.574 0.080508786
30.055 1690587.877 0.080226608
29.892 1696057.914 0.079946970
29.729 1701539.565 0.079669865
29.568 1707032.713 0.079395286
29.407 1712537.240 0.079123226
29.247 1718053.031 0.078853676
29.088 1723579.971 0.078586631
28.929 1729117.948 0.078322080
28.772 1734666.848 0.078060018
28.615 1740226.563 0.077800435
28.458 1745796.981 0.077543323
28.303 1751377.994 0.077288675
28.148 1756969.496 0.077036482
27.994 1762571.379 0.076786736
27.841 1768183.540 0.076539427
27.689 1773805.873 0.076294549
27.537 1779438.277 0.076052091
27.386 1785080.649 0.075812045
27.235 1790732.889 0.075574403
27.086 1796394.897 0.075339155
26.937 1802066.575 0.075106294
26.789 1807747.826 0.074875809
26.641 1813438.552 0.074647693
26.494 1819138.659 0.074421936
26.348 1824848.053 0.074198530
26.203 1830566.639 0.073977466
26.058 1836294.326 0.073758734
25.914 1842031.022 0.073542326
25.770 1847776.637 0.073328234
25.627 1853531.081 0.073116448
25.485 1859294.266 0.072906959
25.344 1865066.104 0.072699759
25.203 1870846.509 0.072494839
25.063 1876635.395 0.072292190
24.923 1882432.678 0.072091804
24.784 1888238.272 0.071893672
24.646 1894052.096 0.071697786
24.509 1899874.068 0.071504136
24.372 1905704.105 0.071312716
24.235 1911542.128 0.071123515
24.099 1917388.057 0.070936527
23.964 1923241.813 0.070751742
23.830 1929103.319 0.070569153
23.696 1934972.498 0.070388751
23.562 1940849.273 0.070210529
23.430 1946733.568 0.070034479
23.297 1952625.310 0.069860593
23.166 1958524.424 0.069688863
23.035 1964430.838 0.069519282
22.904 1970344.478 0.069351842
22.775 1976265.274 0.069186536
22.645 1982193.155 0.069023356
22.517 1988128.050 0.068862296
22.389 1994069.891 0.068703348
22.261 2000018.608 0.068546506
22.134 2005974.134 0.068391762
22.008 2011936.402 0.068239110
21.882 2017905.345 0.068088544
21.756 2023880.897 0.067940056
21.631 2029862.994 0.067793642
21.507 2035851.571 0.067649294
21.383 2041846.564 0.067507006
21.260 2047847.910 0.067366773
21.137 2053855.546 0.067228590
21.015 2059869.411 0.067092449
20.894 2065889.444 0.066958347
20.772 2071915.584 0.066826278
20.652 2077947.772 0.066696236
20.532 2083985.947 0.066568217
20.412 2090030.052 0.066442216
20.293 2096080.027 0.066318228
20.174 2102135.816 0.066196248
20.056 2108197.363 0.066076274
