20.027 2109193.824 0.066071989
20.139 2103439.382 0.066184731
20.252 2097692.537 0.066299235
20.365 2091953.360 0.066415501
20.479 2086221.919 0.066533531
20.593 2080498.286 0.066653325
20.708 2074782.531 0.066774884
20.823 2069074.726 0.066898209
20.938 2063374.943 0.067023301
21.054 2057683.257 0.067150161
21.170 2051999.740 0.067278791
21.286 2046324.467 0.067409192
21.403 2040657.514 0.067541365
21.521 2034998.956 0.067675312
21.639 2029348.869 0.067811033
21.757 2023707.333 0.067948531
21.876 2018074.423 0.068087807
21.995 2012450.220 0.068228863
22.114 2006834.803 0.068371700
22.234 2001228.252 0.068516320
22.354 1995630.649 0.068662724
22.475 1990042.075 0.068810915
22.597 1984462.612 0.068960893
22.718 1978892.345 0.069112661
22.840 1973331.358 0.069266221
22.963 1967779.735 0.069421574
23.086 1962237.562 0.069578721
23.209 1956704.926 0.069737666
23.333 1951181.915 0.069898409
23.458 1945668.616 0.070060952
23.582 1940165.119 0.070225297
23.708 1934671.514 0.070391445
23.833 1929187.891 0.070559399
23.960 1923714.342 0.070729160
24.086 1918250.959 0.070900729
24.213 1912797.837 0.071074108
24.341 1907355.068 0.071249299
24.469 1901922.749 0.071426303
24.597 1896500.974 0.071605121
24.726 1891089.842 0.071785756
24.855 1885689.450 0.071968207
24.985 1880299.896 0.072152477
25.116 1874921.280 0.072338566
25.246 1869553.703 0.072526476
25.378 1864197.266 0.072716207
25.509 1858852.072 0.072907761
25.642 1853518.224 0.073101138
25.774 1848195.826 0.073296339
25.907 1842884.983 0.073493365
26.041 1837585.803 0.073692215
26.175 1832298.391 0.073892890
26.309 1827022.857 0.074095391
26.445 1821759.310 0.074299717
26.580 1816507.859 0.074505868
26.716 1811268.616 0.074713844
26.852 1806041.694 0.074923645
26.989 1800827.205 0.075135270
27.127 1795625.264 0.075348718
27.265 1790435.986 0.075563989
27.403 1785259.487 0.075781081
27.542 1780095.886 0.075999992
27.681 1774945.299 0.076220722
27.821 1769807.848 0.076443268
27.961 1764683.652 0.076667629
28.102 1759572.834 0.076893803
28.243 1754475.516 0.077121787
28.385 1749391.821 0.077351577
28.527 1744321.875 0.077583173
28.670 1739265.804 0.077816569
28.813 1734223.735 0.078051764
28.957 1729195.797 0.078288752
29.101 1724182.118 0.078527531
29.245 1719182.829 0.078768095
29.391 1714198.062 0.079010440
29.536 1709227.950 0.079254562
29.682 1704272.627 0.079500454
29.829 1699332.227 0.079748112
29.976 1694406.887 0.079997529
30.123 1689496.744 0.080248699
30.271 1684601.937 0.080501616
30.419 1679722.606 0.080756272
30.568 1674858.890 0.081012660
30.717 1670010.934 0.081270772
30.867 1665178.879 0.081530601
31.017 1660362.870 0.081792136
31.168 1655563.052 0.082055370
31.319 1650779.573 0.082320293
31.471 1646012.581 0.082586894
31.623 1641262.224 0.082855164
31.775 1636528.652 0.083125092
31.928 1631812.019 0.083396666
32.082 1627112.475 0.083669874
32.236 1622430.175 0.083944705
32.390 1617765.275 0.084221145
32.544 1613117.930 0.084499181
32.700 1608488.299 0.084778798
32.855 1603876.539 0.085059983
33.011 1599282.811 0.085342721
33.167 1594707.276 0.085626996
33.324 1590150.097 0.085912791
33.481 1585611.436 0.086200091
33.639 1581091.458 0.086488877
33.797 1576590.331 0.086779132
33.955 1572108.220 0.087070837
34.114 1567645.294 0.087363973
34.273 1563201.722 0.087658519
34.432 1558777.675 0.087954456
34.592 1554373.326 0.088251762
34.752 1549988.846 0.088550415
34.913 1545624.411 0.088850393
35.074 1541280.195 0.089151672
35.235 1536956.376 0.089454229
35.397 1532653.130 0.089758037
35.558 1528370.636 0.090063073
35.721 1524109.075 0.090369309
35.883 1519868.627 0.090676718
36.046 1515649.475 0.090985274
36.209 1511451.802 0.091294946
36.372 1507275.793 0.091605706
36.536 1503121.631 0.091917524
36.699 1498989.505 0.092230368
36.864 1494879.602 0.092544207
37.028 1490792.110 0.092859008
37.192 1486727.219 0.093174737
37.357 1482685.119 0.093491361
37.522 1478666.003 0.093808843
37.687 1474670.063 0.094127148
37.852 1470697.492 0.094446239
38.018 1466748.485 0.094766077
38.183 1462823.237 0.095086625
38.349 1458921.945 0.095407843
38.515 1455044.806 0.095729689
38.681 1451192.019 0.096052123
38.847 1447363.782 0.096375102
39.013 1443560.294 0.096698583
39.179 1439781.758 0.097022521
39.345 1436028.373 0.097346872
39.511 1432300.343 0.097671589
39.678 1428597.870 0.097996625
39.844 1424921.158 0.098321933
40.010 1421270.410 0.098647463
40.176 1417645.833 0.098973166
40.342 1414047.630 0.099298991
40.508 1410476.010 0.099624886
40.674 1406931.177 0.099950798
40.840 1403413.340 0.100276674
41.005 1399922.706 0.100602460
41.171 1396459.483 0.100928099
41.336 1393023.879 0.101253537
41.501 1389616.105 0.101578714
41.666 1386236.368 0.101903574
41.830 1382884.879 0.102228056
41.995 1379561.847 0.102552102
42.159 1376267.482 0.102875649
42.322 1373001.996 0.103198637
42.486 1369765.597 0.103521003
42.648 1366558.497 0.103842682
42.811 1363380.907 0.104163612
42.973 1360233.036 0.104483726
43.135 1357115.096 0.104802959
43.296 1354027.297 0.105121243
43.456 1350969.849 0.105438512
43.616 1347942.963 0.105754696
43.776 1344946.849 0.106069728
43.935 1341981.715 0.106383536
44.093 1339047.773 0.106696050
44.251 1336145.230 0.107007200
44.407 1333274.295 0.107316913
44.564 1330435.176 0.107625117
44.719 1327628.082 0.107931738
44.874 1324853.218 0.108236703
45.027 1322110.791 0.108539938
45.180 1319401.007 0.108841368
45.332 1316724.070 0.109140917
45.483 1314080.186 0.109438510
45.634 1311469.555 0.109734071
45.783 1308892.382 0.110027522
45.931 1306348.867 0.110318787
46.078 1303839.209 0.110607789
46.224 1301363.609 0.110894450
46.369 1298922.264 0.111178692
46.512 1296515.370 0.111460438
46.655 1294143.122 0.111739608
46.796 1291805.715 0.112016124
46.935 1289503.340 0.112289909
47.074 1287236.189 0.112560883
47.211 1285004.451 0.112828968
47.347 1282808.313 0.113094086
47.481 1280647.961 0.113356157
47.614 1278523.580 0.113615105
47.745 1276435.352 0.113870850
47.875 1274383.456 0.114123314
48.003 1272368.072 0.114372421
48.129 1270389.375 0.114618093
48.254 1268447.540 0.114860253
48.377 1266542.739 0.115098824
48.498 1264675.141 0.115333731
48.617 1262844.915 0.115564897
48.734 1261052.224 0.115792249
48.850 1259297.233 0.116015712
48.964 1257580.100 0.116235211
49.075 1255900.983 0.116450676
49.185 1254260.037 0.116662032
49.292 1252657.415 0.116869209
49.398 1251093.266 0.117072137
49.501 1249567.735 0.117270747
49.602 1248080.968 0.117464969
49.701 1246633.103 0.117654737
49.798 1245224.280 0.117839985
49.892 1243854.633 0.118020646
49.984 1242524.292 0.118196659
50.074 1241233.387 0.118367959
50.161 1239982.041 0.118534486
50.246 1238770.378 0.118696179
50.328 1237598.514 0.118852981
50.408 1236466.565 0.119004834
50.485 1235374.642 0.119151682
50.560 1234322.853 0.119293473
50.632 1233311.301 0.119430152
50.701 1232340.088 0.119561671
50.768 1231409.311 0.119687979
50.832 1230519.062 0.119809029
50.893 1229669.430 0.119924776
50.952 1228860.502 0.120035176
51.007 1228092.359 0.120140188
51.060 1227365.078 0.120239771
51.110 1226678.734 0.120333887
51.157 1226033.396 0.120422501
51.202 1225429.131 0.120505578
51.243 1224865.999 0.120583086
51.282 1224344.059 0.120654996
51.317 1223863.364 0.120721279
51.350 1223423.964 0.120781909
51.379 1223025.904 0.120836864
51.406 1222669.226 0.120886122
51.429 1222353.965 0.120929663
51.450 1222080.156 0.120967470
51.468 1221847.826 0.120999528
51.482 1221657.000 0.121025825
51.494 1221507.697 0.121046351
51.502 1221399.934 0.121061096
51.508 1221333.722 0.121070056
51.510 1221309.067 0.121073227
51.509 1221325.974 0.121070606
51.505 1221384.440 0.121062196
51.499 1221484.461 0.121047999
51.489 1221626.025 0.121028020
51.476 1221809.118 0.121002268
51.460 1222033.723 0.120970752
51.441 1222299.816 0.120933485
51.419 1222607.370 0.120890480
51.394 1222956.354 0.120841754
51.366 1223346.733 0.120787327
51.335 1223778.466 0.120727218
51.301 1224251.510 0.120661452
51.264 1224765.817 0.120590054
51.225 1225321.335 0.120513050
51.182 1225918.007 0.120430471
51.136 1226555.773 0.120342348
51.088 1227234.569 0.120248715
51.036 1227954.325 0.120149606
50.982 1228714.971 0.120045061
50.925 1229516.428 0.119935117
50.866 1230358.618 0.119819818
50.803 1231241.455 0.119699205
50.738 1232164.853 0.119573324
50.670 1233128.718 0.119442223
50.600 1234132.956 0.119305949
50.526 1235177.467 0.119164553
50.451 1236262.148 0.119018087
50.372 1237386.893 0.118866604
44.505 1332289.596 0.107397545
44.598 1330619.033 0.107578701
44.689 1328984.079 0.107756631
44.778 1327384.865 0.107931282
44.866 1325821.523 0.108102600
44.952 1324294.180 0.108270533
45.036 1322802.962 0.108435030
45.119 1321347.993 0.108596039
45.200 1319929.393 0.108753511
45.279 1318547.281 0.108907395
45.356 1317201.773 0.109057644
45.431 1315892.981 0.109204209
45.505 1314621.016 0.109347044
45.576 1313385.986 0.109486102
45.646 1312187.996 0.109621340
45.714 1311027.148 0.109752714
45.779 1309903.541 0.109880179
45.843 1308817.273 0.110003695
45.905 1307768.436 0.110123221
45.965 1306757.122 0.110238718
46.022 1305783.418 0.110350147
46.078 1304847.408 0.110457471
46.132 1303949.175 0.110560654
46.183 1303088.796 0.110659661
46.232 1302266.348 0.110754459
46.279 1301481.901 0.110845016
46.324 1300735.526 0.110931301
46.367 1300027.288 0.111013285
46.408 1299357.250 0.111090939
46.446 1298725.470 0.111164238
46.483 1298132.005 0.111233155
46.516 1297576.908 0.111297667
46.548 1297060.227 0.111357751
46.578 1296582.008 0.111413388
46.605 1296142.294 0.111464557
46.630 1295741.125 0.111511240
46.652 1295378.535 0.111553422
46.673 1295054.556 0.111591087
46.691 1294769.219 0.111624223
46.706 1294522.547 0.111652817
46.720 1294314.563 0.111676860
46.731 1294145.284 0.111696343
46.740 1294014.726 0.111711259
46.746 1293922.900 0.111721603
46.750 1293869.813 0.111727371
46.752 1293855.470 0.111728561
46.751 1293879.872 0.111725172
46.749 1293943.015 0.111717207
46.743 1294044.893 0.111704666
46.736 1294185.497 0.111687555
46.726 1294364.813 0.111665879
46.714 1294582.824 0.111639647
46.699 1294839.509 0.111608866
46.682 1295134.846 0.111573548
46.663 1295468.805 0.111533705
46.642 1295841.358 0.111489350
46.618 1296252.468 0.111440500
46.592 1296702.100 0.111387170
46.564 1297190.210 0.111329379
46.533 1297716.756 0.111267148
46.500 1298281.688 0.111200497
46.465 1298884.956 0.111129449
46.428 1299526.505 0.111054028
46.389 1300206.277 0.110974261
46.347 1300924.210 0.110890175
46.303 1301680.241 0.110801797
46.257 1302474.301 0.110709158
46.209 1303306.319 0.110612290
46.159 1304176.222 0.110511224
46.107 1305083.932 0.110405994
46.052 1306029.368 0.110296636
45.996 1307012.447 0.110183187
45.937 1308033.082 0.110065682
45.876 1309091.185 0.109944162
45.814 1310186.662 0.109818666
45.749 1311319.417 0.109689236
45.683 1312489.354 0.109555913
45.614 1313696.369 0.109418740
45.544 1314940.360 0.109277762
45.471 1316221.219 0.109133024
45.397 1317538.838 0.108984572
45.321 1318893.103 0.108832453
45.243 1320283.900 0.108676716
45.163 1321711.112 0.108517408
45.082 1323174.618 0.108354580
44.999 1324674.296 0.108188282
44.914 1326210.021 0.108018565
44.827 1327781.666 0.107845482
44.739 1329389.102 0.107669084
44.649 1331032.195 0.107489426
44.557 1332710.812 0.107306560
44.464 1334424.816 0.107120542
44.370 1336174.069 0.106931426
44.273 1337958.430 0.106739268
44.175 1339777.756 0.106544123
44.076 1341631.903 0.106346050
43.976 1343520.723 0.106145103
43.873 1345444.068 0.105941340
43.770 1347401.787 0.105734819
43.665 1349393.729 0.105525598
43.559 1351419.738 0.105313734
43.451 1353479.660 0.105099287
43.342 1355573.336 0.104882314
43.232 1357700.608 0.104662874
43.121 1359861.315 0.104441026
43.009 1362055.296 0.104216829
42.895 1364282.386 0.103990342
42.780 1366542.421 0.103761624
42.664 1368835.235 0.103530734
42.547 1371160.660 0.103297731
42.429 1373518.527 0.103062674
42.310 1375908.667 0.102825622
42.190 1378330.908 0.102586633
42.068 1380785.078 0.102345768
41.946 1383271.005 0.102103083
41.823 1385788.513 0.101858638
41.699 1388337.428 0.101612490
41.575 1390917.574 0.101364697
41.449 1393528.774 0.101115318
41.322 1396170.851 0.100864408
41.195 1398843.625 0.100612027
41.067 1401546.918 0.100358230
40.938 1404280.551 0.100103073
40.808 1407044.342 0.099846613
40.678 1409838.111 0.099588906
40.547 1412661.676 0.099330006
40.416 1415514.856 0.099069969
40.283 1418397.468 0.098808849
40.150 1421309.330 0.098546699
40.017 1424250.257 0.098283575
39.883 1427220.068 0.098019527
39.748 1430218.578 0.097754610
39.613 1433245.603 0.097488874
39.477 1436300.959 0.097222372
39.341 1439384.462 0.096955154
39.205 1442495.927 0.096687271
39.068 1445635.170 0.096418772
38.930 1448802.007 0.096149707
38.792 1451996.253 0.095880124
38.654 1455217.723 0.095610072
38.516 1458466.233 0.095339598
38.377 1461741.599 0.095068749
38.237 1465043.636 0.094797571
38.098 1468372.161 0.094526110
37.958 1471726.990 0.094254410
37.818 1475107.938 0.093982517
37.678 1478514.823 0.093710473
37.537 1481947.461 0.093438322
37.396 1485405.670 0.093166107
37.255 1488889.267 0.092893868
37.114 1492398.070 0.092621648
36.972 1495931.898 0.092349487
36.831 1499490.569 0.092077425
36.689 1503073.902 0.091805500
36.547 1506681.718 0.091533752
36.405 1510313.835 0.091262217
36.263 1513970.075 0.090990935
36.121 1517650.259 0.090719940
35.979 1521354.208 0.090449269
35.837 1525081.746 0.090178956
35.695 1528832.694 0.089909038
35.552 1532606.877 0.089639547
35.410 1536404.118 0.089370517
35.268 1540224.243 0.089101980
35.125 1544067.077 0.088833969
34.983 1547932.445 0.088566514
34.841 1551820.176 0.088299647
34.698 1555730.097 0.088033397
34.556 1559662.035 0.087767795
34.414 1563615.821 0.087502868
34.272 1567591.284 0.087238645
34.130 1571588.255 0.086975154
33.988 1575606.565 0.086712421
33.846 1579646.046 0.086450473
33.705 1583706.532 0.086189336
33.563 1587787.857 0.085929034
33.422 1591889.856 0.085669594
33.280 1596012.363 0.085411037
33.139 1600155.217 0.085153389
32.998 1604318.253 0.084896671
32.858 1608501.311 0.084640907
32.717 1612704.229 0.084386117
32.576 1616926.848 0.084132323
32.436 1621169.009 0.083879547
32.296 1625430.554 0.083627807
32.156 1629711.324 0.083377123
32.016 1634011.166 0.083127516
31.877 1638329.922 0.082879002
31.738 1642667.438 0.082631601
31.599 1647023.562 0.082385330
31.460 1651398.141 0.082140206
31.321 1655791.023 0.081896245
31.183 1660202.057 0.081653465
31.045 1664631.095 0.081411880
30.907 1669077.988 0.081171505
30.770 1673542.588 0.080932356
30.632 1678024.748 0.080694447
30.495 1682524.322 0.080457792
30.358 1687041.167 0.080222404
30.222 1691575.139 0.079988296
30.086 1696126.094 0.079755482
29.950 1700693.891 0.079523973
29.814 1705278.389 0.079293780
29.679 1709879.448 0.079064917
29.544 1714496.930 0.078837393
29.409 1719130.698 0.078611220
29.275 1723780.613 0.078386407
29.141 1728446.540 0.078162965
29.007 1733128.345 0.077940904
28.873 1737825.894 0.077720233
28.740 1742539.054 0.077500960
28.607 1747267.692 0.077283095
28.475 1752011.678 0.077066646
28.343 1756770.883 0.076851621
28.211 1761545.176 0.076638027
28.079 1766334.431 0.076425873
27.948 1771138.520 0.076215165
27.817 1775957.317 0.076005909
27.687 1780790.697 0.075798114
27.557 1785638.537 0.075591785
27.427 1790500.712 0.075386927
27.297 1795377.101 0.075183548
27.168 1800267.582 0.074981652
27.039 1805172.036 0.074781246
26.911 1810090.343 0.074582333
26.783 1815022.384 0.074384919
26.655 1819968.043 0.074189008
26.528 1824927.202 0.073994606
26.401 1829899.746 0.073801716
26.274 1834885.561 0.073610342
26.148 1839884.533 0.073420488
26.022 1844896.548 0.073232158
25.896 1849921.496 0.073045356
25.771 1854959.265 0.072860083
25.646 1860009.746 0.072676345
25.521 1865072.828 0.072494144
25.397 1870148.404 0.072313482
25.273 1875236.366 0.072134362
25.150 1880336.609 0.071956787
25.027 1885449.025 0.071780759
24.904 1890573.512 0.071606280
24.782 1895709.964 0.071433353
24.660 1900858.279 0.071261979
24.538 1906018.355 0.071092161
24.417 1911190.090 0.070923900
24.296 1916373.385 0.070757198
24.175 1921568.139 0.070592056
24.055 1926774.254 0.070428476
23.935 1931991.632 0.070266459
23.816 1937220.175 0.070106006
23.696 1942459.789 0.069947119
23.578 1947710.377 0.069789799
23.459 1952971.844 0.069634047
23.341 1958244.098 0.069479864
23.224 1963527.044 0.069327250
23.106 1968820.591 0.069176207
22.989 1974124.648 0.069026736
22.873 1979439.123 0.068878836
22.756 1984763.927 0.068732510
22.641 1990098.971 0.068587757
22.525 1995444.167 0.068444578
22.410 2000799.426 0.068302973
22.295 2006164.663 0.068162945
22.181 2011539.792 0.068024492
22.067 2016924.726 0.067887615
21.953 2022319.381 0.067752315
21.839 2027723.674 0.067618593
21.726 2033137.522 0.067486449
21.614 2038560.842 0.067355883
21.501 2043993.552 0.067226896
21.389 2049435.572 0.067099488
21.278 2054886.822 0.066973660
21.166 2060347.221 0.066849412
21.056 2065816.691 0.066726746
20.945 2071295.154 0.066605660
20.835 2076782.533 0.066486157
20.725 2082278.750 0.066368237
20.615 2087783.730 0.066251899
20.506 2093297.396 0.066137146
20.397 2098819.675 0.066023977
20.289 2104350.492 0.065912393
20.181 2109889.774 0.065802396
20.073 2115437.447 0.065693985
