20.023 2104269.834 0.066321692
20.134 2098609.393 0.066433385
20.246 2092953.556 0.066546854
20.358 2087302.364 0.066662102
20.470 2081655.862 0.066779133
20.583 2076014.092 0.066897952
20.696 2070377.100 0.067018562
20.809 2064744.929 0.067140969
20.924 2059117.624 0.067265176
21.038 2053495.230 0.067391189
21.153 2047877.794 0.067519012
21.269 2042265.361 0.067648650
21.385 2036657.978 0.067780109
21.501 2031055.692 0.067913393
21.618 2025458.552 0.068048509
21.736 2019866.604 0.068185461
21.854 2014279.897 0.068324254
21.972 2008698.480 0.068464896
22.091 2003122.404 0.068607391
22.210 1997551.717 0.068751745
22.330 1991986.470 0.068897966
22.451 1986426.715 0.069046057
22.572 1980872.502 0.069196027
22.693 1975323.884 0.069347882
22.815 1969780.913 0.069501627
22.937 1964243.642 0.069657270
23.060 1958712.125 0.069814817
23.184 1953186.416 0.069974275
23.308 1947666.570 0.070135651
23.433 1942152.641 0.070298951
23.558 1936644.685 0.070464184
23.683 1931142.760 0.070631357
23.810 1925646.921 0.070800475
23.936 1920157.226 0.070971548
24.064 1914673.733 0.071144582
24.192 1909196.500 0.071319585
24.320 1903725.588 0.071496565
24.449 1898261.055 0.071675528
24.579 1892802.963 0.071856484
24.709 1887351.371 0.072039440
24.840 1881906.342 0.072224404
24.971 1876467.939 0.072411383
25.103 1871036.223 0.072600386
25.235 1865611.258 0.072791422
25.368 1860193.110 0.072984497
25.502 1854781.841 0.073179621
25.636 1849377.519 0.073376802
25.771 1843980.209 0.073576048
25.907 1838589.977 0.073777368
26.043 1833206.892 0.073980770
26.180 1827831.022 0.074186262
26.317 1822462.436 0.074393854
26.455 1817101.203 0.074603553
26.594 1811747.393 0.074815368
26.733 1806401.078 0.075029309
26.873 1801062.329 0.075245383
27.013 1795731.219 0.075463599
27.155 1790407.822 0.075683966
27.297 1785092.210 0.075906493
27.439 1779784.460 0.076131189
27.582 1774484.646 0.076358062
27.726 1769192.845 0.076587121
27.871 1763909.134 0.076818375
28.016 1758633.591 0.077051832
28.162 1753366.294 0.077287502
28.308 1748107.324 0.077525392
28.455 1742856.759 0.077765512
28.603 1737614.683 0.078007871
28.752 1732381.176 0.078252476
28.901 1727156.321 0.078499338
29.051 1721940.202 0.078748463
29.202 1716732.904 0.078999861
29.354 1711534.512 0.079253540
29.506 1706345.112 0.079509508
29.659 1701164.792 0.079767775
29.813 1695993.640 0.080028347
29.967 1690831.744 0.080291234
30.122 1685679.195 0.080556444
30.278 1680536.083 0.080823983
30.435 1675402.500 0.081093862
30.592 1670278.538 0.081366086
30.750 1665164.293 0.081640664
30.909 1660059.857 0.081917604
31.069 1654965.327 0.082196913
31.230 1649880.800 0.082478599
31.391 1644806.372 0.082762667
31.553 1639742.142 0.083049127
31.716 1634688.211 0.083337983
31.879 1629644.678 0.083629244
32.044 1624611.644 0.083922916
32.209 1619589.214 0.084219005
32.375 1614577.490 0.084517517
32.542 1609576.578 0.084818458
32.710 1604586.582 0.085121834
32.878 1599607.610 0.085427651
33.048 1594639.770 0.085735913
33.218 1589683.170 0.086046626
33.389 1584737.922 0.086359795
33.561 1579804.136 0.086675425
33.734 1574881.924 0.086993518
33.907 1569971.401 0.087314080
34.082 1565072.681 0.087637115
34.257 1560185.879 0.087962625
34.433 1555311.112 0.088290613
34.610 1550448.500 0.088621083
34.788 1545598.160 0.088954037
34.967 1540760.214 0.089289476
35.147 1535934.783 0.089627403
35.327 1531121.990 0.089967818
35.509 1526321.959 0.090310724
35.691 1521534.815 0.090656119
35.874 1516760.686 0.091004004
36.059 1511999.698 0.091354379
36.244 1507251.981 0.091707243
36.430 1502517.665 0.092062595
36.617 1497796.882 0.092420432
36.805 1493089.764 0.092780753
36.993 1488396.446 0.093143555
37.183 1483717.062 0.093508834
37.374 1479051.751 0.093876586
37.566 1474400.648 0.094246808
37.758 1469763.895 0.094619494
37.952 1465141.631 0.094994638
38.146 1460533.999 0.095372234
38.342 1455941.141 0.095752276
38.538 1451363.203 0.096134755
38.736 1446800.329 0.096519665
38.934 1442252.668 0.096906995
39.133 1437720.369 0.097296737
39.334 1433203.580 0.097688879
39.535 1428702.455 0.098083412
39.737 1424217.144 0.098480323
39.940 1419747.803 0.098879600
40.145 1415294.587 0.099281229
40.350 1410857.652 0.099685197
40.556 1406437.158 0.100091488
40.763 1402033.264 0.100500086
40.972 1397646.130 0.100910976
41.181 1393275.920 0.101324138
41.391 1388922.797 0.101739555
41.602 1384586.927 0.102157207
41.815 1380268.476 0.102577074
42.028 1375967.612 0.102999134
42.242 1371684.505 0.103423366
42.458 1367419.325 0.103849744
42.674 1363172.246 0.104278246
42.891 1358943.440 0.104708845
43.109 1354733.083 0.105141515
43.329 1350541.352 0.105576229
43.549 1346368.424 0.106012956
43.771 1342214.478 0.106451668
43.993 1338079.696 0.106892334
44.216 1333964.259 0.107334919
44.441 1329868.351 0.107779393
44.666 1325792.157 0.108225718
44.893 1321735.863 0.108673860
45.120 1317699.656 0.109123781
45.348 1313683.727 0.109575442
45.578 1309688.264 0.110028804
45.808 1305713.459 0.110483824
46.040 1301759.506 0.110940462
46.272 1297826.600 0.111398671
46.505 1293914.934 0.111858408
46.740 1290024.707 0.112319625
46.975 1286156.117 0.112782274
47.211 1282309.363 0.113246305
47.449 1278484.646 0.113711667
47.687 1274682.168 0.114178307
47.926 1270902.131 0.114646172
48.166 1267144.742 0.115115205
48.408 1263410.204 0.115585349
48.650 1259698.726 0.116056546
48.892 1256010.514 0.116528736
49.136 1252345.778 0.117001855
49.381 1248704.728 0.117475841
49.627 1245087.575 0.117950629
49.873 1241494.532 0.118426152
50.121 1237925.812 0.118902342
50.369 1234381.629 0.119379128
50.618 1230862.198 0.119856440
50.868 1227367.737 0.120334203
51.119 1223898.461 0.120812344
51.371 1220454.590 0.121290785
51.623 1217036.341 0.121769449
51.876 1213643.935 0.122248255
52.130 1210277.593 0.122727122
52.385 1206937.535 0.123205967
52.640 1203623.983 0.123684705
52.896 1200337.160 0.124163249
53.153 1197077.290 0.124641512
53.410 1193844.597 0.125119404
53.668 1190639.303 0.125596834
53.927 1187461.636 0.126073707
54.186 1184311.820 0.126549931
54.446 1181190.080 0.127025408
54.707 1178096.643 0.127500041
54.967 1175031.736 0.127973731
55.229 1171995.585 0.128446376
55.491 1168988.417 0.128917874
55.753 1166010.459 0.129388122
56.015 1163061.939 0.129857013
56.278 1160143.083 0.130324442
56.542 1157254.119 0.130790299
56.805 1154395.274 0.131254476
57.069 1151566.775 0.131716861
57.333 1148768.849 0.132177341
57.597 1146001.722 0.132635804
57.861 1143265.621 0.133092134
58.126 1140560.772 0.133546216
58.390 1137887.399 0.133997931
58.654 1135245.729 0.134447163
58.919 1132635.984 0.134893791
59.183 1130058.390 0.135337695
59.447 1127513.169 0.135778753
59.710 1125000.542 0.136216844
59.974 1122520.732 0.136651844
60.237 1120073.958 0.137083630
60.499 1117660.440 0.137512077
60.761 1115280.396 0.137937059
61.023 1112934.044 0.138358451
61.284 1110621.598 0.138776126
61.544 1108343.273 0.139189958
61.803 1106099.283 0.139599819
62.062 1103889.838 0.140005581
62.320 1101715.149 0.140407118
62.576 1099575.424 0.140804301
62.832 1097470.870 0.141197002
63.086 1095401.690 0.141585093
63.339 1093368.089 0.141968447
63.591 1091370.267 0.142346936
63.841 1089408.423 0.142720431
64.090 1087482.752 0.143088807
64.337 1085593.450 0.143451937
64.582 1083740.709 0.143809695
64.825 1081924.718 0.144161955
65.066 1080145.664 0.144508592
65.305 1078403.732 0.144849484
65.542 1076699.103 0.145184506
65.777 1075031.957 0.145513537
66.008 1073402.470 0.145836457
66.238 1071810.815 0.146153146
66.464 1070257.163 0.146463485
66.688 1068741.680 0.146767358
66.908 1067264.531 0.147064650
67.125 1065825.876 0.147355246
67.339 1064425.874 0.147639035
67.550 1063064.678 0.147915907
67.756 1061742.438 0.148185753
67.959 1060459.302 0.148448467
68.158 1059215.413 0.148703945
68.353 1058010.910 0.148952086
68.543 1056845.930 0.149192789
68.729 1055720.604 0.149425957
68.910 1054635.060 0.149651495
69.087 1053589.423 0.149869312
69.258 1052583.812 0.150079317
69.424 1051618.344 0.150281424
69.585 1050693.129 0.150475550
69.740 1049808.275 0.150661611
69.890 1048963.885 0.150839532
70.034 1048160.058 0.151009236
70.172 1047396.887 0.151170652
70.303 1046674.463 0.151323712
70.428 1045992.871 0.151468350
70.547 1045352.191 0.151604503
70.659 1044752.499 0.151732114
70.764 1044193.866 0.151851127
80.019 1007043.354 0.160202369
79.661 1008027.733 0.159970149
79.300 1009053.967 0.159728708
78.938 1010121.927 0.159478155
78.574 1011231.479 0.159218599
78.209 1012382.485 0.158950154
77.842 1013574.804 0.158672937
77.475 1014808.288 0.158387067
77.108 1016082.786 0.158092668
76.739 1017398.142 0.157789865
76.371 1018754.197 0.157478787
76.002 1020150.788 0.157159564
75.633 1021587.746 0.156832330
75.264 1023064.901 0.156497220
74.895 1024582.076 0.156154373
74.526 1026139.092 0.155803928
74.158 1027735.768 0.155446027
73.790 1029371.916 0.155080813
73.422 1031047.348 0.154708433
73.055 1032761.869 0.154329032
72.689 1034515.286 0.153942759
72.323 1036307.397 0.153549764
71.958 1038138.001 0.153150197
71.593 1040006.893 0.152744210
71.229 1041913.864 0.152331955
70.867 1043858.705 0.151913585
70.505 1045841.202 0.151489256
70.144 1047861.140 0.151059121
69.783 1049918.299 0.150623335
69.424 1052012.461 0.150182053
69.066 1054143.402 0.149735432
68.709 1056310.897 0.149283626
68.353 1058514.720 0.148826790
67.999 1060754.643 0.148365081
67.645 1063030.434 0.147898653
67.293 1065341.863 0.147427662
66.941 1067688.694 0.146952260
66.591 1070070.693 0.146472602
66.243 1072487.623 0.145988842
65.895 1074939.246 0.145501130
65.549 1077425.323 0.145009620
65.204 1079945.614 0.144514461
64.861 1082499.876 0.144015803
64.519 1085087.869 0.143513795
64.178 1087709.348 0.143008584
63.838 1090364.069 0.142500316
63.500 1093051.787 0.141989137
63.164 1095772.258 0.141475189
62.829 1098525.234 0.140958615
62.495 1101310.471 0.140439555
62.163 1104127.720 0.139918149
61.832 1106976.735 0.139394534
61.502 1109857.268 0.138868846
61.175 1112769.071 0.138341220
60.848 1115711.898 0.137811787
60.523 1118685.500 0.137280678
60.200 1121689.630 0.136748023
59.878 1124724.040 0.136213948
59.558 1127788.482 0.135678579
59.239 1130882.711 0.135142038
58.922 1134006.478 0.134604447
58.606 1137159.537 0.134065926
58.292 1140341.644 0.133526591
57.979 1143552.550 0.132986558
57.668 1146792.013 0.132445940
57.359 1150059.787 0.131904848
57.051 1153355.629 0.131363392
56.744 1156679.295 0.130821678
56.439 1160030.544 0.130279812
56.136 1163409.133 0.129737896
55.834 1166814.821 0.129196031
55.534 1170247.370 0.128654316
55.235 1173706.539 0.128112848
54.938 1177192.092 0.127571721
54.643 1180703.790 0.127031027
54.349 1184241.399 0.126490857
54.056 1187804.682 0.125951298
53.765 1191393.407 0.125412438
53.476 1195007.340 0.124874360
53.188 1198646.251 0.124337147
52.902 1202309.908 0.123800877
52.618 1205998.083 0.123265630
52.335 1209710.548 0.122731481
52.053 1213447.077 0.122198504
51.773 1217207.444 0.121666770
51.494 1220991.426 0.121136351
51.217 1224798.799 0.120607314
50.942 1228629.344 0.120079725
50.668 1232482.839 0.119553648
50.396 1236359.068 0.119029146
50.125 1240257.812 0.118506279
49.856 1244178.857 0.117985105
49.588 1248121.989 0.117465682
49.321 1252086.995 0.116948065
49.056 1256073.664 0.116432306
48.793 1260081.788 0.115918457
48.531 1264111.157 0.115406568
48.271 1268161.566 0.114896688
48.012 1272232.809 0.114388861
47.754 1276324.685 0.113883134
47.498 1280436.990 0.113379549
47.244 1284569.525 0.112878148
46.991 1288722.091 0.112378971
46.739 1292894.491 0.111882057
46.489 1297086.530 0.111387442
46.240 1301298.014 0.110895161
45.992 1305528.751 0.110405250
45.746 1309778.550 0.109917741
45.502 1314047.222 0.109432664
45.259 1318334.581 0.108950050
45.017 1322640.439 0.108469928
44.776 1326964.613 0.107992324
44.537 1331306.920 0.107517265
44.300 1335667.180 0.107044776
44.063 1340045.213 0.106574879
43.828 1344440.840 0.106107597
43.595 1348853.887 0.105642952
43.362 1353284.178 0.105180964
43.131 1357731.540 0.104721650
42.902 1362195.802 0.104265030
42.673 1366676.794 0.103811120
42.446 1371174.347 0.103359935
42.221 1375688.296 0.102911491
41.996 1380218.475 0.102465800
41.773 1384764.720 0.102022877
41.551 1389326.869 0.101582732
41.331 1393904.761 0.101145376
41.111 1398498.239 0.100710821
40.893 1403107.144 0.100279074
40.676 1407731.320 0.099850144
40.461 1412370.614 0.099424038
40.246 1417024.872 0.099000764
40.033 1421693.942 0.098580327
39.821 1426377.676 0.098162733
39.611 1431075.924 0.097747986
39.401 1435788.539 0.097336090
39.193 1440515.377 0.096927048
38.985 1445256.293 0.096520862
38.779 1450011.144 0.096117534
38.575 1454779.790 0.095717066
38.371 1459562.090 0.095319457
38.168 1464357.906 0.094924709
37.967 1469167.102 0.094532820
37.767 1473989.542 0.094143789
37.568 1478825.092 0.093757615
37.370 1483673.618 0.093374296
37.173 1488534.990 0.092993829
36.977 1493409.078 0.092616210
36.782 1498295.752 0.092241437
36.588 1503194.886 0.091869505
36.396 1508106.354 0.091500410
36.204 1513030.030 0.091134147
36.014 1517965.791 0.090770711
35.825 1522913.515 0.090410097
35.636 1527873.082 0.090052297
35.449 1532844.370 0.089697307
35.263 1537827.263 0.089345119
35.077 1542821.643 0.088995726
34.893 1547827.394 0.088649122
34.710 1552844.401 0.088305299
34.528 1557872.551 0.087964248
34.346 1562911.732 0.087625962
34.166 1567961.832 0.087290432
33.987 1573022.741 0.086957650
33.809 1578094.351 0.086627606
33.631 1583176.554 0.086300293
33.455 1588269.244 0.085975700
33.280 1593372.315 0.085653819
33.105 1598485.663 0.085334638
32.932 1603609.185 0.085018150
32.759 1608742.779 0.084704343
32.587 1613886.343 0.084393207
32.417 1619039.778 0.084084733
32.247 1624202.986 0.083778909
32.078 1629375.867 0.083475726
31.910 1634558.327 0.083175172
31.743 1639750.268 0.082877236
31.576 1644951.597 0.082581909
31.411 1650162.219 0.082289177
31.246 1655382.042 0.081999032
31.083 1660610.974 0.081711460
30.920 1665848.924 0.081426452
30.758 1671095.804 0.081143996
30.597 1676351.523 0.080864080
30.436 1681615.994 0.080586692
30.277 1686889.131 0.080311823
30.118 1692170.846 0.080039459
29.960 1697461.056 0.079769589
29.803 1702759.676 0.079502202
29.647 1708066.622 0.079237286
29.492 1713381.813 0.078974829
29.337 1718705.167 0.078714820
29.183 1724036.603 0.078457248
29.030 1729376.041 0.078202099
28.878 1734723.403 0.077949364
28.726 1740078.610 0.077699029
28.575 1745441.585 0.077451084
28.425 1750812.252 0.077205517
28.276 1756190.536 0.076962316
28.128 1761576.360 0.076721470
27.980 1766969.652 0.076482967
27.833 1772370.337 0.076246795
27.686 1777778.344 0.076012944
27.541 1783193.601 0.075781401
27.396 1788616.037 0.075552156
27.252 1794045.581 0.075325197
27.108 1799482.165 0.075100513
26.965 1804925.719 0.074878092
26.823 1810376.175 0.074657924
26.682 1815833.466 0.074439997
26.541 1821297.527 0.074224300
26.401 1826768.289 0.074010823
26.262 1832245.690 0.073799554
26.123 1837729.663 0.073590483
25.985 1843220.145 0.073383598
25.847 1848717.074 0.073178891
25.711 1854220.386 0.072976348
25.575 1859730.019 0.072775962
25.439 1865245.913 0.072577720
25.304 1870768.007 0.072381612
25.170 1876296.241 0.072187629
25.037 1881830.555 0.071995761
24.904 1887370.892 0.071805996
24.771 1892917.192 0.071618327
24.640 1898469.398 0.071432741
24.508 1904027.454 0.071249231
24.378 1909591.303 0.071067786
24.248 1915160.890 0.070888396
24.119 1920736.158 0.070711053
23.990 1926317.055 0.070535747
23.862 1931903.525 0.070362470
23.734 1937495.515 0.070191211
23.607 1943092.973 0.070021962
23.481 1948695.845 0.069854715
23.355 1954304.081 0.069689460
23.230 1959917.628 0.069526189
23.105 1965536.436 0.069364893
22.981 1971160.455 0.069205565
22.857 1976789.634 0.069048196
22.734 1982423.926 0.068892778
22.612 1988063.280 0.068739303
22.490 1993707.649 0.068587763
22.368 1999356.985 0.068438151
22.247 2005011.240 0.068290459
22.127 2010670.368 0.068144680
22.007 2016334.322 0.068000806
21.888 2022003.057 0.067858830
21.769 2027676.527 0.067718746
21.651 2033354.688 0.067580546
21.533 2039037.493 0.067444223
21.415 2044724.901 0.067309772
21.299 2050416.866 0.067177186
21.182 2056113.346 0.067046458
21.066 2061814.297 0.066917582
20.951 2067519.679 0.066790553
20.836 2073229.447 0.066665364
20.722 2078943.563 0.066542010
20.608 2084661.983 0.066420485
20.494 2090384.667 0.066300784
20.381 2096111.575 0.066182901
20.269 2101842.668 0.066066833
20.157 2107577.905 0.065952572
20.045 2113317.247 0.065840116
