20.045 2103297.852 0.066337271
20.163 2097258.483 0.066456905
20.282 2091225.096 0.066578547
20.402 2085197.750 0.066702200
20.521 2079176.503 0.066827869
20.642 2073161.416 0.066955556
20.763 2067152.548 0.067085268
20.884 2061149.959 0.067217008
21.006 2055153.712 0.067350781
21.129 2049163.868 0.067486592
21.252 2043180.490 0.067624445
21.375 2037203.642 0.067764347
21.499 2031233.386 0.067906301
21.624 2025269.788 0.068050315
21.749 2019312.913 0.068196392
21.875 2013362.827 0.068344539
22.001 2007419.596 0.068494762
22.128 2001483.288 0.068647066
22.255 1995553.971 0.068801457
22.383 1989631.714 0.068957943
22.511 1983716.586 0.069116528
22.640 1977808.657 0.069277220
22.770 1971907.998 0.069440025
22.900 1966014.682 0.069604949
23.031 1960128.779 0.069771999
23.162 1954250.364 0.069941183
23.294 1948379.510 0.070112506
23.426 1942516.293 0.070285977
23.559 1936660.787 0.070461601
23.693 1930813.069 0.070639387
23.827 1924973.216 0.070819342
23.962 1919141.306 0.071001472
24.097 1913317.418 0.071185786
24.233 1907501.631 0.071372291
24.370 1901694.027 0.071560995
24.507 1895894.685 0.071751904
24.645 1890103.688 0.071945027
24.783 1884321.120 0.072140372
24.922 1878547.063 0.072337946
25.062 1872781.604 0.072537758
25.202 1867024.827 0.072739814
25.343 1861276.819 0.072944124
25.485 1855537.668 0.073150695
25.627 1849807.462 0.073359534
25.770 1844086.291 0.073570651
25.914 1838374.245 0.073784052
26.058 1832671.414 0.073999747
26.203 1826977.893 0.074217742
26.348 1821293.772 0.074438047
26.495 1815619.148 0.074660669
26.641 1809954.115 0.074885616
26.789 1804298.769 0.075112896
26.937 1798653.209 0.075342517
27.086 1793017.531 0.075574487
27.236 1787391.835 0.075808815
27.386 1781776.223 0.076045507
27.538 1776170.795 0.076284572
27.689 1770575.653 0.076526017
27.842 1764990.903 0.076769850
27.995 1759416.647 0.077016080
28.149 1753852.993 0.077264712
28.304 1748300.048 0.077515755
28.459 1742757.918 0.077769217
28.615 1737226.715 0.078025103
28.772 1731706.547 0.078283423
28.930 1726197.527 0.078544181
29.088 1720699.768 0.078807387
29.247 1715213.384 0.079073045
29.407 1709738.489 0.079341163
29.568 1704275.201 0.079611748
29.729 1698823.636 0.079884805
29.891 1693383.914 0.080160340
30.054 1687956.156 0.080438360
30.218 1682540.481 0.080718871
30.382 1677137.014 0.081001877
30.547 1671745.877 0.081287384
30.714 1666367.197 0.081575398
30.880 1661001.100 0.081865922
31.048 1655647.714 0.082158962
31.216 1650307.167 0.082454522
31.386 1644979.592 0.082752606
31.556 1639665.119 0.083053218
31.727 1634363.881 0.083356360
31.898 1629076.015 0.083662037
32.071 1623801.655 0.083970251
32.244 1618540.940 0.084281004
32.418 1613294.007 0.084594299
32.593 1608060.998 0.084910138
32.769 1602842.054 0.085228520
32.945 1597637.319 0.085549449
33.123 1592446.937 0.085872923
33.301 1587271.055 0.086198944
33.480 1582109.819 0.086527511
33.660 1576963.380 0.086858622
33.841 1571831.887 0.087192278
34.023 1566715.493 0.087528475
34.205 1561614.352 0.087867212
34.389 1556528.619 0.088208486
34.573 1551458.450 0.088552294
34.758 1546404.005 0.088898631
34.944 1541365.442 0.089247493
35.131 1536342.923 0.089598875
35.319 1531336.612 0.089952771
35.507 1526346.672 0.090309175
35.697 1521373.271 0.090668080
35.887 1516416.575 0.091029478
36.079 1511476.755 0.091393361
36.271 1506553.981 0.091759719
36.464 1501648.427 0.092128543
36.658 1496760.266 0.092499821
36.852 1491889.674 0.092873544
37.048 1487036.829 0.093249698
37.244 1482201.911 0.093628270
37.442 1477385.100 0.094009247
37.640 1472586.579 0.094392613
37.839 1467806.532 0.094778354
38.039 1463045.145 0.095166453
38.240 1458302.605 0.095556891
38.442 1453579.103 0.095949651
38.645 1448874.829 0.096344713
38.848 1444189.976 0.096742058
39.053 1439524.738 0.097141662
39.258 1434879.311 0.097543504
39.464 1430253.893 0.097947561
39.672 1425648.683 0.098353807
39.880 1421063.883 0.098762217
40.088 1416499.696 0.099172764
40.298 1411956.325 0.099585420
40.509 1407433.977 0.100000155
40.720 1402932.860 0.100416939
40.932 1398453.184 0.100835740
41.145 1393995.160 0.101256525
41.359 1389559.000 0.101679259
41.574 1385144.920 0.102103908
41.790 1380753.135 0.102530434
42.006 1376383.863 0.102958798
42.223 1372037.325 0.103388962
42.442 1367713.740 0.103820883
42.660 1363413.331 0.104254520
42.880 1359136.324 0.104689827
43.101 1354882.943 0.105126761
43.322 1350653.417 0.105565273
43.544 1346447.974 0.106005315
43.767 1342266.845 0.106446837
43.990 1338110.262 0.106889788
44.214 1333978.458 0.107334113
44.439 1329871.670 0.107779760
44.665 1325790.132 0.108226670
44.891 1321734.084 0.108674786
45.118 1317703.765 0.109124048
45.346 1313699.415 0.109574395
45.575 1309721.277 0.110025764
45.804 1305769.594 0.110478090
46.033 1301844.611 0.110931306
46.264 1297946.574 0.111385344
46.495 1294075.731 0.111840134
46.726 1290232.330 0.112295605
46.958 1286416.620 0.112751683
47.191 1282628.854 0.113208293
47.424 1278869.282 0.113665357
47.657 1275138.158 0.114122797
47.891 1271435.737 0.114580533
48.126 1267762.272 0.115038482
48.360 1264118.020 0.115496559
48.596 1260503.239 0.115954679
48.831 1256918.185 0.116412755
49.067 1253363.118 0.116870696
49.304 1249838.297 0.117328411
49.540 1246343.981 0.117785807
49.777 1242880.432 0.118242789
50.014 1239447.911 0.118699261
50.251 1236046.680 0.119155124
50.489 1232677.001 0.119610279
50.726 1229339.136 0.120064623
50.964 1226033.349 0.120518052
51.201 1222759.903 0.120970463
51.439 1219519.062 0.121421748
51.676 1216311.090 0.121871798
51.914 1213136.249 0.122320504
52.151 1209994.805 0.122767754
52.388 1206887.020 0.123213434
52.625 1203813.159 0.123657431
52.862 1200773.485 0.124099629
53.098 1197768.262 0.124539909
53.334 1194797.751 0.124978153
53.570 1191862.215 0.125414242
53.805 1188961.916 0.125848052
54.039 1186097.116 0.126279463
54.273 1183268.074 0.126708349
54.507 1180475.051 0.127134586
54.739 1177718.306 0.127558049
54.971 1174998.095 0.127978609
55.202 1172314.677 0.128396139
55.432 1169668.307 0.128810511
55.661 1167059.239 0.129221594
55.889 1164487.727 0.129629259
56.116 1161954.021 0.130033374
56.342 1159458.373 0.130433808
56.567 1157001.031 0.130830429
56.790 1154582.241 0.131223104
57.012 1152202.250 0.131611701
57.232 1149861.298 0.131996086
57.451 1147559.629 0.132376127
57.668 1145297.480 0.132751690
57.883 1143075.088 0.133122641
58.097 1140892.688 0.133488849
58.308 1138750.511 0.133850180
58.518 1136648.786 0.134206502
58.725 1134587.741 0.134557682
58.931 1132567.599 0.134903589
59.133 1130588.581 0.135244092
59.334 1128650.906 0.135579060
59.532 1126754.787 0.135908366
59.727 1124900.437 0.136231879
59.920 1123088.065 0.136549474
60.110 1121317.875 0.136861023
60.297 1119590.068 0.137166402
60.481 1117904.843 0.137465487
60.662 1116262.395 0.137758156
60.839 1114662.912 0.138044290
61.014 1113106.583 0.138323769
61.184 1111593.589 0.138596477
61.352 1110124.109 0.138862298
61.515 1108698.316 0.139121121
61.675 1107316.381 0.139372834
61.831 1105978.469 0.139617329
61.983 1104684.742 0.139854501
62.131 1103435.354 0.140084245
62.274 1102230.459 0.140306461
62.413 1101070.202 0.140521051
62.548 1099954.727 0.140727920
62.678 1098884.169 0.140926974
62.804 1097858.662 0.141118126
62.925 1096878.332 0.141301287
63.041 1095943.301 0.141476376
63.151 1095053.685 0.141643312
63.257 1094209.596 0.141802020
68.654 1056022.811 0.149369574
68.453 1057271.508 0.149110006
68.247 1058566.617 0.148841672
68.035 1059907.964 0.148564700
67.819 1061295.374 0.148279219
67.598 1062728.663 0.147985360
67.373 1064207.644 0.147683261
67.144 1065732.125 0.147373057
66.911 1067301.909 0.147054891
66.673 1068916.795 0.146728905
66.433 1070576.576 0.146395246
66.188 1072281.041 0.146054060
65.941 1074029.975 0.145705497
65.690 1075823.160 0.145349710
65.437 1077660.372 0.144986850
65.181 1079541.383 0.144617074
64.922 1081465.963 0.144240536
64.661 1083433.878 0.143857396
64.397 1085444.888 0.143467812
64.132 1087498.753 0.143071942
63.864 1089595.227 0.142669949
63.594 1091734.062 0.142261993
63.323 1093915.007 0.141848235
63.050 1096137.807 0.141428839
62.776 1098402.207 0.141003967
62.500 1100707.946 0.140573782
62.223 1103054.763 0.140138446
61.945 1105442.392 0.139698122
61.665 1107870.567 0.139252974
61.385 1110339.018 0.138803163
61.104 1112847.476 0.138348851
60.822 1115395.666 0.137890199
60.539 1117983.314 0.137427368
60.256 1120610.143 0.136960519
59.973 1123275.875 0.136489810
59.689 1125980.231 0.136015399
59.404 1128722.930 0.135537444
59.119 1131503.689 0.135056100
58.835 1134322.225 0.134571523
58.549 1137178.254 0.134083865
58.264 1140071.491 0.133593278
57.979 1143001.650 0.133099915
57.694 1145968.443 0.132603922
57.409 1148971.583 0.132105449
57.124 1152010.783 0.131604640
56.840 1155085.754 0.131101640
56.555 1158196.208 0.130596590
56.271 1161341.855 0.130089633
55.988 1164522.407 0.129580905
55.705 1167737.575 0.129070544
55.422 1170987.069 0.128558684
55.140 1174270.601 0.128045458
54.858 1177587.883 0.127530996
54.577 1180938.625 0.127015427
54.296 1184322.540 0.126498877
54.016 1187739.340 0.125981470
53.737 1191188.739 0.125463328
53.459 1194670.449 0.124944571
53.181 1198184.185 0.124425316
52.904 1201729.662 0.123905679
52.628 1205306.595 0.123385773
52.352 1208914.701 0.122865707
52.078 1212553.698 0.122345592
51.804 1216223.304 0.121825533
51.531 1219923.238 0.121305633
51.260 1223653.221 0.120785995
50.989 1227412.974 0.120266718
50.719 1231202.221 0.119747899
50.450 1235020.685 0.119229633
50.182 1238868.092 0.118712012
49.915 1242744.169 0.118195126
49.649 1246648.643 0.117679063
49.384 1250581.244 0.117163910
49.120 1254541.702 0.116649750
48.857 1258529.751 0.116136663
48.595 1262545.124 0.115624730
48.335 1266587.556 0.115114026
48.075 1270656.785 0.114604628
47.817 1274752.549 0.114096607
47.559 1278874.588 0.113590034
47.303 1283022.644 0.113084977
47.048 1287196.462 0.112581503
46.794 1291395.786 0.112079677
46.541 1295620.363 0.111579560
46.289 1299869.942 0.111081213
46.039 1304144.275 0.110584695
45.789 1308443.113 0.110090061
45.541 1312766.210 0.109597367
45.294 1317113.323 0.109106664
45.048 1321484.210 0.108618004
44.803 1325878.631 0.108131436
44.560 1330296.346 0.107647007
44.318 1334737.121 0.107164763
44.076 1339200.719 0.106684747
43.836 1343686.910 0.106207001
43.598 1348195.461 0.105731566
43.360 1352726.144 0.105258480
43.123 1357278.733 0.104787781
42.888 1361853.002 0.104319504
42.654 1366448.728 0.103853684
42.421 1371065.690 0.103390352
42.189 1375703.670 0.102929541
41.959 1380362.449 0.102471279
41.730 1385041.813 0.102015595
41.501 1389741.549 0.101562516
41.274 1394461.444 0.101112067
41.048 1399201.290 0.100664273
40.824 1403960.879 0.100219156
40.600 1408740.005 0.099776739
40.378 1413538.465 0.099337041
40.157 1418356.058 0.098900082
39.937 1423192.582 0.098465880
39.718 1428047.841 0.098034452
39.500 1432921.637 0.097605815
39.283 1437813.779 0.097179982
39.068 1442724.072 0.096756968
38.854 1447652.326 0.096336785
38.641 1452598.354 0.095919445
38.429 1457561.969 0.095504959
38.218 1462542.985 0.095093337
38.008 1467541.220 0.094684588
37.799 1472556.493 0.094278720
37.592 1477588.625 0.093875741
37.385 1482637.438 0.093475656
37.180 1487702.757 0.093078471
36.975 1492784.408 0.092684191
36.772 1497882.218 0.092292821
36.570 1502996.018 0.091904364
36.369 1508125.639 0.091518821
36.169 1513270.915 0.091136196
35.970 1518431.680 0.090756490
35.773 1523607.771 0.090379703
35.576 1528799.026 0.090005836
35.380 1534005.286 0.089634887
35.186 1539226.393 0.089266857
34.992 1544462.189 0.088901742
34.799 1549712.521 0.088539542
34.608 1554977.235 0.088180253
34.417 1560256.178 0.087823872
34.228 1565549.203 0.087470396
34.039 1570856.159 0.087119820
33.852 1576176.900 0.086772140
33.665 1581511.282 0.086427352
33.480 1586859.160 0.086085448
33.295 1592220.392 0.085746425
33.112 1597594.838 0.085410276
32.929 1602982.360 0.085076993
32.748 1608382.818 0.084746572
32.567 1613796.078 0.084419003
32.387 1619222.004 0.084094281
32.209 1624660.465 0.083772397
32.031 1630111.327 0.083453343
31.854 1635574.462 0.083137111
31.678 1641049.739 0.082823692
31.503 1646537.033 0.082513078
31.329 1652036.216 0.082205260
31.156 1657547.165 0.081900228
30.984 1663069.756 0.081597973
30.812 1668603.867 0.081298486
30.642 1674149.378 0.081001757
30.472 1679706.170 0.080707775
30.304 1685274.124 0.080416531
30.136 1690853.124 0.080128015
29.969 1696443.056 0.079842215
29.803 1702043.804 0.079559123
29.637 1707655.256 0.079278726
29.473 1713277.301 0.079001015
29.310 1718909.828 0.078725978
29.147 1724552.729 0.078453605
28.985 1730205.895 0.078183885
28.824 1735869.219 0.077916806
28.664 1741542.597 0.077652358
28.504 1747225.923 0.077390530
28.346 1752919.095 0.077131309
28.188 1758622.011 0.076874686
28.031 1764334.570 0.076620648
27.875 1770056.671 0.076369185
27.719 1775788.217 0.076120285
27.565 1781529.109 0.075873937
27.411 1787279.251 0.075630129
27.258 1793038.548 0.075388851
27.106 1798806.905 0.075150090
26.954 1804584.228 0.074913837
26.803 1810370.427 0.074680078
26.653 1816165.408 0.074448804
26.504 1821969.082 0.074220003
26.355 1827781.359 0.073993664
26.207 1833602.152 0.073769776
26.060 1839431.372 0.073548327
25.914 1845268.933 0.073329307
25.768 1851114.750 0.073112705
25.623 1856968.738 0.072898509
25.479 1862830.814 0.072686710
25.335 1868700.895 0.072477296
25.192 1874578.899 0.072270256
25.050 1880464.745 0.072065581
24.909 1886358.353 0.071863259
24.768 1892259.645 0.071663280
24.628 1898168.541 0.071465634
24.488 1904084.964 0.071270311
24.349 1910008.838 0.071077300
24.211 1915940.087 0.070886591
24.074 1921878.635 0.070698175
23.937 1927824.410 0.070512042
23.800 1933777.337 0.070328182
23.665 1939737.344 0.070146586
23.530 1945704.360 0.069967243
23.395 1951678.312 0.069790145
23.262 1957659.132 0.069615283
23.129 1963646.749 0.069442647
22.996 1969641.095 0.069272228
22.864 1975642.103 0.069104019
22.733 1981649.703 0.068938009
22.602 1987663.831 0.068774191
22.472 1993684.420 0.068612556
22.343 1999711.406 0.068453096
22.214 2005744.723 0.068295803
22.085 2011784.308 0.068140668
21.958 2017830.098 0.067987685
21.831 2023882.031 0.067836846
21.704 2029940.045 0.067688142
21.578 2036004.078 0.067541567
21.452 2042074.071 0.067397113
21.327 2048149.964 0.067254774
21.203 2054231.697 0.067114543
21.079 2060319.212 0.066976413
20.956 2066412.451 0.066840378
20.833 2072511.357 0.066706431
20.711 2078615.873 0.066574567
20.589 2084725.943 0.066444779
20.468 2090841.511 0.066317061
20.348 2096962.523 0.066191408
20.227 2103088.923 0.066067815
20.108 2109220.659 0.065946277
