20.075 2103273.006 0.066292259
20.173 2098277.918 0.066391268
20.271 2093290.776 0.066491569
20.369 2088311.640 0.066593160
20.468 2083340.573 0.066696040
20.567 2078377.635 0.066800207
20.666 2073422.890 0.066905658
20.766 2068476.402 0.067012393
20.866 2063538.232 0.067120409
20.966 2058608.447 0.067229705
21.066 2053687.109 0.067340279
21.167 2048774.285 0.067452130
21.268 2043870.039 0.067565255
21.369 2038974.438 0.067679653
21.470 2034087.548 0.067795323
21.572 2029209.437 0.067912262
21.674 2024340.171 0.068030469
21.776 2019479.820 0.068149942
21.878 2014628.451 0.068270680
21.981 2009786.134 0.068392679
22.084 2004952.939 0.068515940
22.187 2000128.935 0.068640459
22.291 1995314.193 0.068766235
22.395 1990508.786 0.068893266
22.499 1985712.784 0.069021550
22.603 1980926.259 0.069151085
22.708 1976149.286 0.069281869
22.812 1971381.936 0.069413900
22.917 1966624.285 0.069547176
23.023 1961876.407 0.069681694
23.128 1957138.376 0.069817453
23.234 1952410.269 0.069954449
23.340 1947692.162 0.070092682
23.447 1942984.131 0.070232147
23.553 1938286.254 0.070372843
23.660 1933598.610 0.070514768
23.767 1928921.275 0.070657918
23.875 1924254.330 0.070802291
23.983 1919597.854 0.070947885
24.091 1914951.928 0.071094695
24.199 1910316.632 0.071242720
24.307 1905692.048 0.071391956
24.416 1901078.257 0.071542400
24.525 1896475.343 0.071694049
24.634 1891883.388 0.071846900
24.744 1887302.477 0.072000949
24.853 1882732.694 0.072156192
24.963 1878174.123 0.072312627
25.074 1873626.851 0.072470248
25.184 1869090.964 0.072629053
25.295 1864566.548 0.072789037
25.406 1860053.692 0.072950197
25.517 1855552.482 0.073112527
25.628 1851063.009 0.073276025
25.740 1846585.360 0.073440684
25.852 1842119.627 0.073606500
25.964 1837665.899 0.073773470
26.077 1833224.268 0.073941586
26.189 1828794.826 0.074110846
26.302 1824377.665 0.074281243
26.415 1819972.878 0.074452771
26.529 1815580.559 0.074625427
26.642 1811200.802 0.074799202
26.756 1806833.702 0.074974093
26.870 1802479.354 0.075150092
26.985 1798137.856 0.075327193
27.099 1793809.303 0.075505390
27.214 1789493.794 0.075684677
27.329 1785191.426 0.075865046
27.444 1780902.298 0.076046491
27.559 1776626.510 0.076229004
27.675 1772364.161 0.076412577
27.791 1768115.353 0.076597204
27.907 1763880.186 0.076782876
28.023 1759658.763 0.076969586
28.139 1755451.186 0.077157325
28.256 1751257.558 0.077346084
28.373 1747077.984 0.077535855
28.490 1742912.567 0.077726629
28.607 1738761.413 0.077918397
28.724 1734624.628 0.078111149
28.842 1730502.318 0.078304875
28.959 1726394.590 0.078499567
29.077 1722301.552 0.078695212
29.195 1718223.311 0.078891802
29.313 1714159.978 0.079089326
29.432 1710111.661 0.079287771
29.550 1706078.471 0.079487128
29.669 1702060.518 0.079687385
29.788 1698057.913 0.079888529
29.907 1694070.770 0.080090550
30.026 1690099.200 0.080293433
30.145 1686143.317 0.080497168
30.264 1682203.235 0.080701741
30.384 1678279.067 0.080907138
30.504 1674370.929 0.081113346
30.623 1670478.937 0.081320352
30.743 1666603.207 0.081528141
30.863 1662743.855 0.081736698
30.983 1658901.000 0.081946010
31.103 1655074.758 0.082156060
31.224 1651265.249 0.082366833
31.344 1647472.592 0.082578314
31.464 1643696.906 0.082790487
31.585 1639938.311 0.083003334
31.705 1636196.929 0.083216840
31.826 1632472.880 0.083430987
31.947 1628766.286 0.083645757
32.067 1625077.270 0.083861134
32.188 1621405.955 0.084077098
32.309 1617752.464 0.084293631
32.430 1614116.921 0.084510715
32.550 1610499.450 0.084728330
32.671 1606900.176 0.084946456
32.792 1603319.225 0.085165074
32.913 1599756.722 0.085384163
33.034 1596212.794 0.085603702
33.154 1592687.567 0.085823671
33.275 1589181.169 0.086044048
33.396 1585693.727 0.086264811
33.517 1582225.369 0.086485938
33.637 1578776.224 0.086707406
33.758 1575346.421 0.086929193
33.878 1571936.088 0.087151274
33.999 1568545.356 0.087373627
34.119 1565174.354 0.087596227
34.239 1561823.213 0.087819050
34.359 1558492.064 0.088042071
34.479 1555181.037 0.088265264
34.599 1551890.264 0.088488605
34.719 1548619.876 0.088712066
34.839 1545370.006 0.088935621
34.958 1542140.785 0.089159244
35.077 1538932.346 0.089382908
35.196 1535744.821 0.089606584
35.315 1532578.344 0.089830246
35.434 1529433.048 0.090053863
35.552 1526309.066 0.090277409
35.671 1523206.530 0.090500854
35.789 1520125.576 0.090724167
35.906 1517066.337 0.090947321
36.024 1514028.946 0.091170283
36.141 1511013.539 0.091393024
36.258 1508020.247 0.091615513
36.375 1505049.207 0.091837718
36.491 1502100.552 0.092059608
36.607 1499174.417 0.092281151
36.723 1496270.935 0.092502314
36.838 1493390.241 0.092723065
36.953 1490532.469 0.092943371
37.068 1487697.754 0.093163198
37.182 1484886.229 0.093382513
37.296 1482098.029 0.093601281
37.409 1479333.287 0.093819469
37.522 1476592.137 0.094037041
37.635 1473874.712 0.094253963
37.747 1471181.147 0.094470200
37.858 1468511.574 0.094685715
37.969 1465866.126 0.094900474
38.080 1463244.936 0.095114441
38.190 1460648.137 0.095327578
38.299 1458075.860 0.095539849
38.408 1455528.238 0.095751218
38.517 1453005.401 0.095961647
38.625 1450507.481 0.096171099
38.732 1448034.609 0.096379537
38.838 1445586.915 0.096586923
38.944 1443164.528 0.096793220
39.050 1440767.578 0.096998388
39.154 1438396.194 0.097202390
39.258 1436050.503 0.097405188
39.362 1433730.634 0.097606743
39.464 1431436.714 0.097807015
39.566 1429168.869 0.098005968
39.667 1426927.225 0.098203561
39.768 1424711.908 0.098399756
39.867 1422523.040 0.098594513
39.966 1420360.747 0.098787794
40.064 1418225.152 0.098979559
40.161 1416116.375 0.099169769
40.257 1414034.540 0.099358385
40.353 1411979.765 0.099545368
40.447 1409952.172 0.099730678
40.541 1407951.878 0.099914276
40.634 1405979.001 0.100096124
40.725 1404033.658 0.100276181
40.816 1402115.965 0.100454409
40.906 1400226.037 0.100630770
40.995 1398363.986 0.100805224
41.083 1396529.927 0.100977732
41.169 1394723.971 0.101148256
41.255 1392946.227 0.101316758
41.340 1391196.805 0.101483199
41.424 1389475.813 0.101647541
41.506 1387783.358 0.101809747
41.588 1386119.544 0.101969779
41.668 1384484.478 0.102127600
41.747 1382878.260 0.102283172
41.825 1381300.993 0.102436460
41.902 1379752.777 0.102587425
41.977 1378233.710 0.102736033
42.052 1376743.891 0.102882247
42.125 1375283.413 0.103026033
42.197 1373852.373 0.103167354
42.268 1372450.862 0.103306177
42.337 1371078.973 0.103442467
42.405 1369736.793 0.103576190
42.472 1368424.413 0.103707313
42.537 1367141.917 0.103835804
42.601 1365889.391 0.103961629
42.664 1364666.917 0.104084756
42.725 1363474.578 0.104205156
42.785 1362312.452 0.104322796
42.844 1361180.618 0.104437646
42.901 1360079.151 0.104549678
42.957 1359008.126 0.104658861
43.011 1357967.616 0.104765167
43.064 1356957.689 0.104868569
43.115 1355978.416 0.104969039
43.165 1355029.863 0.105066551
43.213 1354112.095 0.105161079
43.260 1353225.174 0.105252598
43.305 1352369.162 0.105341083
43.349 1351544.117 0.105426511
43.391 1350750.097 0.105508859
43.432 1349987.155 0.105588104
43.471 1349255.345 0.105664225
43.508 1348554.718 0.105737202
43.544 1347885.322 0.105807015
43.579 1347247.204 0.105873644
43.611 1346640.408 0.105937071
43.642 1346064.976 0.105997280
43.672 1345520.949 0.106054252
43.700 1345008.364 0.106107974
43.726 1344527.257 0.106158429
43.750 1344077.663 0.106205605
43.773 1343659.611 0.106249487
43.794 1343273.132 0.106290064
43.814 1342918.253 0.106327324
43.832 1342594.997 0.106361257
43.848 1342303.389 0.106391853
43.862 1342043.447 0.106419105
43.875 1341815.190 0.106443003
43.886 1341618.633 0.106463543
43.896 1341453.791 0.106480717
43.903 1341320.674 0.106494521
43.910 1341219.292 0.106504951
43.914 1341149.650 0.106512004
43.916 1341111.753 0.106515678
43.917 1341105.604 0.106515973
43.917 1341131.201 0.106512887
43.914 1341188.544 0.106506422
43.910 1341277.626 0.106496580
43.904 1341398.440 0.106483362
43.896 1341550.979 0.106466774
43.887 1341735.229 0.106446820
43.876 1341951.177 0.106423504
43.864 1342198.806 0.106396835
43.849 1342478.099 0.106366818
43.833 1342789.035 0.106333462
43.815 1343131.591 0.106296777
43.796 1343505.741 0.106256773
43.775 1343911.458 0.106213461
43.752 1344348.713 0.106166853
43.728 1344817.474 0.106116961
43.702 1345317.707 0.106063800
43.674 1345849.375 0.106007384
43.645 1346412.440 0.105947728
43.614 1347006.862 0.105884849
43.582 1347632.598 0.105818765
43.548 1348289.603 0.105749493
43.512 1348977.831 0.105677051
43.474 1349697.231 0.105601460
43.436 1350447.754 0.105522741
43.395 1351229.345 0.105440913
43.353 1352041.950 0.105356000
73.055 1032761.869 0.154329032
72.689 1034515.286 0.153942759
72.323 1036307.397 0.153549764
71.958 1038138.001 0.153150197
71.593 1040006.893 0.152744210
71.229 1041913.864 0.152331955
70.867 1043858.705 0.151913585
70.505 1045841.202 0.151489256
70.144 1047861.140 0.151059121
69.783 1049918.299 0.150623335
69.424 1052012.461 0.150182053
69.066 1054143.402 0.149735432
68.709 1056310.897 0.149283626
68.353 1058514.720 0.148826790
67.999 1060754.643 0.148365081
67.645 1063030.434 0.147898653
67.293 1065341.863 0.147427662
66.941 1067688.694 0.146952260
66.591 1070070.693 0.146472602
66.243 1072487.623 0.145988842
65.895 1074939.246 0.145501130
65.549 1077425.323 0.145009620
65.204 1079945.614 0.144514461
64.861 1082499.876 0.144015803
64.519 1085087.869 0.143513795
64.178 1087709.348 0.143008584
63.838 1090364.069 0.142500316
63.500 1093051.787 0.141989137
63.164 1095772.258 0.141475189
62.829 1098525.234 0.140958615
62.495 1101310.471 0.140439555
62.163 1104127.720 0.139918149
61.832 1106976.735 0.139394534
61.502 1109857.268 0.138868846
61.175 1112769.071 0.138341220
60.848 1115711.898 0.137811787
60.523 1118685.500 0.137280678
60.200 1121689.630 0.136748023
59.878 1124724.040 0.136213948
59.558 1127788.482 0.135678579
59.239 1130882.711 0.135142038
58.922 1134006.478 0.134604447
58.606 1137159.537 0.134065926
58.292 1140341.644 0.133526591
57.979 1143552.550 0.132986558
57.668 1146792.013 0.132445940
57.359 1150059.787 0.131904848
57.051 1153355.629 0.131363392
56.744 1156679.295 0.130821678
56.439 1160030.544 0.130279812
56.136 1163409.133 0.129737896
55.834 1166814.821 0.129196031
55.534 1170247.370 0.128654316
55.235 1173706.539 0.128112848
54.938 1177192.092 0.127571721
54.643 1180703.790 0.127031027
54.349 1184241.399 0.126490857
54.056 1187804.682 0.125951298
53.765 1191393.407 0.125412438
53.476 1195007.340 0.124874360
53.188 1198646.251 0.124337147
52.902 1202309.908 0.123800877
52.618 1205998.083 0.123265630
52.335 1209710.548 0.122731481
52.053 1213447.077 0.122198504
51.773 1217207.444 0.121666770
51.494 1220991.426 0.121136351
51.217 1224798.799 0.120607314
50.942 1228629.344 0.120079725
50.668 1232482.839 0.119553648
50.396 1236359.068 0.119029146
50.125 1240257.812 0.118506279
49.856 1244178.857 0.117985105
49.588 1248121.989 0.117465682
49.321 1252086.995 0.116948065
49.056 1256073.664 0.116432306
48.793 1260081.788 0.115918457
48.531 1264111.157 0.115406568
48.271 1268161.566 0.114896688
48.012 1272232.809 0.114388861
47.754 1276324.685 0.113883134
47.498 1280436.990 0.113379549
47.244 1284569.525 0.112878148
46.991 1288722.091 0.112378971
46.739 1292894.491 0.111882057
46.489 1297086.530 0.111387442
46.240 1301298.014 0.110895161
45.992 1305528.751 0.110405250
45.746 1309778.550 0.109917741
45.502 1314047.222 0.109432664
45.259 1318334.581 0.108950050
45.017 1322640.439 0.108469928
44.776 1326964.613 0.107992324
44.537 1331306.920 0.107517265
44.300 1335667.180 0.107044776
44.063 1340045.213 0.106574879
43.828 1344440.840 0.106107597
43.595 1348853.887 0.105642952
43.362 1353284.178 0.105180964
43.131 1357731.540 0.104721650
42.902 1362195.802 0.104265030
42.673 1366676.794 0.103811120
42.446 1371174.347 0.103359935
42.221 1375688.296 0.102911491
41.996 1380218.475 0.102465800
41.773 1384764.720 0.102022877
41.551 1389326.869 0.101582732
41.331 1393904.761 0.101145376
41.111 1398498.239 0.100710821
40.893 1403107.144 0.100279074
40.676 1407731.320 0.099850144
40.461 1412370.614 0.099424038
40.246 1417024.872 0.099000764
40.033 1421693.942 0.098580327
39.821 1426377.676 0.098162733
39.611 1431075.924 0.097747986
39.401 1435788.539 0.097336090
39.193 1440515.377 0.096927048
38.985 1445256.293 0.096520862
38.779 1450011.144 0.096117534
38.575 1454779.790 0.095717066
38.371 1459562.090 0.095319457
38.168 1464357.906 0.094924709
37.967 1469167.102 0.094532820
37.767 1473989.542 0.094143789
37.568 1478825.092 0.093757615
37.370 1483673.618 0.093374296
37.173 1488534.990 0.092993829
36.977 1493409.078 0.092616210
36.782 1498295.752 0.092241437
36.588 1503194.886 0.091869505
36.396 1508106.354 0.091500410
36.204 1513030.030 0.091134147
36.014 1517965.791 0.090770711
35.825 1522913.515 0.090410097
35.636 1527873.082 0.090052297
35.449 1532844.370 0.089697307
35.263 1537827.263 0.089345119
35.077 1542821.643 0.088995726
34.893 1547827.394 0.088649122
34.710 1552844.401 0.088305299
34.528 1557872.551 0.087964248
34.346 1562911.732 0.087625962
34.166 1567961.832 0.087290432
33.987 1573022.741 0.086957650
33.809 1578094.351 0.086627606
33.631 1583176.554 0.086300293
33.455 1588269.244 0.085975700
33.280 1593372.315 0.085653819
33.105 1598485.663 0.085334638
32.932 1603609.185 0.085018150
32.759 1608742.779 0.084704343
32.587 1613886.343 0.084393207
32.417 1619039.778 0.084084733
32.247 1624202.986 0.083778909
32.078 1629375.867 0.083475726
31.910 1634558.327 0.083175172
31.743 1639750.268 0.082877236
31.576 1644951.597 0.082581909
31.411 1650162.219 0.082289177
31.246 1655382.042 0.081999032
31.083 1660610.974 0.081711460
30.920 1665848.924 0.081426452
30.758 1671095.804 0.081143996
30.597 1676351.523 0.080864080
30.436 1681615.994 0.080586692
30.277 1686889.131 0.080311823
30.118 1692170.846 0.080039459
29.960 1697461.056 0.079769589
29.803 1702759.676 0.079502202
29.647 1708066.622 0.079237286
29.492 1713381.813 0.078974829
29.337 1718705.167 0.078714820
29.183 1724036.603 0.078457248
29.030 1729376.041 0.078202099
28.878 1734723.403 0.077949364
28.726 1740078.610 0.077699029
28.575 1745441.585 0.077451084
28.425 1750812.252 0.077205517
28.276 1756190.536 0.076962316
28.128 1761576.360 0.076721470
27.980 1766969.652 0.076482967
27.833 1772370.337 0.076246795
27.686 1777778.344 0.076012944
27.541 1783193.601 0.075781401
27.396 1788616.037 0.075552156
27.252 1794045.581 0.075325197
27.108 1799482.165 0.075100513
26.965 1804925.719 0.074878092
26.823 1810376.175 0.074657924
26.682 1815833.466 0.074439997
26.541 1821297.527 0.074224300
26.401 1826768.289 0.074010823
26.262 1832245.690 0.073799554
26.123 1837729.663 0.073590483
25.985 1843220.145 0.073383598
25.847 1848717.074 0.073178891
25.711 1854220.386 0.072976348
25.575 1859730.019 0.072775962
25.439 1865245.913 0.072577720
25.304 1870768.007 0.072381612
25.170 1876296.241 0.072187629
25.037 1881830.555 0.071995761
24.904 1887370.892 0.071805996
24.771 1892917.192 0.071618327
24.640 1898469.398 0.071432741
24.508 1904027.454 0.071249231
24.378 1909591.303 0.071067786
24.248 1915160.890 0.070888396
24.119 1920736.158 0.070711053
23.990 1926317.055 0.070535747
23.862 1931903.525 0.070362470
23.734 1937495.515 0.070191211
23.607 1943092.973 0.070021962
23.481 1948695.845 0.069854715
23.355 1954304.081 0.069689460
23.230 1959917.628 0.069526189
23.105 1965536.436 0.069364893
22.981 1971160.455 0.069205565
22.857 1976789.634 0.069048196
22.734 1982423.926 0.068892778
22.612 1988063.280 0.068739303
22.490 1993707.649 0.068587763
22.368 1999356.985 0.068438151
22.247 2005011.240 0.068290459
22.127 2010670.368 0.068144680
22.007 2016334.322 0.068000806
21.888 2022003.057 0.067858830
21.769 2027676.527 0.067718746
21.651 2033354.688 0.067580546
21.533 2039037.493 0.067444223
21.415 2044724.901 0.067309772
21.299 2050416.866 0.067177186
21.182 2056113.346 0.067046458
21.066 2061814.297 0.066917582
20.951 2067519.679 0.066790553
20.836 2073229.447 0.066665364
20.722 2078943.563 0.066542010
20.608 2084661.983 0.066420485
20.494 2090384.667 0.066300784
20.381 2096111.575 0.066182901
20.269 2101842.668 0.066066833
20.157 2107577.905 0.065952572
20.045 2113317.247 0.065840116
