20.008 2116740.120 0.065729714
20.071 2113518.898 0.065791227
20.134 2110312.137 0.065853052
20.196 2107119.904 0.065915180
20.259 2103942.269 0.065977603
20.321 2100779.299 0.066040315
20.384 2097631.064 0.066103307
20.446 2094497.632 0.066166571
20.508 2091379.072 0.066230100
20.570 2088275.454 0.066293886
20.632 2085186.845 0.066357920
20.694 2082113.315 0.066422194
20.755 2079054.934 0.066486702
20.817 2076011.769 0.066551433
20.878 2072983.892 0.066616381
20.939 2069971.370 0.066681538
21.000 2066974.274 0.066746894
21.061 2063992.672 0.066812443
21.122 2061026.635 0.066878175
21.183 2058076.231 0.066944082
21.243 2055141.530 0.067010156
21.303 2052222.601 0.067076389
21.363 2049319.514 0.067142773
21.423 2046432.339 0.067209298
21.483 2043561.144 0.067275956
21.542 2040706.000 0.067342739
21.602 2037866.976 0.067409639
21.661 2035044.142 0.067476646
21.720 2032237.566 0.067543753
21.778 2029447.319 0.067610950
21.837 2026673.470 0.067678229
21.895 2023916.088 0.067745581
21.953 2021175.242 0.067812997
22.011 2018451.002 0.067880469
22.069 2015743.437 0.067947987
22.127 2013052.617 0.068015543
22.184 2010378.610 0.068083129
22.241 2007721.485 0.068150735
22.298 2005081.312 0.068218351
22.355 2002458.159 0.068285970
22.411 1999852.095 0.068353583
22.467 1997263.188 0.068421179
22.523 1994691.509 0.068488751
22.579 1992137.123 0.068556288
22.634 1989600.102 0.068623783
22.690 1987080.511 0.068691226
22.744 1984578.420 0.068758607
22.799 1982093.897 0.068825918
22.854 1979627.009 0.068893149
22.908 1977177.824 0.068960291
22.962 1974746.410 0.069027335
23.015 1972332.834 0.069094272
23.069 1969937.162 0.069161092
23.122 1967559.463 0.069227787
23.175 1965199.803 0.069294346
23.227 1962858.248 0.069360760
23.280 1960534.865 0.069427020
23.331 1958229.721 0.069493118
23.383 1955942.880 0.069559042
23.435 1953674.410 0.069624785
23.486 1951424.375 0.069690336
23.536 1949192.841 0.069755687
23.587 1946979.872 0.069820828
23.637 1944785.535 0.069885749
23.687 1942609.893 0.069950441
23.736 1940453.010 0.070014894
23.785 1938314.950 0.070079100
23.834 1936195.778 0.070143049
23.883 1934095.557 0.070206732
23.931 1932014.349 0.070270138
23.979 1929952.217 0.070333260
24.026 1927909.225 0.070396086
24.073 1925885.434 0.070458609
24.120 1923880.907 0.070520818
24.167 1921895.703 0.070582705
24.213 1919929.886 0.070644259
24.258 1917983.515 0.070705473
24.304 1916056.651 0.070766335
24.349 1914149.354 0.070826838
24.393 1912261.684 0.070886971
24.438 1910393.700 0.070946727
24.481 1908545.461 0.071006094
24.525 1906717.025 0.071065065
24.568 1904908.451 0.071123630
24.611 1903119.796 0.071181780
24.653 1901351.117 0.071239506
24.695 1899602.472 0.071296798
24.736 1897873.916 0.071353649
24.777 1896165.506 0.071410048
24.818 1894477.297 0.071465988
24.858 1892809.344 0.071521458
24.898 1891161.701 0.071576451
24.938 1889534.423 0.071630957
24.977 1887927.563 0.071684968
25.015 1886341.174 0.071738474
25.053 1884775.308 0.071791469
25.091 1883230.019 0.071843942
25.128 1881705.356 0.071895885
25.165 1880201.371 0.071947290
25.202 1878718.115 0.071998148
25.237 1877255.637 0.072048451
25.273 1875813.987 0.072098191
25.308 1874393.214 0.072147360
25.343 1872993.365 0.072195949
25.377 1871614.488 0.072243950
25.410 1870256.630 0.072291356
25.443 1868919.839 0.072338158
25.476 1867604.159 0.072384348
25.508 1866309.635 0.072429919
25.540 1865036.313 0.072474864
25.571 1863784.237 0.072519174
25.602 1862553.449 0.072562842
25.632 1861343.993 0.072605861
25.662 1860155.910 0.072648223
25.691 1858989.243 0.072689920
25.720 1857844.031 0.072730947
25.749 1856720.315 0.072771296
25.776 1855618.135 0.072810960
25.804 1854537.529 0.072849931
25.830 1853478.535 0.072888204
25.857 1852441.191 0.072925772
25.883 1851425.534 0.072962628
25.908 1850431.599 0.072998766
25.933 1849459.422 0.073034179
25.957 1848509.037 0.073068861
25.980 1847580.478 0.073102806
26.004 1846673.779 0.073136009
26.026 1845788.972 0.073168463
26.048 1844926.088 0.073200162
26.070 1844085.159 0.073231102
26.091 1843266.214 0.073261275
26.111 1842469.283 0.073290679
26.131 1841694.396 0.073319305
26.151 1840941.578 0.073347151
26.170 1840210.859 0.073374211
26.188 1839502.264 0.073400479
26.206 1838815.819 0.073425952
26.223 1838151.548 0.073450624
3336688.911 0.021
3334811.685 0.021
3332955.421 0.021
3331120.163 0.021
3329305.951 0.021
3327512.828 0.021
3325740.834 0.021
3323990.012 0.021
3322260.400 0.021
3320552.040 0.021
3318864.970 0.021
3317199.230 0.021
3315554.859 0.021
3313931.895 0.021
3312330.377 0.021
3310750.341 0.021
3309191.824 0.021
3307654.864 0.021
3306139.496 0.021
3304645.756 0.021
3303173.679 0.021
3301723.301 0.021
3300294.656 0.021
3298887.777 0.021
3297502.699 0.021
3296139.453 0.021
3294798.073 0.021
3293478.590 0.021
3292181.037 0.021
3290905.444 0.021
3289651.842 0.022
3288420.262 0.022
3287210.731 0.022
3286023.281 0.022
3284857.940 0.022
3283714.735 0.022
3282593.695 0.022
3281494.846 0.022
3280418.215 0.022
3279363.830 0.022
3278331.714 0.022
3277321.893 0.022
3276334.393 0.022
3275369.236 0.022
3274426.447 0.022
3273506.049 0.022
3272608.064 0.022
3271732.514 0.022
3270879.421 0.022
3270048.806 0.022
3269240.690 0.022
3268455.091 0.022
3267692.030 0.022
3266951.525 0.022
3266233.594 0.022
3265538.256 0.022
3264865.528 0.022
3264215.426 0.022
3263587.966 0.022
3262983.164 0.022
3262401.034 0.022
3261841.593 0.022
3261304.852 0.022
3260790.826 0.022
3260299.527 0.022
3259830.968 0.022
3259385.161 0.022
3258962.115 0.022
3258561.843 0.022
3258184.353 0.022
3257829.656 0.022
3257497.760 0.022
3257188.674 0.022
3256902.404 0.022
3256638.959 0.022
3256398.345 0.022
3256180.568 0.022
3255985.634 0.022
3255813.546 0.022
3255664.310 0.022
3255537.930 0.022
3255434.408 0.022
3255353.747 0.022
3255295.949 0.022
3255261.016 0.022
3255248.948 0.022
3255259.746 0.022
3255293.410 0.022
3255349.938 0.022
3255429.329 0.022
3255531.581 0.022
3255656.692 0.022
3255804.659 0.022
3255975.477 0.022
3256169.143 0.022
3256385.651 0.022
3256624.997 0.022
3256887.174 0.022
3257172.175 0.022
3257479.994 0.022
3257810.624 0.022
3258164.054 0.022
3258540.278 0.022
3258939.284 0.022
3259361.065 0.022
3259805.608 0.022
3260272.903 0.022
3260762.938 0.022
3261275.701 0.022
3261811.179 0.022
3262369.360 0.022
3262950.228 0.022
3263553.770 0.022
3264179.970 0.022
3264828.814 0.022
3265500.284 0.022
3266194.365 0.022
3266911.039 0.022
3267650.289 0.022
3268412.096 0.022
3269196.441 0.022
3270003.305 0.022
3270832.668 0.022
3271684.511 0.022
3272558.811 0.022
3273455.547 0.022
3274374.698 0.022
3275316.240 0.022
3276280.152 0.022
3277266.408 0.022
3278274.986 0.022
3279305.860 0.022
3280359.005 0.022
3281434.396 0.022
3282532.007 0.022
3283651.811 0.022
3284793.780 0.022
3285957.888 0.022
3287144.105 0.022
3288352.404 0.022
3289582.755 0.022
3290835.129 0.021
3292109.495 0.021
3293405.822 0.021
3294724.081 0.021
3296064.238 0.021
3297426.263 0.021
3298810.123 0.021
3300215.784 0.021
3301643.213 0.021
3303092.377 0.021
3304563.240 0.021
3306055.769 0.021
3307569.927 0.021
3309105.680 0.021
3310662.991 0.021
3312241.823 0.021
3313842.139 0.021
3315463.902 0.021
3317107.074 0.021
3318771.617 0.021
3320457.492 0.021
3322164.659 0.021
3323893.079 0.021
3325642.712 0.021
3327413.518 0.021
3329205.456 0.021
3331018.484 0.021
3332852.561 0.021
3334707.645 0.021
3336583.694 0.021
3338480.664 0.021
3340398.513 0.021
3342337.196 0.021
3344296.671 0.021
3346276.892 0.021
3348277.815 0.021
3350299.395 0.021
3352341.586 0.021
3354404.343 0.021
3356487.620 0.021
3358591.369 0.021
3360715.545 0.021
3362860.100 0.021
3365024.987 0.021
3367210.158 0.021
3369415.564 0.021
3371641.157 0.020
3373886.889 0.020
3376152.710 0.020
3378438.570 0.020
3380744.421 0.020
3383070.212 0.020
3385415.892 0.020
3387781.412 0.020
3390166.719 0.020
3392571.763 0.020
3394996.493 0.020
3397440.856 0.020
3399904.801 0.020
3402388.275 0.020
3404891.225 0.020
3407413.599 0.020
3409955.343 0.020
3412516.405 0.020
3415096.730 0.020
3417696.264 0.020
3420314.954 0.020
3422952.745 0.020
3425609.583 0.020
3428285.412 0.020
3430980.177 0.020
3433693.824 0.020
3436426.297 0.020
3439177.539 0.020
3441947.495 0.020
3444736.109 0.020
3447543.325 0.020
3450369.085 0.020
3453213.334 0.020
3456076.013 0.020
3458957.067 0.019
3461856.438 0.019
3464774.067 0.019
3467709.898 0.019
3470663.873 0.019
3473635.933 0.019
3476626.020 0.019
3479634.077 0.019
3482660.044 0.019
3485703.863 0.019
3488765.475 0.019
3491844.820 0.019
3494941.841 0.019
3498056.477 0.019
3501188.670 0.019
3504338.359 0.019
3507505.485 0.019
3510689.988 0.019
3513891.809 0.019
3517110.887 0.019
3520347.162 0.019
3523600.574 0.019
3526871.062 0.019
3530158.567 0.019
3533463.027 0.019
3536784.382 0.019
3540122.571 0.019
3543477.533 0.019
3546849.207 0.019
3550237.533 0.019
3553642.449 0.018
3557063.893 0.018
3560501.806 0.018
3563956.125 0.018
3567426.789 0.018
3570913.736 0.018
3574416.905 0.018
3577936.235 0.018
3581471.664 0.018
3585023.130 0.018
3588590.571 0.018
3592173.925 0.018
3595773.132 0.018
3599388.128 0.018
3603018.852 0.018
3606665.243 0.018
3610327.237 0.018
3614004.774 0.018
3617697.791 0.018
3621406.225 0.018
3625130.016 0.018
3628869.101 0.018
3632623.417 0.018
3636392.903 0.018
3640177.497 0.018
3643977.136 0.018
3647791.759 0.018
3651621.303 0.017
3655465.705 0.017
3659324.905 0.017
3663198.840 0.017
3667087.447 0.017
3670990.666 0.017
3674908.432 0.017
3678840.686 0.017
3682787.363 0.017
3686748.404 0.017
3690723.745 0.017
3694713.324 0.017
3698717.080 0.017
3702734.951 0.017
3706766.874 0.017
3710812.789 0.017
3714872.632 0.017
3718946.343 0.017
3723033.860 0.017
3727135.121 0.017
3731250.064 0.017
3735378.628 0.017
3739520.752 0.017
3743676.373 0.017
3747845.431 0.017
3752027.864 0.017
3756223.610 0.017
3760432.609 0.017
3764654.799 0.016
3768890.120 0.016
3773138.509 0.016
3777399.907 0.016
3781674.252 0.016
3785961.483 0.016
3790261.540 0.016
3794574.362 0.016
3798899.889 0.016
3803238.059 0.016
3807588.812 0.016
3811952.088 0.016
3816327.827 0.016
3820715.968 0.016
3825116.452 0.016
3829529.217 0.016
3833954.205 0.016
3838391.356 0.016
3842840.609 0.016
3847301.905 0.016
3851775.184 0.016
3856260.387 0.016
3860757.455 0.016
3865266.328 0.016
3869786.947 0.016
3874319.253 0.016
3878863.187 0.016
3883418.690 0.015
3887985.704 0.015
3892564.169 0.015
3897154.027 0.015
3901755.220 0.015
3906367.689 0.015
3910991.376 0.015
3915626.223 0.015
3920272.172 0.015
3924929.164 0.015
3929597.144 0.015
3934276.051 0.015
3938965.830 0.015
3943666.423 0.015
3948377.771 0.015
3953099.819 0.015
3957832.509 0.015
3962575.784 0.015
3967329.587 0.015
3972093.862 0.015
3976868.552 0.015
3981653.600 0.015
3986448.951 0.015
3991254.548 0.015
3996070.335 0.015
4000896.255 0.015
4005732.254 0.015
4010578.276 0.015
4015434.264 0.014
4020300.164 0.014
4025175.921 0.014
4030061.478 0.014
4034956.782 0.014
4039861.777 0.014
4044776.408 0.014
4049700.621 0.014
4054634.362 0.014
4059577.575 0.014
4064530.208 0.014
4069492.205 0.014
4074463.513 0.014
4079444.078 0.014
4084433.846 0.014
4089432.764 0.014
4094440.778 0.014
4099457.836 0.014
4104483.883 0.014
4109518.868 0.014
4114562.737 0.014
4119615.437 0.014
4124676.917 0.014
4129747.123 0.014
4134826.004 0.014
4139913.507 0.014
4145009.580 0.014
4150114.172 0.014
4155227.230 0.014
4160348.704 0.014
4165478.542 0.013
4170616.692 0.013
4175763.104 0.013
4180917.726 0.013
4186080.508 0.013
4191251.399 0.013
4196430.348 0.013
4201617.306 0.013
4206812.221 0.013
4212015.044 0.013
4217225.725 0.013
4222444.214 0.013
4227670.462 0.013
4232904.418 0.013
4238146.034 0.013
4243395.260 0.013
4248652.047 0.013
4253916.347 0.013
4259188.109 0.013
4264467.287 0.013
4269753.831 0.013
4275047.694 0.013
4280348.826 0.013
4285657.179 0.013
4290972.707 0.013
4296295.361 0.013
4301625.093 0.013
4306961.856 0.013
4312305.603 0.013
4317656.287 0.013
4323013.860 0.013
4328378.276 0.012
4333749.487 0.012
4339127.448 0.012
4344512.112 0.012
4349903.432 0.012
4355301.363 0.012
4360705.858 0.012
4366116.872 0.012
4371534.359 0.012
4376958.272 0.012
4382388.568 0.012
4387825.200 0.012
4393268.124 0.012
4398717.294 0.012
4404172.666 0.012
4409634.195 0.012
4415101.836 0.012
4420575.545 0.012
4426055.277 0.012
4431540.989 0.012
4437032.637 0.012
4442530.176 0.012
4448033.563 0.012
4453542.755 0.012
4459057.708 0.012
4464578.378 0.012
4470104.723 0.012
4475636.700 0.012
4481174.265 0.012
4486717.377 0.012
4492265.992 0.012
4497820.068 0.012
4503379.563 0.012
4508944.434 0.012
4514514.641 0.011
4520090.140 0.011
4525670.890 0.011
4531256.849 0.011
4536847.977 0.011
4542444.231 0.011
4548045.571 0.011
4553651.955 0.011
4559263.343 0.011
4564879.694 0.011
4570500.967 0.011
4576127.122 0.011
4581758.118 0.011
4587393.915 0.011
4593034.474 0.011
4598679.753 0.011
4604329.714 0.011
4609984.317 0.011
4615643.522 0.011
4621307.289 0.011
4626975.580 0.011
4632648.356 0.011
4638325.576 0.011
4644007.204 0.011
4649693.198 0.011
4655383.522 0.011
4661078.137 0.011
1831786.296 0.068
1840661.333 0.067
1849557.812 0.066
1858475.391 0.066
1867413.732 0.065
1876372.502 0.065
1885351.376 0.064
1894350.032 0.063
1903368.153 0.063
1912405.430 0.062
1921461.554 0.062
1930536.227 0.061
1939629.150 0.061
1948740.034 0.060
1957868.591 0.060
1967014.539 0.059
1976177.600 0.058
1985357.502 0.058
1994553.974 0.057
2003766.754 0.057
2012995.580 0.056
2022240.197 0.056
2031500.352 0.055
2040775.796 0.055
2050066.287 0.054
2059371.583 0.054
2068691.448 0.053
2078025.649 0.053
2087373.956 0.053
2096736.145 0.052
2106111.992 0.052
2115501.280 0.051
2124903.793 0.051
2134319.318 0.050
2143747.648 0.050
2153188.576 0.049
2162641.901 0.049
2172107.423 0.049
2181584.946 0.048
2191074.276 0.048
2200575.224 0.047
2210087.602 0.047
2219611.225 0.047
2229145.911 0.046
2238691.482 0.046
2248247.761 0.045
2257814.575 0.045
2267391.751 0.045
2276979.122 0.044
2286576.521 0.044
2296183.784 0.044
2305800.751 0.043
2315427.262 0.043
2325063.160 0.043
2334708.292 0.042
2344362.505 0.042
2354025.649 0.042
2363697.576 0.041
2373378.140 0.041
2383067.199 0.041
2392764.611 0.040
2402470.235 0.040
2412183.935 0.040
2421905.575 0.039
2431635.021 0.039
2441372.141 0.039
2451116.805 0.038
2460868.886 0.038
2470628.256 0.038
2480394.791 0.038
2490168.368 0.037
2499948.866 0.037
2509736.165 0.037
2519530.147 0.036
2529330.696 0.036
2539137.696 0.036
2548951.035 0.036
2558770.601 0.035
2568596.283 0.035
2578427.973 0.035
2588265.563 0.035
2598108.947 0.034
2607958.021 0.034
2617812.681 0.034
2627672.826 0.034
2637538.354 0.033
2647409.168 0.033
2657285.168 0.033
2667166.258 0.033
2677052.343 0.032
2686943.328 0.032
2696839.120 0.032
2706739.628 0.032
2716644.760 0.031
2726554.426 0.031
2736468.539 0.031
2746387.011 0.031
2756309.756 0.030
2766236.687 0.030
2776167.722 0.030
2786102.776 0.030
2796041.768 0.030
2805984.617 0.029
2815931.241 0.029
2825881.563 0.029
2835835.503 0.029
2845792.984 0.029
2855753.930 0.028
2865718.265 0.028
2875685.914 0.028
2885656.803 0.028
2895630.860 0.028
2905608.013 0.027
2915588.190 0.027
2925571.320 0.027
2935557.334 0.027
2945546.163 0.027
2955537.739 0.027
2965531.994 0.026
2975528.863 0.026
2985528.278 0.026
2995530.175 0.026
3005534.490 0.026
3015541.159 0.026
3025550.118 0.025
3035561.306 0.025
3045574.661 0.025
3055590.121 0.025
3065607.627 0.025
3075627.119 0.025
3085648.538 0.024
3095671.825 0.024
3105696.922 0.024
3115723.773 0.024
3125752.320 0.024
3135782.508 0.024
3145814.281 0.024
3155847.585 0.023
3165882.365 0.023
3175918.566 0.023
3185956.137 0.023
3195995.024 0.023
3206035.176 0.023
3216076.540 0.022
3226119.065 0.022
3236162.701 0.022
3246207.398 0.022
3256253.106 0.022
3266299.775 0.022
3276347.358 0.022
3286395.806 0.022
3296445.071 0.021
3306495.106 0.021
3316545.864 0.021
3326597.299 0.021
3336649.364 0.021
3346702.015 0.021
3356755.206 0.021
3366808.892 0.021
3376863.029 0.020
3386917.574 0.020
3396972.482 0.020
3407027.711 0.020
3417083.217 0.020
3427138.960 0.020
3437194.896 0.020
3447250.984 0.020
3457307.183 0.019
3467363.452 0.019
3477419.751 0.019
3487476.039 0.019
3497532.277 0.019
3507588.425 0.019
3517644.444 0.019
3527700.296 0.019
3537755.941 0.019
3547811.342 0.019
3557866.461 0.018
3567921.261 0.018
3577975.703 0.018
3588029.752 0.018
3598083.371 0.018
3608136.524 0.018
3618189.174 0.018
3628241.286 0.018
3638292.824 0.018
3648343.753 0.018
3658394.040 0.017
3668443.648 0.017
3678492.543 0.017
3688540.692 0.017
3698588.061 0.017
3708634.616 0.017
3718680.324 0.017
3728725.152 0.017
3738769.068 0.017
3748812.038 0.017
3758854.031 0.017
3768895.014 0.016
3778934.956 0.016
3788973.824 0.016
3799011.589 0.016
3809048.219 0.016
3819083.682 0.016
3829117.948 0.016
3839150.988 0.016
3849182.770 0.016
3859213.264 0.016
3869242.441 0.016
3879270.272 0.016
3889296.726 0.015
3899321.775 0.015
3909345.390 0.015
3919367.541 0.015
3929388.201 0.015
3939407.342 0.015
3949424.933 0.015
3959440.949 0.015
3969455.361 0.015
3979468.141 0.015
3989479.262 0.015
3999488.697 0.015
4009496.419 0.015
4019502.400 0.014
4029506.614 0.014
4039509.034 0.014
4049509.635 0.014
4059508.389 0.014
4069505.271 0.014
4079500.254 0.014
4089493.314 0.014
4099484.424 0.014
4109473.559 0.014
4119460.694 0.014
4129445.804 0.014
4139428.863 0.014
4149409.847 0.014
4159388.731 0.014
4169365.491 0.013
4179340.102 0.013
4189312.540 0.013
4199282.781 0.013
4209250.801 0.013
4219216.576 0.013
4229180.082 0.013
4239141.296 0.013
4249100.195 0.013
4259056.755 0.013
4269010.954 0.013
4278962.767 0.013
4288912.172 0.013
4298859.147 0.013
4308803.668 0.013
4318745.714 0.013
4328685.261 0.012
4338622.288 0.012
4348556.772 0.012
4358488.692 0.012
4368418.024 0.012
4378344.749 0.012
4388268.843 0.012
4398190.285 0.012
4408109.055 0.012
4418025.129 0.012
4427938.488 0.012
4437849.110 0.012
4447756.974 0.012
4457662.059 0.012
4467564.343 0.012
4477463.808 0.012
4487360.431 0.012
4497254.192 0.012
4507145.072 0.012
4517033.049 0.011
4526918.103 0.011
4536800.214 0.011
4546679.362 0.011
4556555.528 0.011
4566428.690 0.011
4576298.830 0.011
4586165.929 0.011
4596029.965 0.011
4605890.920 0.011
4615748.775 0.011
4625603.509 0.011
4635455.105 0.011
4645303.542 0.011
4655148.801 0.011
4664990.865 0.011
4674829.713 0.011
4684665.327 0.011
4694497.688 0.011
4704326.778 0.011
4714152.578 0.011
4723975.070 0.010
4733794.235 0.010
4743610.054 0.010
4753422.510 0.010
4763231.585 0.010
4773037.259 0.010
4782839.516 0.010
4792638.337 0.010
4802433.705 0.010
4812225.601 0.010
4822014.008 0.010
4831798.909 0.010
4841580.285 0.010
4851358.119 0.010
4861132.393 0.010
4870903.091 0.010
4880670.195 0.010
4890433.688 0.010
4900193.552 0.010
4909949.770 0.010
4919702.326 0.010
4929451.202 0.010
4939196.382 0.010
4948937.848 0.010
4958675.583 0.010
4968409.572 0.009
4978139.797 0.009
4987866.242 0.009
4997588.890 0.009
5007307.724 0.009
5017022.729 0.009
5026733.887 0.009
5036441.183 0.009
5046144.601 0.009
5055844.123 0.009
5065539.734 0.009
5075231.418 0.009
5084919.159 0.009
5094602.940 0.009
5104282.747 0.009
5113958.562 0.009
5123630.371 0.009
5133298.157 0.009
5142961.904 0.009
5152621.598 0.009
5162277.222 0.009
5171928.760 0.009
5181576.199 0.009
5191219.521 0.009
5200858.711 0.009
5210493.755 0.009
5220124.636 0.009
5229751.340 0.009
5239373.851 0.009
5248992.155 0.009
5258606.235 0.008
5268216.077 0.008
5277821.667 0.008
5287422.988 0.008
5297020.026 0.008
5306612.767 0.008
5316201.195 0.008
5325785.295 0.008
0.0 0.0 0.0
0.0 0.0 0.0
0.0 0.0 0.0
0.0 0.0 0.0
0.0 0.0 0.0
0.0 0.0 0.0
0.0 0.0 0.0
0.0 0.0 0.0
0.0 0.0 0.0
0.0 0.0 0.0
0.0 0.0 0.0
0.0 0.0 0.0
0.0 0.0 0.0
0.0 0.0 0.0
0.0 0.0 0.0
0.0 0.0 0.0
0.0 0.0 0.0
0.0 0.0 0.0
0.0 0.0 0.0
0.0 0.0 0.0
0.0 0.0 0.0
0.0 0.0 0.0
0.0 0.0 0.0
0.0 0.0 0.0
0.0 0.0 0.0
0.0 0.0 0.0
0.0 0.0 0.0
0.0 0.0 0.0
0.0 0.0 0.0
0.0 0.0 0.0
0.0 0.0 0.0
0.0 0.0 0.0
0.0 0.0 0.0
0.0 0.0 0.0
0.0 0.0 0.0
0.0 0.0 0.0
0.0 0.0 0.0
0.0 0.0 0.0
0.0 0.0 0.0
0.0 0.0 0.0
0.0 0.0 0.0
0.0 0.0 0.0
0.0 0.0 0.0
0.0 0.0 0.0
0.0 0.0 0.0
0.0 0.0 0.0
0.0 0.0 0.0
0.0 0.0 0.0
0.0 0.0 0.0
0.0 0.0 0.0
0.0 0.0 0.0
0.0 0.0 0.0
0.0 0.0 0.0
0.0 0.0 0.0
0.0 0.0 0.0
0.0 0.0 0.0
0.0 0.0 0.0
0.0 0.0 0.0
0.0 0.0 0.0
0.0 0.0 0.0
0.0 0.0 0.0
0.0 0.0 0.0
0.0 0.0 0.0
0.0 0.0 0.0
0.0 0.0 0.0
0.0 0.0 0.0
5329275.738 0.008
5320353.332 0.008
5311447.767 0.008
5302559.164 0.008
5293687.644 0.008
5284833.327 0.008
5275996.337 0.008
5267176.795 0.008
5258374.824 0.008
5249590.549 0.009
5240824.093 0.009
5232075.580 0.009
5223345.137 0.009
5214632.887 0.009
5205938.959 0.009
5197263.477 0.009
5188606.570 0.009
5179968.365 0.009
5171348.990 0.009
5162748.574 0.009
5154167.246 0.009
5145605.136 0.009
5137062.375 0.009
5128539.093 0.009
5120035.421 0.009
5111551.491 0.009
5103087.436 0.009
5094643.388 0.009
5086219.481 0.009
5077815.849 0.009
5069432.625 0.009
5061069.946 0.009
5052727.945 0.009
5044406.761 0.009
5036106.527 0.009
5027827.382 0.009
5019569.463 0.009
5011332.908 0.009
5003117.855 0.009
4994924.444 0.009
4986752.812 0.009
4978603.102 0.009
4970475.451 0.009
4962370.003 0.010
4954286.897 0.010
4946226.276 0.010
4938188.282 0.010
4930173.058 0.010
4922180.747 0.010
4914211.493 0.010
4906265.439 0.010
4898342.731 0.010
4890443.514 0.010
4882567.932 0.010
4874716.133 0.010
4866888.263 0.010
4859084.468 0.010
4851304.896 0.010
4843549.695 0.010
4835819.012 0.010
4828112.997 0.010
4820431.799 0.010
4812775.566 0.010
4805144.450 0.010
4797538.599 0.010
4789958.166 0.010
4782403.301 0.010
4774874.156 0.010
4767370.882 0.010
4759893.632 0.010
4752442.558 0.010
4745017.814 0.010
4737619.553 0.010
4730247.929 0.010
4722903.096 0.010
4715585.209 0.011
4708294.422 0.011
4701030.890 0.011
4693794.770 0.011
4686586.216 0.011
4679405.386 0.011
4672252.435 0.011
4665127.521 0.011
4658030.800 0.011
4650962.430 0.011
4643922.568 0.011
4636911.374 0.011
4629929.003 0.011
4622975.616 0.011
4616051.371 0.011
4609156.427 0.011
4602290.943 0.011
4595455.079 0.011
4588648.994 0.011
4581872.848 0.011
4575126.801 0.011
4568411.014 0.011
4561725.646 0.011
4555070.859 0.011
4548446.814 0.011
4541853.671 0.011
4535291.591 0.011
4528760.736 0.011
4522261.266 0.011
4515793.344 0.011
4509357.131 0.012
4502952.789 0.012
4496580.479 0.012
4490240.363 0.012
4483932.603 0.012
4477657.362 0.012
4471414.800 0.012
4465205.080 0.012
4459028.364 0.012
4452884.814 0.012
4446774.591 0.012
4440697.859 0.012
4434654.778 0.012
4428645.511 0.012
4422670.219 0.012
4416729.065 0.012
4410822.209 0.012
4404949.814 0.012
4399112.041 0.012
4393309.051 0.012
4387541.005 0.012
4381808.064 0.012
4376110.390 0.012
4370448.142 0.012
4364821.482 0.012
4359230.570 0.012
4353675.565 0.012
4348156.627 0.012
4342673.916 0.012
4337227.592 0.012
4331817.813 0.012
4326444.737 0.012
4321108.524 0.013
4315809.331 0.013
4310547.316 0.013
4305322.636 0.013
4300135.449 0.013
4294985.910 0.013
4289874.175 0.013
4284800.402 0.013
4279764.744 0.013
4274767.357 0.013
4269808.394 0.013
4264888.011 0.013
4260006.359 0.013
4255163.592 0.013
4250359.862 0.013
4245595.321 0.013
4240870.120 0.013
4236184.409 0.013
4231538.338 0.013
4226932.057 0.013
4222365.713 0.013
4217839.456 0.013
4213353.432 0.013
4208907.787 0.013
4204502.668 0.013
4200138.220 0.013
4195814.586 0.013
4191531.912 0.013
4187290.338 0.013
4183090.008 0.013
4178931.062 0.013
4174813.641 0.013
4170737.883 0.013
4166703.928 0.013
4162711.914 0.013
4158761.976 0.014
4154854.251 0.014
4150988.873 0.014
4147165.977 0.014
4143385.694 0.014
4139648.158 0.014
4135953.498 0.014
4132301.845 0.014
4128693.327 0.014
4125128.071 0.014
4121606.205 0.014
4118127.853 0.014
4114693.140 0.014
4111302.189 0.014
4107955.121 0.014
4104652.058 0.014
4101393.119 0.014
4098178.423 0.014
4095008.085 0.014
4091882.222 0.014
4088800.949 0.014
4085764.379 0.014
4082772.622 0.014
4079825.791 0.014
4076923.994 0.014
4074067.339 0.014
4071255.932 0.014
4068489.878 0.014
4065769.282 0.014
4063094.244 0.014
4060464.867 0.014
4057881.248 0.014
4055343.486 0.014
4052851.677 0.014
4050405.917 0.014
4048006.297 0.014
4045652.909 0.014
4043345.845 0.014
4041085.192 0.014
4038871.037 0.014
4036703.466 0.014
4034582.562 0.014
4032508.408 0.014
4030481.083 0.014
4028500.667 0.014
4026567.237 0.014
4024680.868 0.014
4022841.634 0.014
4021049.607 0.014
4019304.857 0.014
4017607.452 0.014
4015957.461 0.014
4014354.947 0.015
4012799.973 0.015
4011292.602 0.015
4009832.893 0.015
4008420.904 0.015
4007056.691 0.015
4005740.308 0.015
4004471.808 0.015
4003251.241 0.015
4002078.656 0.015
4000954.100 0.015
3999877.617 0.015
3998849.251 0.015
3997869.044 0.015
3996937.034 0.015
3996053.259 0.015
3995217.754 0.015
3994430.553 0.015
3993691.688 0.015
3993001.189 0.015
3992359.083 0.015
3991765.396 0.015
3991220.152 0.015
3990723.374 0.015
3990275.081 0.015
3989875.291 0.015
3989524.021 0.015
3989221.285 0.015
3988967.095 0.015
3988761.462 0.015
3988604.393 0.015
3988495.895 0.015
3988435.973 0.015
3988424.629 0.015
3988461.863 0.015
3988547.674 0.015
3988682.058 0.015
3988865.011 0.015
3989096.523 0.015
3989376.587 0.015
3989705.191 0.015
3990082.321 0.015
3990507.963 0.015
3990982.099 0.015
3991504.709 0.015
3992075.773 0.015
3992695.268 0.015
3993363.169 0.015
3994079.448 0.015
3994844.077 0.015
3995657.025 0.015
3996518.260 0.015
3997427.746 0.015
3998385.447 0.015
3999391.325 0.015
4000445.339 0.015
4001547.448 0.015
4002697.606 0.015
4003895.768 0.015
4005141.887 0.015
4006435.912 0.015
4007777.791 0.015
4009167.473 0.015
4010604.900 0.015
4012090.017 0.015
4013622.764 0.015
4015203.080 0.014
4016830.904 0.014
4018506.171 0.014
4020228.816 0.014
4021998.769 0.014
4023815.962 0.014
4025680.324 0.014
4027591.782 0.014
4029550.261 0.014
4031555.684 0.014
4033607.975 0.014
4035707.052 0.014
4037852.835 0.014
4040045.241 0.014
4042284.186 0.014
4044569.582 0.014
4046901.342 0.014
4049279.378 0.014
4051703.597 0.014
4054173.908 0.014
4056690.216 0.014
4059252.426 0.014
4061860.440 0.014
4064514.161 0.014
4067213.488 0.014
4069958.320 0.014
4072748.554 0.014
4075584.085 0.014
4078464.807 0.014
4081390.614 0.014
4084361.397 0.014
4087377.046 0.014
4090437.450 0.014
4093542.497 0.014
4096692.071 0.014
4099886.059 0.014
4103124.344 0.014
4106406.808 0.014
4109733.332 0.014
4113103.797 0.014
4116518.080 0.014
4119976.059 0.014
4123477.611 0.014
4127022.610 0.014
4130610.931 0.014
4134242.447 0.014
4137917.030 0.014
4141634.549 0.014
4145394.876 0.014
4149197.878 0.014
4153043.424 0.014
4156931.379 0.014
4160861.610 0.014
4164833.981 0.013
4168848.355 0.013
4172904.597 0.013
4177002.567 0.013
4181142.127 0.013
4185323.136 0.013
4189545.455 0.013
4193808.941 0.013
4198113.452 0.013
4202458.845 0.013
4206844.976 0.013
4211271.700 0.013
4215738.872 0.013
4220246.345 0.013
4224793.973 0.013
4229381.608 0.013
4234009.102 0.013
4238676.305 0.013
4243383.068 0.013
4248129.242 0.013
4252914.674 0.013
4257739.214 0.013
4262602.710 0.013
4267505.009 0.013
4272445.958 0.013
4277425.404 0.013
4282443.192 0.013
4287499.168 0.013
4292593.176 0.013
4297725.062 0.013
4302894.670 0.013
4308101.842 0.013
4313346.423 0.013
4318628.255 0.013
4323947.181 0.013
4329303.042 0.012
4334695.681 0.012
4340124.939 0.012
4345590.657 0.012
4351092.677 0.012
4356630.837 0.012
4362204.980 0.012
4367814.945 0.012
4373460.572 0.012
4379141.700 0.012
4384858.169 0.012
4390609.819 0.012
4396396.487 0.012
4402218.014 0.012
4408074.238 0.012
4413964.997 0.012
4419890.130 0.012
4425849.476 0.012
4431842.872 0.012
4437870.157 0.012
4443931.169 0.012
4450025.746 0.012
4456153.726 0.012
4462314.948 0.012
4468509.249 0.012
4474736.467 0.012
4480996.440 0.012
4487289.006 0.012
4493614.004 0.012
4499971.271 0.012
4506360.646 0.012
4512781.966 0.011
4519235.071 0.011
4525719.798 0.011
4532235.986 0.011
4538783.474 0.011
4545362.099 0.011
4551971.702 0.011
4558612.121 0.011
4565283.196 0.011
4571984.765 0.011
4578716.667 0.011
4585478.744 0.011
4592270.834 0.011
4599092.777 0.011
4605944.414 0.011
4612825.586 0.011
4619736.132 0.011
4626675.894 0.011
4633644.712 0.011
4640642.430 0.011
4647668.887 0.011
4654723.926 0.011
4661807.389 0.011
4668919.118 0.011
4676058.957 0.011
4683226.748 0.011
4690422.335 0.011
4697645.562 0.011
4704896.271 0.011
4712174.309 0.011
4719479.519 0.011
4726811.746 0.010
4734170.835 0.010
4741556.634 0.010
4748968.986 0.010
4756407.739 0.010
4763872.740 0.010
4771363.836 0.010
4778880.873 0.010
4786423.701 0.010
4793992.167 0.010
4801586.120 0.010
4809205.409 0.010
4816849.884 0.010
4824519.394 0.010
4832213.790 0.010
4839932.923 0.010
4847676.644 0.010
4855444.803 0.010
4863237.254 0.010
4871053.849 0.010
4878894.441 0.010
4886758.882 0.010
4894647.027 0.010
4902558.731 0.010
4910493.847 0.010
4918452.230 0.010
4926433.738 0.010
4934438.224 0.010
4942465.547 0.010
4950515.563 0.010
4958588.130 0.010
4966683.105 0.009
4974800.347 0.009
4982939.715 0.009
4991101.068 0.009
4999284.266 0.009
5007489.170 0.009
5015715.641 0.009
5023963.539 0.009
5032232.727 0.009
5040523.067 0.009
5048834.422 0.009
5057166.655 0.009
5065519.631 0.009
5073893.212 0.009
5082287.265 0.009
5090701.655 0.009
5099136.248 0.009
5107590.909 0.009
5116065.507 0.009
5124559.908 0.009
5133073.980 0.009
5141607.591 0.009
5150160.612 0.009
5158732.910 0.009
5167324.357 0.009
5175934.822 0.009
5184564.177 0.009
5193212.294 0.009
5201879.043 0.009
5210564.298 0.009
5219267.933 0.009
5227989.820 0.009
5236729.833 0.009
5245487.848 0.009
5254263.740 0.008
5263057.384 0.008
5271868.656 0.008
5280697.434 0.008
5289543.594 0.008
5298407.014 0.008
5307287.573 0.008
5316185.149 0.008
21.698 2028099.230 0.067794164
21.698 2028152.836 0.067792458
21.696 2028226.662 0.067790260
21.695 2028320.706 0.067787571
21.693 2028434.964 0.067784390
21.690 2028569.432 0.067780718
21.687 2028724.104 0.067776557
21.684 2028898.976 0.067771905
21.680 2029094.041 0.067766765
21.676 2029309.292 0.067761138
21.671 2029544.723 0.067755023
21.666 2029800.326 0.067748422
21.661 2030076.091 0.067741337
21.655 2030372.010 0.067733769
21.648 2030688.072 0.067725719
21.642 2031024.268 0.067717187
21.635 2031380.587 0.067708177
21.627 2031757.016 0.067698690
21.619 2032153.544 0.067688726
21.611 2032570.157 0.067678288
21.602 2033006.843 0.067667379
21.593 2033463.588 0.067655999
21.583 2033940.376 0.067644150
21.573 2034437.192 0.067631836
21.562 2034954.021 0.067619058
21.552 2035490.847 0.067605818
21.540 2036047.651 0.067592119
21.529 2036624.417 0.067577963
21.516 2037221.127 0.067563353
21.504 2037837.761 0.067548291
21.491 2038474.301 0.067532780
21.478 2039130.726 0.067516823
21.464 2039807.016 0.067500423
21.450 2040503.150 0.067483582
21.435 2041219.106 0.067466305
21.420 2041954.862 0.067448592
21.405 2042710.395 0.067430449
21.389 2043485.682 0.067411878
21.373 2044280.699 0.067392883
21.357 2045095.422 0.067373466
21.340 2045929.826 0.067353632
21.323 2046783.884 0.067333383
21.305 2047657.572 0.067312725
21.287 2048550.862 0.067291659
21.268 2049463.727 0.067270191
21.250 2050396.140 0.067248323
21.230 2051348.073 0.067226060
21.211 2052319.496 0.067203406
21.191 2053310.380 0.067180364
21.170 2054320.697 0.067156939
21.150 2055350.414 0.067133136
21.128 2056399.502 0.067108957
21.107 2057467.930 0.067084408
21.085 2058555.665 0.067059493
21.063 2059662.676 0.067034217
21.040 2060788.929 0.067008583
21.017 2061934.391 0.066982597
20.994 2063099.029 0.066956262
20.970 2064282.808 0.066929584
20.946 2065485.694 0.066902568
20.922 2066707.652 0.066875218
20.897 2067948.645 0.066847538
20.872 2069208.638 0.066819535
20.846 2070487.595 0.066791212
20.820 2071785.478 0.066762575
20.794 2073102.250 0.066733629
20.768 2074437.873 0.066704379
20.741 2075792.308 0.066674830
20.713 2077165.518 0.066644988
20.686 2078557.463 0.066614856
20.658 2079968.103 0.066584442
20.630 2081397.398 0.066553750
20.601 2082845.309 0.066522785
20.572 2084311.793 0.066491553
20.543 2085796.811 0.066460060
20.513 2087300.320 0.066428311
20.483 2088822.278 0.066396311
20.453 2090362.644 0.066364066
20.422 2091921.374 0.066331582
20.391 2093498.425 0.066298864
20.360 2095093.753 0.066265918
20.329 2096707.316 0.066232750
20.297 2098339.068 0.066199366
20.265 2099988.965 0.066165771
20.232 2101656.962 0.066131971
20.199 2103343.014 0.066097973
20.166 2105047.076 0.066063781
20.133 2106769.101 0.066029403
20.099 2108509.043 0.065994843
20.065 2110266.855 0.065960108
20.031 2112042.491 0.065925205
