20.013 2124926.432 0.065322903
20.100 2120417.367 0.065409015
20.187 2115917.933 0.065496085
20.275 2111428.193 0.065584106
20.362 2106948.217 0.065673077
20.450 2102478.069 0.065762991
20.538 2098017.818 0.065853846
20.626 2093567.531 0.065945636
20.714 2089127.277 0.066038358
20.803 2084697.124 0.066132006
20.891 2080277.142 0.066226577
20.980 2075867.399 0.066322066
21.068 2071467.965 0.066418469
21.157 2067078.912 0.066515781
21.246 2062700.309 0.066613997
21.335 2058332.228 0.066713113
21.424 2053974.740 0.066813125
21.514 2049627.918 0.066914027
21.603 2045291.833 0.067015815
21.693 2040966.559 0.067118484
21.783 2036652.169 0.067222029
21.872 2032348.737 0.067326446
21.962 2028056.336 0.067431728
22.052 2023775.042 0.067537872
22.143 2019504.930 0.067644872
22.233 2015246.074 0.067752722
22.323 2010998.551 0.067861419
22.414 2006762.438 0.067970955
22.504 2002537.810 0.068081327
22.595 1998324.745 0.068192528
22.686 1994123.320 0.068304552
22.777 1989933.615 0.068417395
22.868 1985755.706 0.068531051
22.959 1981589.674 0.068645513
23.050 1977435.597 0.068760777
23.142 1973293.556 0.068876835
23.233 1969163.630 0.068993682
23.325 1965045.900 0.069111312
23.416 1960940.447 0.069229718
23.508 1956847.353 0.069348894
23.600 1952766.699 0.069468834
23.691 1948698.569 0.069589531
23.783 1944643.044 0.069710978
23.875 1940600.208 0.069833170
23.967 1936570.145 0.069956098
24.059 1932552.939 0.070079756
24.152 1928548.674 0.070204137
24.244 1924557.435 0.070329233
24.336 1920579.308 0.070455038
24.429 1916614.379 0.070581544
24.521 1912662.732 0.070708743
24.614 1908724.456 0.070836628
24.706 1904799.637 0.070965191
24.799 1900888.363 0.071094423
24.891 1896990.722 0.071224318
24.984 1893106.801 0.071354867
25.077 1889236.689 0.071486061
25.169 1885380.476 0.071617892
25.262 1881538.251 0.071750352
25.355 1877710.104 0.071883431
25.448 1873896.126 0.072017122
25.541 1870096.406 0.072151414
25.634 1866311.036 0.072286299
25.727 1862540.107 0.072421768
25.819 1858783.712 0.072557811
25.912 1855041.942 0.072694419
26.005 1851314.891 0.072831582
26.098 1847602.650 0.072969289
26.191 1843905.314 0.073107532
26.284 1840222.976 0.073246299
26.377 1836555.731 0.073385581
26.470 1832903.672 0.073525367
26.563 1829266.895 0.073665646
26.655 1825645.495 0.073806408
26.748 1822039.567 0.073947642
26.841 1818449.208 0.074089336
26.934 1814874.512 0.074231479
27.026 1811315.578 0.074374060
27.119 1807772.501 0.074517067
27.212 1804245.380 0.074660488
27.304 1800734.311 0.074804311
27.397 1797239.392 0.074948525
27.489 1793760.721 0.075093117
27.582 1790298.398 0.075238073
27.674 1786852.520 0.075383383
27.766 1783423.187 0.075529033
27.858 1780010.497 0.075675009
27.950 1776614.552 0.075821299
28.042 1773235.449 0.075967890
28.134 1769873.290 0.076114767
28.226 1766528.175 0.076261917
28.317 1763200.204 0.076409327
28.409 1759889.478 0.076556981
28.500 1756596.099 0.076704867
28.591 1753320.167 0.076852968
28.682 1750061.785 0.077001272
28.773 1746821.053 0.077149763
28.864 1743598.074 0.077298425
28.955 1740392.950 0.077447245
29.045 1737205.784 0.077596205
29.135 1734036.677 0.077745292
29.226 1730885.732 0.077894489
29.316 1727753.053 0.078043781
29.405 1724638.742 0.078193151
29.495 1721542.902 0.078342583
29.584 1718465.637 0.078492060
29.673 1715407.049 0.078641567
29.762 1712367.243 0.078791086
29.851 1709346.321 0.078940601
29.940 1706344.388 0.079090093
30.028 1703361.547 0.079239547
30.116 1700397.901 0.079388944
30.204 1697453.556 0.079538267
30.291 1694528.614 0.079687498
30.379 1691623.179 0.079836619
30.466 1688737.356 0.079985612
30.552 1685871.248 0.080134459
30.639 1683024.959 0.080283140
30.725 1680198.593 0.080431639
30.811 1677392.254 0.080579935
30.896 1674606.046 0.080728010
30.982 1671840.073 0.080875844
31.067 1669094.437 0.081023419
31.151 1666369.244 0.081170715
31.235 1663664.596 0.081317713
31.319 1660980.597 0.081464392
31.403 1658317.350 0.081610734
31.486 1655674.958 0.081756717
31.569 1653053.524 0.081902323
31.651 1650453.151 0.082047530
31.733 1647873.943 0.082192319
31.815 1645316.000 0.082336668
31.896 1642779.426 0.082480558
31.977 1640264.322 0.082623968
32.057 1637770.791 0.082766876
32.137 1635298.934 0.082909263
32.217 1632848.852 0.083051106
32.296 1630420.646 0.083192385
32.374 1628014.417 0.083333078
32.453 1625630.265 0.083473165
32.530 1623268.290 0.083612624
32.608 1620928.593 0.083751433
32.684 1618611.272 0.083889571
32.760 1616316.426 0.084027016
32.836 1614044.154 0.084163747
32.911 1611794.553 0.084299741
32.986 1609567.723 0.084434978
33.060 1607363.760 0.084569435
33.133 1605182.760 0.084703090
33.206 1603024.821 0.084835922
33.279 1600890.037 0.084967908
33.351 1598778.505 0.085099026
33.422 1596690.318 0.085229256
33.493 1594625.572 0.085358574
33.563 1592584.360 0.085486958
33.632 1590566.775 0.085614387
33.701 1588572.909 0.085740839
33.769 1586602.855 0.085866292
33.837 1584656.703 0.085990723
33.904 1582734.545 0.086114112
33.970 1580836.469 0.086236435
34.035 1578962.565 0.086357671
34.100 1577112.922 0.086477799
34.165 1575287.628 0.086596797
34.228 1573486.769 0.086714643
34.291 1571710.432 0.086831315
34.353 1569958.702 0.086946792
34.414 1568231.663 0.087061053
34.475 1566529.401 0.087174077
34.535 1564851.997 0.087285841
34.594 1563199.534 0.087396326
34.652 1561572.093 0.087505509
34.710 1559969.755 0.087613372
34.767 1558392.599 0.087719891
34.823 1556840.704 0.087825048
34.878 1555314.147 0.087928821
34.933 1553813.005 0.088031191
34.986 1552337.354 0.088132138
35.039 1550887.268 0.088231641
35.091 1549462.822 0.088329680
35.142 1548064.088 0.088426237
35.193 1546691.137 0.088521292
35.242 1545344.041 0.088614826
35.291 1544022.868 0.088706820
35.338 1542727.688 0.088797255
35.385 1541458.567 0.088886114
35.431 1540215.572 0.088973377
35.476 1538998.767 0.089059026
35.520 1537808.217 0.089143046
35.564 1536643.985 0.089225416
35.606 1535506.132 0.089306122
35.647 1534394.718 0.089385145
35.688 1533309.802 0.089462469
35.727 1532251.443 0.089538079
35.766 1531219.697 0.089611957
35.804 1530214.619 0.089684088
35.840 1529236.264 0.089754458
35.876 1528284.684 0.089823050
35.911 1527359.932 0.089889851
35.944 1526462.056 0.089954846
35.977 1525591.107 0.090018020
36.009 1524747.131 0.090079361
36.040 1523930.175 0.090138854
36.069 1523140.284 0.090196488
36.098 1522377.502 0.090252249
36.126 1521641.869 0.090306125
36.153 1520933.428 0.090358105
36.178 1520252.217 0.090408177
36.203 1519598.274 0.090456330
36.227 1518971.636 0.090502553
36.249 1518372.338 0.090546837
36.271 1517800.413 0.090589171
36.291 1517255.893 0.090629546
36.311 1516738.809 0.090667953
36.329 1516249.191 0.090704383
36.347 1515787.065 0.090738829
36.363 1515352.458 0.090771283
36.378 1514945.396 0.090801737
36.392 1514565.900 0.090830184
36.406 1514213.993 0.090856620
36.418 1513889.695 0.090881036
36.429 1513593.025 0.090903428
36.438 1513323.999 0.090923792
36.447 1513082.634 0.090942122
36.455 1512868.944 0.090958414
36.462 1512682.940 0.090972664
36.467 1512524.635 0.090984870
36.472 1512394.037 0.090995029
36.475 1512291.155 0.091003139
36.477 1512215.994 0.091009197
36.479 1512168.561 0.091013202
36.479 1512148.857 0.091015154
36.478 1512156.885 0.091015053
36.476 1512192.646 0.091012897
36.473 1512256.137 0.091008688
36.468 1512347.355 0.091002428
36.463 1512466.297 0.090994116
36.457 1512612.956 0.090983756
36.449 1512787.325 0.090971350
36.441 1512989.394 0.090956900
36.431 1513219.153 0.090940411
36.420 1513476.590 0.090921885
36.408 1513761.691 0.090901327
36.396 1514074.441 0.090878742
36.382 1514414.823 0.090854136
36.367 1514782.818 0.090827512
36.351 1515178.408 0.090798879
36.333 1515601.569 0.090768242
36.315 1516052.281 0.090735608
36.296 1516530.518 0.090700985
36.276 1517036.255 0.090664380
36.254 1517569.464 0.090625802
36.232 1518130.116 0.090585260
36.208 1518718.181 0.090542763
36.184 1519333.628 0.090498319
36.158 1519976.423 0.090451940
36.132 1520646.532 0.090403636
36.104 1521343.918 0.090353417
36.076 1522068.545 0.090301294
36.046 1522820.372 0.090247279
36.015 1523599.361 0.090191385
35.984 1524405.468 0.090133623
35.951 1525238.651 0.090074006
35.918 1526098.866 0.090012548
35.883 1526986.067 0.089949261
35.847 1527900.206 0.089884160
35.811 1528841.235 0.089817258
35.773 1529809.105 0.089748570
35.735 1530803.763 0.089678112
35.695 1531825.158 0.089605897
35.655 1532873.235 0.089531943
35.614 1533947.941 0.089456263
35.572 1535049.217 0.089378876
35.528 1536177.008 0.089299796
35.484 1537331.254 0.089219041
35.439 1538511.895 0.089136628
35.393 1539718.870 0.089052573
35.347 1540952.117 0.088966895
35.299 1542211.572 0.088879612
35.250 1543497.171 0.088790741
35.201 1544808.847 0.088700300
35.151 1546146.534 0.088608309
35.100 1547510.164 0.088514786
35.048 1548899.667 0.088419749
34.995 1550314.974 0.088323219
34.941 1551756.012 0.088225215
34.887 1553222.711 0.088125756
34.831 1554714.995 0.088024861
34.775 1556232.792 0.087922552
34.718 1557776.026 0.087818849
34.661 1559344.620 0.087713770
34.602 1560938.497 0.087607338
34.543 1562557.580 0.087499573
34.483 1564201.788 0.087390495
34.422 1565871.041 0.087280125
34.361 1567565.260 0.087168485
34.298 1569284.362 0.087055596
34.236 1571028.264 0.086941478
34.172 1572796.883 0.086826154
34.107 1574590.135 0.086709645
34.042 1576407.935 0.086591972
33.977 1578250.196 0.086473157
33.910 1580116.833 0.086353222
33.843 1582007.757 0.086232188
33.775 1583922.881 0.086110078
33.707 1585862.115 0.085986913
33.638 1587825.371 0.085862715
33.568 1589812.558 0.085737507
33.498 1591823.586 0.085611309
33.427 1593858.362 0.085484145
33.356 1595916.795 0.085356036
33.284 1597998.792 0.085227005
33.211 1600104.260 0.085097073
33.138 1602233.105 0.084966262
33.064 1604385.233 0.084834595
32.989 1606560.548 0.084702093
32.914 1608758.955 0.084568778
32.839 1610980.358 0.084434673
32.763 1613224.662 0.084299800
32.686 1615491.768 0.084164179
32.609 1617781.580 0.084027834
32.532 1620094.000 0.083890786
32.454 1622428.929 0.083753056
32.375 1624786.269 0.083614666
32.296 1627165.922 0.083475638
32.217 1629567.787 0.083335994
32.137 1631991.765 0.083195754
32.057 1634437.757 0.083054940
31.976 1636905.661 0.082913574
31.895 1639395.378 0.082771677
31.813 1641906.805 0.082629269
31.731 1644439.843 0.082486371
31.648 1646994.390 0.082343005
31.566 1649570.343 0.082199191
31.482 1652167.602 0.082054950
31.399 1654786.063 0.081910303
31.315 1657425.625 0.081765269
31.230 1660086.185 0.081619869
31.146 1662767.641 0.081474123
31.061 1665469.890 0.081328051
30.975 1668192.829 0.081181673
30.889 1670936.354 0.081035009
30.803 1673700.363 0.080888078
30.717 1676484.752 0.080740899
30.630 1679289.419 0.080593493
30.543 1682114.258 0.080445878
30.456 1684959.169 0.080298072
30.368 1687824.045 0.080150096
30.281 1690708.785 0.080001967
30.193 1693613.285 0.079853704
30.104 1696537.440 0.079705325
30.016 1699481.148 0.079556849
29.927 1702444.304 0.079408294
29.838 1705426.806 0.079259676
29.748 1708428.550 0.079111015
29.659 1711449.433 0.078962328
29.569 1714489.350 0.078813631
29.479 1717548.199 0.078664942
29.389 1720625.877 0.078516278
29.298 1723722.281 0.078367656
29.208 1726837.307 0.078219093
29.117 1729970.852 0.078070604
29.026 1733122.815 0.077922206
28.935 1736293.092 0.077773916
28.844 1739481.581 0.077625749
28.752 1742688.179 0.077477720
28.661 1745912.784 0.077329846
28.569 1749155.295 0.077182142
28.477 1752415.610 0.077034623
28.385 1755693.626 0.076887304
28.293 1758989.243 0.076740200
28.201 1762302.359 0.076593325
28.108 1765632.874 0.076446695
28.016 1768980.686 0.076300322
27.923 1772345.696 0.076154222
27.831 1775727.802 0.076008409
27.738 1779126.905 0.075862895
27.645 1782542.904 0.075717695
27.552 1785975.702 0.075572822
27.459 1789425.197 0.075428290
27.366 1792891.292 0.075284111
27.273 1796373.887 0.075140298
27.179 1799872.884 0.074996864
27.086 1803388.185 0.074853822
26.993 1806919.692 0.074711184
26.899 1810467.307 0.074568961
26.806 1814030.934 0.074427167
26.712 1817610.476 0.074285813
26.619 1821205.835 0.074144910
26.525 1824816.916 0.074004470
26.432 1828443.623 0.073864505
26.338 1832085.859 0.073725026
26.245 1835743.531 0.073586043
26.151 1839416.543 0.073447568
26.057 1843104.800 0.073309611
25.964 1846808.208 0.073172183
25.870 1850526.674 0.073035294
25.776 1854260.104 0.072898955
25.683 1858008.405 0.072763175
25.589 1861771.484 0.072627965
25.495 1865549.249 0.072493334
25.402 1869341.608 0.072359292
25.308 1873148.469 0.072225849
25.215 1876969.741 0.072093013
25.121 1880805.334 0.071960794
25.028 1884655.156 0.071829202
24.934 1888519.119 0.071698244
24.841 1892397.131 0.071567930
24.747 1896289.104 0.071438269
24.654 1900194.950 0.071309268
24.561 1904114.579 0.071180937
24.467 1908047.905 0.071053283
24.374 1911994.838 0.070926316
24.281 1915955.292 0.070800042
24.188 1919929.180 0.070674469
24.095 1923916.416 0.070549606
24.002 1927916.914 0.070425461
23.909 1931930.588 0.070302040
23.816 1935957.353 0.070179350
23.724 1939997.125 0.070057401
23.631 1944049.819 0.069936197
23.538 1948115.351 0.069815748
23.446 1952193.638 0.069696059
23.353 1956284.597 0.069577138
23.261 1960388.146 0.069458990
23.169 1964504.201 0.069341624
23.077 1968632.683 0.069225045
22.985 1972773.508 0.069109261
22.893 1976926.596 0.068994276
22.801 1981091.868 0.068880099
22.709 1985269.242 0.068766734
22.617 1989458.640 0.068654188
22.526 1993659.982 0.068542468
22.434 1997873.190 0.068431578
22.343 2002098.184 0.068321525
22.252 2006334.889 0.068212315
22.160 2010583.225 0.068103953
22.069 2014843.116 0.067996445
21.978 2019114.485 0.067889797
21.888 2023397.257 0.067784014
21.797 2027691.356 0.067679102
21.706 2031996.706 0.067575065
21.616 2036313.232 0.067471910
21.526 2040640.861 0.067369641
21.435 2044979.518 0.067268264
21.345 2049329.130 0.067167783
21.255 2053689.623 0.067068205
21.165 2058060.925 0.066969533
21.076 2062442.964 0.066871773
20.986 2066835.667 0.066774930
20.897 2071238.964 0.066679009
20.807 2075652.784 0.066584014
20.718 2080077.055 0.066489950
20.629 2084511.709 0.066396823
20.540 2088956.674 0.066304636
20.451 2093411.882 0.066213394
20.363 2097877.264 0.066123103
20.274 2102352.752 0.066033766
20.186 2106838.277 0.065945389
20.097 2111333.772 0.065857976
20.009 2115839.169 0.065771531
0.0 0.0 0.0
0.0 0.0 0.0
0.0 0.0 0.0
0.0 0.0 0.0
0.0 0.0 0.0
0.0 0.0 0.0
0.0 0.0 0.0
0.0 0.0 0.0
0.0 0.0 0.0
0.0 0.0 0.0
0.0 0.0 0.0
0.0 0.0 0.0
0.0 0.0 0.0
0.0 0.0 0.0
0.0 0.0 0.0
0.0 0.0 0.0
0.0 0.0 0.0
0.0 0.0 0.0
0.0 0.0 0.0
0.0 0.0 0.0
0.0 0.0 0.0
0.0 0.0 0.0
0.0 0.0 0.0
0.0 0.0 0.0
0.0 0.0 0.0
0.0 0.0 0.0
0.0 0.0 0.0
0.0 0.0 0.0
5342403.178 0.008
5335810.639 0.008
5329243.980 0.008
5322703.323 0.008
5316188.791 0.008
5309700.506 0.008
5303238.590 0.008
5296803.164 0.008
5290394.353 0.008
5284012.277 0.008
5277657.059 0.008
5271328.822 0.008
5265027.689 0.008
5258753.781 0.008
5252507.222 0.008
5246288.134 0.009
5240096.639 0.009
5233932.860 0.009
5227796.920 0.009
5221688.942 0.009
5215609.047 0.009
5209557.359 0.009
5203534.000 0.009
5197539.093 0.009
5191572.759 0.009
5185635.122 0.009
5179726.304 0.009
5173846.427 0.009
5167995.613 0.009
5162173.984 0.009
5156381.663 0.009
5150618.772 0.009
5144885.431 0.009
5139181.764 0.009
5133507.891 0.009
5127863.934 0.009
5122250.015 0.009
5116666.255 0.009
5111112.775 0.009
5105589.695 0.009
5100097.137 0.009
5094635.222 0.009
5089204.069 0.009
5083803.799 0.009
5078434.531 0.009
5073096.387 0.009
5067789.485 0.009
5062513.945 0.009
5057269.885 0.009
5052057.426 0.009
5046876.685 0.009
5041727.781 0.009
5036610.832 0.009
5031525.956 0.009
5026473.271 0.009
5021452.894 0.009
5016464.942 0.009
5011509.531 0.009
5006586.778 0.009
5001696.800 0.009
4996839.711 0.009
4992015.627 0.009
4987224.663 0.009
4982466.934 0.009
4977742.554 0.009
4973051.637 0.009
4968394.296 0.009
4963770.645 0.010
4959180.796 0.010
4954624.860 0.010
4950102.951 0.010
4945615.180 0.010
4941161.656 0.010
4936742.492 0.010
4932357.796 0.010
4928007.678 0.010
4923692.247 0.010
4919411.612 0.010
4915165.881 0.010
4910955.160 0.010
4906779.558 0.010
4902639.180 0.010
4898534.131 0.010
4894464.519 0.010
4890430.446 0.010
4886432.017 0.010
4882469.337 0.010
4878542.506 0.010
4874651.628 0.010
4870796.805 0.010
4866978.138 0.010
4863195.726 0.010
4859449.670 0.010
4855740.068 0.010
4852067.020 0.010
4848430.622 0.010
4844830.972 0.010
4841268.166 0.010
4837742.300 0.010
4834253.468 0.010
4830801.765 0.010
4827387.284 0.010
4824010.117 0.010
4820670.358 0.010
4817368.096 0.010
4814103.422 0.010
4810876.425 0.010
4807687.195 0.010
4804535.818 0.010
4801422.383 0.010
4798346.976 0.010
4795309.681 0.010
4792310.584 0.010
4789349.768 0.010
4786427.316 0.010
4783543.310 0.010
4780697.831 0.010
4777890.959 0.010
4775122.774 0.010
4772393.353 0.010
4769702.774 0.010
4767051.114 0.010
4764438.449 0.010
4761864.852 0.010
4759330.397 0.010
4756835.158 0.010
4754379.205 0.010
4751962.610 0.010
4749585.442 0.010
4747247.770 0.010
4744949.661 0.010
4742691.183 0.010
4740472.400 0.010
4738293.378 0.010
4736154.180 0.010
4734054.868 0.010
4731995.504 0.010
4729976.148 0.010
4727996.860 0.010
4726057.698 0.010
4724158.719 0.010
4722299.978 0.011
4720481.532 0.011
4718703.433 0.011
4716965.735 0.011
4715268.489 0.011
4713611.745 0.011
4711995.553 0.011
4710419.961 0.011
4708885.016 0.011
4707390.764 0.011
4705937.250 0.011
4704524.516 0.011
4703152.606 0.011
4701821.561 0.011
4700531.421 0.011
4699282.224 0.011
4698074.008 0.011
4696906.809 0.011
4695780.664 0.011
4694695.605 0.011
4693651.666 0.011
4692648.878 0.011
4691687.272 0.011
4690766.877 0.011
4689887.720 0.011
4689049.829 0.011
4688253.228 0.011
4687497.943 0.011
4686783.996 0.011
4686111.408 0.011
4685480.201 0.011
4684890.393 0.011
4684342.003 0.011
4683835.047 0.011
4683369.541 0.011
4682945.498 0.011
4682562.933 0.011
4682221.856 0.011
4681922.278 0.011
4681664.208 0.011
4681447.654 0.011
4681272.622 0.011
4681139.119 0.011
4681047.148 0.011
4680996.711 0.011
4680987.812 0.011
4681020.448 0.011
4681094.621 0.011
4681210.327 0.011
4681367.562 0.011
4681566.323 0.011
4681806.603 0.011
4682088.394 0.011
4682411.689 0.011
4682776.477 0.011
4683182.746 0.011
4683630.485 0.011
4684119.680 0.011
4684650.316 0.011
4685222.377 0.011
4685835.845 0.011
4686490.702 0.011
4687186.928 0.011
4687924.500 0.011
4688703.398 0.011
4689523.598 0.011
4690385.073 0.011
4691287.799 0.011
4692231.748 0.011
4693216.891 0.011
4694243.198 0.011
4695310.638 0.011
4696419.180 0.011
4697568.789 0.011
4698759.430 0.011
4699991.069 0.011
4701263.667 0.011
4702577.186 0.011
4703931.588 0.011
4705326.830 0.011
4706762.872 0.011
4708239.670 0.011
4709757.180 0.011
4711315.357 0.011
4712914.154 0.011
4714553.524 0.011
4716233.417 0.011
4717953.784 0.011
4719714.573 0.011
4721515.733 0.011
4723357.209 0.010
4725238.948 0.010
4727160.894 0.010
4729122.991 0.010
4731125.180 0.010
4733167.402 0.010
4735249.598 0.010
4737371.708 0.010
4739533.667 0.010
4741735.415 0.010
4743976.886 0.010
4746258.015 0.010
4748578.736 0.010
4750938.982 0.010
4753338.684 0.010
4755777.774 0.010
4758256.181 0.010
4760773.833 0.010
4763330.659 0.010
4765926.586 0.010
4768561.538 0.010
4771235.441 0.010
4773948.219 0.010
4776699.795 0.010
4779490.091 0.010
4782319.028 0.010
4785186.526 0.010
4788092.505 0.010
4791036.883 0.010
4794019.577 0.010
4797040.504 0.010
4800099.581 0.010
4803196.721 0.010
4806331.839 0.010
4809504.849 0.010
4812715.663 0.010
4815964.192 0.010
4819250.347 0.010
4822574.038 0.010
4825935.175 0.010
4829333.666 0.010
4832769.418 0.010
4836242.339 0.010
4839752.334 0.010
4843299.310 0.010
4846883.170 0.010
4850503.819 0.010
4854161.161 0.010
4857855.097 0.010
4861585.530 0.010
4865352.360 0.010
4869155.489 0.010
4872994.816 0.010
4876870.241 0.010
4880781.662 0.010
4884728.977 0.010
4888712.084 0.010
4892730.878 0.010
4896785.258 0.010
4900875.117 0.010
4905000.351 0.010
4909160.854 0.010
4913356.521 0.010
4917587.244 0.010
4921852.917 0.010
4926153.431 0.010
4930488.679 0.010
4934858.551 0.010
4939262.939 0.010
4943701.732 0.010
4948174.820 0.010
4952682.093 0.010
4957223.440 0.010
4961798.748 0.010
4966407.906 0.009
4971050.802 0.009
4975727.322 0.009
4980437.353 0.009
4985180.782 0.009
4989957.494 0.009
4994767.374 0.009
4999610.309 0.009
5004486.183 0.009
5009394.880 0.009
5014336.284 0.009
5019310.280 0.009
5024316.750 0.009
5029355.577 0.009
5034426.646 0.009
5039529.837 0.009
5044665.033 0.009
5049832.117 0.009
5055030.970 0.009
5060261.473 0.009
5065523.508 0.009
5070816.955 0.009
5076141.695 0.009
5081497.608 0.009
5086884.576 0.009
5092302.477 0.009
5097751.193 0.009
5103230.601 0.009
5108740.583 0.009
5114281.016 0.009
5119851.781 0.009
5125452.757 0.009
5131083.821 0.009
5136744.853 0.009
5142435.731 0.009
5148156.334 0.009
5153906.540 0.009
5159686.227 0.009
5165495.273 0.009
5171333.557 0.009
5177200.956 0.009
5183097.347 0.009
5189022.610 0.009
5194976.620 0.009
5200959.257 0.009
5206970.397 0.009
5213009.918 0.009
5219077.697 0.009
5225173.613 0.009
5231297.542 0.009
5237449.362 0.009
5243628.949 0.009
5249836.183 0.009
5256070.939 0.008
5262333.096 0.008
5268622.531 0.008
5274939.120 0.008
5281282.743 0.008
5287653.276 0.008
5294050.596 0.008
5300474.582 0.008
5306925.111 0.008
5313402.061 0.008
5319905.309 0.008
5326434.733 0.008
5332990.211 0.008
5339571.622 0.008
0.0 0.0 0.0
0.0 0.0 0.0
0.0 0.0 0.0
0.0 0.0 0.0
0.0 0.0 0.0
0.0 0.0 0.0
0.0 0.0 0.0
0.0 0.0 0.0
0.0 0.0 0.0
0.0 0.0 0.0
0.0 0.0 0.0
0.0 0.0 0.0
0.0 0.0 0.0
0.0 0.0 0.0
0.0 0.0 0.0
0.0 0.0 0.0
0.0 0.0 0.0
0.0 0.0 0.0
0.0 0.0 0.0
0.0 0.0 0.0
0.0 0.0 0.0
0.0 0.0 0.0
0.0 0.0 0.0
0.0 0.0 0.0
0.0 0.0 0.0
0.0 0.0 0.0
0.0 0.0 0.0
0.0 0.0 0.0
0.0 0.0 0.0
0.0 0.0 0.0
0.0 0.0 0.0
0.0 0.0 0.0
0.0 0.0 0.0
0.0 0.0 0.0
0.0 0.0 0.0
0.0 0.0 0.0
0.0 0.0 0.0
0.0 0.0 0.0
0.0 0.0 0.0
0.0 0.0 0.0
0.0 0.0 0.0
0.0 0.0 0.0
0.0 0.0 0.0
20.013 2108440.166 0.066130800
20.059 2106105.471 0.066176130
20.104 2103791.461 0.066221366
20.149 2101498.206 0.066266500
20.194 2099225.776 0.066311522
20.238 2096974.241 0.066356423
20.282 2094743.670 0.066401194
20.326 2092534.132 0.066445827
20.370 2090345.695 0.066490312
20.413 2088178.427 0.066534640
20.455 2086032.396 0.066578802
20.498 2083907.669 0.066622789
20.540 2081804.313 0.066666594
20.582 2079722.394 0.066710205
20.623 2077661.979 0.066753616
20.664 2075623.133 0.066796817
20.705 2073605.921 0.066839798
20.745 2071610.407 0.066882553
20.785 2069636.657 0.066925071
20.824 2067684.733 0.066967345
20.863 2065754.700 0.067009365
20.902 2063846.620 0.067051123
20.941 2061960.555 0.067092611
20.979 2060096.567 0.067133820
21.016 2058254.718 0.067174742
21.054 2056435.067 0.067215368
21.090 2054637.677 0.067255689
21.127 2052862.605 0.067295699
21.163 2051109.912 0.067335388
21.199 2049379.656 0.067374748
21.234 2047671.895 0.067413771
21.269 2045986.687 0.067452450
21.303 2044324.088 0.067490775
21.337 2042684.155 0.067528740
21.371 2041066.943 0.067566336
21.404 2039472.508 0.067603555
21.437 2037900.904 0.067640391
21.469 2036352.185 0.067676834
21.501 2034826.404 0.067712878
21.532 2033323.614 0.067748515
21.563 2031843.866 0.067783737
21.594 2030387.213 0.067818538
21.624 2028953.704 0.067852909
21.654 2027543.390 0.067886844
21.683 2026156.319 0.067920335
21.712 2024792.541 0.067953376
21.740 2023452.104 0.067985960
21.768 2022135.053 0.068018079
21.795 2020841.437 0.068049726
21.822 2019571.300 0.068080896
21.849 2018324.687 0.068111582
21.875 2017101.643 0.068141776
21.900 2015902.212 0.068171473
21.925 2014726.436 0.068200666
21.950 2013574.357 0.068229349
21.974 2012446.016 0.068257516
21.998 2011341.454 0.068285161
22.021 2010260.710 0.068312277
22.043 2009203.824 0.068338860
22.066 2008170.833 0.068364903
22.087 2007161.775 0.068390401
22.109 2006176.686 0.068415348
22.129 2005215.603 0.068439739
22.150 2004278.558 0.068463569
22.169 2003365.588 0.068486832
22.189 2002476.725 0.068509523
22.207 2001612.001 0.068531638
22.226 2000771.448 0.068553172
22.243 1999955.096 0.068574120
22.260 1999162.976 0.068594477
22.277 1998395.116 0.068614239
22.293 1997651.544 0.068633402
22.309 1996932.288 0.068651962
22.324 1996237.374 0.068669914
22.339 1995566.828 0.068687254
22.353 1994920.673 0.068703979
22.367 1994298.934 0.068720085
22.380 1993701.633 0.068735569
22.392 1993128.793 0.068750427
22.405 1992580.434 0.068764655
22.416 1992056.577 0.068778251
22.427 1991557.240 0.068791212
22.438 1991082.442 0.068803534
22.448 1990632.200 0.068815216
22.457 1990206.530 0.068826254
22.466 1989805.449 0.068836645
22.474 1989428.971 0.068846389
22.482 1989077.109 0.068855481
22.490 1988749.875 0.068863922
22.496 1988447.283 0.068871707
22.503 1988169.343 0.068878837
22.508 1987916.064 0.068885308
22.514 1987687.455 0.068891120
22.518 1987483.526 0.068896272
22.522 1987304.282 0.068900761
22.526 1987149.729 0.068904588
22.529 1987019.874 0.068907751
22.532 1986914.720 0.068910249
22.534 1986834.271 0.068912082
22.535 1986778.528 0.068913249
22.536 1986747.494 0.068913750
22.536 1986741.169 0.068913585
22.536 1986759.552 0.068912754
22.536 1986802.642 0.068911257
22.534 1986870.436 0.068909094
22.533 1986962.932 0.068906266
22.530 1987080.124 0.068902773
22.527 1987222.008 0.068898616
22.524 1987388.578 0.068893795
22.520 1987579.826 0.068888312
22.516 1987795.744 0.068882168
22.511 1988036.323 0.068875364
22.505 1988301.554 0.068867901
22.499 1988591.425 0.068859781
22.493 1988905.925 0.068851007
22.486 1989245.040 0.068841578
22.478 1989608.758 0.068831499
22.470 1989997.063 0.068820770
22.461 1990409.941 0.068809394
22.452 1990847.373 0.068797373
22.442 1991309.344 0.068784710
22.432 1991795.835 0.068771408
22.421 1992306.827 0.068757470
22.410 1992842.298 0.068742897
22.398 1993402.230 0.068727694
22.386 1993986.599 0.068711864
22.373 1994595.382 0.068695410
22.359 1995228.556 0.068678335
22.346 1995886.097 0.068660644
22.331 1996567.978 0.068642339
22.316 1997274.174 0.068623425
22.301 1998004.656 0.068603906
22.285 1998759.398 0.068583785
22.268 1999538.369 0.068563068
22.251 2000341.541 0.068541758
22.234 2001168.881 0.068519861
22.216 2002020.359 0.068497379
22.197 2002895.943 0.068474320
22.178 2003795.598 0.068450686
22.159 2004719.292 0.068426484
22.139 2005666.988 0.068401718
22.119 2006638.651 0.068376393
22.098 2007634.245 0.068350515
22.076 2008653.732 0.068324089
22.054 2009697.073 0.068297122
22.032 2010764.231 0.068269617
22.009 2011855.165 0.068241582
21.986 2012969.834 0.068213022
21.962 2014108.198 0.068183942
21.937 2015270.214 0.068154350
21.913 2016455.839 0.068124251
21.887 2017665.029 0.068093651
21.862 2018897.741 0.068062558
21.835 2020153.929 0.068030976
21.809 2021433.547 0.067998913
21.782 2022736.549 0.067966376
21.754 2024062.887 0.067933370
21.726 2025412.514 0.067899904
21.697 2026785.380 0.067865984
21.669 2028181.436 0.067831616
21.639 2029600.633 0.067796808
21.609 2031042.918 0.067761567
21.579 2032508.242 0.067725901
21.548 2033996.552 0.067689816
21.517 2035507.794 0.067653320
21.486 2037041.917 0.067616420
21.454 2038598.865 0.067579124
21.421 2040178.583 0.067541440
21.388 2041781.018 0.067503375
21.355 2043406.112 0.067464936
21.321 2045053.810 0.067426133
21.287 2046724.054 0.067386971
21.253 2048416.786 0.067347460
21.218 2050131.948 0.067307608
21.183 2051869.482 0.067267422
21.147 2053629.328 0.067226910
21.111 2055411.426 0.067186081
21.074 2057215.715 0.067144943
21.037 2059042.135 0.067103503
21.000 2060890.624 0.067061772
20.962 2062761.120 0.067019755
20.924 2064653.561 0.066977463
20.886 2066567.883 0.066934904
20.847 2068504.023 0.066892085
20.808 2070461.916 0.066849016
20.768 2072441.499 0.066805705
20.728 2074442.707 0.066762160
20.688 2076465.473 0.066718391
20.647 2078509.733 0.066674405
20.606 2080575.419 0.066630212
20.565 2082662.465 0.066585821
20.523 2084770.805 0.066541239
20.481 2086900.370 0.066496477
20.439 2089051.093 0.066451542
20.396 2091222.905 0.066406443
20.353 2093415.737 0.066361190
20.309 2095629.521 0.066315791
20.266 2097864.188 0.066270255
20.222 2100119.666 0.066224591
20.177 2102395.886 0.066178809
20.132 2104692.779 0.066132916
20.087 2107010.272 0.066086922
20.042 2109348.295 0.066040836
