20.050 2114488.368 0.065775683
20.131 2110358.259 0.065855272
20.212 2106239.554 0.065935614
20.293 2102132.323 0.066016702
20.374 2098036.637 0.066098532
20.455 2093952.566 0.066181096
20.536 2089880.183 0.066264388
20.617 2085819.558 0.066348402
20.698 2081770.763 0.066433133
20.780 2077733.872 0.066518572
20.861 2073708.957 0.066604716
20.942 2069696.090 0.066691555
21.024 2065695.346 0.066779086
21.105 2061706.797 0.066867300
21.187 2057730.519 0.066956191
21.268 2053766.585 0.067045753
21.350 2049815.071 0.067135978
21.431 2045876.051 0.067226861
21.513 2041949.600 0.067318394
21.594 2038035.795 0.067410570
21.676 2034134.712 0.067503383
21.758 2030246.427 0.067596825
21.839 2026371.016 0.067690890
21.921 2022508.557 0.067785569
22.003 2018659.127 0.067880857
22.085 2014822.804 0.067976745
22.166 2010999.666 0.068073226
22.248 2007189.791 0.068170293
22.330 2003393.258 0.068267938
22.412 1999610.146 0.068366154
22.493 1995840.534 0.068464932
22.575 1992084.501 0.068564265
22.657 1988342.128 0.068664146
22.738 1984613.494 0.068764565
22.820 1980898.681 0.068865516
22.902 1977197.769 0.068966990
22.983 1973510.839 0.069068979
23.065 1969837.972 0.069171474
23.147 1966179.250 0.069274467
23.228 1962534.756 0.069377950
23.310 1958904.570 0.069481913
23.391 1955288.777 0.069586349
23.473 1951687.457 0.069691249
23.554 1948100.696 0.069796603
23.636 1944528.575 0.069902403
23.717 1940971.179 0.070008639
23.798 1937428.591 0.070115303
23.879 1933900.895 0.070222385
23.961 1930388.176 0.070329875
24.042 1926890.519 0.070437765
24.123 1923408.007 0.070546045
24.204 1919940.727 0.070654704
24.285 1916488.764 0.070763734
24.365 1913052.202 0.070873124
24.446 1909631.129 0.070982865
24.527 1906225.629 0.071092945
24.607 1902835.789 0.071203356
24.688 1899461.696 0.071314086
24.768 1896103.436 0.071425125
24.848 1892761.095 0.071536463
24.928 1889434.762 0.071648089
25.008 1886124.522 0.071759993
25.088 1882830.464 0.071872162
25.168 1879552.675 0.071984587
25.248 1876291.243 0.072097257
25.327 1873046.255 0.072210159
25.407 1869817.800 0.072323283
25.486 1866605.965 0.072436617
25.565 1863410.840 0.072550151
25.644 1860232.513 0.072663871
25.723 1857071.071 0.072777767
25.802 1853926.605 0.072891826
25.880 1850799.202 0.073006036
25.959 1847688.953 0.073120386
26.037 1844595.945 0.073234863
26.115 1841520.268 0.073349455
26.193 1838462.011 0.073464149
26.270 1835421.263 0.073578933
26.348 1832398.115 0.073693795
26.425 1829392.655 0.073808720
26.502 1826404.973 0.073923698
26.579 1823435.158 0.074038713
26.655 1820483.301 0.074153755
26.732 1817549.490 0.074268808
26.808 1814633.815 0.074383861
26.884 1811736.367 0.074498899
26.960 1808857.234 0.074613909
27.035 1805996.506 0.074728877
27.111 1803154.273 0.074843790
27.186 1800330.625 0.074958635
27.260 1797525.651 0.075073396
27.335 1794739.441 0.075188060
27.409 1791972.084 0.075302613
27.483 1789223.670 0.075417040
27.557 1786494.288 0.075531329
27.630 1783784.027 0.075645463
27.703 1781092.977 0.075759428
27.776 1778421.227 0.075873211
27.849 1775768.865 0.075986796
27.921 1773135.980 0.076100168
27.993 1770522.662 0.076213313
28.064 1767928.999 0.076326216
28.136 1765355.078 0.076438862
28.207 1762800.989 0.076551236
28.277 1760266.820 0.076663322
28.347 1757752.658 0.076775106
28.417 1755258.592 0.076886572
28.487 1752784.707 0.076997705
28.556 1750331.093 0.077108490
28.625 1747897.836 0.077218911
28.693 1745485.022 0.077328952
28.761 1743092.738 0.077438598
28.829 1740721.071 0.077547834
28.896 1738370.106 0.077656643
28.963 1736039.929 0.077765010
29.030 1733730.626 0.077872919
29.096 1731442.281 0.077980355
29.161 1729174.979 0.078087302
29.227 1726928.804 0.078193743
29.291 1724703.841 0.078299663
29.356 1722500.174 0.078405046
29.420 1720317.884 0.078509875
29.483 1718157.056 0.078614136
29.546 1716017.772 0.078717812
29.609 1713900.113 0.078820886
29.671 1711804.162 0.078923344
29.732 1709729.999 0.079025169
29.793 1707677.705 0.079126344
29.854 1705647.361 0.079226855
29.914 1703639.046 0.079326684
29.974 1701652.839 0.079425817
30.033 1699688.819 0.079524237
30.091 1697747.065 0.079621927
30.149 1695827.653 0.079718873
30.207 1693930.662 0.079815058
30.264 1692056.167 0.079910467
30.320 1690204.244 0.080005083
30.376 1688374.970 0.080098891
30.431 1686568.418 0.080191876
30.486 1684784.663 0.080284020
30.540 1683023.778 0.080375310
30.594 1681285.836 0.080465729
30.647 1679570.909 0.080555261
30.699 1677879.070 0.080643892
30.751 1676210.388 0.080731606
30.802 1674564.934 0.080818388
30.853 1672942.777 0.080904223
30.903 1671343.987 0.080989095
30.952 1669768.630 0.081072989
31.001 1668216.774 0.081155892
31.049 1666688.486 0.081237787
3519670.552 0.019
3516441.105 0.019
3513228.869 0.019
3510033.905 0.019
3506856.273 0.019
3503696.033 0.019
3500553.243 0.019
3497427.965 0.019
3494320.257 0.019
3491230.178 0.019
3488157.788 0.019
3485103.146 0.019
3482066.310 0.019
3479047.340 0.019
3476046.294 0.019
3473063.230 0.019
3470098.206 0.019
3467151.281 0.019
3464222.513 0.019
3461311.960 0.019
3458419.678 0.019
3455545.725 0.020
3452690.160 0.020
3449853.037 0.020
3447034.416 0.020
3444234.351 0.020
3441452.900 0.020
3438690.119 0.020
3435946.064 0.020
3433220.790 0.020
3430514.353 0.020
3427826.810 0.020
3425158.214 0.020
3422508.621 0.020
3419878.085 0.020
3417266.662 0.020
3414674.405 0.020
3412101.368 0.020
3409547.605 0.020
3407013.170 0.020
3404498.116 0.020
3402002.495 0.020
3399526.362 0.020
3397069.767 0.020
3394632.763 0.020
3392215.403 0.020
3389817.737 0.020
3387439.818 0.020
3385081.696 0.020
3382743.422 0.020
3380425.046 0.020
3378126.620 0.020
3375848.192 0.020
3373589.812 0.020
3371351.530 0.020
3369133.395 0.021
3366935.454 0.021
3364757.758 0.021
3362600.352 0.021
3360463.286 0.021
3358346.607 0.021
3356250.361 0.021
3354174.595 0.021
3352119.356 0.021
3350084.689 0.021
3348070.640 0.021
3346077.255 0.021
3344104.578 0.021
3342152.653 0.021
3340221.526 0.021
3338311.239 0.021
3336421.836 0.021
3334553.360 0.021
3332705.855 0.021
3330879.361 0.021
3329073.921 0.021
3327289.576 0.021
3325526.368 0.021
3323784.336 0.021
3322063.522 0.021
3320363.965 0.021
3318685.705 0.021
3317028.780 0.021
3315393.229 0.021
3313779.091 0.021
3312186.403 0.021
3310615.202 0.021
3309065.525 0.021
3307537.409 0.021
3306030.889 0.021
3304546.002 0.021
3303082.782 0.021
3301641.263 0.021
3300221.481 0.021
3298823.469 0.021
3297447.259 0.021
3296092.885 0.021
3294760.380 0.021
3293449.774 0.021
3292161.100 0.021
3290894.388 0.021
3289649.668 0.022
3288426.971 0.022
3287226.326 0.022
3286047.762 0.022
3284891.308 0.022
3283756.991 0.022
3282644.838 0.022
3281554.878 0.022
3280487.135 0.022
3279441.637 0.022
3278418.409 0.022
3277417.475 0.022
3276438.860 0.022
3275482.589 0.022
3274548.683 0.022
3273637.167 0.022
3272748.062 0.022
3271881.390 0.022
3271037.173 0.022
3270215.431 0.022
3269416.185 0.022
3268639.453 0.022
3267885.257 0.022
3267153.613 0.022
3266444.540 0.022
3265758.056 0.022
3265094.177 0.022
3264452.921 0.022
3263834.302 0.022
3263238.336 0.022
3262665.039 0.022
3262114.423 0.022
3261586.503 0.022
3261081.293 0.022
3260598.804 0.022
3260139.048 0.022
3259702.038 0.022
3259287.783 0.022
3258896.295 0.022
3258527.583 0.022
3258181.656 0.022
3257858.523 0.022
3257558.191 0.022
3257280.669 0.022
3257025.964 0.022
3256794.081 0.022
3256585.026 0.022
3256398.805 0.022
3256235.423 0.022
3256094.883 0.022
3255977.189 0.022
3255882.344 0.022
3255810.351 0.022
3255761.210 0.022
3255734.924 0.022
3255731.493 0.022
3255750.916 0.022
3255793.195 0.022
3255858.327 0.022
3255946.310 0.022
3256057.144 0.022
3256190.824 0.022
3256347.348 0.022
3256526.712 0.022
3256728.911 0.022
3256953.940 0.022
3257201.793 0.022
3257472.464 0.022
3257765.948 0.022
3258082.235 0.022
3258421.318 0.022
3258783.190 0.022
3259167.840 0.022
3259575.259 0.022
3260005.437 0.022
3260458.364 0.022
3260934.028 0.022
3261432.416 0.022
3261953.518 0.022
3262497.319 0.022
3263063.807 0.022
3263652.967 0.022
3264264.784 0.022
3264899.244 0.022
3265556.331 0.022
3266236.028 0.022
3266938.319 0.022
3267663.186 0.022
3268410.611 0.022
3269180.576 0.022
3269973.062 0.022
3270788.050 0.022
3271625.519 0.022
3272485.448 0.022
3273367.818 0.022
3274272.605 0.022
3275199.788 0.022
3276149.344 0.022
3277121.250 0.022
3278115.482 0.022
3279132.016 0.022
3280170.827 0.022
3281231.889 0.022
3282315.178 0.022
3283420.666 0.022
3284548.328 0.022
3285698.134 0.022
3286870.059 0.022
3288064.073 0.022
3289280.147 0.022
3290518.253 0.022
3291778.360 0.021
3293060.439 0.021
3294364.458 0.021
3295690.386 0.021
3297038.192 0.021
3298407.843 0.021
3299799.307 0.021
3301212.551 0.021
3302647.540 0.021
3304104.242 0.021
3305582.621 0.021
3307082.642 0.021
3308604.271 0.021
3310147.471 0.021
3311712.206 0.021
3313298.439 0.021
3314906.133 0.021
3316535.251 0.021
3318185.754 0.021
3319857.604 0.021
3321550.763 0.021
3323265.190 0.021
3325000.846 0.021
3326757.691 0.021
3328535.684 0.021
3330334.785 0.021
3332154.952 0.021
3333996.144 0.021
3335858.317 0.021
3337741.431 0.021
3339645.441 0.021
3341570.304 0.021
3343515.978 0.021
3345482.417 0.021
3347469.578 0.021
3349477.415 0.021
3351505.884 0.021
3353554.939 0.021
3355624.533 0.021
3357714.622 0.021
3359825.158 0.021
3361956.094 0.021
3364107.384 0.021
3366278.979 0.021
3368470.831 0.021
3370682.894 0.021
3372915.117 0.020
3375167.452 0.020
3377439.850 0.020
3379732.261 0.020
3382044.636 0.020
3384376.924 0.020
3386729.075 0.020
3389101.039 0.020
3391492.763 0.020
3393904.198 0.020
3396335.291 0.020
3398785.991 0.020
3401256.245 0.020
3403746.001 0.020
3406255.206 0.020
3408783.808 0.020
3411331.753 0.020
3413898.988 0.020
3416485.459 0.020
3419091.113 0.020
3421715.894 0.020
3424359.749 0.020
3427022.623 0.020
3429704.461 0.020
3432405.207 0.020
3435124.808 0.020
3437863.206 0.020
3440620.347 0.020
3443396.174 0.020
3446190.631 0.020
3449003.662 0.020
3451835.210 0.020
3454685.218 0.020
3457553.630 0.019
3460440.388 0.019
3463345.434 0.019
3466268.712 0.019
3469210.164 0.019
3472169.731 0.019
3475147.356 0.019
3478142.980 0.019
3481156.546 0.019
3484187.993 0.019
3487237.265 0.019
3490304.302 0.019
3493389.045 0.019
3496491.435 0.019
3499611.412 0.019
3502748.918 0.019
3505903.892 0.019
3509076.275 0.019
3512266.008 0.019
3515473.030 0.019
3518697.281 0.019
3521938.702 0.019
3525197.232 0.019
3528472.810 0.019
3531765.376 0.019
3535074.870 0.019
3538401.231 0.019
3541744.398 0.019
3545104.311 0.019
3548480.908 0.019
3551874.128 0.018
3555283.911 0.018
3558710.195 0.018
3562152.919 0.018
3565612.021 0.018
3569087.441 0.018
3572579.117 0.018
3576086.987 0.018
3579610.990 0.018
3583151.064 0.018
3586707.148 0.018
3590279.179 0.018
3593867.097 0.018
3597470.839 0.018
3601090.343 0.018
3604725.549 0.018
3608376.392 0.018
3612042.813 0.018
3615724.748 0.018
3619422.137 0.018
3623134.916 0.018
3626863.024 0.018
3630606.398 0.018
3634364.978 0.018
3638138.700 0.018
3641927.503 0.018
3645731.324 0.018
3649550.102 0.018
3653383.774 0.017
3657232.278 0.017
3661095.553 0.017
3664973.535 0.017
3668866.164 0.017
3672773.377 0.017
3676695.112 0.017
3680631.308 0.017
3684581.901 0.017
3688546.830 0.017
3692526.033 0.017
3696519.449 0.017
3700527.015 0.017
3704548.670 0.017
3708584.351 0.017
3712633.998 0.017
3716697.547 0.017
3720774.938 0.017
3724866.109 0.017
3728970.998 0.017
3733089.544 0.017
3737221.684 0.017
3741367.359 0.017
3745526.506 0.017
3749699.064 0.017
3753884.971 0.017
3758084.167 0.017
3762296.589 0.016
3766522.178 0.016
3770760.872 0.016
3775012.610 0.016
3779277.331 0.016
3783554.975 0.016
3787845.480 0.016
3792148.785 0.016
3796464.831 0.016
3800793.556 0.016
3805134.901 0.016
3809488.804 0.016
3813855.206 0.016
3818234.046 0.016
3822625.264 0.016
3827028.799 0.016
3831444.593 0.016
3835872.585 0.016
3840312.716 0.016
3844764.925 0.016
3849229.153 0.016
3853705.341 0.016
3858193.428 0.016
3862693.357 0.016
3867205.067 0.016
3871728.500 0.016
3876263.596 0.016
3880810.297 0.016
3885368.543 0.015
3889938.277 0.015
3894519.439 0.015
3899111.971 0.015
3903715.815 0.015
3908330.912 0.015
3912957.204 0.015
3917594.633 0.015
3922243.142 0.015
3926902.672 0.015
3931573.165 0.015
3936254.565 0.015
3940946.813 0.015
3945649.853 0.015
3950363.627 0.015
3955088.078 0.015
3959823.148 0.015
3964568.782 0.015
3969324.922 0.015
3974091.512 0.015
3978868.495 0.015
3983655.815 0.015
3988453.416 0.015
3993261.241 0.015
3998079.235 0.015
4002907.341 0.015
4007745.505 0.015
4012593.669 0.015
4017451.780 0.014
4022319.781 0.014
4027197.617 0.014
4032085.234 0.014
4036982.576 0.014
4041889.588 0.014
4046806.217 0.014
4051732.406 0.014
4056668.103 0.014
4061613.252 0.014
4066567.799 0.014
4071531.691 0.014
4076504.874 0.014
4081487.293 0.014
4086478.896 0.014
4091479.629 0.014
4096489.438 0.014
4101508.270 0.014
4106536.073 0.014
4111572.794 0.014
4116618.379 0.014
4121672.777 0.014
4126735.934 0.014
4131807.798 0.014
4136888.318 0.014
4141977.440 0.014
4147075.114 0.014
4152181.288 0.014
4157295.909 0.014
4162418.927 0.013
4167550.290 0.013
4172689.947 0.013
4177837.847 0.013
4182993.939 0.013
4188158.172 0.013
4193330.496 0.013
4198510.860 0.013
4203699.214 0.013
4208895.508 0.013
4214099.692 0.013
4219311.715 0.013
4224531.529 0.013
4229759.083 0.013
4234994.328 0.013
4240237.215 0.013
4245487.695 0.013
4250745.719 0.013
4256011.237 0.013
4261284.202 0.013
4266564.564 0.013
4271852.276 0.013
4277147.288 0.013
4282449.553 0.013
4287759.023 0.013
4293075.650 0.013
4298399.386 0.013
4303730.184 0.013
4309067.997 0.013
4314412.776 0.013
4319764.476 0.013
4325123.049 0.013
4330488.448 0.012
4335860.627 0.012
4341239.539 0.012
4346625.137 0.012
4352017.376 0.012
4357416.210 0.012
4362821.592 0.012
4368233.477 0.012
4373651.819 0.012
4379076.573 0.012
4384507.692 0.012
4389945.133 0.012
4395388.850 0.012
4400838.798 0.012
4406294.932 0.012
4411757.208 0.012
4417225.581 0.012
4422700.007 0.012
4428180.441 0.012
4433666.840 0.012
4439159.160 0.012
4444657.356 0.012
4450161.386 0.012
4455671.206 0.012
4461186.772 0.012
4466708.041 0.012
4472234.970 0.012
4477767.517 0.012
4483305.638 0.012
4488849.291 0.012
4494398.433 0.012
4499953.022 0.012
4505513.016 0.012
4511078.373 0.012
4516649.050 0.011
4522225.007 0.011
4527806.200 0.011
4533392.590 0.011
4538984.134 0.011
4544580.790 0.011
4550182.519 0.011
4555789.279 0.011
4561401.030 0.011
4567017.730 0.011
1686934.489 0.079
1695392.370 0.079
1703878.349 0.078
1712391.974 0.077
1720932.803 0.076
1729500.398 0.076
1738094.330 0.075
1746714.175 0.074
1755359.519 0.073
1764029.952 0.073
1772725.071 0.072
1781444.481 0.071
1790187.793 0.071
1798954.623 0.070
1807744.595 0.069
1816557.337 0.069
1825392.486 0.068
1834249.682 0.068
1843128.574 0.067
1852028.812 0.066
1860950.057 0.066
1869891.973 0.065
1878854.228 0.064
1887836.497 0.064
1896838.462 0.063
1905859.807 0.063
1914900.222 0.062
1923959.404 0.062
1933037.052 0.061
1942132.871 0.060
1951246.573 0.060
1960377.870 0.059
1969526.482 0.059
1978692.134 0.058
1987874.552 0.058
1997073.470 0.057
2006288.624 0.057
2015519.756 0.056
2024766.609 0.056
2034028.933 0.055
2043306.481 0.055
2052599.010 0.054
2061906.281 0.054
2071228.058 0.053
2080564.109 0.053
2089914.206 0.052
2099278.124 0.052
2108655.643 0.052
2118046.544 0.051
2127450.614 0.051
2136867.640 0.050
2146297.416 0.050
2155739.737 0.049
2165194.400 0.049
2174661.209 0.049
2184139.968 0.048
2193630.483 0.048
2203132.566 0.047
2212646.030 0.047
2222170.692 0.047
2231706.370 0.046
2241252.885 0.046
2250810.063 0.045
2260377.730 0.045
2269955.716 0.045
2279543.853 0.044
2289141.975 0.044
2298749.919 0.044
2308367.525 0.043
2317994.634 0.043
2327631.090 0.042
2337276.740 0.042
2346931.432 0.042
2356595.017 0.041
2366267.347 0.041
2375948.278 0.041
2385637.666 0.040
2395335.371 0.040
2405041.253 0.040
2414755.176 0.040
2424477.004 0.039
2434206.604 0.039
2443943.845 0.039
2453688.598 0.038
2463440.735 0.038
2473200.129 0.038
2482966.657 0.037
2492740.196 0.037
2502520.625 0.037
2512307.825 0.037
2522101.679 0.036
2531902.070 0.036
2541708.885 0.036
2551522.010 0.035
2561341.334 0.035
2571166.746 0.035
2580998.140 0.035
2590835.407 0.034
2600678.442 0.034
2610527.141 0.034
2620381.401 0.034
2630241.120 0.033
2640106.199 0.033
2649976.537 0.033
2659852.039 0.033
2669732.607 0.032
2679618.146 0.032
2689508.563 0.032
2699403.764 0.032
2709303.658 0.032
2719208.154 0.031
2729117.163 0.031
2739030.597 0.031
2748948.369 0.031
2758870.393 0.030
2768796.584 0.030
2778726.857 0.030
2788661.130 0.030
2798599.321 0.030
2808541.349 0.029
2818487.134 0.029
2828436.597 0.029
2838389.660 0.029
2848346.246 0.029
2858306.278 0.028
2868269.681 0.028
2878236.381 0.028
2888206.304 0.028
2898179.378 0.028
2908155.530 0.027
2918134.690 0.027
2928116.786 0.027
2938101.750 0.027
2948089.513 0.027
2958080.008 0.027
2968073.166 0.026
2978068.921 0.026
2988067.209 0.026
2998067.963 0.026
3008071.120 0.026
3018076.616 0.026
3028084.389 0.025
3038094.376 0.025
3048106.515 0.025
3058120.747 0.025
3068137.010 0.025
3078155.246 0.025
3088175.395 0.024
3098197.399 0.024
3108221.201 0.024
3118246.743 0.024
3128273.969 0.024
3138302.823 0.024
3148333.250 0.023
3158365.196 0.023
3168398.605 0.023
3178433.425 0.023
3188469.601 0.023
3198507.083 0.023
3208545.817 0.023
3218585.753 0.022
3228626.839 0.022
3238669.024 0.022
3248712.259 0.022
3258756.495 0.022
3268801.682 0.022
3278847.771 0.022
3288894.715 0.022
3298942.466 0.021
3308990.977 0.021
3319040.201 0.021
3329090.092 0.021
3339140.603 0.021
3349191.691 0.021
3359243.308 0.021
3369295.412 0.021
3379347.958 0.020
3389400.901 0.020
3399454.200 0.020
3409507.809 0.020
3419561.688 0.020
3429615.794 0.020
3439670.085 0.020
3449724.520 0.020
3459779.056 0.019
3469833.655 0.019
3479888.275 0.019
3489942.876 0.019
3499997.419 0.019
3510051.864 0.019
3520106.172 0.019
3530160.305 0.019
3540214.224 0.019
3550267.891 0.019
3560321.268 0.018
3570374.319 0.018
3580427.005 0.018
3590479.291 0.018
3600531.139 0.018
3610582.514 0.018
3620633.379 0.018
3630683.699 0.018
3640733.438 0.018
3650782.563 0.018
3660831.037 0.017
3670878.826 0.017
3680925.896 0.017
3690972.213 0.017
3701017.744 0.017
3711062.455 0.017
3721106.312 0.017
3731149.283 0.017
3741191.335 0.017
3751232.436 0.017
3761272.554 0.017
3771311.656 0.016
3781349.711 0.016
3791386.687 0.016
3801422.553 0.016
3811457.279 0.016
3821490.832 0.016
3831523.184 0.016
3841554.302 0.016
3851584.158 0.016
3861612.721 0.016
3871639.962 0.016
3881665.850 0.016
3891690.357 0.015
3901713.454 0.015
3911735.111 0.015
3921755.301 0.015
3931773.994 0.015
3941791.162 0.015
3951806.777 0.015
3961820.811 0.015
3971833.236 0.015
3981844.025 0.015
3991853.150 0.015
4001860.585 0.015
4011866.301 0.015
4021870.273 0.014
4031872.473 0.014
4041872.875 0.014
4051871.453 0.014
4061868.181 0.014
4071863.031 0.014
4081855.980 0.014
4091847.000 0.014
4101836.067 0.014
4111823.154 0.014
4121808.237 0.014
4131791.291 0.014
4141772.291 0.014
4151751.212 0.014
4161728.028 0.013
4171702.717 0.013
4181675.253 0.013
4191645.613 0.013
4201613.772 0.013
4211579.706 0.013
4221543.391 0.013
4231504.805 0.013
4241463.923 0.013
4251420.722 0.013
4261375.179 0.013
4271327.270 0.013
4281276.973 0.013
4291224.265 0.013
4301169.123 0.013
4311111.524 0.013
4321051.446 0.013
4330988.867 0.012
4340923.765 0.012
4350856.116 0.012
4360785.900 0.012
4370713.094 0.012
4380637.676 0.012
4390559.626 0.012
4400478.921 0.012
4410395.539 0.012
4420309.460 0.012
4430220.663 0.012
4440129.125 0.012
4450034.827 0.012
4459937.747 0.012
4469837.865 0.012
4479735.159 0.012
4489629.609 0.012
4499521.195 0.012
4509409.897 0.012
4519295.693 0.011
4529178.564 0.011
4539058.489 0.011
4548935.449 0.011
4558809.424 0.011
4568680.394 0.011
4578548.339 0.011
4588413.239 0.011
4598275.075 0.011
4608133.828 0.011
4617989.478 0.011
4627842.005 0.011
4637691.392 0.011
4647537.617 0.011
4657380.663 0.011
4667220.511 0.011
4677057.141 0.011
4686890.535 0.011
4696720.675 0.011
4706547.540 0.011
4716371.114 0.011
4726191.377 0.010
4736008.312 0.010
4745821.899 0.010
4755632.121 0.010
4765438.960 0.010
4775242.396 0.010
4785042.413 0.010
4794838.993 0.010
4804632.117 0.010
4814421.768 0.010
4824207.928 0.010
4833990.580 0.010
4843769.706 0.010
4853545.287 0.010
4863317.308 0.010
4873085.751 0.010
4882850.597 0.010
4892611.831 0.010
4902369.435 0.010
4912123.391 0.010
4921873.683 0.010
4931620.294 0.010
4941363.207 0.010
4951102.405 0.010
4960837.871 0.010
4970569.588 0.009
4980297.541 0.009
4990021.712 0.009
4999742.084 0.009
5009458.642 0.009
5019171.369 0.009
5028880.248 0.009
5038585.263 0.009
5048286.398 0.009
5057983.637 0.009
5067676.964 0.009
5077366.362 0.009
5087051.815 0.009
5096733.309 0.009
5106410.825 0.009
5116084.350 0.009
5125753.867 0.009
5135419.360 0.009
5145080.813 0.009
5154738.211 0.009
5164391.539 0.009
5174040.780 0.009
5183685.920 0.009
5193326.942 0.009
5202963.832 0.009
5212596.574 0.009
5222225.153 0.009
5231849.553 0.009
5241469.760 0.009
5251085.758 0.009
5260697.532 0.008
5270305.067 0.008
5279908.348 0.008
5289507.360 0.008
5299102.089 0.008
5308692.519 0.008
5318278.635 0.008
5327860.423 0.008
0.0 0.0 0.0
0.0 0.0 0.0
0.0 0.0 0.0
0.0 0.0 0.0
0.0 0.0 0.0
0.0 0.0 0.0
0.0 0.0 0.0
0.0 0.0 0.0
0.0 0.0 0.0
0.0 0.0 0.0
0.0 0.0 0.0
0.0 0.0 0.0
0.0 0.0 0.0
0.0 0.0 0.0
0.0 0.0 0.0
0.0 0.0 0.0
0.0 0.0 0.0
0.0 0.0 0.0
0.0 0.0 0.0
0.0 0.0 0.0
0.0 0.0 0.0
0.0 0.0 0.0
0.0 0.0 0.0
0.0 0.0 0.0
0.0 0.0 0.0
0.0 0.0 0.0
0.0 0.0 0.0
0.0 0.0 0.0
0.0 0.0 0.0
0.0 0.0 0.0
0.0 0.0 0.0
0.0 0.0 0.0
0.0 0.0 0.0
0.0 0.0 0.0
0.0 0.0 0.0
0.0 0.0 0.0
0.0 0.0 0.0
0.0 0.0 0.0
0.0 0.0 0.0
0.0 0.0 0.0
0.0 0.0 0.0
0.0 0.0 0.0
0.0 0.0 0.0
0.0 0.0 0.0
0.0 0.0 0.0
0.0 0.0 0.0
0.0 0.0 0.0
0.0 0.0 0.0
0.0 0.0 0.0
0.0 0.0 0.0
0.0 0.0 0.0
0.0 0.0 0.0
0.0 0.0 0.0
0.0 0.0 0.0
0.0 0.0 0.0
0.0 0.0 0.0
0.0 0.0 0.0
0.0 0.0 0.0
0.0 0.0 0.0
0.0 0.0 0.0
0.0 0.0 0.0
0.0 0.0 0.0
0.0 0.0 0.0
0.0 0.0 0.0
0.0 0.0 0.0
0.0 0.0 0.0
0.0 0.0 0.0
0.0 0.0 0.0
0.0 0.0 0.0
0.0 0.0 0.0
0.0 0.0 0.0
0.0 0.0 0.0
0.0 0.0 0.0
0.0 0.0 0.0
0.0 0.0 0.0
0.0 0.0 0.0
0.0 0.0 0.0
0.0 0.0 0.0
0.0 0.0 0.0
0.0 0.0 0.0
0.0 0.0 0.0
0.0 0.0 0.0
0.0 0.0 0.0
0.0 0.0 0.0
0.0 0.0 0.0
0.0 0.0 0.0
0.0 0.0 0.0
0.0 0.0 0.0
0.0 0.0 0.0
0.0 0.0 0.0
0.0 0.0 0.0
0.0 0.0 0.0
0.0 0.0 0.0
0.0 0.0 0.0
0.0 0.0 0.0
0.0 0.0 0.0
0.0 0.0 0.0
0.0 0.0 0.0
0.0 0.0 0.0
0.0 0.0 0.0
0.0 0.0 0.0
0.0 0.0 0.0
0.0 0.0 0.0
0.0 0.0 0.0
0.0 0.0 0.0
0.0 0.0 0.0
0.0 0.0 0.0
0.0 0.0 0.0
0.0 0.0 0.0
0.0 0.0 0.0
0.0 0.0 0.0
0.0 0.0 0.0
0.0 0.0 0.0
0.0 0.0 0.0
0.0 0.0 0.0
0.0 0.0 0.0
0.0 0.0 0.0
0.0 0.0 0.0
0.0 0.0 0.0
0.0 0.0 0.0
0.0 0.0 0.0
0.0 0.0 0.0
0.0 0.0 0.0
0.0 0.0 0.0
0.0 0.0 0.0
0.0 0.0 0.0
0.0 0.0 0.0
0.0 0.0 0.0
0.0 0.0 0.0
0.0 0.0 0.0
0.0 0.0 0.0
0.0 0.0 0.0
0.0 0.0 0.0
0.0 0.0 0.0
0.0 0.0 0.0
0.0 0.0 0.0
0.0 0.0 0.0
0.0 0.0 0.0
0.0 0.0 0.0
0.0 0.0 0.0
0.0 0.0 0.0
0.0 0.0 0.0
0.0 0.0 0.0
0.0 0.0 0.0
0.0 0.0 0.0
0.0 0.0 0.0
0.0 0.0 0.0
0.0 0.0 0.0
0.0 0.0 0.0
0.0 0.0 0.0
0.0 0.0 0.0
0.0 0.0 0.0
0.0 0.0 0.0
0.0 0.0 0.0
0.0 0.0 0.0
0.0 0.0 0.0
0.0 0.0 0.0
0.0 0.0 0.0
0.0 0.0 0.0
0.0 0.0 0.0
0.0 0.0 0.0
0.0 0.0 0.0
0.0 0.0 0.0
0.0 0.0 0.0
0.0 0.0 0.0
0.0 0.0 0.0
0.0 0.0 0.0
0.0 0.0 0.0
0.0 0.0 0.0
0.0 0.0 0.0
0.0 0.0 0.0
0.0 0.0 0.0
0.0 0.0 0.0
0.0 0.0 0.0
0.0 0.0 0.0
0.0 0.0 0.0
0.0 0.0 0.0
0.0 0.0 0.0
0.0 0.0 0.0
0.0 0.0 0.0
0.0 0.0 0.0
0.0 0.0 0.0
0.0 0.0 0.0
0.0 0.0 0.0
0.0 0.0 0.0
0.0 0.0 0.0
0.0 0.0 0.0
0.0 0.0 0.0
0.0 0.0 0.0
0.0 0.0 0.0
0.0 0.0 0.0
0.0 0.0 0.0
0.0 0.0 0.0
0.0 0.0 0.0
0.0 0.0 0.0
0.0 0.0 0.0
0.0 0.0 0.0
0.0 0.0 0.0
0.0 0.0 0.0
0.0 0.0 0.0
0.0 0.0 0.0
0.0 0.0 0.0
0.0 0.0 0.0
0.0 0.0 0.0
0.0 0.0 0.0
0.0 0.0 0.0
0.0 0.0 0.0
0.0 0.0 0.0
0.0 0.0 0.0
0.0 0.0 0.0
0.0 0.0 0.0
0.0 0.0 0.0
0.0 0.0 0.0
0.0 0.0 0.0
0.0 0.0 0.0
0.0 0.0 0.0
0.0 0.0 0.0
0.0 0.0 0.0
0.0 0.0 0.0
0.0 0.0 0.0
0.0 0.0 0.0
0.0 0.0 0.0
0.0 0.0 0.0
0.0 0.0 0.0
0.0 0.0 0.0
0.0 0.0 0.0
0.0 0.0 0.0
0.0 0.0 0.0
0.0 0.0 0.0
0.0 0.0 0.0
0.0 0.0 0.0
0.0 0.0 0.0
0.0 0.0 0.0
0.0 0.0 0.0
0.0 0.0 0.0
0.0 0.0 0.0
0.0 0.0 0.0
0.0 0.0 0.0
0.0 0.0 0.0
0.0 0.0 0.0
0.0 0.0 0.0
0.0 0.0 0.0
0.0 0.0 0.0
0.0 0.0 0.0
0.0 0.0 0.0
0.0 0.0 0.0
0.0 0.0 0.0
0.0 0.0 0.0
0.0 0.0 0.0
0.0 0.0 0.0
0.0 0.0 0.0
0.0 0.0 0.0
0.0 0.0 0.0
0.0 0.0 0.0
0.0 0.0 0.0
0.0 0.0 0.0
0.0 0.0 0.0
0.0 0.0 0.0
0.0 0.0 0.0
0.0 0.0 0.0
0.0 0.0 0.0
0.0 0.0 0.0
0.0 0.0 0.0
0.0 0.0 0.0
0.0 0.0 0.0
0.0 0.0 0.0
0.0 0.0 0.0
0.0 0.0 0.0
0.0 0.0 0.0
0.0 0.0 0.0
0.0 0.0 0.0
0.0 0.0 0.0
0.0 0.0 0.0
0.0 0.0 0.0
0.0 0.0 0.0
0.0 0.0 0.0
0.0 0.0 0.0
0.0 0.0 0.0
0.0 0.0 0.0
0.0 0.0 0.0
0.0 0.0 0.0
0.0 0.0 0.0
0.0 0.0 0.0
0.0 0.0 0.0
0.0 0.0 0.0
0.0 0.0 0.0
0.0 0.0 0.0
0.0 0.0 0.0
0.0 0.0 0.0
0.0 0.0 0.0
0.0 0.0 0.0
0.0 0.0 0.0
0.0 0.0 0.0
0.0 0.0 0.0
0.0 0.0 0.0
0.0 0.0 0.0
0.0 0.0 0.0
0.0 0.0 0.0
0.0 0.0 0.0
0.0 0.0 0.0
0.0 0.0 0.0
0.0 0.0 0.0
0.0 0.0 0.0
0.0 0.0 0.0
0.0 0.0 0.0
0.0 0.0 0.0
0.0 0.0 0.0
0.0 0.0 0.0
0.0 0.0 0.0
0.0 0.0 0.0
0.0 0.0 0.0
0.0 0.0 0.0
0.0 0.0 0.0
0.0 0.0 0.0
0.0 0.0 0.0
0.0 0.0 0.0
0.0 0.0 0.0
0.0 0.0 0.0
0.0 0.0 0.0
0.0 0.0 0.0
0.0 0.0 0.0
0.0 0.0 0.0
0.0 0.0 0.0
0.0 0.0 0.0
0.0 0.0 0.0
0.0 0.0 0.0
0.0 0.0 0.0
0.0 0.0 0.0
0.0 0.0 0.0
0.0 0.0 0.0
0.0 0.0 0.0
0.0 0.0 0.0
0.0 0.0 0.0
0.0 0.0 0.0
0.0 0.0 0.0
0.0 0.0 0.0
0.0 0.0 0.0
0.0 0.0 0.0
0.0 0.0 0.0
0.0 0.0 0.0
0.0 0.0 0.0
0.0 0.0 0.0
0.0 0.0 0.0
0.0 0.0 0.0
0.0 0.0 0.0
0.0 0.0 0.0
0.0 0.0 0.0
0.0 0.0 0.0
0.0 0.0 0.0
0.0 0.0 0.0
0.0 0.0 0.0
0.0 0.0 0.0
0.0 0.0 0.0
0.0 0.0 0.0
0.0 0.0 0.0
0.0 0.0 0.0
0.0 0.0 0.0
0.0 0.0 0.0
0.0 0.0 0.0
0.0 0.0 0.0
0.0 0.0 0.0
0.0 0.0 0.0
0.0 0.0 0.0
0.0 0.0 0.0
0.0 0.0 0.0
0.0 0.0 0.0
0.0 0.0 0.0
0.0 0.0 0.0
0.0 0.0 0.0
0.0 0.0 0.0
0.0 0.0 0.0
0.0 0.0 0.0
0.0 0.0 0.0
0.0 0.0 0.0
0.0 0.0 0.0
0.0 0.0 0.0
0.0 0.0 0.0
0.0 0.0 0.0
0.0 0.0 0.0
5331555.321 0.008
5320207.770 0.008
5308864.544 0.008
5297525.718 0.008
5286191.364 0.008
5274861.558 0.008
5263536.373 0.008
5252215.885 0.008
5240900.170 0.009
5229589.302 0.009
5218283.361 0.009
5206982.421 0.009
5195686.562 0.009
5184395.862 0.009
5173110.400 0.009
5161830.254 0.009
5150555.505 0.009
5139286.234 0.009
5128022.521 0.009
5116764.449 0.009
5105512.100 0.009
5094265.556 0.009
5083024.901 0.009
5071790.219 0.009
5060561.595 0.009
5049339.114 0.009
5038122.862 0.009
5026912.925 0.009
5015709.391 0.009
5004512.347 0.009
4993321.882 0.009
4982138.084 0.009
4970961.044 0.009
4959790.852 0.010
4948627.598 0.010
4937471.375 0.010
4926322.275 0.010
4915180.390 0.010
4904045.815 0.010
4892918.644 0.010
4881798.972 0.010
4870686.894 0.010
4859582.508 0.010
4848485.910 0.010
4837397.199 0.010
4826316.473 0.010
4815243.831 0.010
4804179.373 0.010
4793123.202 0.010
4782075.417 0.010
4771036.122 0.010
4760005.420 0.010
4748983.414 0.010
4737970.210 0.010
4726965.912 0.010
4715970.628 0.011
4704984.464 0.011
4694007.529 0.011
4683039.931 0.011
4672081.779 0.011
4661133.185 0.011
4650194.258 0.011
4639265.113 0.011
4628345.860 0.011
4617436.615 0.011
4606537.492 0.011
4595648.606 0.011
4584770.074 0.011
4573902.014 0.011
4563044.543 0.011
4552197.781 0.011
4541361.847 0.011
4530536.864 0.011
4519722.952 0.011
4508920.234 0.012
4498128.835 0.012
4487348.879 0.012
4476580.493 0.012
4465823.801 0.012
4455078.934 0.012
4444346.018 0.012
4433625.184 0.012
4422916.563 0.012
4412220.285 0.012
4401536.485 0.012
4390865.296 0.012
4380206.851 0.012
4369561.289 0.012
4358928.744 0.012
4348309.356 0.012
4337703.264 0.012
4327110.607 0.012
4316531.526 0.013
4305966.165 0.013
4295414.666 0.013
4284877.175 0.013
4274353.836 0.013
4263844.797 0.013
4253350.206 0.013
4242870.212 0.013
4232404.965 0.013
4221954.617 0.013
4211519.320 0.013
4201099.228 0.013
4190694.496 0.013
4180305.282 0.013
4169931.741 0.013
4159574.033 0.014
4149232.318 0.014
4138906.757 0.014
4128597.512 0.014
4118304.748 0.014
4108028.629 0.014
4097769.321 0.014
4087526.992 0.014
4077301.812 0.014
4067093.950 0.014
4056903.577 0.014
4046730.868 0.014
4036575.995 0.014
4026439.134 0.014
4016320.463 0.014
4006220.159 0.015
3996138.402 0.015
3986075.374 0.015
3976031.256 0.015
3966006.233 0.015
3956000.490 0.015
3946014.212 0.015
3936047.590 0.015
3926100.811 0.015
3916174.067 0.015
3906267.551 0.015
3896381.456 0.015
3886515.977 0.015
3876671.312 0.016
3866847.659 0.016
3857045.217 0.016
3847264.188 0.016
3837504.775 0.016
3827767.182 0.016
3818051.615 0.016
3808358.281 0.016
3798687.389 0.016
3789039.151 0.016
3779413.777 0.016
3769811.481 0.016
3760232.480 0.017
3750676.988 0.017
3741145.226 0.017
3731637.412 0.017
3722153.768 0.017
3712694.518 0.017
3703259.886 0.017
3693850.098 0.017
3684465.383 0.017
3675105.970 0.017
3665772.090 0.017
3656463.976 0.017
3647181.863 0.018
3637925.986 0.018
3628696.584 0.018
3619493.895 0.018
3610318.162 0.018
3601169.626 0.018
3592048.532 0.018
3582955.127 0.018
3573889.657 0.018
3564852.372 0.018
3555843.523 0.018
3546863.364 0.019
3537912.147 0.019
3528990.130 0.019
3520097.569 0.019
3511234.725 0.019
3502401.858 0.019
3493599.232 0.019
3484827.109 0.019
3476085.757 0.019
3467375.443 0.019
3458696.436 0.019
3450049.007 0.020
3441433.429 0.020
3432849.976 0.020
3424298.925 0.020
3415780.552 0.020
3407295.136 0.020
3398842.959 0.020
3390424.303 0.020
3382039.451 0.020
3373688.690 0.020
3365372.307 0.021
3357090.589 0.021
3348843.828 0.021
3340632.316 0.021
3332456.345 0.021
3324316.211 0.021
3316212.210 0.021
3308144.640 0.021
3300113.800 0.021
3292119.992 0.021
3284163.518 0.022
3276244.681 0.022
3268363.787 0.022
3260521.142 0.022
3252717.055 0.022
3244951.834 0.022
3237225.791 0.022
3229539.237 0.022
3221892.486 0.022
3214285.853 0.023
3206719.653 0.023
3199194.204 0.023
3191709.824 0.023
3184266.832 0.023
3176865.549 0.023
3169506.296 0.023
3162189.398 0.023
3154915.177 0.023
3147683.958 0.023
3140496.068 0.024
3133351.833 0.024
3126251.582 0.024
3119195.642 0.024
3112184.344 0.024
3105218.017 0.024
3098296.994 0.024
3091421.606 0.024
3084592.185 0.024
3077809.066 0.025
3071072.581 0.025
3064383.065 0.025
3057740.854 0.025
3051146.283 0.025
3044599.687 0.025
3038101.403 0.025
3031651.768 0.025
3025251.118 0.025
3018899.791 0.025
3012598.124 0.026
3006346.454 0.026
3000145.120 0.026
2993994.458 0.026
2987894.805 0.026
2981846.501 0.026
2975849.880 0.026
2969905.282 0.026
2964013.042 0.026
2958173.497 0.027
2952386.983 0.027
2946653.835 0.027
2940974.388 0.027
2935348.977 0.027
2929777.936 0.027
2924261.597 0.027
2918800.293 0.027
2913394.354 0.027
2908044.112 0.027
2902749.896 0.028
2897512.034 0.028
2892330.852 0.028
2887206.677 0.028
2882139.834 0.028
2877130.645 0.028
2872179.432 0.028
2867286.516 0.028
2862452.214 0.028
2857676.844 0.028
2852960.720 0.028
2848304.155 0.029
2843707.462 0.029
2839170.948 0.029
2834694.921 0.029
2830279.686 0.029
2825925.546 0.029
2821632.800 0.029
2817401.746 0.029
2813232.680 0.029
2809125.894 0.029
2805081.678 0.029
2801100.319 0.030
2797182.102 0.030
2793327.308 0.030
2789536.215 0.030
2785809.099 0.030
2782146.231 0.030
2778547.880 0.030
2775014.311 0.030
2771545.787 0.030
2768142.566 0.030
2764804.902 0.030
2761533.046 0.030
2758327.246 0.030
2755187.745 0.031
2752114.782 0.031
2749108.594 0.031
2746169.410 0.031
2743297.458 0.031
2740492.962 0.031
2737756.139 0.031
2735087.204 0.031
2732486.366 0.031
2729953.829 0.031
2727489.796 0.031
2725094.460 0.031
2722768.014 0.031
2720510.643 0.031
2718322.527 0.031
2716203.844 0.031
2714154.764 0.031
2712175.453 0.031
2710266.072 0.032
2708426.777 0.032
2706657.717 0.032
2704959.038 0.032
2703330.879 0.032
2701773.373 0.032
2700286.650 0.032
2698870.832 0.032
2697526.037 0.032
2696252.376 0.032
2695049.955 0.032
2693918.874 0.032
2692859.228 0.032
2691871.106 0.032
2690954.589 0.032
2690109.755 0.032
2689336.675 0.032
2688635.414 0.032
2688006.030 0.032
2687448.577 0.032
2686963.102 0.032
2686549.646 0.032
2686208.243 0.032
2685938.923 0.032
2685741.708 0.032
2685616.615 0.032
2685563.654 0.032
2685582.830 0.032
2685674.141 0.032
2685837.580 0.032
2686073.133 0.032
2686380.779 0.032
2686760.494 0.032
2687212.244 0.032
2687735.991 0.032
2688331.693 0.032
2688999.297 0.032
2689738.749 0.032
2690549.985 0.032
2691432.939 0.032
2692387.535 0.032
2693413.694 0.032
2694511.329 0.032
2695680.350 0.032
2696920.659 0.032
2698232.152 0.032
2699614.720 0.032
2701068.250 0.032
2702592.620 0.032
2704187.704 0.032
2705853.372 0.032
2707589.487 0.032
2709395.905 0.032
2711272.480 0.032
2713219.058 0.031
2715235.481 0.031
2717321.586 0.031
2719477.203 0.031
2721702.160 0.031
2723996.277 0.031
2726359.371 0.031
2728791.252 0.031
2731291.729 0.031
2733860.601 0.031
2736497.668 0.031
2739202.720 0.031
2741975.547 0.031
2744815.932 0.031
2747723.653 0.031
2750698.487 0.031
2753740.203 0.031
2756848.568 0.030
2760023.345 0.030
2763264.291 0.030
2766571.162 0.030
2769943.709 0.030
2773381.677 0.030
2776884.812 0.030
2780452.852 0.030
2784085.533 0.030
2787782.589 0.030
2791543.749 0.030
2795368.740 0.030
2799257.283 0.030
2803209.101 0.030
2807223.909 0.029
2811301.422 0.029
2815441.351 0.029
2819643.405 0.029
2823907.290 0.029
2828232.709 0.029
2832619.362 0.029
2837066.950 0.029
2841575.167 0.029
2846143.708 0.029
2850772.265 0.029
2855460.527 0.028
2860208.183 0.028
2865014.917 0.028
2869880.414 0.028
2874804.357 0.028
2879786.426 0.028
2884826.300 0.028
2889923.656 0.028
2895078.172 0.028
2900289.520 0.028
2905557.376 0.027
2910881.412 0.027
2916261.297 0.027
2921696.703 0.027
2927187.299 0.027
2932732.753 0.027
2938332.732 0.027
2943986.904 0.027
2949694.932 0.027
2955456.484 0.027
2961271.224 0.026
2967138.816 0.026
2973058.924 0.026
2979031.210 0.026
2985055.340 0.026
2991130.974 0.026
2997257.776 0.026
3003435.408 0.026
3009663.533 0.026
3015941.814 0.026
3022269.912 0.025
3028647.490 0.025
3035074.212 0.025
3041549.739 0.025
3048073.736 0.025
3054645.866 0.025
3061265.793 0.025
3067933.180 0.025
3074647.694 0.025
3081408.998 0.024
3088216.760 0.024
3095070.645 0.024
3101970.320 0.024
3108915.454 0.024
3115905.714 0.024
3122940.769 0.024
3130020.291 0.024
3137143.950 0.024
3144311.417 0.024
3151522.365 0.023
3158776.467 0.023
3166073.399 0.023
3173412.836 0.023
3180794.455 0.023
3188217.932 0.023
3195682.948 0.023
3203189.181 0.023
3210736.314 0.023
3218324.028 0.022
3225952.007 0.022
3233619.936 0.022
3241327.501 0.022
3249074.389 0.022
3256860.288 0.022
3264684.889 0.022
3272547.884 0.022
3280448.964 0.022
3288387.824 0.022
3296364.159 0.021
3304377.667 0.021
3312428.046 0.021
3320514.995 0.021
3328638.216 0.021
3336797.413 0.021
3344992.288 0.021
3353222.549 0.021
3361487.902 0.021
3369788.057 0.021
3378122.724 0.020
3386491.615 0.020
3394894.444 0.020
3403330.926 0.020
3411800.779 0.020
3420303.719 0.020
3428839.469 0.020
3437407.748 0.020
3446008.282 0.020
3454640.794 0.020
3463305.011 0.019
3472000.662 0.019
3480727.476 0.019
3489485.185 0.019
3498273.523 0.019
3507092.223 0.019
3515941.023 0.019
3524819.661 0.019
3533727.877 0.019
3542665.412 0.019
3551632.009 0.018
3560627.413 0.018
3569651.372 0.018
3578703.632 0.018
3587783.944 0.018
3596892.059 0.018
3606027.731 0.018
3615190.715 0.018
3624380.766 0.018
3633597.643 0.018
3642841.106 0.018
3652110.916 0.017
3661406.837 0.017
3670728.633 0.017
3680076.070 0.017
3689448.917 0.017
3698846.943 0.017
3708269.919 0.017
3717717.619 0.017
3727189.817 0.017
3736686.288 0.017
3746206.811 0.017
3755751.165 0.017
3765319.131 0.016
3774910.492 0.016
3784525.030 0.016
3794162.533 0.016
3803822.787 0.016
3813505.582 0.016
3823210.706 0.016
3832937.953 0.016
3842687.116 0.016
3852457.989 0.016
3862250.369 0.016
3872064.054 0.016
3881898.843 0.015
3891754.538 0.015
3901630.941 0.015
3911527.856 0.015
3921445.088 0.015
3931382.444 0.015
3941339.733 0.015
3951316.764 0.015
3961313.349 0.015
3971329.300 0.015
3981364.431 0.015
3991418.558 0.015
4001491.498 0.015
4011583.069 0.015
4021693.091 0.014
4031821.384 0.014
4041967.772 0.014
4052132.078 0.014
4062314.127 0.014
4072513.746 0.014
4082730.763 0.014
4092965.006 0.014
4103216.307 0.014
4113484.497 0.014
4123769.409 0.014
4134070.878 0.014
4144388.738 0.014
4154722.828 0.014
4165072.985 0.013
4175439.049 0.013
4185820.861 0.013
4196218.261 0.013
4206631.095 0.013
4217059.205 0.013
4227502.437 0.013
4237960.639 0.013
4248433.658 0.013
4258921.343 0.013
4269423.545 0.013
4279940.114 0.013
4290470.905 0.013
4301015.769 0.013
4311574.563 0.013
4322147.142 0.013
4332733.364 0.012
4343333.086 0.012
4353946.168 0.012
4364572.471 0.012
4375211.855 0.012
4385864.184 0.012
4396529.321 0.012
4407207.130 0.012
4417897.478 0.012
4428600.232 0.012
4439315.258 0.012
4450042.427 0.012
4460781.607 0.012
4471532.669 0.012
4482295.486 0.012
4493069.930 0.012
4503855.875 0.012
4514653.196 0.011
4525461.768 0.011
4536281.468 0.011
4547112.174 0.011
4557953.764 0.011
4568806.118 0.011
4579669.117 0.011
4590542.640 0.011
4601426.572 0.011
4612320.794 0.011
4623225.191 0.011
4634139.648 0.011
4645064.050 0.011
4655998.284 0.011
4666942.238 0.011
4677895.800 0.011
4688858.859 0.011
4699831.306 0.011
4710813.030 0.011
4721803.924 0.011
4732803.880 0.010
4743812.792 0.010
4754830.553 0.010
4765857.058 0.010
4776892.204 0.010
4787935.886 0.010
4798988.002 0.010
4810048.450 0.010
4821117.129 0.010
4832193.937 0.010
4843278.776 0.010
4854371.546 0.010
4865472.149 0.010
4876580.487 0.010
4887696.464 0.010
4898819.984 0.010
4909950.950 0.010
4921089.269 0.010
4932234.846 0.010
4943387.588 0.010
4954547.403 0.010
4965714.197 0.010
4976887.881 0.009
4988068.363 0.009
4999255.553 0.009
5010449.362 0.009
5021649.702 0.009
5032856.484 0.009
5044069.620 0.009
5055289.024 0.009
5066514.611 0.009
5077746.293 0.009
5088983.987 0.009
5100227.607 0.009
5111477.071 0.009
5122732.295 0.009
5133993.196 0.009
5145259.693 0.009
5156531.703 0.009
5167809.147 0.009
5179091.944 0.009
5190380.014 0.009
5201673.278 0.009
5212971.657 0.009
5224275.074 0.009
5235583.451 0.009
5246896.711 0.009
5258214.777 0.008
5269537.574 0.008
5280865.026 0.008
5292197.058 0.008
5303533.597 0.008
5314874.567 0.008
5326219.896 0.008
0.0 0.0 0.0
0.0 0.0 0.0
0.0 0.0 0.0
0.0 0.0 0.0
0.0 0.0 0.0
0.0 0.0 0.0
0.0 0.0 0.0
0.0 0.0 0.0
0.0 0.0 0.0
0.0 0.0 0.0
0.0 0.0 0.0
0.0 0.0 0.0
0.0 0.0 0.0
0.0 0.0 0.0
0.0 0.0 0.0
0.0 0.0 0.0
0.0 0.0 0.0
0.0 0.0 0.0
0.0 0.0 0.0
0.0 0.0 0.0
0.0 0.0 0.0
0.0 0.0 0.0
0.0 0.0 0.0
0.0 0.0 0.0
0.0 0.0 0.0
0.0 0.0 0.0
0.0 0.0 0.0
0.0 0.0 0.0
0.0 0.0 0.0
0.0 0.0 0.0
0.0 0.0 0.0
0.0 0.0 0.0
0.0 0.0 0.0
0.0 0.0 0.0
0.0 0.0 0.0
0.0 0.0 0.0
0.0 0.0 0.0
0.0 0.0 0.0
0.0 0.0 0.0
0.0 0.0 0.0
0.0 0.0 0.0
0.0 0.0 0.0
0.0 0.0 0.0
0.0 0.0 0.0
0.0 0.0 0.0
0.0 0.0 0.0
0.0 0.0 0.0
0.0 0.0 0.0
0.0 0.0 0.0
0.0 0.0 0.0
0.0 0.0 0.0
0.0 0.0 0.0
0.0 0.0 0.0
0.0 0.0 0.0
0.0 0.0 0.0
0.0 0.0 0.0
0.0 0.0 0.0
0.0 0.0 0.0
0.0 0.0 0.0
0.0 0.0 0.0
0.0 0.0 0.0
0.0 0.0 0.0
0.0 0.0 0.0
0.0 0.0 0.0
0.0 0.0 0.0
0.0 0.0 0.0
0.0 0.0 0.0
0.0 0.0 0.0
0.0 0.0 0.0
0.0 0.0 0.0
0.0 0.0 0.0
0.0 0.0 0.0
0.0 0.0 0.0
0.0 0.0 0.0
0.0 0.0 0.0
0.0 0.0 0.0
0.0 0.0 0.0
0.0 0.0 0.0
0.0 0.0 0.0
0.0 0.0 0.0
0.0 0.0 0.0
0.0 0.0 0.0
0.0 0.0 0.0
0.0 0.0 0.0
0.0 0.0 0.0
0.0 0.0 0.0
0.0 0.0 0.0
0.0 0.0 0.0
0.0 0.0 0.0
0.0 0.0 0.0
0.0 0.0 0.0
0.0 0.0 0.0
0.0 0.0 0.0
0.0 0.0 0.0
0.0 0.0 0.0
0.0 0.0 0.0
0.0 0.0 0.0
0.0 0.0 0.0
0.0 0.0 0.0
0.0 0.0 0.0
0.0 0.0 0.0
0.0 0.0 0.0
0.0 0.0 0.0
0.0 0.0 0.0
0.0 0.0 0.0
0.0 0.0 0.0
0.0 0.0 0.0
0.0 0.0 0.0
0.0 0.0 0.0
0.0 0.0 0.0
0.0 0.0 0.0
0.0 0.0 0.0
0.0 0.0 0.0
0.0 0.0 0.0
0.0 0.0 0.0
0.0 0.0 0.0
0.0 0.0 0.0
0.0 0.0 0.0
0.0 0.0 0.0
0.0 0.0 0.0
0.0 0.0 0.0
0.0 0.0 0.0
0.0 0.0 0.0
0.0 0.0 0.0
0.0 0.0 0.0
0.0 0.0 0.0
0.0 0.0 0.0
0.0 0.0 0.0
0.0 0.0 0.0
0.0 0.0 0.0
0.0 0.0 0.0
0.0 0.0 0.0
0.0 0.0 0.0
0.0 0.0 0.0
0.0 0.0 0.0
0.0 0.0 0.0
0.0 0.0 0.0
0.0 0.0 0.0
0.0 0.0 0.0
0.0 0.0 0.0
0.0 0.0 0.0
0.0 0.0 0.0
0.0 0.0 0.0
0.0 0.0 0.0
0.0 0.0 0.0
0.0 0.0 0.0
0.0 0.0 0.0
0.0 0.0 0.0
0.0 0.0 0.0
0.0 0.0 0.0
0.0 0.0 0.0
0.0 0.0 0.0
0.0 0.0 0.0
0.0 0.0 0.0
0.0 0.0 0.0
0.0 0.0 0.0
0.0 0.0 0.0
0.0 0.0 0.0
0.0 0.0 0.0
0.0 0.0 0.0
0.0 0.0 0.0
0.0 0.0 0.0
0.0 0.0 0.0
0.0 0.0 0.0
0.0 0.0 0.0
0.0 0.0 0.0
0.0 0.0 0.0
0.0 0.0 0.0
0.0 0.0 0.0
0.0 0.0 0.0
0.0 0.0 0.0
0.0 0.0 0.0
0.0 0.0 0.0
0.0 0.0 0.0
0.0 0.0 0.0
0.0 0.0 0.0
0.0 0.0 0.0
0.0 0.0 0.0
0.0 0.0 0.0
0.0 0.0 0.0
0.0 0.0 0.0
0.0 0.0 0.0
0.0 0.0 0.0
0.0 0.0 0.0
0.0 0.0 0.0
0.0 0.0 0.0
0.0 0.0 0.0
0.0 0.0 0.0
0.0 0.0 0.0
0.0 0.0 0.0
0.0 0.0 0.0
0.0 0.0 0.0
0.0 0.0 0.0
0.0 0.0 0.0
0.0 0.0 0.0
0.0 0.0 0.0
0.0 0.0 0.0
0.0 0.0 0.0
0.0 0.0 0.0
0.0 0.0 0.0
0.0 0.0 0.0
0.0 0.0 0.0
0.0 0.0 0.0
0.0 0.0 0.0
0.0 0.0 0.0
0.0 0.0 0.0
0.0 0.0 0.0
0.0 0.0 0.0
0.0 0.0 0.0
0.0 0.0 0.0
0.0 0.0 0.0
0.0 0.0 0.0
0.0 0.0 0.0
0.0 0.0 0.0
0.0 0.0 0.0
0.0 0.0 0.0
0.0 0.0 0.0
0.0 0.0 0.0
0.0 0.0 0.0
20.023 2109904.364 0.066043331
20.057 2108146.555 0.066077189
20.091 2106406.742 0.066110871
20.125 2104684.970 0.066144372
20.159 2102981.285 0.066177686
20.192 2101295.731 0.066210807
20.225 2099628.352 0.066243729
20.258 2097979.194 0.066276446
20.290 2096348.299 0.066308952
20.322 2094735.712 0.066341240
20.354 2093141.475 0.066373307
20.385 2091565.631 0.066405145
20.416 2090008.222 0.066436748
20.447 2088469.291 0.066468112
20.478 2086948.879 0.066499230
20.508 2085447.027 0.066530097
20.537 2083963.776 0.066560707
20.567 2082499.167 0.066591055
20.596 2081053.239 0.066621135
20.625 2079626.032 0.066650942
20.653 2078217.586 0.066680470
20.681 2076827.939 0.066709714
20.709 2075457.129 0.066738668
20.736 2074105.194 0.066767328
20.763 2072772.173 0.066795687
20.790 2071458.101 0.066823742
20.816 2070163.016 0.066851487
20.842 2068886.953 0.066878916
20.868 2067629.948 0.066906025
20.893 2066392.038 0.066932809
20.918 2065173.255 0.066959262
20.943 2063973.635 0.066985381
20.967 2062793.212 0.067011160
20.991 2061632.018 0.067036594
21.014 2060490.087 0.067061679
21.037 2059367.452 0.067086410
21.060 2058264.143 0.067110783
21.082 2057180.193 0.067134793
21.104 2056115.632 0.067158436
21.126 2055070.491 0.067181707
21.147 2054044.800 0.067204602
21.168 2053038.587 0.067227116
21.189 2052051.883 0.067249247
21.209 2051084.715 0.067270989
21.228 2050137.111 0.067292338
21.248 2049209.099 0.067313291
21.267 2048300.704 0.067333844
21.285 2047411.955 0.067353992
21.303 2046542.875 0.067373733
21.321 2045693.491 0.067393061
21.338 2044863.827 0.067411975
21.355 2044053.907 0.067430470
21.372 2043263.755 0.067448542
21.388 2042493.393 0.067466189
21.404 2041742.844 0.067483407
21.419 2041012.130 0.067500193
21.434 2040301.272 0.067516543
21.449 2039610.290 0.067532455
21.463 2038939.206 0.067547925
21.477 2038288.038 0.067562952
21.490 2037656.806 0.067577531
21.503 2037045.528 0.067591660
21.516 2036454.221 0.067605336
21.528 2035882.903 0.067618557
21.539 2035331.591 0.067631321
21.551 2034800.301 0.067643624
21.562 2034289.048 0.067655465
21.572 2033797.847 0.067666841
21.582 2033326.712 0.067677750
21.592 2032875.657 0.067688191
21.601 2032444.695 0.067698160
21.610 2032033.839 0.067707656
21.618 2031643.101 0.067716677
21.627 2031272.491 0.067725222
21.634 2030922.020 0.067733289
21.641 2030591.699 0.067740876
21.648 2030281.536 0.067747982
21.654 2029991.541 0.067754606
21.660 2029721.722 0.067760745
21.666 2029472.087 0.067766400
21.671 2029242.642 0.067771568
21.676 2029033.394 0.067776249
21.680 2028844.348 0.067780441
21.684 2028675.510 0.067784145
21.687 2028526.884 0.067787359
21.690 2028398.474 0.067790082
21.692 2028290.283 0.067792315
21.695 2028202.314 0.067794056
21.696 2028134.570 0.067795305
21.698 2028087.050 0.067796061
21.698 2028059.756 0.067796326
21.699 2028052.689 0.067796098
21.699 2028065.847 0.067795377
21.698 2028099.230 0.067794164
21.698 2028152.836 0.067792458
21.696 2028226.662 0.067790260
21.695 2028320.706 0.067787571
21.693 2028434.964 0.067784390
21.690 2028569.432 0.067780718
21.687 2028724.104 0.067776557
21.684 2028898.976 0.067771905
21.680 2029094.041 0.067766765
21.676 2029309.292 0.067761138
21.671 2029544.723 0.067755023
21.666 2029800.326 0.067748422
21.661 2030076.091 0.067741337
21.655 2030372.010 0.067733769
21.648 2030688.072 0.067725719
21.642 2031024.268 0.067717187
21.635 2031380.587 0.067708177
21.627 2031757.016 0.067698690
21.619 2032153.544 0.067688726
21.611 2032570.157 0.067678288
21.602 2033006.843 0.067667379
21.593 2033463.588 0.067655999
21.583 2033940.376 0.067644150
21.573 2034437.192 0.067631836
21.562 2034954.021 0.067619058
21.552 2035490.847 0.067605818
21.540 2036047.651 0.067592119
21.529 2036624.417 0.067577963
21.516 2037221.127 0.067563353
21.504 2037837.761 0.067548291
21.491 2038474.301 0.067532780
21.478 2039130.726 0.067516823
21.464 2039807.016 0.067500423
21.450 2040503.150 0.067483582
21.435 2041219.106 0.067466305
21.420 2041954.862 0.067448592
21.405 2042710.395 0.067430449
21.389 2043485.682 0.067411878
21.373 2044280.699 0.067392883
21.357 2045095.422 0.067373466
21.340 2045929.826 0.067353632
21.323 2046783.884 0.067333383
21.305 2047657.572 0.067312725
21.287 2048550.862 0.067291659
21.268 2049463.727 0.067270191
21.250 2050396.140 0.067248323
21.230 2051348.073 0.067226060
21.211 2052319.496 0.067203406
21.191 2053310.380 0.067180364
21.170 2054320.697 0.067156939
21.150 2055350.414 0.067133136
21.128 2056399.502 0.067108957
21.107 2057467.930 0.067084408
21.085 2058555.665 0.067059493
21.063 2059662.676 0.067034217
21.040 2060788.929 0.067008583
21.017 2061934.391 0.066982597
20.994 2063099.029 0.066956262
20.970 2064282.808 0.066929584
20.946 2065485.694 0.066902568
20.922 2066707.652 0.066875218
20.897 2067948.645 0.066847538
20.872 2069208.638 0.066819535
20.846 2070487.595 0.066791212
20.820 2071785.478 0.066762575
20.794 2073102.250 0.066733629
20.768 2074437.873 0.066704379
20.741 2075792.308 0.066674830
20.713 2077165.518 0.066644988
20.686 2078557.463 0.066614856
20.658 2079968.103 0.066584442
20.630 2081397.398 0.066553750
20.601 2082845.309 0.066522785
20.572 2084311.793 0.066491553
20.543 2085796.811 0.066460060
20.513 2087300.320 0.066428311
20.483 2088822.278 0.066396311
20.453 2090362.644 0.066364066
20.422 2091921.374 0.066331582
20.391 2093498.425 0.066298864
20.360 2095093.753 0.066265918
20.329 2096707.316 0.066232750
20.297 2098339.068 0.066199366
20.265 2099988.965 0.066165771
20.232 2101656.962 0.066131971
20.199 2103343.014 0.066097973
20.166 2105047.076 0.066063781
20.133 2106769.101 0.066029403
20.099 2108509.043 0.065994843
20.065 2110266.855 0.065960108
20.031 2112042.491 0.065925205
