20.017 2107903.687 0.066150763
20.102 2103552.175 0.066236131
20.187 2099211.502 0.066322378
20.272 2094881.739 0.066409498
20.358 2090562.957 0.066497486
20.443 2086255.228 0.066586335
20.528 2081958.625 0.066676042
20.614 2077673.219 0.066766599
20.699 2073399.084 0.066858001
20.785 2069136.292 0.066950243
20.871 2064884.919 0.067043318
20.957 2060645.037 0.067137221
21.043 2056416.722 0.067231947
21.129 2052200.048 0.067327488
21.215 2047995.090 0.067423839
21.301 2043801.925 0.067520995
21.387 2039620.629 0.067618948
21.474 2035451.277 0.067717694
21.560 2031293.948 0.067817224
21.647 2027148.718 0.067917534
21.733 2023015.665 0.068018617
21.820 2018894.867 0.068120467
21.907 2014786.402 0.068223076
21.993 2010690.351 0.068326438
22.080 2006606.791 0.068430547
22.167 2002535.803 0.068535397
22.254 1998477.467 0.068640979
22.341 1994431.863 0.068747287
22.428 1990399.072 0.068854315
22.515 1986379.175 0.068962054
22.602 1982372.255 0.069070499
22.690 1978378.393 0.069179641
22.777 1974397.671 0.069289474
22.864 1970430.173 0.069399989
22.951 1966475.981 0.069511180
23.039 1962535.180 0.069623038
23.126 1958607.853 0.069735557
23.213 1954694.084 0.069848727
23.301 1950793.959 0.069962542
23.388 1946907.562 0.070076993
23.476 1943034.979 0.070192072
23.563 1939176.295 0.070307770
23.651 1935331.597 0.070424080
23.738 1931500.972 0.070540992
23.826 1927684.506 0.070658499
23.913 1923882.287 0.070776592
24.001 1920094.402 0.070895261
24.088 1916320.939 0.071014498
24.176 1912561.987 0.071134294
24.263 1908817.634 0.071254639
24.351 1905087.969 0.071375524
24.438 1901373.082 0.071496940
24.526 1897673.063 0.071618877
24.613 1893988.001 0.071741326
24.701 1890317.986 0.071864277
24.788 1886663.111 0.071987719
24.875 1883023.464 0.072111643
24.963 1879399.139 0.072236039
25.050 1875790.225 0.072360895
25.137 1872196.817 0.072486203
25.224 1868619.004 0.072611950
25.311 1865056.881 0.072738127
25.398 1861510.540 0.072864722
25.485 1857980.074 0.072991724
25.572 1854465.576 0.073119123
25.659 1850967.140 0.073246907
25.746 1847484.861 0.073375064
25.833 1844018.832 0.073503583
25.919 1840569.147 0.073632452
26.006 1837135.902 0.073761660
26.092 1833719.192 0.073891193
26.178 1830319.111 0.074021041
26.265 1826935.755 0.074151191
26.351 1823569.220 0.074281630
26.437 1820219.602 0.074412346
26.523 1816886.996 0.074543325
26.608 1813571.500 0.074674556
26.694 1810273.209 0.074806024
26.780 1806992.220 0.074937718
26.865 1803728.631 0.075069623
26.950 1800482.538 0.075201725
27.035 1797254.038 0.075334012
27.120 1794043.229 0.075466470
27.205 1790850.209 0.075599084
27.289 1787675.076 0.075731840
27.374 1784517.926 0.075864725
27.458 1781378.858 0.075997724
27.542 1778257.970 0.076130821
27.626 1775155.361 0.076264004
27.709 1772071.128 0.076397256
27.793 1769005.371 0.076530562
27.876 1765958.186 0.076663909
27.959 1762929.674 0.076797280
28.042 1759919.933 0.076930659
28.125 1756929.061 0.077064032
28.207 1753957.157 0.077197383
28.289 1751004.320 0.077330696
28.371 1748070.649 0.077463955
28.452 1745156.242 0.077597143
28.534 1742261.198 0.077730245
28.615 1739385.616 0.077863244
28.696 1736529.595 0.077996123
28.776 1733693.233 0.078128867
28.857 1730876.630 0.078261457
28.936 1728079.883 0.078393878
29.016 1725303.091 0.078526112
29.096 1722546.354 0.078658143
29.175 1719809.768 0.078789952
29.253 1717093.433 0.078921522
29.332 1714397.447 0.079052836
29.410 1711721.907 0.079183877
29.488 1709066.912 0.079314626
29.565 1706432.560 0.079445065
29.642 1703818.947 0.079575178
29.719 1701226.171 0.079704945
29.795 1698654.331 0.079834348
29.871 1696103.521 0.079963370
29.946 1693573.841 0.080091992
30.022 1691065.385 0.080220195
30.096 1688578.250 0.080347961
30.171 1686112.532 0.080475271
30.245 1683668.328 0.080602107
30.318 1681245.732 0.080728450
30.391 1678844.839 0.080854280
30.464 1676465.746 0.080979580
30.536 1674108.545 0.081104330
30.608 1671773.331 0.081228511
30.679 1669460.199 0.081352104
30.750 1667169.241 0.081475090
30.820 1664900.550 0.081597450
30.890 1662654.219 0.081719164
30.959 1660430.341 0.081840214
31.028 1658229.007 0.081960579
31.097 1656050.309 0.082080241
31.164 1653894.336 0.082199181
31.232 1651761.180 0.082317378
31.299 1649650.931 0.082434814
31.365 1647563.678 0.082551469
31.431 1645499.509 0.082667324
31.496 1643458.513 0.082782359
31.560 1641440.777 0.082896555
31.624 1639446.390 0.083009893
31.688 1637475.436 0.083122354
31.751 1635528.003 0.083233918
31.813 1633604.175 0.083344565
31.874 1631704.037 0.083454277
31.936 1629827.673 0.083563035
31.996 1627975.166 0.083670819
32.056 1626146.600 0.083777610
32.115 1624342.055 0.083883389
32.173 1622561.613 0.083988137
32.231 1620805.355 0.084091836
32.288 1619073.360 0.084194467
32.345 1617365.706 0.084296010
32.401 1615682.473 0.084396448
32.456 1614023.738 0.084495762
32.511 1612389.576 0.084593933
32.564 1610780.064 0.084690943
32.617 1609195.276 0.084786774
32.670 1607635.287 0.084881409
32.722 1606100.169 0.084974828
32.772 1604589.995 0.085067014
32.823 1603104.835 0.085157951
32.872 1601644.761 0.085247619
32.921 1600209.841 0.085336003
32.969 1598800.144 0.085423084
33.016 1597415.737 0.085508846
33.062 1596056.687 0.085593272
33.108 1594723.059 0.085676346
33.153 1593414.917 0.085758051
33.197 1592132.326 0.085838371
33.240 1590875.347 0.085917290
33.283 1589644.041 0.085994792
33.324 1588438.469 0.086070862
33.365 1587258.689 0.086145484
33.405 1586104.761 0.086218643
33.445 1584976.740 0.086290325
33.483 1583874.682 0.086360515
33.520 1582798.642 0.086429198
33.557 1581748.674 0.086496360
33.593 1580724.829 0.086561988
33.628 1579727.160 0.086626068
33.662 1578755.714 0.086688587
33.695 1577810.542 0.086749531
33.727 1576891.691 0.086808889
33.759 1575999.206 0.086866647
33.789 1575133.133 0.086922793
33.819 1574293.516 0.086977316
33.848 1573480.397 0.087030205
33.876 1572693.818 0.087081447
33.903 1571933.817 0.087131033
33.929 1571200.434 0.087178951
33.954 1570493.706 0.087225191
33.978 1569813.669 0.087269744
34.002 1569160.358 0.087312600
34.024 1568533.806 0.087353750
34.045 1567934.045 0.087393185
34.066 1567361.105 0.087430896
34.086 1566815.017 0.087466875
34.104 1566295.807 0.087501115
34.122 1565803.502 0.087533608
34.139 1565338.128 0.087564347
34.154 1564899.709 0.087593326
34.169 1564488.266 0.087620537
34.183 1564103.820 0.087645976
34.196 1563746.392 0.087669636
34.208 1563416.000 0.087691513
34.219 1563112.659 0.087711602
34.229 1562836.386 0.087729898
34.238 1562587.195 0.087746397
34.246 1562365.097 0.087761096
34.253 1562170.105 0.087773991
34.260 1562002.228 0.087785080
34.265 1561861.473 0.087794361
34.269 1561747.848 0.087801830
34.272 1561661.358 0.087807488
34.275 1561602.007 0.087811331
34.276 1561569.798 0.087813360
34.276 1561564.731 0.087813574
34.276 1561586.806 0.087811974
34.274 1561636.022 0.087808559
34.271 1561712.374 0.087803329
34.268 1561815.858 0.087796288
34.263 1561946.469 0.087787435
34.258 1562104.198 0.087776773
34.251 1562289.036 0.087764305
34.244 1562500.973 0.087750032
34.235 1562739.997 0.087733959
34.226 1563006.095 0.087716089
34.216 1563299.252 0.087696425
34.204 1563619.451 0.087674972
34.192 1563966.676 0.087651735
34.179 1564340.907 0.087626719
34.165 1564742.123 0.087599929
34.150 1565170.303 0.087571371
34.133 1565625.425 0.087541051
34.116 1566107.462 0.087508977
34.098 1566616.389 0.087475155
34.080 1567152.179 0.087439591
34.060 1567714.804 0.087402296
34.039 1568304.232 0.087363275
34.017 1568920.433 0.087322537
33.994 1569563.374 0.087280092
33.971 1570233.020 0.087235949
33.946 1570929.337 0.087190117
33.921 1571652.287 0.087142605
33.895 1572401.832 0.087093424
33.867 1573177.933 0.087042585
33.839 1573980.550 0.086990098
33.810 1574809.640 0.086935974
33.780 1575665.160 0.086880225
33.750 1576547.065 0.086822863
33.718 1577455.311 0.086763899
33.685 1578389.849 0.086703346
33.652 1579350.632 0.086641217
33.617 1580337.610 0.086577524
33.582 1581350.733 0.086512281
33.546 1582389.948 0.086445501
33.509 1583455.204 0.086377198
33.472 1584546.444 0.086307387
33.433 1585663.615 0.086236081
33.394 1586806.660 0.086163294
33.353 1587975.520 0.086089042
33.312 1589170.139 0.086013340
33.271 1590390.454 0.085936203
33.228 1591636.407 0.085857647
33.185 1592907.934 0.085777686
33.140 1594204.972 0.085696338
33.095 1595527.459 0.085613618
33.049 1596875.327 0.085529543
33.003 1598248.512 0.085444128
32.955 1599646.946 0.085357391
32.907 1601070.561 0.085269350
32.859 1602519.288 0.085180019
32.809 1603993.057 0.085089418
32.759 1605491.797 0.084997563
32.708 1607015.436 0.084904473
32.656 1608563.901 0.084810164
32.603 1610137.118 0.084714654
32.550 1611735.014 0.084617962
32.496 1613357.511 0.084520105
32.442 1615004.535 0.084421102
32.386 1616676.007 0.084320972
32.330 1618371.850 0.084219732
32.274 1620091.986 0.084117401
32.216 1621836.334 0.084013998
32.158 1623604.814 0.083909541
32.100 1625397.346 0.083804050
32.041 1627213.847 0.083697543
31.981 1629054.235 0.083590039
31.920 1630918.426 0.083481558
31.859 1632806.338 0.083372118
31.798 1634717.884 0.083261738
31.735 1636652.981 0.083150438
31.672 1638611.541 0.083038236
31.609 1640593.479 0.082925153
31.545 1642598.708 0.082811207
31.480 1644627.139 0.082696418
31.415 1646678.685 0.082580804
31.350 1648753.256 0.082464386
31.283 1650850.764 0.082347183
31.217 1652971.118 0.082229214
31.149 1655114.228 0.082110497
31.081 1657280.003 0.081991054
31.013 1659468.351 0.081870902
30.944 1661679.182 0.081750062
30.875 1663912.402 0.081628551
30.805 1666167.918 0.081506391
30.735 1668445.639 0.081383599
30.664 1670745.469 0.081260195
30.593 1673067.315 0.081136198
30.521 1675411.083 0.081011627
30.449 1677776.678 0.080886502
30.377 1680164.006 0.080760840
30.304 1682572.970 0.080634661
30.230 1685003.475 0.080507983
30.156 1687455.425 0.080380826
30.082 1689928.723 0.080253208
30.007 1692423.275 0.080125147
29.932 1694938.981 0.079996662
29.857 1697475.746 0.079867772
29.781 1700033.473 0.079738494
29.705 1702612.063 0.079608848
29.628 1705211.420 0.079478850
29.552 1707831.444 0.079348519
29.474 1710472.039 0.079217874
29.397 1713133.106 0.079086931
29.319 1715814.547 0.078955708
29.241 1718516.263 0.078824224
29.162 1721238.155 0.078692495
29.083 1723980.126 0.078560539
28.763 1736238.710 0.077950053
28.842 1733491.414 0.078078482
28.920 1730764.025 0.078206702
28.998 1728056.639 0.078334697
29.075 1725369.352 0.078462451
29.152 1722702.260 0.078589945
29.229 1720055.459 0.078717163
29.306 1717429.045 0.078844088
29.382 1714823.112 0.078970702
29.457 1712237.757 0.079096988
29.533 1709673.074 0.079222929
29.608 1707129.158 0.079348507
29.683 1704606.104 0.079473704
29.757 1702104.006 0.079598503
29.831 1699622.958 0.079722885
29.904 1697163.056 0.079846833
29.978 1694724.391 0.079970329
30.050 1692307.058 0.080093355
30.123 1689911.150 0.080215892
30.194 1687536.759 0.080337923
30.266 1685183.978 0.080459429
30.337 1682852.900 0.080580391
30.407 1680543.616 0.080700793
30.478 1678256.217 0.080820614
30.547 1675990.794 0.080939837
30.616 1673747.439 0.081058442
30.685 1671526.241 0.081176413
30.753 1669327.291 0.081293729
30.821 1667150.677 0.081410373
30.888 1664996.489 0.081526326
30.955 1662864.815 0.081641569
31.021 1660755.743 0.081756083
31.087 1658669.361 0.081869851
31.152 1656605.755 0.081982852
31.216 1654565.013 0.082095070
31.280 1652547.219 0.082206484
31.344 1650552.460 0.082317076
31.407 1648580.820 0.082426828
31.469 1646632.384 0.082535722
31.531 1644707.234 0.082643738
31.592 1642805.455 0.082750858
31.653 1640927.127 0.082857064
31.713 1639072.334 0.082962336
31.772 1637241.155 0.083066658
31.831 1635433.672 0.083170010
31.889 1633649.964 0.083272375
31.946 1631890.110 0.083373733
32.003 1630154.188 0.083474068
32.060 1628442.275 0.083573360
32.115 1626754.449 0.083671592
32.170 1625090.785 0.083768747
32.224 1623451.358 0.083864806
32.278 1621836.243 0.083959752
32.331 1620245.513 0.084053567
32.383 1618679.241 0.084146233
32.434 1617137.498 0.084237735
32.485 1615620.357 0.084328054
32.535 1614127.886 0.084417173
32.585 1612660.154 0.084505076
32.633 1611217.232 0.084591746
32.681 1609799.184 0.084677166
32.728 1608406.079 0.084761320
32.775 1607037.981 0.084844191
32.820 1605694.955 0.084925765
32.865 1604377.064 0.085006024
32.909 1603084.372 0.085084953
32.953 1601816.939 0.085162537
32.995 1600574.825 0.085238760
33.037 1599358.092 0.085313608
33.078 1598166.796 0.085387064
33.118 1597000.995 0.085459116
33.157 1595860.745 0.085529748
33.196 1594746.103 0.085598946
33.234 1593657.120 0.085666696
33.271 1592593.852 0.085732985
33.307 1591556.348 0.085797799
33.342 1590544.661 0.085861124
33.377 1589558.839 0.085922949
33.410 1588598.932 0.085983260
33.443 1587664.985 0.086042044
33.475 1586757.046 0.086099290
33.506 1585875.159 0.086154986
33.536 1585019.367 0.086209120
33.565 1584189.713 0.086261681
33.593 1583386.238 0.086312658
33.621 1582608.983 0.086362041
33.648 1581857.985 0.086409818
33.673 1581133.282 0.086455980
33.698 1580434.910 0.086500518
33.722 1579762.905 0.086543421
33.745 1579117.299 0.086584680
33.767 1578498.125 0.086624288
33.789 1577905.414 0.086662235
33.809 1577339.195 0.086698513
33.828 1576799.498 0.086733115
33.847 1576286.349 0.086766032
33.864 1575799.773 0.086797259
33.881 1575339.795 0.086826789
33.897 1574906.439 0.086854614
33.911 1574499.725 0.086880729
33.925 1574119.675 0.086905129
33.938 1573766.307 0.086927807
33.950 1573439.638 0.086948760
33.961 1573139.685 0.086967982
33.971 1572866.463 0.086985470
33.981 1572619.985 0.087001219
33.989 1572400.264 0.087015226
33.996 1572207.309 0.087027488
34.002 1572041.131 0.087038003
34.008 1571901.737 0.087046768
34.012 1571789.135 0.087053781
34.016 1571703.328 0.087059040
34.018 1571644.321 0.087062545
34.020 1571612.116 0.087064294
34.020 1571606.714 0.087064288
34.020 1571628.115 0.087062525
34.019 1571676.317 0.087059007
34.016 1571751.316 0.087053735
34.013 1571853.109 0.087046708
34.009 1571981.689 0.087037930
34.004 1572137.048 0.087027401
33.998 1572319.178 0.087015124
33.991 1572528.069 0.087001101
33.983 1572763.709 0.086985336
33.974 1573026.085 0.086967832
33.965 1573315.183 0.086948593
33.954 1573630.987 0.086927622
33.942 1573973.480 0.086904925
33.930 1574342.644 0.086880506
33.916 1574738.459 0.086854370
33.902 1575160.904 0.086826523
33.886 1575609.955 0.086796971
33.870 1576085.590 0.086765720
33.853 1576587.783 0.086732777
33.834 1577116.508 0.086698148
33.815 1577671.736 0.086661842
33.795 1578253.439 0.086623865
33.774 1578861.586 0.086584227
33.753 1579496.145 0.086542934
33.730 1580157.083 0.086499997
33.706 1580844.366 0.086455424
33.682 1581557.958 0.086409223
33.656 1582297.822 0.086361406
33.630 1583063.920 0.086311982
33.603 1583856.213 0.086260961
33.575 1584674.659 0.086208354
33.546 1585519.216 0.086154172
33.516 1586389.842 0.086098426
33.485 1587286.493 0.086041127
33.454 1588209.122 0.085982288
33.421 1589157.682 0.085921920
33.388 1590132.126 0.085860036
33.354 1591132.405 0.085796648
33.319 1592158.469 0.085731769
33.284 1593210.265 0.085665413
33.247 1594287.741 0.085597592
33.210 1595390.844 0.085528321
33.171 1596519.518 0.085457612
33.132 1597673.708 0.085385482
33.093 1598853.357 0.085311943
33.052 1600058.407 0.085237010
33.011 1601288.798 0.085160698
32.968 1602544.470 0.085083023
32.925 1603825.363 0.085003999
32.882 1605131.413 0.084923641
32.837 1606462.558 0.084841966
32.792 1607818.733 0.084758989
32.746 1609199.874 0.084674727
32.699 1610605.913 0.084589194
32.652 1612036.784 0.084502408
32.603 1613492.419 0.084414385
32.554 1614972.748 0.084325142
32.505 1616477.703 0.084234696
32.454 1618007.211 0.084143063
32.403 1619561.202 0.084050260
32.352 1621139.602 0.083956306
32.299 1622742.340 0.083861216
32.246 1624369.339 0.083765009
32.192 1626020.526 0.083667702
32.138 1627695.824 0.083569313
32.082 1629395.157 0.083469859
32.027 1631118.448 0.083369359
31.970 1632865.618 0.083267830
31.913 1634636.589 0.083165291
31.855 1636431.280 0.083061759
31.797 1638249.613 0.082957253
31.738 1640091.505 0.082851791
31.679 1641956.875 0.082745392
31.619 1643845.640 0.082638073
31.558 1645757.719 0.082529853
31.497 1647693.027 0.082420750
31.435 1649651.479 0.082310784
31.372 1651632.992 0.082199972
31.309 1653637.480 0.082088333
31.246 1655664.856 0.081975886
31.182 1657715.035 0.081862649
31.117 1659787.929 0.081748640
31.052 1661883.451 0.081633879
30.986 1664001.512 0.081518384
30.920 1666142.024 0.081402174
30.853 1668304.899 0.081285267
30.786 1670490.045 0.081167681
30.718 1672697.375 0.081049435
30.650 1674926.796 0.080930548
30.581 1677178.219 0.080811039
30.512 1679451.551 0.080690924
30.443 1681746.702 0.080570224
30.372 1684063.580 0.080448956
30.302 1686402.092 0.080327138
30.231 1688762.145 0.080204790
30.160 1691143.647 0.080081928
30.088 1693546.504 0.079958572
30.016 1695970.622 0.079834739
29.943 1698415.908 0.079710447
29.870 1700882.267 0.079585714
29.797 1703369.606 0.079460558
29.723 1705877.828 0.079334997
29.649 1708406.840 0.079209049
29.574 1710956.546 0.079082730
29.499 1713526.851 0.078956059
29.424 1716117.659 0.078829053
29.348 1718728.874 0.078701730
29.272 1721360.401 0.078574106
29.196 1724012.143 0.078446198
29.120 1726684.005 0.078318025
29.043 1729375.889 0.078189602
28.965 1732087.700 0.078060946
28.888 1734819.341 0.077932075
28.810 1737570.715 0.077803005
28.732 1740341.725 0.077673751
28.653 1743132.275 0.077544331
28.574 1745942.268 0.077414761
28.495 1748771.606 0.077285057
28.416 1751620.193 0.077155235
28.337 1754487.932 0.077025311
28.257 1757374.726 0.076895300
28.177 1760280.478 0.076765219
28.096 1763205.090 0.076635082
28.016 1766148.466 0.076504905
27.935 1769110.508 0.076374703
27.854 1772091.120 0.076244492
27.773 1775090.206 0.076114286
27.691 1778107.667 0.075984100
27.610 1781143.407 0.075853949
27.528 1784197.330 0.075723847
27.446 1787269.339 0.075593809
27.364 1790359.337 0.075463849
27.281 1793467.228 0.075333981
27.199 1796592.915 0.075204219
27.116 1799736.303 0.075074578
27.033 1802897.295 0.074945070
26.950 1806075.795 0.074815709
26.866 1809271.708 0.074686509
26.783 1812484.938 0.074557483
26.699 1815715.389 0.074428644
26.616 1818962.966 0.074300006
26.532 1822227.574 0.074171580
26.448 1825509.118 0.074043380
26.364 1828807.503 0.073915419
26.280 1832122.634 0.073787708
26.195 1835454.418 0.073660261
26.111 1838802.759 0.073533089
26.026 1842167.565 0.073406204
25.942 1845548.740 0.073279618
25.857 1848946.193 0.073153343
25.772 1852359.828 0.073027390
25.687 1855789.555 0.072901772
25.602 1859235.279 0.072776499
25.517 1862696.908 0.072651582
25.432 1866174.349 0.072527033
25.346 1869667.512 0.072402862
25.261 1873176.303 0.072279081
25.176 1876700.633 0.072155700
25.090 1880240.408 0.072032728
25.005 1883795.539 0.071910178
24.919 1887365.935 0.071788059
24.833 1890951.505 0.071666381
24.748 1894552.160 0.071545154
24.662 1898167.809 0.071424389
24.576 1901798.364 0.071304094
24.491 1905443.735 0.071184279
24.405 1909103.834 0.071064955
24.319 1912778.571 0.070946130
24.233 1916467.859 0.070827813
24.147 1920171.610 0.070710014
24.061 1923889.736 0.070592742
23.975 1927622.151 0.070476005
23.890 1931368.767 0.070359813
23.804 1935129.498 0.070244174
23.718 1938904.258 0.070129097
23.632 1942692.961 0.070014589
23.546 1946495.521 0.069900660
23.460 1950311.854 0.069787318
23.374 1954141.874 0.069674570
23.288 1957985.498 0.069562425
23.202 1961842.640 0.069450890
23.117 1965713.218 0.069339974
23.031 1969597.149 0.069229685
22.945 1973494.348 0.069120029
22.859 1977404.734 0.069011014
22.774 1981328.225 0.068902648
22.688 1985264.738 0.068794938
22.602 1989214.192 0.068687891
22.517 1993176.506 0.068581514
22.431 1997151.600 0.068475815
22.345 2001139.392 0.068370800
22.260 2005139.803 0.068266477
22.174 2009152.754 0.068162851
22.089 2013178.164 0.068059930
22.004 2017215.956 0.067957721
21.918 2021266.051 0.067856229
21.833 2025328.370 0.067755462
21.748 2029402.837 0.067655425
21.663 2033489.373 0.067556126
21.578 2037587.902 0.067457570
21.493 2041698.347 0.067359763
21.408 2045820.633 0.067262712
21.323 2049954.683 0.067166423
21.238 2054100.422 0.067070901
21.154 2058257.775 0.066976153
21.069 2062426.667 0.066882185
20.984 2066607.025 0.066789002
20.900 2070798.775 0.066696609
20.816 2075001.842 0.066605014
20.731 2079216.155 0.066514220
20.647 2083441.640 0.066424235
20.563 2087678.226 0.066335063
20.479 2091925.839 0.066246710
20.395 2096184.410 0.066159181
20.311 2100453.866 0.066072483
20.227 2104734.138 0.065986619
20.143 2109025.154 0.065901596
20.060 2113326.846 0.065817419
