20.070 2104267.903 0.066249999
20.181 2098586.929 0.066362404
20.293 2092910.420 0.066476597
20.406 2087238.416 0.066592583
20.519 2081570.961 0.066710365
20.632 2075908.097 0.066829949
20.746 2070249.865 0.066951338
20.860 2064596.310 0.067074538
20.975 2058947.476 0.067199554
21.090 2053303.405 0.067326390
21.205 2047664.144 0.067455052
21.321 2042029.735 0.067585544
21.438 2036400.226 0.067717874
21.555 2030775.662 0.067852045
21.673 2025156.089 0.067988064
21.791 2019541.553 0.068125937
21.909 2013932.103 0.068265669
22.029 2008327.785 0.068407267
22.148 2002728.648 0.068550737
22.268 1997134.740 0.068696085
22.389 1991546.111 0.068843318
22.510 1985962.811 0.068992442
22.632 1980384.888 0.069143464
22.754 1974812.394 0.069296390
22.876 1969245.381 0.069451229
23.000 1963683.898 0.069607986
23.123 1958128.000 0.069766669
23.248 1952577.738 0.069927286
23.373 1947033.165 0.070089843
23.498 1941494.336 0.070254347
23.624 1935961.305 0.070420808
23.750 1930434.126 0.070589232
23.877 1924912.854 0.070759627
24.005 1919397.547 0.070932001
24.133 1913888.260 0.071106362
24.262 1908385.050 0.071282718
24.391 1902887.975 0.071461077
24.521 1897397.093 0.071641447
24.652 1891912.464 0.071823838
24.783 1886434.147 0.072008256
24.915 1880962.201 0.072194712
25.047 1875496.687 0.072383212
25.180 1870037.668 0.072573767
25.313 1864585.203 0.072766384
25.447 1859139.358 0.072961073
25.582 1853700.193 0.073157842
25.717 1848267.774 0.073356701
25.853 1842842.165 0.073557658
25.990 1837423.431 0.073760722
26.127 1832011.638 0.073965904
26.265 1826606.852 0.074173211
26.403 1821209.141 0.074382653
26.542 1815818.572 0.074594239
26.682 1810435.215 0.074807979
26.823 1805059.138 0.075023883
26.964 1799690.412 0.075241958
27.105 1794329.108 0.075462216
27.248 1788975.297 0.075684665
27.391 1783629.050 0.075909316
27.535 1778290.442 0.076136176
27.679 1772959.547 0.076365257
27.824 1767636.437 0.076596568
27.970 1762321.190 0.076830118
28.117 1757013.881 0.077065917
28.264 1751714.586 0.077303974
28.412 1746423.385 0.077544300
28.561 1741140.354 0.077786903
28.710 1735865.574 0.078031794
28.860 1730599.124 0.078278981
29.011 1725341.086 0.078528475
29.162 1720091.542 0.078780285
29.315 1714850.574 0.079034421
29.468 1709618.265 0.079290891
29.622 1704394.701 0.079549707
29.776 1699179.966 0.079810875
29.931 1693974.146 0.080074407
30.088 1688777.330 0.080340312
30.244 1683589.604 0.080608598
30.402 1678411.058 0.080879274
30.560 1673241.781 0.081152351
30.720 1668081.864 0.081427836
30.880 1662931.400 0.081705739
31.040 1657790.480 0.081986068
31.202 1652659.198 0.082268832
31.364 1647537.650 0.082554040
31.528 1642425.930 0.082841700
31.692 1637324.135 0.083131820
31.857 1632232.363 0.083424409
32.022 1627150.712 0.083719475
32.189 1622079.283 0.084017024
32.356 1617018.175 0.084317066
32.524 1611967.491 0.084619607
32.693 1606927.332 0.084924655
32.863 1601897.804 0.085232218
33.034 1596879.011 0.085542301
33.206 1591871.059 0.085854912
33.378 1586874.055 0.086170057
33.552 1581888.107 0.086487743
33.726 1576913.324 0.086807976
33.901 1571949.818 0.087130761
34.077 1566997.699 0.087456103
34.254 1562057.080 0.087784009
34.432 1557128.075 0.088114483
34.611 1552210.799 0.088447530
34.791 1547305.369 0.088783154
34.972 1542411.901 0.089121359
35.153 1537530.514 0.089462149
35.336 1532661.327 0.089805527
35.519 1527804.463 0.090151496
35.704 1522960.043 0.090500059
35.889 1518128.190 0.090851218
36.075 1513309.029 0.091204974
36.263 1508502.686 0.091561330
36.451 1503709.288 0.091920286
36.640 1498928.964 0.092281842
36.831 1494161.843 0.092646000
37.022 1489408.056 0.093012757
37.214 1484667.735 0.093382114
37.407 1479941.015 0.093754068
37.602 1475228.029 0.094128618
37.797 1470528.915 0.094505762
37.993 1465843.809 0.094885496
38.190 1461172.851 0.095267817
38.389 1456516.180 0.095652720
38.588 1451873.939 0.096040200
38.788 1447246.270 0.096430253
38.990 1442633.318 0.096822872
39.192 1438035.228 0.097218049
39.396 1433452.147 0.097615779
39.600 1428884.224 0.098016051
39.806 1424331.608 0.098418858
40.013 1419794.452 0.098824190
40.221 1415272.906 0.099232036
40.429 1410767.127 0.099642385
40.639 1406277.268 0.100055226
40.850 1401803.487 0.100470544
41.062 1397345.942 0.100888327
41.276 1392904.794 0.101308560
41.490 1388480.202 0.101731227
41.705 1384072.331 0.102156313
41.922 1379681.343 0.102583799
42.139 1375307.405 0.103013667
42.358 1370950.684 0.103445898
42.578 1366611.347 0.103880473
42.799 1362289.566 0.104317368
43.021 1357985.510 0.104756563
43.244 1353699.354 0.105198034
43.468 1349431.271 0.105641756
43.694 1345181.437 0.106087704
43.920 1340950.029 0.106535851
44.148 1336737.227 0.106986168
44.377 1332543.209 0.107438628
44.607 1328368.158 0.107893198
44.838 1324212.256 0.108349849
45.070 1320075.689 0.108808547
45.304 1315958.642 0.109269258
45.538 1311861.302 0.109731947
45.774 1307783.858 0.110196577
46.011 1303726.500 0.110663109
46.249 1299689.420 0.111131505
46.488 1295672.811 0.111601724
46.728 1291676.867 0.112073723
46.969 1287701.785 0.112547459
47.212 1283747.761 0.113022886
47.456 1279814.994 0.113499958
47.700 1275903.683 0.113978627
47.946 1272014.031 0.114458843
48.194 1268146.240 0.114940555
48.442 1264300.513 0.115423711
48.691 1260477.057 0.115908255
48.942 1256676.077 0.116394132
49.193 1252897.781 0.116881285
49.446 1249142.379 0.117369655
49.700 1245410.080 0.117859179
49.955 1241701.097 0.118349797
50.211 1238015.641 0.118841444
50.468 1234353.928 0.119334053
50.726 1230716.171 0.119827559
50.986 1227102.587 0.120321890
51.246 1223513.393 0.120816976
51.508 1219948.808 0.121312745
51.770 1216409.051 0.121809122
52.034 1212894.342 0.122306030
52.298 1209404.903 0.122803392
52.564 1205940.955 0.123301128
52.831 1202502.723 0.123799156
53.098 1199090.430 0.124297392
53.367 1195704.301 0.124795752
53.637 1192344.562 0.125294149
53.907 1189011.439 0.125792494
54.179 1185705.160 0.126290697
54.451 1182425.953 0.126788664
54.725 1179174.045 0.127286303
54.999 1175949.668 0.127783517
55.274 1172753.049 0.128280209
55.550 1169584.420 0.128776280
55.827 1166444.011 0.129271628
56.105 1163332.054 0.129766150
56.383 1160248.779 0.130259743
56.663 1157194.419 0.130752301
56.943 1154169.205 0.131243714
57.223 1151173.370 0.131733875
57.505 1148207.147 0.132222672
57.787 1145270.768 0.132709993
58.069 1142364.465 0.133195723
58.353 1139488.472 0.133679747
58.636 1136643.019 0.134161947
58.921 1133828.341 0.134642206
59.206 1131044.667 0.135120403
59.491 1128292.232 0.135596417
59.777 1125571.265 0.136070125
60.063 1122881.998 0.136541404
60.349 1120224.661 0.137010128
60.636 1117599.485 0.137476171
60.923 1115006.697 0.137939405
61.210 1112446.528 0.138399703
61.497 1109919.204 0.138856934
61.785 1107424.953 0.139310969
62.072 1104964.001 0.139761676
62.359 1102536.572 0.140208922
62.647 1100142.890 0.140652576
62.934 1097783.178 0.141092503
63.221 1095457.657 0.141528570
63.507 1093166.548 0.141960643
63.793 1090910.069 0.142388585
64.079 1088688.437 0.142812261
64.364 1086501.867 0.143231537
64.649 1084350.573 0.143646276
64.933 1082234.768 0.144056341
65.216 1080154.661 0.144461599
65.498 1078110.460 0.144861911
65.779 1076102.373 0.145257143
66.059 1074130.602 0.145647159
66.338 1072195.350 0.146031825
66.616 1070296.817 0.146411005
66.892 1068435.199 0.146784565
67.167 1066610.691 0.147152373
67.440 1064823.485 0.147514294
67.711 1063073.770 0.147870199
67.981 1061361.734 0.148219956
68.248 1059687.560 0.148563434
68.513 1058051.429 0.148900507
68.776 1056453.520 0.149231046
69.036 1054894.005 0.149554925
69.294 1053373.059 0.149872021
69.548 1051890.848 0.150182210
69.800 1050447.538 0.150485372
70.049 1049043.290 0.150781388
70.294 1047678.262 0.151070140
70.535 1046352.609 0.151351512
70.773 1045066.482 0.151625393
44.845 1325577.520 0.108149862
44.893 1324726.029 0.108243367
44.940 1323906.165 0.108333552
44.984 1323117.988 0.108420391
45.027 1322361.554 0.108503859
45.069 1321636.918 0.108583935
45.108 1320944.133 0.108660594
45.146 1320283.248 0.108733815
45.182 1319654.312 0.108803578
45.217 1319057.370 0.108869863
45.249 1318492.465 0.108932651
45.280 1317959.639 0.108991924
45.309 1317458.930 0.109047666
45.336 1316990.374 0.109099859
45.362 1316554.007 0.109148490
45.385 1316149.859 0.109193545
45.407 1315777.960 0.109235010
45.427 1315438.338 0.109272873
45.445 1315131.016 0.109307124
45.462 1314856.017 0.109337753
45.476 1314613.362 0.109364750
45.489 1314403.067 0.109388108
45.500 1314225.147 0.109407820
45.509 1314079.616 0.109423881
45.516 1313966.483 0.109436285
45.521 1313885.756 0.109445029
45.525 1313837.441 0.109450111
45.526 1313821.541 0.109451529
45.526 1313838.057 0.109449282
45.524 1313886.985 0.109443371
45.520 1313968.323 0.109433798
45.514 1314082.063 0.109420566
45.506 1314228.196 0.109403678
45.497 1314406.711 0.109383139
45.485 1314617.594 0.109358956
45.472 1314860.827 0.109331134
45.457 1315136.393 0.109299683
45.440 1315444.271 0.109264611
45.421 1315784.435 0.109225928
45.401 1316156.862 0.109183645
45.378 1316561.521 0.109137775
45.354 1316998.383 0.109088330
45.328 1317467.415 0.109035325
45.300 1317968.580 0.108978774
45.271 1318501.842 0.108918695
45.239 1319067.160 0.108855104
45.206 1319664.491 0.108788018
45.171 1320293.792 0.108717458
45.135 1320955.015 0.108643442
45.096 1321648.111 0.108565992
45.056 1322373.029 0.108485130
45.014 1323129.715 0.108400878
44.971 1323918.114 0.108313259
44.926 1324738.166 0.108222298
44.879 1325589.813 0.108128021
44.830 1326472.992 0.108030452
44.780 1327387.638 0.107929620
44.728 1328333.685 0.107825551
44.675 1329311.064 0.107718275
44.620 1330319.706 0.107607820
44.563 1331359.536 0.107494216
44.505 1332430.482 0.107377494
44.445 1333532.465 0.107257686
44.384 1334665.408 0.107134823
44.321 1335829.230 0.107008938
44.257 1337023.848 0.106880064
44.191 1338249.179 0.106748236
44.124 1339505.137 0.106613488
44.055 1340791.633 0.106475855
43.985 1342108.578 0.106335372
43.913 1343455.881 0.106192077
43.840 1344833.448 0.106046007
43.766 1346241.185 0.105897197
43.690 1347678.995 0.105745686
43.613 1349146.780 0.105591513
43.534 1350644.441 0.105434716
43.455 1352171.875 0.105275334
43.374 1353728.981 0.105113406
43.291 1355315.654 0.104948973
43.208 1356931.788 0.104782075
43.123 1358577.276 0.104612752
43.037 1360252.009 0.104441045
42.950 1361955.877 0.104266995
42.861 1363688.769 0.104090644
42.772 1365450.572 0.103912033
42.681 1367241.172 0.103731205
42.589 1369060.454 0.103548201
42.497 1370908.301 0.103363063
42.403 1372784.596 0.103175835
42.308 1374689.220 0.102986558
42.212 1376622.052 0.102795275
42.115 1378582.973 0.102602030
42.017 1380571.859 0.102406865
41.918 1382588.587 0.102209823
41.818 1384633.034 0.102010947
41.717 1386705.075 0.101810280
41.615 1388804.582 0.101607866
41.512 1390931.430 0.101403747
41.409 1393085.491 0.101197967
41.304 1395266.636 0.100990568
41.199 1397474.735 0.100781593
41.093 1399709.658 0.100571086
40.986 1401971.275 0.100359089
40.878 1404259.454 0.100145644
40.770 1406574.062 0.099930795
40.660 1408914.966 0.099714584
40.551 1411282.033 0.099497053
40.440 1413675.129 0.099278244
40.329 1416094.119 0.099058200
40.217 1418538.867 0.098836961
40.104 1421009.237 0.098614570
39.991 1423505.095 0.098391068
39.877 1426026.301 0.098166495
39.762 1428572.721 0.097940894
39.647 1431144.216 0.097714304
39.532 1433740.648 0.097486765
39.416 1436361.878 0.097258319
39.299 1439007.770 0.097029004
39.182 1441678.183 0.096798860
39.064 1444372.978 0.096567926
38.946 1447092.017 0.096336242
38.827 1449835.160 0.096103845
38.708 1452602.267 0.095870774
38.589 1455393.198 0.095637067
38.469 1458207.814 0.095402761
38.348 1461045.973 0.095167894
38.227 1463907.538 0.094932501
38.106 1466792.366 0.094696621
37.985 1469700.318 0.094460288
37.863 1472631.253 0.094223538
37.741 1475585.032 0.093986407
37.618 1478561.514 0.093748929
37.496 1481560.559 0.093511139
37.373 1484582.027 0.093273071
37.249 1487625.778 0.093034759
37.126 1490691.672 0.092796236
37.002 1493779.569 0.092557535
36.878 1496889.330 0.092318688
36.754 1500020.816 0.092079727
36.629 1503173.886 0.091840684
36.504 1506348.403 0.091601590
36.380 1509544.227 0.091362476
36.255 1512761.219 0.091123372
36.129 1515999.242 0.090884307
36.004 1519258.158 0.090645312
35.878 1522537.828 0.090406415
35.753 1525838.116 0.090167645
35.627 1529158.884 0.089929030
35.501 1532499.996 0.089690598
35.375 1535861.315 0.089452375
35.249 1539242.704 0.089214390
35.123 1542644.030 0.088976667
34.997 1546065.155 0.088739234
34.871 1549505.946 0.088502115
34.745 1552966.268 0.088265336
34.618 1556445.987 0.088028922
34.492 1559944.969 0.087792896
34.366 1563463.081 0.087557283
34.239 1567000.192 0.087322105
34.113 1570556.167 0.087087386
33.987 1574130.877 0.086853149
33.860 1577724.189 0.086619415
33.734 1581335.973 0.086386206
33.608 1584966.099 0.086153544
33.481 1588614.438 0.085921449
33.355 1592280.859 0.085689942
33.229 1595965.236 0.085459043
33.103 1599667.439 0.085228772
32.977 1603387.341 0.084999147
32.851 1607124.816 0.084770188
32.725 1610879.736 0.084541914
32.600 1614651.978 0.084314341
32.474 1618441.414 0.084087489
32.348 1622247.921 0.083861374
32.223 1626071.376 0.083636014
32.098 1629911.654 0.083411424
31.972 1633768.632 0.083187622
31.847 1637642.190 0.082964623
31.722 1641532.205 0.082742443
31.598 1645438.557 0.082521096
31.473 1649361.125 0.082300598
31.348 1653299.790 0.082080962
31.224 1657254.433 0.081862204
31.100 1661224.935 0.081644337
30.976 1665211.180 0.081427374
30.852 1669213.050 0.081211329
30.728 1673230.429 0.080996214
30.605 1677263.201 0.080782041
30.482 1681311.251 0.080568824
30.358 1685374.465 0.080356573
30.235 1689452.729 0.080145301
30.113 1693545.931 0.079935018
29.990 1697653.957 0.079725736
29.868 1701776.697 0.079517465
29.746 1705914.039 0.079310215
29.624 1710065.873 0.079103998
29.502 1714232.090 0.078898821
29.380 1718412.580 0.078694696
29.259 1722607.236 0.078491631
29.138 1726815.949 0.078289636
29.017 1731038.613 0.078088719
28.897 1735275.121 0.077888888
28.776 1739525.369 0.077690152
28.656 1743789.250 0.077492520
28.536 1748066.662 0.077295998
28.416 1752357.500 0.077100594
28.297 1756661.662 0.076906316
28.178 1760979.046 0.076713171
28.059 1765309.549 0.076521165
27.940 1769653.072 0.076330306
27.822 1774009.514 0.076140599
27.704 1778378.776 0.075952052
27.586 1782760.759 0.075764669
27.468 1787155.365 0.075578458
27.351 1791562.496 0.075393423
27.233 1795982.057 0.075209570
27.116 1800413.950 0.075026904
27.000 1804858.080 0.074845431
26.883 1809314.353 0.074665155
26.767 1813782.674 0.074486081
26.652 1818262.951 0.074308214
26.536 1822755.090 0.074131558
26.421 1827259.000 0.073956117
26.306 1831774.588 0.073781897
26.191 1836301.765 0.073608899
26.076 1840840.439 0.073437129
25.962 1845390.522 0.073266590
25.848 1849951.925 0.073097286
25.735 1854524.559 0.072929220
25.621 1859108.338 0.072762394
25.508 1863703.173 0.072596814
25.395 1868308.980 0.072432481
25.283 1872925.671 0.072269398
25.171 1877553.163 0.072107568
25.059 1882191.371 0.071946995
24.947 1886840.211 0.071787679
24.836 1891499.599 0.071629625
24.725 1896169.455 0.071472834
24.614 1900849.695 0.071317309
24.503 1905540.238 0.071163051
24.393 1910241.005 0.071010063
24.283 1914951.913 0.070858348
24.173 1919672.885 0.070707906
24.064 1924403.842 0.070558739
23.955 1929144.705 0.070410851
23.846 1933895.396 0.070264241
23.738 1938655.838 0.070118912
23.629 1943425.956 0.069974865
23.521 1948205.672 0.069832103
23.414 1952994.913 0.069690625
23.306 1957793.602 0.069550435
23.199 1962601.667 0.069411532
23.092 1967419.032 0.069273919
22.986 1972245.626 0.069137596
22.880 1977081.376 0.069002565
22.774 1981926.210 0.068868827
22.668 1986780.056 0.068736382
22.563 1991642.844 0.068605233
22.458 1996514.504 0.068475380
22.353 2001394.966 0.068346824
22.248 2006284.161 0.068219566
22.144 2011182.019 0.068093608
22.040 2016088.474 0.067968949
21.936 2021003.457 0.067845591
21.833 2025926.902 0.067723535
21.730 2030858.742 0.067602782
21.627 2035798.912 0.067483332
21.525 2040747.344 0.067365186
21.422 2045703.976 0.067248346
21.320 2050668.742 0.067132812
21.219 2055641.578 0.067018586
21.117 2060622.421 0.066905667
21.016 2065611.209 0.066794056
20.915 2070607.878 0.066683756
20.815 2075612.367 0.066574766
20.715 2080624.614 0.066467087
20.615 2085644.558 0.066360721
20.515 2090672.140 0.066255668
20.416 2095707.298 0.066151929
20.316 2100749.974 0.066049505
20.217 2105800.108 0.065948398
20.119 2110857.642 0.065848607
20.021 2115922.518 0.065750135
