20.084 2100570.736 0.066412385
20.206 2094345.114 0.066536801
20.329 2088124.417 0.066663384
20.453 2081908.696 0.066792140
20.577 2075698.002 0.066923077
20.701 2069492.388 0.067056200
20.826 2063291.906 0.067191517
20.952 2057096.609 0.067329035
21.078 2050906.550 0.067468760
21.205 2044721.786 0.067610702
21.332 2038542.369 0.067754866
21.460 2032368.355 0.067901262
21.589 2026199.802 0.068049898
21.718 2020036.765 0.068200782
21.848 2013879.301 0.068353922
21.978 2007727.469 0.068509327
22.109 2001581.328 0.068667007
22.241 1995440.936 0.068826970
22.373 1989306.353 0.068989226
22.506 1983177.641 0.069153784
22.640 1977054.860 0.069320655
22.774 1970938.072 0.069489848
22.909 1964827.340 0.069661373
23.044 1958722.727 0.069835240
23.180 1952624.297 0.070011461
23.317 1946532.115 0.070190046
23.455 1940446.246 0.070371005
23.593 1934366.757 0.070554349
23.732 1928293.714 0.070740091
23.871 1922227.185 0.070928241
24.012 1916167.239 0.071118811
24.153 1910113.945 0.071311812
24.294 1904067.372 0.071507256
24.437 1898027.593 0.071705156
24.580 1891994.677 0.071905524
24.724 1885968.698 0.072108371
24.868 1879949.729 0.072313711
25.013 1873937.844 0.072521556
25.159 1867933.118 0.072731919
25.306 1861935.626 0.072944812
25.454 1855945.446 0.073160249
25.602 1849962.655 0.073378244
25.751 1843987.331 0.073598808
25.901 1838019.553 0.073821956
26.052 1832059.402 0.074047702
26.203 1826106.959 0.074276059
26.355 1820162.306 0.074507040
26.508 1814225.525 0.074740661
26.662 1808296.702 0.074976934
26.817 1802375.921 0.075215874
26.972 1796463.267 0.075457495
27.128 1790558.828 0.075701812
27.285 1784662.692 0.075948838
27.443 1778774.948 0.076198589
27.602 1772895.685 0.076451079
27.762 1767024.994 0.076706323
27.922 1761162.969 0.076964335
28.084 1755309.701 0.077225130
28.246 1749465.285 0.077488722
28.409 1743629.817 0.077755128
28.573 1737803.393 0.078024362
28.738 1731986.110 0.078296438
28.904 1726178.068 0.078571371
29.071 1720379.365 0.078849178
29.239 1714590.104 0.079129872
29.407 1708810.386 0.079413469
29.577 1703040.315 0.079699983
29.747 1697279.995 0.079989431
29.919 1691529.532 0.080281826
30.091 1685789.034 0.080577184
30.265 1680058.609 0.080875520
30.439 1674338.366 0.081176848
30.615 1668628.416 0.081481184
30.791 1662928.871 0.081788542
30.968 1657239.846 0.082098937
31.147 1651561.454 0.082412384
31.326 1645893.812 0.082728897
31.507 1640237.038 0.083048491
31.688 1634591.251 0.083371180
31.871 1628956.570 0.083696978
32.054 1623333.118 0.084025899
32.239 1617721.018 0.084357958
32.425 1612120.394 0.084693167
32.612 1606531.372 0.085031541
32.800 1600954.081 0.085373093
32.989 1595388.649 0.085717836
33.179 1589835.206 0.086065783
33.370 1584293.885 0.086416947
33.563 1578764.820 0.086771340
33.756 1573248.145 0.087128975
33.951 1567743.997 0.087489863
34.147 1562252.515 0.087854016
34.344 1556773.838 0.088221445
34.542 1551308.109 0.088592162
34.742 1545855.470 0.088966177
34.942 1540416.067 0.089343501
35.144 1534990.045 0.089724142
35.347 1529577.554 0.090108111
35.552 1524178.742 0.090495417
35.757 1518793.763 0.090886068
35.964 1513422.769 0.091280073
36.172 1508065.915 0.091677439
36.381 1502723.359 0.092078174
36.592 1497395.259 0.092482283
36.804 1492081.776 0.092889773
37.017 1486783.073 0.093300650
37.231 1481499.313 0.093714918
37.447 1476230.663 0.094132582
37.664 1470977.291 0.094553644
37.883 1465739.366 0.094978109
38.103 1460517.062 0.095405979
38.324 1455310.550 0.095837254
38.546 1450120.008 0.096271935
38.770 1444945.613 0.096710022
38.996 1439787.544 0.097151515
39.222 1434645.983 0.097596412
39.450 1429521.114 0.098044710
39.680 1424413.122 0.098496405
39.911 1419322.196 0.098951493
40.143 1414248.525 0.099409968
40.377 1409192.300 0.099871824
40.613 1404153.716 0.100337054
40.850 1399132.969 0.100805648
41.088 1394130.256 0.101277597
41.328 1389145.779 0.101752891
41.569 1384179.739 0.102231516
41.812 1379232.340 0.102713461
42.056 1374303.790 0.103198710
42.302 1369394.298 0.103687247
42.550 1364504.074 0.104179055
42.799 1359633.331 0.104674116
43.050 1354782.285 0.105172411
43.302 1349951.153 0.105673916
43.556 1345140.156 0.106178610
43.811 1340349.514 0.106686469
44.068 1335579.453 0.107197466
44.327 1330830.198 0.107711573
44.587 1326101.979 0.108228762
44.849 1321395.026 0.108749002
45.112 1316709.572 0.109272260
45.378 1312045.852 0.109798501
45.645 1307404.105 0.110327689
45.913 1302784.570 0.110859787
46.184 1298187.489 0.111394754
46.456 1293613.106 0.111932548
46.729 1289061.669 0.112473125
47.005 1284533.425 0.113016440
47.282 1280028.626 0.113562444
47.561 1275547.524 0.114111087
47.842 1271090.376 0.114662317
48.124 1266657.439 0.115216080
48.408 1262248.973 0.115772317
48.694 1257865.239 0.116330972
48.982 1253506.503 0.116891981
49.271 1249173.029 0.117455281
49.563 1244865.088 0.118020807
49.856 1240582.948 0.118588489
50.151 1236326.884 0.119158257
50.448 1232097.169 0.119730036
50.746 1227894.081 0.120303751
51.047 1223717.898 0.120879322
51.349 1219568.902 0.121456669
51.653 1215447.374 0.122035707
51.960 1211353.600 0.122616350
52.267 1207287.867 0.123198507
52.577 1203250.462 0.123782087
52.889 1199241.677 0.124366995
53.202 1195261.804 0.124953132
53.518 1191311.136 0.125540398
53.835 1187389.970 0.126128690
54.154 1183498.603 0.126717900
54.476 1179637.333 0.127307920
54.799 1175806.462 0.127898637
55.123 1172006.291 0.128489936
55.450 1168237.124 0.129081698
55.779 1164499.267 0.129673804
56.110 1160793.025 0.130266127
56.442 1157118.706 0.130858543
56.777 1153476.620 0.131450920
57.113 1149867.076 0.132043126
57.452 1146290.386 0.132635024
57.792 1142746.862 0.133226477
58.134 1139236.817 0.133817342
58.478 1135760.565 0.134407474
58.824 1132318.421 0.134996726
59.172 1128910.701 0.135584948
59.522 1125537.721 0.136171987
59.874 1122199.797 0.136757686
60.227 1118897.248 0.137341887
60.583 1115630.390 0.137924428
60.940 1112399.542 0.138505145
61.300 1109205.022 0.139083871
61.661 1106047.147 0.139660438
62.024 1102926.236 0.140234672
62.389 1099842.607 0.140806401
62.756 1096796.577 0.141375447
63.125 1093788.464 0.141941631
63.496 1090818.584 0.142504773
63.868 1087887.254 0.143064689
64.242 1084994.789 0.143621193
64.618 1082141.505 0.144174100
64.996 1079327.714 0.144723218
65.376 1076553.729 0.145268359
65.758 1073819.861 0.145809329
66.141 1071126.421 0.146345935
66.526 1068473.718 0.146877981
66.913 1065862.057 0.147405271
67.301 1063291.745 0.147927607
67.691 1060763.083 0.148444791
68.083 1058276.375 0.148956622
68.477 1055831.918 0.149462902
68.872 1053430.009 0.149963428
69.269 1051070.942 0.150458001
69.668 1048755.009 0.150946418
70.068 1046482.499 0.151428479
70.470 1044253.697 0.151903982
70.873 1042068.887 0.152372725
71.278 1039928.346 0.152834509
71.684 1037832.353 0.153289134
72.092 1035781.179 0.153736400
72.501 1033775.093 0.154176108
72.912 1031814.360 0.154608063
73.324 1029899.241 0.155032068
73.738 1028029.994 0.155447930
74.153 1026206.869 0.155855456
74.569 1024430.117 0.156254456
74.987 1022699.979 0.156644741
75.405 1021016.696 0.157026126
75.825 1019380.499 0.157398428
76.247 1017791.619 0.157761466
76.669 1016250.279 0.158115062
77.093 1014756.697 0.158459042
77.517 1013311.085 0.158793236
77.943 1011913.651 0.159117475
78.370 1010564.595 0.159431595
78.797 1009264.114 0.159735438
79.226 1008012.395 0.160028846
79.655 1006809.624 0.160311670
80.086 1005655.975 0.160583761
80.517 1004551.619 0.160844977
80.949 1003496.721 0.161095182
81.381 1002491.437 0.161334242
81.814 1001535.918 0.161562031
82.248 1000630.307 0.161778427
82.682 999774.740 0.161983313
83.117 998969.347 0.162176579
83.551 998214.251 0.162358120
83.986 997509.564 0.162527836
84.421 996855.397 0.162685636
84.856 996251.847 0.162831432
85.291 995699.009 0.162965144
85.724 995196.966 0.163086698
86.157 994745.797 0.163196027
86.588 994345.570 0.163293070
87.016 993996.348 0.163377773
87.440 993698.184 0.163450088
87.857 993451.125 0.163509975
88.262 993255.208 0.163557401
88.644 993110.465 0.163592338
88.977 993016.917 0.163614767
89.195 992974.579 0.163624675
89.200 992983.457 0.163622056
88.988 993043.549 0.163606912
88.659 993154.847 0.163579251
88.278 993317.333 0.163539088
87.874 993530.980 0.163486446
87.457 993795.757 0.163421354
87.034 994111.620 0.163343848
86.606 994478.522 0.163253970
86.175 994896.405 0.163151772
85.742 995365.204 0.163037309
85.309 995884.847 0.162910645
84.875 996455.254 0.162771849
84.440 997076.335 0.162620998
84.005 997747.997 0.162458175
83.571 998470.136 0.162283468
83.136 999242.641 0.162096972
82.702 1000065.395 0.161898790
82.268 1000938.273 0.161689027
81.835 1001861.143 0.161467796
81.402 1002833.865 0.161235216
76.997 1015672.224 0.158222305
77.298 1014636.847 0.158460767
77.592 1013650.517 0.158688508
77.879 1012713.377 0.158905409
78.158 1011825.566 0.159111355
78.428 1010987.212 0.159306238
78.688 1010198.441 0.159489956
78.938 1009459.369 0.159662409
79.177 1008770.106 0.159823507
79.404 1008130.755 0.159973162
79.618 1007541.410 0.160111294
79.819 1007002.160 0.160237829
80.005 1006513.085 0.160352697
80.175 1006074.260 0.160455837
80.329 1005685.751 0.160547192
80.465 1005347.614 0.160626713
80.584 1005059.902 0.160694355
80.683 1004822.658 0.160750081
80.764 1004635.918 0.160793861
80.824 1004499.709 0.160825672
80.864 1004414.052 0.160845494
80.883 1004378.960 0.160853317
80.881 1004394.438 0.160849137
80.859 1004460.482 0.160832955
80.815 1004577.084 0.160804781
80.752 1004744.224 0.160764630
80.669 1004961.877 0.160712523
80.566 1005230.010 0.160648489
80.444 1005548.581 0.160572563
80.305 1005917.543 0.160484785
80.149 1006336.838 0.160385204
79.976 1006806.404 0.160273874
79.788 1007326.170 0.160150855
79.585 1007896.055 0.160016213
79.369 1008515.976 0.159870020
79.140 1009185.838 0.159712356
78.900 1009905.542 0.159543304
78.648 1010674.979 0.159362955
78.386 1011494.035 0.159171404
78.115 1012362.588 0.158968752
77.836 1013280.511 0.158755107
77.548 1014247.666 0.158530581
77.253 1015263.913 0.158295289
76.951 1016329.103 0.158049356
76.642 1017443.081 0.157792906
76.329 1018605.685 0.157526073
76.010 1019816.746 0.157248991
75.686 1021076.092 0.156961802
75.358 1022383.542 0.156664650
75.026 1023738.910 0.156357683
74.691 1025142.004 0.156041055
74.352 1026592.626 0.155714920
74.010 1028090.574 0.155379439
73.666 1029635.639 0.155034775
73.320 1031227.608 0.154681092
72.971 1032866.260 0.154318562
72.621 1034551.374 0.153947353
72.269 1036282.719 0.153567642
71.915 1038060.062 0.153179605
71.561 1039883.165 0.152783419
71.205 1041751.786 0.152379267
70.848 1043665.677 0.151967330
70.491 1045624.589 0.151547793
70.133 1047628.265 0.151120841
69.775 1049676.447 0.150686661
69.416 1051768.873 0.150245441
69.057 1053905.276 0.149797370
68.699 1056085.387 0.149342638
68.340 1058308.933 0.148881435
67.981 1060575.638 0.148413951
67.623 1062885.224 0.147940378
67.264 1065237.408 0.147460907
66.907 1067631.906 0.146975728
66.549 1070068.432 0.146485032
66.192 1072546.695 0.145989010
65.836 1075066.405 0.145487851
65.481 1077627.267 0.144981745
65.126 1080228.986 0.144470880
64.772 1082871.264 0.143955444
64.419 1085553.802 0.143435622
64.067 1088276.299 0.142911601
63.716 1091038.453 0.142383565
63.366 1093839.959 0.141851696
63.017 1096680.513 0.141316174
62.668 1099559.809 0.140777181
62.322 1102477.540 0.140234893
61.976 1105433.398 0.139689487
61.631 1108427.075 0.139141136
61.288 1111458.262 0.138590013
60.946 1114526.648 0.138036288
60.605 1117631.924 0.137480129
60.266 1120773.780 0.136921702
59.928 1123951.905 0.136361170
59.591 1127165.989 0.135798694
59.256 1130415.721 0.135234433
58.922 1133700.791 0.134668543
58.590 1137020.888 0.134101179
58.259 1140375.703 0.133532491
57.929 1143764.927 0.132962629
57.601 1147188.251 0.132391738
57.275 1150645.365 0.131819962
56.950 1154135.963 0.131247441
56.626 1157659.738 0.130674315
56.304 1161216.383 0.130100717
55.984 1164805.593 0.129526782
55.665 1168427.064 0.128952638
55.348 1172080.493 0.128378413
55.033 1175765.578 0.127804232
54.719 1179482.017 0.127230216
54.406 1183229.511 0.126656483
54.096 1187007.761 0.126083150
53.786 1190816.471 0.125510330
53.479 1194655.344 0.124938134
53.173 1198524.087 0.124366670
52.869 1202422.406 0.123796041
52.566 1206350.010 0.123226352
52.265 1210306.610 0.122657701
51.966 1214291.918 0.122090186
51.668 1218305.647 0.121523900
51.372 1222347.513 0.120958935
51.077 1226417.233 0.120395380
50.784 1230514.525 0.119833322
50.493 1234639.112 0.119272843
50.204 1238790.715 0.118714027
49.916 1242969.058 0.118156950
49.629 1247173.869 0.117601690
49.345 1251404.876 0.117048320
49.062 1255661.809 0.116496911
48.780 1259944.400 0.115947533
48.500 1264252.384 0.115400251
48.222 1268585.497 0.114855131
47.946 1272943.477 0.114312234
47.671 1277326.066 0.113771620
47.397 1281733.006 0.113233347
47.125 1286164.040 0.112697469
46.855 1290618.917 0.112164040
46.587 1295097.385 0.111633112
46.319 1299599.195 0.111104733
46.054 1304124.100 0.110578950
45.790 1308671.855 0.110055809
45.528 1313242.218 0.109535352
45.267 1317834.949 0.109017620
45.008 1322449.808 0.108502655
44.750 1327086.561 0.107990491
44.494 1331744.973 0.107481167
44.239 1336424.813 0.106974715
43.986 1341125.850 0.106471168
43.735 1345847.857 0.105970556
43.485 1350590.609 0.105472910
43.236 1355353.883 0.104978255
42.989 1360137.458 0.104486619
42.743 1364941.115 0.103998026
42.499 1369764.637 0.103512498
42.256 1374607.809 0.103030058
42.015 1379470.420 0.102550725
41.775 1384352.258 0.102074518
41.537 1389253.117 0.101601455
41.300 1394172.788 0.101131552
41.065 1399111.069 0.100664824
40.831 1404067.758 0.100201284
40.598 1409042.654 0.099740947
40.367 1414035.560 0.099283821
40.137 1419046.280 0.098829919
39.908 1424074.621 0.098379250
39.681 1429120.390 0.097931821
39.455 1434183.399 0.097487640
39.231 1439263.459 0.097046713
39.008 1444360.384 0.096609045
38.786 1449473.992 0.096174641
38.566 1454604.100 0.095743505
38.347 1459750.529 0.095315638
38.129 1464913.101 0.094891044
37.912 1470091.640 0.094469722
37.697 1475285.972 0.094051672
37.483 1480495.925 0.093636896
37.271 1485721.328 0.093225390
37.059 1490962.014 0.092817154
36.849 1496217.816 0.092412185
36.640 1501488.569 0.092010479
36.432 1506774.110 0.091612032
36.226 1512074.279 0.091216841
36.021 1517388.916 0.090824900
35.817 1522717.864 0.090436204
35.614 1528060.967 0.090050746
35.412 1533418.071 0.089668520
35.212 1538789.023 0.089289519
35.013 1544173.674 0.088913735
34.814 1549571.874 0.088541160
34.617 1554983.477 0.088171786
34.422 1560408.336 0.087805605
34.227 1565846.308 0.087442606
34.033 1571297.251 0.087082780
33.841 1576761.023 0.086726118
33.650 1582237.487 0.086372609
33.459 1587726.503 0.086022242
33.270 1593227.938 0.085675008
33.082 1598741.655 0.085330893
32.895 1604267.523 0.084989888
32.709 1609805.410 0.084651981
32.525 1615355.187 0.084317159
32.341 1620916.724 0.083985410
32.158 1626489.895 0.083656723
31.976 1632074.574 0.083331084
31.796 1637670.639 0.083008481
31.616 1643277.965 0.082688901
31.437 1648896.432 0.082372331
31.260 1654525.920 0.082058758
31.083 1660166.311 0.081748168
30.907 1665817.487 0.081440548
30.733 1671479.334 0.081135885
30.559 1677151.735 0.080834164
30.386 1682834.579 0.080535373
30.214 1688527.754 0.080239496
30.043 1694231.149 0.079946521
29.874 1699944.654 0.079656434
29.705 1705668.163 0.079369220
29.536 1711401.567 0.079084865
29.369 1717144.763 0.078803355
29.203 1722897.644 0.078524676
29.038 1728660.108 0.078248815
28.873 1734432.054 0.077975756
28.710 1740213.380 0.077705486
28.547 1746003.987 0.077437990
28.385 1751803.776 0.077173255
28.224 1757612.649 0.076911266
28.064 1763430.512 0.076652009
27.905 1769257.268 0.076395470
27.747 1775092.823 0.076141636
27.589 1780937.084 0.075890491
27.432 1786789.960 0.075642023
27.276 1792651.359 0.075396217
27.121 1798521.192 0.075153060
26.967 1804399.370 0.074912537
26.814 1810285.805 0.074674636
26.661 1816180.409 0.074439342
26.509 1822083.098 0.074206642
26.358 1827993.786 0.073976523
26.208 1833912.390 0.073748971
26.058 1839838.825 0.073523973
25.909 1845773.012 0.073301516
25.761 1851714.867 0.073081587
25.614 1857664.311 0.072864172
25.467 1863621.266 0.072649260
25.322 1869585.651 0.072436837
25.177 1875557.390 0.072226891
25.032 1881536.406 0.072019409
24.889 1887522.623 0.071814379
24.746 1893515.967 0.071611789
24.603 1899516.363 0.071411627
24.462 1905523.737 0.071213880
24.321 1911538.018 0.071018537
24.181 1917559.134 0.070825587
24.042 1923587.014 0.070635017
23.903 1929621.587 0.070446817
23.765 1935662.784 0.070260975
23.628 1941710.538 0.070077480
23.491 1947764.779 0.069896321
23.355 1953825.442 0.069717488
23.219 1959892.459 0.069540969
23.085 1965965.765 0.069366755
22.951 1972045.295 0.069194835
22.817 1978130.986 0.069025199
22.684 1984222.773 0.068857837
22.552 1990320.594 0.068692739
22.421 1996424.387 0.068529896
22.290 2002534.090 0.068369298
22.159 2008649.643 0.068210937
22.030 2014770.986 0.068054802
21.900 2020898.059 0.067900886
21.772 2027030.803 0.067749179
21.644 2033169.161 0.067599673
21.517 2039313.074 0.067452360
21.390 2045462.487 0.067307231
21.264 2051617.342 0.067164279
21.138 2057777.584 0.067023496
21.013 2063943.158 0.066884874
20.889 2070114.009 0.066748406
20.765 2076290.084 0.066614085
20.641 2082471.329 0.066481903
20.518 2088657.691 0.066351855
20.396 2094849.119 0.066223934
20.274 2101045.560 0.066098133
20.153 2107246.963 0.065974446
20.033 2113453.279 0.065852868
