20.051 2105708.642 0.066207914
20.157 2100304.697 0.066314380
20.263 2094910.185 0.066422352
20.369 2089525.184 0.066531828
20.476 2084149.775 0.066642806
20.583 2078784.036 0.066755282
20.691 2073428.049 0.066869254
20.799 2068081.894 0.066984721
20.907 2062745.654 0.067101679
21.015 2057419.410 0.067220127
21.124 2052103.247 0.067340062
21.233 2046797.248 0.067461482
21.342 2041501.498 0.067584384
21.451 2036216.082 0.067708766
21.561 2030941.086 0.067834625
21.671 2025676.598 0.067961960
21.782 2020422.703 0.068090767
21.893 2015179.492 0.068221044
22.004 2009947.052 0.068352789
22.115 2004725.473 0.068485999
22.227 1999514.845 0.068620671
22.339 1994315.261 0.068756803
22.451 1989126.810 0.068894393
22.564 1983949.587 0.069033436
22.677 1978783.685 0.069173931
22.790 1973629.197 0.069315875
22.903 1968486.218 0.069459265
23.017 1963354.845 0.069604097
23.131 1958235.173 0.069750369
23.246 1953127.300 0.069898077
23.360 1948031.323 0.070047219
23.475 1942947.342 0.070197790
23.591 1937875.455 0.070349788
23.706 1932815.764 0.070503209
23.822 1927768.370 0.070658049
23.938 1922733.373 0.070814304
24.055 1917710.878 0.070971971
24.172 1912700.987 0.071131045
24.289 1907703.805 0.071291522
24.406 1902719.437 0.071453399
24.524 1897747.988 0.071616671
24.642 1892789.567 0.071781333
24.760 1887844.280 0.071947380
24.879 1882912.236 0.072114808
24.997 1877993.544 0.072283612
25.117 1873088.314 0.072453786
25.236 1868196.657 0.072625326
25.356 1863318.685 0.072798226
25.476 1858454.510 0.072972480
25.596 1853604.247 0.073148082
25.716 1848768.009 0.073325026
25.837 1843945.912 0.073503306
25.958 1839138.071 0.073682917
26.079 1834344.603 0.073863850
26.201 1829565.627 0.074046099
26.323 1824801.261 0.074229657
26.445 1820051.624 0.074414518
26.567 1815316.836 0.074600672
26.690 1810597.020 0.074788113
26.813 1805892.296 0.074976833
26.936 1801202.788 0.075166824
27.060 1796528.620 0.075358076
27.183 1791869.916 0.075550581
27.307 1787226.802 0.075744331
27.431 1782599.404 0.075939315
27.556 1777987.850 0.076135525
27.680 1773392.267 0.076332951
27.805 1768812.785 0.076531582
27.930 1764249.534 0.076731408
28.056 1759702.644 0.076932418
28.181 1755172.248 0.077134602
28.307 1750658.477 0.077337948
28.433 1746161.464 0.077542444
28.559 1741681.345 0.077748079
28.685 1737218.255 0.077954839
28.812 1732772.328 0.078162713
28.939 1728343.703 0.078371688
29.066 1723932.516 0.078581750
29.193 1719538.907 0.078792885
29.320 1715163.014 0.079005080
29.447 1710804.978 0.079218320
29.575 1706464.940 0.079432590
29.703 1702143.042 0.079647875
29.831 1697839.426 0.079864159
29.959 1693554.237 0.080081428
30.087 1689287.618 0.080299663
30.216 1685039.715 0.080518849
30.344 1680810.673 0.080738968
30.473 1676600.641 0.080960004
30.602 1672409.764 0.081181937
30.731 1668238.193 0.081404749
30.860 1664086.075 0.081628422
30.989 1659953.562 0.081852936
31.118 1655840.803 0.082078272
31.247 1651747.950 0.082304409
31.377 1647675.156 0.082531327
31.506 1643622.574 0.082759004
31.635 1639590.356 0.082987420
31.765 1635578.659 0.083216552
31.895 1631587.637 0.083446377
32.024 1627617.446 0.083676874
32.154 1623668.242 0.083908017
32.284 1619740.184 0.084139784
32.413 1615833.428 0.084372150
32.543 1611948.134 0.084605091
32.673 1608084.461 0.084838579
32.802 1604242.568 0.085072591
32.932 1600422.617 0.085307099
33.062 1596624.767 0.085542077
33.191 1592849.182 0.085777497
33.321 1589096.023 0.086013331
33.450 1585365.454 0.086249551
33.579 1581657.637 0.086486128
33.708 1577972.736 0.086723033
33.838 1574310.916 0.086960235
33.967 1570672.341 0.087197704
34.096 1567057.178 0.087435409
34.224 1563465.591 0.087673319
34.353 1559897.748 0.087911402
34.481 1556353.814 0.088149624
34.610 1552833.957 0.088387954
34.738 1549338.344 0.088626357
34.865 1545867.142 0.088864799
34.993 1542420.521 0.089103246
35.120 1538998.647 0.089341662
35.248 1535601.691 0.089580013
35.374 1532229.820 0.089818261
35.501 1528883.204 0.090056371
35.627 1525562.012 0.090294305
35.753 1522266.413 0.090532025
35.879 1518996.578 0.090769493
36.005 1515752.675 0.091006671
36.130 1512534.875 0.091243520
36.254 1509343.347 0.091480000
36.378 1506178.263 0.091716071
36.502 1503039.790 0.091951692
36.626 1499928.100 0.092186823
36.749 1496843.362 0.092421422
36.871 1493785.745 0.092655447
36.993 1490755.421 0.092888856
30.159 1688411.407 0.080301326
30.127 1689495.052 0.080245120
30.094 1690607.363 0.080187565
30.060 1691748.282 0.080128675
30.025 1692917.751 0.080068462
29.990 1694115.707 0.080006940
29.954 1695342.088 0.079944122
29.917 1696596.831 0.079880021
29.879 1697879.870 0.079814653
29.840 1699191.140 0.079748031
29.801 1700530.573 0.079680170
29.761 1701898.100 0.079611084
29.720 1703293.651 0.079540788
29.678 1704717.156 0.079469297
29.636 1706168.542 0.079396627
29.593 1707647.736 0.079322792
29.549 1709154.663 0.079247809
29.504 1710689.248 0.079171694
29.459 1712251.413 0.079094462
29.413 1713841.082 0.079016129
29.366 1715458.175 0.078936713
29.319 1717102.613 0.078856228
29.271 1718774.313 0.078774692
29.222 1720473.195 0.078692122
29.172 1722199.176 0.078608534
29.122 1723952.171 0.078523945
29.071 1725732.095 0.078438373
29.020 1727538.863 0.078351835
28.968 1729372.387 0.078264348
28.915 1731232.581 0.078175929
28.862 1733119.356 0.078086596
28.807 1735032.621 0.077996367
28.753 1736972.287 0.077905258
28.698 1738938.263 0.077813289
28.642 1740930.456 0.077720477
28.585 1742948.775 0.077626839
28.528 1744993.124 0.077532394
28.470 1747063.411 0.077437160
28.412 1749159.540 0.077341155
28.353 1751281.415 0.077244396
28.294 1753428.940 0.077146902
28.234 1755602.018 0.077048691
28.173 1757800.551 0.076949782
28.112 1760024.440 0.076850192
28.051 1762273.586 0.076749940
27.989 1764547.890 0.076649044
27.926 1766847.251 0.076547522
27.863 1769171.569 0.076445392
27.799 1771520.742 0.076342673
27.735 1773894.668 0.076239382
27.670 1776293.244 0.076135539
27.605 1778716.368 0.076031161
27.540 1781163.936 0.075926266
27.474 1783635.844 0.075820872
27.407 1786131.988 0.075714998
27.340 1788652.262 0.075608661
27.273 1791196.562 0.075501880
27.205 1793764.782 0.075394672
27.137 1796356.816 0.075287056
27.068 1798972.557 0.075179049
26.999 1801611.899 0.075070669
26.929 1804274.735 0.074961933
26.859 1806960.956 0.074852860
26.789 1809670.456 0.074743467
26.718 1812403.127 0.074633772
26.647 1815158.859 0.074523791
26.576 1817937.545 0.074413542
26.504 1820739.076 0.074303043
26.432 1823563.343 0.074192311
26.359 1826410.237 0.074081362
26.286 1829279.647 0.073970214
26.213 1832171.466 0.073858884
26.139 1835085.582 0.073747389
26.065 1838021.887 0.073635745
25.991 1840980.269 0.073523968
25.917 1843960.620 0.073412077
25.842 1846962.828 0.073300086
25.767 1849986.783 0.073188012
25.691 1853032.376 0.073075871
25.615 1856099.495 0.072963680
25.539 1859188.030 0.072851454
25.463 1862297.871 0.072739209
25.386 1865428.906 0.072626962
25.310 1868581.026 0.072514727
25.233 1871754.119 0.072402520
25.155 1874948.076 0.072290356
25.078 1878162.785 0.072178251
25.000 1881398.137 0.072066221
24.922 1884654.020 0.071954279
24.844 1887930.324 0.071842441
24.765 1891226.939 0.071730721
24.686 1894543.755 0.071619135
24.607 1897880.661 0.071507696
24.528 1901237.548 0.071396420
24.449 1904614.306 0.071285320
24.369 1908010.824 0.071174410
24.290 1911426.993 0.071063705
24.210 1914862.704 0.070953219
24.130 1918317.848 0.070842964
24.050 1921792.314 0.070732956
23.969 1925285.995 0.070623207
23.889 1928798.780 0.070513730
23.808 1932330.562 0.070404539
23.727 1935881.233 0.070295647
23.646 1939450.683 0.070187068
23.565 1943038.806 0.070078813
23.484 1946645.493 0.069970895
23.402 1950270.636 0.069863328
23.321 1953914.129 0.069756123
23.239 1957575.864 0.069649294
23.157 1961255.735 0.069542851
23.075 1964953.635 0.069436808
22.993 1968669.458 0.069331177
22.911 1972403.098 0.069225968
22.829 1976154.449 0.069121194
22.747 1979923.406 0.069016867
22.664 1983709.865 0.068912998
22.582 1987513.719 0.068809598
22.499 1991334.865 0.068706679
22.417 1995173.199 0.068604252
22.334 1999028.617 0.068502327
22.251 2002901.015 0.068400916
22.169 2006790.291 0.068300030
22.086 2010696.341 0.068199679
22.003 2014619.063 0.068099874
21.920 2018558.356 0.068000625
21.837 2022514.117 0.067901943
21.754 2026486.245 0.067803838
21.670 2030474.640 0.067706320
21.587 2034479.200 0.067609399
21.504 2038499.825 0.067513085
21.421 2042536.416 0.067417389
21.338 2046588.874 0.067322319
21.254 2050657.098 0.067227885
21.171 2054740.991 0.067134098
21.088 2058840.454 0.067040966
21.004 2062955.389 0.066948499
20.921 2067085.699 0.066856706
20.838 2071231.287 0.066765596
20.754 2075392.056 0.066675180
20.671 2079567.911 0.066585464
20.587 2083758.754 0.066496460
20.504 2087964.492 0.066408175
20.421 2092185.028 0.066320618
20.337 2096420.269 0.066233798
20.254 2100670.119 0.066147725
20.171 2104934.487 0.066062405
20.087 2109213.278 0.065977848
20.004 2113506.399 0.065894063
