20.045 2111186.569 0.065945772
20.157 2105444.130 0.066058682
20.269 2099705.795 0.066173404
20.382 2093971.605 0.066289944
20.495 2088241.597 0.066408305
20.608 2082515.813 0.066528494
20.722 2076794.292 0.066650516
20.837 2071077.076 0.066774375
20.952 2065364.205 0.066900078
21.068 2059655.721 0.067027631
21.184 2053951.667 0.067157039
21.300 2048252.083 0.067288308
21.417 2042557.014 0.067421444
21.535 2036866.503 0.067556455
21.653 2031180.593 0.067693346
21.771 2025499.328 0.067832123
21.890 2019822.753 0.067972795
22.010 2014150.913 0.068115367
22.130 2008483.854 0.068259847
22.251 2002821.620 0.068406242
22.372 1997164.260 0.068554560
22.493 1991511.820 0.068704807
22.616 1985864.346 0.068856991
22.738 1980221.887 0.069011121
22.862 1974584.492 0.069167203
22.986 1968952.209 0.069325247
23.110 1963325.087 0.069485259
23.235 1957703.176 0.069647249
23.360 1952086.527 0.069811225
23.486 1946475.191 0.069977196
23.613 1940869.218 0.070145169
23.740 1935268.661 0.070315154
23.868 1929673.573 0.070487159
23.997 1924084.005 0.070661195
24.126 1918500.013 0.070837269
24.255 1912921.649 0.071015391
24.385 1907348.969 0.071195570
24.516 1901782.028 0.071377816
24.647 1896220.882 0.071562139
24.779 1890665.586 0.071748548
24.912 1885116.199 0.071937053
25.045 1879572.777 0.072127663
25.179 1874035.379 0.072320390
25.313 1868504.064 0.072515242
25.449 1862978.891 0.072712230
25.584 1857459.921 0.072911365
25.721 1851947.213 0.073112657
25.858 1846440.829 0.073316116
25.995 1840940.831 0.073521753
26.134 1835447.282 0.073729579
26.273 1829960.245 0.073939604
26.412 1824479.784 0.074151839
26.553 1819005.964 0.074366295
26.694 1813538.850 0.074582983
26.836 1808078.507 0.074801915
26.978 1802625.004 0.075023100
27.121 1797178.406 0.075246551
27.265 1791738.783 0.075472279
27.409 1786306.203 0.075700295
27.555 1780880.736 0.075930610
27.701 1775462.452 0.076163237
27.847 1770051.422 0.076398185
27.995 1764647.718 0.076635468
28.143 1759251.413 0.076875096
28.292 1753862.580 0.077117081
28.441 1748481.294 0.077361435
28.592 1743107.629 0.077608170
28.743 1737741.661 0.077857296
28.895 1732383.467 0.078108827
29.048 1727033.124 0.078362774
29.201 1721690.711 0.078619148
29.355 1716356.307 0.078877961
29.510 1711029.991 0.079139225
29.666 1705711.844 0.079402953
29.823 1700401.949 0.079669154
29.980 1695100.387 0.079937843
30.139 1689807.243 0.080209029
30.298 1684522.600 0.080482726
30.458 1679246.544 0.080758944
30.618 1673979.162 0.081037695
30.780 1668720.539 0.081318991
30.942 1663470.765 0.081602844
31.106 1658229.928 0.081889265
31.270 1652998.119 0.082178266
31.435 1647775.428 0.082469857
31.601 1642561.947 0.082764050
31.767 1637357.769 0.083060857
31.935 1632162.989 0.083360289
32.104 1626977.700 0.083662356
32.273 1621802.000 0.083967070
32.443 1616635.985 0.084274441
32.615 1611479.753 0.084584481
32.787 1606333.403 0.084897199
32.960 1601197.035 0.085212607
33.134 1596070.752 0.085530713
33.309 1590954.654 0.085851530
33.485 1585848.846 0.086175066
33.662 1580753.432 0.086501331
33.840 1575668.517 0.086830335
34.018 1570594.209 0.087162088
34.198 1565530.616 0.087496598
34.379 1560477.847 0.087833874
34.561 1555436.011 0.088173925
34.744 1550405.221 0.088516760
34.927 1545385.589 0.088862387
35.112 1540377.229 0.089210814
35.298 1535380.256 0.089562048
35.485 1530394.786 0.089916097
35.673 1525420.938 0.090272967
35.862 1520458.829 0.090632666
36.052 1515508.579 0.090995200
36.243 1510570.311 0.091360575
36.435 1505644.147 0.091728797
36.628 1500730.209 0.092099870
36.823 1495828.625 0.092473801
37.018 1490939.520 0.092850593
37.214 1486063.022 0.093230250
37.412 1481199.260 0.093612776
37.611 1476348.365 0.093998174
37.811 1471510.468 0.094386447
38.012 1466685.703 0.094777598
38.214 1461874.205 0.095171627
38.417 1457076.109 0.095568535
38.621 1452291.554 0.095968324
38.827 1447520.677 0.096370994
39.034 1442763.619 0.096776544
39.242 1438020.521 0.097184972
39.451 1433291.528 0.097596277
39.661 1428576.782 0.098010457
39.873 1423876.432 0.098427508
40.086 1419190.623 0.098847426
40.300 1414519.505 0.099270208
40.515 1409863.228 0.099695847
40.731 1405221.945 0.100124338
40.949 1400595.809 0.100555674
41.168 1395984.975 0.100989848
41.388 1391389.599 0.101426851
41.610 1386809.839 0.101866673
41.832 1382245.856 0.102309305
42.057 1377697.810 0.102754736
42.282 1373165.864 0.103202954
42.509 1368650.182 0.103653945
42.737 1364150.930 0.104107696
42.966 1359668.276 0.104564193
43.196 1355202.388 0.105023419
43.428 1350753.437 0.105485357
43.662 1346321.595 0.105949990
43.896 1341907.036 0.106417298
44.132 1337509.936 0.106887262
44.370 1333130.471 0.107359859
44.609 1328768.819 0.107835067
44.849 1324425.162 0.108312863
45.090 1320099.680 0.108793221
45.333 1315792.558 0.109276115
45.578 1311503.980 0.109761518
45.823 1307234.132 0.110249401
46.071 1302983.204 0.110739734
46.319 1298751.384 0.111232484
46.569 1294538.865 0.111727620
46.821 1290345.840 0.112225106
47.074 1286172.502 0.112724907
47.328 1282019.049 0.113226985
20.914 2065686.276 0.066938375
20.951 2063858.241 0.066979453
20.987 2062049.096 0.067020309
21.023 2060258.894 0.067060937
21.059 2058487.685 0.067101329
21.094 2056735.518 0.067141479
21.129 2055002.445 0.067181380
21.163 2053288.513 0.067221024
21.197 2051593.773 0.067260406
21.231 2049918.273 0.067299518
21.265 2048262.062 0.067338354
21.298 2046625.186 0.067376908
21.331 2045007.693 0.067415172
21.363 2043409.632 0.067453140
21.395 2041831.047 0.067490806
21.427 2040271.985 0.067528163
21.458 2038732.493 0.067565205
21.489 2037212.614 0.067601926
21.520 2035712.395 0.067638318
21.550 2034231.879 0.067674376
21.580 2032771.111 0.067710094
21.610 2031330.133 0.067745466
21.639 2029908.989 0.067780484
21.668 2028507.721 0.067815144
21.696 2027126.371 0.067849440
21.724 2025764.981 0.067883364
21.752 2024423.592 0.067916912
21.779 2023102.243 0.067950078
21.806 2021800.976 0.067982855
21.832 2020519.830 0.068015239
21.859 2019258.843 0.068047223
21.884 2018018.054 0.068078802
21.910 2016797.501 0.068109970
21.934 2015597.222 0.068140722
21.959 2014417.252 0.068171053
21.983 2013257.629 0.068200957
22.007 2012118.388 0.068230429
22.030 2010999.564 0.068259464
22.053 2009901.192 0.068288056
22.075 2008823.306 0.068316201
22.097 2007765.940 0.068343894
22.119 2006729.125 0.068371130
22.140 2005712.895 0.068397903
22.161 2004717.281 0.068424210
22.181 2003742.315 0.068450046
22.201 2002788.026 0.068475405
22.221 2001854.445 0.068500285
22.240 2000941.601 0.068524679
22.258 2000049.523 0.068548585
22.276 1999178.239 0.068571997
22.294 1998327.776 0.068594911
22.312 1997498.161 0.068617324
22.328 1996689.420 0.068639232
22.345 1995901.580 0.068660630
22.361 1995134.664 0.068681515
22.377 1994388.698 0.068701883
22.392 1993663.704 0.068721730
22.406 1992959.706 0.068741054
22.421 1992276.726 0.068759850
22.434 1991614.786 0.068778115
22.448 1990973.908 0.068795846
22.461 1990354.110 0.068813040
22.473 1989755.413 0.068829694
22.485 1989177.837 0.068845805
22.497 1988621.399 0.068861370
22.508 1988086.118 0.068876386
22.519 1987572.009 0.068890851
22.529 1987079.090 0.068904762
22.539 1986607.377 0.068918117
22.548 1986156.883 0.068930913
22.557 1985727.625 0.068943148
22.565 1985319.614 0.068954820
22.573 1984932.865 0.068965927
22.580 1984567.389 0.068976466
22.587 1984223.197 0.068986438
22.594 1983900.302 0.068995838
22.600 1983598.712 0.069004667
22.606 1983318.438 0.069012922
22.611 1983059.487 0.069020601
22.616 1982821.869 0.069027705
22.620 1982605.590 0.069034231
22.624 1982410.657 0.069040179
22.627 1982237.076 0.069045546
22.630 1982084.852 0.069050334
22.632 1981953.989 0.069054541
22.634 1981844.493 0.069058165
22.635 1981756.364 0.069061208
22.636 1981689.607 0.069063668
22.637 1981644.221 0.069065544
22.637 1981620.210 0.069066838
22.636 1981617.572 0.069067548
22.636 1981636.307 0.069067675
22.634 1981676.415 0.069067219
22.632 1981737.892 0.069066180
22.630 1981820.737 0.069064558
22.627 1981924.946 0.069062355
22.624 1982050.515 0.069059570
22.621 1982197.440 0.069056204
22.616 1982365.715 0.069052258
22.612 1982555.333 0.069047732
22.607 1982766.288 0.069042629
22.601 1982998.573 0.069036948
22.595 1983252.179 0.069030692
22.589 1983527.097 0.069023861
22.582 1983823.317 0.069016458
22.574 1984140.829 0.069008482
22.567 1984479.622 0.068999937
22.558 1984839.684 0.068990824
22.549 1985221.003 0.068981144
22.540 1985623.566 0.068970900
22.531 1986047.358 0.068960094
22.520 1986492.365 0.068948728
22.510 1986958.572 0.068936804
22.499 1987445.963 0.068924325
22.487 1987954.521 0.068911293
22.475 1988484.229 0.068897710
22.463 1989035.069 0.068883580
22.450 1989607.023 0.068868905
22.437 1990200.071 0.068853688
22.423 1990814.192 0.068837932
22.409 1991449.368 0.068821640
22.394 1992105.575 0.068804815
22.379 1992782.793 0.068787461
22.364 1993480.998 0.068769581
22.348 1994200.168 0.068751178
22.331 1994940.278 0.068732256
22.314 1995701.304 0.068712819
22.297 1996483.221 0.068692870
22.280 1997286.002 0.068672413
22.261 1998109.622 0.068651452
22.243 1998954.053 0.068629991
22.224 1999819.268 0.068608034
22.204 2000705.238 0.068585586
22.184 2001611.934 0.068562651
22.164 2002539.327 0.068539232
22.143 2003487.386 0.068515335
22.122 2004456.081 0.068490964
22.101 2005445.380 0.068466123
22.079 2006455.252 0.068440817
22.056 2007485.664 0.068415052
22.034 2008536.582 0.068388831
22.010 2009607.973 0.068362160
21.987 2010699.803 0.068335044
21.963 2011812.036 0.068307488
21.938 2012944.638 0.068279496
21.913 2014097.572 0.068251075
21.888 2015270.803 0.068222229
21.863 2016464.291 0.068192965
21.837 2017678.001 0.068163286
21.810 2018911.894 0.068133199
21.783 2020165.931 0.068102709
21.756 2021440.073 0.068071822
21.728 2022734.281 0.068040544
21.700 2024048.513 0.068008880
21.672 2025382.729 0.067976836
21.643 2026736.889 0.067944419
21.614 2028110.949 0.067911633
21.585 2029504.869 0.067878485
21.555 2030918.604 0.067844981
21.525 2032352.113 0.067811127
21.494 2033805.350 0.067776930
21.463 2035278.273 0.067742394
21.432 2036770.835 0.067707528
21.400 2038282.993 0.067672336
21.368 2039814.701 0.067636826
21.335 2041365.913 0.067601003
21.302 2042936.581 0.067564875
21.269 2044526.660 0.067528447
21.236 2046136.102 0.067491727
21.202 2047764.859 0.067454720
21.168 2049412.884 0.067417434
21.133 2051080.127 0.067379875
21.098 2052766.540 0.067342050
21.063 2054472.073 0.067303965
21.027 2056196.676 0.067265627
20.992 2057940.301 0.067227043
20.955 2059702.895 0.067188221
20.919 2061484.408 0.067149166
20.882 2063284.790 0.067109886
20.845 2065103.987 0.067070388
20.807 2066941.949 0.067030678
20.769 2068798.623 0.066990764
20.731 2070673.957 0.066950652
20.693 2072567.897 0.066910350
20.654 2074480.390 0.066869865
20.615 2076411.383 0.066829204
20.576 2078360.821 0.066788374
20.536 2080328.651 0.066747382
20.496 2082314.818 0.066706236
20.456 2084319.266 0.066664942
20.415 2086341.942 0.066623508
20.374 2088382.790 0.066581940
20.333 2090441.753 0.066540247
20.292 2092518.776 0.066498436
20.250 2094613.803 0.066456513
20.208 2096726.776 0.066414486
20.166 2098857.641 0.066372363
20.123 2101006.339 0.066330150
20.081 2103172.813 0.066287855
20.038 2105357.006 0.066245486
