20.101 2101934.539 0.066318178
20.213 2096240.567 0.066431466
20.325 2090554.503 0.066546485
20.438 2084876.417 0.066663235
20.551 2079206.380 0.066781717
20.665 2073544.465 0.066901931
20.779 2067890.742 0.067023877
20.893 2062245.287 0.067147556
21.008 2056608.172 0.067272969
21.123 2050979.473 0.067400116
21.238 2045359.264 0.067528998
21.354 2039747.622 0.067659615
21.470 2034144.623 0.067791969
21.587 2028550.345 0.067926061
21.704 2022964.865 0.068061891
21.822 2017388.263 0.068199460
21.940 2011820.619 0.068338769
22.058 2006262.011 0.068479819
22.177 2000712.522 0.068622611
22.296 1995172.233 0.068767146
22.416 1989641.227 0.068913426
22.536 1984119.587 0.069061450
22.656 1978607.397 0.069211221
22.777 1973104.742 0.069362739
22.898 1967611.708 0.069516006
23.020 1962128.380 0.069671022
23.142 1956654.847 0.069827788
23.264 1951191.197 0.069986306
23.387 1945737.517 0.070146576
23.511 1940293.899 0.070308600
23.635 1934860.432 0.070472377
23.759 1929437.207 0.070637910
23.884 1924024.317 0.070805200
24.009 1918621.855 0.070974246
24.134 1913229.915 0.071145049
24.260 1907848.591 0.071317612
24.387 1902477.979 0.071491933
24.514 1897118.176 0.071668013
24.641 1891769.278 0.071845854
24.769 1886431.384 0.072025456
24.897 1881104.593 0.072206818
25.025 1875789.006 0.072389942
25.154 1870484.722 0.072574827
25.284 1865191.845 0.072761474
25.414 1859910.476 0.072949881
25.544 1854640.719 0.073140051
25.675 1849382.680 0.073331981
25.806 1844136.463 0.073525672
25.938 1838902.175 0.073721124
26.070 1833679.924 0.073918334
26.203 1828469.817 0.074117304
26.336 1823271.966 0.074318031
26.470 1818086.478 0.074520516
26.604 1812913.467 0.074724756
26.738 1807753.045 0.074930749
26.873 1802605.324 0.075138496
27.008 1797470.420 0.075347993
27.144 1792348.447 0.075559239
27.280 1787239.522 0.075772232
27.417 1782143.762 0.075986969
27.554 1777061.286 0.076203448
27.692 1771992.213 0.076421666
27.830 1766936.664 0.076641619
27.968 1761894.760 0.076863306
28.107 1756866.623 0.077086721
28.246 1751852.378 0.077311862
28.386 1746852.149 0.077538725
28.526 1741866.061 0.077767305
28.667 1736894.242 0.077997597
28.808 1731936.820 0.078229597
28.950 1726993.923 0.078463300
29.092 1722065.681 0.078698700
29.234 1717152.226 0.078935792
29.377 1712253.690 0.079174569
29.520 1707370.206 0.079415026
29.664 1702501.908 0.079657154
29.808 1697648.933 0.079900949
29.953 1692811.416 0.080146401
30.098 1687989.496 0.080393503
30.244 1683183.311 0.080642247
30.389 1678393.002 0.080892625
30.536 1673618.709 0.081144628
30.683 1668860.575 0.081398245
30.830 1664118.743 0.081653469
30.977 1659393.357 0.081910287
31.125 1654684.564 0.082168690
31.274 1649992.509 0.082428667
31.422 1645317.342 0.082690206
31.572 1640659.210 0.082953295
31.721 1636018.264 0.083217923
31.871 1631394.655 0.083484075
32.022 1626788.536 0.083751738
32.172 1622200.060 0.084020899
32.324 1617629.383 0.084291543
32.475 1613076.659 0.084563656
32.627 1608542.045 0.084837221
32.779 1604025.701 0.085112222
32.932 1599527.784 0.085388644
33.085 1595048.456 0.085666469
33.238 1590587.877 0.085945679
33.392 1586146.211 0.086226255
33.546 1581723.621 0.086508180
33.700 1577320.272 0.086791433
33.855 1572936.330 0.087075994
34.010 1568571.962 0.087361843
34.165 1564227.336 0.087648958
34.321 1559902.621 0.087937316
34.477 1555597.987 0.088226896
34.633 1551313.607 0.088517674
34.789 1547049.652 0.088809626
34.946 1542806.296 0.089102726
35.103 1538583.713 0.089396950
35.260 1534382.080 0.089692271
35.418 1530201.572 0.089988663
35.576 1526042.368 0.090286097
35.734 1521904.646 0.090584546
35.892 1517788.586 0.090883980
36.050 1513694.369 0.091184370
36.209 1509622.176 0.091485684
36.368 1505572.190 0.091787891
36.527 1501544.595 0.092090960
36.686 1497539.575 0.092394857
36.845 1493557.315 0.092699548
37.005 1489598.003 0.093005000
37.165 1485661.825 0.093311175
37.324 1481748.969 0.093618039
37.484 1477859.625 0.093925555
37.644 1473993.982 0.094233683
37.804 1470152.232 0.094542387
37.964 1466334.564 0.094851625
38.124 1462541.173 0.095161359
38.284 1458772.250 0.095471546
38.445 1455027.990 0.095782145
38.605 1451308.587 0.096093112
38.765 1447614.236 0.096404405
38.925 1443945.133 0.096715978
39.085 1440301.474 0.097027785
39.245 1436683.457 0.097339782
39.405 1433091.278 0.097651919
39.565 1429525.137 0.097964150
39.725 1425985.232 0.098276426
39.885 1422471.761 0.098588696
40.044 1418984.926 0.098900910
40.203 1415524.926 0.099213016
40.362 1412091.960 0.099524963
40.521 1408686.232 0.099836697
40.680 1405307.940 0.100148164
40.838 1401957.288 0.100459310
40.996 1398634.476 0.100770078
41.154 1395339.707 0.101080412
41.312 1392073.183 0.101390255
41.469 1388835.106 0.101699549
41.626 1385625.679 0.102008235
41.782 1382445.104 0.102316253
41.938 1379293.583 0.102623543
42.094 1376171.319 0.102930044
42.249 1373078.516 0.103235693
42.403 1370015.374 0.103540429
42.557 1366982.096 0.103844187
42.711 1363978.884 0.104146905
42.864 1361005.940 0.104448516
43.016 1358063.465 0.104748956
43.168 1355151.661 0.105048158
43.319 1352270.728 0.105346057
43.469 1349420.867 0.105642585
43.619 1346602.277 0.105937673
43.768 1343815.157 0.106231254
43.916 1341059.707 0.106523259
44.063 1338336.124 0.106813618
44.210 1335644.606 0.107102262
44.355 1332985.349 0.107389120
44.500 1330358.549 0.107674122
44.644 1327764.401 0.107957195
44.787 1325203.100 0.108238270
44.928 1322674.837 0.108517274
45.069 1320179.805 0.108794135
45.209 1317718.196 0.109068780
45.347 1315290.198 0.109341138
45.485 1312896.000 0.109611134
45.621 1310535.790 0.109878697
45.756 1308209.753 0.110143754
45.890 1305918.075 0.110406230
46.023 1303660.938 0.110666054
46.154 1301438.523 0.110923151
46.284 1299251.011 0.111177449
46.412 1297098.581 0.111428874
46.539 1294981.408 0.111677354
46.665 1292899.668 0.111922816
46.789 1290853.535 0.112165188
46.912 1288843.178 0.112404396
47.033 1286868.767 0.112640369
47.152 1284930.471 0.112873036
47.270 1283028.453 0.113102324
47.386 1281162.877 0.113328164
47.500 1279333.904 0.113550484
47.613 1277541.692 0.113769215
47.724 1275786.398 0.113984288
47.833 1274068.176 0.114195634
47.940 1272387.177 0.114403185
48.045 1270743.549 0.114606873
48.149 1269137.440 0.114806633
48.250 1267568.993 0.115002398
48.349 1266038.350 0.115194103
48.447 1264545.648 0.115381685
48.542 1263091.023 0.115565081
48.635 1261674.608 0.115744228
48.726 1260296.532 0.115919066
48.815 1258956.923 0.116089535
48.901 1257655.904 0.116255577
48.986 1256393.595 0.116417133
49.068 1255170.116 0.116574147
49.147 1253985.578 0.116726565
49.225 1252840.095 0.116874332
49.300 1251733.774 0.117017397
49.372 1250666.718 0.117155708
49.443 1249639.031 0.117289217
49.510 1248650.808 0.117417874
49.576 1247702.145 0.117541635
49.638 1246793.131 0.117660453
49.698 1245923.855 0.117774286
49.756 1245094.400 0.117883092
49.811 1244304.845 0.117986832
49.863 1243555.268 0.118085466
49.913 1242845.740 0.118178959
49.960 1242176.330 0.118267276
50.005 1241547.104 0.118350384
54.406 1183320.970 0.126639258
54.304 1184566.149 0.126449474
54.199 1185852.561 0.126254003
54.091 1187180.069 0.126052920
53.980 1188548.533 0.125846304
53.866 1189957.810 0.125634232
53.750 1191407.753 0.125416783
53.631 1192898.212 0.125194041
53.509 1194429.033 0.124966086
53.385 1196000.059 0.124733005
53.258 1197611.128 0.124494882
53.129 1199262.078 0.124251803
52.997 1200952.742 0.124003857
52.863 1202682.950 0.123751133
52.727 1204452.529 0.123493720
52.589 1206261.303 0.123231710
52.448 1208109.094 0.122965193
52.305 1209995.720 0.122694262
52.160 1211920.997 0.122419011
52.014 1213884.740 0.122139533
51.865 1215886.758 0.121855923
51.714 1217926.861 0.121568274
51.562 1220004.854 0.121276684
51.407 1222120.541 0.120981246
51.251 1224273.725 0.120682057
51.094 1226464.205 0.120379214
50.934 1228691.778 0.120072812
50.773 1230956.241 0.119762948
50.611 1233257.386 0.119449719
50.447 1235595.007 0.119133221
50.282 1237968.892 0.118813550
50.115 1240378.832 0.118490803
49.947 1242824.613 0.118165075
49.778 1245306.020 0.117836464
49.608 1247822.839 0.117505064
49.436 1250374.851 0.117170970
49.263 1252961.839 0.116834278
49.090 1255583.582 0.116495082
48.915 1258239.862 0.116153476
48.739 1260930.454 0.115809553
48.562 1263655.138 0.115463406
48.385 1266413.690 0.115115127
48.206 1269205.885 0.114764809
48.027 1272031.497 0.114412541
47.847 1274890.303 0.114058414
47.666 1277782.074 0.113702517
47.485 1280706.584 0.113344939
47.303 1283663.605 0.112985767
47.120 1286652.911 0.112625089
46.937 1289674.271 0.112262990
46.753 1292727.459 0.111899555
46.569 1295812.244 0.111534868
46.384 1298928.399 0.111169012
46.199 1302075.693 0.110802070
46.013 1305253.899 0.110434122
45.827 1308462.786 0.110065248
45.641 1311702.125 0.109695527
45.455 1314971.688 0.109325037
45.268 1318271.245 0.108953854
45.081 1321600.568 0.108582055
44.893 1324959.429 0.108209713
44.706 1328347.598 0.107836902
44.518 1331764.848 0.107463694
44.331 1335210.952 0.107090160
44.143 1338685.683 0.106716370
43.955 1342188.814 0.106342392
43.767 1345720.118 0.105968293
43.579 1349279.371 0.105594140
43.391 1352866.347 0.105219998
43.203 1356480.823 0.104845930
43.015 1360122.574 0.104472000
42.828 1363791.378 0.104098268
42.640 1367487.012 0.103724795
42.452 1371209.255 0.103351639
42.265 1374957.886 0.102978859
42.077 1378732.686 0.102606511
41.890 1382533.436 0.102234650
41.703 1386359.917 0.101863330
41.516 1390211.913 0.101492604
41.330 1394089.207 0.101122525
41.144 1397991.584 0.100753142
40.957 1401918.830 0.100384505
40.772 1405870.732 0.100016663
40.586 1409847.078 0.099649662
40.401 1413847.657 0.099283548
40.216 1417872.259 0.098918367
40.031 1421920.674 0.098554161
39.847 1425992.696 0.098190974
39.663 1430088.118 0.097828847
39.480 1434206.734 0.097467819
39.297 1438348.341 0.097107932
39.114 1442512.735 0.096749222
38.932 1446699.714 0.096391726
38.750 1450909.079 0.096035482
38.568 1455140.629 0.095680524
38.387 1459394.167 0.095326886
38.206 1463669.496 0.094974601
38.026 1467966.421 0.094623701
37.846 1472284.747 0.094274217
37.667 1476624.281 0.093926180
37.488 1480984.832 0.093579618
37.310 1485366.210 0.093234561
37.132 1489768.226 0.092891034
36.955 1494190.691 0.092549065
36.778 1498633.420 0.092208678
36.602 1503096.228 0.091869900
36.426 1507578.932 0.091532753
36.250 1512081.348 0.091197261
36.076 1516603.296 0.090863445
35.901 1521144.597 0.090531327
35.728 1525705.072 0.090200928
35.554 1530284.545 0.089872267
35.382 1534882.840 0.089545363
35.210 1539499.783 0.089220234
35.038 1544135.202 0.088896899
34.867 1548788.924 0.088575373
34.697 1553460.781 0.088255673
34.527 1558150.603 0.087937814
34.358 1562858.224 0.087621811
34.189 1567583.476 0.087307678
34.021 1572326.197 0.086995428
33.853 1577086.222 0.086685075
33.687 1581863.390 0.086376630
33.520 1586657.541 0.086070104
33.354 1591468.515 0.085765509
33.189 1596296.155 0.085462856
33.025 1601140.304 0.085162154
32.860 1606000.807 0.084863412
32.697 1610877.510 0.084566639
32.534 1615770.262 0.084271844
32.372 1620678.911 0.083979033
32.210 1625603.307 0.083688215
32.049 1630543.302 0.083399397
31.889 1635498.749 0.083112584
31.729 1640469.502 0.082827782
31.570 1645455.416 0.082544997
31.411 1650456.348 0.082264234
31.253 1655472.157 0.081985497
31.095 1660502.702 0.081708791
30.938 1665547.843 0.081434120
30.782 1670607.442 0.081161486
30.626 1675681.363 0.080890894
30.471 1680769.469 0.080622344
30.317 1685871.627 0.080355841
30.163 1690987.703 0.080091386
30.010 1696117.566 0.079828981
29.857 1701261.084 0.079568627
29.705 1706418.129 0.079310325
29.553 1711588.572 0.079054076
29.402 1716772.286 0.078799880
29.252 1721969.145 0.078547739
29.102 1727179.025 0.078297651
28.953 1732401.802 0.078049617
28.804 1737637.353 0.077803636
28.656 1742885.558 0.077559707
28.509 1748146.297 0.077317830
28.362 1753419.450 0.077078003
28.216 1758704.900 0.076840225
28.070 1764002.531 0.076604494
27.925 1769312.226 0.076370809
27.780 1774633.871 0.076139167
27.636 1779967.353 0.075909567
27.493 1785312.560 0.075682007
27.350 1790669.381 0.075456483
27.208 1796037.705 0.075232994
27.066 1801417.423 0.075011536
26.925 1806808.428 0.074792107
26.784 1812210.613 0.074574704
26.644 1817623.871 0.074359324
26.505 1823048.098 0.074145963
26.366 1828483.190 0.073934619
26.228 1833929.044 0.073725287
26.090 1839385.558 0.073517965
25.953 1844852.632 0.073312648
25.816 1850330.165 0.073109334
25.680 1855818.058 0.072908018
25.544 1861316.214 0.072708697
25.409 1866824.536 0.072511367
25.275 1872342.928 0.072316024
25.141 1877871.294 0.072122663
25.007 1883409.540 0.071931282
24.874 1888957.573 0.071741875
24.742 1894515.301 0.071554439
24.610 1900082.632 0.071368970
24.479 1905659.476 0.071185464
24.348 1911245.744 0.071003916
24.218 1916841.345 0.070824322
24.088 1922446.193 0.070646679
23.958 1928060.200 0.070470981
23.830 1933683.280 0.070297226
23.701 1939315.348 0.070125408
23.574 1944956.319 0.069955523
23.446 1950606.110 0.069787568
23.320 1956264.638 0.069621539
23.193 1961931.820 0.069457430
23.068 1967607.575 0.069295239
22.942 1973291.823 0.069134961
22.818 1978984.485 0.068976592
22.693 1984685.481 0.068820128
22.569 1990394.733 0.068665565
22.446 1996112.163 0.068512900
22.323 2001837.696 0.068362128
22.201 2007571.256 0.068213246
22.079 2013312.767 0.068066250
21.958 2019062.154 0.067921137
21.837 2024819.345 0.067777903
21.716 2030584.266 0.067636544
21.596 2036356.845 0.067497057
21.477 2042137.011 0.067359439
21.358 2047924.692 0.067223686
21.239 2053719.819 0.067089796
21.121 2059522.322 0.066957764
21.003 2065332.133 0.066827589
20.886 2071149.182 0.066699267
20.769 2076973.404 0.066572795
20.653 2082804.730 0.066448171
20.537 2088643.096 0.066325391
20.421 2094488.435 0.066204455
20.306 2100340.682 0.066085358
20.191 2106199.773 0.065968099
20.077 2112065.645 0.065852676
