53.628 1190657.845 0.125611956
53.717 1189566.301 0.125775053
53.803 1188510.080 0.125933256
53.887 1187489.278 0.126086512
53.969 1186503.988 0.126234770
54.047 1185554.300 0.126377980
54.124 1184640.300 0.126516094
54.197 1183762.073 0.126649064
54.268 1182919.698 0.126776846
54.335 1182113.254 0.126899395
54.401 1181342.814 0.127016670
54.463 1180608.452 0.127128631
54.522 1179910.234 0.127235237
54.579 1179248.227 0.127336452
54.632 1178622.491 0.127432242
54.683 1178033.086 0.127522572
54.731 1177480.067 0.127607410
54.775 1176963.486 0.127686727
54.817 1176483.392 0.127760495
54.856 1176039.830 0.127828688
54.892 1175632.842 0.127891281
54.924 1175262.467 0.127948252
54.954 1174928.739 0.127999581
54.980 1174631.692 0.128045249
55.003 1174371.353 0.128085240
55.024 1174147.747 0.128119540
55.041 1173960.896 0.128148136
55.055 1173810.817 0.128171017
55.065 1173697.526 0.128188176
55.073 1173621.032 0.128199607
55.078 1173581.344 0.128205304
55.079 1173578.466 0.128205265
55.077 1173612.398 0.128199491
55.072 1173683.137 0.128187984
55.064 1173790.677 0.128170746
55.053 1173935.008 0.128147785
55.039 1174116.116 0.128119108
55.021 1174333.985 0.128084725
55.000 1174588.593 0.128044648
54.977 1174879.918 0.127998891
54.950 1175207.931 0.127947470
54.920 1175572.603 0.127890404
54.887 1175973.899 0.127827711
54.851 1176411.780 0.127759415
54.812 1176886.208 0.127685539
54.770 1177397.136 0.127606109
54.725 1177944.517 0.127521152
54.677 1178528.300 0.127430698
54.626 1179148.432 0.127334779
54.572 1179804.853 0.127233427
54.515 1180497.504 0.127126678
54.455 1181226.320 0.127014568
54.393 1181991.234 0.126897136
54.327 1182792.175 0.126774422
54.259 1183629.069 0.126646467
54.188 1184501.841 0.126513316
54.114 1185410.410 0.126375013
54.038 1186354.693 0.126231606
53.959 1187334.605 0.126083141
53.877 1188350.056 0.125929669
53.793 1189400.956 0.125771241
53.706 1190487.208 0.125607909
53.617 1191608.717 0.125439727
53.525 1192765.381 0.125266750
53.431 1193957.098 0.125089035
53.335 1195183.762 0.124906639
53.236 1196445.264 0.124719621
53.134 1197741.494 0.124528042
0.0 0.0 0.0
0.0 0.0 0.0
0.0 0.0 0.0
0.0 0.0 0.0
0.0 0.0 0.0
0.0 0.0 0.0
0.0 0.0 0.0
0.0 0.0 0.0
0.0 0.0 0.0
0.0 0.0 0.0
0.0 0.0 0.0
0.0 0.0 0.0
0.0 0.0 0.0
0.0 0.0 0.0
0.0 0.0 0.0
0.0 0.0 0.0
0.0 0.0 0.0
0.0 0.0 0.0
0.0 0.0 0.0
0.0 0.0 0.0
0.0 0.0 0.0
0.0 0.0 0.0
0.0 0.0 0.0
0.0 0.0 0.0
0.0 0.0 0.0
0.0 0.0 0.0
0.0 0.0 0.0
0.0 0.0 0.0
0.0 0.0 0.0
0.0 0.0 0.0
0.0 0.0 0.0
0.0 0.0 0.0
0.0 0.0 0.0
0.0 0.0 0.0
0.0 0.0 0.0
0.0 0.0 0.0
0.0 0.0 0.0
0.0 0.0 0.0
0.0 0.0 0.0
0.0 0.0 0.0
0.0 0.0 0.0
0.0 0.0 0.0
0.0 0.0 0.0
0.0 0.0 0.0
0.0 0.0 0.0
0.0 0.0 0.0
0.0 0.0 0.0
0.0 0.0 0.0
0.0 0.0 0.0
0.0 0.0 0.0
0.0 0.0 0.0
0.0 0.0 0.0
0.0 0.0 0.0
0.0 0.0 0.0
0.0 0.0 0.0
0.0 0.0 0.0
0.0 0.0 0.0
0.0 0.0 0.0
0.0 0.0 0.0
0.0 0.0 0.0
0.0 0.0 0.0
0.0 0.0 0.0
0.0 0.0 0.0
0.0 0.0 0.0
0.0 0.0 0.0
0.0 0.0 0.0
0.0 0.0 0.0
0.0 0.0 0.0
0.0 0.0 0.0
0.0 0.0 0.0
0.0 0.0 0.0
0.0 0.0 0.0
0.0 0.0 0.0
0.0 0.0 0.0
0.0 0.0 0.0
0.0 0.0 0.0
0.0 0.0 0.0
0.0 0.0 0.0
0.0 0.0 0.0
0.0 0.0 0.0
0.0 0.0 0.0
0.0 0.0 0.0
0.0 0.0 0.0
0.0 0.0 0.0
0.0 0.0 0.0
0.0 0.0 0.0
0.0 0.0 0.0
0.0 0.0 0.0
0.0 0.0 0.0
0.0 0.0 0.0
0.0 0.0 0.0
0.0 0.0 0.0
0.0 0.0 0.0
0.0 0.0 0.0
0.0 0.0 0.0
0.0 0.0 0.0
0.0 0.0 0.0
0.0 0.0 0.0
0.0 0.0 0.0
0.0 0.0 0.0
0.0 0.0 0.0
0.0 0.0 0.0
0.0 0.0 0.0
0.0 0.0 0.0
0.0 0.0 0.0
0.0 0.0 0.0
0.0 0.0 0.0
0.0 0.0 0.0
0.0 0.0 0.0
0.0 0.0 0.0
0.0 0.0 0.0
0.0 0.0 0.0
0.0 0.0 0.0
0.0 0.0 0.0
0.0 0.0 0.0
0.0 0.0 0.0
0.0 0.0 0.0
0.0 0.0 0.0
0.0 0.0 0.0
0.0 0.0 0.0
0.0 0.0 0.0
0.0 0.0 0.0
0.0 0.0 0.0
0.0 0.0 0.0
0.0 0.0 0.0
0.0 0.0 0.0
0.0 0.0 0.0
0.0 0.0 0.0
0.0 0.0 0.0
0.0 0.0 0.0
0.0 0.0 0.0
0.0 0.0 0.0
0.0 0.0 0.0
0.0 0.0 0.0
0.0 0.0 0.0
0.0 0.0 0.0
0.0 0.0 0.0
0.0 0.0 0.0
0.0 0.0 0.0
0.0 0.0 0.0
0.0 0.0 0.0
0.0 0.0 0.0
0.0 0.0 0.0
0.0 0.0 0.0
0.0 0.0 0.0
0.0 0.0 0.0
0.0 0.0 0.0
0.0 0.0 0.0
0.0 0.0 0.0
0.0 0.0 0.0
0.0 0.0 0.0
0.0 0.0 0.0
0.0 0.0 0.0
0.0 0.0 0.0
0.0 0.0 0.0
0.0 0.0 0.0
0.0 0.0 0.0
0.0 0.0 0.0
0.0 0.0 0.0
0.0 0.0 0.0
0.0 0.0 0.0
0.0 0.0 0.0
0.0 0.0 0.0
0.0 0.0 0.0
0.0 0.0 0.0
0.0 0.0 0.0
0.0 0.0 0.0
0.0 0.0 0.0
0.0 0.0 0.0
0.0 0.0 0.0
0.0 0.0 0.0
0.0 0.0 0.0
0.0 0.0 0.0
0.0 0.0 0.0
0.0 0.0 0.0
0.0 0.0 0.0
0.0 0.0 0.0
0.0 0.0 0.0
0.0 0.0 0.0
0.0 0.0 0.0
0.0 0.0 0.0
0.0 0.0 0.0
0.0 0.0 0.0
0.0 0.0 0.0
0.0 0.0 0.0
0.0 0.0 0.0
0.0 0.0 0.0
0.0 0.0 0.0
0.0 0.0 0.0
0.0 0.0 0.0
0.0 0.0 0.0
0.0 0.0 0.0
0.0 0.0 0.0
0.0 0.0 0.0
0.0 0.0 0.0
0.0 0.0 0.0
0.0 0.0 0.0
0.0 0.0 0.0
0.0 0.0 0.0
0.0 0.0 0.0
0.0 0.0 0.0
0.0 0.0 0.0
0.0 0.0 0.0
0.0 0.0 0.0
0.0 0.0 0.0
0.0 0.0 0.0
0.0 0.0 0.0
0.0 0.0 0.0
0.0 0.0 0.0
0.0 0.0 0.0
0.0 0.0 0.0
0.0 0.0 0.0
0.0 0.0 0.0
0.0 0.0 0.0
0.0 0.0 0.0
0.0 0.0 0.0
0.0 0.0 0.0
0.0 0.0 0.0
0.0 0.0 0.0
0.0 0.0 0.0
0.0 0.0 0.0
0.0 0.0 0.0
0.0 0.0 0.0
0.0 0.0 0.0
0.0 0.0 0.0
0.0 0.0 0.0
0.0 0.0 0.0
0.0 0.0 0.0
0.0 0.0 0.0
0.0 0.0 0.0
0.0 0.0 0.0
4835800.291 0.010
4828819.648 0.010
4821835.504 0.010
4814847.871 0.010
4807856.761 0.010
4800862.188 0.010
4793864.165 0.010
4786862.703 0.010
4779857.816 0.010
4772849.517 0.010
4765837.818 0.010
4758822.733 0.010
4751804.275 0.010
4744782.457 0.010
4737757.291 0.010
4730728.791 0.010
4723696.970 0.010
4716661.842 0.011
4709623.419 0.011
4702581.715 0.011
4695536.743 0.011
4688488.517 0.011
4681437.050 0.011
4674382.356 0.011
4667324.447 0.011
4660263.339 0.011
4653199.043 0.011
4646131.575 0.011
4639060.947 0.011
4631987.174 0.011
4624910.269 0.011
4617830.246 0.011
4610747.119 0.011
4603660.902 0.011
4596571.609 0.011
4589479.255 0.011
4582383.852 0.011
4575285.415 0.011
4568183.959 0.011
4561079.498 0.011
4553972.046 0.011
4546861.617 0.011
4539748.226 0.011
4532631.887 0.011
4525512.614 0.011
4518390.424 0.011
4511265.329 0.012
4504137.344 0.012
4497006.485 0.012
4489872.766 0.012
4482736.202 0.012
4475596.808 0.012
4468454.599 0.012
4461309.589 0.012
4454161.794 0.012
4447011.229 0.012
4439857.909 0.012
4432701.850 0.012
4425543.066 0.012
4418381.572 0.012
4411217.386 0.012
4404050.521 0.012
4396880.993 0.012
4389708.818 0.012
4382534.012 0.012
4375356.590 0.012
4368176.568 0.012
4360993.962 0.012
4353808.788 0.012
4346621.061 0.012
4339430.799 0.012
4332238.015 0.012
4325042.728 0.013
4317844.953 0.013
4310644.707 0.013
4303442.005 0.013
4296236.865 0.013
4289029.302 0.013
4281819.333 0.013
4274606.976 0.013
4267392.245 0.013
4260175.160 0.013
4252955.735 0.013
4245733.988 0.013
4238509.937 0.013
4231283.597 0.013
4224054.987 0.013
4216824.123 0.013
4209591.022 0.013
4202355.703 0.013
4195118.182 0.013
4187878.477 0.013
4180636.605 0.013
4173392.584 0.013
4166146.433 0.013
4158898.167 0.014
4151647.807 0.014
4144395.368 0.014
4137140.870 0.014
4129884.331 0.014
4122625.769 0.014
4115365.202 0.014
4108102.648 0.014
4100838.126 0.014
4093571.654 0.014
4086303.252 0.014
4079032.937 0.014
4071760.729 0.014
4064486.646 0.014
4057210.708 0.014
4049932.933 0.014
4042653.341 0.014
4035371.951 0.014
4028088.782 0.014
4020803.854 0.014
4013517.185 0.015
4006228.797 0.015
3998938.708 0.015
3991646.938 0.015
3984353.507 0.015
3977058.436 0.015
3969761.744 0.015
3962463.451 0.015
3955163.578 0.015
3947862.145 0.015
3940559.173 0.015
3933254.682 0.015
3925948.692 0.015
3918641.226 0.015
3911332.303 0.015
3904021.945 0.015
3896710.172 0.015
3889397.007 0.015
3882082.470 0.015
3874766.583 0.016
3867449.367 0.016
3860130.844 0.016
3852811.036 0.016
3845489.964 0.016
3838167.651 0.016
3830844.120 0.016
3823519.391 0.016
3816193.488 0.016
3808866.432 0.016
3801538.248 0.016
3794208.956 0.016
3786878.581 0.016
3779547.145 0.016
3772214.671 0.016
3764881.183 0.016
3757546.703 0.017
3750211.256 0.017
3742874.865 0.017
3735537.553 0.017
3728199.345 0.017
3720860.264 0.017
3713520.336 0.017
3706179.583 0.017
3698838.030 0.017
3691495.703 0.017
3684152.625 0.017
3676808.822 0.017
3669464.318 0.017
3662119.139 0.017
3654773.310 0.017
3647426.856 0.018
3640079.803 0.018
3632732.177 0.018
3625384.003 0.018
3618035.308 0.018
3610686.117 0.018
3603336.458 0.018
3595986.356 0.018
3588635.838 0.018
3581284.931 0.018
3573933.662 0.018
3566582.058 0.018
3559230.146 0.018
3551877.954 0.018
3544525.510 0.019
3537172.841 0.019
3529819.975 0.019
3522466.940 0.019
3515113.766 0.019
3507760.479 0.019
3500407.109 0.019
3493053.686 0.019
3485700.236 0.019
3478346.791 0.019
3470993.380 0.019
3463640.031 0.019
3456286.775 0.020
3448933.642 0.020
3441580.662 0.020
3434227.865 0.020
3426875.282 0.020
3419522.943 0.020
3412170.881 0.020
3404819.125 0.020
3397467.707 0.020
3390116.659 0.020
3382766.012 0.020
3375415.799 0.020
3368066.051 0.021
3360716.802 0.021
3353368.083 0.021
3346019.928 0.021
3338672.370 0.021
3331325.442 0.021
3323979.177 0.021
3316633.610 0.021
3309288.774 0.021
3301944.703 0.021
3294601.433 0.021
3287258.997 0.022
3279917.431 0.022
3272576.770 0.022
3265237.049 0.022
3257898.305 0.022
3250560.572 0.022
3243223.888 0.022
3235888.288 0.022
3228553.809 0.022
3221220.489 0.022
3213888.364 0.023
3206557.472 0.023
3199227.851 0.023
3191899.539 0.023
3184572.574 0.023
3177246.995 0.023
3169922.841 0.023
3162600.150 0.023
3155278.963 0.023
3147959.319 0.023
3140641.258 0.024
3133324.820 0.024
3126010.047 0.024
3118696.978 0.024
3111385.656 0.024
3104076.122 0.024
3096768.417 0.024
3089462.585 0.024
3082158.667 0.024
3074856.706 0.025
3067556.746 0.025
3060258.829 0.025
3052963.001 0.025
3045669.304 0.025
3038377.784 0.025
3031088.485 0.025
3023801.452 0.025
3016516.732 0.026
3009234.370 0.026
3001954.412 0.026
2994676.905 0.026
2987401.895 0.026
2980129.431 0.026
2972859.560 0.026
2965592.331 0.026
2958327.791 0.027
2951065.989 0.027
2943806.975 0.027
2936550.799 0.027
2929297.511 0.027
2922047.161 0.027
2914799.799 0.027
2907555.479 0.027
2900314.250 0.028
2893076.166 0.028
2885841.278 0.028
2878609.641 0.028
2871381.307 0.028
2864156.330 0.028
2856934.765 0.028
2849716.667 0.029
2842502.090 0.029
2835291.091 0.029
2828083.725 0.029
2820880.050 0.029
2813680.123 0.029
2806484.000 0.029
2799291.741 0.030
2792103.403 0.030
2784919.047 0.030
2777738.731 0.030
2770562.516 0.030
2763390.462 0.030
2756222.631 0.031
2749059.084 0.031
2741899.883 0.031
2734745.092 0.031
2727594.773 0.031
2720448.990 0.031
2713307.808 0.031
2706171.292 0.032
2699039.508 0.032
2691912.520 0.032
2684790.397 0.032
2677673.205 0.032
2670561.013 0.032
2663453.888 0.033
2656351.901 0.033
2649255.120 0.033
2642163.615 0.033
2635077.459 0.033
2627996.722 0.033
2620921.477 0.034
2613851.797 0.034
2606787.755 0.034
2599729.425 0.034
2592676.882 0.034
2585630.203 0.035
2578589.462 0.035
2571554.737 0.035
2564526.107 0.035
2557503.648 0.035
2550487.440 0.036
2543477.563 0.036
2536474.097 0.036
2529477.124 0.036
2522486.726 0.036
2515502.985 0.037
2508525.986 0.037
2501555.811 0.037
2494592.547 0.037
2487636.279 0.037
2480687.094 0.038
2473745.080 0.038
2466810.324 0.038
2459882.916 0.038
2452962.946 0.038
2446050.505 0.039
2439145.683 0.039
2432248.575 0.039
2425359.273 0.039
2418477.871 0.039
2411604.465 0.040
2404739.150 0.040
2397882.024 0.040
2391033.185 0.040
2384192.731 0.041
2377360.762 0.041
2370537.379 0.041
2363722.683 0.041
2356916.777 0.041
2350119.764 0.042
2343331.750 0.042
2336552.840 0.042
2329783.140 0.042
2323022.757 0.043
2316271.802 0.043
2309530.382 0.043
2302798.610 0.043
2296076.596 0.044
2289364.454 0.044
2282662.298 0.044
2275970.242 0.044
2269288.402 0.045
2262616.897 0.045
2255955.844 0.045
2249305.362 0.045
2242665.573 0.046
2236036.599 0.046
2229418.561 0.046
2222811.585 0.046
2216215.796 0.047
2209631.320 0.047
2203058.286 0.047
2196496.821 0.048
2189947.057 0.048
2183409.124 0.048
2176883.157 0.048
2170369.288 0.049
2163867.653 0.049
2157378.388 0.049
2150901.633 0.050
2144437.525 0.050
2137986.205 0.050
2131547.816 0.050
2125122.500 0.051
2118710.402 0.051
2112311.669 0.051
2105926.448 0.052
2099554.887 0.052
2093197.136 0.052
2086853.348 0.053
2080523.676 0.053
2074208.274 0.053
2067907.298 0.054
2061620.905 0.054
2055349.255 0.054
2049092.508 0.054
2042850.826 0.055
2036624.372 0.055
2030413.312 0.055
2024217.811 0.056
2018038.039 0.056
2011874.165 0.056
2005726.359 0.057
1999594.795 0.057
1993479.648 0.057
1987381.093 0.058
1981299.307 0.058
1975234.471 0.058
1969186.764 0.059
1963156.370 0.059
1957143.473 0.060
1951148.258 0.060
1945170.913 0.060
1939211.626 0.061
1933270.590 0.061
1927347.996 0.061
1921444.039 0.062
1915558.915 0.062
1909692.820 0.062
1903845.956 0.063
1898018.522 0.063
1892210.722 0.064
1886422.760 0.064
1880654.842 0.064
1874907.177 0.065
1869179.974 0.065
1863473.446 0.065
1857787.804 0.066
1852123.265 0.066
1846480.046 0.067
1840858.364 0.067
1835258.440 0.067
5331278.835 0.008
5320848.898 0.008
5310428.596 0.008
5300018.030 0.008
5289617.296 0.008
5279226.496 0.008
5268845.730 0.008
5258475.098 0.008
5248114.701 0.009
5237764.643 0.009
5227425.025 0.009
5217095.952 0.009
5206777.526 0.009
5196469.854 0.009
5186173.039 0.009
5175887.189 0.009
5165612.409 0.009
5155348.807 0.009
5145096.491 0.009
5134855.569 0.009
5124626.150 0.009
5114408.345 0.009
5104202.264 0.009
5094008.018 0.009
5083825.719 0.009
5073655.480 0.009
5063497.414 0.009
5053351.634 0.009
5043218.257 0.009
5033097.396 0.009
5022989.169 0.009
5012893.692 0.009
5002811.082 0.009
4992741.457 0.009
4982684.938 0.009
4972641.643 0.009
4962611.692 0.010
4952595.208 0.010
4942592.311 0.010
4932603.125 0.010
4922627.772 0.010
4912666.377 0.010
4902719.066 0.010
4892785.962 0.010
4882867.193 0.010
4872962.887 0.010
4863073.170 0.010
4853198.171 0.010
4843338.021 0.010
4833492.849 0.010
4823662.786 0.010
4813847.965 0.010
4804048.517 0.010
4794264.577 0.010
4784496.278 0.010
4774743.756 0.010
4765007.145 0.010
4755286.584 0.010
4745582.209 0.010
4735894.159 0.010
4726222.573 0.010
4716567.590 0.011
4706929.352 0.011
4697307.999 0.011
4687703.676 0.011
4678116.523 0.011
4668546.687 0.011
4658994.311 0.011
4649459.541 0.011
4639942.525 0.011
4630443.409 0.011
4620962.342 0.011
4611499.474 0.011
4602054.953 0.011
4592628.931 0.011
4583221.561 0.011
4573832.994 0.011
4564463.384 0.011
4555112.885 0.011
4545781.654 0.011
4536469.845 0.011
4527177.616 0.011
4517905.125 0.011
4508652.531 0.012
4499419.994 0.012
4490207.673 0.012
4481015.731 0.012
4471844.330 0.012
4462693.633 0.012
4453563.805 0.012
4444455.010 0.012
4435367.415 0.012
4426301.186 0.012
4417256.491 0.012
4408233.499 0.012
4399232.379 0.012
4390253.302 0.012
4381296.439 0.012
4372361.963 0.012
4363450.047 0.012
4354560.865 0.012
4345694.591 0.012
4336851.402 0.012
4328031.475 0.012
4319234.988 0.013
4310462.118 0.013
4301713.046 0.013
4292987.952 0.013
4284287.017 0.013
4275610.424 0.013
4266958.356 0.013
4258330.997 0.013
4249728.531 0.013
4241151.145 0.013
4232599.025 0.013
4224072.360 0.013
4215571.336 0.013
4207096.145 0.013
4198646.976 0.013
4190224.020 0.013
4181827.470 0.013
4173457.517 0.013
4165114.357 0.013
4156798.184 0.014
4148509.193 0.014
4140247.580 0.014
4132013.544 0.014
4123807.281 0.014
4115628.991 0.014
4107478.874 0.014
4099357.130 0.014
4091263.960 0.014
4083199.567 0.014
4075164.154 0.014
4067157.925 0.014
4059181.084 0.014
4051233.838 0.014
4043316.391 0.014
4035428.951 0.014
4027571.726 0.014
4019744.925 0.014
4011948.757 0.015
4004183.431 0.015
3996449.159 0.015
3988746.152 0.015
3981074.623 0.015
3973434.784 0.015
3965826.850 0.015
3958251.033 0.015
3950707.550 0.015
3943196.617 0.015
3935718.448 0.015
3928273.263 0.015
3920861.277 0.015
3913482.710 0.015
3906137.780 0.015
3898826.706 0.015
3891549.709 0.015
3884307.010 0.015
3877098.828 0.016
3869925.387 0.016
3862786.908 0.016
3855683.614 0.016
3848615.728 0.016
3841583.474 0.016
3834587.076 0.016
3827626.758 0.016
3820702.746 0.016
3813815.264 0.016
3806964.539 0.016
3800150.797 0.016
3793374.264 0.016
3786635.167 0.016
3779933.734 0.016
3773270.191 0.016
3766644.766 0.016
3760057.687 0.017
3753509.183 0.017
3746999.482 0.017
3740528.813 0.017
3734097.403 0.017
3727705.483 0.017
3721353.280 0.017
3715041.025 0.017
3708768.947 0.017
3702537.273 0.017
3696346.235 0.017
3690196.061 0.017
3684086.979 0.017
3678019.221 0.017
3671993.014 0.017
3666008.587 0.017
3660066.169 0.017
3654165.990 0.017
3648308.277 0.018
3642493.258 0.018
3636721.162 0.018
3630992.217 0.018
3625306.650 0.018
3619664.687 0.018
3614066.557 0.018
3608512.484 0.018
3603002.695 0.018
3597537.416 0.018
3592116.871 0.018
3586741.285 0.018
3581410.882 0.018
3576125.885 0.018
3570886.517 0.018
3565692.999 0.018
3560545.554 0.018
3555444.402 0.018
3550389.762 0.018
3545381.854 0.019
3540420.896 0.019
3535507.106 0.019
3530640.700 0.019
3525821.894 0.019
3521050.903 0.019
3516327.939 0.019
3511653.216 0.019
3507026.945 0.019
3502449.337 0.019
3497920.601 0.019
3493440.946 0.019
3489010.577 0.019
3484629.701 0.019
3480298.523 0.019
3476017.244 0.019
3471786.068 0.019
3467605.193 0.019
3463474.820 0.019
3459395.145 0.019
3455366.364 0.020
3451388.672 0.020
3447462.261 0.020
3443587.322 0.020
3439764.045 0.020
3435992.618 0.020
3432273.226 0.020
3428606.053 0.020
3424991.283 0.020
3421429.095 0.020
3417919.668 0.020
3414463.178 0.020
3411059.801 0.020
3407709.710 0.020
3404413.074 0.020
3401170.063 0.020
3397980.842 0.020
3394845.577 0.020
3391764.429 0.020
3388737.558 0.020
3385765.122 0.020
3382847.277 0.020
3379984.175 0.020
3377175.966 0.020
3374422.800 0.020
3371724.822 0.020
3369082.175 0.021
3366495.000 0.021
3363963.435 0.021
3361487.617 0.021
3359067.678 0.021
3356703.749 0.021
3354395.957 0.021
3352144.429 0.021
3349949.285 0.021
3347810.647 0.021
3345728.630 0.021
3343703.349 0.021
3341734.915 0.021
3339823.437 0.021
3337969.019 0.021
3336171.765 0.021
3334431.774 0.021
3332749.142 0.021
3331123.964 0.021
3329556.330 0.021
3328046.327 0.021
3326594.040 0.021
3325199.551 0.021
3323862.937 0.021
3322584.274 0.021
3321363.634 0.021
3320201.085 0.021
3319096.694 0.021
3318050.523 0.021
3317062.631 0.021
3316133.075 0.021
3315261.906 0.021
3314449.174 0.021
3313694.927 0.021
3312999.205 0.021
3312362.051 0.021
3311783.498 0.021
3311263.582 0.021
3310802.331 0.021
3310399.771 0.021
3310055.926 0.021
3309770.816 0.021
3309544.456 0.021
3309376.861 0.021
3309268.038 0.021
3309217.995 0.021
3309226.734 0.021
3309294.255 0.021
3309420.554 0.021
3309605.624 0.021
3309849.454 0.021
3310152.030 0.021
3310513.335 0.021
3310933.349 0.021
3311412.046 0.021
3311949.401 0.021
3312545.382 0.021
3313199.955 0.021
3313913.083 0.021
3314684.725 0.021
3315514.837 0.021
3316403.373 0.021
3317350.281 0.021
3318355.508 0.021
3319418.997 0.021
3320540.688 0.021
3321720.517 0.021
3322958.418 0.021
3324254.321 0.021
3325608.152 0.021
3327019.837 0.021
3328489.295 0.021
3330016.444 0.021
3331601.199 0.021
3333243.471 0.021
3334943.170 0.021
3336700.199 0.021
3338514.463 0.021
3340385.860 0.021
3342314.286 0.021
3344299.637 0.021
3346341.802 0.021
3348440.669 0.021
3350596.124 0.021
3352808.049 0.021
3355076.322 0.021
3357400.822 0.021
3359781.422 0.021
3362217.993 0.021
3364710.405 0.021
3367258.523 0.021
3369862.210 0.021
3372521.328 0.020
3375235.736 0.020
3378005.288 0.020
3380829.839 0.020
3383709.239 0.020
3386643.338 0.020
3389631.981 0.020
3392675.013 0.020
3395772.275 0.020
3398923.606 0.020
3402128.844 0.020
3405387.824 0.020
3408700.379 0.020
3412066.339 0.020
3415485.534 0.020
3418957.789 0.020
3422482.931 0.020
3426060.780 0.020
3429691.159 0.020
3433373.886 0.020
3437108.779 0.020
3440895.651 0.020
3444734.318 0.020
3448624.591 0.020
3452566.280 0.020
3456559.193 0.020
3460603.137 0.019
3464697.918 0.019
3468843.339 0.019
3473039.203 0.019
3477285.309 0.019
3481581.458 0.019
3485927.447 0.019
3490323.073 0.019
3494768.131 0.019
3499262.415 0.019
3503805.718 0.019
3508397.831 0.019
3513038.544 0.019
3517727.648 0.019
3522464.929 0.019
3527250.176 0.019
3532083.173 0.019
3536963.707 0.019
3541891.561 0.019
3546866.518 0.019
3551888.361 0.018
3556956.871 0.018
3562071.829 0.018
3567233.014 0.018
3572440.207 0.018
3577693.185 0.018
3582991.725 0.018
3588335.606 0.018
3593724.604 0.018
3599158.494 0.018
3604637.052 0.018
3610160.053 0.018
3615727.271 0.018
3621338.481 0.018
3626993.455 0.018
3632691.968 0.018
3638433.791 0.018
3644218.697 0.018
3650046.458 0.018
3655916.847 0.017
3661829.635 0.017
3667784.593 0.017
3673781.493 0.017
3679820.106 0.017
3685900.203 0.017
3692021.554 0.017
3698183.931 0.017
3704387.104 0.017
3710630.845 0.017
3716914.923 0.017
3723239.110 0.017
3729603.177 0.017
3736006.894 0.017
3742450.033 0.017
3748932.364 0.017
3755453.660 0.017
3762013.691 0.016
3768612.229 0.016
3775249.046 0.016
3781923.914 0.016
3788636.606 0.016
3795386.894 0.016
3802174.551 0.016
3808999.350 0.016
3815861.066 0.016
3822759.471 0.016
3829694.341 0.016
3836665.450 0.016
3843672.573 0.016
3850715.486 0.016
3857793.965 0.016
3864907.786 0.016
3872056.726 0.016
3879240.563 0.016
3886459.075 0.015
3893712.040 0.015
3900999.237 0.015
3908320.446 0.015
3915675.447 0.015
3923064.020 0.015
3930485.948 0.015
3937941.011 0.015
3945428.994 0.015
3952949.678 0.015
3960502.847 0.015
3968088.287 0.015
3975705.782 0.015
3983355.118 0.015
3991036.082 0.015
3998748.461 0.015
4006492.043 0.015
4014266.616 0.015
4022071.970 0.014
4029907.896 0.014
4037774.184 0.014
4045670.625 0.014
4053597.013 0.014
4061553.141 0.014
4069538.801 0.014
4077553.790 0.014
4085597.903 0.014
4093670.936 0.014
4101772.686 0.014
4109902.951 0.014
4118061.531 0.014
4126248.225 0.014
4134462.833 0.014
4142705.157 0.014
4150974.998 0.014
4159272.161 0.014
4167596.449 0.013
4175947.666 0.013
4184325.618 0.013
4192730.112 0.013
4201160.955 0.013
4209617.955 0.013
4218100.922 0.013
4226609.665 0.013
4235143.995 0.013
4243703.724 0.013
4252288.665 0.013
4260898.630 0.013
4269533.436 0.013
4278192.896 0.013
4286876.828 0.013
4295585.047 0.013
4304317.373 0.013
4313073.624 0.013
4321853.621 0.013
4330657.182 0.012
4339484.132 0.012
4348334.291 0.012
4357207.484 0.012
4366103.534 0.012
4375022.267 0.012
4383963.510 0.012
4392927.088 0.012
4401912.831 0.012
4410920.567 0.012
4419950.126 0.012
4429001.338 0.012
4438074.036 0.012
4447168.051 0.012
4456283.217 0.012
4465419.369 0.012
4474576.341 0.012
4483753.969 0.012
4492952.092 0.012
4502170.545 0.012
4511409.170 0.012
4520667.804 0.011
4529946.288 0.011
4539244.465 0.011
4548562.176 0.011
4557899.264 0.011
4567255.574 0.011
4576630.951 0.011
4586025.240 0.011
4595438.288 0.011
4604869.943 0.011
4614320.054 0.011
4623788.469 0.011
4633275.039 0.011
4642779.614 0.011
4652302.048 0.011
4661842.192 0.011
4671399.900 0.011
4680975.027 0.011
4690567.428 0.011
4700176.959 0.011
4709803.477 0.011
4719446.841 0.011
4729106.908 0.010
4738783.538 0.010
4748476.592 0.010
4758185.930 0.010
4767911.416 0.010
4777652.910 0.010
4787410.278 0.010
4797183.384 0.010
4806972.092 0.010
4816776.269 0.010
4826595.781 0.010
4836430.497 0.010
4846280.284 0.010
4856145.012 0.010
4866024.551 0.010
4875918.772 0.010
4885827.546 0.010
4895750.745 0.010
4905688.242 0.010
4915639.912 0.010
4925605.629 0.010
4935585.269 0.010
4945578.706 0.010
4955585.819 0.010
4965606.485 0.010
4975640.582 0.009
4985687.989 0.009
4995748.587 0.009
5005822.255 0.009
5015908.875 0.009
5026008.329 0.009
5036120.500 0.009
5046245.271 0.009
5056382.526 0.009
5066532.149 0.009
5076694.028 0.009
5086868.047 0.009
5097054.094 0.009
5107252.056 0.009
5117461.822 0.009
5127683.280 0.009
5137916.321 0.009
5148160.834 0.009
5158416.711 0.009
5168683.842 0.009
5178962.122 0.009
5189251.441 0.009
5199551.695 0.009
5209862.777 0.009
5220184.583 0.009
5230517.007 0.009
5240859.946 0.009
5251213.297 0.009
5261576.957 0.008
5271950.824 0.008
5282334.798 0.008
5292728.776 0.008
5303132.660 0.008
5313546.350 0.008
5323969.746 0.008
5334402.752 0.008
0.0 0.0 0.0
0.0 0.0 0.0
0.0 0.0 0.0
0.0 0.0 0.0
0.0 0.0 0.0
0.0 0.0 0.0
0.0 0.0 0.0
0.0 0.0 0.0
0.0 0.0 0.0
0.0 0.0 0.0
0.0 0.0 0.0
0.0 0.0 0.0
0.0 0.0 0.0
0.0 0.0 0.0
0.0 0.0 0.0
0.0 0.0 0.0
0.0 0.0 0.0
0.0 0.0 0.0
0.0 0.0 0.0
0.0 0.0 0.0
0.0 0.0 0.0
0.0 0.0 0.0
0.0 0.0 0.0
0.0 0.0 0.0
0.0 0.0 0.0
0.0 0.0 0.0
0.0 0.0 0.0
0.0 0.0 0.0
0.0 0.0 0.0
0.0 0.0 0.0
0.0 0.0 0.0
0.0 0.0 0.0
0.0 0.0 0.0
0.0 0.0 0.0
0.0 0.0 0.0
0.0 0.0 0.0
0.0 0.0 0.0
0.0 0.0 0.0
0.0 0.0 0.0
0.0 0.0 0.0
0.0 0.0 0.0
0.0 0.0 0.0
0.0 0.0 0.0
0.0 0.0 0.0
0.0 0.0 0.0
0.0 0.0 0.0
0.0 0.0 0.0
0.0 0.0 0.0
0.0 0.0 0.0
0.0 0.0 0.0
0.0 0.0 0.0
0.0 0.0 0.0
0.0 0.0 0.0
0.0 0.0 0.0
0.0 0.0 0.0
0.0 0.0 0.0
0.0 0.0 0.0
0.0 0.0 0.0
0.0 0.0 0.0
0.0 0.0 0.0
0.0 0.0 0.0
0.0 0.0 0.0
0.0 0.0 0.0
0.0 0.0 0.0
0.0 0.0 0.0
0.0 0.0 0.0
0.0 0.0 0.0
0.0 0.0 0.0
0.0 0.0 0.0
0.0 0.0 0.0
0.0 0.0 0.0
0.0 0.0 0.0
0.0 0.0 0.0
0.0 0.0 0.0
0.0 0.0 0.0
0.0 0.0 0.0
0.0 0.0 0.0
0.0 0.0 0.0
0.0 0.0 0.0
0.0 0.0 0.0
0.0 0.0 0.0
0.0 0.0 0.0
0.0 0.0 0.0
0.0 0.0 0.0
0.0 0.0 0.0
0.0 0.0 0.0
0.0 0.0 0.0
0.0 0.0 0.0
0.0 0.0 0.0
0.0 0.0 0.0
0.0 0.0 0.0
0.0 0.0 0.0
0.0 0.0 0.0
0.0 0.0 0.0
0.0 0.0 0.0
0.0 0.0 0.0
0.0 0.0 0.0
0.0 0.0 0.0
0.0 0.0 0.0
0.0 0.0 0.0
0.0 0.0 0.0
0.0 0.0 0.0
0.0 0.0 0.0
0.0 0.0 0.0
0.0 0.0 0.0
0.0 0.0 0.0
0.0 0.0 0.0
0.0 0.0 0.0
0.0 0.0 0.0
0.0 0.0 0.0
0.0 0.0 0.0
0.0 0.0 0.0
0.0 0.0 0.0
0.0 0.0 0.0
0.0 0.0 0.0
0.0 0.0 0.0
0.0 0.0 0.0
0.0 0.0 0.0
0.0 0.0 0.0
0.0 0.0 0.0
0.0 0.0 0.0
0.0 0.0 0.0
0.0 0.0 0.0
0.0 0.0 0.0
0.0 0.0 0.0
0.0 0.0 0.0
0.0 0.0 0.0
0.0 0.0 0.0
0.0 0.0 0.0
0.0 0.0 0.0
0.0 0.0 0.0
0.0 0.0 0.0
0.0 0.0 0.0
0.0 0.0 0.0
0.0 0.0 0.0
0.0 0.0 0.0
0.0 0.0 0.0
0.0 0.0 0.0
0.0 0.0 0.0
0.0 0.0 0.0
0.0 0.0 0.0
0.0 0.0 0.0
0.0 0.0 0.0
0.0 0.0 0.0
0.0 0.0 0.0
0.0 0.0 0.0
0.0 0.0 0.0
0.0 0.0 0.0
0.0 0.0 0.0
0.0 0.0 0.0
0.0 0.0 0.0
0.0 0.0 0.0
0.0 0.0 0.0
0.0 0.0 0.0
0.0 0.0 0.0
0.0 0.0 0.0
0.0 0.0 0.0
0.0 0.0 0.0
0.0 0.0 0.0
0.0 0.0 0.0
0.0 0.0 0.0
0.0 0.0 0.0
0.0 0.0 0.0
0.0 0.0 0.0
0.0 0.0 0.0
0.0 0.0 0.0
0.0 0.0 0.0
0.0 0.0 0.0
0.0 0.0 0.0
0.0 0.0 0.0
0.0 0.0 0.0
0.0 0.0 0.0
0.0 0.0 0.0
0.0 0.0 0.0
0.0 0.0 0.0
5335921.175 0.008
5323663.440 0.008
5311404.610 0.008
5299144.726 0.008
5286883.832 0.008
5274621.967 0.008
5262359.174 0.008
5250095.497 0.009
5237830.977 0.009
5225565.658 0.009
5213299.584 0.009
5201032.797 0.009
5188765.341 0.009
5176497.262 0.009
5164228.603 0.009
5151959.410 0.009
5139689.727 0.009
5127419.600 0.009
5115149.076 0.009
5102878.199 0.009
5090607.017 0.009
5078335.576 0.009
5066063.924 0.009
5053792.108 0.009
5041520.176 0.009
5029248.176 0.009
5016976.156 0.009
5004704.166 0.009
4992432.254 0.009
4980160.471 0.009
4967888.866 0.009
4955617.490 0.010
4943346.393 0.010
4931075.627 0.010
4918805.243 0.010
4906535.293 0.010
4894265.829 0.010
4881996.903 0.010
4869728.570 0.010
4857460.882 0.010
4845193.894 0.010
4832927.659 0.010
4820662.233 0.010
4808397.671 0.010
4796134.028 0.010
4783871.361 0.010
4771609.725 0.010
4759349.179 0.010
4747089.779 0.010
4734831.583 0.010
4722574.650 0.011
4710319.038 0.011
4698064.807 0.011
4685812.017 0.011
4673560.727 0.011
4661310.999 0.011
4649062.895 0.011
4636816.475 0.011
4624571.802 0.011
4612328.939 0.011
4600087.949 0.011
4587848.897 0.011
4575611.847 0.011
4563376.863 0.011
4551144.012 0.011
4538913.359 0.011
4526684.971 0.011
4514458.916 0.011
4502235.261 0.012
4490014.075 0.012
4477795.426 0.012
4465579.385 0.012
4453366.022 0.012
4441155.408 0.012
4428947.614 0.012
4416742.712 0.012
4404540.776 0.012
4392341.878 0.012
4380146.093 0.012
4367953.496 0.012
4355764.162 0.012
4343578.168 0.012
4331395.589 0.012
4319216.505 0.013
4307040.993 0.013
4294869.133 0.013
4282701.003 0.013
4270536.685 0.013
4258376.260 0.013
4246219.810 0.013
4234067.418 0.013
4221919.167 0.013
4209775.142 0.013
4197635.428 0.013
4185500.112 0.013
4173369.279 0.013
4161243.018 0.014
4149121.418 0.014
4137004.567 0.014
4124892.556 0.014
4112785.476 0.014
4100683.420 0.014
4088586.480 0.014
4076494.750 0.014
4064408.325 0.014
4052327.301 0.014
4040251.774 0.014
4028181.843 0.014
4016117.606 0.014
4004059.163 0.015
3992006.614 0.015
3979960.061 0.015
3967919.608 0.015
3955885.357 0.015
3943857.414 0.015
3931835.884 0.015
3919820.876 0.015
3907812.496 0.015
3895810.855 0.015
3883816.062 0.015
3871828.230 0.016
3859847.471 0.016
3847873.899 0.016
3835907.629 0.016
3823948.779 0.016
3811997.464 0.016
3800053.805 0.016
3788117.922 0.016
3776189.935 0.016
3764269.968 0.016
3752358.145 0.017
3740454.591 0.017
3728559.434 0.017
3716672.800 0.017
3704794.821 0.017
3692925.626 0.017
3681065.349 0.017
3669214.123 0.017
3657372.083 0.017
3645539.367 0.018
3633716.113 0.018
3621902.461 0.018
3610098.552 0.018
3598304.530 0.018
3586520.539 0.018
3574746.725 0.018
3562983.237 0.018
3551230.225 0.018
3539487.839 0.019
3527756.232 0.019
3516035.560 0.019
3504325.979 0.019
3492627.648 0.019
3480940.726 0.019
3469265.376 0.019
3457601.762 0.019
3445950.050 0.020
3434310.406 0.020
3422683.002 0.020
3411068.008 0.020
3399465.599 0.020
3387875.950 0.020
3376299.238 0.020
3364735.644 0.021
3353185.350 0.021
3341648.540 0.021
3330125.400 0.021
3318616.118 0.021
3307120.886 0.021
3295639.896 0.021
3284173.344 0.022
3272721.427 0.022
3261284.345 0.022
3249862.301 0.022
3238455.499 0.022
3227064.147 0.022
3215688.455 0.023
3204328.634 0.023
3192984.901 0.023
3181657.471 0.023
3170346.566 0.023
3159052.407 0.023
3147775.221 0.023
3136515.236 0.024
3125272.682 0.024
3114047.794 0.024
3102840.808 0.024
3091651.964 0.024
3080481.503 0.024
3069329.672 0.025
3058196.719 0.025
3047082.895 0.025
3035988.455 0.025
3024913.657 0.025
3013858.762 0.026
3002824.033 0.026
2991809.737 0.026
2980816.146 0.026
2969843.534 0.026
2958892.177 0.027
2947962.357 0.027
2937054.357 0.027
2926168.465 0.027
2915304.973 0.027
2904464.176 0.028
2893646.370 0.028
2882851.860 0.028
2872080.951 0.028
2861333.952 0.028
2850611.177 0.029
2839912.943 0.029
2829239.572 0.029
2818591.388 0.029
2807968.720 0.029
2797371.903 0.030
2786801.273 0.030
2776257.171 0.030
2765739.944 0.030
2755249.941 0.031
2744787.516 0.031
2734353.028 0.031
2723946.840 0.031
2713569.318 0.031
2703220.835 0.032
2692901.766 0.032
2682612.493 0.032
2672353.400 0.032
2662124.879 0.033
2651927.322 0.033
2641761.131 0.033
2631626.708 0.033
2621524.464 0.034
2611454.812 0.034
2601418.170 0.034
2591414.963 0.034
2581445.619 0.035
2571510.572 0.035
2561610.260 0.035
2551745.129 0.035
2541915.626 0.036
2532122.206 0.036
2522365.329 0.036
2512645.459 0.037
2502963.067 0.037
2493318.627 0.037
2483712.621 0.037
2474145.534 0.038
2464617.858 0.038
2455130.091 0.038
2445682.734 0.039
2436276.296 0.039
2426911.289 0.039
2417588.234 0.039
2408307.653 0.040
2399070.079 0.040
2389876.045 0.040
2380726.094 0.041
2371620.772 0.041
2362560.632 0.041
2353546.232 0.042
2344578.135 0.042
2335656.911 0.042
2326783.134 0.043
2317957.386 0.043
2309180.251 0.043
2300452.322 0.043
2291774.196 0.044
2283146.475 0.044
2274569.768 0.044
2266044.688 0.045
2257571.854 0.045
2249151.890 0.045
2240785.426 0.046
2232473.098 0.046
2224215.545 0.046
2216013.412 0.047
2207867.351 0.047
2199778.016 0.047
2191746.068 0.048
2183772.173 0.048
2175857.001 0.048
2168001.226 0.049
2160205.528 0.049
2152470.591 0.050
2144797.103 0.050
2137185.757 0.050
2129637.250 0.051
2122152.282 0.051
2114731.557 0.051
2107375.786 0.052
2100085.678 0.052
2092861.950 0.052
2085705.320 0.053
2078616.511 0.053
2071596.245 0.053
2064645.252 0.054
2057764.260 0.054
2050954.001 0.054
2044215.211 0.055
2037548.624 0.055
2030954.979 0.055
2024435.015 0.056
2017989.471 0.056
2011619.090 0.056
2005324.612 0.057
1999106.780 0.057
1992966.337 0.057
1986904.024 0.058
1980920.583 0.058
1975016.754 0.059
1969193.277 0.059
1963450.892 0.059
1957790.333 0.060
1952212.335 0.060
1946717.631 0.060
1941306.949 0.060
1935981.017 0.061
1930740.555 0.061
1925586.284 0.061
1920518.917 0.062
1915539.165 0.062
1910647.733 0.062
1905845.319 0.063
1901132.619 0.063
1896510.319 0.063
1891979.101 0.064
1887539.638 0.064
1883192.597 0.064
1878938.638 0.064
1874778.411 0.065
1870712.557 0.065
1866741.709 0.065
1862866.492 0.066
1859087.518 0.066
1855405.390 0.066
1851820.702 0.066
1848334.034 0.067
1844945.956 0.067
1841657.025 0.067
1838467.787 0.067
1835378.774 0.067
1832390.505 0.068
1829503.487 0.068
1826718.210 0.068
1824035.151 0.068
1821454.774 0.068
1818977.526 0.069
1816603.837 0.069
1814334.124 0.069
1812168.788 0.069
1810108.210 0.069
1808152.758 0.069
1806302.781 0.070
1804558.610 0.070
1802920.559 0.070
1801388.925 0.070
1799963.985 0.070
1798645.998 0.070
1797435.206 0.070
1796331.829 0.070
1795336.070 0.070
1794448.112 0.070
1793668.119 0.070
1792996.235 0.071
1792432.584 0.071
1791977.270 0.071
1791630.378 0.071
1791391.973 0.071
1791262.097 0.071
1791240.777 0.071
1791328.015 0.071
1791523.795 0.071
1791828.081 0.071
1792240.817 0.071
1792761.925 0.071
1793391.311 0.070
1794128.856 0.070
1794974.424 0.070
1795927.861 0.070
1796988.990 0.070
1798157.616 0.070
1799433.526 0.070
1800816.486 0.070
1802306.244 0.070
1803902.530 0.070
1805605.054 0.070
1807413.511 0.069
1809327.575 0.069
1811346.903 0.069
1813471.137 0.069
1815699.899 0.069
1818032.796 0.069
1820469.418 0.068
1823009.340 0.068
1825652.122 0.068
1828397.305 0.068
1831244.419 0.068
1834192.978 0.068
1837242.481 0.067
1840392.415 0.067
1843642.253 0.067
1846991.454 0.067
1850439.465 0.066
1853985.722 0.066
1857629.648 0.066
1861370.654 0.066
1865208.142 0.065
1869141.502 0.065
1873170.114 0.065
1877293.350 0.065
1881510.572 0.064
1885821.130 0.064
1890224.371 0.064
1894719.631 0.063
1899306.237 0.063
1903983.513 0.063
1908750.772 0.063
1913607.324 0.062
1918552.471 0.062
1923585.511 0.062
1928705.734 0.061
1933912.429 0.061
1939204.878 0.061
1944582.360 0.060
1950044.150 0.060
1955589.521 0.060
1961217.741 0.059
1966928.077 0.059
1972719.793 0.059
1978592.152 0.058
1984544.414 0.058
1990575.839 0.058
1996685.686 0.057
2002873.212 0.057
2009137.676 0.057
2015478.336 0.056
2021894.449 0.056
2028385.274 0.056
2034950.071 0.055
2041588.100 0.055
2048298.622 0.055
2055080.901 0.054
2061934.202 0.054
2068857.791 0.053
2075850.940 0.053
2082912.918 0.053
2090043.000 0.052
2097240.464 0.052
2104504.590 0.052
2111834.660 0.051
2119229.963 0.051
2126689.787 0.051
2134213.427 0.050
2141800.180 0.050
2149449.349 0.050
2157160.239 0.049
2164932.159 0.049
2172764.425 0.049
2180656.355 0.048
2188607.272 0.048
2196616.505 0.048
2204683.385 0.047
2212807.252 0.047
2220987.446 0.047
2229223.317 0.046
2237514.216 0.046
2245859.500 0.046
2254258.534 0.045
2262710.686 0.045
2271215.328 0.045
2279771.840 0.044
2288379.606 0.044
2297038.016 0.044
2305746.464 0.043
2314504.353 0.043
2323311.087 0.043
2332166.080 0.042
2341068.747 0.042
2350018.512 0.042
2359014.804 0.041
2368057.057 0.041
2377144.711 0.041
2386277.210 0.040
2395454.006 0.040
2404674.555 0.040
2413938.320 0.040
2423244.768 0.039
2432593.372 0.039
2441983.612 0.039
2451414.972 0.038
2460886.941 0.038
2470399.016 0.038
2479950.696 0.038
2489541.489 0.037
2499170.905 0.037
2508838.463 0.037
2518543.685 0.036
2528286.098 0.036
2538065.236 0.036
2547880.638 0.036
2557731.846 0.035
2567618.410 0.035
2577539.884 0.035
2587495.827 0.035
2597485.803 0.034
2607509.382 0.034
2617566.137 0.034
2627655.649 0.034
2637777.501 0.033
2647931.283 0.033
2658116.588 0.033
2668333.015 0.033
2678580.168 0.032
2688857.654 0.032
2699165.087 0.032
2709502.084 0.032
2719868.267 0.031
2730263.263 0.031
2740686.702 0.031
2751138.220 0.031
2761617.458 0.030
2772124.058 0.030
2782657.670 0.030
2793217.946 0.030
2803804.544 0.029
2814417.124 0.029
2825055.351 0.029
2835718.895 0.029
2846407.429 0.029
2857120.631 0.028
2867858.181 0.028
2878619.764 0.028
2889405.070 0.028
2900213.790 0.028
2911045.623 0.027
2921900.266 0.027
2932777.426 0.027
2943676.807 0.027
2954598.123 0.027
2965541.086 0.026
2976505.416 0.026
2987490.832 0.026
2998497.061 0.026
3009523.830 0.026
3020570.871 0.025
3031637.918 0.025
3042724.709 0.025
3053830.986 0.025
3064956.492 0.025
3076100.975 0.025
3087264.185 0.024
3098445.875 0.024
3109645.803 0.024
3120863.727 0.024
3132099.410 0.024
3143352.616 0.024
3154623.114 0.023
3165910.674 0.023
3177215.070 0.023
3188536.078 0.023
3199873.477 0.023
3211227.048 0.023
3222596.575 0.022
3233981.846 0.022
3245382.650 0.022
3256798.777 0.022
3268230.023 0.022
3279676.184 0.022
3291137.059 0.021
3302612.450 0.021
3314102.160 0.021
3325605.996 0.021
3337123.765 0.021
3348655.279 0.021
3360200.351 0.021
3371758.794 0.020
3383330.428 0.020
3394915.070 0.020
3406512.542 0.020
3418122.669 0.020
3429745.274 0.020
3441380.187 0.020
3453027.235 0.020
3464686.252 0.019
3476357.070 0.019
3488039.525 0.019
3499733.453 0.019
3511438.695 0.019
3523155.090 0.019
3534882.482 0.019
3546620.715 0.019
3558369.635 0.018
3570129.090 0.018
3581898.930 0.018
3593679.007 0.018
3605469.172 0.018
3617269.282 0.018
3629079.192 0.018
3640898.759 0.018
3652727.845 0.017
3664566.308 0.017
3676414.013 0.017
3688270.823 0.017
3700136.604 0.017
3712011.222 0.017
3723894.545 0.017
3735786.445 0.017
3747686.792 0.017
3759595.459 0.017
3771512.319 0.016
3783437.249 0.016
3795370.124 0.016
3807310.824 0.016
3819259.226 0.016
3831215.213 0.016
3843178.665 0.016
3855149.466 0.016
3867127.500 0.016
3879112.653 0.016
3891104.811 0.015
3903103.863 0.015
3915109.697 0.015
3927122.204 0.015
3939141.275 0.015
3951166.802 0.015
3963198.680 0.015
3975236.803 0.015
3987281.066 0.015
3999331.366 0.015
4011387.602 0.015
4023449.672 0.014
4035517.477 0.014
4047590.916 0.014
4059669.892 0.014
4071754.307 0.014
4083844.067 0.014
4095939.074 0.014
4108039.236 0.014
4120144.459 0.014
4132254.650 0.014
4144369.717 0.014
4156489.571 0.014
4168614.121 0.013
4180743.279 0.013
4192876.956 0.013
4205015.066 0.013
4217157.521 0.013
4229304.236 0.013
4241455.128 0.013
4253610.111 0.013
4265769.102 0.013
4277932.020 0.013
4290098.782 0.013
4302269.308 0.013
4314443.518 0.013
4326621.332 0.012
4338802.672 0.012
4350987.460 0.012
4363175.619 0.012
4375367.072 0.012
4387561.743 0.012
4399759.558 0.012
4411960.442 0.012
4424164.321 0.012
4436371.122 0.012
4448580.773 0.012
4460793.202 0.012
4473008.338 0.012
4485226.110 0.012
4497446.448 0.012
4509669.284 0.012
4521894.548 0.011
4534122.173 0.011
4546352.090 0.011
4558584.233 0.011
4570818.535 0.011
4583054.932 0.011
4595293.357 0.011
4607533.746 0.011
4619776.034 0.011
4632020.159 0.011
4644266.057 0.011
4656513.666 0.011
4668762.923 0.011
4681013.767 0.011
4693266.137 0.011
4705519.973 0.011
4717775.215 0.011
4730031.803 0.010
4742289.678 0.010
4754548.781 0.010
4766809.055 0.010
4779070.442 0.010
4791332.885 0.010
4803596.327 0.010
4815860.711 0.010
4828125.983 0.010
4840392.086 0.010
4852658.966 0.010
4864926.568 0.010
4877194.839 0.010
4889463.724 0.010
4901733.170 0.010
4914003.124 0.010
4926273.535 0.010
4938544.349 0.010
4950815.516 0.010
4963086.984 0.010
4975358.702 0.009
4987630.619 0.009
4999902.686 0.009
5012174.853 0.009
5024447.070 0.009
5036719.289 0.009
5048991.460 0.009
5061263.536 0.009
5073535.468 0.009
5085807.209 0.009
5098078.711 0.009
5110349.928 0.009
5122620.813 0.009
5134891.320 0.009
5147161.403 0.009
5159431.016 0.009
5171700.113 0.009
5183968.651 0.009
5196236.584 0.009
5208503.867 0.009
5220770.457 0.009
5233036.311 0.009
5245301.384 0.009
5257565.633 0.008
5269829.016 0.008
5282091.489 0.008
5294353.012 0.008
5306613.540 0.008
5318873.034 0.008
5331131.451 0.008
5343388.750 0.008
0.0 0.0 0.0
0.0 0.0 0.0
0.0 0.0 0.0
0.0 0.0 0.0
0.0 0.0 0.0
0.0 0.0 0.0
0.0 0.0 0.0
0.0 0.0 0.0
0.0 0.0 0.0
0.0 0.0 0.0
0.0 0.0 0.0
0.0 0.0 0.0
0.0 0.0 0.0
0.0 0.0 0.0
0.0 0.0 0.0
0.0 0.0 0.0
0.0 0.0 0.0
0.0 0.0 0.0
0.0 0.0 0.0
0.0 0.0 0.0
0.0 0.0 0.0
0.0 0.0 0.0
0.0 0.0 0.0
0.0 0.0 0.0
0.0 0.0 0.0
0.0 0.0 0.0
0.0 0.0 0.0
0.0 0.0 0.0
0.0 0.0 0.0
0.0 0.0 0.0
0.0 0.0 0.0
0.0 0.0 0.0
0.0 0.0 0.0
0.0 0.0 0.0
0.0 0.0 0.0
0.0 0.0 0.0
0.0 0.0 0.0
0.0 0.0 0.0
0.0 0.0 0.0
0.0 0.0 0.0
0.0 0.0 0.0
0.0 0.0 0.0
0.0 0.0 0.0
0.0 0.0 0.0
0.0 0.0 0.0
0.0 0.0 0.0
0.0 0.0 0.0
0.0 0.0 0.0
0.0 0.0 0.0
0.0 0.0 0.0
0.0 0.0 0.0
0.0 0.0 0.0
0.0 0.0 0.0
0.0 0.0 0.0
0.0 0.0 0.0
0.0 0.0 0.0
0.0 0.0 0.0
0.0 0.0 0.0
0.0 0.0 0.0
0.0 0.0 0.0
0.0 0.0 0.0
0.0 0.0 0.0
0.0 0.0 0.0
0.0 0.0 0.0
0.0 0.0 0.0
0.0 0.0 0.0
0.0 0.0 0.0
0.0 0.0 0.0
0.0 0.0 0.0
0.0 0.0 0.0
0.0 0.0 0.0
0.0 0.0 0.0
0.0 0.0 0.0
0.0 0.0 0.0
0.0 0.0 0.0
0.0 0.0 0.0
0.0 0.0 0.0
0.0 0.0 0.0
0.0 0.0 0.0
0.0 0.0 0.0
0.0 0.0 0.0
0.0 0.0 0.0
0.0 0.0 0.0
0.0 0.0 0.0
0.0 0.0 0.0
0.0 0.0 0.0
0.0 0.0 0.0
0.0 0.0 0.0
0.0 0.0 0.0
0.0 0.0 0.0
0.0 0.0 0.0
0.0 0.0 0.0
0.0 0.0 0.0
0.0 0.0 0.0
0.0 0.0 0.0
0.0 0.0 0.0
0.0 0.0 0.0
0.0 0.0 0.0
0.0 0.0 0.0
0.0 0.0 0.0
0.0 0.0 0.0
0.0 0.0 0.0
0.0 0.0 0.0
0.0 0.0 0.0
0.0 0.0 0.0
0.0 0.0 0.0
0.0 0.0 0.0
0.0 0.0 0.0
0.0 0.0 0.0
0.0 0.0 0.0
0.0 0.0 0.0
0.0 0.0 0.0
0.0 0.0 0.0
0.0 0.0 0.0
0.0 0.0 0.0
0.0 0.0 0.0
0.0 0.0 0.0
0.0 0.0 0.0
0.0 0.0 0.0
0.0 0.0 0.0
0.0 0.0 0.0
0.0 0.0 0.0
0.0 0.0 0.0
0.0 0.0 0.0
0.0 0.0 0.0
0.0 0.0 0.0
0.0 0.0 0.0
0.0 0.0 0.0
0.0 0.0 0.0
0.0 0.0 0.0
0.0 0.0 0.0
0.0 0.0 0.0
0.0 0.0 0.0
0.0 0.0 0.0
0.0 0.0 0.0
0.0 0.0 0.0
0.0 0.0 0.0
0.0 0.0 0.0
0.0 0.0 0.0
0.0 0.0 0.0
0.0 0.0 0.0
0.0 0.0 0.0
0.0 0.0 0.0
0.0 0.0 0.0
0.0 0.0 0.0
0.0 0.0 0.0
0.0 0.0 0.0
0.0 0.0 0.0
0.0 0.0 0.0
0.0 0.0 0.0
0.0 0.0 0.0
0.0 0.0 0.0
0.0 0.0 0.0
0.0 0.0 0.0
0.0 0.0 0.0
0.0 0.0 0.0
0.0 0.0 0.0
0.0 0.0 0.0
0.0 0.0 0.0
0.0 0.0 0.0
0.0 0.0 0.0
0.0 0.0 0.0
0.0 0.0 0.0
0.0 0.0 0.0
0.0 0.0 0.0
0.0 0.0 0.0
0.0 0.0 0.0
0.0 0.0 0.0
0.0 0.0 0.0
0.0 0.0 0.0
0.0 0.0 0.0
0.0 0.0 0.0
0.0 0.0 0.0
0.0 0.0 0.0
0.0 0.0 0.0
0.0 0.0 0.0
0.0 0.0 0.0
0.0 0.0 0.0
0.0 0.0 0.0
0.0 0.0 0.0
0.0 0.0 0.0
0.0 0.0 0.0
0.0 0.0 0.0
0.0 0.0 0.0
0.0 0.0 0.0
0.0 0.0 0.0
0.0 0.0 0.0
0.0 0.0 0.0
0.0 0.0 0.0
0.0 0.0 0.0
0.0 0.0 0.0
0.0 0.0 0.0
0.0 0.0 0.0
0.0 0.0 0.0
0.0 0.0 0.0
0.0 0.0 0.0
0.0 0.0 0.0
0.0 0.0 0.0
0.0 0.0 0.0
0.0 0.0 0.0
0.0 0.0 0.0
0.0 0.0 0.0
0.0 0.0 0.0
0.0 0.0 0.0
0.0 0.0 0.0
0.0 0.0 0.0
0.0 0.0 0.0
0.0 0.0 0.0
0.0 0.0 0.0
0.0 0.0 0.0
0.0 0.0 0.0
0.0 0.0 0.0
0.0 0.0 0.0
0.0 0.0 0.0
0.0 0.0 0.0
0.0 0.0 0.0
0.0 0.0 0.0
0.0 0.0 0.0
0.0 0.0 0.0
0.0 0.0 0.0
0.0 0.0 0.0
0.0 0.0 0.0
0.0 0.0 0.0
0.0 0.0 0.0
0.0 0.0 0.0
0.0 0.0 0.0
0.0 0.0 0.0
0.0 0.0 0.0
0.0 0.0 0.0
0.0 0.0 0.0
0.0 0.0 0.0
0.0 0.0 0.0
0.0 0.0 0.0
0.0 0.0 0.0
0.0 0.0 0.0
0.0 0.0 0.0
0.0 0.0 0.0
0.0 0.0 0.0
0.0 0.0 0.0
0.0 0.0 0.0
0.0 0.0 0.0
0.0 0.0 0.0
0.0 0.0 0.0
0.0 0.0 0.0
0.0 0.0 0.0
0.0 0.0 0.0
0.0 0.0 0.0
0.0 0.0 0.0
0.0 0.0 0.0
0.0 0.0 0.0
0.0 0.0 0.0
0.0 0.0 0.0
0.0 0.0 0.0
0.0 0.0 0.0
0.0 0.0 0.0
0.0 0.0 0.0
0.0 0.0 0.0
0.0 0.0 0.0
0.0 0.0 0.0
0.0 0.0 0.0
0.0 0.0 0.0
0.0 0.0 0.0
0.0 0.0 0.0
0.0 0.0 0.0
0.0 0.0 0.0
0.0 0.0 0.0
0.0 0.0 0.0
0.0 0.0 0.0
0.0 0.0 0.0
0.0 0.0 0.0
0.0 0.0 0.0
0.0 0.0 0.0
0.0 0.0 0.0
0.0 0.0 0.0
0.0 0.0 0.0
0.0 0.0 0.0
0.0 0.0 0.0
0.0 0.0 0.0
0.0 0.0 0.0
0.0 0.0 0.0
0.0 0.0 0.0
0.0 0.0 0.0
0.0 0.0 0.0
0.0 0.0 0.0
0.0 0.0 0.0
0.0 0.0 0.0
0.0 0.0 0.0
0.0 0.0 0.0
0.0 0.0 0.0
0.0 0.0 0.0
0.0 0.0 0.0
0.0 0.0 0.0
0.0 0.0 0.0
0.0 0.0 0.0
0.0 0.0 0.0
0.0 0.0 0.0
0.0 0.0 0.0
0.0 0.0 0.0
0.0 0.0 0.0
0.0 0.0 0.0
0.0 0.0 0.0
0.0 0.0 0.0
0.0 0.0 0.0
0.0 0.0 0.0
0.0 0.0 0.0
0.0 0.0 0.0
0.0 0.0 0.0
0.0 0.0 0.0
0.0 0.0 0.0
0.0 0.0 0.0
0.0 0.0 0.0
0.0 0.0 0.0
0.0 0.0 0.0
0.0 0.0 0.0
0.0 0.0 0.0
0.0 0.0 0.0
0.0 0.0 0.0
0.0 0.0 0.0
0.0 0.0 0.0
0.0 0.0 0.0
0.0 0.0 0.0
0.0 0.0 0.0
0.0 0.0 0.0
0.0 0.0 0.0
0.0 0.0 0.0
0.0 0.0 0.0
0.0 0.0 0.0
0.0 0.0 0.0
0.0 0.0 0.0
0.0 0.0 0.0
0.0 0.0 0.0
0.0 0.0 0.0
0.0 0.0 0.0
0.0 0.0 0.0
0.0 0.0 0.0
0.0 0.0 0.0
0.0 0.0 0.0
0.0 0.0 0.0
0.0 0.0 0.0
0.0 0.0 0.0
0.0 0.0 0.0
0.0 0.0 0.0
0.0 0.0 0.0
0.0 0.0 0.0
0.0 0.0 0.0
0.0 0.0 0.0
0.0 0.0 0.0
0.0 0.0 0.0
0.0 0.0 0.0
0.0 0.0 0.0
0.0 0.0 0.0
0.0 0.0 0.0
0.0 0.0 0.0
0.0 0.0 0.0
0.0 0.0 0.0
0.0 0.0 0.0
0.0 0.0 0.0
0.0 0.0 0.0
0.0 0.0 0.0
0.0 0.0 0.0
0.0 0.0 0.0
0.0 0.0 0.0
0.0 0.0 0.0
0.0 0.0 0.0
0.0 0.0 0.0
0.0 0.0 0.0
0.0 0.0 0.0
0.0 0.0 0.0
0.0 0.0 0.0
0.0 0.0 0.0
0.0 0.0 0.0
0.0 0.0 0.0
0.0 0.0 0.0
0.0 0.0 0.0
0.0 0.0 0.0
0.0 0.0 0.0
0.0 0.0 0.0
0.0 0.0 0.0
0.0 0.0 0.0
0.0 0.0 0.0
0.0 0.0 0.0
0.0 0.0 0.0
0.0 0.0 0.0
0.0 0.0 0.0
0.0 0.0 0.0
0.0 0.0 0.0
0.0 0.0 0.0
0.0 0.0 0.0
0.0 0.0 0.0
0.0 0.0 0.0
0.0 0.0 0.0
0.0 0.0 0.0
0.0 0.0 0.0
0.0 0.0 0.0
0.0 0.0 0.0
0.0 0.0 0.0
0.0 0.0 0.0
0.0 0.0 0.0
0.0 0.0 0.0
0.0 0.0 0.0
0.0 0.0 0.0
0.0 0.0 0.0
0.0 0.0 0.0
0.0 0.0 0.0
0.0 0.0 0.0
0.0 0.0 0.0
0.0 0.0 0.0
0.0 0.0 0.0
0.0 0.0 0.0
0.0 0.0 0.0
0.0 0.0 0.0
0.0 0.0 0.0
0.0 0.0 0.0
0.0 0.0 0.0
0.0 0.0 0.0
0.0 0.0 0.0
0.0 0.0 0.0
0.0 0.0 0.0
0.0 0.0 0.0
0.0 0.0 0.0
0.0 0.0 0.0
0.0 0.0 0.0
0.0 0.0 0.0
0.0 0.0 0.0
0.0 0.0 0.0
0.0 0.0 0.0
0.0 0.0 0.0
0.0 0.0 0.0
0.0 0.0 0.0
0.0 0.0 0.0
0.0 0.0 0.0
0.0 0.0 0.0
0.0 0.0 0.0
0.0 0.0 0.0
0.0 0.0 0.0
0.0 0.0 0.0
0.0 0.0 0.0
0.0 0.0 0.0
0.0 0.0 0.0
0.0 0.0 0.0
0.0 0.0 0.0
0.0 0.0 0.0
0.0 0.0 0.0
0.0 0.0 0.0
0.0 0.0 0.0
0.0 0.0 0.0
0.0 0.0 0.0
0.0 0.0 0.0
0.0 0.0 0.0
0.0 0.0 0.0
0.0 0.0 0.0
0.0 0.0 0.0
0.0 0.0 0.0
0.0 0.0 0.0
0.0 0.0 0.0
0.0 0.0 0.0
0.0 0.0 0.0
0.0 0.0 0.0
0.0 0.0 0.0
0.0 0.0 0.0
0.0 0.0 0.0
0.0 0.0 0.0
0.0 0.0 0.0
0.0 0.0 0.0
0.0 0.0 0.0
0.0 0.0 0.0
0.0 0.0 0.0
0.0 0.0 0.0
0.0 0.0 0.0
0.0 0.0 0.0
0.0 0.0 0.0
0.0 0.0 0.0
0.0 0.0 0.0
0.0 0.0 0.0
0.0 0.0 0.0
0.0 0.0 0.0
0.0 0.0 0.0
0.0 0.0 0.0
0.0 0.0 0.0
0.0 0.0 0.0
0.0 0.0 0.0
0.0 0.0 0.0
0.0 0.0 0.0
0.0 0.0 0.0
0.0 0.0 0.0
0.0 0.0 0.0
0.0 0.0 0.0
0.0 0.0 0.0
0.0 0.0 0.0
0.0 0.0 0.0
0.0 0.0 0.0
0.0 0.0 0.0
0.0 0.0 0.0
0.0 0.0 0.0
0.0 0.0 0.0
0.0 0.0 0.0
0.0 0.0 0.0
0.0 0.0 0.0
0.0 0.0 0.0
0.0 0.0 0.0
0.0 0.0 0.0
0.0 0.0 0.0
0.0 0.0 0.0
0.0 0.0 0.0
0.0 0.0 0.0
0.0 0.0 0.0
0.0 0.0 0.0
0.0 0.0 0.0
0.0 0.0 0.0
0.0 0.0 0.0
0.0 0.0 0.0
0.0 0.0 0.0
0.0 0.0 0.0
0.0 0.0 0.0
0.0 0.0 0.0
0.0 0.0 0.0
0.0 0.0 0.0
0.0 0.0 0.0
0.0 0.0 0.0
0.0 0.0 0.0
0.0 0.0 0.0
0.0 0.0 0.0
0.0 0.0 0.0
0.0 0.0 0.0
0.0 0.0 0.0
0.0 0.0 0.0
0.0 0.0 0.0
0.0 0.0 0.0
0.0 0.0 0.0
0.0 0.0 0.0
0.0 0.0 0.0
0.0 0.0 0.0
0.0 0.0 0.0
0.0 0.0 0.0
0.0 0.0 0.0
0.0 0.0 0.0
0.0 0.0 0.0
0.0 0.0 0.0
0.0 0.0 0.0
0.0 0.0 0.0
0.0 0.0 0.0
0.0 0.0 0.0
0.0 0.0 0.0
0.0 0.0 0.0
0.0 0.0 0.0
0.0 0.0 0.0
0.0 0.0 0.0
0.0 0.0 0.0
0.0 0.0 0.0
0.0 0.0 0.0
0.0 0.0 0.0
0.0 0.0 0.0
0.0 0.0 0.0
0.0 0.0 0.0
0.0 0.0 0.0
0.0 0.0 0.0
0.0 0.0 0.0
0.0 0.0 0.0
0.0 0.0 0.0
0.0 0.0 0.0
0.0 0.0 0.0
0.0 0.0 0.0
0.0 0.0 0.0
0.0 0.0 0.0
0.0 0.0 0.0
0.0 0.0 0.0
0.0 0.0 0.0
0.0 0.0 0.0
0.0 0.0 0.0
0.0 0.0 0.0
0.0 0.0 0.0
0.0 0.0 0.0
0.0 0.0 0.0
0.0 0.0 0.0
0.0 0.0 0.0
0.0 0.0 0.0
0.0 0.0 0.0
0.0 0.0 0.0
0.0 0.0 0.0
0.0 0.0 0.0
0.0 0.0 0.0
0.0 0.0 0.0
0.0 0.0 0.0
0.0 0.0 0.0
0.0 0.0 0.0
0.0 0.0 0.0
0.0 0.0 0.0
0.0 0.0 0.0
0.0 0.0 0.0
0.0 0.0 0.0
0.0 0.0 0.0
0.0 0.0 0.0
0.0 0.0 0.0
0.0 0.0 0.0
0.0 0.0 0.0
0.0 0.0 0.0
0.0 0.0 0.0
0.0 0.0 0.0
0.0 0.0 0.0
0.0 0.0 0.0
0.0 0.0 0.0
0.0 0.0 0.0
0.0 0.0 0.0
0.0 0.0 0.0
0.0 0.0 0.0
0.0 0.0 0.0
0.0 0.0 0.0
0.0 0.0 0.0
0.0 0.0 0.0
0.0 0.0 0.0
0.0 0.0 0.0
0.0 0.0 0.0
0.0 0.0 0.0
0.0 0.0 0.0
0.0 0.0 0.0
0.0 0.0 0.0
5337010.587 0.008
5327797.792 0.008
5318590.114 0.008
5309387.615 0.008
5300190.359 0.008
5290998.411 0.008
5281811.835 0.008
5272630.695 0.008
5263455.056 0.008
5254284.985 0.008
5245120.546 0.009
5235961.806 0.009
5226808.832 0.009
5217661.690 0.009
5208520.447 0.009
5199385.171 0.009
5190255.931 0.009
5181132.793 0.009
5172015.828 0.009
5162905.104 0.009
5153800.690 0.009
5144702.656 0.009
5135611.073 0.009
5126526.012 0.009
5117447.542 0.009
5108375.735 0.009
5099310.664 0.009
5090252.401 0.009
5081201.017 0.009
5072156.586 0.009
5063119.181 0.009
5054088.876 0.009
5045065.746 0.009
5036049.864 0.009
5027041.305 0.009
5018040.146 0.009
5009046.461 0.009
5000060.327 0.009
4991081.821 0.009
4982111.020 0.009
4973148.001 0.009
4964192.841 0.010
4955245.621 0.010
4946306.417 0.010
4937375.310 0.010
4928452.379 0.010
4919537.704 0.010
4910631.366 0.010
4901733.446 0.010
4892844.024 0.010
4883963.184 0.010
4875091.007 0.010
4866227.576 0.010
4857372.974 0.010
4848527.285 0.010
4839690.593 0.010
4830862.984 0.010
4822044.541 0.010
4813235.350 0.010
4804435.498 0.010
4795645.071 0.010
4786864.156 0.010
4778092.840 0.010
4769331.212 0.010
4760579.360 0.010
4751837.373 0.010
4743105.340 0.010
4734383.351 0.010
4725671.496 0.010
4716969.867 0.011
4708278.555 0.011
4699597.652 0.011
4690927.250 0.011
4682267.442 0.011
4673618.322 0.011
4664979.983 0.011
4656352.520 0.011
4647736.028 0.011
4639130.603 0.011
4630536.341 0.011
4621953.337 0.011
4613381.690 0.011
4604821.496 0.011
4596272.855 0.011
4587735.864 0.011
4579210.623 0.011
4570697.231 0.011
4562195.790 0.011
4553706.399 0.011
4545229.160 0.011
4536764.176 0.011
4528311.548 0.011
4519871.380 0.011
4511443.775 0.011
4503028.838 0.012
4494626.673 0.012
4486237.385 0.012
4477861.080 0.012
4469497.865 0.012
4461147.847 0.012
4452811.133 0.012
4444487.832 0.012
4436178.052 0.012
4427881.902 0.012
4419599.492 0.012
4411330.933 0.012
4403076.335 0.012
4394835.811 0.012
4386609.472 0.012
4378397.432 0.012
4370199.803 0.012
4362016.700 0.012
4353848.237 0.012
4345694.529 0.012
4337555.692 0.012
4329431.843 0.012
4321323.098 0.013
4313229.575 0.013
4305151.391 0.013
4297088.667 0.013
4289041.521 0.013
4281010.072 0.013
4272994.442 0.013
4264994.753 0.013
4257011.124 0.013
4249043.680 0.013
4241092.542 0.013
4233157.835 0.013
4225239.683 0.013
4217338.211 0.013
4209453.543 0.013
4201585.807 0.013
4193735.129 0.013
4185901.635 0.013
4178085.455 0.013
4170286.716 0.013
4162505.548 0.013
4154742.081 0.014
4146996.444 0.014
4139268.770 0.014
4131559.188 0.014
4123867.833 0.014
4116194.836 0.014
4108540.331 0.014
4100904.453 0.014
4093287.335 0.014
4085689.113 0.014
4078109.924 0.014
4070549.903 0.014
4063009.188 0.014
4055487.917 0.014
4047986.227 0.014
4040504.259 0.014
4033042.151 0.014
4025600.044 0.014
4018178.079 0.014
4010776.397 0.015
4003395.140 0.015
3996034.450 0.015
3988694.472 0.015
3981375.348 0.015
3974077.224 0.015
3966800.244 0.015
3959544.554 0.015
3952310.300 0.015
3945097.628 0.015
3937906.687 0.015
3930737.624 0.015
3923590.588 0.015
3916465.728 0.015
3909363.193 0.015
3902283.134 0.015
3895225.701 0.015
3888191.046 0.015
3881179.321 0.016
3874190.678 0.016
3867225.271 0.016
3860283.252 0.016
3853364.777 0.016
3846469.999 0.016
3839599.073 0.016
3832752.156 0.016
3825929.404 0.016
3819130.973 0.016
3812357.021 0.016
3805607.706 0.016
3798883.184 0.016
3792183.617 0.016
3785509.161 0.016
3778859.978 0.016
3772236.228 0.016
3765638.070 0.016
3759065.667 0.017
3752519.179 0.017
3745998.769 0.017
3739504.599 0.017
3733036.831 0.017
3726595.630 0.017
3720181.159 0.017
3713793.582 0.017
3707433.064 0.017
3701099.768 0.017
3694793.861 0.017
3688515.509 0.017
3682264.877 0.017
3676042.131 0.017
3669847.438 0.017
3663680.966 0.017
3657542.881 0.017
3651433.352 0.017
3645352.545 0.018
3639300.630 0.018
3633277.775 0.018
3627284.148 0.018
3621319.919 0.018
3615385.258 0.018
3609480.332 0.018
3603605.313 0.018
3597760.370 0.018
3591945.673 0.018
3586161.393 0.018
3580407.700 0.018
3574684.765 0.018
3568992.758 0.018
3563331.851 0.018
3557702.214 0.018
3552104.019 0.018
3546537.436 0.019
3541002.638 0.019
3535499.795 0.019
3530029.079 0.019
3524590.662 0.019
3519184.714 0.019
3513811.407 0.019
3508470.912 0.019
3503163.402 0.019
3497889.046 0.019
3492648.017 0.019
3487440.486 0.019
3482266.623 0.019
3477126.600 0.019
3472020.587 0.019
3466948.755 0.019
3461911.274 0.019
3456908.316 0.020
3451940.048 0.020
3447006.643 0.020
3442108.268 0.020
3437245.094 0.020
3432417.289 0.020
3427625.023 0.020
3422868.462 0.020
3418147.777 0.020
3413463.133 0.020
3408814.699 0.020
3404202.641 0.020
3399627.126 0.020
3395088.320 0.020
3390586.388 0.020
3386121.495 0.020
3381693.806 0.020
3377303.485 0.020
3372950.695 0.020
3368635.598 0.021
3364358.359 0.021
3360119.137 0.021
3355918.093 0.021
3351755.389 0.021
3347631.184 0.021
3343545.636 0.021
3339498.905 0.021
3335491.146 0.021
3331522.517 0.021
3327593.174 0.021
3323703.272 0.021
3319852.964 0.021
3316042.405 0.021
3312271.746 0.021
3308541.139 0.021
3304850.734 0.021
3301200.681 0.021
3297591.129 0.021
3294022.224 0.021
3290494.114 0.022
3287006.945 0.022
3283560.859 0.022
3280156.001 0.022
3276792.512 0.022
3273470.534 0.022
3270190.206 0.022
3266951.666 0.022
3263755.053 0.022
3260600.502 0.022
3257488.148 0.022
3254418.124 0.022
3251390.562 0.022
3248405.594 0.022
3245463.348 0.022
3242563.953 0.022
3239707.536 0.022
3236894.221 0.022
3234124.131 0.022
3231397.391 0.022
3228714.119 0.022
3226074.435 0.022
3223478.458 0.022
3220926.302 0.022
3218418.082 0.022
3215953.911 0.023
3213533.901 0.023
3211158.160 0.023
3208826.796 0.023
3206539.916 0.023
3204297.624 0.023
3202100.022 0.023
3199947.211 0.023
3197839.291 0.023
3195776.358 0.023
3193758.509 0.023
3191785.835 0.023
3189858.430 0.023
3187976.383 0.023
3186139.782 0.023
3184348.712 0.023
3182603.258 0.023
3180903.502 0.023
3179249.523 0.023
3177641.401 0.023
3176079.210 0.023
3174563.026 0.023
3173092.919 0.023
3171668.961 0.023
3170291.218 0.023
3168959.757 0.023
3167674.640 0.023
3166435.931 0.023
3165243.688 0.023
3164097.968 0.023
3162998.827 0.023
3161946.317 0.023
3160940.489 0.023
3159981.392 0.023
3159069.073 0.023
3158203.575 0.023
3157384.940 0.023
3156613.208 0.023
3155888.417 0.023
3155210.601 0.023
3154579.794 0.023
3153996.027 0.023
3153459.327 0.023
3152969.722 0.023
3152527.235 0.023
3152131.887 0.023
3151783.698 0.023
3151482.684 0.023
3151228.862 0.023
3151022.242 0.023
3150862.836 0.023
3150750.651 0.023
3150685.691 0.023
3150667.962 0.023
3150697.463 0.023
3150774.193 0.023
3150898.148 0.023
3151069.323 0.023
3151287.708 0.023
3151553.293 0.023
3151866.066 0.023
3152226.010 0.023
3152633.109 0.023
3153087.342 0.023
3153588.687 0.023
3154137.120 0.023
3154732.614 0.023
3155375.140 0.023
3156064.667 0.023
3156801.161 0.023
3157584.586 0.023
3158414.904 0.023
3159292.076 0.023
3160216.058 0.023
3161186.806 0.023
3162204.273 0.023
3163268.409 0.023
3164379.164 0.023
3165536.484 0.023
3166740.314 0.023
3167990.594 0.023
3169287.267 0.023
3170630.268 0.023
3172019.536 0.023
3173455.002 0.023
3174936.598 0.023
3176464.255 0.023
3178037.900 0.023
3179657.457 0.023
3181322.852 0.023
3183034.004 0.023
3184790.834 0.023
3186593.259 0.023
3188441.194 0.023
3190334.553 0.023
3192273.248 0.023
3194257.188 0.023
3196286.281 0.023
3198360.434 0.023
3200479.550 0.023
3202643.532 0.023
3204852.280 0.023
3207105.693 0.023
3209403.668 0.023
3211746.100 0.023
3214132.883 0.023
3216563.908 0.022
3219039.066 0.022
3221558.245 0.022
3224121.331 0.022
3226728.211 0.022
3229378.767 0.022
3232072.881 0.022
3234810.434 0.022
3237591.306 0.022
3240415.372 0.022
3243282.510 0.022
3246192.594 0.022
3249145.497 0.022
3252141.090 0.022
3255179.243 0.022
3258259.827 0.022
3261382.707 0.022
3264547.751 0.022
3267754.822 0.022
3271003.786 0.022
3274294.504 0.022
3277626.837 0.022
3281000.646 0.022
3284415.788 0.022
3287872.123 0.022
3291369.505 0.021
3294907.792 0.021
3298486.836 0.021
3302106.492 0.021
3305766.611 0.021
3309467.044 0.021
3313207.643 0.021
3316988.255 0.021
3320808.730 0.021
3324668.915 0.021
3328568.656 0.021
3332507.799 0.021
3336486.189 0.021
3340503.670 0.021
3344560.084 0.021
3348655.275 0.021
3352789.084 0.021
3356961.352 0.021
3361171.919 0.021
3365420.624 0.021
3369707.308 0.021
3374031.806 0.020
3378393.958 0.020
3382793.601 0.020
3387230.570 0.020
3391704.702 0.020
3396215.832 0.020
3400763.794 0.020
3405348.424 0.020
3409969.556 0.020
3414627.021 0.020
3419320.655 0.020
3424050.288 0.020
3428815.754 0.020
3433616.885 0.020
3438453.511 0.020
3443325.465 0.020
3448232.576 0.020
3453174.676 0.020
3458151.596 0.019
3463163.164 0.019
3468209.212 0.019
3473289.568 0.019
3478404.062 0.019
3483552.525 0.019
3488734.783 0.019
3493950.668 0.019
3499200.008 0.019
3504482.631 0.019
3509798.366 0.019
3515147.042 0.019
3520528.488 0.019
3525942.532 0.019
3531389.003 0.019
3536867.729 0.019
3542378.539 0.019
3547921.261 0.019
3553495.725 0.018
3559101.759 0.018
3564739.191 0.018
3570407.851 0.018
3576107.568 0.018
3581838.170 0.018
3587599.488 0.018
3593391.350 0.018
3599213.585 0.018
3605066.025 0.018
3610948.498 0.018
3616860.834 0.018
3622802.865 0.018
3628774.420 0.018
3634775.330 0.018
3640805.427 0.018
3646864.541 0.018
3652952.505 0.017
3659069.149 0.017
3665214.307 0.017
3671387.810 0.017
3677589.492 0.017
3683819.185 0.017
3690076.723 0.017
3696361.939 0.017
3702674.668 0.017
3709014.744 0.017
3715382.002 0.017
3721776.277 0.017
3728197.405 0.017
3734645.222 0.017
3741119.564 0.017
3747620.268 0.017
3754147.171 0.017
3760700.112 0.017
3767278.927 0.016
3773883.456 0.016
3780513.538 0.016
3787169.012 0.016
3793849.718 0.016
3800555.496 0.016
3807286.188 0.016
3814041.635 0.016
3820821.678 0.016
3827626.161 0.016
3834454.925 0.016
3841307.815 0.016
3848184.675 0.016
3855085.348 0.016
3862009.680 0.016
3868957.515 0.016
3875928.702 0.016
3882923.085 0.015
3889940.511 0.015
3896980.830 0.015
3904043.888 0.015
3911129.535 0.015
3918237.620 0.015
3925367.992 0.015
3932520.503 0.015
3939695.003 0.015
3946891.344 0.015
3954109.378 0.015
3961348.958 0.015
3968609.937 0.015
3975892.170 0.015
3983195.510 0.015
3990519.813 0.015
3997864.934 0.015
4005230.731 0.015
4012617.059 0.015
4020023.777 0.014
4027450.742 0.014
4034897.813 0.014
4042364.849 0.014
4049851.711 0.014
4057358.259 0.014
4064884.354 0.014
4072429.858 0.014
4079994.633 0.014
4087578.542 0.014
4095181.449 0.014
4102803.218 0.014
4110443.714 0.014
4118102.803 0.014
4125780.349 0.014
4133476.221 0.014
4141190.285 0.014
4148922.409 0.014
4156672.462 0.014
4164440.313 0.013
4172225.832 0.013
4180028.889 0.013
4187849.355 0.013
4195687.101 0.013
4203542.001 0.013
4211413.926 0.013
4219302.751 0.013
4227208.348 0.013
4235130.594 0.013
4243069.364 0.013
4251024.532 0.013
4258995.977 0.013
4266983.574 0.013
4274987.202 0.013
4283006.739 0.013
4291042.065 0.013
4299093.058 0.013
4307159.598 0.013
4315241.568 0.013
4323338.847 0.013
4331451.319 0.012
4339578.865 0.012
4347721.369 0.012
4355878.715 0.012
4364050.787 0.012
4372237.469 0.012
4380438.649 0.012
4388654.211 0.012
4396884.044 0.012
4405128.033 0.012
4413386.067 0.012
4421658.034 0.012
4429943.824 0.012
4438243.327 0.012
4446556.432 0.012
4454883.030 0.012
4463223.013 0.012
4471576.274 0.012
4479942.703 0.012
4488322.196 0.012
4496714.645 0.012
4505119.944 0.012
4513537.989 0.011
4521968.675 0.011
4530411.897 0.011
4538867.553 0.011
4547335.540 0.011
4555815.755 0.011
4564308.096 0.011
4572812.462 0.011
4581328.752 0.011
4589856.867 0.011
4598396.706 0.011
4606948.171 0.011
4615511.163 0.011
4624085.583 0.011
4632671.335 0.011
4641268.322 0.011
4649876.446 0.011
4658495.612 0.011
4667125.726 0.011
4675766.691 0.011
4684418.413 0.011
4693080.800 0.011
4701753.756 0.011
4710437.191 0.011
4719131.010 0.011
4727835.123 0.010
4736549.439 0.010
4745273.865 0.010
4754008.313 0.010
4762752.692 0.010
4771506.913 0.010
4780270.887 0.010
4789044.526 0.010
4797827.743 0.010
4806620.448 0.010
4815422.557 0.010
4824233.982 0.010
4833054.638 0.010
4841884.438 0.010
4850723.299 0.010
4859571.135 0.010
4868427.862 0.010
4877293.398 0.010
4886167.658 0.010
4895050.560 0.010
4903942.022 0.010
4912841.962 0.010
4921750.299 0.010
4930666.952 0.010
4939591.841 0.010
4948524.884 0.010
4957466.004 0.010
4966415.121 0.009
4975372.156 0.009
4984337.031 0.009
4993309.668 0.009
5002289.990 0.009
5011277.920 0.009
5020273.381 0.009
5029276.297 0.009
5038286.592 0.009
5047304.192 0.009
5056329.021 0.009
5065361.005 0.009
5074400.070 0.009
5083446.142 0.009
5092499.148 0.009
5101559.015 0.009
5110625.671 0.009
5119699.043 0.009
5128779.060 0.009
5137865.651 0.009
5146958.744 0.009
5156058.270 0.009
5165164.158 0.009
5174276.338 0.009
5183394.742 0.009
5192519.299 0.009
5201649.942 0.009
5210786.602 0.009
5219929.212 0.009
5229077.704 0.009
5238232.010 0.009
5247392.064 0.009
5256557.800 0.008
5265729.152 0.008
5274906.053 0.008
5284088.439 0.008
5293276.244 0.008
5302469.405 0.008
5311667.856 0.008
5320871.533 0.008
5330080.374 0.008
5339294.314 0.008
0.0 0.0 0.0
0.0 0.0 0.0
0.0 0.0 0.0
0.0 0.0 0.0
0.0 0.0 0.0
0.0 0.0 0.0
0.0 0.0 0.0
0.0 0.0 0.0
0.0 0.0 0.0
0.0 0.0 0.0
0.0 0.0 0.0
0.0 0.0 0.0
0.0 0.0 0.0
0.0 0.0 0.0
0.0 0.0 0.0
0.0 0.0 0.0
0.0 0.0 0.0
0.0 0.0 0.0
0.0 0.0 0.0
0.0 0.0 0.0
0.0 0.0 0.0
0.0 0.0 0.0
0.0 0.0 0.0
0.0 0.0 0.0
0.0 0.0 0.0
0.0 0.0 0.0
0.0 0.0 0.0
0.0 0.0 0.0
0.0 0.0 0.0
0.0 0.0 0.0
0.0 0.0 0.0
0.0 0.0 0.0
0.0 0.0 0.0
0.0 0.0 0.0
0.0 0.0 0.0
0.0 0.0 0.0
0.0 0.0 0.0
0.0 0.0 0.0
0.0 0.0 0.0
0.0 0.0 0.0
0.0 0.0 0.0
0.0 0.0 0.0
0.0 0.0 0.0
0.0 0.0 0.0
0.0 0.0 0.0
0.0 0.0 0.0
0.0 0.0 0.0
0.0 0.0 0.0
0.0 0.0 0.0
0.0 0.0 0.0
0.0 0.0 0.0
0.0 0.0 0.0
0.0 0.0 0.0
0.0 0.0 0.0
0.0 0.0 0.0
0.0 0.0 0.0
0.0 0.0 0.0
0.0 0.0 0.0
0.0 0.0 0.0
0.0 0.0 0.0
0.0 0.0 0.0
0.0 0.0 0.0
0.0 0.0 0.0
0.0 0.0 0.0
0.0 0.0 0.0
0.0 0.0 0.0
0.0 0.0 0.0
0.0 0.0 0.0
0.0 0.0 0.0
0.0 0.0 0.0
0.0 0.0 0.0
0.0 0.0 0.0
0.0 0.0 0.0
0.0 0.0 0.0
0.0 0.0 0.0
0.0 0.0 0.0
0.0 0.0 0.0
0.0 0.0 0.0
0.0 0.0 0.0
0.0 0.0 0.0
0.0 0.0 0.0
0.0 0.0 0.0
0.0 0.0 0.0
0.0 0.0 0.0
0.0 0.0 0.0
0.0 0.0 0.0
0.0 0.0 0.0
0.0 0.0 0.0
0.0 0.0 0.0
0.0 0.0 0.0
0.0 0.0 0.0
0.0 0.0 0.0
0.0 0.0 0.0
0.0 0.0 0.0
0.0 0.0 0.0
0.0 0.0 0.0
0.0 0.0 0.0
0.0 0.0 0.0
0.0 0.0 0.0
0.0 0.0 0.0
0.0 0.0 0.0
0.0 0.0 0.0
0.0 0.0 0.0
0.0 0.0 0.0
0.0 0.0 0.0
0.0 0.0 0.0
0.0 0.0 0.0
0.0 0.0 0.0
0.0 0.0 0.0
0.0 0.0 0.0
0.0 0.0 0.0
0.0 0.0 0.0
0.0 0.0 0.0
0.0 0.0 0.0
0.0 0.0 0.0
0.0 0.0 0.0
0.0 0.0 0.0
0.0 0.0 0.0
0.0 0.0 0.0
0.0 0.0 0.0
0.0 0.0 0.0
0.0 0.0 0.0
0.0 0.0 0.0
0.0 0.0 0.0
0.0 0.0 0.0
0.0 0.0 0.0
0.0 0.0 0.0
0.0 0.0 0.0
0.0 0.0 0.0
0.0 0.0 0.0
0.0 0.0 0.0
0.0 0.0 0.0
0.0 0.0 0.0
0.0 0.0 0.0
0.0 0.0 0.0
0.0 0.0 0.0
0.0 0.0 0.0
0.0 0.0 0.0
0.0 0.0 0.0
0.0 0.0 0.0
0.0 0.0 0.0
0.0 0.0 0.0
0.0 0.0 0.0
0.0 0.0 0.0
0.0 0.0 0.0
0.0 0.0 0.0
0.0 0.0 0.0
0.0 0.0 0.0
0.0 0.0 0.0
0.0 0.0 0.0
0.0 0.0 0.0
0.0 0.0 0.0
0.0 0.0 0.0
0.0 0.0 0.0
0.0 0.0 0.0
0.0 0.0 0.0
0.0 0.0 0.0
0.0 0.0 0.0
0.0 0.0 0.0
0.0 0.0 0.0
0.0 0.0 0.0
0.0 0.0 0.0
0.0 0.0 0.0
0.0 0.0 0.0
0.0 0.0 0.0
0.0 0.0 0.0
0.0 0.0 0.0
0.0 0.0 0.0
0.0 0.0 0.0
0.0 0.0 0.0
0.0 0.0 0.0
0.0 0.0 0.0
0.0 0.0 0.0
0.0 0.0 0.0
0.0 0.0 0.0
0.0 0.0 0.0
0.0 0.0 0.0
0.0 0.0 0.0
0.0 0.0 0.0
0.0 0.0 0.0
0.0 0.0 0.0
0.0 0.0 0.0
0.0 0.0 0.0
0.0 0.0 0.0
0.0 0.0 0.0
0.0 0.0 0.0
0.0 0.0 0.0
0.0 0.0 0.0
0.0 0.0 0.0
0.0 0.0 0.0
0.0 0.0 0.0
0.0 0.0 0.0
0.0 0.0 0.0
0.0 0.0 0.0
0.0 0.0 0.0
0.0 0.0 0.0
0.0 0.0 0.0
0.0 0.0 0.0
0.0 0.0 0.0
0.0 0.0 0.0
0.0 0.0 0.0
0.0 0.0 0.0
0.0 0.0 0.0
0.0 0.0 0.0
0.0 0.0 0.0
0.0 0.0 0.0
0.0 0.0 0.0
0.0 0.0 0.0
0.0 0.0 0.0
0.0 0.0 0.0
0.0 0.0 0.0
0.0 0.0 0.0
0.0 0.0 0.0
0.0 0.0 0.0
0.0 0.0 0.0
0.0 0.0 0.0
0.0 0.0 0.0
0.0 0.0 0.0
0.0 0.0 0.0
0.0 0.0 0.0
0.0 0.0 0.0
0.0 0.0 0.0
0.0 0.0 0.0
0.0 0.0 0.0
0.0 0.0 0.0
0.0 0.0 0.0
0.0 0.0 0.0
0.0 0.0 0.0
0.0 0.0 0.0
0.0 0.0 0.0
0.0 0.0 0.0
0.0 0.0 0.0
0.0 0.0 0.0
0.0 0.0 0.0
0.0 0.0 0.0
0.0 0.0 0.0
0.0 0.0 0.0
0.0 0.0 0.0
0.0 0.0 0.0
0.0 0.0 0.0
0.0 0.0 0.0
0.0 0.0 0.0
0.0 0.0 0.0
0.0 0.0 0.0
0.0 0.0 0.0
0.0 0.0 0.0
0.0 0.0 0.0
0.0 0.0 0.0
0.0 0.0 0.0
0.0 0.0 0.0
0.0 0.0 0.0
0.0 0.0 0.0
0.0 0.0 0.0
0.0 0.0 0.0
0.0 0.0 0.0
0.0 0.0 0.0
0.0 0.0 0.0
0.0 0.0 0.0
0.0 0.0 0.0
0.0 0.0 0.0
0.0 0.0 0.0
0.0 0.0 0.0
0.0 0.0 0.0
0.0 0.0 0.0
0.0 0.0 0.0
0.0 0.0 0.0
0.0 0.0 0.0
0.0 0.0 0.0
0.0 0.0 0.0
0.0 0.0 0.0
0.0 0.0 0.0
0.0 0.0 0.0
0.0 0.0 0.0
0.0 0.0 0.0
0.0 0.0 0.0
0.0 0.0 0.0
0.0 0.0 0.0
0.0 0.0 0.0
0.0 0.0 0.0
0.0 0.0 0.0
0.0 0.0 0.0
0.0 0.0 0.0
0.0 0.0 0.0
0.0 0.0 0.0
0.0 0.0 0.0
0.0 0.0 0.0
0.0 0.0 0.0
0.0 0.0 0.0
0.0 0.0 0.0
0.0 0.0 0.0
0.0 0.0 0.0
0.0 0.0 0.0
0.0 0.0 0.0
0.0 0.0 0.0
0.0 0.0 0.0
0.0 0.0 0.0
0.0 0.0 0.0
0.0 0.0 0.0
0.0 0.0 0.0
0.0 0.0 0.0
0.0 0.0 0.0
0.0 0.0 0.0
0.0 0.0 0.0
0.0 0.0 0.0
0.0 0.0 0.0
0.0 0.0 0.0
0.0 0.0 0.0
0.0 0.0 0.0
0.0 0.0 0.0
0.0 0.0 0.0
0.0 0.0 0.0
0.0 0.0 0.0
0.0 0.0 0.0
0.0 0.0 0.0
0.0 0.0 0.0
0.0 0.0 0.0
0.0 0.0 0.0
0.0 0.0 0.0
0.0 0.0 0.0
0.0 0.0 0.0
0.0 0.0 0.0
0.0 0.0 0.0
0.0 0.0 0.0
0.0 0.0 0.0
0.0 0.0 0.0
0.0 0.0 0.0
0.0 0.0 0.0
0.0 0.0 0.0
0.0 0.0 0.0
0.0 0.0 0.0
0.0 0.0 0.0
0.0 0.0 0.0
0.0 0.0 0.0
0.0 0.0 0.0
0.0 0.0 0.0
0.0 0.0 0.0
0.0 0.0 0.0
0.0 0.0 0.0
0.0 0.0 0.0
0.0 0.0 0.0
0.0 0.0 0.0
0.0 0.0 0.0
0.0 0.0 0.0
0.0 0.0 0.0
0.0 0.0 0.0
0.0 0.0 0.0
0.0 0.0 0.0
0.0 0.0 0.0
0.0 0.0 0.0
0.0 0.0 0.0
0.0 0.0 0.0
0.0 0.0 0.0
0.0 0.0 0.0
0.0 0.0 0.0
0.0 0.0 0.0
0.0 0.0 0.0
0.0 0.0 0.0
0.0 0.0 0.0
0.0 0.0 0.0
0.0 0.0 0.0
0.0 0.0 0.0
0.0 0.0 0.0
0.0 0.0 0.0
0.0 0.0 0.0
0.0 0.0 0.0
0.0 0.0 0.0
0.0 0.0 0.0
0.0 0.0 0.0
0.0 0.0 0.0
0.0 0.0 0.0
0.0 0.0 0.0
0.0 0.0 0.0
0.0 0.0 0.0
0.0 0.0 0.0
0.0 0.0 0.0
0.0 0.0 0.0
0.0 0.0 0.0
0.0 0.0 0.0
0.0 0.0 0.0
0.0 0.0 0.0
0.0 0.0 0.0
0.0 0.0 0.0
0.0 0.0 0.0
0.0 0.0 0.0
0.0 0.0 0.0
0.0 0.0 0.0
0.0 0.0 0.0
0.0 0.0 0.0
0.0 0.0 0.0
0.0 0.0 0.0
0.0 0.0 0.0
0.0 0.0 0.0
0.0 0.0 0.0
0.0 0.0 0.0
0.0 0.0 0.0
0.0 0.0 0.0
0.0 0.0 0.0
0.0 0.0 0.0
0.0 0.0 0.0
0.0 0.0 0.0
0.0 0.0 0.0
0.0 0.0 0.0
0.0 0.0 0.0
0.0 0.0 0.0
0.0 0.0 0.0
0.0 0.0 0.0
0.0 0.0 0.0
0.0 0.0 0.0
0.0 0.0 0.0
0.0 0.0 0.0
0.0 0.0 0.0
0.0 0.0 0.0
0.0 0.0 0.0
0.0 0.0 0.0
0.0 0.0 0.0
0.0 0.0 0.0
0.0 0.0 0.0
0.0 0.0 0.0
0.0 0.0 0.0
0.0 0.0 0.0
0.0 0.0 0.0
0.0 0.0 0.0
0.0 0.0 0.0
0.0 0.0 0.0
0.0 0.0 0.0
0.0 0.0 0.0
0.0 0.0 0.0
0.0 0.0 0.0
0.0 0.0 0.0
0.0 0.0 0.0
0.0 0.0 0.0
0.0 0.0 0.0
0.0 0.0 0.0
0.0 0.0 0.0
0.0 0.0 0.0
0.0 0.0 0.0
0.0 0.0 0.0
0.0 0.0 0.0
0.0 0.0 0.0
0.0 0.0 0.0
0.0 0.0 0.0
0.0 0.0 0.0
0.0 0.0 0.0
0.0 0.0 0.0
0.0 0.0 0.0
0.0 0.0 0.0
0.0 0.0 0.0
0.0 0.0 0.0
0.0 0.0 0.0
0.0 0.0 0.0
0.0 0.0 0.0
0.0 0.0 0.0
0.0 0.0 0.0
0.0 0.0 0.0
0.0 0.0 0.0
0.0 0.0 0.0
0.0 0.0 0.0
0.0 0.0 0.0
0.0 0.0 0.0
0.0 0.0 0.0
0.0 0.0 0.0
0.0 0.0 0.0
0.0 0.0 0.0
0.0 0.0 0.0
0.0 0.0 0.0
0.0 0.0 0.0
0.0 0.0 0.0
0.0 0.0 0.0
0.0 0.0 0.0
0.0 0.0 0.0
0.0 0.0 0.0
0.0 0.0 0.0
0.0 0.0 0.0
0.0 0.0 0.0
0.0 0.0 0.0
0.0 0.0 0.0
0.0 0.0 0.0
0.0 0.0 0.0
0.0 0.0 0.0
0.0 0.0 0.0
0.0 0.0 0.0
0.0 0.0 0.0
0.0 0.0 0.0
0.0 0.0 0.0
0.0 0.0 0.0
0.0 0.0 0.0
0.0 0.0 0.0
0.0 0.0 0.0
0.0 0.0 0.0
0.0 0.0 0.0
0.0 0.0 0.0
0.0 0.0 0.0
0.0 0.0 0.0
0.0 0.0 0.0
0.0 0.0 0.0
0.0 0.0 0.0
0.0 0.0 0.0
0.0 0.0 0.0
0.0 0.0 0.0
0.0 0.0 0.0
0.0 0.0 0.0
0.0 0.0 0.0
0.0 0.0 0.0
0.0 0.0 0.0
0.0 0.0 0.0
0.0 0.0 0.0
0.0 0.0 0.0
0.0 0.0 0.0
0.0 0.0 0.0
0.0 0.0 0.0
0.0 0.0 0.0
0.0 0.0 0.0
0.0 0.0 0.0
0.0 0.0 0.0
0.0 0.0 0.0
0.0 0.0 0.0
0.0 0.0 0.0
0.0 0.0 0.0
0.0 0.0 0.0
0.0 0.0 0.0
33.243 1594773.452 0.085556797
33.115 1598524.253 0.085323101
32.987 1602292.557 0.085090113
32.859 1606078.236 0.084857849
32.731 1609881.164 0.084626330
32.604 1613701.216 0.084395572
32.476 1617538.265 0.084165592
32.349 1621392.187 0.083936407
32.222 1625262.858 0.083708035
32.095 1629150.155 0.083480490
31.968 1633053.955 0.083253790
31.841 1636974.136 0.083027948
31.714 1640910.575 0.082802981
31.588 1644863.153 0.082578902
31.462 1648831.749 0.082355727
31.336 1652816.244 0.082133469
31.210 1656816.519 0.081912141
31.084 1660832.456 0.081691758
30.958 1664863.936 0.081472331
30.833 1668910.844 0.081253874
30.708 1672973.063 0.081036399
30.583 1677050.478 0.080819918
30.458 1681142.974 0.080604442
30.334 1685250.436 0.080389983
30.209 1689372.752 0.080176552
30.085 1693509.809 0.079964160
29.961 1697661.494 0.079752816
29.838 1701827.697 0.079542532
29.714 1706008.306 0.079333317
29.591 1710203.212 0.079125181
29.468 1714412.305 0.078918133
29.345 1718635.477 0.078712182
29.223 1722872.621 0.078507337
29.100 1727123.628 0.078303606
28.978 1731388.392 0.078100998
28.856 1735666.808 0.077899520
28.735 1739958.770 0.077699182
28.614 1744264.175 0.077499989
28.493 1748582.917 0.077301949
28.372 1752914.895 0.077105070
28.251 1757260.007 0.076909359
28.131 1761618.149 0.076714821
28.011 1765989.222 0.076521463
27.891 1770373.125 0.076329292
27.772 1774769.759 0.076138314
27.653 1779179.025 0.075948533
27.534 1783600.824 0.075759957
27.415 1788035.059 0.075572590
27.297 1792481.634 0.075386437
27.179 1796940.452 0.075201504
27.061 1801411.418 0.075017796
26.943 1805894.436 0.074835316
26.826 1810389.414 0.074654070
26.709 1814896.256 0.074474062
26.592 1819414.872 0.074295296
26.476 1823945.168 0.074117776
26.360 1828487.054 0.073941505
26.244 1833040.437 0.073766489
26.128 1837605.229 0.073592730
26.013 1842181.340 0.073420231
25.898 1846768.682 0.073248996
25.783 1851367.165 0.073079029
25.669 1855976.702 0.072910331
25.555 1860597.208 0.072742907
25.441 1865228.595 0.072576758
25.327 1869870.778 0.072411888
25.214 1874523.672 0.072248299
25.101 1879187.192 0.072085993
24.989 1883861.256 0.071924973
24.876 1888545.781 0.071765241
24.764 1893240.683 0.071606800
24.652 1897945.881 0.071449650
24.541 1902661.294 0.071293795
24.430 1907386.842 0.071139235
24.319 1912122.444 0.070985974
24.208 1916868.021 0.070834012
24.098 1921623.495 0.070683351
23.988 1926388.787 0.070533992
23.878 1931163.821 0.070385938
23.769 1935948.519 0.070239189
23.660 1940742.804 0.070093747
23.551 1945546.602 0.069949614
23.443 1950359.837 0.069806789
23.334 1955182.434 0.069665276
23.226 1960014.320 0.069525073
23.119 1964855.422 0.069386184
23.011 1969705.665 0.069248608
22.904 1974564.979 0.069112347
22.798 1979433.291 0.068977402
22.691 1984310.531 0.068843773
22.585 1989196.628 0.068711462
22.479 1994091.512 0.068580469
22.374 1998995.113 0.068450795
22.269 2003907.362 0.068322441
22.164 2008828.192 0.068195408
22.059 2013757.534 0.068069696
21.955 2018695.322 0.067945306
21.850 2023641.487 0.067822240
21.747 2028595.965 0.067700496
21.643 2033558.689 0.067580077
21.540 2038529.595 0.067460983
21.437 2043508.617 0.067343215
21.334 2048495.691 0.067226773
21.232 2053490.754 0.067111658
21.130 2058493.743 0.066997871
21.028 2063504.595 0.066885412
20.927 2068523.248 0.066774282
20.826 2073549.640 0.066664482
20.725 2078583.711 0.066556013
20.624 2083625.398 0.066448875
20.524 2088674.644 0.066343070
20.424 2093731.386 0.066238597
20.324 2098795.567 0.066135458
20.224 2103867.128 0.066033654
20.125 2108946.010 0.065933185
20.026 2114032.156 0.065834053
