20.047 2120019.908 0.065508806
20.098 2117372.978 0.065559935
20.149 2114741.864 0.065611152
20.200 2112126.627 0.065662452
20.251 2109527.330 0.065713826
20.301 2106944.034 0.065765267
20.351 2104376.800 0.065816768
20.401 2101825.691 0.065868320
20.451 2099290.769 0.065919918
20.501 2096772.094 0.065971552
20.550 2094269.729 0.066023217
20.599 2091783.735 0.066074904
20.648 2089314.173 0.066126605
20.697 2086861.104 0.066178314
20.745 2084424.589 0.066230023
20.793 2082004.689 0.066281724
20.841 2079601.465 0.066333410
20.889 2077214.977 0.066385073
20.936 2074845.286 0.066436705
20.984 2072492.452 0.066488300
21.031 2070156.536 0.066539850
21.077 2067837.598 0.066591346
21.124 2065535.696 0.066642782
21.170 2063250.892 0.066694149
21.216 2060983.244 0.066745441
21.262 2058732.812 0.066796650
21.307 2056499.654 0.066847768
21.353 2054283.831 0.066898788
21.397 2052085.400 0.066949701
21.442 2049904.420 0.067000501
21.486 2047740.950 0.067051180
21.531 2045595.047 0.067101730
21.574 2043466.770 0.067152144
21.618 2041356.175 0.067202415
21.661 2039263.321 0.067252534
21.704 2037188.265 0.067302494
21.747 2035131.063 0.067352287
21.789 2033091.772 0.067401907
21.831 2031070.449 0.067451346
21.873 2029067.149 0.067500595
21.914 2027081.928 0.067549648
21.956 2025114.843 0.067598497
21.996 2023165.948 0.067647135
22.037 2021235.298 0.067695555
22.077 2019322.948 0.067743748
22.117 2017428.952 0.067791707
22.157 2015553.364 0.067839425
22.196 2013696.238 0.067886895
22.235 2011857.628 0.067934110
22.273 2010037.586 0.067981061
22.311 2008236.165 0.068027742
22.349 2006453.418 0.068074146
22.387 2004689.397 0.068120265
22.424 2002944.152 0.068166092
22.461 2001217.737 0.068211619
22.498 1999510.200 0.068256841
22.534 1997821.594 0.068301749
22.570 1996151.968 0.068346336
22.605 1994501.372 0.068390596
22.640 1992869.855 0.068434521
22.675 1991257.466 0.068478104
22.709 1989664.254 0.068521340
22.743 1988090.267 0.068564219
22.777 1986535.553 0.068606737
22.810 1985000.159 0.068648885
22.843 1983484.132 0.068690658
22.875 1981987.517 0.068732048
22.908 1980510.363 0.068773048
22.939 1979052.712 0.068813653
22.971 1977614.612 0.068853856
23.002 1976196.106 0.068893649
23.032 1974797.239 0.068933028
23.062 1973418.053 0.068971984
23.092 1972058.593 0.069010512
23.121 1970718.901 0.069048606
23.150 1969399.018 0.069086259
23.179 1968098.988 0.069123465
23.207 1966818.850 0.069160218
23.235 1965558.646 0.069196512
23.262 1964318.415 0.069232341
23.289 1963098.197 0.069267699
23.316 1961898.032 0.069302580
23.342 1960717.958 0.069336978
23.367 1959558.012 0.069370889
23.393 1958418.232 0.069404305
23.417 1957298.655 0.069437221
23.442 1956199.318 0.069469633
23.466 1955120.255 0.069501534
23.489 1954061.503 0.069532919
23.512 1953023.096 0.069563783
23.535 1952005.067 0.069594120
23.557 1951007.451 0.069623927
23.579 1950030.280 0.069653196
23.600 1949073.586 0.069681925
23.621 1948137.401 0.069710107
23.642 1947221.756 0.069737738
23.662 1946326.682 0.069764813
23.681 1945452.208 0.069791329
23.700 1944598.363 0.069817279
23.719 1943765.176 0.069842660
23.737 1942952.676 0.069867467
23.755 1942160.888 0.069891697
23.772 1941389.841 0.069915345
23.789 1940639.560 0.069938407
23.805 1939910.069 0.069960878
23.821 1939201.396 0.069982756
23.836 1938513.562 0.070004037
23.851 1937846.592 0.070024716
23.866 1937200.508 0.070044791
23.880 1936575.333 0.070064258
23.893 1935971.087 0.070083113
23.906 1935387.793 0.070101353
23.919 1934825.469 0.070118976
23.931 1934284.135 0.070135977
23.942 1933763.810 0.070152355
23.954 1933264.513 0.070168106
23.964 1932786.259 0.070183228
23.974 1932329.067 0.070197717
23.984 1931892.951 0.070211573
23.993 1931477.928 0.070224791
24.002 1931084.012 0.070237371
4377922.803 0.012
4368998.742 0.012
4360097.306 0.012
4351218.672 0.012
4342363.014 0.012
4333530.508 0.012
4324721.332 0.013
4315935.664 0.013
4307173.682 0.013
4298435.567 0.013
4289721.499 0.013
4281031.659 0.013
4272366.231 0.013
4263725.398 0.013
4255109.344 0.013
4246518.254 0.013
4237952.315 0.013
4229411.714 0.013
4220896.637 0.013
4212407.275 0.013
4203943.817 0.013
4195506.454 0.013
4187095.376 0.013
4178710.777 0.013
4170352.849 0.013
4162021.786 0.013
4153717.784 0.014
4145441.038 0.014
4137191.745 0.014
4128970.103 0.014
4120776.308 0.014
4112610.562 0.014
4104473.064 0.014
4096364.014 0.014
4088283.615 0.014
4080232.068 0.014
4072209.577 0.014
4064216.347 0.014
4056252.582 0.014
4048318.488 0.014
4040414.271 0.014
4032540.138 0.014
4024696.298 0.014
4016882.959 0.014
4009100.331 0.015
4001348.625 0.015
3993628.050 0.015
3985938.819 0.015
3978281.145 0.015
3970655.240 0.015
3963061.318 0.015
3955499.594 0.015
3947970.284 0.015
3940473.602 0.015
3933009.765 0.015
3925578.991 0.015
3918181.498 0.015
3910817.503 0.015
3903487.226 0.015
3896190.886 0.015
3888928.704 0.015
3881700.900 0.016
3874507.695 0.016
3867349.311 0.016
3860225.971 0.016
3853137.897 0.016
3846085.313 0.016
3839068.442 0.016
3832087.509 0.016
3825142.738 0.016
3818234.353 0.016
3811362.582 0.016
3804527.649 0.016
3797729.780 0.016
3790969.203 0.016
3784246.144 0.016
3777560.830 0.016
3770913.488 0.016
3764304.347 0.016
3757733.634 0.017
3751201.577 0.017
3744708.405 0.017
3738254.347 0.017
3731839.630 0.017
3725464.484 0.017
3719129.139 0.017
3712833.821 0.017
3706578.762 0.017
3700364.190 0.017
3694190.334 0.017
3688057.423 0.017
3681965.686 0.017
3675915.353 0.017
3669906.652 0.017
3663939.813 0.017
3658015.062 0.017
3652132.631 0.017
3646292.745 0.018
3640495.635 0.018
3634741.526 0.018
3629030.648 0.018
3623363.226 0.018
3617739.489 0.018
3612159.662 0.018
3606623.971 0.018
3601132.643 0.018
3595685.902 0.018
3590283.973 0.018
3584927.079 0.018
3579615.446 0.018
3574349.295 0.018
3569128.849 0.018
3563954.330 0.018
3558825.958 0.018
3553743.954 0.018
3548708.537 0.019
3543719.927 0.019
3538778.340 0.019
3533883.994 0.019
3529037.105 0.019
3524237.888 0.019
3519486.558 0.019
3514783.326 0.019
3510128.406 0.019
3505522.009 0.019
3500964.344 0.019
3496455.620 0.019
3491996.045 0.019
3487585.825 0.019
3483225.165 0.019
3478914.269 0.019
3474653.339 0.019
3470442.577 0.019
3466282.182 0.019
3462172.351 0.019
3458113.283 0.019
3454105.171 0.020
3450148.210 0.020
3446242.591 0.020
3442388.505 0.020
3438586.141 0.020
3434835.685 0.020
3431137.323 0.020
3427491.237 0.020
3423897.610 0.020
3420356.621 0.020
3416868.449 0.020
3413433.268 0.020
3410051.252 0.020
3406722.574 0.020
3403447.403 0.020
3400225.907 0.020
3397058.252 0.020
3393944.600 0.020
3390885.114 0.020
3387879.951 0.020
3384929.269 0.020
3382033.222 0.020
3379191.961 0.020
3376405.638 0.020
3373674.398 0.020
3370998.387 0.020
3368377.747 0.021
3365812.617 0.021
3363303.136 0.021
3360849.437 0.021
3358451.653 0.021
3356109.912 0.021
3353824.343 0.021
3351595.068 0.021
3349422.210 0.021
3347305.885 0.021
3345246.212 0.021
3343243.301 0.021
3341297.264 0.021
3339408.208 0.021
3337576.236 0.021
3335801.450 0.021
3334083.949 0.021
3332423.827 0.021
3330821.178 0.021
3329276.091 0.021
3327788.652 0.021
3326358.944 0.021
3324987.048 0.021
3323673.040 0.021
3322416.995 0.021
3321218.983 0.021
3320079.072 0.021
3318997.326 0.021
3317973.806 0.021
3317008.571 0.021
3316101.675 0.021
3315253.170 0.021
3314463.103 0.021
3313731.521 0.021
3313058.463 0.021
3312443.970 0.021
3311888.076 0.021
3311390.812 0.021
3310952.207 0.021
3310572.286 0.021
3310251.071 0.021
3309988.581 0.021
3309784.829 0.021
3309639.828 0.021
3309553.587 0.021
3309526.109 0.021
3309557.397 0.021
3309647.449 0.021
3309796.260 0.021
3310003.821 0.021
3310270.120 0.021
3310595.143 0.021
3310978.870 0.021
3311421.279 0.021
3311922.346 0.021
3312482.041 0.021
3313100.333 0.021
3313777.187 0.021
3314512.564 0.021
3315306.421 0.021
3316158.715 0.021
3317069.396 0.021
3318038.413 0.021
3319065.711 0.021
3320151.231 0.021
3321294.912 0.021
3322496.690 0.021
3323756.497 0.021
3325074.262 0.021
3326449.911 0.021
3327883.366 0.021
3329374.547 0.021
3330923.371 0.021
3332529.751 0.021
3334193.598 0.021
3335914.818 0.021
3337693.317 0.021
3339528.996 0.021
3341421.753 0.021
3343371.483 0.021
3345378.080 0.021
3347441.433 0.021
3349561.430 0.021
3351737.953 0.021
3353970.885 0.021
3356260.104 0.021
3358605.485 0.021
3361006.903 0.021
3363464.227 0.021
3365977.324 0.021
3368546.062 0.021
3371170.301 0.020
3373849.902 0.020
3376584.722 0.020
3379374.618 0.020
3382219.440 0.020
3385119.040 0.020
3388073.265 0.020
3391081.960 0.020
3394144.970 0.020
3397262.134 0.020
3400433.292 0.020
3403658.280 0.020
3406936.932 0.020
3410269.081 0.020
3413654.556 0.020
3417093.186 0.020
3420584.797 0.020
3424129.212 0.020
3427726.254 0.020
3431375.744 0.020
3435077.498 0.020
3438831.335 0.020
3442637.068 0.020
3446494.510 0.020
3450403.474 0.020
3454363.768 0.020
3458375.200 0.019
3462437.577 0.019
3466550.703 0.019
3470714.381 0.019
3474928.414 0.019
3479192.602 0.019
3483506.743 0.019
3487870.635 0.019
3492284.075 0.019
3496746.856 0.019
3501258.773 0.019
3505819.618 0.019
3510429.182 0.019
3515087.256 0.019
3519793.627 0.019
3524548.085 0.019
3529350.415 0.019
3534200.404 0.019
3539097.835 0.019
3544042.495 0.019
3549034.164 0.019
3554072.625 0.018
3559157.660 0.018
3564289.049 0.018
3569466.571 0.018
3574690.007 0.018
3579959.133 0.018
3585273.727 0.018
3590633.568 0.018
3596038.430 0.018
3601488.090 0.018
3606982.323 0.018
3612520.904 0.018
3618103.607 0.018
3623730.207 0.018
3629400.476 0.018
3635114.188 0.018
3640871.115 0.018
3646671.031 0.018
3652513.707 0.017
3658398.915 0.017
3664326.427 0.017
3670296.014 0.017
3676307.448 0.017
3682360.500 0.017
3688454.941 0.017
3694590.542 0.017
3700767.073 0.017
3706984.307 0.017
3713242.013 0.017
3719539.963 0.017
3725877.927 0.017
3732255.676 0.017
3738672.982 0.017
3745129.616 0.017
3751625.349 0.017
3758159.952 0.017
3764733.198 0.016
3771344.857 0.016
3777994.702 0.016
3784682.506 0.016
3791408.041 0.016
3798171.080 0.016
3804971.395 0.016
3811808.761 0.016
3818682.952 0.016
3825593.741 0.016
3832540.903 0.016
3839524.213 0.016
3846543.447 0.016
3853598.381 0.016
3860688.790 0.016
3867814.451 0.016
3874975.142 0.016
3882170.640 0.015
3889400.724 0.015
3896665.173 0.015
3903963.765 0.015
3911296.281 0.015
3918662.502 0.015
3926062.207 0.015
3933495.179 0.015
3940961.201 0.015
3948460.054 0.015
3955991.523 0.015
3963555.391 0.015
3971151.445 0.015
3978779.468 0.015
3986439.248 0.015
3994130.571 0.015
4001853.224 0.015
4009606.997 0.015
4017391.678 0.014
4025207.057 0.014
4033052.925 0.014
4040929.072 0.014
4048835.291 0.014
4056771.374 0.014
4064737.116 0.014
4072732.310 0.014
4080756.752 0.014
4088810.238 0.014
4096892.564 0.014
4105003.528 0.014
4113142.929 0.014
4121310.565 0.014
4129506.237 0.014
4137729.745 0.014
4145980.892 0.014
4154259.479 0.014
4162565.311 0.013
4170898.191 0.013
4179257.925 0.013
4187644.319 0.013
4196057.179 0.013
4204496.314 0.013
4212961.532 0.013
4221452.642 0.013
4229969.455 0.013
4238511.782 0.013
4247079.435 0.013
4255672.227 0.013
4264289.973 0.013
4272932.487 0.013
4281599.585 0.013
4290291.083 0.013
4299006.798 0.013
4307746.551 0.013
4316510.158 0.013
4325297.442 0.013
4334108.223 0.012
4342942.323 0.012
4351799.564 0.012
4360679.772 0.012
4369582.770 0.012
4378508.384 0.012
4387456.442 0.012
4396426.769 0.012
4405419.195 0.012
4414433.549 0.012
4423469.660 0.012
4432527.361 0.012
4441606.484 0.012
4450706.860 0.012
4459828.323 0.012
4468970.710 0.012
4478133.854 0.012
4487317.593 0.012
4496521.764 0.012
4505746.205 0.012
4514990.755 0.011
4524255.255 0.011
4533539.545 0.011
4542843.467 0.011
4552166.864 0.011
4561509.579 0.011
4570871.458 0.011
4580252.344 0.011
4589652.085 0.011
4599070.528 0.011
4608507.520 0.011
4617962.911 0.011
4627436.550 0.011
4636928.287 0.011
4646437.975 0.011
4655965.465 0.011
4665510.610 0.011
4675073.265 0.011
4684653.284 0.011
4694250.524 0.011
4703864.839 0.011
4713496.089 0.011
4723144.131 0.010
4732808.824 0.010
4742490.028 0.010
4752187.603 0.010
4761901.412 0.010
4771631.316 0.010
4781377.178 0.010
4791138.863 0.010
4800916.236 0.010
4810709.161 0.010
4820517.506 0.010
4830341.137 0.010
4840179.922 0.010
4850033.730 0.010
4859902.431 0.010
4869785.894 0.010
4879683.992 0.010
4889596.595 0.010
4899523.577 0.010
4909464.811 0.010
4919420.171 0.010
4929389.531 0.010
4939372.768 0.010
4949369.758 0.010
4959380.379 0.010
4969404.507 0.009
4979442.022 0.009
4989492.803 0.009
4999556.730 0.009
5009633.685 0.009
5019723.548 0.009
5029826.201 0.009
5039941.529 0.009
5050069.414 0.009
5060209.742 0.009
5070362.396 0.009
5080527.263 0.009
5090704.230 0.009
5100893.184 0.009
5111094.012 0.009
5121306.603 0.009
5131530.846 0.009
5141766.632 0.009
5152013.850 0.009
5162272.393 0.009
5172542.151 0.009
5182823.019 0.009
5193114.888 0.009
5203417.652 0.009
5213731.207 0.009
5224055.448 0.009
5234390.269 0.009
5244735.569 0.009
5255091.243 0.008
5265457.189 0.008
5275833.306 0.008
5286219.493 0.008
5296615.649 0.008
5307021.675 0.008
5317437.470 0.008
5327862.938 0.008
5338297.978 0.008
2167767.599 0.049
2159973.705 0.049
2152240.593 0.050
2144568.951 0.050
2136959.471 0.050
2129412.850 0.051
2121929.790 0.051
2114510.995 0.051
2107157.173 0.052
2099869.037 0.052
2092647.302 0.052
2085492.687 0.053
2078405.913 0.053
2071387.705 0.053
2064438.791 0.054
2057559.900 0.054
2050751.765 0.054
2044015.120 0.055
2037350.700 0.055
2030759.244 0.055
2024241.491 0.056
2017798.181 0.056
2011430.055 0.056
2005137.855 0.057
1998922.323 0.057
1992784.202 0.058
1986724.233 0.058
1980743.158 0.058
1974841.717 0.059
1969020.651 0.059
1963280.698 0.059
1957622.593 0.060
1952047.072 0.060
1946554.866 0.060
1941146.704 0.061
1935823.313 0.061
1930585.414 0.061
1925433.727 0.061
1920368.966 0.062
1915391.841 0.062
1910503.056 0.062
1905703.311 0.063
1900993.300 0.063
1896373.710 0.063
1891845.221 0.064
1887408.508 0.064
1883064.237 0.064
1878813.067 0.064
1874655.648 0.065
1870592.622 0.065
1866624.620 0.065
1862752.268 0.066
1858976.176 0.066
1855296.950 0.066
1851715.179 0.066
1848231.447 0.067
1844846.321 0.067
1841560.358 0.067
1838374.105 0.067
1835288.093 0.067
1832302.840 0.068
1829418.852 0.068
1826636.620 0.068
1823956.621 0.068
1821379.316 0.068
1818905.153 0.069
1816534.563 0.069
1814267.961 0.069
1812105.747 0.069
1810048.303 0.069
1808095.995 0.069
1806249.172 0.070
1804508.165 0.070
1802873.287 0.070
1801344.834 0.070
1799923.084 0.070
1798608.295 0.070
1797400.706 0.070
1796300.539 0.070
1795307.996 0.070
1794423.260 0.070
1793646.493 0.070
1792977.838 0.071
1792417.420 0.071
1791965.343 0.071
1791621.689 0.071
1791386.523 0.071
1791259.889 0.071
1791241.809 0.071
1791332.288 0.071
1791531.309 0.071
1791838.834 0.071
1792254.806 0.071
1792779.149 0.071
1793411.765 0.070
1794152.538 0.070
1795001.329 0.070
1795957.984 0.070
1797022.325 0.070
1798194.158 0.070
1799473.267 0.070
1800859.419 0.070
1802352.362 0.070
1803951.824 0.070
1805657.516 0.070
1807469.131 0.069
1809386.342 0.069
1811408.808 0.069
1813536.168 0.069
1815768.045 0.069
1818104.045 0.069
1820543.758 0.068
1823086.758 0.068
1825732.603 0.068
1828480.836 0.068
1831330.986 0.068
1834282.566 0.068
1837335.076 0.067
1840488.000 0.067
1843740.812 0.067
1847092.972 0.067
1850543.925 0.066
1854093.106 0.066
1857739.938 0.066
1861483.834 0.066
1865324.193 0.065
1869260.406 0.065
1873291.853 0.065
1877417.904 0.065
1881637.922 0.064
1885951.257 0.064
1890357.255 0.064
1894855.252 0.063
1899444.575 0.063
1904124.547 0.063
1908894.483 0.062
1913753.690 0.062
1918701.471 0.062
1923737.124 0.062
1928859.939 0.061
1934069.205 0.061
1939364.203 0.061
1944744.213 0.060
1950208.510 0.060
1955756.365 0.060
1961387.047 0.059
1967099.823 0.059
1972893.958 0.059
1978768.713 0.058
1984723.349 0.058
1990757.126 0.058
1996869.303 0.057
2003059.137 0.057
2009325.887 0.057
2015668.810 0.056
2022087.165 0.056
2028580.209 0.056
2035147.203 0.055
2041787.407 0.055
2048500.082 0.055
2055284.492 0.054
2062139.902 0.054
2069065.579 0.053
2076060.793 0.053
2083124.815 0.053
2090256.920 0.052
2097456.385 0.052
2104722.489 0.052
2112054.518 0.051
2119451.757 0.051
2126913.497 0.051
2134439.031 0.050
2142027.658 0.050
2149678.680 0.050
2157391.402 0.049
2165165.134 0.049
5342021.781 0.008
5331585.613 0.008
5321158.985 0.008
5310741.993 0.008
5300334.736 0.008
5289937.314 0.008
5279549.825 0.008
5269172.371 0.008
5258805.052 0.008
5248447.969 0.009
5238101.225 0.009
5227764.922 0.009
5217439.163 0.009
5207124.053 0.009
5196819.696 0.009
5186526.197 0.009
5176243.662 0.009
5165972.198 0.009
5155711.911 0.009
5145462.910 0.009
5135225.304 0.009
5124999.200 0.009
5114784.710 0.009
5104581.943 0.009
5094391.011 0.009
5084212.025 0.009
5074045.098 0.009
5063890.344 0.009
5053747.876 0.009
5043617.809 0.009
5033500.258 0.009
5023395.339 0.009
5013303.169 0.009
5003223.865 0.009
4993157.546 0.009
4983104.330 0.009
4973064.337 0.009
4963037.687 0.010
4953024.501 0.010
4943024.902 0.010
4933039.011 0.010
4923066.952 0.010
4913108.849 0.010
4903164.827 0.010
4893235.011 0.010
4883319.528 0.010
4873418.504 0.010
4863532.068 0.010
4853660.348 0.010
4843803.473 0.010
4833961.574 0.010
4824134.782 0.010
4814323.228 0.010
4804527.044 0.010
4794746.365 0.010
4784981.324 0.010
4775232.056 0.010
4765498.697 0.010
4755781.384 0.010
4746080.253 0.010
4736395.443 0.010
4726727.094 0.010
4717075.344 0.011
4707440.334 0.011
4697822.206 0.011
4688221.102 0.011
4678637.166 0.011
4669070.541 0.011
4659521.371 0.011
4649989.804 0.011
4640475.985 0.011
4630980.061 0.011
4621502.181 0.011
4612042.494 0.011
4602601.150 0.011
4593178.300 0.011
4583774.094 0.011
4574388.687 0.011
4565022.231 0.011
4555674.880 0.011
4546346.790 0.011
4537038.117 0.011
4527749.017 0.011
4518479.649 0.011
4509230.171 0.012
4500000.743 0.012
4490791.525 0.012
4481602.678 0.012
4472434.365 0.012
4463286.749 0.012
4454159.994 0.012
4445054.264 0.012
4435969.727 0.012
4426906.547 0.012
4417864.894 0.012
4408844.936 0.012
4399846.841 0.012
4390870.781 0.012
4381916.926 0.012
4372985.449 0.012
4364076.522 0.012
4355190.321 0.012
4346327.019 0.012
4337486.792 0.012
4328669.817 0.012
4319876.272 0.013
4311106.335 0.013
4302360.185 0.013
4293638.003 0.013
4284939.970 0.013
4276266.268 0.013
4267617.080 0.013
4258992.589 0.013
4250392.981 0.013
4241818.441 0.013
4233269.157 0.013
4224745.314 0.013
4216247.102 0.013
4207774.709 0.013
4199328.327 0.013
4190908.145 0.013
4182514.356 0.013
4174147.153 0.013
4165806.728 0.013
4157493.277 0.014
4149206.995 0.014
4140948.078 0.014
4132716.722 0.014
4124513.127 0.014
4116337.490 0.014
4108190.011 0.014
4100070.891 0.014
4091980.331 0.014
4083918.532 0.014
4075885.698 0.014
4067882.032 0.014
4059907.739 0.014
4051963.024 0.014
4044048.092 0.014
4036163.152 0.014
4028308.410 0.014
4020484.074 0.014
4012690.355 0.015
4004927.461 0.015
3997195.603 0.015
3989494.993 0.015
3981825.842 0.015
3974188.364 0.015
3966582.772 0.015
3959009.279 0.015
3951468.101 0.015
3943959.453 0.015
3936483.551 0.015
3929040.613 0.015
3921630.854 0.015
3914254.494 0.015
3906911.751 0.015
3899602.845 0.015
3892327.994 0.015
3885087.419 0.015
3877881.342 0.016
3870709.983 0.016
3863573.565 0.016
3856472.310 0.016
3849406.441 0.016
3842376.181 0.016
3835381.754 0.016
3828423.385 0.016
3821501.299 0.016
3814615.720 0.016
3807766.873 0.016
3800954.986 0.016
3794180.283 0.016
3787442.993 0.016
3780743.340 0.016
3774081.554 0.016
3767457.861 0.016
3760872.488 0.017
3754325.665 0.017
3747817.618 0.017
3741348.576 0.017
3734918.769 0.017
3728528.423 0.017
3722177.769 0.017
3715867.035 0.017
3709596.450 0.017
3703366.242 0.017
3697176.641 0.017
3691027.877 0.017
3684920.176 0.017
3678853.770 0.017
3672828.886 0.017
3666845.753 0.017
3660904.599 0.017
3655005.654 0.017
3649149.146 0.018
3643335.301 0.018
3637564.349 0.018
3631836.517 0.018
3626152.031 0.018
3620511.119 0.018
3614914.007 0.018
3609360.921 0.018
3603852.087 0.018
3598387.730 0.018
3592968.075 0.018
3587593.346 0.018
3582263.767 0.018
3576979.561 0.018
3571740.949 0.018
3566548.155 0.018
3561401.399 0.018
3556300.901 0.018
3551246.882 0.018
3546239.560 0.019
3541279.152 0.019
3536365.878 0.019
3531499.951 0.019
3526681.589 0.019
3521911.006 0.019
3517188.414 0.019
3512514.027 0.019
3507888.055 0.019
3503310.709 0.019
3498782.198 0.019
3494302.730 0.019
3489872.512 0.019
3485491.749 0.019
3481160.645 0.019
3476879.403 0.019
3472648.225 0.019
3468467.310 0.019
3464336.858 0.019
3460257.065 0.019
3456228.128 0.020
3452250.239 0.020
3448323.593 0.020
3444448.379 0.020
3440624.787 0.020
3436853.005 0.020
3433133.218 0.020
3429465.610 0.020
3425850.363 0.020
3422287.659 0.020
3418777.675 0.020
3415320.587 0.020
3411916.571 0.020
3408565.799 0.020
3405268.442 0.020
3402024.667 0.020
3398834.642 0.020
3395698.530 0.020
3392616.494 0.020
3389588.693 0.020
3386615.285 0.020
3383696.425 0.020
3380832.266 0.020
3378022.958 0.020
3375268.650 0.020
3372569.488 0.020
3369925.614 0.021
3367337.170 0.021
3364804.293 0.021
3362327.120 0.021
3359905.783 0.021
3357540.413 0.021
3355231.137 0.021
3352978.081 0.021
3350781.368 0.021
3348641.116 0.021
3346557.443 0.021
3344530.462 0.021
3342560.286 0.021
3340647.021 0.021
3338790.775 0.021
3336991.648 0.021
3335249.742 0.021
3333565.151 0.021
3331937.971 0.021
3330368.292 0.021
3328856.201 0.021
3327401.783 0.021
3326005.119 0.021
3324666.288 0.021
3323385.365 0.021
3322162.422 0.021
3320997.528 0.021
3319890.748 0.021
3318842.145 0.021
3317851.780 0.021
3316919.706 0.021
3316045.978 0.021
3315230.646 0.021
3314473.755 0.021
3313775.348 0.021
3313135.465 0.021
3312554.144 0.021
3312031.416 0.021
3311567.312 0.021
3311161.858 0.021
3310815.078 0.021
3310526.991 0.021
3310297.613 0.021
3310126.958 0.021
3310015.036 0.021
3309961.853 0.021
3309967.412 0.021
3310031.712 0.021
3310154.751 0.021
3310336.520 0.021
3310577.010 0.021
3310876.207 0.021
3311234.093 0.021
3311650.649 0.021
3312125.851 0.021
3312659.670 0.021
3313252.078 0.021
3313903.040 0.021
3314612.518 0.021
3315380.474 0.021
3316206.862 0.021
3317091.636 0.021
3318034.747 0.021
3319036.139 0.021
3320095.757 0.021
3321213.541 0.021
3322389.427 0.021
3323623.349 0.021
3324915.238 0.021
3326265.021 0.021
3327672.622 0.021
3329137.962 0.021
3330660.960 0.021
3332241.529 0.021
3333879.583 0.021
3335575.029 0.021
3337327.773 0.021
3339137.719 0.021
3341004.766 0.021
3342928.811 0.021
3344909.748 0.021
3346947.468 0.021
3349041.859 0.021
3351192.807 0.021
3353400.195 0.021
3355663.902 0.021
3357983.805 0.021
3360359.779 0.021
3362791.696 0.021
3365279.424 0.021
3367822.830 0.021
3370421.778 0.021
3373076.129 0.020
3375785.741 0.020
3378550.472 0.020
3381370.175 0.020
3384244.701 0.020
3387173.900 0.020
3390157.617 0.020
3393195.698 0.020
3396287.984 0.020
3399434.315 0.020
3402634.529 0.020
3405888.461 0.020
3409195.944 0.020
3412556.810 0.020
3415970.888 0.020
3419438.004 0.020
3422957.984 0.020
3426530.650 0.020
3430155.825 0.020
3433833.327 0.020
3437562.973 0.020
3441344.580 0.020
3445177.962 0.020
3449062.929 0.020
3452999.294 0.020
3456986.864 0.020
3461025.447 0.019
3465114.848 0.019
3469254.872 0.019
3473445.321 0.019
3477685.996 0.019
3481976.697 0.019
3486317.222 0.019
3490707.367 0.019
3495146.929 0.019
3499635.702 0.019
3504173.479 0.019
3508760.051 0.019
3513395.210 0.019
3518078.744 0.019
3522810.444 0.019
3527590.094 0.019
3532417.483 0.019
3537292.396 0.019
3542214.617 0.019
3547183.929 0.019
3552200.115 0.018
3557262.957 0.018
3562372.236 0.018
3567527.732 0.018
3572729.225 0.018
3577976.493 0.018
3583269.314 0.018
3588607.466 0.018
3593990.726 0.018
3599418.869 0.018
3604891.673 0.018
3610408.910 0.018
3615970.358 0.018
3621575.789 0.018
3627224.977 0.018
3632917.697 0.018
3638653.721 0.018
3644432.821 0.018
3650254.771 0.018
3656119.342 0.017
3662026.307 0.017
3667975.436 0.017
3673966.503 0.017
3679999.278 0.017
3686073.532 0.017
3692189.037 0.017
3698345.563 0.017
3704542.882 0.017
3710780.765 0.017
3717058.983 0.017
3723377.306 0.017
3729735.506 0.017
3736133.355 0.017
3742570.623 0.017
3749047.081 0.017
3755562.502 0.017
3762116.657 0.016
3768709.318 0.016
3775340.257 0.016
3782009.246 0.016
3788716.059 0.016
3795460.467 0.016
3802242.244 0.016
3809061.164 0.016
3815917.000 0.016
3822809.527 0.016
3829738.519 0.016
3836703.751 0.016
3843704.998 0.016
3850742.036 0.016
3857814.642 0.016
3864922.592 0.016
3872065.663 0.016
3879243.633 0.016
3886456.280 0.015
3893703.383 0.015
3900984.720 0.015
3908300.072 0.015
3915649.220 0.015
3923031.943 0.015
3930448.023 0.015
3937897.243 0.015
3945379.386 0.015
3952894.234 0.015
3960441.571 0.015
3968021.183 0.015
3975632.855 0.015
3983276.372 0.015
3990951.522 0.015
3998658.091 0.015
4006395.869 0.015
4014164.643 0.015
4021964.203 0.014
4029794.340 0.014
4037654.844 0.014
4045545.508 0.014
4053466.124 0.014
4061416.485 0.014
4069396.386 0.014
4077405.621 0.014
4085443.986 0.014
4093511.277 0.014
4101607.293 0.014
4109731.830 0.014
4117884.689 0.014
4126065.668 0.014
4134274.568 0.014
4142511.191 0.014
4150775.340 0.014
4159066.816 0.014
4167385.425 0.013
4175730.971 0.013
4184103.259 0.013
4192502.097 0.013
4200927.292 0.013
4209378.652 0.013
4217855.986 0.013
4226359.104 0.013
4234887.818 0.013
4243441.939 0.013
4252021.279 0.013
4260625.654 0.013
4269254.876 0.013
4277908.762 0.013
4286587.127 0.013
4295289.789 0.013
4304016.567 0.013
4312767.278 0.013
4321541.743 0.013
4330339.783 0.012
4339161.219 0.012
4348005.875 0.012
4356873.572 0.012
4365764.137 0.012
4374677.394 0.012
4383613.170 0.012
4392571.291 0.012
4401551.585 0.012
4410553.882 0.012
4419578.012 0.012
4428623.805 0.012
4437691.092 0.012
4446779.707 0.012
4455889.483 0.012
4465020.253 0.012
4474171.855 0.012
4483344.122 0.012
4492536.893 0.012
4501750.006 0.012
4510983.299 0.012
4520236.612 0.011
4529509.785 0.011
4538802.661 0.011
4548115.081 0.011
4557446.889 0.011
4566797.928 0.011
4576168.045 0.011
4585557.084 0.011
4594964.893 0.011
4604391.319 0.011
4613836.210 0.011
4623299.417 0.011
4632780.788 0.011
4642280.177 0.011
4651797.433 0.011
4661332.410 0.011
4670884.962 0.011
4680454.944 0.011
4690042.210 0.011
4699646.617 0.011
4709268.021 0.011
4718906.281 0.011
4728561.256 0.010
4738232.804 0.010
4747920.787 0.010
4757625.065 0.010
4767345.501 0.010
4777081.956 0.010
4786834.296 0.010
4796602.384 0.010
4806386.085 0.010
4816185.266 0.010
4825999.793 0.010
4835829.535 0.010
4845674.358 0.010
4855534.134 0.010
4865408.731 0.010
4875298.020 0.010
4885201.874 0.010
4895120.163 0.010
4905052.762 0.010
4914999.545 0.010
4924960.385 0.010
4934935.158 0.010
4944923.741 0.010
4954926.009 0.010
4964941.842 0.010
4974971.116 0.009
4985013.712 0.009
4995069.509 0.009
5005138.387 0.009
5015220.229 0.009
5025314.915 0.009
5035422.328 0.009
5045542.353 0.009
5055674.872 0.009
5065819.772 0.009
5075976.936 0.009
5086146.253 0.009
5096327.608 0.009
5106520.889 0.009
5116725.985 0.009
5126942.784 0.009
5137171.176 0.009
5147411.052 0.009
5157662.302 0.009
5167924.818 0.009
5178198.492 0.009
5188483.218 0.009
5198778.888 0.009
5209085.398 0.009
5219402.642 0.009
5229730.515 0.009
5240068.914 0.009
5250417.736 0.009
5260776.878 0.008
5271146.237 0.008
5281525.714 0.008
5291915.207 0.008
5302314.615 0.008
5312723.841 0.008
5323142.783 0.008
5333571.345 0.008
5344009.429 0.008
1841768.891 0.067
1847390.577 0.067
1853033.768 0.066
1858698.244 0.066
1864383.790 0.065
1870090.190 0.065
1875817.233 0.065
1881564.706 0.064
1887332.401 0.064
1893120.109 0.064
1898927.625 0.063
1904754.745 0.063
1910601.265 0.062
1916466.986 0.062
1922351.709 0.062
1928255.235 0.061
1934177.370 0.061
1940117.920 0.061
1946076.692 0.060
1952053.497 0.060
1958048.144 0.059
1964060.448 0.059
1970090.223 0.059
1976137.284 0.058
1982201.450 0.058
1988282.540 0.058
1994380.376 0.057
2000494.780 0.057
2006625.575 0.057
2012772.590 0.056
2018935.650 0.056
2025114.584 0.056
2031309.225 0.055
2037519.403 0.055
2043744.953 0.055
2049985.709 0.054
2056241.509 0.054
2062512.192 0.054
2068797.596 0.053
2075097.563 0.053
2081411.936 0.053
2087740.559 0.053
2094083.279 0.052
2100439.941 0.052
2106810.395 0.052
2113194.491 0.051
2119592.081 0.051
2126003.016 0.051
2132427.152 0.050
2138864.344 0.050
2145314.448 0.050
2151777.324 0.050
2158252.831 0.049
2164740.830 0.049
2171241.183 0.049
2177753.754 0.048
2184278.408 0.048
2190815.011 0.048
2197363.430 0.048
2203923.534 0.047
2210495.194 0.047
2217078.280 0.047
2223672.665 0.046
2230278.222 0.046
2236894.827 0.046
2243522.355 0.046
2250160.684 0.045
2256809.692 0.045
2263469.258 0.045
2270139.264 0.045
2276819.590 0.044
2283510.121 0.044
2290210.740 0.044
2296921.332 0.044
2303641.784 0.043
2310371.983 0.043
2317111.817 0.043
2323861.176 0.043
2330619.950 0.042
2337388.031 0.042
2344165.311 0.042
2350951.684 0.042
2357747.045 0.041
2364551.290 0.041
2371364.313 0.041
2378186.015 0.041
2385016.292 0.041
2391855.044 0.040
2398702.172 0.040
2405557.577 0.040
2412421.162 0.040
2419292.829 0.039
2426172.483 0.039
2433060.028 0.039
2439955.371 0.039
2446858.418 0.039
2453769.077 0.038
2460687.257 0.038
2467612.866 0.038
2474545.815 0.038
2481486.016 0.037
2488433.379 0.037
2495387.817 0.037
2502349.244 0.037
2509317.574 0.037
2516292.723 0.036
2523274.605 0.036
2530263.138 0.036
2537258.239 0.036
2544259.826 0.036
2551267.818 0.036
2558282.134 0.035
2565302.696 0.035
2572329.423 0.035
2579362.237 0.035
2586401.062 0.035
2593445.820 0.034
2600496.435 0.034
2607552.832 0.034
2614614.936 0.034
2621682.673 0.034
2628755.969 0.033
2635834.752 0.033
2642918.949 0.033
2650008.489 0.033
2657103.301 0.033
2664203.315 0.033
2671308.461 0.032
2678418.670 0.032
2685533.875 0.032
2692654.006 0.032
2699778.997 0.032
2706908.782 0.032
2714043.294 0.031
2721182.467 0.031
2728326.238 0.031
2735474.540 0.031
2742627.312 0.031
2749784.489 0.031
2756946.009 0.030
2764111.810 0.030
2771281.830 0.030
2778456.008 0.030
2785634.284 0.030
2792816.597 0.030
2800002.888 0.030
2807193.098 0.029
2814387.168 0.029
2821585.040 0.029
2828786.657 0.029
2835991.962 0.029
2843200.898 0.029
2850413.409 0.029
2857629.439 0.028
2864848.933 0.028
2872071.837 0.028
2879298.096 0.028
2886527.656 0.028
2893760.463 0.028
2900996.466 0.028
2908235.611 0.027
2915477.846 0.027
2922723.120 0.027
2929971.381 0.027
2937222.579 0.027
2944476.663 0.027
2951733.582 0.027
2958993.288 0.027
2966255.731 0.026
2973520.863 0.026
2980788.634 0.026
2988058.997 0.026
2995331.903 0.026
3002607.307 0.026
3009885.160 0.026
3017165.417 0.026
3024448.031 0.025
3031732.955 0.025
3039020.146 0.025
3046309.557 0.025
3053601.143 0.025
3060894.861 0.025
3068190.666 0.025
3075488.514 0.025
3082788.362 0.024
3090090.167 0.024
3097393.886 0.024
3104699.476 0.024
3112006.896 0.024
3119316.103 0.024
3126627.056 0.024
3133939.714 0.024
3141254.036 0.024
3148569.981 0.023
3155887.510 0.023
3163206.581 0.023
3170527.156 0.023
3177849.195 0.023
3185172.658 0.023
3192497.507 0.023
3199823.704 0.023
3207151.210 0.023
3214479.987 0.023
3221809.997 0.022
3229141.203 0.022
3236473.568 0.022
3243807.054 0.022
3251141.626 0.022
3258477.246 0.022
3265813.879 0.022
3273151.489 0.022
3280490.039 0.022
3287829.495 0.022
3295169.822 0.021
3302510.984 0.021
3309852.946 0.021
3317195.675 0.021
3324539.137 0.021
3331883.296 0.021
3339228.121 0.021
3346573.576 0.021
3353919.629 0.021
3361266.246 0.021
3368613.396 0.021
3375961.044 0.020
3383309.160 0.020
3390657.710 0.020
3398006.663 0.020
3405355.987 0.020
3412705.650 0.020
3420055.621 0.020
3427405.870 0.020
3434756.364 0.020
3442107.074 0.020
3449457.968 0.020
3456809.017 0.020
3464160.190 0.019
3471511.458 0.019
3478862.790 0.019
3486214.157 0.019
3493565.529 0.019
3500916.879 0.019
3508268.175 0.019
3515619.390 0.019
3522970.496 0.019
3530321.462 0.019
3537672.262 0.019
3545022.867 0.019
3552373.250 0.018
3559723.381 0.018
3567073.235 0.018
3574422.782 0.018
3581771.997 0.018
3589120.852 0.018
3596469.319 0.018
3603817.373 0.018
3611164.987 0.018
3618512.133 0.018
3625858.787 0.018
3633204.921 0.018
3640550.510 0.018
3647895.528 0.018
3655239.949 0.017
3662583.747 0.017
3669926.898 0.017
3677269.376 0.017
3684611.155 0.017
3691952.212 0.017
3699292.520 0.017
3706632.056 0.017
3713970.795 0.017
3721308.713 0.017
3728645.784 0.017
3735981.986 0.017
3743317.294 0.017
3750651.684 0.017
3757985.133 0.017
3765317.616 0.016
3772649.111 0.016
3779979.595 0.016
3787309.043 0.016
3794637.433 0.016
3801964.742 0.016
3809290.947 0.016
3816616.025 0.016
3823939.954 0.016
3831262.712 0.016
3838584.275 0.016
3845904.622 0.016
3853223.731 0.016
3860541.580 0.016
3867858.146 0.016
3875173.408 0.016
3882487.345 0.015
3889799.934 0.015
3897111.155 0.015
3904420.986 0.015
3911729.405 0.015
3919036.393 0.015
3926341.927 0.015
3933645.987 0.015
3940948.552 0.015
3948249.601 0.015
3955549.114 0.015
3962847.071 0.015
3970143.450 0.015
3977438.233 0.015
3984731.397 0.015
3992022.924 0.015
3999312.794 0.015
4006600.986 0.015
4013887.482 0.015
4021172.260 0.014
4028455.301 0.014
4035736.587 0.014
4043016.098 0.014
4050293.813 0.014
4057569.715 0.014
4064843.784 0.014
4072116.001 0.014
4079386.346 0.014
4086654.802 0.014
4093921.349 0.014
4101185.969 0.014
4108448.643 0.014
4115709.352 0.014
4122968.079 0.014
4130224.804 0.014
4137479.510 0.014
4144732.178 0.014
4151982.790 0.014
4159231.328 0.014
4166477.775 0.013
4173722.111 0.013
4180964.321 0.013
4188204.385 0.013
4195442.287 0.013
4202678.008 0.013
4209911.531 0.013
4217142.840 0.013
4224371.916 0.013
4231598.742 0.013
4238823.301 0.013
4246045.576 0.013
4253265.550 0.013
4260483.206 0.013
4267698.527 0.013
4274911.497 0.013
4282122.098 0.013
4289330.314 0.013
4296536.128 0.013
4303739.524 0.013
4310940.485 0.013
4318138.995 0.013
4325335.038 0.013
4332528.597 0.012
4339719.656 0.012
4346908.199 0.012
4354094.210 0.012
4361277.673 0.012
4368458.572 0.012
4375636.890 0.012
4382812.614 0.012
4389985.725 0.012
4397156.209 0.012
4404324.051 0.012
4411489.234 0.012
4418651.743 0.012
4425811.563 0.012
4432968.678 0.012
4440123.073 0.012
4447274.733 0.012
4454423.642 0.012
4461569.786 0.012
4468713.148 0.012
4475853.715 0.012
4482991.471 0.012
4490126.402 0.012
4497258.491 0.012
4504387.726 0.012
4511514.090 0.011
4518637.569 0.011
4525758.148 0.011
4532875.814 0.011
4539990.551 0.011
4547102.344 0.011
4554211.180 0.011
4561317.044 0.011
4568419.921 0.011
4575519.798 0.011
4582616.660 0.011
4589710.493 0.011
4596801.283 0.011
4603889.015 0.011
4610973.676 0.011
4618055.252 0.011
4625133.728 0.011
4632209.091 0.011
4639281.328 0.011
4646350.423 0.011
4653416.364 0.011
4660479.137 0.011
4667538.727 0.011
4674595.123 0.011
4681648.309 0.011
4688698.272 0.011
4695745.000 0.011
4702788.478 0.011
4709828.693 0.011
4716865.632 0.011
4723899.281 0.010
4730929.628 0.010
4737956.658 0.010
4744980.360 0.010
4752000.719 0.010
4759017.723 0.010
4766031.359 0.010
4773041.613 0.010
4780048.473 0.010
4787051.925 0.010
4794051.958 0.010
4801048.557 0.010
4808041.711 0.010
4815031.406 0.010
4822017.630 0.010
4829000.370 0.010
4835979.614 0.010
4842955.349 0.010
4849927.562 0.010
4856896.240 0.010
4863861.373 0.010
4870822.946 0.010
4877780.947 0.010
4884735.365 0.010
4891686.187 0.010
4898633.400 0.010
4905576.992 0.010
4912516.952 0.010
4919453.266 0.010
4926385.923 0.010
4933314.911 0.010
4940240.217 0.010
4947161.830 0.010
4954079.737 0.010
4960993.927 0.010
4967904.388 0.009
4974811.107 0.009
4981714.073 0.009
4988613.274 0.009
4995508.699 0.009
5002400.335 0.009
5009288.170 0.009
5016172.194 0.009
5023052.394 0.009
5029928.759 0.009
5036801.277 0.009
5043669.937 0.009
5050534.727 0.009
5057395.635 0.009
5064252.651 0.009
5071105.762 0.009
5077954.957 0.009
5084800.226 0.009
5091641.556 0.009
5098478.936 0.009
5105312.355 0.009
5112141.802 0.009
5118967.265 0.009
5125788.733 0.009
5132606.196 0.009
5139419.642 0.009
5146229.059 0.009
5153034.438 0.009
5159835.766 0.009
5166633.033 0.009
5173426.228 0.009
5180215.340 0.009
5187000.357 0.009
5193781.270 0.009
5200558.067 0.009
5207330.737 0.009
5214099.269 0.009
5220863.653 0.009
5227623.878 0.009
5234379.934 0.009
5241131.809 0.009
5247879.492 0.009
5254622.974 0.008
5261362.243 0.008
5268097.290 0.008
5274828.103 0.008
5281554.671 0.008
5288276.985 0.008
5294995.034 0.008
5301708.807 0.008
5308418.294 0.008
5315123.484 0.008
5321824.368 0.008
5328520.934 0.008
5335213.173 0.008
5341901.074 0.008
0.0 0.0 0.0
0.0 0.0 0.0
0.0 0.0 0.0
0.0 0.0 0.0
0.0 0.0 0.0
0.0 0.0 0.0
0.0 0.0 0.0
0.0 0.0 0.0
0.0 0.0 0.0
0.0 0.0 0.0
0.0 0.0 0.0
0.0 0.0 0.0
0.0 0.0 0.0
0.0 0.0 0.0
0.0 0.0 0.0
0.0 0.0 0.0
0.0 0.0 0.0
0.0 0.0 0.0
0.0 0.0 0.0
0.0 0.0 0.0
0.0 0.0 0.0
0.0 0.0 0.0
0.0 0.0 0.0
0.0 0.0 0.0
0.0 0.0 0.0
0.0 0.0 0.0
0.0 0.0 0.0
0.0 0.0 0.0
0.0 0.0 0.0
0.0 0.0 0.0
0.0 0.0 0.0
0.0 0.0 0.0
0.0 0.0 0.0
0.0 0.0 0.0
0.0 0.0 0.0
0.0 0.0 0.0
0.0 0.0 0.0
0.0 0.0 0.0
0.0 0.0 0.0
0.0 0.0 0.0
0.0 0.0 0.0
0.0 0.0 0.0
0.0 0.0 0.0
0.0 0.0 0.0
0.0 0.0 0.0
0.0 0.0 0.0
20.061 2113532.218 0.065804714
20.169 2107988.077 0.065913347
20.277 2102452.417 0.066023567
20.386 2096925.312 0.066135376
20.495 2091406.836 0.066248771
20.604 2085897.064 0.066363752
20.714 2080396.071 0.066480318
20.823 2074903.934 0.066598469
20.934 2069420.730 0.066718203
21.044 2063946.535 0.066839520
21.155 2058481.429 0.066962419
21.266 2053025.491 0.067086899
21.378 2047578.799 0.067212961
21.490 2042141.434 0.067340603
21.602 2036713.478 0.067469824
21.715 2031295.012 0.067600624
21.828 2025886.119 0.067733003
21.941 2020486.881 0.067866959
22.055 2015097.383 0.068002493
22.169 2009717.710 0.068139603
22.283 2004347.946 0.068278289
22.398 1998988.177 0.068418550
22.513 1993638.492 0.068560385
22.629 1988298.977 0.068703795
22.744 1982969.720 0.068848777
22.861 1977650.812 0.068995331
22.977 1972342.341 0.069143457
23.094 1967044.399 0.069293153
23.211 1961757.077 0.069444419
23.329 1956480.467 0.069597254
23.447 1951214.663 0.069751656
23.565 1945959.758 0.069907624
23.684 1940715.847 0.070065158
23.803 1935483.026 0.070224256
23.922 1930261.390 0.070384917
24.042 1925051.038 0.070547139
24.162 1919852.066 0.070710922
24.283 1914664.574 0.070876262
24.403 1909488.662 0.071043159
24.525 1904324.429 0.071211612
24.646 1899171.978 0.071381617
24.768 1894031.411 0.071553174
24.890 1888902.830 0.071726279
25.013 1883786.339 0.071900931
25.136 1878682.044 0.072077128
25.259 1873590.050 0.072254867
25.383 1868510.463 0.072434145
25.507 1863443.391 0.072614960
25.631 1858388.943 0.072797308
25.756 1853347.227 0.072981188
25.881 1848318.354 0.073166594
26.007 1843302.435 0.073353525
26.133 1838299.581 0.073541976
26.259 1833309.906 0.073731944
26.385 1828333.524 0.073923424
26.512 1823370.548 0.074116414
26.639 1818421.096 0.074310907
26.767 1813485.282 0.074506901
26.895 1808563.226 0.074704389
27.023 1803655.044 0.074903368
27.152 1798760.858 0.075103832
27.281 1793880.787 0.075305775
27.410 1789014.951 0.075509192
27.539 1784163.475 0.075714078
27.669 1779326.480 0.075920425
27.800 1774504.091 0.076128227
27.930 1769696.434 0.076337479
28.061 1764903.633 0.076548172
28.192 1760125.817 0.076760300
28.324 1755363.113 0.076973856
28.456 1750615.650 0.077188830
28.588 1745883.559 0.077405216
28.721 1741166.970 0.077623006
28.854 1736466.015 0.077842189
28.987 1731780.827 0.078062757
29.120 1727111.540 0.078284702
29.254 1722458.290 0.078508012
29.388 1717821.211 0.078732679
29.523 1713200.440 0.078958691
29.657 1708596.116 0.079186038
29.792 1704008.378 0.079414709
29.927 1699437.364 0.079644692
30.063 1694883.217 0.079875976
30.199 1690346.077 0.080108548
30.335 1685826.088 0.080342395
30.471 1681323.393 0.080577505
30.608 1676838.136 0.080813864
30.745 1672370.465 0.081051457
30.882 1667920.525 0.081290272
31.019 1663488.463 0.081530292
31.157 1659074.429 0.081771502
31.295 1654678.573 0.082013888
31.433 1650301.044 0.082257433
31.571 1645941.994 0.082502119
31.710 1641601.576 0.082747931
31.848 1637279.944 0.082994851
31.987 1632977.250 0.083242860
32.127 1628693.652 0.083491939
32.266 1624429.304 0.083742071
32.406 1620184.365 0.083993235
32.545 1615958.992 0.084245411
32.685 1611753.344 0.084498578
32.825 1607567.581 0.084752716
32.965 1603401.864 0.085007803
33.106 1599256.356 0.085263816
33.246 1595131.217 0.085520732
33.387 1591026.612 0.085778529
33.528 1586942.705 0.086037182
33.669 1582879.662 0.086296667
33.810 1578837.648 0.086556958
33.951 1574816.830 0.086818030
34.092 1570817.376 0.087079857
34.233 1566839.454 0.087342412
34.375 1562883.234 0.087605667
34.516 1558948.886 0.087869594
34.657 1555036.580 0.088134165
34.799 1551146.488 0.088399350
34.940 1547278.782 0.088665119
35.082 1543433.637 0.088931442
35.223 1539611.224 0.089198287
35.365 1535811.719 0.089465623
35.506 1532035.297 0.089733417
35.648 1528282.133 0.090001635
35.789 1524552.405 0.090270245
35.931 1520846.288 0.090539212
36.072 1517163.961 0.090808500
36.213 1513505.602 0.091078075
36.354 1509871.390 0.091347899
36.495 1506261.503 0.091617935
36.636 1502676.122 0.091888147
36.776 1499115.427 0.092158495
36.917 1495579.599 0.092428940
37.057 1492068.819 0.092699444
37.197 1488583.268 0.092969965
37.337 1485123.129 0.093240463
37.477 1481688.584 0.093510896
37.617 1478279.815 0.093781222
37.756 1474897.006 0.094051399
37.895 1471540.340 0.094321381
38.033 1468210.000 0.094591127
38.172 1464906.170 0.094860589
38.310 1461629.034 0.095129725
38.448 1458378.777 0.095398486
38.585 1455155.581 0.095666827
38.722 1451959.633 0.095934701
38.858 1448791.116 0.096202059
38.994 1445650.214 0.096468854
39.130 1442537.111 0.096735036
39.265 1439451.993 0.097000556
39.400 1436395.044 0.097265363
39.534 1433366.447 0.097529408
39.668 1430366.386 0.097792639
39.801 1427395.046 0.098055004
39.934 1424452.610 0.098316451
40.065 1421539.260 0.098576927
40.197 1418655.181 0.098836380
40.328 1415800.555 0.099094755
40.458 1412975.563 0.099351998
40.587 1410180.388 0.099608056
40.716 1407415.211 0.099862873
40.844 1404680.213 0.100116393
40.971 1401975.573 0.100368562
41.097 1399301.472 0.100619323
41.223 1396658.088 0.100868619
41.348 1394045.600 0.101116394
41.471 1391464.185 0.101362591
41.595 1388914.019 0.101607152
41.717 1386395.280 0.101850021
41.838 1383908.140 0.102091139
41.958 1381452.775 0.102330448
42.077 1379029.357 0.102567891
42.196 1376638.059 0.102803408
42.313 1374279.051 0.103036942
42.429 1371952.503 0.103268434
42.544 1369658.583 0.103497825
42.658 1367397.459 0.103725057
42.771 1365169.297 0.103950071
42.883 1362974.262 0.104172809
42.993 1360812.516 0.104393211
43.102 1358684.223 0.104611220
43.210 1356589.541 0.104826776
43.317 1354528.630 0.105039823
43.422 1352501.647 0.105250300
43.527 1350508.748 0.105458152
43.629 1348550.087 0.105663319
43.731 1346625.815 0.105865745
43.831 1344736.083 0.106065373
43.929 1342881.040 0.106262145
44.026 1341060.832 0.106456005
44.122 1339275.604 0.106646898
44.215 1337525.498 0.106834767
44.308 1335810.655 0.107019558
44.399 1334131.214 0.107201216
44.488 1332487.310 0.107379686
44.576 1330879.078 0.107554917
44.662 1329306.649 0.107726853
44.746 1327770.154 0.107895444
44.828 1326269.719 0.108060638
44.909 1324805.470 0.108222384
44.988 1323377.528 0.108380632
45.066 1321986.013 0.108535332
45.141 1320631.042 0.108686436
45.215 1319312.731 0.108833897
45.287 1318031.191 0.108977668
45.356 1316786.532 0.109117702
45.424 1315578.861 0.109253956
45.491 1314408.280 0.109386384
45.555 1313274.892 0.109514945
45.617 1312178.794 0.109639597
45.677 1311120.083 0.109760298
45.735 1310098.849 0.109877010
45.791 1309115.183 0.109989693
45.845 1308169.172 0.110098310
45.897 1307260.898 0.110202826
45.947 1306390.442 0.110303206
45.995 1305557.881 0.110399415
46.041 1304763.290 0.110491422
46.084 1304006.738 0.110579195
46.126 1303288.294 0.110662706
46.165 1302608.023 0.110741924
46.202 1301965.985 0.110816825
46.237 1301362.238 0.110887381
46.269 1300796.838 0.110953569
46.299 1300269.834 0.111015367
46.328 1299781.276 0.111072752
46.354 1299331.208 0.111125706
46.377 1298919.670 0.111174210
46.398 1298546.701 0.111218247
46.418 1298212.335 0.111257803
46.434 1297916.602 0.111292863
46.449 1297659.530 0.111323415
46.461 1297441.143 0.111349448
46.471 1297261.462 0.111370955
46.479 1297120.502 0.111387927
46.484 1297018.279 0.111400358
46.487 1296954.800 0.111408244
46.488 1296930.074 0.111411583
46.486 1296944.102 0.111410373
46.482 1296996.885 0.111404615
46.476 1297088.417 0.111394311
46.467 1297218.692 0.111379464
46.457 1297387.698 0.111360080
46.443 1297595.420 0.111336167
46.428 1297841.841 0.111307731
46.410 1298126.938 0.111274783
46.390 1298450.686 0.111237335
46.368 1298813.057 0.111195400
46.344 1299214.019 0.111148993
46.317 1299653.536 0.111098129
46.288 1300131.569 0.111042826
46.256 1300648.076 0.110983104
46.223 1301203.011 0.110918982
46.187 1301796.325 0.110850485
46.149 1302427.965 0.110777634
46.109 1303097.876 0.110700454
46.067 1303805.999 0.110618974
46.023 1304552.271 0.110533219
45.976 1305336.626 0.110443219
45.927 1306158.996 0.110349006
45.876 1307019.309 0.110250610
45.824 1307917.490 0.110148065
45.769 1308853.459 0.110041405
45.712 1309827.137 0.109930666
45.653 1310838.438 0.109815885
45.591 1311887.275 0.109697100
45.528 1312973.557 0.109574350
45.463 1314097.191 0.109447674
45.396 1315258.081 0.109317116
45.328 1316456.127 0.109182717
45.257 1317691.227 0.109044521
45.184 1318963.277 0.108902572
45.110 1320272.169 0.108756916
45.033 1321617.793 0.108607599
44.955 1323000.036 0.108454668
44.875 1324418.782 0.108298172
44.793 1325873.913 0.108138161
44.710 1327365.309 0.107974682
44.625 1328892.846 0.107807788
44.538 1330456.399 0.107637529
44.449 1332055.839 0.107463958
44.359 1333691.038 0.107287127
44.267 1335361.862 0.107107089
44.174 1337068.176 0.106923899
44.079 1338809.844 0.106737611
43.983 1340586.726 0.106548279
43.885 1342398.681 0.106355960
43.786 1344245.567 0.106160708
43.685 1346127.237 0.105962582
43.583 1348043.545 0.105761636
43.479 1349994.342 0.105557928
43.374 1351979.476 0.105351516
43.268 1353998.797 0.105142457
43.160 1356052.148 0.104930810
43.051 1358139.374 0.104716631
42.941 1360260.318 0.104499980
42.830 1362414.820 0.104280914
42.717 1364602.719 0.104059493
42.604 1366823.854 0.103835775
42.489 1369078.061 0.103609819
42.373 1371365.175 0.103381683
42.256 1373685.030 0.103151426
42.138 1376037.457 0.102919107
42.019 1378422.289 0.102684785
41.899 1380839.355 0.102448517
41.777 1383288.485 0.102210363
41.655 1385769.507 0.101970381
41.532 1388282.246 0.101728628
41.409 1390826.530 0.101485163
41.284 1393402.183 0.101240043
41.158 1396009.030 0.100993326
41.032 1398646.893 0.100745069
40.904 1401315.596 0.100495329
40.776 1404014.959 0.100244162
40.648 1406744.805 0.099991625
40.518 1409504.954 0.099737774
40.388 1412295.225 0.099482664
40.257 1415115.439 0.099226350
40.126 1417965.413 0.098968887
39.993 1420844.967 0.098710330
39.861 1423753.918 0.098450732
39.727 1426692.083 0.098190147
39.593 1429659.281 0.097928628
39.459 1432655.328 0.097666226
39.324 1435680.041 0.097402995
39.188 1438733.235 0.097138985
39.052 1441814.729 0.096874248
38.916 1444924.337 0.096608833
38.779 1448061.875 0.096342791
38.642 1451227.161 0.096076171
38.504 1454420.009 0.095809022
38.366 1457640.236 0.095541391
38.227 1460887.657 0.095273327
38.088 1464162.090 0.095004875
37.949 1467463.349 0.094736083
37.810 1470791.252 0.094466996
37.670 1474145.614 0.094197659
37.530 1477526.252 0.093928117
37.390 1480932.984 0.093658414
37.249 1484365.627 0.093388592
37.109 1487823.998 0.093118694
36.968 1491307.914 0.092848762
36.827 1494817.195 0.092578838
36.685 1498351.658 0.092308961
36.544 1501911.122 0.092039173
36.402 1505495.407 0.091769512
36.261 1509104.333 0.091500017
36.119 1512737.719 0.091230725
35.977 1516395.387 0.090961675
35.835 1520077.158 0.090692903
35.693 1523782.853 0.090424445
35.551 1527512.296 0.090156336
35.409 1531265.308 0.089888612
35.266 1535041.714 0.089621306
35.124 1538841.338 0.089354451
34.982 1542664.005 0.089088081
34.840 1546509.539 0.088822228
34.697 1550377.768 0.088556923
34.555 1554268.518 0.088292197
34.413 1558181.617 0.088028080
34.271 1562116.893 0.087764603
34.129 1566074.175 0.087501794
33.987 1570053.293 0.087239681
33.845 1574054.078 0.086978293
33.703 1578076.360 0.086717656
33.562 1582119.973 0.086457797
33.420 1586184.749 0.086198742
33.279 1590270.521 0.085940517
33.137 1594377.125 0.085683146
32.996 1598504.397 0.085426654
32.855 1602652.171 0.085171064
32.714 1606820.287 0.084916399
32.573 1611008.581 0.084662682
32.433 1615216.893 0.084409936
32.292 1619445.062 0.084158180
32.152 1623692.930 0.083907437
32.012 1627960.337 0.083657727
31.872 1632247.128 0.083409069
31.733 1636553.144 0.083161483
31.593 1640878.232 0.082914988
31.454 1645222.235 0.082669602
31.315 1649585.001 0.082425343
31.176 1653966.376 0.082182229
31.038 1658366.209 0.081940275
30.900 1662784.349 0.081699500
30.762 1667220.647 0.081459917
30.624 1671674.952 0.081221544
30.486 1676147.118 0.080984395
30.349 1680636.998 0.080748485
30.212 1685144.445 0.080513828
30.075 1689669.314 0.080280437
29.939 1694211.462 0.080048326
29.803 1698770.745 0.079817509
29.667 1703347.021 0.079587996
29.531 1707940.150 0.079359802
29.396 1712549.991 0.079132936
29.261 1717176.404 0.078907412
29.126 1721819.253 0.078683239
28.992 1726478.399 0.078460428
28.858 1731153.706 0.078238990
28.724 1735845.040 0.078018935
28.591 1740552.266 0.077800271
28.458 1745275.251 0.077583010
28.325 1750013.862 0.077367158
28.192 1754767.968 0.077152726
28.060 1759537.439 0.076939721
27.928 1764322.146 0.076728151
27.797 1769121.961 0.076518024
27.666 1773936.755 0.076309348
27.535 1778766.402 0.076102130
27.404 1783610.778 0.075896376
27.274 1788469.757 0.075692093
27.144 1793343.216 0.075489288
27.015 1798231.033 0.075287966
26.886 1803133.085 0.075088134
26.757 1808049.252 0.074889798
26.628 1812979.415 0.074692961
26.500 1817923.454 0.074497631
26.373 1822881.253 0.074303811
26.245 1827852.693 0.074111506
26.118 1832837.659 0.073920721
25.991 1837836.036 0.073731461
25.865 1842847.710 0.073543729
25.739 1847872.567 0.073357530
25.613 1852910.495 0.073172866
25.488 1857961.384 0.072989743
25.363 1863025.122 0.072808163
25.239 1868101.600 0.072628129
25.115 1873190.709 0.072449645
24.991 1878292.341 0.072272713
24.867 1883406.391 0.072097337
24.744 1888532.750 0.071923520
24.621 1893671.316 0.071751262
24.499 1898821.982 0.071580568
24.377 1903984.646 0.071411440
24.255 1909159.206 0.071243879
24.134 1914345.559 0.071077888
24.013 1919543.605 0.070913469
23.892 1924753.244 0.070750623
23.772 1929974.377 0.070589353
23.652 1935206.905 0.070429660
23.533 1940450.732 0.070271546
23.414 1945705.759 0.070115012
23.295 1950971.893 0.069960060
23.176 1956249.037 0.069806691
23.058 1961537.097 0.069654907
22.941 1966835.980 0.069504708
22.823 1972145.594 0.069356096
22.706 1977465.846 0.069209073
22.590 1982796.646 0.069063639
22.473 1988137.904 0.068919795
22.357 1993489.529 0.068777542
22.242 1998851.433 0.068636882
22.127 2004223.529 0.068497815
22.012 2009605.729 0.068360343
21.897 2014997.947 0.068224466
21.783 2020400.097 0.068090185
21.669 2025812.094 0.067957501
21.556 2031233.854 0.067826416
21.443 2036665.293 0.067696929
21.330 2042106.329 0.067569042
21.218 2047556.880 0.067442756
21.106 2053016.864 0.067318071
20.994 2058486.201 0.067194989
20.883 2063964.811 0.067073510
20.772 2069452.614 0.066953636
20.661 2074949.533 0.066835368
20.551 2080455.489 0.066718706
20.441 2085970.405 0.066603652
20.331 2091494.205 0.066490206
20.222 2097026.813 0.066378370
20.113 2102568.153 0.066268145
20.005 2108118.152 0.066159532
