20.014 2106597.139 0.066219921
20.101 2102138.036 0.066307820
20.188 2097689.391 0.066396660
20.276 2093251.275 0.066486437
20.363 2088823.757 0.066577147
20.450 2084406.909 0.066668783
20.538 2080000.804 0.066761340
20.626 2075605.512 0.066854814
20.713 2071221.106 0.066949200
20.801 2066847.660 0.067044491
20.889 2062485.246 0.067140683
20.977 2058133.939 0.067237770
21.066 2053793.812 0.067335747
21.154 2049464.941 0.067434609
21.242 2045147.400 0.067534349
21.331 2040841.264 0.067634963
21.420 2036546.611 0.067736445
21.508 2032263.515 0.067838789
21.597 2027992.054 0.067941989
21.686 2023732.306 0.068046040
21.775 2019484.347 0.068150935
21.864 2015248.256 0.068256669
21.954 2011024.111 0.068363235
22.043 2006811.991 0.068470628
22.132 2002611.975 0.068578842
22.222 1998424.144 0.068687870
22.311 1994248.577 0.068797705
22.401 1990085.355 0.068908342
22.491 1985934.560 0.069019774
22.581 1981796.272 0.069131994
22.670 1977670.573 0.069244995
22.760 1973557.547 0.069358772
22.850 1969457.275 0.069473316
22.941 1965369.841 0.069588621
23.031 1961295.328 0.069704681
23.121 1957233.820 0.069821487
23.211 1953185.403 0.069939033
23.302 1949150.160 0.070057311
23.392 1945128.177 0.070176314
23.483 1941119.540 0.070296034
23.573 1937124.335 0.070416463
23.664 1933142.648 0.070537594
23.754 1929174.566 0.070659419
23.845 1925220.177 0.070781930
23.936 1921279.568 0.070905118
24.026 1917352.828 0.071028976
24.117 1913440.045 0.071153494
24.208 1909541.308 0.071278665
24.299 1905656.706 0.071404480
24.390 1901786.329 0.071530930
24.480 1897930.268 0.071658006
24.571 1894088.612 0.071785700
24.662 1890261.453 0.071914001
24.753 1886448.883 0.072042901
24.844 1882650.992 0.072172390
24.935 1878867.872 0.072302459
25.026 1875099.617 0.072433098
25.117 1871346.319 0.072564297
25.208 1867608.071 0.072696047
25.299 1863884.967 0.072828336
25.389 1860177.101 0.072961155
25.480 1856484.566 0.073094494
25.571 1852807.458 0.073228341
25.662 1849145.871 0.073362686
25.753 1845499.901 0.073497518
25.843 1841869.644 0.073632827
25.934 1838255.194 0.073768600
26.025 1834656.650 0.073904827
26.115 1831074.106 0.074041496
26.206 1827507.661 0.074178595
26.296 1823957.411 0.074316113
26.387 1820423.454 0.074454038
26.477 1816905.888 0.074592357
26.567 1813404.811 0.074731057
26.658 1809920.321 0.074870128
26.748 1806452.517 0.075009556
26.838 1803001.499 0.075149327
26.928 1799567.364 0.075289430
27.018 1796150.214 0.075429851
27.107 1792750.147 0.075570577
27.197 1789367.264 0.075711594
27.287 1786001.664 0.075852888
27.376 1782653.449 0.075994446
27.465 1779322.719 0.076136254
27.554 1776009.576 0.076278298
27.643 1772714.119 0.076420563
27.732 1769436.451 0.076563034
27.821 1766176.674 0.076705698
27.910 1762934.888 0.076848539
27.998 1759711.196 0.076991542
28.086 1756505.700 0.077134692
28.174 1753318.502 0.077277974
28.262 1750149.705 0.077421372
28.350 1746999.410 0.077564870
28.437 1743867.722 0.077708453
28.525 1740754.742 0.077852104
28.612 1737660.574 0.077995808
28.699 1734585.320 0.078139547
28.786 1731529.083 0.078283306
28.872 1728491.967 0.078427068
28.958 1725474.076 0.078570815
29.044 1722475.511 0.078714531
29.130 1719496.377 0.078858198
29.216 1716536.777 0.079001800
29.301 1713596.815 0.079145318
29.386 1710676.594 0.079288735
29.471 1707776.216 0.079432033
29.555 1704895.787 0.079575194
29.639 1702035.408 0.079718201
29.723 1699195.185 0.079861033
29.807 1696375.218 0.080003674
29.890 1693575.613 0.080146105
29.973 1690796.473 0.080288307
30.056 1688037.899 0.080430260
30.138 1685299.996 0.080571947
30.220 1682582.866 0.080713347
30.302 1679886.612 0.080854442
30.383 1677211.337 0.080995212
30.464 1674557.142 0.081135637
30.544 1671924.132 0.081275699
30.624 1669312.406 0.081415376
30.704 1666722.068 0.081554650
30.784 1664153.219 0.081693500
30.863 1661605.961 0.081831906
30.941 1659080.394 0.081969848
31.019 1656576.621 0.082107306
31.097 1654094.741 0.082244258
31.174 1651634.855 0.082380685
31.251 1649197.062 0.082516566
31.328 1646781.464 0.082651881
31.404 1644388.160 0.082786607
31.479 1642017.247 0.082920726
31.554 1639668.826 0.083054215
31.629 1637342.995 0.083187054
31.703 1635039.851 0.083319221
31.776 1632759.492 0.083450696
31.849 1630502.016 0.083581457
31.922 1628267.519 0.083711483
31.994 1626056.096 0.083840754
32.065 1623867.845 0.083969247
32.136 1621702.860 0.084096941
32.206 1619561.236 0.084223816
32.276 1617443.067 0.084349849
32.345 1615348.447 0.084475019
32.414 1613277.468 0.084599306
32.482 1611230.224 0.084722687
32.550 1609206.806 0.084845141
32.616 1607207.306 0.084966648
32.683 1605231.813 0.085087185
32.748 1603280.419 0.085206731
32.813 1601353.212 0.085325266
32.877 1599450.281 0.085442768
32.941 1597571.714 0.085559215
33.004 1595717.599 0.085674588
33.066 1593888.020 0.085788864
33.128 1592083.065 0.085902022
33.189 1590302.819 0.086014043
33.249 1588547.364 0.086124905
33.309 1586816.785 0.086234587
33.368 1585111.164 0.086343069
33.426 1583430.583 0.086450331
33.483 1581775.122 0.086556351
33.540 1580144.862 0.086661110
33.596 1578539.881 0.086764588
33.651 1576960.257 0.086866764
33.705 1575406.068 0.086967619
33.759 1573877.389 0.087067134
33.812 1572374.297 0.087165287
33.864 1570896.864 0.087262061
33.915 1569445.165 0.087357437
33.966 1568019.271 0.087451394
34.015 1566619.254 0.087543914
34.064 1565245.184 0.087634980
34.112 1563897.130 0.087724571
34.159 1562575.159 0.087812671
34.206 1561279.339 0.087899261
34.251 1560009.736 0.087984323
34.296 1558766.414 0.088067840
34.340 1557549.436 0.088149795
34.383 1556358.865 0.088230171
34.425 1555194.762 0.088308950
34.466 1554057.187 0.088386118
34.506 1552946.198 0.088461656
34.545 1551861.854 0.088535550
34.584 1550804.210 0.088607784
34.621 1549773.321 0.088678343
34.658 1548769.241 0.088747211
34.693 1547792.023 0.088814374
34.728 1546841.718 0.088879818
34.762 1545918.376 0.088943527
34.795 1545022.045 0.089005490
34.827 1544152.772 0.089065692
34.858 1543310.604 0.089124120
34.888 1542495.585 0.089180761
34.917 1541707.757 0.089235604
34.945 1540947.164 0.089288636
34.972 1540213.845 0.089339845
34.998 1539507.839 0.089389221
35.023 1538829.185 0.089436752
35.047 1538177.917 0.089482429
35.070 1537554.072 0.089526240
35.093 1536957.681 0.089568176
35.114 1536388.778 0.089608229
35.134 1535847.392 0.089646388
35.153 1535333.553 0.089682646
35.171 1534847.288 0.089716994
35.188 1534388.623 0.089749425
35.204 1533957.583 0.089779932
35.219 1533554.190 0.089808507
35.233 1533178.467 0.089835144
35.246 1532830.433 0.089859838
35.258 1532510.106 0.089882583
35.269 1532217.505 0.089903373
35.279 1531952.644 0.089922204
35.288 1531715.537 0.089939072
35.296 1531506.197 0.089953973
35.303 1531324.635 0.089966904
35.308 1531170.860 0.089977862
35.313 1531044.880 0.089986844
35.317 1530946.702 0.089993848
35.319 1530876.329 0.089998873
35.321 1530833.766 0.090001917
35.321 1530819.014 0.090002981
35.321 1530832.074 0.090002064
35.319 1530872.943 0.089999165
35.317 1530941.620 0.089994287
35.313 1531038.099 0.089987430
35.309 1531162.375 0.089978595
35.303 1531314.439 0.089967785
35.296 1531494.284 0.089955002
35.288 1531701.898 0.089940249
35.279 1531937.270 0.089923529
35.270 1532200.385 0.089904847
35.259 1532491.228 0.089884207
35.247 1532809.783 0.089861613
35.234 1533156.032 0.089837070
35.220 1533529.954 0.089810585
35.205 1533931.529 0.089782163
35.189 1534360.734 0.089751810
35.172 1534817.544 0.089719534
35.154 1535301.935 0.089685342
35.134 1535813.878 0.089649241
35.114 1536353.345 0.089611240
35.093 1536920.306 0.089571348
35.071 1537514.729 0.089529572
35.048 1538136.581 0.089485923
35.024 1538785.829 0.089440410
34.999 1539462.435 0.089393044
34.973 1540166.362 0.089343834
34.946 1540897.573 0.089292793
34.918 1541656.026 0.089239930
34.889 1542441.680 0.089185259
34.859 1543254.493 0.089128790
34.828 1544094.419 0.089070537
34.796 1544961.414 0.089010511
34.763 1545855.430 0.088948727
34.729 1546776.419 0.088885197
34.695 1547724.331 0.088819935
34.659 1548699.116 0.088752956
34.623 1549700.721 0.088684273
34.585 1550729.092 0.088613902
34.547 1551784.175 0.088541858
34.508 1552865.914 0.088468155
34.467 1553974.251 0.088392810
34.426 1555109.128 0.088315839
34.384 1556270.484 0.088237257
34.342 1557458.260 0.088157081
34.298 1558672.393 0.088075328
34.253 1559912.820 0.087992015
34.208 1561179.476 0.087907159
34.162 1562472.295 0.087820778
34.114 1563791.211 0.087732889
34.067 1565136.157 0.087643510
34.018 1566507.062 0.087552660
33.968 1567903.857 0.087460357
33.918 1569326.472 0.087366620
33.867 1570774.833 0.087271466
33.815 1572248.868 0.087174916
33.762 1573748.503 0.087076989
33.708 1575273.662 0.086977703
33.654 1576824.270 0.086877079
33.599 1578400.249 0.086775136
33.543 1580001.521 0.086671894
33.486 1581628.008 0.086567372
33.429 1583279.629 0.086461592
33.371 1584956.303 0.086354572
33.312 1586657.950 0.086246335
33.253 1588384.487 0.086136899
33.193 1590135.830 0.086026286
33.132 1591911.895 0.085914516
33.070 1593712.598 0.085801610
33.008 1595537.852 0.085687589
32.945 1597387.571 0.085572474
32.882 1599261.669 0.085456286
32.817 1601160.056 0.085339045
32.753 1603082.644 0.085220774
32.687 1605029.344 0.085101493
32.621 1607000.066 0.084981223
32.554 1608994.719 0.084859985
32.487 1611013.212 0.084737802
32.419 1613055.453 0.084614694
32.351 1615121.348 0.084490682
32.282 1617210.806 0.084365788
32.212 1619323.732 0.084240034
32.142 1621460.031 0.084113439
32.071 1623619.610 0.083986027
32.000 1625802.372 0.083857817
31.928 1628008.222 0.083728832
31.855 1630237.064 0.083599092
31.783 1632488.799 0.083468619
31.709 1634763.332 0.083337433
31.635 1637060.565 0.083205557
31.561 1639380.398 0.083073010
31.486 1641722.735 0.082939815
31.411 1644087.475 0.082805992
31.335 1646474.519 0.082671561
31.259 1648883.768 0.082536544
31.182 1651315.122 0.082400962
31.105 1653768.480 0.082264834
31.027 1656243.741 0.082128182
30.949 1658740.806 0.081991026
30.871 1661259.572 0.081853386
30.792 1663799.937 0.081715284
30.713 1666361.801 0.081576738
30.633 1668945.061 0.081437769
30.553 1671549.615 0.081298397
30.473 1674175.361 0.081158641
30.392 1676822.196 0.081018522
30.311 1679490.017 0.080878059
30.229 1682178.721 0.080737272
30.147 1684888.206 0.080596180
30.065 1687618.368 0.080454802
29.983 1690369.103 0.080313157
29.900 1693140.309 0.080171264
29.817 1695931.882 0.080029142
29.733 1698743.717 0.079886810
29.650 1701575.713 0.079744286
29.566 1704427.764 0.079601589
29.481 1707299.768 0.079458736
29.397 1710191.620 0.079315747
29.312 1713103.216 0.079172638
29.227 1716034.453 0.079029428
29.142 1718985.228 0.078886134
29.056 1721955.435 0.078742773
28.970 1724944.972 0.078599364
28.884 1727953.735 0.078455923
28.798 1730981.620 0.078312467
28.711 1734028.524 0.078169013
28.625 1737094.343 0.078025578
28.538 1740178.973 0.077882177
28.450 1743282.313 0.077738828
28.363 1746404.257 0.077595546
28.276 1749544.704 0.077452348
28.188 1752703.550 0.077309250
28.100 1755880.692 0.077166266
28.012 1759076.028 0.077023412
27.924 1762289.456 0.076880705
27.835 1765520.872 0.076738158
27.747 1768770.176 0.076595787
27.658 1772037.264 0.076453606
27.569 1775322.035 0.076311631
27.480 1778624.388 0.076169876
27.391 1781944.221 0.076028354
27.302 1785281.433 0.075887080
27.213 1788635.923 0.075746068
27.123 1792007.590 0.075605332
27.034 1795396.334 0.075464886
26.944 1798802.054 0.075324742
26.854 1802224.651 0.075184913
26.765 1805664.026 0.075045414
26.675 1809120.077 0.074906257
26.585 1812592.707 0.074767455
26.495 1816081.817 0.074629020
26.405 1819587.308 0.074490965
26.314 1823109.081 0.074353301
26.224 1826647.038 0.074216042
26.134 1830201.083 0.074079198
26.043 1833771.117 0.073942783
25.953 1837357.044 0.073806806
25.862 1840958.767 0.073671281
25.772 1844576.188 0.073536217
25.681 1848209.213 0.073401627
25.591 1851857.746 0.073267521
25.500 1855521.691 0.073133910
25.410 1859200.952 0.073000805
25.319 1862895.436 0.072868215
25.228 1866605.048 0.072736153
25.138 1870329.694 0.072604627
25.047 1874069.280 0.072473648
24.956 1877823.714 0.072343226
24.865 1881592.901 0.072213370
24.775 1885376.751 0.072084090
24.684 1889175.169 0.071955397
24.593 1892988.066 0.071827298
24.503 1896815.349 0.071699804
24.412 1900656.927 0.071572923
24.321 1904512.711 0.071446664
24.231 1908382.608 0.071321037
24.140 1912266.531 0.071196049
24.050 1916164.389 0.071071711
23.959 1920076.093 0.070948028
23.869 1924001.556 0.070825012
23.778 1927940.688 0.070702668
23.688 1931893.401 0.070581007
23.598 1935859.609 0.070460034
23.507 1939839.225 0.070339759
23.417 1943832.161 0.070220190
23.327 1947838.332 0.070101332
23.237 1951857.652 0.069983195
23.147 1955890.036 0.069865786
23.057 1959935.399 0.069749112
22.967 1963993.656 0.069633180
22.877 1968064.723 0.069517997
22.787 1972148.517 0.069403570
22.697 1976244.955 0.069289906
22.608 1980353.953 0.069177012
22.518 1984475.430 0.069064895
22.429 1988609.303 0.068953561
22.339 1992755.492 0.068843017
22.250 1996913.914 0.068733269
22.161 2001084.489 0.068624324
22.071 2005267.138 0.068516187
21.982 2009461.780 0.068408865
21.893 2013668.336 0.068302365
21.804 2017886.727 0.068196691
21.716 2022116.875 0.068091851
21.627 2026358.701 0.067987850
21.538 2030612.129 0.067884694
21.450 2034877.080 0.067782388
21.361 2039153.478 0.067680938
21.273 2043441.246 0.067580350
21.185 2047740.310 0.067480630
21.097 2052050.593 0.067381783
21.009 2056372.020 0.067283814
20.921 2060704.517 0.067186729
20.833 2065048.010 0.067090532
20.745 2069402.424 0.066995231
20.658 2073767.686 0.066900829
20.570 2078143.725 0.066807331
20.483 2082530.466 0.066714744
20.396 2086927.838 0.066623071
20.309 2091335.770 0.066532319
20.222 2095754.190 0.066442492
20.135 2100183.027 0.066353595
20.048 2104622.212 0.066265633
0.0 0.0 0.0
0.0 0.0 0.0
0.0 0.0 0.0
0.0 0.0 0.0
0.0 0.0 0.0
0.0 0.0 0.0
0.0 0.0 0.0
0.0 0.0 0.0
0.0 0.0 0.0
0.0 0.0 0.0
0.0 0.0 0.0
0.0 0.0 0.0
0.0 0.0 0.0
0.0 0.0 0.0
0.0 0.0 0.0
0.0 0.0 0.0
0.0 0.0 0.0
0.0 0.0 0.0
0.0 0.0 0.0
0.0 0.0 0.0
0.0 0.0 0.0
0.0 0.0 0.0
0.0 0.0 0.0
0.0 0.0 0.0
0.0 0.0 0.0
0.0 0.0 0.0
0.0 0.0 0.0
0.0 0.0 0.0
0.0 0.0 0.0
0.0 0.0 0.0
0.0 0.0 0.0
0.0 0.0 0.0
0.0 0.0 0.0
0.0 0.0 0.0
0.0 0.0 0.0
0.0 0.0 0.0
0.0 0.0 0.0
0.0 0.0 0.0
0.0 0.0 0.0
0.0 0.0 0.0
0.0 0.0 0.0
0.0 0.0 0.0
0.0 0.0 0.0
0.0 0.0 0.0
0.0 0.0 0.0
0.0 0.0 0.0
0.0 0.0 0.0
0.0 0.0 0.0
0.0 0.0 0.0
0.0 0.0 0.0
0.0 0.0 0.0
0.0 0.0 0.0
0.0 0.0 0.0
0.0 0.0 0.0
0.0 0.0 0.0
0.0 0.0 0.0
0.0 0.0 0.0
0.0 0.0 0.0
0.0 0.0 0.0
0.0 0.0 0.0
0.0 0.0 0.0
0.0 0.0 0.0
0.0 0.0 0.0
0.0 0.0 0.0
0.0 0.0 0.0
0.0 0.0 0.0
0.0 0.0 0.0
0.0 0.0 0.0
0.0 0.0 0.0
0.0 0.0 0.0
0.0 0.0 0.0
0.0 0.0 0.0
0.0 0.0 0.0
0.0 0.0 0.0
0.0 0.0 0.0
0.0 0.0 0.0
0.0 0.0 0.0
0.0 0.0 0.0
0.0 0.0 0.0
0.0 0.0 0.0
0.0 0.0 0.0
0.0 0.0 0.0
0.0 0.0 0.0
0.0 0.0 0.0
0.0 0.0 0.0
0.0 0.0 0.0
0.0 0.0 0.0
0.0 0.0 0.0
0.0 0.0 0.0
0.0 0.0 0.0
0.0 0.0 0.0
0.0 0.0 0.0
0.0 0.0 0.0
0.0 0.0 0.0
0.0 0.0 0.0
0.0 0.0 0.0
0.0 0.0 0.0
0.0 0.0 0.0
0.0 0.0 0.0
0.0 0.0 0.0
0.0 0.0 0.0
0.0 0.0 0.0
0.0 0.0 0.0
0.0 0.0 0.0
0.0 0.0 0.0
0.0 0.0 0.0
0.0 0.0 0.0
0.0 0.0 0.0
0.0 0.0 0.0
0.0 0.0 0.0
0.0 0.0 0.0
0.0 0.0 0.0
0.0 0.0 0.0
0.0 0.0 0.0
0.0 0.0 0.0
0.0 0.0 0.0
0.0 0.0 0.0
0.0 0.0 0.0
0.0 0.0 0.0
0.0 0.0 0.0
0.0 0.0 0.0
0.0 0.0 0.0
0.0 0.0 0.0
0.0 0.0 0.0
0.0 0.0 0.0
0.0 0.0 0.0
0.0 0.0 0.0
0.0 0.0 0.0
0.0 0.0 0.0
0.0 0.0 0.0
0.0 0.0 0.0
0.0 0.0 0.0
0.0 0.0 0.0
0.0 0.0 0.0
0.0 0.0 0.0
0.0 0.0 0.0
0.0 0.0 0.0
0.0 0.0 0.0
0.0 0.0 0.0
0.0 0.0 0.0
0.0 0.0 0.0
0.0 0.0 0.0
0.0 0.0 0.0
0.0 0.0 0.0
0.0 0.0 0.0
0.0 0.0 0.0
0.0 0.0 0.0
0.0 0.0 0.0
0.0 0.0 0.0
0.0 0.0 0.0
0.0 0.0 0.0
0.0 0.0 0.0
0.0 0.0 0.0
0.0 0.0 0.0
0.0 0.0 0.0
0.0 0.0 0.0
0.0 0.0 0.0
0.0 0.0 0.0
0.0 0.0 0.0
0.0 0.0 0.0
0.0 0.0 0.0
0.0 0.0 0.0
0.0 0.0 0.0
0.0 0.0 0.0
0.0 0.0 0.0
0.0 0.0 0.0
0.0 0.0 0.0
0.0 0.0 0.0
0.0 0.0 0.0
0.0 0.0 0.0
0.0 0.0 0.0
0.0 0.0 0.0
0.0 0.0 0.0
0.0 0.0 0.0
0.0 0.0 0.0
0.0 0.0 0.0
0.0 0.0 0.0
0.0 0.0 0.0
0.0 0.0 0.0
0.0 0.0 0.0
0.0 0.0 0.0
0.0 0.0 0.0
0.0 0.0 0.0
0.0 0.0 0.0
0.0 0.0 0.0
0.0 0.0 0.0
0.0 0.0 0.0
0.0 0.0 0.0
0.0 0.0 0.0
0.0 0.0 0.0
0.0 0.0 0.0
0.0 0.0 0.0
0.0 0.0 0.0
0.0 0.0 0.0
0.0 0.0 0.0
0.0 0.0 0.0
0.0 0.0 0.0
0.0 0.0 0.0
0.0 0.0 0.0
0.0 0.0 0.0
0.0 0.0 0.0
0.0 0.0 0.0
0.0 0.0 0.0
0.0 0.0 0.0
0.0 0.0 0.0
0.0 0.0 0.0
0.0 0.0 0.0
0.0 0.0 0.0
0.0 0.0 0.0
0.0 0.0 0.0
0.0 0.0 0.0
0.0 0.0 0.0
0.0 0.0 0.0
0.0 0.0 0.0
0.0 0.0 0.0
0.0 0.0 0.0
0.0 0.0 0.0
0.0 0.0 0.0
0.0 0.0 0.0
0.0 0.0 0.0
0.0 0.0 0.0
0.0 0.0 0.0
0.0 0.0 0.0
0.0 0.0 0.0
0.0 0.0 0.0
0.0 0.0 0.0
0.0 0.0 0.0
0.0 0.0 0.0
0.0 0.0 0.0
0.0 0.0 0.0
0.0 0.0 0.0
0.0 0.0 0.0
0.0 0.0 0.0
0.0 0.0 0.0
0.0 0.0 0.0
0.0 0.0 0.0
0.0 0.0 0.0
0.0 0.0 0.0
0.0 0.0 0.0
0.0 0.0 0.0
0.0 0.0 0.0
0.0 0.0 0.0
0.0 0.0 0.0
0.0 0.0 0.0
0.0 0.0 0.0
0.0 0.0 0.0
0.0 0.0 0.0
0.0 0.0 0.0
0.0 0.0 0.0
0.0 0.0 0.0
0.0 0.0 0.0
0.0 0.0 0.0
0.0 0.0 0.0
0.0 0.0 0.0
0.0 0.0 0.0
0.0 0.0 0.0
0.0 0.0 0.0
0.0 0.0 0.0
0.0 0.0 0.0
0.0 0.0 0.0
0.0 0.0 0.0
0.0 0.0 0.0
0.0 0.0 0.0
0.0 0.0 0.0
0.0 0.0 0.0
0.0 0.0 0.0
0.0 0.0 0.0
0.0 0.0 0.0
0.0 0.0 0.0
0.0 0.0 0.0
0.0 0.0 0.0
0.0 0.0 0.0
0.0 0.0 0.0
0.0 0.0 0.0
0.0 0.0 0.0
0.0 0.0 0.0
0.0 0.0 0.0
0.0 0.0 0.0
0.0 0.0 0.0
0.0 0.0 0.0
0.0 0.0 0.0
0.0 0.0 0.0
0.0 0.0 0.0
0.0 0.0 0.0
0.0 0.0 0.0
0.0 0.0 0.0
0.0 0.0 0.0
0.0 0.0 0.0
0.0 0.0 0.0
0.0 0.0 0.0
0.0 0.0 0.0
0.0 0.0 0.0
0.0 0.0 0.0
0.0 0.0 0.0
0.0 0.0 0.0
0.0 0.0 0.0
0.0 0.0 0.0
0.0 0.0 0.0
0.0 0.0 0.0
0.0 0.0 0.0
0.0 0.0 0.0
0.0 0.0 0.0
0.0 0.0 0.0
0.0 0.0 0.0
0.0 0.0 0.0
0.0 0.0 0.0
0.0 0.0 0.0
0.0 0.0 0.0
0.0 0.0 0.0
0.0 0.0 0.0
0.0 0.0 0.0
0.0 0.0 0.0
0.0 0.0 0.0
0.0 0.0 0.0
0.0 0.0 0.0
0.0 0.0 0.0
0.0 0.0 0.0
0.0 0.0 0.0
0.0 0.0 0.0
0.0 0.0 0.0
0.0 0.0 0.0
0.0 0.0 0.0
0.0 0.0 0.0
0.0 0.0 0.0
0.0 0.0 0.0
0.0 0.0 0.0
0.0 0.0 0.0
0.0 0.0 0.0
0.0 0.0 0.0
0.0 0.0 0.0
0.0 0.0 0.0
0.0 0.0 0.0
0.0 0.0 0.0
0.0 0.0 0.0
0.0 0.0 0.0
0.0 0.0 0.0
0.0 0.0 0.0
0.0 0.0 0.0
0.0 0.0 0.0
0.0 0.0 0.0
0.0 0.0 0.0
0.0 0.0 0.0
0.0 0.0 0.0
0.0 0.0 0.0
0.0 0.0 0.0
0.0 0.0 0.0
0.0 0.0 0.0
0.0 0.0 0.0
0.0 0.0 0.0
0.0 0.0 0.0
0.0 0.0 0.0
0.0 0.0 0.0
0.0 0.0 0.0
0.0 0.0 0.0
0.0 0.0 0.0
0.0 0.0 0.0
0.0 0.0 0.0
0.0 0.0 0.0
0.0 0.0 0.0
0.0 0.0 0.0
0.0 0.0 0.0
0.0 0.0 0.0
0.0 0.0 0.0
0.0 0.0 0.0
0.0 0.0 0.0
0.0 0.0 0.0
0.0 0.0 0.0
0.0 0.0 0.0
0.0 0.0 0.0
0.0 0.0 0.0
0.0 0.0 0.0
0.0 0.0 0.0
0.0 0.0 0.0
0.0 0.0 0.0
0.0 0.0 0.0
0.0 0.0 0.0
0.0 0.0 0.0
0.0 0.0 0.0
0.0 0.0 0.0
0.0 0.0 0.0
0.0 0.0 0.0
0.0 0.0 0.0
0.0 0.0 0.0
0.0 0.0 0.0
0.0 0.0 0.0
0.0 0.0 0.0
0.0 0.0 0.0
0.0 0.0 0.0
0.0 0.0 0.0
0.0 0.0 0.0
0.0 0.0 0.0
0.0 0.0 0.0
0.0 0.0 0.0
0.0 0.0 0.0
0.0 0.0 0.0
0.0 0.0 0.0
0.0 0.0 0.0
0.0 0.0 0.0
0.0 0.0 0.0
0.0 0.0 0.0
0.0 0.0 0.0
0.0 0.0 0.0
0.0 0.0 0.0
0.0 0.0 0.0
0.0 0.0 0.0
0.0 0.0 0.0
0.0 0.0 0.0
0.0 0.0 0.0
0.0 0.0 0.0
0.0 0.0 0.0
0.0 0.0 0.0
0.0 0.0 0.0
0.0 0.0 0.0
0.0 0.0 0.0
0.0 0.0 0.0
0.0 0.0 0.0
0.0 0.0 0.0
0.0 0.0 0.0
0.0 0.0 0.0
0.0 0.0 0.0
0.0 0.0 0.0
0.0 0.0 0.0
0.0 0.0 0.0
0.0 0.0 0.0
0.0 0.0 0.0
0.0 0.0 0.0
0.0 0.0 0.0
0.0 0.0 0.0
0.0 0.0 0.0
0.0 0.0 0.0
0.0 0.0 0.0
0.0 0.0 0.0
0.0 0.0 0.0
0.0 0.0 0.0
0.0 0.0 0.0
0.0 0.0 0.0
0.0 0.0 0.0
0.0 0.0 0.0
0.0 0.0 0.0
0.0 0.0 0.0
0.0 0.0 0.0
0.0 0.0 0.0
0.0 0.0 0.0
0.0 0.0 0.0
0.0 0.0 0.0
0.0 0.0 0.0
0.0 0.0 0.0
0.0 0.0 0.0
0.0 0.0 0.0
0.0 0.0 0.0
0.0 0.0 0.0
0.0 0.0 0.0
0.0 0.0 0.0
0.0 0.0 0.0
0.0 0.0 0.0
0.0 0.0 0.0
0.0 0.0 0.0
0.0 0.0 0.0
0.0 0.0 0.0
0.0 0.0 0.0
0.0 0.0 0.0
0.0 0.0 0.0
0.0 0.0 0.0
0.0 0.0 0.0
0.0 0.0 0.0
0.0 0.0 0.0
0.0 0.0 0.0
0.0 0.0 0.0
0.0 0.0 0.0
0.0 0.0 0.0
0.0 0.0 0.0
0.0 0.0 0.0
0.0 0.0 0.0
0.0 0.0 0.0
0.0 0.0 0.0
0.0 0.0 0.0
0.0 0.0 0.0
0.0 0.0 0.0
0.0 0.0 0.0
0.0 0.0 0.0
0.0 0.0 0.0
0.0 0.0 0.0
0.0 0.0 0.0
0.0 0.0 0.0
0.0 0.0 0.0
0.0 0.0 0.0
0.0 0.0 0.0
0.0 0.0 0.0
0.0 0.0 0.0
0.0 0.0 0.0
0.0 0.0 0.0
0.0 0.0 0.0
0.0 0.0 0.0
0.0 0.0 0.0
0.0 0.0 0.0
0.0 0.0 0.0
0.0 0.0 0.0
0.0 0.0 0.0
0.0 0.0 0.0
0.0 0.0 0.0
0.0 0.0 0.0
0.0 0.0 0.0
0.0 0.0 0.0
0.0 0.0 0.0
0.0 0.0 0.0
0.0 0.0 0.0
0.0 0.0 0.0
0.0 0.0 0.0
0.0 0.0 0.0
0.0 0.0 0.0
0.0 0.0 0.0
0.0 0.0 0.0
0.0 0.0 0.0
0.0 0.0 0.0
0.0 0.0 0.0
0.0 0.0 0.0
0.0 0.0 0.0
0.0 0.0 0.0
0.0 0.0 0.0
0.0 0.0 0.0
0.0 0.0 0.0
0.0 0.0 0.0
0.0 0.0 0.0
0.0 0.0 0.0
0.0 0.0 0.0
0.0 0.0 0.0
0.0 0.0 0.0
0.0 0.0 0.0
0.0 0.0 0.0
0.0 0.0 0.0
0.0 0.0 0.0
0.0 0.0 0.0
0.0 0.0 0.0
0.0 0.0 0.0
0.0 0.0 0.0
0.0 0.0 0.0
0.0 0.0 0.0
0.0 0.0 0.0
0.0 0.0 0.0
0.0 0.0 0.0
0.0 0.0 0.0
0.0 0.0 0.0
0.0 0.0 0.0
0.0 0.0 0.0
0.0 0.0 0.0
0.0 0.0 0.0
0.0 0.0 0.0
0.0 0.0 0.0
0.0 0.0 0.0
0.0 0.0 0.0
0.0 0.0 0.0
0.0 0.0 0.0
0.0 0.0 0.0
0.0 0.0 0.0
0.0 0.0 0.0
0.0 0.0 0.0
0.0 0.0 0.0
0.0 0.0 0.0
0.0 0.0 0.0
0.0 0.0 0.0
0.0 0.0 0.0
0.0 0.0 0.0
0.0 0.0 0.0
0.0 0.0 0.0
0.0 0.0 0.0
0.0 0.0 0.0
0.0 0.0 0.0
0.0 0.0 0.0
0.0 0.0 0.0
0.0 0.0 0.0
0.0 0.0 0.0
0.0 0.0 0.0
0.0 0.0 0.0
0.0 0.0 0.0
0.0 0.0 0.0
0.0 0.0 0.0
0.0 0.0 0.0
0.0 0.0 0.0
0.0 0.0 0.0
0.0 0.0 0.0
0.0 0.0 0.0
0.0 0.0 0.0
0.0 0.0 0.0
0.0 0.0 0.0
0.0 0.0 0.0
0.0 0.0 0.0
0.0 0.0 0.0
0.0 0.0 0.0
0.0 0.0 0.0
0.0 0.0 0.0
0.0 0.0 0.0
0.0 0.0 0.0
0.0 0.0 0.0
0.0 0.0 0.0
0.0 0.0 0.0
0.0 0.0 0.0
0.0 0.0 0.0
0.0 0.0 0.0
0.0 0.0 0.0
0.0 0.0 0.0
0.0 0.0 0.0
0.0 0.0 0.0
0.0 0.0 0.0
0.0 0.0 0.0
0.0 0.0 0.0
0.0 0.0 0.0
0.0 0.0 0.0
0.0 0.0 0.0
0.0 0.0 0.0
0.0 0.0 0.0
0.0 0.0 0.0
0.0 0.0 0.0
0.0 0.0 0.0
0.0 0.0 0.0
0.0 0.0 0.0
0.0 0.0 0.0
0.0 0.0 0.0
0.0 0.0 0.0
0.0 0.0 0.0
0.0 0.0 0.0
0.0 0.0 0.0
0.0 0.0 0.0
0.0 0.0 0.0
0.0 0.0 0.0
0.0 0.0 0.0
0.0 0.0 0.0
0.0 0.0 0.0
0.0 0.0 0.0
0.0 0.0 0.0
0.0 0.0 0.0
0.0 0.0 0.0
0.0 0.0 0.0
0.0 0.0 0.0
0.0 0.0 0.0
0.0 0.0 0.0
0.0 0.0 0.0
0.0 0.0 0.0
0.0 0.0 0.0
0.0 0.0 0.0
0.0 0.0 0.0
0.0 0.0 0.0
0.0 0.0 0.0
0.0 0.0 0.0
0.0 0.0 0.0
0.0 0.0 0.0
0.0 0.0 0.0
0.0 0.0 0.0
0.0 0.0 0.0
0.0 0.0 0.0
0.0 0.0 0.0
0.0 0.0 0.0
0.0 0.0 0.0
0.0 0.0 0.0
0.0 0.0 0.0
0.0 0.0 0.0
0.0 0.0 0.0
0.0 0.0 0.0
0.0 0.0 0.0
0.0 0.0 0.0
0.0 0.0 0.0
0.0 0.0 0.0
0.0 0.0 0.0
0.0 0.0 0.0
0.0 0.0 0.0
0.0 0.0 0.0
0.0 0.0 0.0
0.0 0.0 0.0
0.0 0.0 0.0
0.0 0.0 0.0
0.0 0.0 0.0
0.0 0.0 0.0
0.0 0.0 0.0
0.0 0.0 0.0
0.0 0.0 0.0
0.0 0.0 0.0
0.0 0.0 0.0
0.0 0.0 0.0
0.0 0.0 0.0
0.0 0.0 0.0
0.0 0.0 0.0
0.0 0.0 0.0
0.0 0.0 0.0
0.0 0.0 0.0
0.0 0.0 0.0
0.0 0.0 0.0
0.0 0.0 0.0
0.0 0.0 0.0
0.0 0.0 0.0
0.0 0.0 0.0
0.0 0.0 0.0
0.0 0.0 0.0
0.0 0.0 0.0
0.0 0.0 0.0
0.0 0.0 0.0
0.0 0.0 0.0
0.0 0.0 0.0
0.0 0.0 0.0
0.0 0.0 0.0
0.0 0.0 0.0
0.0 0.0 0.0
0.0 0.0 0.0
0.0 0.0 0.0
0.0 0.0 0.0
0.0 0.0 0.0
0.0 0.0 0.0
0.0 0.0 0.0
0.0 0.0 0.0
0.0 0.0 0.0
0.0 0.0 0.0
0.0 0.0 0.0
0.0 0.0 0.0
0.0 0.0 0.0
0.0 0.0 0.0
0.0 0.0 0.0
0.0 0.0 0.0
0.0 0.0 0.0
0.0 0.0 0.0
0.0 0.0 0.0
0.0 0.0 0.0
0.0 0.0 0.0
0.0 0.0 0.0
0.0 0.0 0.0
0.0 0.0 0.0
0.0 0.0 0.0
0.0 0.0 0.0
0.0 0.0 0.0
0.0 0.0 0.0
0.0 0.0 0.0
0.0 0.0 0.0
0.0 0.0 0.0
0.0 0.0 0.0
0.0 0.0 0.0
0.0 0.0 0.0
0.0 0.0 0.0
0.0 0.0 0.0
0.0 0.0 0.0
0.0 0.0 0.0
0.0 0.0 0.0
0.0 0.0 0.0
0.0 0.0 0.0
0.0 0.0 0.0
0.0 0.0 0.0
0.0 0.0 0.0
0.0 0.0 0.0
0.0 0.0 0.0
0.0 0.0 0.0
0.0 0.0 0.0
0.0 0.0 0.0
0.0 0.0 0.0
0.0 0.0 0.0
0.0 0.0 0.0
0.0 0.0 0.0
0.0 0.0 0.0
0.0 0.0 0.0
0.0 0.0 0.0
0.0 0.0 0.0
0.0 0.0 0.0
0.0 0.0 0.0
0.0 0.0 0.0
0.0 0.0 0.0
0.0 0.0 0.0
0.0 0.0 0.0
0.0 0.0 0.0
0.0 0.0 0.0
5335921.175 0.008
5323663.440 0.008
5311404.610 0.008
5299144.726 0.008
5286883.832 0.008
5274621.967 0.008
5262359.174 0.008
5250095.497 0.009
5237830.977 0.009
5225565.658 0.009
5213299.584 0.009
5201032.797 0.009
5188765.341 0.009
5176497.262 0.009
5164228.603 0.009
5151959.410 0.009
5139689.727 0.009
5127419.600 0.009
5115149.076 0.009
5102878.199 0.009
5090607.017 0.009
5078335.576 0.009
5066063.924 0.009
5053792.108 0.009
5041520.176 0.009
5029248.176 0.009
5016976.156 0.009
5004704.166 0.009
4992432.254 0.009
4980160.471 0.009
4967888.866 0.009
4955617.490 0.010
4943346.393 0.010
4931075.627 0.010
4918805.243 0.010
4906535.293 0.010
4894265.829 0.010
4881996.903 0.010
4869728.570 0.010
4857460.882 0.010
4845193.894 0.010
4832927.659 0.010
4820662.233 0.010
4808397.671 0.010
4796134.028 0.010
4783871.361 0.010
4771609.725 0.010
4759349.179 0.010
4747089.779 0.010
4734831.583 0.010
4722574.650 0.011
4710319.038 0.011
4698064.807 0.011
4685812.017 0.011
4673560.727 0.011
4661310.999 0.011
4649062.895 0.011
4636816.475 0.011
4624571.802 0.011
4612328.939 0.011
4600087.949 0.011
4587848.897 0.011
4575611.847 0.011
4563376.863 0.011
4551144.012 0.011
4538913.359 0.011
4526684.971 0.011
4514458.916 0.011
4502235.261 0.012
4490014.075 0.012
4477795.426 0.012
4465579.385 0.012
4453366.022 0.012
4441155.408 0.012
4428947.614 0.012
4416742.712 0.012
4404540.776 0.012
4392341.878 0.012
4380146.093 0.012
4367953.496 0.012
4355764.162 0.012
4343578.168 0.012
4331395.589 0.012
4319216.505 0.013
4307040.993 0.013
4294869.133 0.013
4282701.003 0.013
4270536.685 0.013
4258376.260 0.013
4246219.810 0.013
4234067.418 0.013
4221919.167 0.013
4209775.142 0.013
4197635.428 0.013
4185500.112 0.013
4173369.279 0.013
4161243.018 0.014
4149121.418 0.014
4137004.567 0.014
4124892.556 0.014
4112785.476 0.014
4100683.420 0.014
4088586.480 0.014
4076494.750 0.014
4064408.325 0.014
4052327.301 0.014
4040251.774 0.014
4028181.843 0.014
4016117.606 0.014
4004059.163 0.015
3992006.614 0.015
3979960.061 0.015
3967919.608 0.015
3955885.357 0.015
3943857.414 0.015
3931835.884 0.015
3919820.876 0.015
3907812.496 0.015
3895810.855 0.015
3883816.062 0.015
3871828.230 0.016
3859847.471 0.016
3847873.899 0.016
3835907.629 0.016
3823948.779 0.016
3811997.464 0.016
3800053.805 0.016
3788117.922 0.016
3776189.935 0.016
3764269.968 0.016
3752358.145 0.017
3740454.591 0.017
3728559.434 0.017
3716672.800 0.017
3704794.821 0.017
3692925.626 0.017
3681065.349 0.017
3669214.123 0.017
3657372.083 0.017
3645539.367 0.018
3633716.113 0.018
3621902.461 0.018
3610098.552 0.018
3598304.530 0.018
3586520.539 0.018
3574746.725 0.018
3562983.237 0.018
3551230.225 0.018
3539487.839 0.019
3527756.232 0.019
3516035.560 0.019
3504325.979 0.019
3492627.648 0.019
3480940.726 0.019
3469265.376 0.019
3457601.762 0.019
3445950.050 0.020
3434310.406 0.020
3422683.002 0.020
3411068.008 0.020
3399465.599 0.020
3387875.950 0.020
3376299.238 0.020
3364735.644 0.021
3353185.350 0.021
3341648.540 0.021
3330125.400 0.021
3318616.118 0.021
3307120.886 0.021
3295639.896 0.021
3284173.344 0.022
3272721.427 0.022
3261284.345 0.022
3249862.301 0.022
3238455.499 0.022
3227064.147 0.022
3215688.455 0.023
3204328.634 0.023
3192984.901 0.023
3181657.471 0.023
3170346.566 0.023
3159052.407 0.023
3147775.221 0.023
3136515.236 0.024
3125272.682 0.024
3114047.794 0.024
3102840.808 0.024
3091651.964 0.024
3080481.503 0.024
3069329.672 0.025
3058196.719 0.025
3047082.895 0.025
3035988.455 0.025
3024913.657 0.025
3013858.762 0.026
3002824.033 0.026
2991809.737 0.026
2980816.146 0.026
2969843.534 0.026
2958892.177 0.027
2947962.357 0.027
2937054.357 0.027
2926168.465 0.027
2915304.973 0.027
2904464.176 0.028
2893646.370 0.028
2882851.860 0.028
2872080.951 0.028
2861333.952 0.028
2850611.177 0.029
2839912.943 0.029
2829239.572 0.029
2818591.388 0.029
2807968.720 0.029
2797371.903 0.030
2786801.273 0.030
2776257.171 0.030
2765739.944 0.030
2755249.941 0.031
2744787.516 0.031
2734353.028 0.031
2723946.840 0.031
2713569.318 0.031
2703220.835 0.032
2692901.766 0.032
2682612.493 0.032
2672353.400 0.032
2662124.879 0.033
2651927.322 0.033
2641761.131 0.033
2631626.708 0.033
2621524.464 0.034
2611454.812 0.034
2601418.170 0.034
2591414.963 0.034
2581445.619 0.035
2571510.572 0.035
2561610.260 0.035
2551745.129 0.035
2541915.626 0.036
2532122.206 0.036
2522365.329 0.036
2512645.459 0.037
2502963.067 0.037
2493318.627 0.037
2483712.621 0.037
2474145.534 0.038
2464617.858 0.038
2455130.091 0.038
2445682.734 0.039
2436276.296 0.039
2426911.289 0.039
2417588.234 0.039
2408307.653 0.040
2399070.079 0.040
2389876.045 0.040
2380726.094 0.041
2371620.772 0.041
2362560.632 0.041
2353546.232 0.042
2344578.135 0.042
2335656.911 0.042
2326783.134 0.043
2317957.386 0.043
2309180.251 0.043
2300452.322 0.043
2291774.196 0.044
2283146.475 0.044
2274569.768 0.044
2266044.688 0.045
2257571.854 0.045
2249151.890 0.045
2240785.426 0.046
2232473.098 0.046
2224215.545 0.046
2216013.412 0.047
2207867.351 0.047
2199778.016 0.047
2191746.068 0.048
2183772.173 0.048
2175857.001 0.048
2168001.226 0.049
2160205.528 0.049
2152470.591 0.050
2144797.103 0.050
2137185.757 0.050
2129637.250 0.051
2122152.282 0.051
2114731.557 0.051
2107375.786 0.052
2100085.678 0.052
2092861.950 0.052
2085705.320 0.053
2078616.511 0.053
2071596.245 0.053
2064645.252 0.054
2057764.260 0.054
2050954.001 0.054
2044215.211 0.055
2037548.624 0.055
2030954.979 0.055
2024435.015 0.056
2017989.471 0.056
2011619.090 0.056
2005324.612 0.057
1999106.780 0.057
1992966.337 0.057
1986904.024 0.058
1980920.583 0.058
1975016.754 0.059
1969193.277 0.059
1963450.892 0.059
1957790.333 0.060
1952212.335 0.060
1946717.631 0.060
1941306.949 0.060
1935981.017 0.061
1930740.555 0.061
1925586.284 0.061
1920518.917 0.062
1915539.165 0.062
1910647.733 0.062
1905845.319 0.063
1901132.619 0.063
1896510.319 0.063
1891979.101 0.064
1887539.638 0.064
1883192.597 0.064
1878938.638 0.064
1874778.411 0.065
1870712.557 0.065
1866741.709 0.065
1862866.492 0.066
1859087.518 0.066
1855405.390 0.066
1851820.702 0.066
1848334.034 0.067
1844945.956 0.067
1841657.025 0.067
1838467.787 0.067
1835378.774 0.067
1832390.505 0.068
1829503.487 0.068
1826718.210 0.068
1824035.151 0.068
1821454.774 0.068
1818977.526 0.069
1816603.837 0.069
1814334.124 0.069
1812168.788 0.069
1810108.210 0.069
1808152.758 0.069
1806302.781 0.070
1804558.610 0.070
1802920.559 0.070
1801388.925 0.070
1799963.985 0.070
1798645.998 0.070
1797435.206 0.070
1796331.829 0.070
1795336.070 0.070
1794448.112 0.070
1793668.119 0.070
1792996.235 0.071
1792432.584 0.071
1791977.270 0.071
1791630.378 0.071
1791391.973 0.071
1791262.097 0.071
1791240.777 0.071
1791328.015 0.071
1791523.795 0.071
1791828.081 0.071
1792240.817 0.071
1792761.925 0.071
1793391.311 0.070
1794128.856 0.070
1794974.424 0.070
1795927.861 0.070
1796988.990 0.070
1798157.616 0.070
1799433.526 0.070
1800816.486 0.070
1802306.244 0.070
1803902.530 0.070
1805605.054 0.070
1807413.511 0.069
1809327.575 0.069
1811346.903 0.069
1813471.137 0.069
1815699.899 0.069
1818032.796 0.069
1820469.418 0.068
1823009.340 0.068
1825652.122 0.068
1828397.305 0.068
1831244.419 0.068
1834192.978 0.068
1837242.481 0.067
1840392.415 0.067
1843642.253 0.067
1846991.454 0.067
1850439.465 0.066
1853985.722 0.066
1857629.648 0.066
1861370.654 0.066
1865208.142 0.065
1869141.502 0.065
1873170.114 0.065
1877293.350 0.065
1881510.572 0.064
1885821.130 0.064
1890224.371 0.064
1894719.631 0.063
1899306.237 0.063
1903983.513 0.063
1908750.772 0.063
1913607.324 0.062
1918552.471 0.062
1923585.511 0.062
1928705.734 0.061
1933912.429 0.061
1939204.878 0.061
1944582.360 0.060
1950044.150 0.060
1955589.521 0.060
1961217.741 0.059
1966928.077 0.059
1972719.793 0.059
1978592.152 0.058
1984544.414 0.058
1990575.839 0.058
1996685.686 0.057
2002873.212 0.057
2009137.676 0.057
2015478.336 0.056
2021894.449 0.056
2028385.274 0.056
2034950.071 0.055
2041588.100 0.055
2048298.622 0.055
2055080.901 0.054
2061934.202 0.054
2068857.791 0.053
2075850.940 0.053
2082912.918 0.053
2090043.000 0.052
2097240.464 0.052
2104504.590 0.052
2111834.660 0.051
2119229.963 0.051
2126689.787 0.051
2134213.427 0.050
2141800.180 0.050
2149449.349 0.050
2157160.239 0.049
2164932.159 0.049
2172764.425 0.049
2180656.355 0.048
2188607.272 0.048
2196616.505 0.048
2204683.385 0.047
2212807.252 0.047
2220987.446 0.047
2229223.317 0.046
2237514.216 0.046
2245859.500 0.046
2254258.534 0.045
2262710.686 0.045
2271215.328 0.045
2279771.840 0.044
2288379.606 0.044
2297038.016 0.044
2305746.464 0.043
2314504.353 0.043
2323311.087 0.043
2332166.080 0.042
2341068.747 0.042
2350018.512 0.042
2359014.804 0.041
2368057.057 0.041
2377144.711 0.041
2386277.210 0.040
2395454.006 0.040
2404674.555 0.040
2413938.320 0.040
2423244.768 0.039
2432593.372 0.039
2441983.612 0.039
2451414.972 0.038
2460886.941 0.038
2470399.016 0.038
2479950.696 0.038
2489541.489 0.037
2499170.905 0.037
2508838.463 0.037
2518543.685 0.036
2528286.098 0.036
2538065.236 0.036
2547880.638 0.036
2557731.846 0.035
2567618.410 0.035
2577539.884 0.035
2587495.827 0.035
2597485.803 0.034
2607509.382 0.034
2617566.137 0.034
2627655.649 0.034
2637777.501 0.033
2647931.283 0.033
2658116.588 0.033
2668333.015 0.033
2678580.168 0.032
2688857.654 0.032
2699165.087 0.032
2709502.084 0.032
2719868.267 0.031
2730263.263 0.031
2740686.702 0.031
2751138.220 0.031
2761617.458 0.030
2772124.058 0.030
2782657.670 0.030
2793217.946 0.030
2803804.544 0.029
2814417.124 0.029
2825055.351 0.029
2835718.895 0.029
2846407.429 0.029
2857120.631 0.028
2867858.181 0.028
2878619.764 0.028
2889405.070 0.028
2900213.790 0.028
2911045.623 0.027
2921900.266 0.027
2932777.426 0.027
2943676.807 0.027
2954598.123 0.027
2965541.086 0.026
2976505.416 0.026
2987490.832 0.026
2998497.061 0.026
3009523.830 0.026
3020570.871 0.025
3031637.918 0.025
3042724.709 0.025
3053830.986 0.025
3064956.492 0.025
3076100.975 0.025
3087264.185 0.024
3098445.875 0.024
3109645.803 0.024
3120863.727 0.024
3132099.410 0.024
3143352.616 0.024
3154623.114 0.023
3165910.674 0.023
3177215.070 0.023
3188536.078 0.023
3199873.477 0.023
3211227.048 0.023
3222596.575 0.022
3233981.846 0.022
3245382.650 0.022
3256798.777 0.022
3268230.023 0.022
3279676.184 0.022
3291137.059 0.021
3302612.450 0.021
3314102.160 0.021
3325605.996 0.021
3337123.765 0.021
3348655.279 0.021
3360200.351 0.021
3371758.794 0.020
3383330.428 0.020
3394915.070 0.020
3406512.542 0.020
3418122.669 0.020
3429745.274 0.020
3441380.187 0.020
3453027.235 0.020
3464686.252 0.019
3476357.070 0.019
3488039.525 0.019
3499733.453 0.019
3511438.695 0.019
3523155.090 0.019
3534882.482 0.019
3546620.715 0.019
3558369.635 0.018
3570129.090 0.018
3581898.930 0.018
3593679.007 0.018
3605469.172 0.018
3617269.282 0.018
3629079.192 0.018
3640898.759 0.018
3652727.845 0.017
3664566.308 0.017
3676414.013 0.017
3688270.823 0.017
3700136.604 0.017
3712011.222 0.017
3723894.545 0.017
3735786.445 0.017
3747686.792 0.017
3759595.459 0.017
3771512.319 0.016
3783437.249 0.016
3795370.124 0.016
3807310.824 0.016
3819259.226 0.016
3831215.213 0.016
3843178.665 0.016
3855149.466 0.016
3867127.500 0.016
3879112.653 0.016
3891104.811 0.015
3903103.863 0.015
3915109.697 0.015
3927122.204 0.015
3939141.275 0.015
3951166.802 0.015
3963198.680 0.015
3975236.803 0.015
3987281.066 0.015
3999331.366 0.015
4011387.602 0.015
4023449.672 0.014
4035517.477 0.014
4047590.916 0.014
4059669.892 0.014
4071754.307 0.014
4083844.067 0.014
4095939.074 0.014
4108039.236 0.014
4120144.459 0.014
4132254.650 0.014
4144369.717 0.014
4156489.571 0.014
4168614.121 0.013
4180743.279 0.013
4192876.956 0.013
4205015.066 0.013
4217157.521 0.013
4229304.236 0.013
4241455.128 0.013
4253610.111 0.013
4265769.102 0.013
4277932.020 0.013
4290098.782 0.013
4302269.308 0.013
4314443.518 0.013
4326621.332 0.012
4338802.672 0.012
4350987.460 0.012
4363175.619 0.012
4375367.072 0.012
4387561.743 0.012
4399759.558 0.012
4411960.442 0.012
4424164.321 0.012
4436371.122 0.012
4448580.773 0.012
4460793.202 0.012
4473008.338 0.012
4485226.110 0.012
4497446.448 0.012
4509669.284 0.012
4521894.548 0.011
4534122.173 0.011
4546352.090 0.011
4558584.233 0.011
4570818.535 0.011
4583054.932 0.011
4595293.357 0.011
4607533.746 0.011
4619776.034 0.011
4632020.159 0.011
4644266.057 0.011
4656513.666 0.011
4668762.923 0.011
4681013.767 0.011
4693266.137 0.011
4705519.973 0.011
4717775.215 0.011
4730031.803 0.010
4742289.678 0.010
4754548.781 0.010
4766809.055 0.010
4779070.442 0.010
4791332.885 0.010
4803596.327 0.010
4815860.711 0.010
4828125.983 0.010
4840392.086 0.010
4852658.966 0.010
4864926.568 0.010
4877194.839 0.010
4889463.724 0.010
4901733.170 0.010
4914003.124 0.010
4926273.535 0.010
4938544.349 0.010
4950815.516 0.010
4963086.984 0.010
4975358.702 0.009
4987630.619 0.009
4999902.686 0.009
5012174.853 0.009
5024447.070 0.009
5036719.289 0.009
5048991.460 0.009
5061263.536 0.009
5073535.468 0.009
5085807.209 0.009
5098078.711 0.009
5110349.928 0.009
5122620.813 0.009
5134891.320 0.009
5147161.403 0.009
5159431.016 0.009
5171700.113 0.009
5183968.651 0.009
5196236.584 0.009
5208503.867 0.009
5220770.457 0.009
5233036.311 0.009
5245301.384 0.009
5257565.633 0.008
5269829.016 0.008
5282091.489 0.008
5294353.012 0.008
5306613.540 0.008
5318873.034 0.008
5331131.451 0.008
5343388.750 0.008
0.0 0.0 0.0
0.0 0.0 0.0
0.0 0.0 0.0
0.0 0.0 0.0
0.0 0.0 0.0
0.0 0.0 0.0
0.0 0.0 0.0
0.0 0.0 0.0
0.0 0.0 0.0
0.0 0.0 0.0
0.0 0.0 0.0
0.0 0.0 0.0
0.0 0.0 0.0
0.0 0.0 0.0
0.0 0.0 0.0
0.0 0.0 0.0
0.0 0.0 0.0
0.0 0.0 0.0
0.0 0.0 0.0
0.0 0.0 0.0
0.0 0.0 0.0
0.0 0.0 0.0
0.0 0.0 0.0
0.0 0.0 0.0
0.0 0.0 0.0
0.0 0.0 0.0
0.0 0.0 0.0
0.0 0.0 0.0
0.0 0.0 0.0
0.0 0.0 0.0
0.0 0.0 0.0
0.0 0.0 0.0
0.0 0.0 0.0
0.0 0.0 0.0
0.0 0.0 0.0
0.0 0.0 0.0
0.0 0.0 0.0
0.0 0.0 0.0
0.0 0.0 0.0
0.0 0.0 0.0
0.0 0.0 0.0
0.0 0.0 0.0
0.0 0.0 0.0
0.0 0.0 0.0
0.0 0.0 0.0
0.0 0.0 0.0
0.0 0.0 0.0
0.0 0.0 0.0
0.0 0.0 0.0
0.0 0.0 0.0
0.0 0.0 0.0
0.0 0.0 0.0
0.0 0.0 0.0
0.0 0.0 0.0
0.0 0.0 0.0
0.0 0.0 0.0
0.0 0.0 0.0
0.0 0.0 0.0
0.0 0.0 0.0
0.0 0.0 0.0
0.0 0.0 0.0
0.0 0.0 0.0
0.0 0.0 0.0
0.0 0.0 0.0
0.0 0.0 0.0
0.0 0.0 0.0
0.0 0.0 0.0
0.0 0.0 0.0
0.0 0.0 0.0
0.0 0.0 0.0
0.0 0.0 0.0
0.0 0.0 0.0
0.0 0.0 0.0
0.0 0.0 0.0
0.0 0.0 0.0
0.0 0.0 0.0
0.0 0.0 0.0
0.0 0.0 0.0
0.0 0.0 0.0
0.0 0.0 0.0
0.0 0.0 0.0
0.0 0.0 0.0
0.0 0.0 0.0
0.0 0.0 0.0
0.0 0.0 0.0
0.0 0.0 0.0
0.0 0.0 0.0
0.0 0.0 0.0
0.0 0.0 0.0
0.0 0.0 0.0
0.0 0.0 0.0
0.0 0.0 0.0
0.0 0.0 0.0
0.0 0.0 0.0
0.0 0.0 0.0
0.0 0.0 0.0
0.0 0.0 0.0
0.0 0.0 0.0
0.0 0.0 0.0
0.0 0.0 0.0
0.0 0.0 0.0
0.0 0.0 0.0
0.0 0.0 0.0
0.0 0.0 0.0
0.0 0.0 0.0
0.0 0.0 0.0
0.0 0.0 0.0
0.0 0.0 0.0
0.0 0.0 0.0
0.0 0.0 0.0
0.0 0.0 0.0
0.0 0.0 0.0
0.0 0.0 0.0
0.0 0.0 0.0
0.0 0.0 0.0
0.0 0.0 0.0
0.0 0.0 0.0
0.0 0.0 0.0
0.0 0.0 0.0
0.0 0.0 0.0
0.0 0.0 0.0
0.0 0.0 0.0
0.0 0.0 0.0
0.0 0.0 0.0
0.0 0.0 0.0
0.0 0.0 0.0
0.0 0.0 0.0
0.0 0.0 0.0
0.0 0.0 0.0
0.0 0.0 0.0
0.0 0.0 0.0
0.0 0.0 0.0
0.0 0.0 0.0
0.0 0.0 0.0
0.0 0.0 0.0
0.0 0.0 0.0
0.0 0.0 0.0
0.0 0.0 0.0
0.0 0.0 0.0
0.0 0.0 0.0
0.0 0.0 0.0
0.0 0.0 0.0
0.0 0.0 0.0
0.0 0.0 0.0
0.0 0.0 0.0
0.0 0.0 0.0
0.0 0.0 0.0
0.0 0.0 0.0
0.0 0.0 0.0
0.0 0.0 0.0
0.0 0.0 0.0
0.0 0.0 0.0
0.0 0.0 0.0
0.0 0.0 0.0
0.0 0.0 0.0
0.0 0.0 0.0
0.0 0.0 0.0
0.0 0.0 0.0
0.0 0.0 0.0
0.0 0.0 0.0
0.0 0.0 0.0
0.0 0.0 0.0
0.0 0.0 0.0
0.0 0.0 0.0
0.0 0.0 0.0
0.0 0.0 0.0
0.0 0.0 0.0
0.0 0.0 0.0
0.0 0.0 0.0
0.0 0.0 0.0
0.0 0.0 0.0
0.0 0.0 0.0
0.0 0.0 0.0
0.0 0.0 0.0
0.0 0.0 0.0
0.0 0.0 0.0
0.0 0.0 0.0
0.0 0.0 0.0
0.0 0.0 0.0
0.0 0.0 0.0
0.0 0.0 0.0
0.0 0.0 0.0
0.0 0.0 0.0
0.0 0.0 0.0
0.0 0.0 0.0
0.0 0.0 0.0
0.0 0.0 0.0
0.0 0.0 0.0
0.0 0.0 0.0
0.0 0.0 0.0
0.0 0.0 0.0
0.0 0.0 0.0
0.0 0.0 0.0
0.0 0.0 0.0
0.0 0.0 0.0
0.0 0.0 0.0
0.0 0.0 0.0
0.0 0.0 0.0
0.0 0.0 0.0
0.0 0.0 0.0
0.0 0.0 0.0
0.0 0.0 0.0
0.0 0.0 0.0
0.0 0.0 0.0
0.0 0.0 0.0
0.0 0.0 0.0
0.0 0.0 0.0
0.0 0.0 0.0
0.0 0.0 0.0
0.0 0.0 0.0
0.0 0.0 0.0
0.0 0.0 0.0
0.0 0.0 0.0
0.0 0.0 0.0
0.0 0.0 0.0
0.0 0.0 0.0
0.0 0.0 0.0
0.0 0.0 0.0
0.0 0.0 0.0
0.0 0.0 0.0
0.0 0.0 0.0
0.0 0.0 0.0
0.0 0.0 0.0
0.0 0.0 0.0
0.0 0.0 0.0
0.0 0.0 0.0
0.0 0.0 0.0
0.0 0.0 0.0
0.0 0.0 0.0
0.0 0.0 0.0
0.0 0.0 0.0
0.0 0.0 0.0
0.0 0.0 0.0
0.0 0.0 0.0
0.0 0.0 0.0
0.0 0.0 0.0
0.0 0.0 0.0
0.0 0.0 0.0
0.0 0.0 0.0
0.0 0.0 0.0
0.0 0.0 0.0
0.0 0.0 0.0
0.0 0.0 0.0
0.0 0.0 0.0
0.0 0.0 0.0
0.0 0.0 0.0
0.0 0.0 0.0
0.0 0.0 0.0
0.0 0.0 0.0
0.0 0.0 0.0
0.0 0.0 0.0
0.0 0.0 0.0
0.0 0.0 0.0
0.0 0.0 0.0
0.0 0.0 0.0
0.0 0.0 0.0
0.0 0.0 0.0
0.0 0.0 0.0
0.0 0.0 0.0
0.0 0.0 0.0
0.0 0.0 0.0
0.0 0.0 0.0
0.0 0.0 0.0
0.0 0.0 0.0
0.0 0.0 0.0
0.0 0.0 0.0
0.0 0.0 0.0
0.0 0.0 0.0
0.0 0.0 0.0
0.0 0.0 0.0
0.0 0.0 0.0
0.0 0.0 0.0
0.0 0.0 0.0
0.0 0.0 0.0
0.0 0.0 0.0
0.0 0.0 0.0
0.0 0.0 0.0
0.0 0.0 0.0
0.0 0.0 0.0
0.0 0.0 0.0
0.0 0.0 0.0
0.0 0.0 0.0
0.0 0.0 0.0
0.0 0.0 0.0
0.0 0.0 0.0
0.0 0.0 0.0
0.0 0.0 0.0
0.0 0.0 0.0
0.0 0.0 0.0
0.0 0.0 0.0
0.0 0.0 0.0
0.0 0.0 0.0
0.0 0.0 0.0
0.0 0.0 0.0
0.0 0.0 0.0
0.0 0.0 0.0
0.0 0.0 0.0
0.0 0.0 0.0
0.0 0.0 0.0
0.0 0.0 0.0
0.0 0.0 0.0
0.0 0.0 0.0
0.0 0.0 0.0
0.0 0.0 0.0
0.0 0.0 0.0
0.0 0.0 0.0
0.0 0.0 0.0
0.0 0.0 0.0
0.0 0.0 0.0
0.0 0.0 0.0
0.0 0.0 0.0
0.0 0.0 0.0
0.0 0.0 0.0
0.0 0.0 0.0
0.0 0.0 0.0
0.0 0.0 0.0
0.0 0.0 0.0
0.0 0.0 0.0
0.0 0.0 0.0
0.0 0.0 0.0
0.0 0.0 0.0
0.0 0.0 0.0
0.0 0.0 0.0
0.0 0.0 0.0
0.0 0.0 0.0
0.0 0.0 0.0
0.0 0.0 0.0
0.0 0.0 0.0
0.0 0.0 0.0
0.0 0.0 0.0
0.0 0.0 0.0
0.0 0.0 0.0
0.0 0.0 0.0
0.0 0.0 0.0
0.0 0.0 0.0
0.0 0.0 0.0
0.0 0.0 0.0
0.0 0.0 0.0
0.0 0.0 0.0
0.0 0.0 0.0
0.0 0.0 0.0
0.0 0.0 0.0
0.0 0.0 0.0
0.0 0.0 0.0
0.0 0.0 0.0
0.0 0.0 0.0
0.0 0.0 0.0
0.0 0.0 0.0
0.0 0.0 0.0
0.0 0.0 0.0
0.0 0.0 0.0
0.0 0.0 0.0
0.0 0.0 0.0
0.0 0.0 0.0
0.0 0.0 0.0
0.0 0.0 0.0
0.0 0.0 0.0
0.0 0.0 0.0
0.0 0.0 0.0
0.0 0.0 0.0
0.0 0.0 0.0
0.0 0.0 0.0
0.0 0.0 0.0
0.0 0.0 0.0
0.0 0.0 0.0
0.0 0.0 0.0
0.0 0.0 0.0
0.0 0.0 0.0
0.0 0.0 0.0
0.0 0.0 0.0
0.0 0.0 0.0
0.0 0.0 0.0
0.0 0.0 0.0
0.0 0.0 0.0
0.0 0.0 0.0
0.0 0.0 0.0
0.0 0.0 0.0
0.0 0.0 0.0
0.0 0.0 0.0
0.0 0.0 0.0
0.0 0.0 0.0
0.0 0.0 0.0
0.0 0.0 0.0
0.0 0.0 0.0
0.0 0.0 0.0
0.0 0.0 0.0
0.0 0.0 0.0
0.0 0.0 0.0
0.0 0.0 0.0
0.0 0.0 0.0
0.0 0.0 0.0
0.0 0.0 0.0
0.0 0.0 0.0
0.0 0.0 0.0
0.0 0.0 0.0
0.0 0.0 0.0
0.0 0.0 0.0
0.0 0.0 0.0
0.0 0.0 0.0
0.0 0.0 0.0
0.0 0.0 0.0
0.0 0.0 0.0
0.0 0.0 0.0
0.0 0.0 0.0
0.0 0.0 0.0
0.0 0.0 0.0
0.0 0.0 0.0
0.0 0.0 0.0
0.0 0.0 0.0
0.0 0.0 0.0
0.0 0.0 0.0
0.0 0.0 0.0
0.0 0.0 0.0
0.0 0.0 0.0
0.0 0.0 0.0
0.0 0.0 0.0
0.0 0.0 0.0
0.0 0.0 0.0
0.0 0.0 0.0
0.0 0.0 0.0
0.0 0.0 0.0
0.0 0.0 0.0
0.0 0.0 0.0
0.0 0.0 0.0
0.0 0.0 0.0
0.0 0.0 0.0
0.0 0.0 0.0
0.0 0.0 0.0
0.0 0.0 0.0
0.0 0.0 0.0
0.0 0.0 0.0
0.0 0.0 0.0
0.0 0.0 0.0
0.0 0.0 0.0
0.0 0.0 0.0
0.0 0.0 0.0
0.0 0.0 0.0
0.0 0.0 0.0
0.0 0.0 0.0
0.0 0.0 0.0
0.0 0.0 0.0
0.0 0.0 0.0
0.0 0.0 0.0
0.0 0.0 0.0
0.0 0.0 0.0
0.0 0.0 0.0
0.0 0.0 0.0
0.0 0.0 0.0
0.0 0.0 0.0
0.0 0.0 0.0
0.0 0.0 0.0
0.0 0.0 0.0
0.0 0.0 0.0
0.0 0.0 0.0
0.0 0.0 0.0
0.0 0.0 0.0
0.0 0.0 0.0
0.0 0.0 0.0
0.0 0.0 0.0
0.0 0.0 0.0
0.0 0.0 0.0
0.0 0.0 0.0
0.0 0.0 0.0
0.0 0.0 0.0
0.0 0.0 0.0
0.0 0.0 0.0
0.0 0.0 0.0
0.0 0.0 0.0
0.0 0.0 0.0
0.0 0.0 0.0
0.0 0.0 0.0
0.0 0.0 0.0
0.0 0.0 0.0
0.0 0.0 0.0
0.0 0.0 0.0
0.0 0.0 0.0
0.0 0.0 0.0
0.0 0.0 0.0
0.0 0.0 0.0
0.0 0.0 0.0
0.0 0.0 0.0
0.0 0.0 0.0
0.0 0.0 0.0
0.0 0.0 0.0
0.0 0.0 0.0
0.0 0.0 0.0
0.0 0.0 0.0
0.0 0.0 0.0
0.0 0.0 0.0
0.0 0.0 0.0
0.0 0.0 0.0
0.0 0.0 0.0
0.0 0.0 0.0
0.0 0.0 0.0
0.0 0.0 0.0
0.0 0.0 0.0
0.0 0.0 0.0
0.0 0.0 0.0
0.0 0.0 0.0
0.0 0.0 0.0
0.0 0.0 0.0
0.0 0.0 0.0
0.0 0.0 0.0
0.0 0.0 0.0
0.0 0.0 0.0
0.0 0.0 0.0
0.0 0.0 0.0
0.0 0.0 0.0
0.0 0.0 0.0
0.0 0.0 0.0
0.0 0.0 0.0
0.0 0.0 0.0
0.0 0.0 0.0
0.0 0.0 0.0
0.0 0.0 0.0
0.0 0.0 0.0
0.0 0.0 0.0
0.0 0.0 0.0
0.0 0.0 0.0
0.0 0.0 0.0
0.0 0.0 0.0
0.0 0.0 0.0
0.0 0.0 0.0
0.0 0.0 0.0
0.0 0.0 0.0
0.0 0.0 0.0
0.0 0.0 0.0
0.0 0.0 0.0
0.0 0.0 0.0
0.0 0.0 0.0
0.0 0.0 0.0
0.0 0.0 0.0
0.0 0.0 0.0
0.0 0.0 0.0
0.0 0.0 0.0
0.0 0.0 0.0
0.0 0.0 0.0
0.0 0.0 0.0
0.0 0.0 0.0
0.0 0.0 0.0
0.0 0.0 0.0
0.0 0.0 0.0
0.0 0.0 0.0
0.0 0.0 0.0
0.0 0.0 0.0
0.0 0.0 0.0
0.0 0.0 0.0
0.0 0.0 0.0
0.0 0.0 0.0
0.0 0.0 0.0
0.0 0.0 0.0
0.0 0.0 0.0
0.0 0.0 0.0
0.0 0.0 0.0
0.0 0.0 0.0
0.0 0.0 0.0
0.0 0.0 0.0
0.0 0.0 0.0
0.0 0.0 0.0
0.0 0.0 0.0
0.0 0.0 0.0
0.0 0.0 0.0
0.0 0.0 0.0
0.0 0.0 0.0
0.0 0.0 0.0
0.0 0.0 0.0
0.0 0.0 0.0
0.0 0.0 0.0
0.0 0.0 0.0
0.0 0.0 0.0
0.0 0.0 0.0
0.0 0.0 0.0
0.0 0.0 0.0
0.0 0.0 0.0
0.0 0.0 0.0
0.0 0.0 0.0
0.0 0.0 0.0
0.0 0.0 0.0
0.0 0.0 0.0
0.0 0.0 0.0
0.0 0.0 0.0
0.0 0.0 0.0
0.0 0.0 0.0
0.0 0.0 0.0
0.0 0.0 0.0
0.0 0.0 0.0
0.0 0.0 0.0
0.0 0.0 0.0
0.0 0.0 0.0
0.0 0.0 0.0
0.0 0.0 0.0
0.0 0.0 0.0
0.0 0.0 0.0
0.0 0.0 0.0
0.0 0.0 0.0
0.0 0.0 0.0
0.0 0.0 0.0
0.0 0.0 0.0
0.0 0.0 0.0
0.0 0.0 0.0
0.0 0.0 0.0
0.0 0.0 0.0
0.0 0.0 0.0
0.0 0.0 0.0
0.0 0.0 0.0
0.0 0.0 0.0
0.0 0.0 0.0
0.0 0.0 0.0
0.0 0.0 0.0
0.0 0.0 0.0
0.0 0.0 0.0
0.0 0.0 0.0
0.0 0.0 0.0
0.0 0.0 0.0
0.0 0.0 0.0
0.0 0.0 0.0
0.0 0.0 0.0
0.0 0.0 0.0
0.0 0.0 0.0
0.0 0.0 0.0
0.0 0.0 0.0
0.0 0.0 0.0
0.0 0.0 0.0
0.0 0.0 0.0
0.0 0.0 0.0
0.0 0.0 0.0
0.0 0.0 0.0
0.0 0.0 0.0
0.0 0.0 0.0
0.0 0.0 0.0
0.0 0.0 0.0
0.0 0.0 0.0
0.0 0.0 0.0
0.0 0.0 0.0
0.0 0.0 0.0
0.0 0.0 0.0
0.0 0.0 0.0
0.0 0.0 0.0
0.0 0.0 0.0
0.0 0.0 0.0
0.0 0.0 0.0
0.0 0.0 0.0
0.0 0.0 0.0
0.0 0.0 0.0
0.0 0.0 0.0
0.0 0.0 0.0
0.0 0.0 0.0
0.0 0.0 0.0
0.0 0.0 0.0
0.0 0.0 0.0
0.0 0.0 0.0
0.0 0.0 0.0
0.0 0.0 0.0
0.0 0.0 0.0
0.0 0.0 0.0
0.0 0.0 0.0
0.0 0.0 0.0
0.0 0.0 0.0
0.0 0.0 0.0
0.0 0.0 0.0
0.0 0.0 0.0
0.0 0.0 0.0
0.0 0.0 0.0
0.0 0.0 0.0
0.0 0.0 0.0
0.0 0.0 0.0
0.0 0.0 0.0
0.0 0.0 0.0
0.0 0.0 0.0
0.0 0.0 0.0
0.0 0.0 0.0
0.0 0.0 0.0
0.0 0.0 0.0
0.0 0.0 0.0
0.0 0.0 0.0
0.0 0.0 0.0
0.0 0.0 0.0
0.0 0.0 0.0
0.0 0.0 0.0
0.0 0.0 0.0
0.0 0.0 0.0
0.0 0.0 0.0
0.0 0.0 0.0
0.0 0.0 0.0
0.0 0.0 0.0
0.0 0.0 0.0
0.0 0.0 0.0
0.0 0.0 0.0
0.0 0.0 0.0
0.0 0.0 0.0
0.0 0.0 0.0
0.0 0.0 0.0
0.0 0.0 0.0
0.0 0.0 0.0
0.0 0.0 0.0
0.0 0.0 0.0
0.0 0.0 0.0
0.0 0.0 0.0
0.0 0.0 0.0
0.0 0.0 0.0
0.0 0.0 0.0
0.0 0.0 0.0
0.0 0.0 0.0
0.0 0.0 0.0
0.0 0.0 0.0
0.0 0.0 0.0
0.0 0.0 0.0
0.0 0.0 0.0
0.0 0.0 0.0
0.0 0.0 0.0
0.0 0.0 0.0
0.0 0.0 0.0
0.0 0.0 0.0
0.0 0.0 0.0
0.0 0.0 0.0
0.0 0.0 0.0
0.0 0.0 0.0
0.0 0.0 0.0
0.0 0.0 0.0
0.0 0.0 0.0
0.0 0.0 0.0
0.0 0.0 0.0
0.0 0.0 0.0
0.0 0.0 0.0
0.0 0.0 0.0
0.0 0.0 0.0
0.0 0.0 0.0
0.0 0.0 0.0
0.0 0.0 0.0
0.0 0.0 0.0
0.0 0.0 0.0
0.0 0.0 0.0
0.0 0.0 0.0
0.0 0.0 0.0
0.0 0.0 0.0
0.0 0.0 0.0
0.0 0.0 0.0
0.0 0.0 0.0
0.0 0.0 0.0
0.0 0.0 0.0
0.0 0.0 0.0
0.0 0.0 0.0
0.0 0.0 0.0
0.0 0.0 0.0
0.0 0.0 0.0
0.0 0.0 0.0
0.0 0.0 0.0
0.0 0.0 0.0
0.0 0.0 0.0
0.0 0.0 0.0
0.0 0.0 0.0
0.0 0.0 0.0
0.0 0.0 0.0
0.0 0.0 0.0
0.0 0.0 0.0
0.0 0.0 0.0
0.0 0.0 0.0
0.0 0.0 0.0
0.0 0.0 0.0
0.0 0.0 0.0
0.0 0.0 0.0
0.0 0.0 0.0
20.003 2112152.254 0.065962123
20.106 2106903.627 0.066064074
20.209 2101665.258 0.066167407
20.311 2096437.230 0.066272119
20.415 2091219.627 0.066378205
20.518 2086012.532 0.066485663
20.622 2080816.031 0.066594488
20.726 2075630.210 0.066704676
20.830 2070455.155 0.066816224
20.935 2065290.952 0.066929128
21.039 2060137.689 0.067043383
21.144 2054995.454 0.067158987
21.250 2049864.337 0.067275934
21.355 2044744.427 0.067394222
21.461 2039635.815 0.067513846
21.567 2034538.591 0.067634802
21.673 2029452.847 0.067757086
21.780 2024378.675 0.067880694
21.886 2019316.169 0.068005622
21.993 2014265.423 0.068131865
22.101 2009226.531 0.068259420
22.208 2004199.588 0.068388281
22.316 1999184.690 0.068518444
22.424 1994181.934 0.068649905
22.532 1989191.418 0.068782659
22.640 1984213.239 0.068916702
22.749 1979247.497 0.069052028
22.858 1974294.290 0.069188632
22.967 1969353.720 0.069326511
23.076 1964425.888 0.069465658
23.186 1959510.895 0.069606069
23.296 1954608.844 0.069747738
23.406 1949719.838 0.069890659
23.516 1944843.981 0.070034828
23.627 1939981.379 0.070180238
23.737 1935132.136 0.070326884
23.848 1930296.359 0.070474759
23.960 1925474.156 0.070623859
24.071 1920665.633 0.070774176
24.183 1915870.900 0.070925704
24.294 1911090.066 0.071078437
24.406 1906323.242 0.071232368
24.519 1901570.537 0.071387490
24.631 1896832.064 0.071543797
24.744 1892107.936 0.071701280
24.857 1887398.265 0.071859933
24.970 1882703.165 0.072019749
25.083 1878022.752 0.072180719
25.197 1873357.141 0.072342836
25.310 1868706.447 0.072506091
25.424 1864070.789 0.072670477
25.538 1859450.284 0.072835985
25.652 1854845.051 0.073002606
25.767 1850255.209 0.073170331
25.881 1845680.879 0.073339152
25.996 1841122.181 0.073509058
26.111 1836579.237 0.073680041
26.226 1832052.170 0.073852091
26.341 1827541.103 0.074025197
26.457 1823046.160 0.074199349
26.572 1818567.466 0.074374537
26.688 1814105.147 0.074550751
26.804 1809659.328 0.074727978
26.920 1805230.138 0.074906208
27.036 1800817.703 0.075085429
27.152 1796422.153 0.075265630
27.269 1792043.617 0.075446798
27.385 1787682.226 0.075628921
27.502 1783338.109 0.075811987
27.619 1779011.400 0.075995981
27.736 1774702.229 0.076180892
27.853 1770410.731 0.076366706
27.970 1766137.040 0.076553408
28.087 1761881.289 0.076740985
28.204 1757643.615 0.076929423
28.322 1753424.153 0.077118706
28.439 1749223.040 0.077308819
28.557 1745040.414 0.077499747
28.674 1740876.412 0.077691475
28.792 1736731.175 0.077883985
28.910 1732604.840 0.078077262
29.028 1728497.550 0.078271290
29.145 1724409.443 0.078466050
29.263 1720340.664 0.078661526
29.381 1716291.352 0.078857699
29.499 1712261.652 0.079054552
29.617 1708251.707 0.079252066
29.735 1704261.661 0.079450222
29.853 1700291.659 0.079649001
29.971 1696341.847 0.079848383
30.089 1692412.370 0.080048348
30.207 1688503.375 0.080248877
30.324 1684615.010 0.080449947
30.442 1680747.422 0.080651538
30.560 1676900.760 0.080853629
30.678 1673075.173 0.081056197
30.795 1669270.809 0.081259221
30.913 1665487.819 0.081462677
31.030 1661726.355 0.081666543
31.148 1657986.565 0.081870795
31.265 1654268.603 0.082075409
31.382 1650572.619 0.082280360
31.499 1646898.768 0.082485625
31.616 1643247.200 0.082691178
31.733 1639618.070 0.082896994
31.850 1636011.531 0.083103046
31.966 1632427.738 0.083309309
32.083 1628866.844 0.083515756
32.199 1625329.005 0.083722359
32.315 1621814.375 0.083929091
32.431 1618323.111 0.084135925
32.546 1614855.367 0.084342832
32.661 1611411.301 0.084549783
32.777 1607991.068 0.084756750
32.891 1604594.824 0.084963702
33.006 1601222.728 0.085170610
33.120 1597874.934 0.085377443
33.234 1594551.602 0.085584171
33.348 1591252.887 0.085790764
33.461 1587978.948 0.085997188
33.575 1584729.942 0.086203413
33.687 1581506.027 0.086409407
33.800 1578307.359 0.086615136
33.912 1575134.098 0.086820568
34.023 1571986.401 0.087025670
34.135 1568864.424 0.087230408
34.246 1565768.327 0.087434748
34.356 1562698.267 0.087638655
34.466 1559654.401 0.087842095
34.576 1556636.887 0.088045033
34.685 1553645.881 0.088247433
34.793 1550681.542 0.088449260
34.902 1547744.025 0.088650478
35.009 1544833.488 0.088851050
35.116 1541950.087 0.089050941
35.223 1539093.978 0.089250112
35.329 1536265.316 0.089448527
35.435 1533464.258 0.089646149
35.540 1530690.957 0.089842939
35.644 1527945.570 0.090038860
35.748 1525228.249 0.090233874
35.851 1522539.149 0.090427942
35.953 1519878.422 0.090621026
36.055 1517246.221 0.090813086
36.156 1514642.699 0.091004085
36.256 1512068.007 0.091193982
36.356 1509522.295 0.091382738
36.455 1507005.713 0.091570314
36.553 1504518.412 0.091756671
36.651 1502060.538 0.091941767
36.748 1499632.241 0.092125565
36.843 1497233.668 0.092308023
36.939 1494864.963 0.092489101
37.033 1492526.273 0.092668760
37.126 1490217.742 0.092846960
37.219 1487939.513 0.093023659
37.310 1485691.729 0.093198819
37.401 1483474.531 0.093372398
37.491 1481288.058 0.093544357
37.580 1479132.450 0.093714655
37.668 1477007.846 0.093883252
37.755 1474914.381 0.094050109
37.841 1472852.191 0.094215185
37.926 1470821.410 0.094378441
38.010 1468822.172 0.094539837
38.093 1466854.608 0.094699333
38.175 1464918.848 0.094856891
38.256 1463015.020 0.095012470
38.336 1461143.253 0.095166032
38.414 1459303.672 0.095317538
38.492 1457496.401 0.095466950
38.568 1455721.564 0.095614229
38.643 1453979.280 0.095759337
38.717 1452269.671 0.095902238
38.790 1450592.853 0.096042893
38.862 1448948.942 0.096181265
38.932 1447338.054 0.096317318
39.002 1445760.300 0.096451016
39.069 1444215.792 0.096582322
39.136 1442704.637 0.096711202
39.202 1441226.944 0.096837620
39.266 1439782.817 0.096961543
39.328 1438372.360 0.097082935
39.390 1436995.673 0.097201764
39.450 1435652.856 0.097317997
39.509 1434344.005 0.097431601
39.566 1433069.216 0.097542544
39.622 1431828.581 0.097650795
39.676 1430622.192 0.097756324
39.729 1429450.135 0.097859101
39.781 1428312.499 0.097959095
39.831 1427209.366 0.098056279
39.880 1426140.818 0.098150625
39.927 1425106.935 0.098242105
39.973 1424107.794 0.098330692
40.017 1423143.469 0.098416361
40.060 1422214.033 0.098499087
40.101 1421319.556 0.098578845
40.141 1420460.105 0.098655612
40.179 1419635.745 0.098729365
40.216 1418846.539 0.098800082
40.251 1418092.547 0.098867742
40.285 1417373.825 0.098932325
40.316 1416690.430 0.098993811
40.347 1416042.412 0.099052182
40.376 1415429.823 0.099107421
40.403 1414852.709 0.099159510
40.428 1414311.114 0.099208434
40.452 1413805.081 0.099254178
40.474 1413334.649 0.099296727
40.495 1412899.853 0.099336070
40.514 1412500.729 0.099372193
40.531 1412137.307 0.099405087
40.547 1411809.615 0.099434740
40.561 1411517.679 0.099461143
40.573 1411261.522 0.099484288
40.584 1411041.165 0.099504169
40.593 1410856.624 0.099520778
40.600 1410707.915 0.099534111
40.606 1410595.049 0.099544164
40.610 1410518.036 0.099550933
40.612 1410476.881 0.099554416
40.613 1410471.589 0.099554611
40.612 1410502.160 0.099551519
40.609 1410568.593 0.099545141
40.605 1410670.882 0.099535478
40.599 1410809.020 0.099522533
40.591 1410982.998 0.099506310
40.582 1411192.801 0.099486814
40.571 1411438.414 0.099464051
40.558 1411719.819 0.099438026
40.544 1412036.994 0.099408750
40.528 1412389.916 0.099376229
40.510 1412778.557 0.099340474
40.491 1413202.888 0.099301496
40.470 1413662.877 0.099259306
40.448 1414158.489 0.099213917
40.423 1414689.687 0.099165343
40.398 1415256.430 0.099113597
40.370 1415858.675 0.099058697
40.341 1416496.377 0.099000657
40.311 1417169.487 0.098939495
40.278 1417877.956 0.098875230
40.245 1418621.729 0.098807881
40.209 1419400.751 0.098737467
40.172 1420214.964 0.098664009
40.134 1421064.305 0.098587529
40.094 1421948.713 0.098508049
40.052 1422868.120 0.098425593
40.009 1423822.459 0.098340184
39.965 1424811.659 0.098251848
39.919 1425835.647 0.098160609
39.871 1426894.346 0.098066495
39.822 1427987.679 0.097969532
39.772 1429115.566 0.097869748
39.720 1430277.925 0.097767172
39.666 1431474.669 0.097661832
39.612 1432705.713 0.097553759
39.556 1433970.967 0.097442982
39.498 1435270.339 0.097329533
39.439 1436603.737 0.097213443
39.379 1437971.063 0.097094745
39.317 1439372.222 0.096973472
39.254 1440807.112 0.096849656
39.190 1442275.632 0.096723331
39.124 1443777.677 0.096594532
39.058 1445313.144 0.096463294
38.989 1446881.923 0.096329651
38.920 1448483.904 0.096193640
38.849 1450118.978 0.096055296
38.778 1451787.030 0.095914656
38.705 1453487.946 0.095771757
38.630 1455221.609 0.095626636
38.555 1456987.900 0.095479331
38.479 1458786.700 0.095329879
38.401 1460617.886 0.095178318
38.322 1462481.336 0.095024688
38.242 1464376.925 0.094869026
38.161 1466304.526 0.094711372
38.079 1468264.012 0.094551765
37.996 1470255.253 0.094390243
37.912 1472278.119 0.094226847
37.827 1474332.478 0.094061616
37.741 1476418.197 0.093894590
37.654 1478535.140 0.093725809
37.566 1480683.173 0.093555313
37.477 1482862.157 0.093383141
37.387 1485071.956 0.093209334
37.296 1487312.429 0.093033933
37.204 1489583.435 0.092856977
37.112 1491884.835 0.092678506
37.018 1494216.484 0.092498562
36.924 1496578.239 0.092317183
36.829 1498969.957 0.092134410
36.733 1501391.491 0.091950283
36.636 1503842.695 0.091764843
36.539 1506323.422 0.091578128
36.440 1508833.525 0.091390180
36.341 1511372.854 0.091201037
36.242 1513941.259 0.091010739
36.141 1516538.592 0.090819325
36.040 1519164.701 0.090626835
35.938 1521819.434 0.090433309
35.836 1524502.639 0.090238783
35.733 1527214.165 0.090043299
35.629 1529953.857 0.089846893
35.525 1532721.562 0.089649604
35.420 1535517.127 0.089451471
35.315 1538340.395 0.089252530
35.209 1541191.214 0.089052820
35.102 1544069.426 0.088852378
34.995 1546974.877 0.088651240
34.887 1549907.410 0.088449444
34.779 1552866.869 0.088247026
34.671 1555853.099 0.088044022
34.562 1558865.941 0.087840467
34.452 1561905.239 0.087636398
34.342 1564970.836 0.087431849
34.232 1568062.576 0.087226856
34.121 1571180.299 0.087021452
34.010 1574323.850 0.086815672
33.898 1577493.070 0.086609549
33.786 1580687.802 0.086403118
33.674 1583907.889 0.086196411
33.561 1587153.173 0.085989460
33.448 1590423.497 0.085782299
33.335 1593718.703 0.085574959
33.221 1597038.634 0.085367472
33.107 1600383.133 0.085159868
32.993 1603752.043 0.084952180
32.879 1607145.208 0.084744436
32.764 1610562.469 0.084536668
32.649 1614003.672 0.084328904
32.534 1617468.660 0.084121175
32.419 1620957.277 0.083913508
32.303 1624469.367 0.083705932
32.187 1628004.775 0.083498476
32.071 1631563.346 0.083291167
31.955 1635144.925 0.083084032
31.839 1638749.357 0.082877098
31.722 1642376.489 0.082670391
31.606 1646026.167 0.082463938
31.489 1649698.237 0.082257764
31.372 1653392.548 0.082051894
31.255 1657108.945 0.081846353
31.138 1660847.278 0.081641166
31.020 1664607.395 0.081436356
30.903 1668389.145 0.081231947
30.786 1672192.377 0.081027963
30.668 1676016.941 0.080824425
30.551 1679862.688 0.080621358
30.433 1683729.469 0.080418781
30.315 1687617.135 0.080216718
30.198 1691525.538 0.080015190
30.080 1695454.532 0.079814216
29.962 1699403.968 0.079613819
29.845 1703373.702 0.079414017
29.727 1707363.587 0.079214831
29.609 1711373.479 0.079016280
29.491 1715403.232 0.078818383
29.374 1719452.705 0.078621159
29.256 1723521.753 0.078424625
29.138 1727610.233 0.078228801
29.021 1731718.006 0.078033702
28.903 1735844.928 0.077839347
28.786 1739990.860 0.077645753
28.668 1744155.662 0.077452935
28.551 1748339.194 0.077260910
28.434 1752541.319 0.077069695
28.316 1756761.900 0.076879303
28.199 1761000.798 0.076689751
28.082 1765257.877 0.076501054
27.965 1769533.003 0.076313225
27.848 1773826.039 0.076126279
27.731 1778136.853 0.075940231
27.615 1782465.311 0.075755093
27.498 1786811.280 0.075570879
27.382 1791174.628 0.075387601
27.265 1795555.225 0.075205274
27.149 1799952.939 0.075023908
27.033 1804367.641 0.074843517
26.917 1808799.203 0.074664111
26.801 1813247.495 0.074485703
26.686 1817712.391 0.074308304
26.570 1822193.765 0.074131925
26.455 1826691.489 0.073956577
26.340 1831205.440 0.073782270
26.224 1835735.493 0.073609015
26.110 1840281.524 0.073436822
25.995 1844843.411 0.073265700
25.880 1849421.031 0.073095659
25.766 1854014.263 0.072926708
25.652 1858622.988 0.072758857
25.538 1863247.084 0.072592115
25.424 1867886.434 0.072426490
25.310 1872540.919 0.072261990
25.197 1877210.422 0.072098625
25.084 1881894.826 0.071936401
24.971 1886594.016 0.071775327
24.858 1891307.876 0.071615411
24.745 1896036.292 0.071456660
24.633 1900779.151 0.071299081
24.520 1905536.340 0.071142682
24.408 1910307.746 0.070987470
24.296 1915093.260 0.070833451
24.185 1919892.770 0.070680632
24.073 1924706.166 0.070529019
23.962 1929533.341 0.070378619
23.851 1934374.185 0.070229438
23.741 1939228.592 0.070081483
23.630 1944096.454 0.069934758
23.520 1948977.666 0.069789270
23.410 1953872.124 0.069645024
23.300 1958779.721 0.069502026
23.190 1963700.356 0.069360282
23.081 1968633.925 0.069219796
22.972 1973580.325 0.069080574
22.863 1978539.457 0.068942620
22.754 1983511.218 0.068805940
22.645 1988495.510 0.068670539
22.537 1993492.232 0.068536420
22.429 1998501.287 0.068403590
22.322 2003522.577 0.068272052
22.214 2008556.006 0.068141812
22.107 2013601.475 0.068012872
22.000 2018658.891 0.067885239
21.893 2023728.159 0.067758915
21.786 2028809.184 0.067633905
21.680 2033901.872 0.067510214
21.574 2039006.132 0.067387845
21.468 2044121.872 0.067266802
21.363 2049248.999 0.067147090
21.257 2054387.424 0.067028712
21.152 2059537.056 0.066911672
21.048 2064697.806 0.066795974
20.943 2069869.587 0.066681621
20.839 2075052.309 0.066568618
20.735 2080245.886 0.066456969
20.631 2085450.232 0.066346676
20.527 2090665.260 0.066237744
20.424 2095890.885 0.066130176
20.321 2101127.023 0.066023976
20.218 2106373.590 0.065919148
20.115 2111630.503 0.065815695
20.013 2116897.679 0.065713621
