20.042 2109607.605 0.066027487
20.085 2107417.871 0.066070611
20.127 2105245.769 0.066113662
20.169 2103091.356 0.066156632
20.211 2100954.685 0.066199515
20.252 2098835.814 0.066242304
20.293 2096734.798 0.066284991
20.334 2094651.690 0.066327569
20.375 2092586.548 0.066370031
20.415 2090539.424 0.066412370
20.455 2088510.373 0.066454579
20.494 2086499.450 0.066496651
20.534 2084506.707 0.066538578
20.573 2082532.198 0.066580354
20.612 2080575.978 0.066621972
20.650 2078638.097 0.066663424
20.688 2076718.609 0.066704704
20.726 2074817.566 0.066745804
20.764 2072935.020 0.066786718
20.801 2071071.022 0.066827438
20.838 2069225.624 0.066867959
20.875 2067398.877 0.066908272
20.911 2065590.831 0.066948372
20.947 2063801.536 0.066988251
20.983 2062031.042 0.067027903
21.018 2060279.399 0.067067320
21.053 2058546.655 0.067106496
21.088 2056832.861 0.067145425
21.122 2055138.063 0.067184100
21.156 2053462.310 0.067222514
21.190 2051805.649 0.067260660
21.223 2050168.128 0.067298533
21.256 2048549.794 0.067336125
21.288 2046950.692 0.067373430
21.321 2045370.869 0.067410441
21.353 2043810.370 0.067447154
21.384 2042269.241 0.067483560
21.415 2040747.526 0.067519653
21.446 2039245.269 0.067555429
21.477 2037762.514 0.067590879
21.507 2036299.305 0.067625999
21.537 2034855.684 0.067660781
21.566 2033431.694 0.067695221
21.595 2032027.377 0.067729312
21.624 2030642.773 0.067763047
21.652 2029277.925 0.067796422
21.680 2027932.873 0.067829431
21.707 2026607.656 0.067862066
21.734 2025302.315 0.067894324
21.761 2024016.888 0.067926198
21.787 2022751.414 0.067957683
21.813 2021505.930 0.067988773
21.839 2020280.475 0.068019462
21.864 2019075.084 0.068049746
21.889 2017889.796 0.068079619
21.913 2016724.645 0.068109075
21.937 2015579.667 0.068138110
21.961 2014454.897 0.068166718
21.984 2013350.368 0.068194895
22.006 2012266.115 0.068222634
22.029 2011202.171 0.068249932
22.051 2010158.569 0.068276784
22.072 2009135.340 0.068303185
22.093 2008132.515 0.068329129
22.114 2007150.127 0.068354613
22.134 2006188.204 0.068379632
22.154 2005246.777 0.068404181
22.174 2004325.875 0.068428257
22.193 2003425.526 0.068451854
22.211 2002545.758 0.068474969
22.229 2001686.599 0.068497597
22.247 2000848.075 0.068519735
22.264 2000030.212 0.068541378
22.281 1999233.036 0.068562523
22.298 1998456.571 0.068583166
22.314 1997700.842 0.068603303
22.329 1996965.873 0.068622930
22.344 1996251.685 0.068642044
22.359 1995558.302 0.068660642
22.373 1994885.746 0.068678720
22.387 1994234.037 0.068696275
22.400 1993603.195 0.068713303
22.413 1992993.241 0.068729803
22.426 1992404.193 0.068745770
22.438 1991836.070 0.068761203
22.449 1991288.890 0.068776097
22.461 1990762.670 0.068790451
22.471 1990257.426 0.068804262
22.482 1989773.174 0.068817528
22.491 1989309.929 0.068830245
22.501 1988867.706 0.068842413
22.510 1988446.518 0.068854028
22.518 1988046.378 0.068865089
22.526 1987667.300 0.068875593
22.534 1987309.294 0.068885539
22.541 1986972.371 0.068894925
22.547 1986656.543 0.068903750
22.553 1986361.818 0.068912011
22.559 1986088.207 0.068919707
22.564 1985835.716 0.068926838
22.569 1985604.353 0.068933401
22.574 1985394.127 0.068939396
22.577 1985205.042 0.068944821
22.581 1985037.104 0.068949676
22.584 1984890.319 0.068953960
22.586 1984764.690 0.068957672
22.588 1984660.221 0.068960812
22.590 1984576.914 0.068963378
22.591 1984514.772 0.068965371
22.592 1984473.797 0.068966791
22.592 1984453.987 0.068967636
22.592 1984455.345 0.068967908
22.591 1984477.868 0.068967606
22.590 1984521.557 0.068966730
22.588 1984586.407 0.068965280
22.586 1984672.417 0.068963258
22.583 1984779.583 0.068960662
22.580 1984907.902 0.068957495
22.577 1985057.367 0.068953756
22.573 1985227.974 0.068949447
22.569 1985419.715 0.068944567
22.564 1985632.585 0.068939119
22.558 1985866.576 0.068933103
22.553 1986121.679 0.068926521
22.546 1986397.884 0.068919374
22.540 1986695.184 0.068911663
22.533 1987013.566 0.068903389
22.525 1987353.020 0.068894555
22.517 1987713.534 0.068885162
22.508 1988095.095 0.068875212
22.499 1988497.692 0.068864707
22.490 1988921.308 0.068853649
22.480 1989365.931 0.068842040
22.470 1989831.545 0.068829882
22.459 1990318.134 0.068817178
22.448 1990825.682 0.068803929
22.436 1991354.171 0.068790140
22.424 1991903.583 0.068775811
22.412 1992473.901 0.068760947
22.399 1993065.105 0.068745549
22.385 1993677.175 0.068729621
22.371 1994310.091 0.068713166
22.357 1994963.831 0.068696186
22.342 1995638.374 0.068678686
22.327 1996333.697 0.068660667
22.312 1997049.778 0.068642135
22.295 1997786.593 0.068623092
22.279 1998544.117 0.068603541
22.262 1999322.326 0.068583487
22.245 2000121.194 0.068562933
22.227 2000940.695 0.068541883
22.209 2001780.802 0.068520342
22.190 2002641.487 0.068498312
22.171 2003522.723 0.068475798
22.152 2004424.482 0.068452804
22.132 2005346.733 0.068429335
22.111 2006289.447 0.068405394
22.091 2007252.594 0.068380987
22.069 2008236.143 0.068356118
22.048 2009240.062 0.068330791
22.026 2010264.320 0.068305011
22.004 2011308.882 0.068278783
21.981 2012373.717 0.068252111
21.958 2013458.790 0.068225001
21.934 2014564.067 0.068197457
21.910 2015689.513 0.068169485
21.886 2016835.093 0.068141089
21.861 2018000.770 0.068112275
21.836 2019186.508 0.068083048
21.810 2020392.270 0.068053412
21.784 2021618.018 0.068023375
21.758 2022863.714 0.067992941
21.731 2024129.320 0.067962115
21.704 2025414.796 0.067930903
21.676 2026720.103 0.067899311
21.648 2028045.199 0.067867344
21.620 2029390.046 0.067835009
21.591 2030754.602 0.067802310
21.562 2032138.824 0.067769254
21.533 2033542.671 0.067735847
21.503 2034966.101 0.067702095
21.473 2036409.069 0.067668003
21.442 2037871.534 0.067633578
21.412 2039353.450 0.067598826
21.380 2040854.773 0.067563753
21.349 2042375.459 0.067528365
21.317 2043915.462 0.067492668
21.285 2045474.737 0.067456670
21.252 2047053.236 0.067420375
21.219 2048650.915 0.067383791
21.186 2050267.725 0.067346924
21.152 2051903.620 0.067309781
21.118 2053558.551 0.067272367
21.083 2055232.471 0.067234690
21.049 2056925.330 0.067196756
21.014 2058637.080 0.067158572
20.978 2060367.672 0.067120144
20.943 2062117.056 0.067081479
20.907 2063885.181 0.067042584
20.870 2065671.998 0.067003466
20.834 2067477.455 0.066964131
20.797 2069301.501 0.066924586
20.760 2071144.086 0.066884839
20.722 2073005.157 0.066844895
20.684 2074884.661 0.066804762
20.646 2076782.548 0.066764446
20.607 2078698.763 0.066723956
20.569 2080633.253 0.066683297
20.529 2082585.967 0.066642476
20.490 2084556.848 0.066601501
20.450 2086545.845 0.066560379
20.410 2088552.902 0.066519117
20.370 2090577.965 0.066477722
20.330 2092620.979 0.066436200
20.289 2094681.889 0.066394559
20.248 2096760.639 0.066352807
20.206 2098857.175 0.066310950
20.165 2100971.440 0.066268995
20.123 2103103.378 0.066226950
20.080 2105252.934 0.066184822
20.038 2107420.049 0.066142617
0.0 0.0 0.0
0.0 0.0 0.0
0.0 0.0 0.0
0.0 0.0 0.0
0.0 0.0 0.0
0.0 0.0 0.0
0.0 0.0 0.0
0.0 0.0 0.0
0.0 0.0 0.0
0.0 0.0 0.0
0.0 0.0 0.0
0.0 0.0 0.0
0.0 0.0 0.0
0.0 0.0 0.0
0.0 0.0 0.0
0.0 0.0 0.0
0.0 0.0 0.0
0.0 0.0 0.0
0.0 0.0 0.0
0.0 0.0 0.0
0.0 0.0 0.0
0.0 0.0 0.0
0.0 0.0 0.0
0.0 0.0 0.0
0.0 0.0 0.0
0.0 0.0 0.0
0.0 0.0 0.0
0.0 0.0 0.0
0.0 0.0 0.0
0.0 0.0 0.0
0.0 0.0 0.0
0.0 0.0 0.0
0.0 0.0 0.0
0.0 0.0 0.0
0.0 0.0 0.0
0.0 0.0 0.0
0.0 0.0 0.0
0.0 0.0 0.0
0.0 0.0 0.0
0.0 0.0 0.0
0.0 0.0 0.0
0.0 0.0 0.0
0.0 0.0 0.0
0.0 0.0 0.0
0.0 0.0 0.0
0.0 0.0 0.0
0.0 0.0 0.0
0.0 0.0 0.0
0.0 0.0 0.0
0.0 0.0 0.0
0.0 0.0 0.0
0.0 0.0 0.0
0.0 0.0 0.0
0.0 0.0 0.0
0.0 0.0 0.0
0.0 0.0 0.0
0.0 0.0 0.0
0.0 0.0 0.0
0.0 0.0 0.0
0.0 0.0 0.0
0.0 0.0 0.0
0.0 0.0 0.0
0.0 0.0 0.0
0.0 0.0 0.0
0.0 0.0 0.0
0.0 0.0 0.0
0.0 0.0 0.0
0.0 0.0 0.0
0.0 0.0 0.0
0.0 0.0 0.0
0.0 0.0 0.0
0.0 0.0 0.0
0.0 0.0 0.0
0.0 0.0 0.0
0.0 0.0 0.0
0.0 0.0 0.0
0.0 0.0 0.0
0.0 0.0 0.0
0.0 0.0 0.0
0.0 0.0 0.0
0.0 0.0 0.0
0.0 0.0 0.0
0.0 0.0 0.0
0.0 0.0 0.0
0.0 0.0 0.0
0.0 0.0 0.0
0.0 0.0 0.0
0.0 0.0 0.0
0.0 0.0 0.0
0.0 0.0 0.0
0.0 0.0 0.0
0.0 0.0 0.0
0.0 0.0 0.0
0.0 0.0 0.0
0.0 0.0 0.0
0.0 0.0 0.0
0.0 0.0 0.0
0.0 0.0 0.0
0.0 0.0 0.0
0.0 0.0 0.0
0.0 0.0 0.0
0.0 0.0 0.0
0.0 0.0 0.0
0.0 0.0 0.0
0.0 0.0 0.0
0.0 0.0 0.0
0.0 0.0 0.0
0.0 0.0 0.0
0.0 0.0 0.0
0.0 0.0 0.0
0.0 0.0 0.0
0.0 0.0 0.0
0.0 0.0 0.0
0.0 0.0 0.0
0.0 0.0 0.0
0.0 0.0 0.0
0.0 0.0 0.0
0.0 0.0 0.0
0.0 0.0 0.0
0.0 0.0 0.0
0.0 0.0 0.0
0.0 0.0 0.0
0.0 0.0 0.0
0.0 0.0 0.0
0.0 0.0 0.0
0.0 0.0 0.0
0.0 0.0 0.0
0.0 0.0 0.0
0.0 0.0 0.0
0.0 0.0 0.0
0.0 0.0 0.0
0.0 0.0 0.0
0.0 0.0 0.0
0.0 0.0 0.0
0.0 0.0 0.0
0.0 0.0 0.0
0.0 0.0 0.0
0.0 0.0 0.0
0.0 0.0 0.0
0.0 0.0 0.0
0.0 0.0 0.0
0.0 0.0 0.0
0.0 0.0 0.0
0.0 0.0 0.0
0.0 0.0 0.0
0.0 0.0 0.0
0.0 0.0 0.0
0.0 0.0 0.0
0.0 0.0 0.0
0.0 0.0 0.0
0.0 0.0 0.0
0.0 0.0 0.0
0.0 0.0 0.0
0.0 0.0 0.0
0.0 0.0 0.0
0.0 0.0 0.0
0.0 0.0 0.0
0.0 0.0 0.0
0.0 0.0 0.0
0.0 0.0 0.0
0.0 0.0 0.0
0.0 0.0 0.0
0.0 0.0 0.0
0.0 0.0 0.0
0.0 0.0 0.0
0.0 0.0 0.0
0.0 0.0 0.0
0.0 0.0 0.0
0.0 0.0 0.0
0.0 0.0 0.0
0.0 0.0 0.0
0.0 0.0 0.0
0.0 0.0 0.0
0.0 0.0 0.0
0.0 0.0 0.0
0.0 0.0 0.0
0.0 0.0 0.0
0.0 0.0 0.0
0.0 0.0 0.0
0.0 0.0 0.0
0.0 0.0 0.0
0.0 0.0 0.0
0.0 0.0 0.0
0.0 0.0 0.0
0.0 0.0 0.0
0.0 0.0 0.0
0.0 0.0 0.0
0.0 0.0 0.0
0.0 0.0 0.0
0.0 0.0 0.0
0.0 0.0 0.0
0.0 0.0 0.0
0.0 0.0 0.0
0.0 0.0 0.0
0.0 0.0 0.0
0.0 0.0 0.0
0.0 0.0 0.0
0.0 0.0 0.0
0.0 0.0 0.0
0.0 0.0 0.0
0.0 0.0 0.0
0.0 0.0 0.0
0.0 0.0 0.0
0.0 0.0 0.0
0.0 0.0 0.0
0.0 0.0 0.0
0.0 0.0 0.0
0.0 0.0 0.0
0.0 0.0 0.0
0.0 0.0 0.0
0.0 0.0 0.0
0.0 0.0 0.0
0.0 0.0 0.0
0.0 0.0 0.0
0.0 0.0 0.0
0.0 0.0 0.0
0.0 0.0 0.0
0.0 0.0 0.0
0.0 0.0 0.0
0.0 0.0 0.0
0.0 0.0 0.0
0.0 0.0 0.0
0.0 0.0 0.0
0.0 0.0 0.0
0.0 0.0 0.0
0.0 0.0 0.0
0.0 0.0 0.0
0.0 0.0 0.0
0.0 0.0 0.0
0.0 0.0 0.0
0.0 0.0 0.0
0.0 0.0 0.0
0.0 0.0 0.0
0.0 0.0 0.0
0.0 0.0 0.0
0.0 0.0 0.0
0.0 0.0 0.0
0.0 0.0 0.0
0.0 0.0 0.0
0.0 0.0 0.0
0.0 0.0 0.0
0.0 0.0 0.0
0.0 0.0 0.0
0.0 0.0 0.0
0.0 0.0 0.0
0.0 0.0 0.0
0.0 0.0 0.0
0.0 0.0 0.0
0.0 0.0 0.0
0.0 0.0 0.0
0.0 0.0 0.0
0.0 0.0 0.0
0.0 0.0 0.0
0.0 0.0 0.0
0.0 0.0 0.0
0.0 0.0 0.0
0.0 0.0 0.0
0.0 0.0 0.0
0.0 0.0 0.0
0.0 0.0 0.0
0.0 0.0 0.0
0.0 0.0 0.0
0.0 0.0 0.0
0.0 0.0 0.0
0.0 0.0 0.0
0.0 0.0 0.0
0.0 0.0 0.0
0.0 0.0 0.0
0.0 0.0 0.0
0.0 0.0 0.0
0.0 0.0 0.0
0.0 0.0 0.0
0.0 0.0 0.0
0.0 0.0 0.0
0.0 0.0 0.0
0.0 0.0 0.0
0.0 0.0 0.0
0.0 0.0 0.0
5341952.410 0.008
5335990.503 0.008
5330029.215 0.008
5324068.573 0.008
5318108.600 0.008
5312149.325 0.008
5306190.773 0.008
5300232.970 0.008
5294275.942 0.008
5288319.716 0.008
5282364.319 0.008
5276409.776 0.008
5270456.114 0.008
5264503.361 0.008
5258551.542 0.008
5252600.686 0.008
5246650.818 0.009
5240701.966 0.009
5234754.157 0.009
5228807.419 0.009
5222861.778 0.009
5216917.263 0.009
5210973.900 0.009
5205031.718 0.009
5199090.744 0.009
5193151.005 0.009
5187212.531 0.009
5181275.348 0.009
5175339.486 0.009
5169404.971 0.009
5163471.833 0.009
5157540.100 0.009
5151609.801 0.009
5145680.963 0.009
5139753.616 0.009
5133827.789 0.009
5127903.510 0.009
5121980.808 0.009
5116059.712 0.009
5110140.253 0.009
5104222.458 0.009
5098306.357 0.009
5092391.981 0.009
5086479.357 0.009
5080568.517 0.009
5074659.489 0.009
5068752.305 0.009
5062846.993 0.009
5056943.584 0.009
5051042.108 0.009
5045142.595 0.009
5039245.076 0.009
5033349.581 0.009
5027456.141 0.009
5021564.787 0.009
5015675.550 0.009
5009788.460 0.009
5003903.548 0.009
4998020.846 0.009
4992140.384 0.009
4986262.195 0.009
4980386.310 0.009
4974512.760 0.009
4968641.577 0.009
4962772.793 0.010
4956906.440 0.010
4951042.549 0.010
4945181.153 0.010
4939322.284 0.010
4933465.975 0.010
4927612.258 0.010
4921761.165 0.010
4915912.730 0.010
4910066.984 0.010
4904223.962 0.010
4898383.696 0.010
4892546.218 0.010
4886711.563 0.010
4880879.764 0.010
4875050.855 0.010
4869224.868 0.010
4863401.838 0.010
4857581.798 0.010
4851764.783 0.010
4845950.826 0.010
4840139.962 0.010
4834332.225 0.010
4828527.650 0.010
4822726.270 0.010
4816928.122 0.010
4811133.238 0.010
4805341.656 0.010
4799553.408 0.010
4793768.532 0.010
4787987.061 0.010
4782209.031 0.010
4776434.479 0.010
4770663.438 0.010
4764895.946 0.010
4759132.038 0.010
4753371.750 0.010
4747615.119 0.010
4741862.180 0.010
4736112.970 0.010
4730367.525 0.010
4724625.883 0.010
4718888.079 0.011
4713154.151 0.011
4707424.136 0.011
4701698.070 0.011
4695975.992 0.011
4690257.939 0.011
4684543.947 0.011
4678834.055 0.011
4673128.301 0.011
4667426.723 0.011
4661729.358 0.011
4656036.244 0.011
4650347.421 0.011
4644662.926 0.011
4638982.798 0.011
4633307.076 0.011
4627635.799 0.011
4621969.005 0.011
4616306.734 0.011
4610649.024 0.011
4604995.916 0.011
4599347.449 0.011
4593703.662 0.011
4588064.595 0.011
4582430.288 0.011
4576800.782 0.011
4571176.116 0.011
4565556.330 0.011
4559941.465 0.011
4554331.562 0.011
4548726.661 0.011
4543126.804 0.011
4537532.031 0.011
4531942.383 0.011
4526357.902 0.011
4520778.628 0.011
4515204.605 0.011
4509635.872 0.012
4504072.473 0.012
4498514.449 0.012
4492961.841 0.012
4487414.694 0.012
4481873.048 0.012
4476336.946 0.012
4470806.431 0.012
4465281.547 0.012
4459762.334 0.012
4454248.838 0.012
4448741.101 0.012
4443239.166 0.012
4437743.077 0.012
4432252.877 0.012
4426768.611 0.012
4421290.323 0.012
4415818.056 0.012
4410351.854 0.012
4404891.762 0.012
4399437.825 0.012
4393990.088 0.012
4388548.594 0.012
4383113.389 0.012
4377684.518 0.012
4372262.026 0.012
4366845.959 0.012
4361436.363 0.012
4356033.282 0.012
4350636.763 0.012
4345246.851 0.012
4339863.593 0.012
4334487.035 0.012
4329117.224 0.012
4323754.205 0.013
4318398.026 0.013
4313048.734 0.013
4307706.375 0.013
4302370.996 0.013
4297042.645 0.013
4291721.370 0.013
4286407.217 0.013
4281100.235 0.013
4275800.471 0.013
4270507.974 0.013
4265222.791 0.013
4259944.971 0.013
4254674.562 0.013
4249411.613 0.013
4244156.172 0.013
4238908.289 0.013
4233668.013 0.013
4228435.392 0.013
4223210.476 0.013
4217993.314 0.013
4212783.957 0.013
4207582.453 0.013
4202388.853 0.013
4197203.207 0.013
4192025.564 0.013
4186855.976 0.013
4181694.492 0.013
4176541.164 0.013
4171396.042 0.013
4166259.177 0.013
4161130.620 0.014
4156010.423 0.014
4150898.635 0.014
4145795.311 0.014
4140700.499 0.014
4135614.254 0.014
4130536.626 0.014
4125467.667 0.014
4120407.430 0.014
4115355.967 0.014
4110313.330 0.014
4105279.573 0.014
4100254.748 0.014
4095238.907 0.014
4090232.105 0.014
4085234.393 0.014
4080245.826 0.014
4075266.457 0.014
4070296.339 0.014
4065335.526 0.014
4060384.073 0.014
4055442.032 0.014
4050509.459 0.014
4045586.408 0.014
4040672.932 0.014
4035769.087 0.014
4030874.928 0.014
4025990.508 0.014
4021115.883 0.014
4016251.109 0.014
4011396.240 0.015
4006551.331 0.015
4001716.439 0.015
3996891.619 0.015
3992076.926 0.015
3987272.417 0.015
3982478.147 0.015
3977694.173 0.015
3972920.551 0.015
3968157.337 0.015
3963404.588 0.015
3958662.360 0.015
3953930.711 0.015
3949209.696 0.015
3944499.374 0.015
3939799.800 0.015
3935111.034 0.015
3930433.131 0.015
3925766.149 0.015
3921110.146 0.015
3916465.180 0.015
3911831.308 0.015
3907208.588 0.015
3902597.079 0.015
3897996.839 0.015
3893407.925 0.015
3888830.397 0.015
3884264.312 0.015
3879709.730 0.016
3875166.709 0.016
3870635.308 0.016
3866115.586 0.016
3861607.601 0.016
3857111.413 0.016
3852627.082 0.016
3848154.666 0.016
3843694.225 0.016
3839245.819 0.016
3834809.506 0.016
3830385.348 0.016
3825973.402 0.016
3821573.731 0.016
3817186.392 0.016
3812811.448 0.016
3808448.956 0.016
3804098.979 0.016
3799761.576 0.016
3795436.807 0.016
3791124.734 0.016
3786825.416 0.016
3782538.914 0.016
3778265.290 0.016
3774004.603 0.016
3769756.914 0.016
3765522.285 0.016
3761300.777 0.017
3757092.450 0.017
3752897.366 0.017
3748715.585 0.017
3744547.170 0.017
3740392.181 0.017
3736250.679 0.017
3732122.727 0.017
3728008.386 0.017
3723907.716 0.017
3719820.780 0.017
3715747.639 0.017
3711688.356 0.017
3707642.991 0.017
3703611.606 0.017
3699594.263 0.017
3695591.024 0.017
3691601.951 0.017
3687627.106 0.017
3683666.550 0.017
3679720.345 0.017
3675788.554 0.017
3671871.238 0.017
3667968.459 0.017
3664080.280 0.017
3660206.762 0.017
3656347.968 0.017
3652503.959 0.017
3648674.797 0.018
3644860.546 0.018
3641061.265 0.018
3637277.019 0.018
3633507.868 0.018
3629753.874 0.018
3626015.101 0.018
3622291.609 0.018
3618583.461 0.018
3614890.720 0.018
3611213.445 0.018
3607551.701 0.018
3603905.548 0.018
3600275.049 0.018
3596660.266 0.018
3593061.259 0.018
3589478.092 0.018
3585910.826 0.018
3582359.522 0.018
3578824.242 0.018
3575305.048 0.018
3571802.002 0.018
3568315.165 0.018
3564844.598 0.018
3561390.363 0.018
3557952.521 0.018
3554531.133 0.018
3551126.261 0.018
3547737.966 0.019
3544366.308 0.019
3541011.349 0.019
3537673.150 0.019
3534351.771 0.019
3531047.273 0.019
3527759.717 0.019
3524489.163 0.019
3521235.672 0.019
3517999.303 0.019
3514780.118 0.019
3511578.176 0.019
3508393.537 0.019
3505226.260 0.019
3502076.407 0.019
3498944.036 0.019
3495829.207 0.019
3492731.979 0.019
3489652.411 0.019
3486590.562 0.019
3483546.492 0.019
3480520.259 0.019
3477511.922 0.019
3474521.539 0.019
3471549.169 0.019
3468594.869 0.019
3465658.698 0.019
3462740.713 0.019
3459840.972 0.019
3456959.533 0.020
3454096.453 0.020
3451251.788 0.020
3448425.597 0.020
3445617.935 0.020
3442828.859 0.020
3440058.426 0.020
3437306.691 0.020
3434573.710 0.020
3431859.539 0.020
3429164.235 0.020
3426487.850 0.020
3423830.442 0.020
3421192.065 0.020
3418572.772 0.020
3415972.620 0.020
3413391.661 0.020
3410829.949 0.020
3408287.539 0.020
3405764.483 0.020
3403260.834 0.020
3400776.647 0.020
3398311.972 0.020
3395866.862 0.020
3393441.370 0.020
3391035.546 0.020
3388649.444 0.020
3386283.113 0.020
3383936.604 0.020
3381609.969 0.020
3379303.258 0.020
3377016.520 0.020
3374749.805 0.020
3372503.164 0.020
3370276.644 0.021
3368070.294 0.021
3365884.163 0.021
3363718.300 0.021
3361572.752 0.021
3359447.566 0.021
3357342.789 0.021
3355258.469 0.021
3353194.652 0.021
3351151.383 0.021
3349128.710 0.021
3347126.676 0.021
3345145.327 0.021
3343184.708 0.021
3341244.863 0.021
3339325.836 0.021
3337427.670 0.021
3335550.409 0.021
3333694.096 0.021
3331858.773 0.021
3330044.481 0.021
3328251.263 0.021
3326479.159 0.021
3324728.211 0.021
3322998.460 0.021
3321289.944 0.021
3319602.703 0.021
3317936.778 0.021
3316292.205 0.021
3314669.025 0.021
3313067.274 0.021
3311486.991 0.021
3309928.212 0.021
3308390.973 0.021
3306875.312 0.021
3305381.263 0.021
3303908.863 0.021
3302458.145 0.021
3301029.144 0.021
3299621.895 0.021
3298236.430 0.021
3296872.782 0.021
3295530.984 0.021
3294211.069 0.021
3292913.067 0.021
3291637.010 0.021
3290382.928 0.022
3289150.851 0.022
3287940.810 0.022
3286752.833 0.022
3285586.949 0.022
3284443.186 0.022
3283321.571 0.022
3282222.133 0.022
3281144.897 0.022
3280089.890 0.022
3279057.137 0.022
3278046.664 0.022
3277058.495 0.022
3276092.655 0.022
3275149.166 0.022
3274228.052 0.022
3273329.336 0.022
3272453.039 0.022
3271599.184 0.022
3270767.790 0.022
3269958.879 0.022
3269172.471 0.022
3268408.584 0.022
3267667.237 0.022
3266948.450 0.022
3266252.239 0.022
3265578.622 0.022
3264927.616 0.022
3264299.236 0.022
3263693.499 0.022
3263110.418 0.022
3262550.010 0.022
3262012.287 0.022
3261497.263 0.022
3261004.951 0.022
3260535.363 0.022
3260088.510 0.022
3259664.405 0.022
3259263.057 0.022
3258884.476 0.022
3258528.672 0.022
3258195.654 0.022
3257885.430 0.022
3257598.007 0.022
3257333.394 0.022
3257091.596 0.022
3256872.620 0.022
3256676.471 0.022
3256503.154 0.022
3256352.674 0.022
3256225.033 0.022
3256120.236 0.022
3256038.285 0.022
3255979.182 0.022
3255942.928 0.022
3255929.525 0.022
3255938.972 0.022
3255971.270 0.022
3256026.417 0.022
3256104.413 0.022
3256205.255 0.022
3256328.941 0.022
3256475.467 0.022
3256644.831 0.022
3256837.027 0.022
3257052.052 0.022
3257289.899 0.022
3257550.562 0.022
3257834.036 0.022
3258140.313 0.022
3258469.386 0.022
3258821.245 0.022
3259195.883 0.022
3259593.290 0.022
3260013.457 0.022
3260456.372 0.022
3260922.025 0.022
3261410.403 0.022
3261921.496 0.022
3262455.290 0.022
3263011.772 0.022
3263590.928 0.022
3264192.744 0.022
3264817.205 0.022
3265464.295 0.022
3266133.999 0.022
3266826.299 0.022
3267541.179 0.022
3268278.621 0.022
3269038.607 0.022
3269821.118 0.022
3270626.134 0.022
3271453.637 0.022
3272303.605 0.022
3273176.018 0.022
3274070.855 0.022
3274988.092 0.022
3275927.709 0.022
3276889.681 0.022
3277873.986 0.022
3278880.600 0.022
3279909.497 0.022
3280960.653 0.022
3282034.042 0.022
3283129.639 0.022
3284247.416 0.022
3285387.346 0.022
3286549.402 0.022
3287733.557 0.022
3288939.780 0.022
3290168.044 0.022
3291418.318 0.021
3292690.573 0.021
3293984.778 0.021
3295300.902 0.021
3296638.913 0.021
3297998.780 0.021
3299380.470 0.021
3300783.951 0.021
3302209.188 0.021
3303656.148 0.021
3305124.798 0.021
3306615.101 0.021
3308127.023 0.021
3309660.528 0.021
3311215.581 0.021
3312792.144 0.021
3314390.181 0.021
3316009.653 0.021
3317650.525 0.021
3319312.756 0.021
3320996.309 0.021
3322701.145 0.021
3324427.223 0.021
3326174.504 0.021
3327942.948 0.021
3329732.513 0.021
3331543.159 0.021
3333374.845 0.021
3335227.527 0.021
3337101.164 0.021
3338995.714 0.021
3340911.132 0.021
3342847.376 0.021
3344804.402 0.021
3346782.165 0.021
3348780.621 0.021
3350799.724 0.021
3352839.431 0.021
3354899.694 0.021
3356980.467 0.021
3359081.706 0.021
3361203.361 0.021
3363345.388 0.021
3365507.738 0.021
3367690.363 0.021
3369893.215 0.021
3372116.247 0.020
3374359.408 0.020
3376622.651 0.020
3378905.926 0.020
3381209.183 0.020
3383532.372 0.020
3385875.444 0.020
3388238.346 0.020
3390621.030 0.020
3393023.442 0.020
3395445.533 0.020
3397887.250 0.020
3400348.542 0.020
3402829.355 0.020
3405329.638 0.020
3407849.338 0.020
3410388.401 0.020
3412946.775 0.020
3415524.405 0.020
3418121.239 0.020
3420737.222 0.020
3423372.299 0.020
3426026.416 0.020
3428699.519 0.020
3431391.552 0.020
3434102.460 0.020
3436832.188 0.020
3439580.680 0.020
3442347.881 0.020
3445133.733 0.020
3447938.181 0.020
3450761.169 0.020
3453602.639 0.020
3456462.535 0.020
3459340.800 0.019
3462237.376 0.019
3465152.206 0.019
3468085.233 0.019
3471036.398 0.019
3474005.645 0.019
3476992.913 0.019
3479998.146 0.019
3483021.285 0.019
3486062.271 0.019
3489121.046 0.019
3492197.550 0.019
3495291.725 0.019
3498403.511 0.019
3501532.850 0.019
3504679.681 0.019
3507843.945 0.019
3511025.582 0.019
3514224.533 0.019
3517440.737 0.019
3520674.135 0.019
3523924.666 0.019
3527192.271 0.019
3530476.887 0.019
3533778.457 0.019
3537096.917 0.019
3540432.209 0.019
3543784.270 0.019
3547153.041 0.019
3550538.461 0.018
3553940.467 0.018
3557359.000 0.018
3560793.997 0.018
3564245.399 0.018
3567713.143 0.018
3571197.167 0.018
3574697.412 0.018
3578213.814 0.018
3581746.313 0.018
3585294.847 0.018
3588859.355 0.018
3592439.773 0.018
3596036.042 0.018
3599648.099 0.018
3603275.881 0.018
3606919.328 0.018
3610578.378 0.018
3614252.968 0.018
3617943.036 0.018
3621648.521 0.018
3625369.361 0.018
3629105.493 0.018
3632856.856 0.018
3636623.387 0.018
3640405.024 0.018
3644201.706 0.018
3648013.371 0.018
3651839.955 0.017
3655681.398 0.017
3659537.637 0.017
3663408.611 0.017
3667294.256 0.017
3671194.511 0.017
3675109.315 0.017
3679038.604 0.017
3682982.318 0.017
3686940.394 0.017
3690912.770 0.017
3694899.384 0.017
3698900.175 0.017
3702915.080 0.017
3706944.038 0.017
3710986.988 0.017
3715043.866 0.017
3719114.612 0.017
3723199.164 0.017
3727297.460 0.017
3731409.439 0.017
3735535.039 0.017
3739674.199 0.017
3743826.858 0.017
3747992.953 0.017
3752172.424 0.017
3756365.209 0.017
3760571.248 0.017
3764790.479 0.016
3769022.841 0.016
3773268.272 0.016
3777526.713 0.016
3781798.102 0.016
3786082.379 0.016
3790379.482 0.016
3794689.352 0.016
3799011.927 0.016
3803347.147 0.016
3807694.952 0.016
3812055.281 0.016
3816428.074 0.016
3820813.271 0.016
3825210.811 0.016
3829620.636 0.016
3834042.684 0.016
3838476.897 0.016
3842923.214 0.016
3847381.575 0.016
3851851.922 0.016
3856334.195 0.016
3860828.334 0.016
3865334.281 0.016
3869851.975 0.016
3874381.359 0.016
3878922.372 0.016
3883474.957 0.015
3888039.054 0.015
3892614.606 0.015
3897201.552 0.015
3901799.836 0.015
3906409.398 0.015
3911030.181 0.015
3915662.126 0.015
3920305.176 0.015
3924959.272 0.015
3929624.357 0.015
3934300.373 0.015
3938987.264 0.015
3943684.970 0.015
3948393.436 0.015
3953112.603 0.015
3957842.415 0.015
3962582.816 0.015
3967333.748 0.015
3972095.154 0.015
3976866.978 0.015
3981649.164 0.015
3986441.655 0.015
3991244.396 0.015
3996057.329 0.015
4000880.400 0.015
4005713.553 0.015
4010556.731 0.015
4015409.879 0.014
4020272.943 0.014
4025145.866 0.014
4030028.594 0.014
4034921.071 0.014
4039823.243 0.014
4044735.056 0.014
4049656.453 0.014
4054587.382 0.014
4059527.787 0.014
4064477.614 0.014
4069436.811 0.014
4074405.321 0.014
4079383.093 0.014
4084370.071 0.014
4089366.203 0.014
4094371.436 0.014
4099385.715 0.014
4104408.989 0.014
4109441.204 0.014
4114482.307 0.014
4119532.245 0.014
4124590.967 0.014
4129658.420 0.014
4134734.551 0.014
4139819.308 0.014
4144912.640 0.014
4150014.495 0.014
4155124.820 0.014
4160243.565 0.014
4165370.679 0.013
4170506.109 0.013
4175649.805 0.013
4180801.716 0.013
4185961.792 0.013
4191129.980 0.013
4196306.232 0.013
4201490.496 0.013
4206682.723 0.013
4211882.862 0.013
4217090.863 0.013
4222306.677 0.013
4227530.254 0.013
4232761.545 0.013
4238000.499 0.013
4243247.069 0.013
4248501.205 0.013
4253762.857 0.013
4259031.978 0.013
4264308.519 0.013
4269592.430 0.013
4274883.665 0.013
4280182.174 0.013
4285487.910 0.013
4290800.825 0.013
4296120.870 0.013
4301447.999 0.013
4306782.165 0.013
4312123.319 0.013
4317471.414 0.013
4322826.404 0.013
4328188.242 0.012
4333556.881 0.012
4338932.274 0.012
4344314.375 0.012
4349703.138 0.012
4355098.517 0.012
4360500.465 0.012
4365908.937 0.012
4371323.887 0.012
4376745.269 0.012
4382173.039 0.012
4387607.150 0.012
4393047.559 0.012
4398494.219 0.012
4403947.086 0.012
4409406.115 0.012
4414871.262 0.012
4420342.482 0.012
4425819.731 0.012
4431302.966 0.012
4436792.141 0.012
4442287.213 0.012
4447788.139 0.012
4453294.875 0.012
4458807.378 0.012
4464325.603 0.012
4469849.509 0.012
4475379.052 0.012
4480914.190 0.012
4486454.879 0.012
4492001.077 0.012
4497552.742 0.012
4503109.832 0.012
4508672.303 0.012
4514240.115 0.011
4519813.226 0.011
4525391.593 0.011
4530975.176 0.011
4536563.932 0.011
4542157.821 0.011
4547756.801 0.011
4553360.832 0.011
4558969.872 0.011
4564583.880 0.011
4570202.817 0.011
4575826.641 0.011
4581455.313 0.011
4587088.791 0.011
4592727.037 0.011
4598370.009 0.011
4604017.669 0.011
4609669.977 0.011
4615326.892 0.011
4620988.377 0.011
4626654.390 0.011
4632324.894 0.011
4637999.850 0.011
4643679.217 0.011
4649362.959 0.011
4655051.036 0.011
4660743.409 0.011
4666440.041 0.011
4672140.893 0.011
4677845.926 0.011
4683555.105 0.011
4689268.389 0.011
4694985.742 0.011
4700707.126 0.011
4706432.504 0.011
4712161.838 0.011
4717895.091 0.011
4723632.226 0.010
4729373.207 0.010
4735117.996 0.010
4740866.557 0.010
4746618.853 0.010
4752374.848 0.010
4758134.505 0.010
4763897.789 0.010
4769664.663 0.010
4775435.091 0.010
4781209.039 0.010
4786986.469 0.010
4792767.346 0.010
4798551.636 0.010
4804339.302 0.010
4810130.310 0.010
4815924.624 0.010
4821722.210 0.010
4827523.033 0.010
4833327.057 0.010
4839134.249 0.010
4844944.574 0.010
4850757.998 0.010
4856574.486 0.010
4862394.005 0.010
4868216.520 0.010
4874041.997 0.010
4879870.403 0.010
4885701.704 0.010
4891535.867 0.010
4897372.858 0.010
4903212.644 0.010
4909055.192 0.010
4914900.468 0.010
4920748.440 0.010
4926599.075 0.010
4932452.340 0.010
4938308.203 0.010
4944166.631 0.010
4950027.591 0.010
4955891.053 0.010
4961756.982 0.010
4967625.348 0.009
4973496.118 0.009
4979369.260 0.009
4985244.743 0.009
4991122.536 0.009
4997002.606 0.009
5002884.922 0.009
5008769.454 0.009
5014656.169 0.009
5020545.037 0.009
5026436.027 0.009
5032329.108 0.009
5038224.249 0.009
5044121.419 0.009
5050020.589 0.009
5055921.727 0.009
5061824.804 0.009
5067729.789 0.009
5073636.651 0.009
5079545.362 0.009
5085455.891 0.009
5091368.207 0.009
5097282.283 0.009
5103198.087 0.009
5109115.590 0.009
5115034.764 0.009
5120955.578 0.009
5126878.004 0.009
5132802.012 0.009
5138727.574 0.009
5144654.660 0.009
5150583.241 0.009
5156513.290 0.009
5162444.777 0.009
5168377.674 0.009
5174311.952 0.009
5180247.583 0.009
5186184.539 0.009
5192122.792 0.009
5198062.313 0.009
5204003.076 0.009
5209945.051 0.009
5215888.211 0.009
5221832.529 0.009
5227777.977 0.009
5233724.527 0.009
5239672.152 0.009
5245620.825 0.009
5251570.519 0.009
5257521.207 0.008
5263472.860 0.008
5269425.454 0.008
5275378.960 0.008
5281333.352 0.008
5287288.604 0.008
5293244.688 0.008
5299201.579 0.008
5305159.250 0.008
5311117.674 0.008
5317076.826 0.008
5323036.680 0.008
5328997.208 0.008
5334958.386 0.008
5340920.188 0.008
0.0 0.0 0.0
0.0 0.0 0.0
0.0 0.0 0.0
0.0 0.0 0.0
0.0 0.0 0.0
0.0 0.0 0.0
0.0 0.0 0.0
0.0 0.0 0.0
0.0 0.0 0.0
0.0 0.0 0.0
0.0 0.0 0.0
0.0 0.0 0.0
0.0 0.0 0.0
0.0 0.0 0.0
0.0 0.0 0.0
0.0 0.0 0.0
0.0 0.0 0.0
0.0 0.0 0.0
0.0 0.0 0.0
0.0 0.0 0.0
0.0 0.0 0.0
0.0 0.0 0.0
0.0 0.0 0.0
0.0 0.0 0.0
0.0 0.0 0.0
0.0 0.0 0.0
0.0 0.0 0.0
0.0 0.0 0.0
0.0 0.0 0.0
0.0 0.0 0.0
0.0 0.0 0.0
0.0 0.0 0.0
0.0 0.0 0.0
0.0 0.0 0.0
0.0 0.0 0.0
0.0 0.0 0.0
0.0 0.0 0.0
0.0 0.0 0.0
0.0 0.0 0.0
0.0 0.0 0.0
0.0 0.0 0.0
0.0 0.0 0.0
0.0 0.0 0.0
0.0 0.0 0.0
0.0 0.0 0.0
0.0 0.0 0.0
0.0 0.0 0.0
0.0 0.0 0.0
0.0 0.0 0.0
0.0 0.0 0.0
0.0 0.0 0.0
0.0 0.0 0.0
0.0 0.0 0.0
0.0 0.0 0.0
0.0 0.0 0.0
0.0 0.0 0.0
0.0 0.0 0.0
0.0 0.0 0.0
0.0 0.0 0.0
0.0 0.0 0.0
0.0 0.0 0.0
0.0 0.0 0.0
0.0 0.0 0.0
0.0 0.0 0.0
0.0 0.0 0.0
0.0 0.0 0.0
0.0 0.0 0.0
0.0 0.0 0.0
0.0 0.0 0.0
0.0 0.0 0.0
0.0 0.0 0.0
0.0 0.0 0.0
0.0 0.0 0.0
0.0 0.0 0.0
0.0 0.0 0.0
0.0 0.0 0.0
0.0 0.0 0.0
0.0 0.0 0.0
0.0 0.0 0.0
0.0 0.0 0.0
0.0 0.0 0.0
0.0 0.0 0.0
0.0 0.0 0.0
0.0 0.0 0.0
0.0 0.0 0.0
0.0 0.0 0.0
0.0 0.0 0.0
0.0 0.0 0.0
0.0 0.0 0.0
0.0 0.0 0.0
0.0 0.0 0.0
0.0 0.0 0.0
0.0 0.0 0.0
0.0 0.0 0.0
0.0 0.0 0.0
0.0 0.0 0.0
0.0 0.0 0.0
0.0 0.0 0.0
0.0 0.0 0.0
0.0 0.0 0.0
0.0 0.0 0.0
0.0 0.0 0.0
0.0 0.0 0.0
0.0 0.0 0.0
0.0 0.0 0.0
0.0 0.0 0.0
0.0 0.0 0.0
0.0 0.0 0.0
0.0 0.0 0.0
0.0 0.0 0.0
0.0 0.0 0.0
0.0 0.0 0.0
0.0 0.0 0.0
0.0 0.0 0.0
0.0 0.0 0.0
0.0 0.0 0.0
0.0 0.0 0.0
0.0 0.0 0.0
0.0 0.0 0.0
0.0 0.0 0.0
0.0 0.0 0.0
0.0 0.0 0.0
0.0 0.0 0.0
0.0 0.0 0.0
0.0 0.0 0.0
0.0 0.0 0.0
0.0 0.0 0.0
0.0 0.0 0.0
0.0 0.0 0.0
0.0 0.0 0.0
0.0 0.0 0.0
0.0 0.0 0.0
0.0 0.0 0.0
0.0 0.0 0.0
0.0 0.0 0.0
0.0 0.0 0.0
0.0 0.0 0.0
0.0 0.0 0.0
0.0 0.0 0.0
0.0 0.0 0.0
0.0 0.0 0.0
0.0 0.0 0.0
0.0 0.0 0.0
0.0 0.0 0.0
0.0 0.0 0.0
0.0 0.0 0.0
0.0 0.0 0.0
0.0 0.0 0.0
0.0 0.0 0.0
0.0 0.0 0.0
0.0 0.0 0.0
0.0 0.0 0.0
0.0 0.0 0.0
0.0 0.0 0.0
0.0 0.0 0.0
0.0 0.0 0.0
0.0 0.0 0.0
0.0 0.0 0.0
0.0 0.0 0.0
0.0 0.0 0.0
0.0 0.0 0.0
0.0 0.0 0.0
0.0 0.0 0.0
0.0 0.0 0.0
0.0 0.0 0.0
0.0 0.0 0.0
0.0 0.0 0.0
0.0 0.0 0.0
0.0 0.0 0.0
0.0 0.0 0.0
0.0 0.0 0.0
0.0 0.0 0.0
0.0 0.0 0.0
0.0 0.0 0.0
0.0 0.0 0.0
0.0 0.0 0.0
0.0 0.0 0.0
0.0 0.0 0.0
0.0 0.0 0.0
0.0 0.0 0.0
0.0 0.0 0.0
0.0 0.0 0.0
5338982.716 0.008
5333758.505 0.008
5328542.276 0.008
5323334.072 0.008
5318133.940 0.008
5312941.923 0.008
5307758.065 0.008
5302582.412 0.008
5297415.007 0.008
5292255.896 0.008
5287105.124 0.008
5281962.735 0.008
5276828.774 0.008
5271703.287 0.008
5266586.319 0.008
5261477.914 0.008
5256378.118 0.008
5251286.977 0.009
5246204.537 0.009
5241130.842 0.009
5236065.938 0.009
5231009.871 0.009
5225962.687 0.009
5220924.431 0.009
5215895.151 0.009
5210874.891 0.009
5205863.697 0.009
5200861.617 0.009
5195868.696 0.009
5190884.980 0.009
5185910.516 0.009
5180945.351 0.009
5175989.530 0.009
5171043.101 0.009
5166106.111 0.009
5161178.605 0.009
5156260.631 0.009
5151352.236 0.009
5146453.466 0.009
5141564.369 0.009
5136684.992 0.009
5131815.382 0.009
5126955.586 0.009
5122105.651 0.009
5117265.626 0.009
5112435.556 0.009
5107615.491 0.009
5102805.477 0.009
5098005.562 0.009
5093215.793 0.009
5088436.219 0.009
5083666.887 0.009
5078907.845 0.009
5074159.141 0.009
5069420.823 0.009
5064692.938 0.009
5059975.536 0.009
5055268.664 0.009
5050572.370 0.009
5045886.703 0.009
5041211.711 0.009
5036547.442 0.009
5031893.945 0.009
5027251.268 0.009
5022619.460 0.009
5017998.569 0.009
5013388.643 0.009
5008789.732 0.009
5004201.884 0.009
4999625.148 0.009
4995059.573 0.009
4990505.207 0.009
4985962.099 0.009
4981430.299 0.009
4976909.855 0.009
4972400.815 0.009
4967903.231 0.009
4963417.149 0.010
4958942.620 0.010
4954479.692 0.010
4950028.414 0.010
4945588.837 0.010
4941161.008 0.010
4936744.978 0.010
4932340.796 0.010
4927948.510 0.010
4923568.171 0.010
4919199.827 0.010
4914843.528 0.010
4910499.323 0.010
4906167.263 0.010
4901847.395 0.010
4897539.771 0.010
4893244.438 0.010
4888961.448 0.010
4884690.848 0.010
4880432.690 0.010
4876187.022 0.010
4871953.894 0.010
4867733.355 0.010
4863525.456 0.010
4859330.245 0.010
4855147.773 0.010
4850978.088 0.010
4846821.242 0.010
4842677.282 0.010
4838546.259 0.010
4834428.223 0.010
4830323.223 0.010
4826231.308 0.010
4822152.529 0.010
4818086.935 0.010
4814034.575 0.010
4809995.499 0.010
4805969.757 0.010
4801957.398 0.010
4797958.472 0.010
4793973.028 0.010
4790001.116 0.010
4786042.786 0.010
4782098.087 0.010
4778167.068 0.010
4774249.778 0.010
4770346.268 0.010
4766456.587 0.010
4762580.784 0.010
4758718.908 0.010
4754871.009 0.010
4751037.136 0.010
4747217.338 0.010
4743411.664 0.010
4739620.164 0.010
4735842.888 0.010
4732079.883 0.010
4728331.198 0.010
4724596.884 0.010
4720876.989 0.011
4717171.562 0.011
4713480.652 0.011
4709804.307 0.011
4706142.577 0.011
4702495.510 0.011
4698863.154 0.011
4695245.559 0.011
4691642.774 0.011
4688054.845 0.011
4684481.822 0.011
4680923.754 0.011
4677380.688 0.011
4673852.673 0.011
4670339.757 0.011
4666841.989 0.011
4663359.415 0.011
4659892.084 0.011
4656440.044 0.011
4653003.342 0.011
4649582.028 0.011
4646176.147 0.011
4642785.747 0.011
4639410.877 0.011
4636051.582 0.011
4632707.912 0.011
4629379.912 0.011
4626067.630 0.011
4622771.112 0.011
4619490.407 0.011
4616225.560 0.011
4612976.618 0.011
4609743.628 0.011
4606526.636 0.011
4603325.688 0.011
4600140.831 0.011
4596972.111 0.011
4593819.575 0.011
4590683.266 0.011
4587563.233 0.011
4584459.520 0.011
4581372.172 0.011
4578301.236 0.011
4575246.756 0.011
4572208.778 0.011
4569187.346 0.011
4566182.506 0.011
4563194.302 0.011
4560222.779 0.011
4557267.981 0.011
4554329.953 0.011
4551408.739 0.011
4548504.382 0.011
4545616.927 0.011
4542746.418 0.011
4539892.898 0.011
4537056.410 0.011
4534236.998 0.011
4531434.705 0.011
4528649.573 0.011
4525881.646 0.011
4523130.966 0.011
4520397.576 0.011
4517681.518 0.011
4514982.833 0.011
4512301.564 0.011
4509637.753 0.012
4506991.441 0.012
4504362.670 0.012
4501751.480 0.012
4499157.913 0.012
4496582.010 0.012
4494023.811 0.012
4491483.357 0.012
4488960.687 0.012
4486455.842 0.012
4483968.862 0.012
4481499.787 0.012
4479048.655 0.012
4476615.507 0.012
4474200.381 0.012
4471803.315 0.012
4469424.349 0.012
4467063.521 0.012
4464720.869 0.012
4462396.432 0.012
4460090.246 0.012
4457802.349 0.012
4455532.779 0.012
4453281.573 0.012
4451048.767 0.012
4448834.398 0.012
4446638.502 0.012
4444461.116 0.012
4442302.276 0.012
4440162.017 0.012
4438040.374 0.012
4435937.383 0.012
4433853.078 0.012
4431787.495 0.012
4429740.667 0.012
4427712.629 0.012
4425703.415 0.012
4423713.058 0.012
4421741.592 0.012
4419789.050 0.012
4417855.464 0.012
4415940.868 0.012
4414045.293 0.012
4412168.773 0.012
4410311.337 0.012
4408473.019 0.012
4406653.849 0.012
4404853.859 0.012
4403073.078 0.012
4401311.538 0.012
4399569.268 0.012
4397846.298 0.012
4396142.659 0.012
4394458.378 0.012
4392793.486 0.012
4391148.010 0.012
4389521.979 0.012
4387915.422 0.012
4386328.366 0.012
4384760.838 0.012
4383212.866 0.012
4381684.477 0.012
4380175.697 0.012
4378686.552 0.012
4377217.069 0.012
4375767.273 0.012
4374337.189 0.012
4372926.843 0.012
4371536.259 0.012
4370165.461 0.012
4368814.475 0.012
4367483.322 0.012
4366172.028 0.012
4364880.614 0.012
4363609.105 0.012
4362357.521 0.012
4361125.886 0.012
4359914.222 0.012
4358722.548 0.012
4357550.888 0.012
4356399.261 0.012
4355267.689 0.012
4354156.190 0.012
4353064.786 0.012
4351993.495 0.012
4350942.337 0.012
4349911.330 0.012
4348900.493 0.012
4347909.844 0.012
4346939.400 0.012
4345989.180 0.012
4345059.200 0.012
4344149.476 0.012
4343260.026 0.012
4342390.865 0.012
4341542.008 0.012
4340713.472 0.012
4339905.271 0.012
4339117.419 0.012
4338349.931 0.012
4337602.821 0.012
4336876.102 0.012
4336169.787 0.012
4335483.890 0.012
4334818.422 0.012
4334173.395 0.012
4333548.822 0.012
4332944.713 0.012
4332361.080 0.012
4331797.933 0.012
4331255.283 0.012
4330733.139 0.012
4330231.510 0.012
4329750.407 0.012
4329289.837 0.012
4328849.809 0.012
4328430.331 0.012
4328031.411 0.012
4327653.055 0.012
4327295.272 0.012
4326958.067 0.012
4326641.446 0.012
4326345.416 0.012
4326069.981 0.012
4325815.148 0.013
4325580.919 0.013
4325367.300 0.013
4325174.295 0.013
4325001.907 0.013
4324850.139 0.013
4324718.994 0.013
4324608.475 0.013
4324518.583 0.013
4324449.320 0.013
4324400.687 0.013
4324372.686 0.013
4324365.316 0.013
4324378.578 0.013
4324412.472 0.013
4324466.996 0.013
4324542.151 0.013
4324637.934 0.013
4324754.345 0.013
4324891.380 0.013
4325049.037 0.013
4325227.313 0.013
4325426.206 0.013
4325645.711 0.013
4325885.824 0.013
4326146.542 0.012
4326427.858 0.012
4326729.769 0.012
4327052.269 0.012
4327395.351 0.012
4327759.009 0.012
4328143.238 0.012
4328548.029 0.012
4328973.376 0.012
4329419.270 0.012
4329885.704 0.012
4330372.669 0.012
4330880.157 0.012
4331408.157 0.012
4331956.660 0.012
4332525.657 0.012
4333115.137 0.012
4333725.090 0.012
4334355.503 0.012
4335006.367 0.012
4335677.668 0.012
4336369.395 0.012
4337081.536 0.012
4337814.077 0.012
4338567.006 0.012
4339340.307 0.012
4340133.969 0.012
4340947.976 0.012
4341782.313 0.012
4342636.966 0.012
4343511.919 0.012
4344407.157 0.012
4345322.662 0.012
4346258.420 0.012
4347214.413 0.012
4348190.624 0.012
4349187.035 0.012
4350203.628 0.012
4351240.386 0.012
4352297.290 0.012
4353374.321 0.012
4354471.460 0.012
4355588.686 0.012
4356725.981 0.012
4357883.324 0.012
4359060.695 0.012
4360258.071 0.012
4361475.434 0.012
4362712.760 0.012
4363970.027 0.012
4365247.215 0.012
4366544.299 0.012
4367861.258 0.012
4369198.067 0.012
4370554.704 0.012
4371931.144 0.012
4373327.364 0.012
4374743.338 0.012
4376179.043 0.012
4377634.452 0.012
4379109.541 0.012
4380604.284 0.012
4382118.654 0.012
4383652.626 0.012
4385206.172 0.012
4386779.266 0.012
4388371.880 0.012
4389983.987 0.012
4391615.559 0.012
4393266.568 0.012
4394936.985 0.012
4396626.781 0.012
4398335.928 0.012
4400064.396 0.012
4401812.155 0.012
4403579.176 0.012
4405365.428 0.012
4407170.881 0.012
4408995.503 0.012
4410839.265 0.012
4412702.135 0.012
4414584.080 0.012
4416485.070 0.012
4418405.072 0.012
4420344.053 0.012
4422301.981 0.012
4424278.823 0.012
4426274.546 0.012
4428289.117 0.012
4430322.501 0.012
4432374.664 0.012
4434445.573 0.012
4436535.193 0.012
4438643.489 0.012
4440770.426 0.012
4442915.969 0.012
4445080.082 0.012
4447262.731 0.012
4449463.878 0.012
4451683.487 0.012
4453921.523 0.012
4456177.948 0.012
4458452.725 0.012
4460745.819 0.012
4463057.190 0.012
4465386.801 0.012
4467734.616 0.012
4470100.595 0.012
4472484.700 0.012
4474886.894 0.012
4477307.137 0.012
4479745.390 0.012
4482201.615 0.012
4484675.771 0.012
4487167.821 0.012
4489677.723 0.012
4492205.438 0.012
4494750.925 0.012
4497314.146 0.012
4499895.058 0.012
4502493.622 0.012
4505109.796 0.012
4507743.539 0.012
4510394.811 0.012
4513063.569 0.011
4515749.772 0.011
4518453.379 0.011
4521174.347 0.011
4523912.634 0.011
4526668.198 0.011
4529440.996 0.011
4532230.986 0.011
4535038.125 0.011
4537862.369 0.011
4540703.676 0.011
4543562.003 0.011
4546437.306 0.011
4549329.541 0.011
4552238.664 0.011
4555164.632 0.011
4558107.400 0.011
4561066.925 0.011
4564043.162 0.011
4567036.066 0.011
4570045.593 0.011
4573071.698 0.011
4576114.336 0.011
4579173.462 0.011
4582249.030 0.011
4585340.997 0.011
4588449.315 0.011
4591573.940 0.011
4594714.825 0.011
4597871.926 0.011
4601045.195 0.011
4604234.588 0.011
4607440.057 0.011
4610661.557 0.011
4613899.041 0.011
4617152.462 0.011
4620421.775 0.011
4623706.932 0.011
4627007.886 0.011
4630324.591 0.011
4633657.000 0.011
4637005.065 0.011
4640368.739 0.011
4643747.976 0.011
4647142.727 0.011
4650552.945 0.011
4653978.582 0.011
4657419.592 0.011
4660875.926 0.011
4664347.536 0.011
4667834.374 0.011
4671336.393 0.011
4674853.545 0.011
4678385.781 0.011
4681933.053 0.011
4685495.312 0.011
4689072.512 0.011
4692664.603 0.011
4696271.536 0.011
4699893.264 0.011
4703529.737 0.011
4707180.907 0.011
4710846.726 0.011
4714527.144 0.011
4718222.113 0.011
4721931.584 0.011
4725655.508 0.010
4729393.836 0.010
4733146.519 0.010
4736913.508 0.010
4740694.754 0.010
4744490.207 0.010
4748299.820 0.010
4752123.542 0.010
4755961.324 0.010
4759813.117 0.010
4763678.872 0.010
4767558.539 0.010
4771452.069 0.010
4775359.413 0.010
4779280.520 0.010
4783215.343 0.010
4787163.831 0.010
4791125.934 0.010
4795101.604 0.010
4799090.790 0.010
4803093.444 0.010
4807109.515 0.010
4811138.955 0.010
4815181.713 0.010
4819237.739 0.010
4823306.985 0.010
4827389.401 0.010
4831484.937 0.010
4835593.543 0.010
4839715.170 0.010
4843849.768 0.010
4847997.288 0.010
4852157.680 0.010
4856330.894 0.010
4860516.881 0.010
4864715.591 0.010
4868926.974 0.010
4873150.981 0.010
4877387.563 0.010
4881636.669 0.010
4885898.250 0.010
4890172.257 0.010
4894458.640 0.010
4898757.349 0.010
4903068.335 0.010
4907391.549 0.010
4911726.941 0.010
4916074.461 0.010
4920434.061 0.010
4924805.690 0.010
4929189.300 0.010
4933584.840 0.010
4937992.262 0.010
4942411.516 0.010
4946842.554 0.010
4951285.325 0.010
4955739.781 0.010
4960205.872 0.010
4964683.549 0.010
4969172.763 0.009
4973673.466 0.009
4978185.607 0.009
4982709.138 0.009
4987244.010 0.009
4991790.175 0.009
4996347.582 0.009
5000916.183 0.009
5005495.930 0.009
5010086.774 0.009
5014688.666 0.009
5019301.557 0.009
5023925.398 0.009
5028560.142 0.009
5033205.738 0.009
5037862.140 0.009
5042529.299 0.009
5047207.166 0.009
5051895.692 0.009
5056594.830 0.009
5061304.531 0.009
5066024.748 0.009
5070755.431 0.009
5075496.533 0.009
5080248.006 0.009
5085009.802 0.009
5089781.873 0.009
5094564.171 0.009
5099356.648 0.009
5104159.257 0.009
5108971.950 0.009
5113794.680 0.009
5118627.398 0.009
5123470.058 0.009
5128322.611 0.009
5133185.011 0.009
5138057.211 0.009
5142939.162 0.009
5147830.819 0.009
5152732.133 0.009
5157643.058 0.009
5162563.547 0.009
5167493.553 0.009
5172433.029 0.009
5177381.928 0.009
5182340.204 0.009
5187307.811 0.009
5192284.701 0.009
5197270.828 0.009
5202266.146 0.009
5207270.608 0.009
5212284.169 0.009
5217306.782 0.009
5222338.401 0.009
5227378.979 0.009
5232428.472 0.009
5237486.833 0.009
5242554.016 0.009
5247629.977 0.009
5252714.668 0.008
5257808.045 0.008
5262910.061 0.008
5268020.673 0.008
5273139.834 0.008
5278267.499 0.008
5283403.623 0.008
5288548.161 0.008
5293701.068 0.008
5298862.299 0.008
5304031.810 0.008
5309209.554 0.008
5314395.489 0.008
5319589.569 0.008
5324791.750 0.008
5330001.987 0.008
5335220.237 0.008
0.0 0.0 0.0
0.0 0.0 0.0
0.0 0.0 0.0
0.0 0.0 0.0
0.0 0.0 0.0
0.0 0.0 0.0
0.0 0.0 0.0
0.0 0.0 0.0
0.0 0.0 0.0
0.0 0.0 0.0
0.0 0.0 0.0
0.0 0.0 0.0
0.0 0.0 0.0
0.0 0.0 0.0
0.0 0.0 0.0
0.0 0.0 0.0
0.0 0.0 0.0
0.0 0.0 0.0
0.0 0.0 0.0
0.0 0.0 0.0
0.0 0.0 0.0
0.0 0.0 0.0
0.0 0.0 0.0
0.0 0.0 0.0
0.0 0.0 0.0
0.0 0.0 0.0
0.0 0.0 0.0
0.0 0.0 0.0
0.0 0.0 0.0
0.0 0.0 0.0
0.0 0.0 0.0
0.0 0.0 0.0
0.0 0.0 0.0
0.0 0.0 0.0
0.0 0.0 0.0
0.0 0.0 0.0
0.0 0.0 0.0
0.0 0.0 0.0
0.0 0.0 0.0
0.0 0.0 0.0
0.0 0.0 0.0
0.0 0.0 0.0
0.0 0.0 0.0
0.0 0.0 0.0
0.0 0.0 0.0
0.0 0.0 0.0
0.0 0.0 0.0
0.0 0.0 0.0
0.0 0.0 0.0
0.0 0.0 0.0
0.0 0.0 0.0
0.0 0.0 0.0
0.0 0.0 0.0
0.0 0.0 0.0
0.0 0.0 0.0
0.0 0.0 0.0
0.0 0.0 0.0
0.0 0.0 0.0
0.0 0.0 0.0
0.0 0.0 0.0
0.0 0.0 0.0
0.0 0.0 0.0
0.0 0.0 0.0
0.0 0.0 0.0
0.0 0.0 0.0
0.0 0.0 0.0
0.0 0.0 0.0
0.0 0.0 0.0
0.0 0.0 0.0
0.0 0.0 0.0
0.0 0.0 0.0
0.0 0.0 0.0
0.0 0.0 0.0
0.0 0.0 0.0
0.0 0.0 0.0
0.0 0.0 0.0
0.0 0.0 0.0
0.0 0.0 0.0
0.0 0.0 0.0
0.0 0.0 0.0
0.0 0.0 0.0
0.0 0.0 0.0
0.0 0.0 0.0
0.0 0.0 0.0
0.0 0.0 0.0
0.0 0.0 0.0
0.0 0.0 0.0
0.0 0.0 0.0
0.0 0.0 0.0
0.0 0.0 0.0
0.0 0.0 0.0
0.0 0.0 0.0
0.0 0.0 0.0
0.0 0.0 0.0
0.0 0.0 0.0
0.0 0.0 0.0
0.0 0.0 0.0
0.0 0.0 0.0
0.0 0.0 0.0
0.0 0.0 0.0
0.0 0.0 0.0
0.0 0.0 0.0
0.0 0.0 0.0
0.0 0.0 0.0
0.0 0.0 0.0
0.0 0.0 0.0
0.0 0.0 0.0
0.0 0.0 0.0
0.0 0.0 0.0
0.0 0.0 0.0
0.0 0.0 0.0
0.0 0.0 0.0
0.0 0.0 0.0
0.0 0.0 0.0
0.0 0.0 0.0
0.0 0.0 0.0
0.0 0.0 0.0
0.0 0.0 0.0
0.0 0.0 0.0
0.0 0.0 0.0
0.0 0.0 0.0
0.0 0.0 0.0
0.0 0.0 0.0
0.0 0.0 0.0
0.0 0.0 0.0
0.0 0.0 0.0
0.0 0.0 0.0
0.0 0.0 0.0
0.0 0.0 0.0
0.0 0.0 0.0
0.0 0.0 0.0
0.0 0.0 0.0
0.0 0.0 0.0
0.0 0.0 0.0
0.0 0.0 0.0
0.0 0.0 0.0
0.0 0.0 0.0
0.0 0.0 0.0
0.0 0.0 0.0
0.0 0.0 0.0
0.0 0.0 0.0
0.0 0.0 0.0
0.0 0.0 0.0
0.0 0.0 0.0
0.0 0.0 0.0
0.0 0.0 0.0
0.0 0.0 0.0
0.0 0.0 0.0
0.0 0.0 0.0
0.0 0.0 0.0
0.0 0.0 0.0
0.0 0.0 0.0
0.0 0.0 0.0
0.0 0.0 0.0
0.0 0.0 0.0
0.0 0.0 0.0
0.0 0.0 0.0
0.0 0.0 0.0
0.0 0.0 0.0
0.0 0.0 0.0
0.0 0.0 0.0
0.0 0.0 0.0
0.0 0.0 0.0
0.0 0.0 0.0
0.0 0.0 0.0
0.0 0.0 0.0
0.0 0.0 0.0
0.0 0.0 0.0
0.0 0.0 0.0
0.0 0.0 0.0
0.0 0.0 0.0
0.0 0.0 0.0
0.0 0.0 0.0
0.0 0.0 0.0
0.0 0.0 0.0
0.0 0.0 0.0
0.0 0.0 0.0
0.0 0.0 0.0
0.0 0.0 0.0
0.0 0.0 0.0
0.0 0.0 0.0
0.0 0.0 0.0
0.0 0.0 0.0
0.0 0.0 0.0
0.0 0.0 0.0
0.0 0.0 0.0
0.0 0.0 0.0
0.0 0.0 0.0
0.0 0.0 0.0
0.0 0.0 0.0
0.0 0.0 0.0
0.0 0.0 0.0
0.0 0.0 0.0
0.0 0.0 0.0
0.0 0.0 0.0
0.0 0.0 0.0
0.0 0.0 0.0
0.0 0.0 0.0
0.0 0.0 0.0
0.0 0.0 0.0
0.0 0.0 0.0
0.0 0.0 0.0
0.0 0.0 0.0
0.0 0.0 0.0
0.0 0.0 0.0
0.0 0.0 0.0
0.0 0.0 0.0
0.0 0.0 0.0
0.0 0.0 0.0
0.0 0.0 0.0
0.0 0.0 0.0
0.0 0.0 0.0
0.0 0.0 0.0
0.0 0.0 0.0
0.0 0.0 0.0
0.0 0.0 0.0
0.0 0.0 0.0
0.0 0.0 0.0
0.0 0.0 0.0
0.0 0.0 0.0
0.0 0.0 0.0
0.0 0.0 0.0
0.0 0.0 0.0
0.0 0.0 0.0
0.0 0.0 0.0
0.0 0.0 0.0
0.0 0.0 0.0
0.0 0.0 0.0
0.0 0.0 0.0
0.0 0.0 0.0
0.0 0.0 0.0
0.0 0.0 0.0
0.0 0.0 0.0
0.0 0.0 0.0
0.0 0.0 0.0
0.0 0.0 0.0
0.0 0.0 0.0
0.0 0.0 0.0
0.0 0.0 0.0
0.0 0.0 0.0
0.0 0.0 0.0
0.0 0.0 0.0
0.0 0.0 0.0
0.0 0.0 0.0
0.0 0.0 0.0
0.0 0.0 0.0
0.0 0.0 0.0
0.0 0.0 0.0
0.0 0.0 0.0
0.0 0.0 0.0
0.0 0.0 0.0
0.0 0.0 0.0
0.0 0.0 0.0
0.0 0.0 0.0
0.0 0.0 0.0
0.0 0.0 0.0
0.0 0.0 0.0
0.0 0.0 0.0
0.0 0.0 0.0
0.0 0.0 0.0
0.0 0.0 0.0
0.0 0.0 0.0
0.0 0.0 0.0
0.0 0.0 0.0
0.0 0.0 0.0
0.0 0.0 0.0
0.0 0.0 0.0
0.0 0.0 0.0
0.0 0.0 0.0
0.0 0.0 0.0
0.0 0.0 0.0
0.0 0.0 0.0
0.0 0.0 0.0
0.0 0.0 0.0
0.0 0.0 0.0
0.0 0.0 0.0
0.0 0.0 0.0
0.0 0.0 0.0
0.0 0.0 0.0
0.0 0.0 0.0
0.0 0.0 0.0
0.0 0.0 0.0
0.0 0.0 0.0
0.0 0.0 0.0
0.0 0.0 0.0
0.0 0.0 0.0
0.0 0.0 0.0
0.0 0.0 0.0
0.0 0.0 0.0
0.0 0.0 0.0
0.0 0.0 0.0
0.0 0.0 0.0
0.0 0.0 0.0
0.0 0.0 0.0
0.0 0.0 0.0
0.0 0.0 0.0
0.0 0.0 0.0
0.0 0.0 0.0
0.0 0.0 0.0
0.0 0.0 0.0
0.0 0.0 0.0
0.0 0.0 0.0
0.0 0.0 0.0
0.0 0.0 0.0
0.0 0.0 0.0
0.0 0.0 0.0
0.0 0.0 0.0
0.0 0.0 0.0
0.0 0.0 0.0
0.0 0.0 0.0
0.0 0.0 0.0
0.0 0.0 0.0
0.0 0.0 0.0
0.0 0.0 0.0
0.0 0.0 0.0
0.0 0.0 0.0
0.0 0.0 0.0
0.0 0.0 0.0
0.0 0.0 0.0
0.0 0.0 0.0
0.0 0.0 0.0
0.0 0.0 0.0
0.0 0.0 0.0
0.0 0.0 0.0
0.0 0.0 0.0
0.0 0.0 0.0
0.0 0.0 0.0
0.0 0.0 0.0
0.0 0.0 0.0
0.0 0.0 0.0
0.0 0.0 0.0
0.0 0.0 0.0
0.0 0.0 0.0
0.0 0.0 0.0
0.0 0.0 0.0
0.0 0.0 0.0
0.0 0.0 0.0
0.0 0.0 0.0
0.0 0.0 0.0
0.0 0.0 0.0
0.0 0.0 0.0
0.0 0.0 0.0
0.0 0.0 0.0
0.0 0.0 0.0
0.0 0.0 0.0
0.0 0.0 0.0
0.0 0.0 0.0
0.0 0.0 0.0
0.0 0.0 0.0
0.0 0.0 0.0
0.0 0.0 0.0
0.0 0.0 0.0
0.0 0.0 0.0
0.0 0.0 0.0
0.0 0.0 0.0
0.0 0.0 0.0
0.0 0.0 0.0
0.0 0.0 0.0
0.0 0.0 0.0
0.0 0.0 0.0
0.0 0.0 0.0
0.0 0.0 0.0
0.0 0.0 0.0
0.0 0.0 0.0
0.0 0.0 0.0
0.0 0.0 0.0
0.0 0.0 0.0
0.0 0.0 0.0
0.0 0.0 0.0
0.0 0.0 0.0
0.0 0.0 0.0
0.0 0.0 0.0
0.0 0.0 0.0
0.0 0.0 0.0
0.0 0.0 0.0
0.0 0.0 0.0
0.0 0.0 0.0
0.0 0.0 0.0
0.0 0.0 0.0
0.0 0.0 0.0
0.0 0.0 0.0
0.0 0.0 0.0
0.0 0.0 0.0
0.0 0.0 0.0
0.0 0.0 0.0
0.0 0.0 0.0
0.0 0.0 0.0
0.0 0.0 0.0
0.0 0.0 0.0
0.0 0.0 0.0
0.0 0.0 0.0
0.0 0.0 0.0
0.0 0.0 0.0
0.0 0.0 0.0
0.0 0.0 0.0
0.0 0.0 0.0
0.0 0.0 0.0
0.0 0.0 0.0
0.0 0.0 0.0
0.0 0.0 0.0
0.0 0.0 0.0
0.0 0.0 0.0
0.0 0.0 0.0
0.0 0.0 0.0
0.0 0.0 0.0
0.0 0.0 0.0
0.0 0.0 0.0
0.0 0.0 0.0
0.0 0.0 0.0
0.0 0.0 0.0
0.0 0.0 0.0
0.0 0.0 0.0
0.0 0.0 0.0
0.0 0.0 0.0
0.0 0.0 0.0
0.0 0.0 0.0
0.0 0.0 0.0
0.0 0.0 0.0
0.0 0.0 0.0
0.0 0.0 0.0
0.0 0.0 0.0
0.0 0.0 0.0
0.0 0.0 0.0
0.0 0.0 0.0
0.0 0.0 0.0
0.0 0.0 0.0
0.0 0.0 0.0
0.0 0.0 0.0
0.0 0.0 0.0
0.0 0.0 0.0
0.0 0.0 0.0
0.0 0.0 0.0
0.0 0.0 0.0
0.0 0.0 0.0
0.0 0.0 0.0
0.0 0.0 0.0
0.0 0.0 0.0
0.0 0.0 0.0
0.0 0.0 0.0
0.0 0.0 0.0
0.0 0.0 0.0
0.0 0.0 0.0
0.0 0.0 0.0
0.0 0.0 0.0
0.0 0.0 0.0
0.0 0.0 0.0
0.0 0.0 0.0
0.0 0.0 0.0
0.0 0.0 0.0
0.0 0.0 0.0
0.0 0.0 0.0
0.0 0.0 0.0
0.0 0.0 0.0
0.0 0.0 0.0
0.0 0.0 0.0
0.0 0.0 0.0
0.0 0.0 0.0
0.0 0.0 0.0
5331542.637 0.008
5321111.238 0.008
5310689.473 0.008
5300277.441 0.008
5289875.241 0.008
5279482.973 0.008
5269100.737 0.008
5258728.633 0.008
5248366.763 0.009
5238015.230 0.009
5227674.135 0.009
5217343.583 0.009
5207023.678 0.009
5196714.523 0.009
5186416.225 0.009
5176128.889 0.009
5165852.622 0.009
5155587.531 0.009
5145333.724 0.009
5135091.309 0.009
5124860.396 0.009
5114641.094 0.009
5104433.515 0.009
5094237.769 0.009
5084053.968 0.009
5073882.225 0.009
5063722.653 0.009
5053575.367 0.009
5043440.480 0.009
5033318.108 0.009
5023208.367 0.009
5013111.375 0.009
5003027.248 0.009
4992956.105 0.009
4982898.064 0.009
4972853.246 0.009
4962821.771 0.010
4952803.760 0.010
4942799.334 0.010
4932808.617 0.010
4922831.732 0.010
4912868.803 0.010
4902919.954 0.010
4892985.312 0.010
4883065.003 0.010
4873159.153 0.010
4863267.891 0.010
4853391.346 0.010
4843529.647 0.010
4833682.925 0.010
4823851.309 0.010
4814034.933 0.010
4804233.928 0.010
4794448.429 0.010
4784678.569 0.010
4774924.483 0.010
4765186.308 0.010
4755464.179 0.010
4745758.235 0.010
4736068.614 0.010
4726395.454 0.010
4716738.895 0.011
4707099.079 0.011
4697476.147 0.011
4687870.241 0.011
4678281.505 0.011
4668710.083 0.011
4659156.119 0.011
4649619.759 0.011
4640101.150 0.011
4630600.440 0.011
4621117.777 0.011
4611653.309 0.011
4602207.188 0.011
4592779.564 0.011
4583370.588 0.011
4573980.414 0.011
4564609.195 0.011
4555257.085 0.011
4545924.240 0.011
4536610.816 0.011
4527316.970 0.011
4518042.860 0.011
4508788.644 0.012
4499554.483 0.012
4490340.537 0.012
4481146.967 0.012
4471973.936 0.012
4462821.608 0.012
4453690.145 0.012
4444579.715 0.012
4435490.481 0.012
4426422.612 0.012
4417376.275 0.012
4408351.639 0.012
4399348.873 0.012
4390368.148 0.012
4381409.636 0.012
4372473.508 0.012
4363559.937 0.012
4354669.099 0.012
4345801.168 0.012
4336956.319 0.012
4328134.730 0.012
4319336.579 0.013
4310562.044 0.013
4301811.304 0.013
4293084.541 0.013
4284381.935 0.013
4275703.669 0.013
4267049.926 0.013
4258420.890 0.013
4249816.746 0.013
4241237.680 0.013
4232683.878 0.013
4224155.529 0.013
4215652.820 0.013
4207175.941 0.013
4198725.083 0.013
4190300.437 0.013
4181902.194 0.013
4173530.548 0.013
4165185.693 0.013
4156867.822 0.014
4148577.133 0.014
4140313.820 0.014
4132078.082 0.014
4123870.116 0.014
4115690.121 0.014
4107538.298 0.014
4099414.846 0.014
4091319.967 0.014
4083253.864 0.014
4075216.740 0.014
4067208.798 0.014
4059230.243 0.014
4051281.280 0.014
4043362.117 0.014
4035472.959 0.014
4027614.015 0.014
4019785.494 0.014
4011987.604 0.015
4004220.556 0.015
3996484.561 0.015
3988779.830 0.015
3981106.575 0.015
3973465.010 0.015
3965855.348 0.015
3958277.804 0.015
3950732.592 0.015
3943219.929 0.015
3935740.031 0.015
3928293.114 0.015
3920879.397 0.015
3913499.097 0.015
3906152.434 0.015
3898839.628 0.015
3891560.897 0.015
3884316.463 0.015
3877106.548 0.016
3869931.372 0.016
3862791.157 0.016
3855686.128 0.016
3848616.507 0.016
3841582.517 0.016
3834584.383 0.016
3827622.329 0.016
3820696.581 0.016
3813807.364 0.016
3806954.903 0.016
3800139.426 0.016
3793361.158 0.016
3786620.326 0.016
3779917.158 0.016
3773251.880 0.016
3766624.722 0.016
3760035.911 0.017
3753485.674 0.017
3746974.241 0.017
3740501.840 0.017
3734068.701 0.017
3727675.051 0.017
3721321.120 0.017
3715007.137 0.017
3708733.332 0.017
3702499.933 0.017
3696307.171 0.017
3690155.273 0.017
3684044.471 0.017
3677974.992 0.017
3671947.066 0.017
3665960.922 0.017
3660016.788 0.017
3654114.895 0.017
3648255.469 0.018
3642438.741 0.018
3636664.936 0.018
3630934.284 0.018
3625247.013 0.018
3619603.348 0.018
3614003.517 0.018
3608447.747 0.018
3602936.263 0.018
3597469.290 0.018
3592047.055 0.018
3586669.781 0.018
3581337.693 0.018
3576051.014 0.018
3570809.966 0.018
3565614.772 0.018
3560465.654 0.018
3555362.831 0.018
3550306.525 0.019
3545296.953 0.019
3540334.335 0.019
3535418.888 0.019
3530550.829 0.019
3525730.374 0.019
3520957.736 0.019
3516233.131 0.019
3511556.770 0.019
3506928.865 0.019
3502349.628 0.019
3497819.266 0.019
3493337.989 0.019
3488906.004 0.019
3484523.516 0.019
3480190.730 0.019
3475907.849 0.019
3471675.074 0.019
3467492.606 0.019
3463360.645 0.019
3459279.387 0.019
3455249.028 0.020
3451269.763 0.020
3447341.785 0.020
3443465.285 0.020
3439640.452 0.020
3435867.474 0.020
3432146.538 0.020
3428477.826 0.020
3424861.523 0.020
3421297.808 0.020
3417786.861 0.020
3414328.858 0.020
3410923.973 0.020
3407572.380 0.020
3404274.250 0.020
3401029.750 0.020
3397839.049 0.020
3394702.309 0.020
3391619.694 0.020
3388591.363 0.020
3385617.474 0.020
3382698.183 0.020
3379833.642 0.020
3377024.003 0.020
3374269.413 0.020
3371570.019 0.020
3368925.965 0.021
3366337.390 0.021
3363804.433 0.021
3361327.231 0.021
3358905.916 0.021
3356540.620 0.021
3354231.469 0.021
3351978.590 0.021
3349782.104 0.021
3347642.132 0.021
3345558.790 0.021
3343532.193 0.021
3341562.452 0.021
3339649.676 0.021
3337793.969 0.021
3335995.435 0.021
3334254.173 0.021
3332570.281 0.021
3330943.851 0.021
3329374.974 0.021
3327863.739 0.021
3326410.229 0.021
3325014.526 0.021
3323676.709 0.021
3322396.853 0.021
3321175.029 0.021
3320011.308 0.021
3318905.754 0.021
3317858.430 0.021
3316869.395 0.021
3315938.706 0.021
3315066.416 0.021
3314252.573 0.021
3313497.225 0.021
3312800.414 0.021
3312162.180 0.021
3311582.560 0.021
3311061.586 0.021
3310599.288 0.021
3310195.693 0.021
3309850.824 0.021
3309564.701 0.021
3309337.339 0.021
3309168.752 0.021
3309058.950 0.021
3309007.939 0.021
3309015.721 0.021
3309082.297 0.021
3309207.662 0.021
3309391.810 0.021
3309634.729 0.021
3309936.406 0.021
3310296.824 0.021
3310715.962 0.021
3311193.796 0.021
3311730.299 0.021
3312325.439 0.021
3312979.184 0.021
3313691.495 0.021
3314462.333 0.021
3315291.653 0.021
3316179.408 0.021
3317125.548 0.021
3318130.019 0.021
3319192.764 0.021
3320313.722 0.021
3321492.832 0.021
3322730.024 0.021
3324025.231 0.021
3325378.379 0.021
3326789.392 0.021
3328258.191 0.021
3329784.693 0.021
3331368.813 0.021
3333010.463 0.021
3334709.551 0.021
3336465.983 0.021
3338279.661 0.021
3340150.484 0.021
3342078.350 0.021
3344063.151 0.021
3346104.779 0.021
3348203.122 0.021
3350358.064 0.021
3352569.488 0.021
3354837.274 0.021
3357161.298 0.021
3359541.434 0.021
3361977.554 0.021
3364469.526 0.021
3367017.216 0.021
3369620.489 0.021
3372279.204 0.020
3374993.220 0.020
3377762.394 0.020
3380586.577 0.020
3383465.623 0.020
3386399.379 0.020
3389387.691 0.020
3392430.403 0.020
3395527.357 0.020
3398678.393 0.020
3401883.347 0.020
3405142.055 0.020
3408454.350 0.020
3411820.061 0.020
3415239.019 0.020
3418711.049 0.020
3422235.976 0.020
3425813.624 0.020
3429443.812 0.020
3433126.359 0.020
3436861.083 0.020
3440647.799 0.020
3444486.321 0.020
3448376.459 0.020
3452318.025 0.020
3456310.826 0.020
3460354.669 0.019
3464449.360 0.019
3468594.702 0.019
3472790.497 0.019
3477036.546 0.019
3481332.648 0.019
3485678.601 0.019
3490074.202 0.019
3494519.245 0.019
3499013.525 0.019
3503556.834 0.019
3508148.964 0.019
3512789.705 0.019
3517478.846 0.019
3522216.175 0.019
3527001.479 0.019
3531834.544 0.019
3536715.155 0.019
3541643.097 0.019
3546618.152 0.019
3551640.102 0.018
3556708.729 0.018
3561823.814 0.018
3566985.136 0.018
3572192.474 0.018
3577445.607 0.018
3582744.313 0.018
3588088.368 0.018
3593477.549 0.018
3598911.631 0.018
3604390.391 0.018
3609913.602 0.018
27.945 1769327.342 0.076348697
27.864 1772302.425 0.076218771
27.783 1775295.928 0.076088849
27.702 1778307.754 0.075958946
27.620 1781337.806 0.075829077
27.539 1784385.988 0.075699256
27.457 1787452.204 0.075569498
27.375 1790536.358 0.075439817
27.292 1793638.355 0.075310226
27.210 1796758.097 0.075180741
27.127 1799895.491 0.075051374
27.044 1803050.439 0.074922140
26.961 1806222.847 0.074793051
26.878 1809412.619 0.074664121
26.795 1812619.661 0.074535364
26.712 1815843.876 0.074406792
26.628 1819085.171 0.074278418
26.544 1822343.450 0.074150256
26.460 1825618.619 0.074022318
26.376 1828910.584 0.073894616
26.292 1832219.251 0.073767162
26.208 1835544.526 0.073639970
26.124 1838886.315 0.073513051
26.039 1842244.524 0.073386417
25.955 1845619.061 0.073260080
25.870 1849009.832 0.073134051
25.785 1852416.744 0.073008343
25.701 1855839.706 0.072882966
25.616 1859278.624 0.072757933
25.531 1862733.406 0.072633253
25.446 1866203.961 0.072508938
25.360 1869690.198 0.072384999
25.275 1873192.024 0.072261446
25.190 1876709.349 0.072138291
25.105 1880242.082 0.072015544
25.019 1883790.133 0.071893215
24.934 1887353.411 0.071771313
24.848 1890931.827 0.071649851
24.763 1894525.291 0.071528836
24.677 1898133.713 0.071408280
24.592 1901757.005 0.071288192
24.506 1905395.078 0.071168581
24.420 1909047.844 0.071049456
24.335 1912715.214 0.070930829
24.249 1916397.101 0.070812706
24.163 1920093.417 0.070695098
24.077 1923804.076 0.070578014
23.992 1927528.990 0.070461462
23.906 1931268.074 0.070345451
23.820 1935021.240 0.070229990
23.734 1938788.404 0.070115087
23.649 1942569.480 0.070000751
23.563 1946364.382 0.069886990
23.477 1950173.027 0.069773813
23.391 1953995.330 0.069661226
23.306 1957831.206 0.069549239
23.220 1961680.572 0.069437859
23.134 1965543.345 0.069327094
23.048 1969419.442 0.069216951
22.963 1973308.780 0.069107439
22.877 1977211.277 0.068998564
22.791 1981126.851 0.068890335
22.706 1985055.421 0.068782757
22.620 1988996.905 0.068675839
22.535 1992951.224 0.068569588
22.449 1996918.296 0.068464011
22.364 2000898.041 0.068359114
22.279 2004890.380 0.068254905
22.193 2008895.234 0.068151390
22.108 2012912.523 0.068048576
22.023 2016942.170 0.067946469
21.938 2020984.096 0.067845076
21.852 2025038.223 0.067744404
21.767 2029104.475 0.067644459
21.682 2033182.773 0.067545247
21.597 2037273.042 0.067446774
21.513 2041375.205 0.067349047
21.428 2045489.187 0.067252071
21.343 2049614.912 0.067155854
21.258 2053752.305 0.067060400
21.174 2057901.291 0.066965715
21.089 2062061.796 0.066871806
21.005 2066233.747 0.066778678
20.920 2070417.069 0.066686337
20.836 2074611.690 0.066594788
20.752 2078817.537 0.066504038
20.668 2083034.538 0.066414091
20.584 2087262.620 0.066324954
20.500 2091501.712 0.066236631
20.416 2095751.743 0.066149129
20.332 2100012.642 0.066062452
20.248 2104284.338 0.065976607
20.165 2108566.763 0.065891597
20.081 2112859.845 0.065807429
