20.028 2105303.140 0.066263673
20.143 2099432.495 0.066379408
20.258 2093568.786 0.066497009
20.374 2087712.077 0.066616477
20.490 2081862.432 0.066737816
20.607 2076019.919 0.066861026
20.724 2070184.604 0.066986110
20.842 2064356.553 0.067113071
20.960 2058535.834 0.067241911
21.079 2052722.517 0.067372633
21.198 2046916.669 0.067505239
21.317 2041118.361 0.067639733
21.437 2035327.664 0.067776117
21.558 2029544.648 0.067914393
21.679 2023769.385 0.068054566
21.800 2018001.948 0.068196638
21.922 2012242.410 0.068340613
22.044 2006490.846 0.068486494
22.167 2000747.330 0.068634284
22.290 1995011.937 0.068783986
22.414 1989284.743 0.068935605
22.538 1983565.827 0.069089143
22.663 1977855.265 0.069244604
22.788 1972153.136 0.069401993
22.914 1966459.519 0.069561312
23.040 1960774.494 0.069722565
23.167 1955098.142 0.069885757
23.294 1949430.545 0.070050891
23.422 1943771.786 0.070217970
23.550 1938121.947 0.070386999
23.679 1932481.113 0.070557982
23.808 1926849.368 0.070730923
23.938 1921226.799 0.070905824
24.068 1915613.491 0.071082692
24.199 1910009.533 0.071261528
24.330 1904415.013 0.071442338
24.462 1898830.020 0.071625125
24.594 1893254.644 0.071809893
24.727 1887688.976 0.071996647
24.860 1882133.108 0.072185389
24.994 1876587.133 0.072376124
25.129 1871051.144 0.072568855
25.264 1865525.237 0.072763587
25.399 1860009.506 0.072960323
25.536 1854504.048 0.073159067
25.672 1849008.961 0.073359822
25.809 1843524.343 0.073562593
25.947 1838050.294 0.073767382
26.085 1832586.913 0.073974193
26.224 1827134.303 0.074183029
26.364 1821692.564 0.074393894
26.504 1816261.802 0.074606790
26.644 1810842.120 0.074821722
26.785 1805433.623 0.075038691
26.927 1800036.419 0.075257701
27.069 1794650.613 0.075478755
27.212 1789276.316 0.075701855
27.355 1783913.636 0.075927003
27.499 1778562.683 0.076154202
27.644 1773223.571 0.076383454
27.789 1767896.411 0.076614762
27.935 1762581.317 0.076848126
28.081 1757278.405 0.077083550
28.228 1751987.789 0.077321033
28.375 1746709.589 0.077560578
28.523 1741443.921 0.077802186
28.672 1736190.905 0.078045857
28.821 1730950.662 0.078291593
28.971 1725723.313 0.078539394
29.121 1720508.982 0.078789260
29.272 1715307.792 0.079041191
29.424 1710119.869 0.079295186
29.576 1704945.339 0.079551246
29.728 1699784.329 0.079809370
29.882 1694636.970 0.080069556
30.036 1689503.389 0.080331804
30.190 1684383.720 0.080596111
30.345 1679278.093 0.080862475
30.501 1674186.644 0.081130894
30.657 1669109.506 0.081401367
30.814 1664046.816 0.081673888
30.972 1658998.712 0.081948456
31.130 1653965.332 0.082225067
31.289 1648946.816 0.082503716
31.448 1643943.305 0.082784399
31.608 1638954.943 0.083067111
31.768 1633981.872 0.083351847
31.929 1629024.237 0.083638601
32.091 1624082.186 0.083927367
32.253 1619155.866 0.084218137
32.416 1614245.425 0.084510906
32.580 1609351.015 0.084805666
32.744 1604472.787 0.085102408
32.909 1599610.894 0.085401124
33.074 1594765.489 0.085701804
33.240 1589936.730 0.086004440
33.406 1585124.773 0.086309020
33.573 1580329.776 0.086615534
33.741 1575551.899 0.086923971
33.909 1570791.302 0.087234319
34.078 1566048.149 0.087546566
34.247 1561322.604 0.087860697
34.417 1556614.830 0.088176699
34.588 1551924.995 0.088494559
34.759 1547253.267 0.088814260
34.931 1542599.815 0.089135787
35.103 1537964.809 0.089459124
35.276 1533348.421 0.089784252
35.449 1528750.825 0.090111155
35.623 1524172.195 0.090439814
35.797 1519612.707 0.090770209
35.972 1515072.539 0.091102319
36.148 1510551.870 0.091436125
36.324 1506050.879 0.091771604
36.500 1501569.748 0.092108734
36.677 1497108.659 0.092447490
36.855 1492667.798 0.092787850
37.033 1488247.350 0.093129787
37.212 1483847.500 0.093473276
37.391 1479468.438 0.093818289
37.570 1475110.353 0.094164800
37.750 1470773.436 0.094512778
37.931 1466457.879 0.094862195
38.112 1462163.875 0.095213020
38.293 1457891.619 0.095565221
38.475 1453641.307 0.095918765
38.657 1449413.136 0.096273619
38.840 1445207.305 0.096629749
39.023 1441024.014 0.096987118
39.207 1436863.463 0.097345690
39.391 1432725.855 0.097705427
39.575 1428611.394 0.098066290
39.760 1424520.283 0.098428240
39.945 1420452.728 0.098791236
40.130 1416408.937 0.099155235
40.316 1412389.118 0.099520194
40.502 1408393.480 0.099886070
40.688 1404422.232 0.100252816
40.875 1400475.587 0.100620386
41.062 1396553.757 0.100988732
41.249 1392656.956 0.101357805
41.436 1388785.397 0.101727556
41.624 1384939.297 0.102097933
41.811 1381118.872 0.102468884
41.999 1377324.338 0.102840354
42.188 1373555.916 0.103212290
42.376 1369813.822 0.103584635
42.564 1366098.279 0.103957332
42.753 1362409.505 0.104330323
42.941 1358747.724 0.104703548
43.130 1355113.157 0.105076946
43.319 1351506.027 0.105450455
43.508 1347926.559 0.105824013
43.696 1344374.976 0.106197553
43.885 1340851.503 0.106571012
44.074 1337356.367 0.106944322
44.263 1333889.793 0.107317414
44.451 1330452.007 0.107690220
44.640 1327043.237 0.108062670
44.828 1323663.710 0.108434691
45.016 1320313.654 0.108806211
45.204 1316993.298 0.109177156
45.391 1313702.868 0.109547451
45.579 1310442.594 0.109917020
45.766 1307212.705 0.110285786
45.953 1304013.429 0.110653669
46.139 1300844.995 0.111020591
46.325 1297707.633 0.111386471
46.511 1294601.570 0.111751228
46.696 1291527.036 0.112114778
46.880 1288484.259 0.112477039
47.064 1285473.468 0.112837926
47.248 1282494.890 0.113197352
47.431 1279548.754 0.113555232
47.613 1276635.286 0.113911479
47.795 1273754.714 0.114266004
47.975 1270907.263 0.114618718
48.155 1268093.160 0.114969532
48.335 1265312.630 0.115318354
48.513 1262565.897 0.115665094
48.691 1259853.184 0.116009660
48.867 1257174.714 0.116351958
49.043 1254530.709 0.116691896
49.217 1251921.389 0.117029381
49.391 1249346.975 0.117364317
49.563 1246807.685 0.117696611
49.735 1244303.736 0.118026166
49.905 1241835.343 0.118352888
50.073 1239402.723 0.118676680
50.241 1237006.087 0.118997447
50.407 1234645.648 0.119315092
50.572 1232321.615 0.119629519
50.735 1230034.198 0.119940631
50.896 1227783.602 0.120248333
51.056 1225570.032 0.120552526
51.215 1223393.691 0.120853115
51.372 1221254.781 0.121150003
51.527 1219153.499 0.121443095
51.680 1217090.043 0.121732294
51.832 1215064.607 0.122017505
51.981 1213077.383 0.122298633
52.129 1211128.561 0.122575583
52.274 1209218.327 0.122848261
52.418 1207346.868 0.123116574
52.559 1205514.365 0.123380429
52.698 1203720.996 0.123639733
52.835 1201966.940 0.123894396
52.970 1200252.369 0.124144326
53.103 1198577.455 0.124389436
53.232 1196942.364 0.124629635
53.360 1195347.263 0.124864838
53.485 1193792.312 0.125094957
53.607 1192277.669 0.125319908
53.727 1190803.489 0.125539607
53.844 1189369.925 0.125753972
53.959 1187977.123 0.125962922
54.070 1186625.229 0.126166378
54.179 1185314.384 0.126364263
54.285 1184044.724 0.126556499
54.388 1182816.383 0.126743014
54.487 1181629.491 0.126923734
5333919.852 0.008
5323490.035 0.008
5313069.831 0.008
5302659.339 0.008
5292258.657 0.008
5281867.887 0.008
5271487.126 0.008
5261116.477 0.008
5250756.040 0.009
5240405.918 0.009
5230066.212 0.009
5219737.027 0.009
5209418.466 0.009
5199110.633 0.009
5188813.633 0.009
5178527.573 0.009
5168252.558 0.009
5157988.696 0.009
5147736.094 0.009
5137494.861 0.009
5127265.106 0.009
5117046.938 0.009
5106840.468 0.009
5096645.806 0.009
5086463.066 0.009
5076292.358 0.009
5066133.796 0.009
5055987.493 0.009
5045853.565 0.009
5035732.126 0.009
5025623.293 0.009
5015527.181 0.009
5005443.908 0.009
4995373.593 0.009
4985316.353 0.009
4975272.309 0.009
4965241.580 0.010
4955224.288 0.010
4945220.554 0.010
4935230.500 0.010
4925254.249 0.010
4915291.927 0.010
4905343.656 0.010
4895409.563 0.010
4885489.773 0.010
4875584.414 0.010
4865693.613 0.010
4855817.499 0.010
4845956.201 0.010
4836109.849 0.010
4826278.573 0.010
4816462.506 0.010
4806661.779 0.010
4796876.527 0.010
4787106.882 0.010
4777352.979 0.010
4767614.955 0.010
4757892.945 0.010
4748187.087 0.010
4738497.519 0.010
4728824.379 0.010
4719167.808 0.011
4709527.945 0.011
4699904.932 0.011
4690298.911 0.011
4680710.025 0.011
4671138.418 0.011
4661584.235 0.011
4652047.620 0.011
4642528.721 0.011
4633027.685 0.011
4623544.659 0.011
4614079.793 0.011
4604633.236 0.011
4595205.139 0.011
4585795.654 0.011
4576404.932 0.011
4567033.128 0.011
4557680.395 0.011
4548346.887 0.011
4539032.762 0.011
4529738.176 0.011
4520463.287 0.011
4511208.252 0.012
4501973.231 0.012
4492758.386 0.012
4483563.876 0.012
4474389.864 0.012
4465236.513 0.012
4456103.987 0.012
4446992.450 0.012
4437902.069 0.012
4428833.009 0.012
4419785.439 0.012
4410759.526 0.012
4401755.440 0.012
4392773.352 0.012
4383813.431 0.012
4374875.850 0.012
4365960.783 0.012
4357068.402 0.012
4348198.883 0.012
4339352.400 0.012
4330529.132 0.012
4321729.254 0.013
4312952.945 0.013
4304200.386 0.013
4295471.754 0.013
4286767.233 0.013
4278087.003 0.013
4269431.247 0.013
4260800.149 0.013
4252193.895 0.013
4243612.668 0.013
4235056.656 0.013
4226526.046 0.013
4218021.026 0.013
4209541.786 0.013
4201088.514 0.013
4192661.402 0.013
4184260.642 0.013
4175886.427 0.013
4167538.949 0.013
4159218.403 0.014
4150924.984 0.014
4142658.888 0.014
4134420.312 0.014
4126209.455 0.014
4118026.513 0.014
4109871.688 0.014
4101745.178 0.014
4093647.186 0.014
4085577.913 0.014
4077537.562 0.014
4069526.335 0.014
4061544.439 0.014
4053592.077 0.014
4045669.456 0.014
4037776.783 0.014
4029914.264 0.014
4022082.108 0.014
4014280.524 0.015
4006509.722 0.015
3998769.913 0.015
3991061.306 0.015
3983384.116 0.015
3975738.553 0.015
3968124.832 0.015
3960543.166 0.015
3952993.770 0.015
3945476.860 0.015
3937992.651 0.015
3930541.360 0.015
3923123.205 0.015
3915738.404 0.015
3908387.174 0.015
3901069.735 0.015
3893786.308 0.015
3886537.111 0.015
3879322.367 0.016
3872142.296 0.016
3864997.120 0.016
3857887.061 0.016
3850812.344 0.016
3843773.190 0.016
3836769.824 0.016
3829802.470 0.016
3822871.352 0.016
3815976.697 0.016
3809118.729 0.016
3802297.674 0.016
3795513.759 0.016
3788767.210 0.016
3782058.254 0.016
3775387.118 0.016
3768754.030 0.016
3762159.217 0.016
3755602.907 0.017
3749085.329 0.017
3742606.711 0.017
3736167.281 0.017
3729767.268 0.017
3723406.900 0.017
3717086.408 0.017
3710806.019 0.017
3704565.963 0.017
3698366.469 0.017
3692207.766 0.017
3686090.082 0.017
3680013.648 0.017
3673978.691 0.017
3667985.441 0.017
3662034.126 0.017
3656124.974 0.017
3650258.215 0.018
3644434.077 0.018
3638652.786 0.018
3632914.571 0.018
3627219.660 0.018
3621568.278 0.018
3615960.653 0.018
3610397.012 0.018
3604877.579 0.018
3599402.581 0.018
3593972.241 0.018
3588586.786 0.018
3583246.437 0.018
3577951.420 0.018
3572701.956 0.018
3567498.267 0.018
3562340.576 0.018
3557229.101 0.018
3552164.064 0.018
3547145.684 0.019
3542174.178 0.019
3537249.765 0.019
3532372.661 0.019
3527543.081 0.019
3522761.240 0.019
3518027.353 0.019
3513341.631 0.019
3508704.287 0.019
3504115.530 0.019
3499575.571 0.019
3495084.618 0.019
3490642.877 0.019
3486250.555 0.019
3481907.856 0.019
3477614.984 0.019
3473372.139 0.019
3469179.523 0.019
3465037.335 0.019
3460945.772 0.019
3456905.031 0.020
3452915.305 0.020
3448976.788 0.020
3445089.671 0.020
3441254.145 0.020
3437470.396 0.020
3433738.611 0.020
3430058.974 0.020
3426431.669 0.020
3422856.876 0.020
3419334.774 0.020
3415865.539 0.020
3412449.348 0.020
3409086.374 0.020
3405776.786 0.020
3402520.755 0.020
3399318.447 0.020
3396170.026 0.020
3393075.656 0.020
3390035.497 0.020
3387049.707 0.020
3384118.441 0.020
3381241.853 0.020
3378420.095 0.020
3375653.315 0.020
3372941.659 0.020
3370285.271 0.021
3367684.293 0.021
3365138.863 0.021
3362649.117 0.021
3360215.191 0.021
3357837.213 0.021
3355515.314 0.021
3353249.618 0.021
3351040.249 0.021
3348887.327 0.021
3346790.970 0.021
3344751.291 0.021
3342768.404 0.021
3340842.416 0.021
3338973.435 0.021
3337161.564 0.021
3335406.902 0.021
3333709.547 0.021
3332069.594 0.021
3330487.133 0.021
3328962.253 0.021
3327495.040 0.021
3326085.575 0.021
3324733.937 0.021
3323440.203 0.021
3322204.445 0.021
3321026.733 0.021
3319907.134 0.021
3318845.710 0.021
3317842.521 0.021
3316897.625 0.021
3316011.075 0.021
3315182.922 0.021
3314413.212 0.021
3313701.989 0.021
3313049.294 0.021
3312455.165 0.021
3311919.634 0.021
3311442.732 0.021
3311024.487 0.021
3310664.923 0.021
3310364.060 0.021
3310121.915 0.021
3309938.502 0.021
3309813.833 0.021
3309747.912 0.021
3309740.746 0.021
3309792.333 0.021
3309902.672 0.021
3310071.755 0.021
3310299.573 0.021
3310586.114 0.021
3310931.360 0.021
3311335.292 0.021
3311797.887 0.021
3312319.118 0.021
3312898.956 0.021
3313537.367 0.021
3314234.316 0.021
3314989.762 0.021
3315803.663 0.021
3316675.972 0.021
3317606.639 0.021
3318595.613 0.021
3319642.837 0.021
3320748.251 0.021
3321911.793 0.021
3323133.398 0.021
3324412.996 0.021
3325750.516 0.021
3327145.882 0.021
3328599.016 0.021
3330109.837 0.021
3331678.260 0.021
3333304.198 0.021
3334987.560 0.021
3336728.252 0.021
3338526.179 0.021
3340381.239 0.021
3342293.331 0.021
3344262.350 0.021
3346288.187 0.021
3348370.730 0.021
3350509.866 0.021
3352705.479 0.021
3354957.448 0.021
3357265.650 0.021
3359629.962 0.021
3362050.255 0.021
3364526.399 0.021
3367058.260 0.021
3369645.704 0.021
3372288.591 0.020
3374986.782 0.020
3377740.132 0.020
3380548.496 0.020
3383411.727 0.020
3386329.672 0.020
3389302.180 0.020
3392329.096 0.020
3395410.261 0.020
3398545.516 0.020
3401734.699 0.020
3404977.645 0.020
3408274.189 0.020
3411624.162 0.020
3415027.393 0.020
3418483.710 0.020
3421992.938 0.020
3425554.900 0.020
3429169.419 0.020
3432836.313 0.020
3436555.401 0.020
3440326.499 0.020
3444149.420 0.020
3448023.977 0.020
3451949.981 0.020
3455927.241 0.020
3459955.564 0.019
3464034.756 0.019
3468164.622 0.019
3472344.965 0.019
3476575.584 0.019
3480856.282 0.019
3485186.855 0.019
3489567.101 0.019
3493996.816 0.019
3498475.794 0.019
3503003.829 0.019
3507580.713 0.019
3512206.236 0.019
3516880.188 0.019
3521602.358 0.019
3526372.534 0.019
3531190.501 0.019
3536056.045 0.019
3540968.952 0.019
3545929.004 0.019
3550935.984 0.018
3555989.674 0.018
3561089.856 0.018
3566236.309 0.018
3571428.813 0.018
3576667.147 0.018
3581951.089 0.018
3587280.417 0.018
3592654.907 0.018
3598074.335 0.018
3603538.478 0.018
3609047.110 0.018
3614600.007 0.018
3620196.942 0.018
3625837.690 0.018
3631522.023 0.018
3637249.716 0.018
3643020.540 0.018
3648834.268 0.018
3654690.673 0.017
3660589.525 0.017
3666530.598 0.017
3672513.662 0.017
3678538.489 0.017
3684604.850 0.017
3690712.516 0.017
3696861.258 0.017
3703050.847 0.017
3709281.055 0.017
3715551.651 0.017
3721862.408 0.017
3728213.095 0.017
3734603.485 0.017
3741033.348 0.017
3747502.455 0.017
3754010.579 0.017
3760557.490 0.017
3767142.960 0.016
3773766.762 0.016
3780428.668 0.016
3787128.450 0.016
3793865.880 0.016
3800640.733 0.016
3807452.780 0.016
3814301.797 0.016
3821187.556 0.016
3828109.833 0.016
3835068.402 0.016
3842063.039 0.016
3849093.518 0.016
3856159.617 0.016
3863261.111 0.016
3870397.777 0.016
3877569.393 0.016
3884775.738 0.015
3892016.589 0.015
3899291.725 0.015
3906600.926 0.015
3913943.973 0.015
3921320.646 0.015
3928730.725 0.015
3936173.995 0.015
3943650.235 0.015
3951159.231 0.015
3958700.766 0.015
3966274.623 0.015
3973880.589 0.015
3981518.449 0.015
3989187.990 0.015
3996888.998 0.015
4004621.263 0.015
4012384.571 0.015
4020178.713 0.014
4028003.479 0.014
4035858.660 0.014
4043744.047 0.014
4051659.432 0.014
4059604.609 0.014
4067579.372 0.014
4075583.515 0.014
4083616.834 0.014
4091679.124 0.014
4099770.184 0.014
4107889.811 0.014
4116037.803 0.014
4124213.961 0.014
4132418.084 0.014
4140649.975 0.014
4148909.434 0.014
4157196.265 0.014
4165510.272 0.013
4173851.259 0.013
4182219.032 0.013
4190613.397 0.013
4199034.161 0.013
4207481.132 0.013
4215954.120 0.013
4224452.934 0.013
4232977.385 0.013
4241527.285 0.013
4250102.445 0.013
4258702.680 0.013
4267327.803 0.013
4275977.631 0.013
4284651.978 0.013
4293350.662 0.013
4302073.501 0.013
4310820.313 0.013
4319590.919 0.013
4328385.138 0.012
4337202.793 0.012
4346043.705 0.012
4354907.698 0.012
4363794.596 0.012
4372704.224 0.012
4381636.408 0.012
4390590.976 0.012
4399567.754 0.012
4408566.572 0.012
4417587.259 0.012
4426629.645 0.012
4435693.563 0.012
4444778.844 0.012
4453885.322 0.012
4463012.831 0.012
4472161.205 0.012
4481330.281 0.012
4490519.896 0.012
4499729.887 0.012
4508960.093 0.012
4518210.353 0.011
4527480.508 0.011
4536770.398 0.011
4546079.867 0.011
4555408.758 0.011
4564756.913 0.011
4574124.178 0.011
4583510.399 0.011
4592915.422 0.011
4602339.094 0.011
4611781.264 0.011
4621241.782 0.011
4630720.496 0.011
4640217.258 0.011
4649731.920 0.011
4659264.334 0.011
4668814.354 0.011
4678381.834 0.011
4687966.629 0.011
4697568.595 0.011
4707187.589 0.011
4716823.468 0.011
4726476.092 0.010
4736145.319 0.010
4745831.010 0.010
4755533.025 0.010
4765251.227 0.010
4774985.478 0.010
4784735.641 0.010
4794501.581 0.010
4804283.163 0.010
4814080.252 0.010
4823892.715 0.010
4833720.420 0.010
4843563.235 0.010
4853421.029 0.010
4863293.672 0.010
4873181.034 0.010
4883082.986 0.010
4892999.402 0.010
4902930.153 0.010
4912875.114 0.010
4922834.158 0.010
4932807.161 0.010
4942794.000 0.010
4952794.550 0.010
4962808.689 0.010
4972836.295 0.009
4982877.248 0.009
4992931.426 0.009
5002998.711 0.009
5013078.983 0.009
5023172.124 0.009
5033278.016 0.009
5043396.544 0.009
5053527.590 0.009
5063671.040 0.009
5073826.779 0.009
5083994.693 0.009
5094174.668 0.009
5104366.593 0.009
5114570.355 0.009
5124785.843 0.009
5135012.947 0.009
5145251.557 0.009
5155501.563 0.009
5165762.857 0.009
5176035.332 0.009
5186318.879 0.009
5196613.393 0.009
5206918.768 0.009
5217234.898 0.009
5227561.679 0.009
5237899.007 0.009
5248246.778 0.009
5258604.890 0.008
5268973.241 0.008
5279351.729 0.008
5289740.254 0.008
5300138.714 0.008
5310547.011 0.008
5320965.046 0.008
5331392.720 0.008
5341829.935 0.008
29.563 1717163.258 0.078612720
29.562 1717187.587 0.078611979
29.560 1717236.065 0.078610064
29.558 1717308.692 0.078606974
29.554 1717405.464 0.078602709
29.550 1717526.377 0.078597271
29.546 1717671.428 0.078590661
29.540 1717840.611 0.078582880
29.534 1718033.919 0.078573929
29.527 1718251.344 0.078563811
29.520 1718492.878 0.078552527
29.512 1718758.510 0.078540080
29.503 1719048.231 0.078526472
29.493 1719362.028 0.078511705
29.483 1719699.889 0.078495784
29.472 1720061.799 0.078478709
29.460 1720447.744 0.078460486
29.448 1720857.707 0.078441118
29.435 1721291.673 0.078420607
29.421 1721749.622 0.078398959
29.406 1722231.537 0.078376177
29.391 1722737.397 0.078352266
29.375 1723267.181 0.078327230
29.359 1723820.867 0.078301075
29.342 1724398.433 0.078273804
29.324 1724999.854 0.078245424
29.305 1725625.106 0.078215940
29.286 1726274.163 0.078185356
29.266 1726946.998 0.078153680
29.245 1727643.583 0.078120917
29.224 1728363.890 0.078087073
29.202 1729107.889 0.078052155
29.180 1729875.549 0.078016169
29.156 1730666.839 0.077979122
29.133 1731481.725 0.077941020
29.108 1732320.176 0.077901872
29.083 1733182.156 0.077861683
29.057 1734067.631 0.077820463
29.030 1734976.563 0.077778217
29.003 1735908.917 0.077734955
28.976 1736864.654 0.077690683
28.947 1737843.734 0.077645411
28.918 1738846.120 0.077599146
28.889 1739871.769 0.077551897
28.858 1740920.641 0.077503673
28.827 1741992.694 0.077454481
28.796 1743087.883 0.077404332
28.764 1744206.166 0.077353234
28.731 1745347.497 0.077301196
28.698 1746511.831 0.077248228
28.664 1747699.121 0.077194339
28.629 1748909.321 0.077139538
28.594 1750142.382 0.077083836
28.559 1751398.255 0.077027243
28.522 1752676.891 0.076969767
28.485 1753978.239 0.076911420
28.448 1755302.249 0.076852212
28.410 1756648.869 0.076792152
28.371 1758018.046 0.076731252
28.332 1759409.726 0.076669522
28.293 1760823.856 0.076606972
28.252 1762260.381 0.076543613
28.212 1763719.246 0.076479457
28.170 1765200.394 0.076414514
28.128 1766703.770 0.076348794
28.086 1768229.314 0.076282311
28.043 1769776.970 0.076215073
28.000 1771346.678 0.076147093
27.956 1772938.379 0.076078383
27.911 1774552.013 0.076008953
27.866 1776187.520 0.075938815
27.821 1777844.837 0.075867981
27.775 1779523.905 0.075796462
27.728 1781224.659 0.075724270
27.681 1782947.036 0.075651416
27.633 1784690.975 0.075577914
27.586 1786456.409 0.075503774
27.537 1788243.275 0.075429008
27.488 1790051.508 0.075353628
27.439 1791881.041 0.075277647
27.389 1793731.809 0.075201077
27.339 1795603.744 0.075123929
27.288 1797496.779 0.075046215
27.237 1799410.848 0.074967948
27.185 1801345.881 0.074889141
27.133 1803301.810 0.074809804
27.080 1805278.565 0.074729951
27.027 1807276.078 0.074649593
26.974 1809294.279 0.074568743
26.920 1811333.096 0.074487413
26.866 1813392.459 0.074405616
26.811 1815472.297 0.074323364
26.756 1817572.539 0.074240668
26.701 1819693.112 0.074157542
26.645 1821833.944 0.074073997
26.589 1823994.962 0.073990046
26.532 1826176.094 0.073905702
26.475 1828377.266 0.073820976
26.418 1830598.404 0.073735880
26.360 1832839.435 0.073650428
26.302 1835100.283 0.073564631
26.244 1837380.875 0.073478501
26.185 1839681.135 0.073392052
26.126 1842000.988 0.073305293
26.066 1844340.359 0.073218239
26.007 1846699.172 0.073130902
25.947 1849077.351 0.073043292
25.886 1851474.821 0.072955423
25.825 1853891.503 0.072867306
25.764 1856327.323 0.072778953
25.703 1858782.202 0.072690377
25.641 1861256.064 0.072601590
25.579 1863748.832 0.072512602
25.517 1866260.428 0.072423427
25.454 1868790.775 0.072334076
25.391 1871339.795 0.072244560
25.328 1873907.409 0.072154891
25.264 1876493.540 0.072065082
25.201 1879098.110 0.071975144
25.137 1881721.040 0.071885088
25.072 1884362.252 0.071794925
25.008 1887021.666 0.071704669
24.943 1889699.206 0.071614328
24.878 1892394.791 0.071523916
24.813 1895108.342 0.071433444
24.747 1897839.782 0.071342922
24.681 1900589.030 0.071252362
24.615 1903356.008 0.071161775
24.549 1906140.636 0.071071172
24.483 1908942.836 0.070980565
24.416 1911762.528 0.070889963
24.349 1914599.632 0.070799379
24.282 1917454.070 0.070708822
24.215 1920325.763 0.070618304
24.147 1923214.630 0.070527835
24.079 1926120.592 0.070437427
24.011 1929043.571 0.070347088
23.943 1931983.487 0.070256831
23.875 1934940.260 0.070166665
23.806 1937913.811 0.070076601
23.738 1940904.061 0.069986649
23.669 1943910.931 0.069896819
23.600 1946934.341 0.069807122
23.531 1949974.213 0.069717567
23.461 1953030.468 0.069628165
23.392 1956103.025 0.069538925
23.322 1959191.807 0.069449858
23.252 1962296.735 0.069360973
23.182 1965417.729 0.069272280
23.112 1968554.712 0.069183789
23.042 1971707.604 0.069095509
22.971 1974876.326 0.069007450
22.901 1978060.802 0.068919620
22.830 1981260.951 0.068832031
22.759 1984476.697 0.068744690
22.688 1987707.960 0.068657608
22.617 1990954.663 0.068570792
22.546 1994216.729 0.068484254
22.475 1997494.079 0.068398000
22.404 2000786.636 0.068312041
22.332 2004094.323 0.068226386
22.261 2007417.062 0.068141043
22.189 2010754.776 0.068056020
22.117 2014107.388 0.067971327
22.045 2017474.822 0.067886973
21.973 2020857.000 0.067802965
21.901 2024253.848 0.067719313
21.829 2027665.287 0.067636024
21.757 2031091.242 0.067553108
21.685 2034531.637 0.067470572
21.612 2037986.397 0.067388424
21.540 2041455.446 0.067306674
21.467 2044938.708 0.067225328
21.395 2048436.108 0.067144395
21.322 2051947.572 0.067063883
21.249 2055473.025 0.066983801
21.177 2059012.391 0.066904155
21.104 2062565.598 0.066824953
21.031 2066132.570 0.066746204
20.958 2069713.235 0.066667915
20.885 2073307.517 0.066590093
20.812 2076915.344 0.066512747
20.739 2080536.643 0.066435884
20.666 2084171.340 0.066359511
20.593 2087819.363 0.066283635
20.520 2091480.639 0.066208265
20.446 2095155.096 0.066133407
20.373 2098842.662 0.066059068
20.300 2102543.264 0.065985257
20.227 2106256.833 0.065911979
20.153 2109983.296 0.065839243
20.080 2113722.581 0.065767055
20.007 2117474.619 0.065695422
