20.001 2114484.519 0.065851278
20.054 2111765.952 0.065903310
20.107 2109067.367 0.065955375
20.159 2106388.845 0.066007463
20.212 2103730.466 0.066059565
20.264 2101092.310 0.066111672
20.316 2098474.457 0.066163772
20.367 2095876.986 0.066215856
20.419 2093299.976 0.066267914
20.470 2090743.506 0.066319936
20.520 2088207.655 0.066371912
20.571 2085692.502 0.066423832
20.621 2083198.124 0.066475687
20.670 2080724.599 0.066527466
20.720 2078272.006 0.066579159
20.769 2075840.421 0.066630757
20.818 2073429.922 0.066682250
20.866 2071040.585 0.066733627
20.914 2068672.487 0.066784879
20.962 2066325.704 0.066835995
21.010 2064000.311 0.066886967
21.057 2061696.384 0.066937784
21.103 2059413.998 0.066988436
21.150 2057153.228 0.067038913
21.196 2054914.148 0.067089206
21.242 2052696.832 0.067139305
21.287 2050501.354 0.067189200
21.332 2048327.786 0.067238881
21.377 2046176.201 0.067288339
21.421 2044046.672 0.067337563
21.465 2041939.270 0.067386545
21.508 2039854.067 0.067435274
21.552 2037791.133 0.067483741
21.594 2035750.540 0.067531936
21.637 2033732.356 0.067579850
21.679 2031736.653 0.067627473
21.720 2029763.497 0.067674796
21.761 2027812.959 0.067721810
21.802 2025885.105 0.067768504
21.843 2023980.004 0.067814870
21.883 2022097.722 0.067860898
21.922 2020238.326 0.067906580
21.961 2018401.881 0.067951905
22.000 2016588.452 0.067996865
22.038 2014798.105 0.068041450
22.076 2013030.902 0.068085653
22.114 2011286.909 0.068129462
22.151 2009566.187 0.068172871
22.187 2007868.798 0.068215869
22.223 2006194.805 0.068258448
22.259 2004544.268 0.068300600
22.294 2002917.247 0.068342315
22.329 2001313.802 0.068383586
22.363 1999733.992 0.068424403
22.397 1998177.876 0.068464758
22.430 1996645.510 0.068504643
22.463 1995136.952 0.068544050
22.496 1993652.259 0.068582969
22.528 1992191.484 0.068621395
22.559 1990754.684 0.068659317
22.590 1989341.912 0.068696728
22.621 1987953.221 0.068733621
22.651 1986588.664 0.068769988
22.680 1985248.293 0.068805821
22.709 1983932.159 0.068841112
22.738 1982640.312 0.068875854
22.766 1981372.800 0.068910040
22.794 1980129.674 0.068943662
22.821 1978910.981 0.068976713
22.847 1977716.767 0.069009187
22.873 1976547.079 0.069041076
22.899 1975401.962 0.069072373
22.924 1974281.461 0.069103072
22.948 1973185.619 0.069133166
22.972 1972114.479 0.069162648
22.996 1971068.084 0.069191513
23.019 1970046.473 0.069219754
23.041 1969049.688 0.069247365
23.063 1968077.768 0.069274340
23.084 1967130.750 0.069300673
23.105 1966208.673 0.069326358
23.126 1965311.574 0.069351390
23.145 1964439.487 0.069375763
23.164 1963592.448 0.069399473
23.183 1962770.490 0.069422512
23.201 1961973.646 0.069444878
23.219 1961201.949 0.069466564
23.236 1960455.429 0.069487566
23.252 1959734.117 0.069507879
23.268 1959038.042 0.069527500
23.284 1958367.231 0.069546422
23.298 1957721.712 0.069564643
23.313 1957101.511 0.069582158
23.326 1956506.653 0.069598963
23.339 1955937.163 0.069615054
23.352 1955393.064 0.069630428
23.364 1954874.379 0.069645082
23.375 1954381.128 0.069659012
23.386 1953913.331 0.069672214
23.397 1953471.009 0.069684687
23.406 1953054.179 0.069696426
23.416 1952662.859 0.069707430
23.424 1952297.064 0.069717696
23.432 1951956.811 0.069727221
23.440 1951642.113 0.069736003
23.447 1951352.984 0.069744041
23.453 1951089.435 0.069751332
23.459 1950851.478 0.069757875
23.464 1950639.123 0.069763667
23.468 1950452.380 0.069768708
23.472 1950291.255 0.069772997
23.476 1950155.756 0.069776532
23.479 1950045.890 0.069779313
23.481 1949961.660 0.069781338
23.482 1949903.071 0.069782607
23.484 1949870.127 0.069783120
23.484 1949862.827 0.069782877
23.484 1949881.174 0.069781877
23.483 1949925.168 0.069780120
23.482 1949994.806 0.069777607
23.480 1950090.086 0.069774338
23.478 1950211.006 0.069770315
23.475 1950357.560 0.069765536
23.472 1950529.743 0.069760004
23.467 1950727.549 0.069753720
23.463 1950950.971 0.069746684
23.458 1951199.999 0.069738898
23.452 1951474.624 0.069730364
23.445 1951774.835 0.069721084
23.438 1952100.621 0.069711059
23.431 1952451.970 0.069700291
23.423 1952828.866 0.069688783
23.414 1953231.296 0.069676537
23.405 1953659.245 0.069663556
23.395 1954112.694 0.069649841
23.384 1954591.627 0.069635397
23.374 1955096.024 0.069620226
23.362 1955625.866 0.069604331
23.350 1956181.132 0.069587716
23.337 1956761.801 0.069570384
23.324 1957367.849 0.069552339
23.310 1957999.253 0.069533584
23.296 1958655.987 0.069514123
23.281 1959338.027 0.069493961
23.265 1960045.346 0.069473102
23.249 1960777.916 0.069451549
23.233 1961535.708 0.069429309
23.216 1962318.693 0.069406384
23.198 1963126.840 0.069382781
23.180 1963960.117 0.069358503
23.161 1964818.493 0.069333556
23.142 1965701.934 0.069307946
23.122 1966610.406 0.069281677
23.102 1967543.874 0.069254756
23.081 1968502.300 0.069227187
23.059 1969485.649 0.069198976
23.037 1970493.883 0.069170130
23.015 1971526.962 0.069140654
22.992 1972584.848 0.069110555
22.968 1973667.498 0.069079838
22.944 1974774.873 0.069048510
22.920 1975906.929 0.069016578
22.895 1977063.624 0.068984047
22.869 1978244.913 0.068950926
22.843 1979450.751 0.068917220
22.816 1980681.094 0.068882937
22.789 1981935.894 0.068848083
22.761 1983215.104 0.068812666
22.733 1984518.676 0.068776693
22.705 1985846.560 0.068740171
22.676 1987198.708 0.068703109
22.646 1988575.069 0.068665512
22.616 1989975.591 0.068627390
22.585 1991400.223 0.068588749
22.554 1992848.911 0.068549598
22.523 1994321.602 0.068509945
22.491 1995818.242 0.068469797
22.458 1997338.775 0.068429163
22.425 1998883.147 0.068388051
22.392 2000451.300 0.068346469
22.358 2002043.177 0.068304425
22.323 2003658.721 0.068261928
22.289 2005297.873 0.068218987
22.253 2006960.574 0.068175610
22.218 2008646.764 0.068131805
22.182 2010356.382 0.068087581
22.145 2012089.368 0.068042948
22.108 2013845.659 0.067997914
22.071 2015625.194 0.067952487
22.033 2017427.909 0.067906677
21.994 2019253.740 0.067860493
21.956 2021102.624 0.067813944
21.916 2022974.495 0.067767039
21.877 2024869.289 0.067719788
21.837 2026786.939 0.067672198
21.796 2028727.379 0.067624281
21.756 2030690.542 0.067576044
21.714 2032676.360 0.067527498
21.673 2034684.766 0.067478652
21.631 2036715.690 0.067429515
21.589 2038769.064 0.067380096
21.546 2040844.818 0.067330407
21.503 2042942.882 0.067280454
21.459 2045063.185 0.067230250
21.415 2047205.657 0.067179802
21.371 2049370.226 0.067129122
21.326 2051556.821 0.067078217
21.281 2053765.368 0.067027099
21.236 2055995.795 0.066975777
21.190 2058248.030 0.066924260
21.144 2060521.998 0.066872558
21.098 2062817.625 0.066820682
21.051 2065134.838 0.066768641
21.004 2067473.562 0.066716444
20.956 2069833.721 0.066664102
20.908 2072215.240 0.066611625
20.860 2074618.044 0.066559022
20.812 2077042.056 0.066506303
20.763 2079487.200 0.066453478
20.714 2081953.399 0.066400557
20.665 2084440.576 0.066347550
20.615 2086948.655 0.066294467
20.565 2089477.557 0.066241317
20.515 2092027.205 0.066188111
20.464 2094597.519 0.066134858
20.413 2097188.424 0.066081568
20.362 2099799.838 0.066028252
20.310 2102431.684 0.065974919
20.259 2105083.882 0.065921579
20.207 2107756.354 0.065868242
20.154 2110449.019 0.065814917
20.102 2113161.799 0.065761615
20.049 2115894.612 0.065708346
0.0 0.0 0.0
0.0 0.0 0.0
0.0 0.0 0.0
0.0 0.0 0.0
0.0 0.0 0.0
0.0 0.0 0.0
0.0 0.0 0.0
0.0 0.0 0.0
0.0 0.0 0.0
0.0 0.0 0.0
0.0 0.0 0.0
0.0 0.0 0.0
0.0 0.0 0.0
0.0 0.0 0.0
0.0 0.0 0.0
0.0 0.0 0.0
0.0 0.0 0.0
0.0 0.0 0.0
0.0 0.0 0.0
0.0 0.0 0.0
0.0 0.0 0.0
0.0 0.0 0.0
0.0 0.0 0.0
0.0 0.0 0.0
0.0 0.0 0.0
0.0 0.0 0.0
0.0 0.0 0.0
0.0 0.0 0.0
0.0 0.0 0.0
0.0 0.0 0.0
0.0 0.0 0.0
0.0 0.0 0.0
0.0 0.0 0.0
0.0 0.0 0.0
5342333.516 0.008
5331897.064 0.008
5321470.149 0.008
5311052.868 0.008
5300645.319 0.008
5290247.602 0.008
5279859.816 0.008
5269482.060 0.008
5259114.437 0.008
5248757.047 0.009
5238409.993 0.009
5228073.376 0.009
5217747.301 0.009
5207431.872 0.009
5197127.192 0.009
5186833.367 0.009
5176550.504 0.009
5166278.707 0.009
5156018.086 0.009
5145768.746 0.009
5135530.798 0.009
5125304.349 0.009
5115089.511 0.009
5104886.392 0.009
5094695.105 0.009
5084515.761 0.009
5074348.473 0.009
5064193.353 0.009
5054050.517 0.009
5043920.078 0.009
5033802.151 0.009
5023696.854 0.009
5013604.301 0.009
5003524.612 0.009
4993457.903 0.009
4983404.294 0.009
4973363.904 0.009
4963336.854 0.010
4953323.265 0.010
4943323.258 0.010
4933336.956 0.010
4923364.483 0.010
4913405.961 0.010
4903461.517 0.010
4893531.275 0.010
4883615.362 0.010
4873713.905 0.010
4863827.031 0.010
4853954.870 0.010
4844097.550 0.010
4834255.202 0.010
4824427.957 0.010
4814615.945 0.010
4804819.301 0.010
4795038.157 0.010
4785272.647 0.010
4775522.907 0.010
4765789.071 0.010
4756071.276 0.010
4746369.660 0.010
4736684.361 0.010
4727015.518 0.010
4717363.270 0.011
4707727.759 0.011
4698109.125 0.011
4688507.511 0.011
4678923.060 0.011
4669355.915 0.011
4659806.223 0.011
4650274.128 0.011
4640759.777 0.011
4631263.317 0.011
4621784.896 0.011
4612324.664 0.011
4602882.770 0.011
4593459.365 0.011
4584054.601 0.011
4574668.630 0.011
4565301.606 0.011
4555953.682 0.011
4546625.015 0.011
4537315.760 0.011
4528026.074 0.011
4518756.114 0.011
4509506.040 0.012
4500276.010 0.012
4491066.186 0.012
4481876.729 0.012
4472707.801 0.012
4463559.564 0.012
4454432.184 0.012
4445325.825 0.012
4436240.652 0.012
4427176.832 0.012
4418134.534 0.012
4409113.925 0.012
4400115.175 0.012
4391138.455 0.012
4382183.934 0.012
4373251.787 0.012
4364342.185 0.012
4355455.302 0.012
4346591.314 0.012
4337750.395 0.012
4328932.724 0.012
4320138.477 0.013
4311367.832 0.013
4302620.970 0.013
4293898.069 0.013
4285199.313 0.013
4276524.881 0.013
4267874.958 0.013
4259249.728 0.013
4250649.374 0.013
4242074.083 0.013
4233524.042 0.013
4224999.437 0.013
4216500.457 0.013
4208027.291 0.013
4199580.129 0.013
4191159.162 0.013
4182764.582 0.013
4174396.582 0.013
4166055.355 0.013
4157741.096 0.014
4149454.000 0.014
4141194.263 0.014
4132962.082 0.014
4124757.655 0.014
4116581.180 0.014
4108432.858 0.014
4100312.888 0.014
4092221.472 0.014
4084158.812 0.014
4076125.110 0.014
4068120.570 0.014
4060145.397 0.014
4052199.796 0.014
4044283.972 0.014
4036398.133 0.014
4028542.486 0.014
4020717.240 0.014
4012922.604 0.015
4005158.786 0.015
3997425.999 0.015
3989724.453 0.015
3982054.360 0.015
3974415.933 0.015
3966809.385 0.015
3959234.931 0.015
3951692.785 0.015
3944183.163 0.015
3936706.280 0.015
3929262.354 0.015
3921851.602 0.015
3914474.242 0.015
3907130.492 0.015
3899820.572 0.015
3892544.701 0.015
3885303.100 0.015
3878095.989 0.016
3870923.591 0.016
3863786.126 0.016
3856683.818 0.016
3849616.889 0.016
3842585.563 0.016
3835590.063 0.016
3828630.614 0.016
3821707.441 0.016
3814820.769 0.016
3807970.822 0.016
3801157.828 0.016
3794382.012 0.016
3787643.601 0.016
3780942.822 0.016
3774279.902 0.016
3767655.068 0.016
3761068.548 0.017
3754520.570 0.017
3748011.362 0.017
3741541.153 0.017
3735110.171 0.017
3728718.644 0.017
3722366.801 0.017
3716054.872 0.017
3709783.084 0.017
3703551.668 0.017
3697360.852 0.017
3691210.864 0.017
3685101.935 0.017
3679034.292 0.017
3673008.165 0.017
3667023.782 0.017
3661081.372 0.017
3655181.163 0.017
3649323.384 0.018
3643508.263 0.018
3637736.027 0.018
3632006.904 0.018
3626321.120 0.018
3620678.904 0.018
3615080.481 0.018
3609526.077 0.018
3604015.919 0.018
3598550.231 0.018
3593129.238 0.018
3587753.165 0.018
3582422.234 0.018
3577136.670 0.018
3571896.694 0.018
3566702.529 0.018
3561554.395 0.018
3556452.513 0.018
3551397.103 0.018
3546388.383 0.019
3541426.572 0.019
3536511.887 0.019
3531644.544 0.019
3526824.758 0.019
3522052.745 0.019
3517328.718 0.019
3512652.888 0.019
3508025.467 0.019
3503446.667 0.019
3498916.695 0.019
3494435.760 0.019
3490004.068 0.019
3485621.825 0.019
3481289.236 0.019
3477006.502 0.019
3472773.826 0.019
3468591.408 0.019
3464459.446 0.019
3460378.138 0.019
3456347.680 0.020
3452368.264 0.020
3448440.085 0.020
3444563.333 0.020
3440738.197 0.020
3436964.865 0.020
3433243.523 0.020
3429574.355 0.020
3425957.542 0.020
3422393.267 0.020
3418881.706 0.020
3415423.037 0.020
3412017.434 0.020
3408665.069 0.020
3405366.115 0.020
3402120.738 0.020
3398929.105 0.020
3395791.382 0.020
3392707.729 0.020
3389678.306 0.020
3386703.272 0.020
3383782.781 0.020
3380916.986 0.020
3378106.039 0.020
3375350.087 0.020
3372649.276 0.020
3370003.749 0.021
3367413.648 0.021
3364879.110 0.021
3362400.272 0.021
3359977.266 0.021
3357610.223 0.021
3355299.271 0.021
3353044.535 0.021
3350846.137 0.021
3348704.198 0.021
3346618.834 0.021
3344590.159 0.021
3342618.285 0.021
3340703.320 0.021
3338845.369 0.021
3337044.536 0.021
3335300.919 0.021
3333614.617 0.021
3331985.721 0.021
3330414.324 0.021
3328900.512 0.021
3327444.371 0.021
3326045.982 0.021
3324705.423 0.021
3323422.770 0.021
3322198.094 0.021
3321031.466 0.021
3319922.950 0.021
3318872.610 0.021
3317880.505 0.021
3316946.690 0.021
3316071.220 0.021
3315254.143 0.021
3314495.506 0.021
3313795.353 0.021
3313153.722 0.021
3312570.652 0.021
3312046.174 0.021
3311580.319 0.021
3311173.114 0.021
3310824.582 0.021
3310534.742 0.021
3310303.611 0.021
3310131.203 0.021
3310017.527 0.021
3309962.590 0.021
3309966.395 0.021
3310028.942 0.021
3310150.226 0.021
3310330.242 0.021
3310568.979 0.021
3310866.424 0.021
3311222.558 0.021
3311637.363 0.021
3312110.814 0.021
3312642.884 0.021
3313233.542 0.021
3313882.756 0.021
3314590.489 0.021
3315356.699 0.021
3316181.343 0.021
3317064.375 0.021
3318005.744 0.021
3319005.397 0.021
3320063.278 0.021
3321179.326 0.021
3322353.478 0.021
3323585.669 0.021
3324875.828 0.021
3326223.883 0.021
3327629.759 0.021
3329093.377 0.021
3330614.654 0.021
3332193.506 0.021
3333829.844 0.021
3335523.578 0.021
3337274.613 0.021
3339082.853 0.021
3340948.196 0.021
3342870.541 0.021
3344849.781 0.021
3346885.807 0.021
3348978.508 0.021
3351127.769 0.021
3353333.474 0.021
3355595.501 0.021
3357913.728 0.021
3360288.030 0.021
3362718.278 0.021
3365204.342 0.021
3367746.087 0.021
3370343.379 0.021
3372996.078 0.020
3375704.043 0.020
3378467.130 0.020
3381285.194 0.020
3384158.085 0.020
3387085.653 0.020
3390067.745 0.020
3393104.205 0.020
3396194.875 0.020
3399339.595 0.020
3402538.203 0.020
3405790.533 0.020
3409096.420 0.020
3412455.695 0.020
3415868.186 0.020
3419333.721 0.020
3422852.125 0.020
3426423.221 0.020
3430046.831 0.020
3433722.773 0.020
3437450.865 0.020
3441230.924 0.020
3445062.762 0.020
3448946.192 0.020
3452881.025 0.020
3456867.069 0.020
3460904.132 0.019
3464992.019 0.019
3469130.534 0.019
3473319.480 0.019
3477558.658 0.019
3481847.868 0.019
3486186.909 0.019
3490575.576 0.019
3495013.665 0.019
3499500.972 0.019
3504037.288 0.019
3508622.407 0.019
3513256.118 0.019
3517938.211 0.019
3522668.476 0.019
3527446.698 0.019
3532272.665 0.019
3537146.161 0.019
3542066.973 0.019
3547034.882 0.019
3552049.672 0.018
3557111.124 0.018
3562219.020 0.018
3567373.139 0.018
3572573.262 0.018
3577819.166 0.018
3583110.631 0.018
3588447.432 0.018
3593829.349 0.018
3599256.155 0.018
3604727.629 0.018
3610243.543 0.018
3615803.674 0.018
3621407.795 0.018
3627055.680 0.018
3632747.103 0.018
3638481.837 0.018
3644259.655 0.018
3650080.329 0.018
3655943.631 0.017
3661849.333 0.017
3667797.207 0.017
3673787.025 0.017
3679818.558 0.017
3685891.577 0.017
3692005.853 0.017
3698161.158 0.017
3704357.263 0.017
3710593.938 0.017
3716870.954 0.017
3723188.084 0.017
3729545.097 0.017
3735941.765 0.017
3742377.859 0.017
3748853.151 0.017
3755367.412 0.017
3761920.413 0.016
3768511.928 0.016
3775141.727 0.016
3781809.584 0.016
3788515.270 0.016
3795258.559 0.016
3802039.224 0.016
3808857.038 0.016
3815711.776 0.016
3822603.210 0.016
3829531.117 0.016
3836495.270 0.016
3843495.445 0.016
3850531.418 0.016
3857602.965 0.016
3864709.863 0.016
3871851.889 0.016
3879028.820 0.016
3886240.435 0.015
3893486.512 0.015
3900766.830 0.015
3908081.170 0.015
3915429.312 0.015
3922811.035 0.015
3930226.123 0.015
3937674.357 0.015
3945155.520 0.015
3952669.394 0.015
3960215.765 0.015
3967794.416 0.015
3975405.134 0.015
3983047.704 0.015
3990721.912 0.015
3998427.546 0.015
4006164.395 0.015
4013932.246 0.015
4021730.891 0.014
4029560.118 0.014
4037419.718 0.014
4045309.485 0.014
4053229.209 0.014
4061178.685 0.014
4069157.707 0.014
4077166.069 0.014
4085203.567 0.014
4093269.998 0.014
4101365.159 0.014
4109488.848 0.014
4117640.864 0.014
4125821.006 0.014
4134029.076 0.014
4142264.874 0.014
4150528.204 0.014
4158818.867 0.014
4167136.668 0.013
4175481.413 0.013
4183852.906 0.013
4192250.954 0.013
4200675.364 0.013
4209125.946 0.013
4217602.507 0.013
4226104.858 0.013
4234632.810 0.013
4243186.175 0.013
4251764.766 0.013
4260368.396 0.013
4268996.879 0.013
4277650.031 0.013
4286327.668 0.013
4295029.607 0.013
4303755.667 0.013
4312505.667 0.013
4321279.425 0.013
4330076.764 0.012
4338897.504 0.012
4347741.469 0.012
4356608.481 0.012
4365498.366 0.012
4374410.947 0.012
4383346.053 0.012
4392303.509 0.012
4401283.145 0.012
4410284.787 0.012
4419308.267 0.012
4428353.416 0.012
4437420.064 0.012
4446508.045 0.012
4455617.191 0.012
4464747.337 0.012
4473898.319 0.012
4483069.972 0.012
4492262.133 0.012
4501474.641 0.012
4510707.333 0.012
4519960.051 0.011
4529232.634 0.011
4538524.923 0.011
4547836.762 0.011
4557167.993 0.011
4566518.461 0.011
4575888.010 0.011
4585276.487 0.011
4594683.737 0.011
4604109.609 0.011
4613553.952 0.011
4623016.614 0.011
4632497.445 0.011
4641996.297 0.011
4651513.022 0.011
4661047.473 0.011
4670599.503 0.011
4680168.966 0.011
4689755.718 0.011
4699359.615 0.011
4708980.514 0.011
4718618.273 0.011
4728272.750 0.010
4737943.806 0.010
4747631.300 0.010
4757335.093 0.010
4767055.049 0.010
4776791.028 0.010
4786542.895 0.010
4796310.515 0.010
4806093.752 0.010
4815892.473 0.010
4825706.544 0.010
4835535.833 0.010
4845380.208 0.010
4855239.539 0.010
4865113.695 0.010
4875002.548 0.010
4884905.968 0.010
4894823.829 0.010
4904756.003 0.010
4914702.363 0.010
4924662.785 0.010
4934637.145 0.010
4944625.317 0.010
4954627.178 0.010
4964642.608 0.010
4974671.483 0.009
4984713.683 0.009
4994769.087 0.009
5004837.576 0.009
5014919.032 0.009
5025013.337 0.009
5035120.372 0.009
5045240.021 0.009
5055372.170 0.009
5065516.701 0.009
5075673.501 0.009
5085842.457 0.009
5096023.454 0.009
5106216.381 0.009
5116421.125 0.009
5126637.577 0.009
5136865.624 0.009
5147105.159 0.009
5157356.071 0.009
5167618.252 0.009
5177891.595 0.009
5188175.992 0.009
5198471.337 0.009
5208777.525 0.009
5219094.449 0.009
5229422.007 0.009
5239760.093 0.009
5250108.605 0.009
5260467.440 0.008
5270836.496 0.008
5281215.673 0.008
5291604.868 0.008
5302003.982 0.008
5312412.915 0.008
5322831.569 0.008
5333259.845 0.008
5343697.646 0.008
0.0 0.0 0.0
0.0 0.0 0.0
0.0 0.0 0.0
0.0 0.0 0.0
0.0 0.0 0.0
0.0 0.0 0.0
0.0 0.0 0.0
0.0 0.0 0.0
0.0 0.0 0.0
0.0 0.0 0.0
0.0 0.0 0.0
0.0 0.0 0.0
0.0 0.0 0.0
0.0 0.0 0.0
0.0 0.0 0.0
0.0 0.0 0.0
0.0 0.0 0.0
0.0 0.0 0.0
0.0 0.0 0.0
0.0 0.0 0.0
0.0 0.0 0.0
0.0 0.0 0.0
0.0 0.0 0.0
0.0 0.0 0.0
0.0 0.0 0.0
0.0 0.0 0.0
0.0 0.0 0.0
0.0 0.0 0.0
0.0 0.0 0.0
0.0 0.0 0.0
0.0 0.0 0.0
0.0 0.0 0.0
0.0 0.0 0.0
0.0 0.0 0.0
0.0 0.0 0.0
0.0 0.0 0.0
0.0 0.0 0.0
0.0 0.0 0.0
0.0 0.0 0.0
0.0 0.0 0.0
0.0 0.0 0.0
0.0 0.0 0.0
0.0 0.0 0.0
0.0 0.0 0.0
0.0 0.0 0.0
0.0 0.0 0.0
0.0 0.0 0.0
0.0 0.0 0.0
0.0 0.0 0.0
0.0 0.0 0.0
0.0 0.0 0.0
0.0 0.0 0.0
0.0 0.0 0.0
0.0 0.0 0.0
0.0 0.0 0.0
0.0 0.0 0.0
0.0 0.0 0.0
0.0 0.0 0.0
0.0 0.0 0.0
0.0 0.0 0.0
0.0 0.0 0.0
0.0 0.0 0.0
0.0 0.0 0.0
0.0 0.0 0.0
0.0 0.0 0.0
0.0 0.0 0.0
0.0 0.0 0.0
0.0 0.0 0.0
0.0 0.0 0.0
0.0 0.0 0.0
0.0 0.0 0.0
0.0 0.0 0.0
0.0 0.0 0.0
0.0 0.0 0.0
0.0 0.0 0.0
0.0 0.0 0.0
0.0 0.0 0.0
0.0 0.0 0.0
0.0 0.0 0.0
0.0 0.0 0.0
0.0 0.0 0.0
0.0 0.0 0.0
0.0 0.0 0.0
0.0 0.0 0.0
0.0 0.0 0.0
0.0 0.0 0.0
0.0 0.0 0.0
0.0 0.0 0.0
0.0 0.0 0.0
0.0 0.0 0.0
0.0 0.0 0.0
0.0 0.0 0.0
0.0 0.0 0.0
0.0 0.0 0.0
0.0 0.0 0.0
0.0 0.0 0.0
0.0 0.0 0.0
0.0 0.0 0.0
0.0 0.0 0.0
0.0 0.0 0.0
0.0 0.0 0.0
0.0 0.0 0.0
0.0 0.0 0.0
0.0 0.0 0.0
0.0 0.0 0.0
0.0 0.0 0.0
0.0 0.0 0.0
0.0 0.0 0.0
0.0 0.0 0.0
0.0 0.0 0.0
0.0 0.0 0.0
0.0 0.0 0.0
0.0 0.0 0.0
0.0 0.0 0.0
0.0 0.0 0.0
0.0 0.0 0.0
0.0 0.0 0.0
0.0 0.0 0.0
0.0 0.0 0.0
0.0 0.0 0.0
0.0 0.0 0.0
0.0 0.0 0.0
0.0 0.0 0.0
0.0 0.0 0.0
0.0 0.0 0.0
0.0 0.0 0.0
0.0 0.0 0.0
0.0 0.0 0.0
0.0 0.0 0.0
0.0 0.0 0.0
0.0 0.0 0.0
0.0 0.0 0.0
0.0 0.0 0.0
0.0 0.0 0.0
0.0 0.0 0.0
0.0 0.0 0.0
0.0 0.0 0.0
0.0 0.0 0.0
0.0 0.0 0.0
0.0 0.0 0.0
0.0 0.0 0.0
0.0 0.0 0.0
0.0 0.0 0.0
0.0 0.0 0.0
0.0 0.0 0.0
0.0 0.0 0.0
0.0 0.0 0.0
0.0 0.0 0.0
0.0 0.0 0.0
0.0 0.0 0.0
0.0 0.0 0.0
0.0 0.0 0.0
0.0 0.0 0.0
0.0 0.0 0.0
0.0 0.0 0.0
0.0 0.0 0.0
0.0 0.0 0.0
0.0 0.0 0.0
0.0 0.0 0.0
0.0 0.0 0.0
0.0 0.0 0.0
0.0 0.0 0.0
0.0 0.0 0.0
0.0 0.0 0.0
0.0 0.0 0.0
0.0 0.0 0.0
0.0 0.0 0.0
0.0 0.0 0.0
0.0 0.0 0.0
0.0 0.0 0.0
0.0 0.0 0.0
0.0 0.0 0.0
0.0 0.0 0.0
0.0 0.0 0.0
0.0 0.0 0.0
0.0 0.0 0.0
0.0 0.0 0.0
0.0 0.0 0.0
0.0 0.0 0.0
0.0 0.0 0.0
0.0 0.0 0.0
0.0 0.0 0.0
0.0 0.0 0.0
0.0 0.0 0.0
0.0 0.0 0.0
0.0 0.0 0.0
0.0 0.0 0.0
0.0 0.0 0.0
0.0 0.0 0.0
0.0 0.0 0.0
0.0 0.0 0.0
0.0 0.0 0.0
0.0 0.0 0.0
0.0 0.0 0.0
0.0 0.0 0.0
0.0 0.0 0.0
0.0 0.0 0.0
0.0 0.0 0.0
0.0 0.0 0.0
0.0 0.0 0.0
0.0 0.0 0.0
0.0 0.0 0.0
0.0 0.0 0.0
0.0 0.0 0.0
0.0 0.0 0.0
0.0 0.0 0.0
0.0 0.0 0.0
0.0 0.0 0.0
0.0 0.0 0.0
0.0 0.0 0.0
0.0 0.0 0.0
0.0 0.0 0.0
0.0 0.0 0.0
0.0 0.0 0.0
0.0 0.0 0.0
0.0 0.0 0.0
0.0 0.0 0.0
0.0 0.0 0.0
0.0 0.0 0.0
0.0 0.0 0.0
0.0 0.0 0.0
0.0 0.0 0.0
0.0 0.0 0.0
0.0 0.0 0.0
0.0 0.0 0.0
0.0 0.0 0.0
0.0 0.0 0.0
0.0 0.0 0.0
0.0 0.0 0.0
0.0 0.0 0.0
0.0 0.0 0.0
0.0 0.0 0.0
0.0 0.0 0.0
0.0 0.0 0.0
0.0 0.0 0.0
0.0 0.0 0.0
0.0 0.0 0.0
0.0 0.0 0.0
0.0 0.0 0.0
0.0 0.0 0.0
0.0 0.0 0.0
0.0 0.0 0.0
0.0 0.0 0.0
0.0 0.0 0.0
0.0 0.0 0.0
0.0 0.0 0.0
0.0 0.0 0.0
0.0 0.0 0.0
0.0 0.0 0.0
0.0 0.0 0.0
0.0 0.0 0.0
0.0 0.0 0.0
0.0 0.0 0.0
0.0 0.0 0.0
0.0 0.0 0.0
0.0 0.0 0.0
0.0 0.0 0.0
0.0 0.0 0.0
0.0 0.0 0.0
0.0 0.0 0.0
0.0 0.0 0.0
0.0 0.0 0.0
0.0 0.0 0.0
0.0 0.0 0.0
0.0 0.0 0.0
0.0 0.0 0.0
0.0 0.0 0.0
0.0 0.0 0.0
0.0 0.0 0.0
0.0 0.0 0.0
0.0 0.0 0.0
0.0 0.0 0.0
0.0 0.0 0.0
0.0 0.0 0.0
0.0 0.0 0.0
0.0 0.0 0.0
0.0 0.0 0.0
0.0 0.0 0.0
0.0 0.0 0.0
0.0 0.0 0.0
0.0 0.0 0.0
0.0 0.0 0.0
0.0 0.0 0.0
0.0 0.0 0.0
0.0 0.0 0.0
0.0 0.0 0.0
5337010.587 0.008
5327797.792 0.008
5318590.114 0.008
5309387.615 0.008
5300190.359 0.008
5290998.411 0.008
5281811.835 0.008
5272630.695 0.008
5263455.056 0.008
5254284.985 0.008
5245120.546 0.009
5235961.806 0.009
5226808.832 0.009
5217661.690 0.009
5208520.447 0.009
5199385.171 0.009
5190255.931 0.009
5181132.793 0.009
5172015.828 0.009
5162905.104 0.009
5153800.690 0.009
5144702.656 0.009
5135611.073 0.009
5126526.012 0.009
5117447.542 0.009
5108375.735 0.009
5099310.664 0.009
5090252.401 0.009
5081201.017 0.009
5072156.586 0.009
5063119.181 0.009
5054088.876 0.009
5045065.746 0.009
5036049.864 0.009
5027041.305 0.009
5018040.146 0.009
5009046.461 0.009
5000060.327 0.009
4991081.821 0.009
4982111.020 0.009
4973148.001 0.009
4964192.841 0.010
4955245.621 0.010
4946306.417 0.010
4937375.310 0.010
4928452.379 0.010
4919537.704 0.010
4910631.366 0.010
4901733.446 0.010
4892844.024 0.010
4883963.184 0.010
4875091.007 0.010
4866227.576 0.010
4857372.974 0.010
4848527.285 0.010
4839690.593 0.010
4830862.984 0.010
4822044.541 0.010
4813235.350 0.010
4804435.498 0.010
4795645.071 0.010
4786864.156 0.010
4778092.840 0.010
4769331.212 0.010
4760579.360 0.010
4751837.373 0.010
4743105.340 0.010
4734383.351 0.010
4725671.496 0.010
4716969.867 0.011
4708278.555 0.011
4699597.652 0.011
4690927.250 0.011
4682267.442 0.011
4673618.322 0.011
4664979.983 0.011
4656352.520 0.011
4647736.028 0.011
4639130.603 0.011
4630536.341 0.011
4621953.337 0.011
4613381.690 0.011
4604821.496 0.011
4596272.855 0.011
4587735.864 0.011
4579210.623 0.011
4570697.231 0.011
4562195.790 0.011
4553706.399 0.011
4545229.160 0.011
4536764.176 0.011
4528311.548 0.011
4519871.380 0.011
4511443.775 0.011
4503028.838 0.012
4494626.673 0.012
4486237.385 0.012
4477861.080 0.012
4469497.865 0.012
4461147.847 0.012
4452811.133 0.012
4444487.832 0.012
4436178.052 0.012
4427881.902 0.012
4419599.492 0.012
4411330.933 0.012
4403076.335 0.012
4394835.811 0.012
4386609.472 0.012
4378397.432 0.012
4370199.803 0.012
4362016.700 0.012
4353848.237 0.012
4345694.529 0.012
4337555.692 0.012
4329431.843 0.012
4321323.098 0.013
4313229.575 0.013
4305151.391 0.013
4297088.667 0.013
4289041.521 0.013
4281010.072 0.013
4272994.442 0.013
4264994.753 0.013
4257011.124 0.013
4249043.680 0.013
4241092.542 0.013
4233157.835 0.013
4225239.683 0.013
4217338.211 0.013
4209453.543 0.013
4201585.807 0.013
4193735.129 0.013
4185901.635 0.013
4178085.455 0.013
4170286.716 0.013
4162505.548 0.013
4154742.081 0.014
4146996.444 0.014
4139268.770 0.014
4131559.188 0.014
4123867.833 0.014
4116194.836 0.014
4108540.331 0.014
4100904.453 0.014
4093287.335 0.014
4085689.113 0.014
4078109.924 0.014
4070549.903 0.014
4063009.188 0.014
4055487.917 0.014
4047986.227 0.014
4040504.259 0.014
4033042.151 0.014
4025600.044 0.014
4018178.079 0.014
4010776.397 0.015
4003395.140 0.015
3996034.450 0.015
3988694.472 0.015
3981375.348 0.015
3974077.224 0.015
3966800.244 0.015
3959544.554 0.015
3952310.300 0.015
3945097.628 0.015
3937906.687 0.015
3930737.624 0.015
3923590.588 0.015
3916465.728 0.015
3909363.193 0.015
3902283.134 0.015
3895225.701 0.015
3888191.046 0.015
3881179.321 0.016
3874190.678 0.016
3867225.271 0.016
3860283.252 0.016
3853364.777 0.016
3846469.999 0.016
3839599.073 0.016
3832752.156 0.016
3825929.404 0.016
3819130.973 0.016
3812357.021 0.016
3805607.706 0.016
3798883.184 0.016
3792183.617 0.016
3785509.161 0.016
3778859.978 0.016
3772236.228 0.016
3765638.070 0.016
3759065.667 0.017
3752519.179 0.017
3745998.769 0.017
3739504.599 0.017
3733036.831 0.017
3726595.630 0.017
3720181.159 0.017
3713793.582 0.017
3707433.064 0.017
3701099.768 0.017
3694793.861 0.017
3688515.509 0.017
3682264.877 0.017
3676042.131 0.017
3669847.438 0.017
3663680.966 0.017
3657542.881 0.017
3651433.352 0.017
3645352.545 0.018
3639300.630 0.018
3633277.775 0.018
3627284.148 0.018
3621319.919 0.018
3615385.258 0.018
3609480.332 0.018
3603605.313 0.018
3597760.370 0.018
3591945.673 0.018
3586161.393 0.018
3580407.700 0.018
3574684.765 0.018
3568992.758 0.018
3563331.851 0.018
3557702.214 0.018
3552104.019 0.018
3546537.436 0.019
3541002.638 0.019
3535499.795 0.019
3530029.079 0.019
3524590.662 0.019
3519184.714 0.019
3513811.407 0.019
3508470.912 0.019
3503163.402 0.019
3497889.046 0.019
3492648.017 0.019
3487440.486 0.019
3482266.623 0.019
3477126.600 0.019
3472020.587 0.019
3466948.755 0.019
3461911.274 0.019
3456908.316 0.020
3451940.048 0.020
3447006.643 0.020
3442108.268 0.020
3437245.094 0.020
3432417.289 0.020
3427625.023 0.020
3422868.462 0.020
3418147.777 0.020
3413463.133 0.020
3408814.699 0.020
3404202.641 0.020
3399627.126 0.020
3395088.320 0.020
3390586.388 0.020
3386121.495 0.020
3381693.806 0.020
3377303.485 0.020
3372950.695 0.020
3368635.598 0.021
3364358.359 0.021
3360119.137 0.021
3355918.093 0.021
3351755.389 0.021
3347631.184 0.021
3343545.636 0.021
3339498.905 0.021
3335491.146 0.021
3331522.517 0.021
3327593.174 0.021
3323703.272 0.021
3319852.964 0.021
3316042.405 0.021
3312271.746 0.021
3308541.139 0.021
3304850.734 0.021
3301200.681 0.021
3297591.129 0.021
3294022.224 0.021
3290494.114 0.022
3287006.945 0.022
3283560.859 0.022
3280156.001 0.022
3276792.512 0.022
3273470.534 0.022
3270190.206 0.022
3266951.666 0.022
3263755.053 0.022
3260600.502 0.022
3257488.148 0.022
3254418.124 0.022
3251390.562 0.022
3248405.594 0.022
3245463.348 0.022
3242563.953 0.022
3239707.536 0.022
3236894.221 0.022
3234124.131 0.022
3231397.391 0.022
3228714.119 0.022
3226074.435 0.022
3223478.458 0.022
3220926.302 0.022
3218418.082 0.022
3215953.911 0.023
3213533.901 0.023
3211158.160 0.023
3208826.796 0.023
3206539.916 0.023
3204297.624 0.023
3202100.022 0.023
3199947.211 0.023
3197839.291 0.023
3195776.358 0.023
3193758.509 0.023
3191785.835 0.023
3189858.430 0.023
3187976.383 0.023
3186139.782 0.023
3184348.712 0.023
3182603.258 0.023
3180903.502 0.023
3179249.523 0.023
3177641.401 0.023
3176079.210 0.023
3174563.026 0.023
3173092.919 0.023
3171668.961 0.023
3170291.218 0.023
3168959.757 0.023
3167674.640 0.023
3166435.931 0.023
3165243.688 0.023
3164097.968 0.023
3162998.827 0.023
3161946.317 0.023
3160940.489 0.023
3159981.392 0.023
3159069.073 0.023
3158203.575 0.023
3157384.940 0.023
3156613.208 0.023
3155888.417 0.023
3155210.601 0.023
3154579.794 0.023
3153996.027 0.023
3153459.327 0.023
3152969.722 0.023
3152527.235 0.023
3152131.887 0.023
3151783.698 0.023
3151482.684 0.023
3151228.862 0.023
3151022.242 0.023
3150862.836 0.023
3150750.651 0.023
3150685.691 0.023
3150667.962 0.023
3150697.463 0.023
3150774.193 0.023
3150898.148 0.023
3151069.323 0.023
3151287.708 0.023
3151553.293 0.023
3151866.066 0.023
3152226.010 0.023
3152633.109 0.023
3153087.342 0.023
3153588.687 0.023
3154137.120 0.023
3154732.614 0.023
3155375.140 0.023
3156064.667 0.023
3156801.161 0.023
3157584.586 0.023
3158414.904 0.023
3159292.076 0.023
3160216.058 0.023
3161186.806 0.023
3162204.273 0.023
3163268.409 0.023
3164379.164 0.023
3165536.484 0.023
3166740.314 0.023
3167990.594 0.023
3169287.267 0.023
3170630.268 0.023
3172019.536 0.023
3173455.002 0.023
3174936.598 0.023
3176464.255 0.023
3178037.900 0.023
3179657.457 0.023
3181322.852 0.023
3183034.004 0.023
3184790.834 0.023
3186593.259 0.023
3188441.194 0.023
3190334.553 0.023
3192273.248 0.023
3194257.188 0.023
3196286.281 0.023
3198360.434 0.023
3200479.550 0.023
3202643.532 0.023
3204852.280 0.023
3207105.693 0.023
3209403.668 0.023
3211746.100 0.023
3214132.883 0.023
3216563.908 0.022
3219039.066 0.022
3221558.245 0.022
3224121.331 0.022
3226728.211 0.022
3229378.767 0.022
3232072.881 0.022
3234810.434 0.022
3237591.306 0.022
3240415.372 0.022
3243282.510 0.022
3246192.594 0.022
3249145.497 0.022
3252141.090 0.022
3255179.243 0.022
3258259.827 0.022
3261382.707 0.022
3264547.751 0.022
3267754.822 0.022
3271003.786 0.022
3274294.504 0.022
3277626.837 0.022
3281000.646 0.022
3284415.788 0.022
3287872.123 0.022
3291369.505 0.021
3294907.792 0.021
3298486.836 0.021
3302106.492 0.021
3305766.611 0.021
3309467.044 0.021
3313207.643 0.021
3316988.255 0.021
3320808.730 0.021
3324668.915 0.021
3328568.656 0.021
3332507.799 0.021
3336486.189 0.021
3340503.670 0.021
3344560.084 0.021
3348655.275 0.021
3352789.084 0.021
3356961.352 0.021
3361171.919 0.021
3365420.624 0.021
3369707.308 0.021
3374031.806 0.020
3378393.958 0.020
3382793.601 0.020
3387230.570 0.020
3391704.702 0.020
3396215.832 0.020
3400763.794 0.020
3405348.424 0.020
3409969.556 0.020
3414627.021 0.020
3419320.655 0.020
3424050.288 0.020
3428815.754 0.020
3433616.885 0.020
3438453.511 0.020
3443325.465 0.020
3448232.576 0.020
3453174.676 0.020
3458151.596 0.019
3463163.164 0.019
3468209.212 0.019
3473289.568 0.019
3478404.062 0.019
3483552.525 0.019
3488734.783 0.019
3493950.668 0.019
3499200.008 0.019
3504482.631 0.019
3509798.366 0.019
3515147.042 0.019
3520528.488 0.019
3525942.532 0.019
3531389.003 0.019
3536867.729 0.019
3542378.539 0.019
3547921.261 0.019
3553495.725 0.018
3559101.759 0.018
3564739.191 0.018
3570407.851 0.018
3576107.568 0.018
3581838.170 0.018
3587599.488 0.018
3593391.350 0.018
3599213.585 0.018
3605066.025 0.018
3610948.498 0.018
3616860.834 0.018
3622802.865 0.018
3628774.420 0.018
3634775.330 0.018
3640805.427 0.018
3646864.541 0.018
3652952.505 0.017
3659069.149 0.017
3665214.307 0.017
3671387.810 0.017
3677589.492 0.017
3683819.185 0.017
3690076.723 0.017
3696361.939 0.017
3702674.668 0.017
3709014.744 0.017
3715382.002 0.017
3721776.277 0.017
3728197.405 0.017
3734645.222 0.017
3741119.564 0.017
3747620.268 0.017
3754147.171 0.017
3760700.112 0.017
3767278.927 0.016
3773883.456 0.016
3780513.538 0.016
3787169.012 0.016
3793849.718 0.016
3800555.496 0.016
3807286.188 0.016
3814041.635 0.016
3820821.678 0.016
3827626.161 0.016
3834454.925 0.016
3841307.815 0.016
3848184.675 0.016
3855085.348 0.016
3862009.680 0.016
3868957.515 0.016
3875928.702 0.016
3882923.085 0.015
3889940.511 0.015
3896980.830 0.015
3904043.888 0.015
3911129.535 0.015
3918237.620 0.015
3925367.992 0.015
3932520.503 0.015
3939695.003 0.015
3946891.344 0.015
3954109.378 0.015
3961348.958 0.015
3968609.937 0.015
3975892.170 0.015
3983195.510 0.015
3990519.813 0.015
3997864.934 0.015
4005230.731 0.015
4012617.059 0.015
4020023.777 0.014
4027450.742 0.014
4034897.813 0.014
4042364.849 0.014
4049851.711 0.014
4057358.259 0.014
4064884.354 0.014
4072429.858 0.014
4079994.633 0.014
4087578.542 0.014
4095181.449 0.014
4102803.218 0.014
4110443.714 0.014
4118102.803 0.014
4125780.349 0.014
4133476.221 0.014
4141190.285 0.014
4148922.409 0.014
4156672.462 0.014
4164440.313 0.013
4172225.832 0.013
4180028.889 0.013
4187849.355 0.013
4195687.101 0.013
4203542.001 0.013
4211413.926 0.013
4219302.751 0.013
4227208.348 0.013
4235130.594 0.013
4243069.364 0.013
4251024.532 0.013
4258995.977 0.013
4266983.574 0.013
4274987.202 0.013
4283006.739 0.013
4291042.065 0.013
4299093.058 0.013
4307159.598 0.013
4315241.568 0.013
4323338.847 0.013
4331451.319 0.012
4339578.865 0.012
4347721.369 0.012
4355878.715 0.012
4364050.787 0.012
4372237.469 0.012
4380438.649 0.012
4388654.211 0.012
4396884.044 0.012
4405128.033 0.012
4413386.067 0.012
4421658.034 0.012
4429943.824 0.012
4438243.327 0.012
4446556.432 0.012
4454883.030 0.012
4463223.013 0.012
4471576.274 0.012
4479942.703 0.012
4488322.196 0.012
4496714.645 0.012
4505119.944 0.012
4513537.989 0.011
4521968.675 0.011
4530411.897 0.011
4538867.553 0.011
4547335.540 0.011
4555815.755 0.011
4564308.096 0.011
4572812.462 0.011
4581328.752 0.011
4589856.867 0.011
4598396.706 0.011
4606948.171 0.011
4615511.163 0.011
4624085.583 0.011
4632671.335 0.011
4641268.322 0.011
4649876.446 0.011
4658495.612 0.011
4667125.726 0.011
4675766.691 0.011
4684418.413 0.011
4693080.800 0.011
4701753.756 0.011
4710437.191 0.011
4719131.010 0.011
4727835.123 0.010
4736549.439 0.010
4745273.865 0.010
4754008.313 0.010
4762752.692 0.010
4771506.913 0.010
4780270.887 0.010
4789044.526 0.010
4797827.743 0.010
4806620.448 0.010
4815422.557 0.010
4824233.982 0.010
4833054.638 0.010
4841884.438 0.010
4850723.299 0.010
4859571.135 0.010
4868427.862 0.010
4877293.398 0.010
4886167.658 0.010
4895050.560 0.010
4903942.022 0.010
4912841.962 0.010
4921750.299 0.010
4930666.952 0.010
4939591.841 0.010
4948524.884 0.010
4957466.004 0.010
4966415.121 0.009
4975372.156 0.009
4984337.031 0.009
4993309.668 0.009
5002289.990 0.009
5011277.920 0.009
5020273.381 0.009
5029276.297 0.009
5038286.592 0.009
5047304.192 0.009
5056329.021 0.009
5065361.005 0.009
5074400.070 0.009
5083446.142 0.009
5092499.148 0.009
5101559.015 0.009
5110625.671 0.009
5119699.043 0.009
5128779.060 0.009
5137865.651 0.009
5146958.744 0.009
5156058.270 0.009
5165164.158 0.009
5174276.338 0.009
5183394.742 0.009
5192519.299 0.009
5201649.942 0.009
5210786.602 0.009
5219929.212 0.009
5229077.704 0.009
5238232.010 0.009
5247392.064 0.009
5256557.800 0.008
5265729.152 0.008
5274906.053 0.008
5284088.439 0.008
5293276.244 0.008
5302469.405 0.008
5311667.856 0.008
5320871.533 0.008
5330080.374 0.008
5339294.314 0.008
0.0 0.0 0.0
0.0 0.0 0.0
0.0 0.0 0.0
0.0 0.0 0.0
0.0 0.0 0.0
0.0 0.0 0.0
0.0 0.0 0.0
0.0 0.0 0.0
0.0 0.0 0.0
0.0 0.0 0.0
0.0 0.0 0.0
0.0 0.0 0.0
0.0 0.0 0.0
0.0 0.0 0.0
0.0 0.0 0.0
0.0 0.0 0.0
0.0 0.0 0.0
0.0 0.0 0.0
0.0 0.0 0.0
0.0 0.0 0.0
0.0 0.0 0.0
0.0 0.0 0.0
0.0 0.0 0.0
0.0 0.0 0.0
0.0 0.0 0.0
0.0 0.0 0.0
0.0 0.0 0.0
0.0 0.0 0.0
0.0 0.0 0.0
0.0 0.0 0.0
0.0 0.0 0.0
0.0 0.0 0.0
0.0 0.0 0.0
0.0 0.0 0.0
0.0 0.0 0.0
0.0 0.0 0.0
0.0 0.0 0.0
0.0 0.0 0.0
0.0 0.0 0.0
0.0 0.0 0.0
0.0 0.0 0.0
0.0 0.0 0.0
0.0 0.0 0.0
0.0 0.0 0.0
0.0 0.0 0.0
0.0 0.0 0.0
0.0 0.0 0.0
0.0 0.0 0.0
0.0 0.0 0.0
0.0 0.0 0.0
0.0 0.0 0.0
0.0 0.0 0.0
0.0 0.0 0.0
0.0 0.0 0.0
0.0 0.0 0.0
0.0 0.0 0.0
0.0 0.0 0.0
0.0 0.0 0.0
0.0 0.0 0.0
0.0 0.0 0.0
0.0 0.0 0.0
0.0 0.0 0.0
0.0 0.0 0.0
0.0 0.0 0.0
0.0 0.0 0.0
0.0 0.0 0.0
0.0 0.0 0.0
0.0 0.0 0.0
0.0 0.0 0.0
0.0 0.0 0.0
0.0 0.0 0.0
0.0 0.0 0.0
0.0 0.0 0.0
0.0 0.0 0.0
0.0 0.0 0.0
0.0 0.0 0.0
0.0 0.0 0.0
0.0 0.0 0.0
0.0 0.0 0.0
0.0 0.0 0.0
0.0 0.0 0.0
0.0 0.0 0.0
0.0 0.0 0.0
0.0 0.0 0.0
0.0 0.0 0.0
0.0 0.0 0.0
0.0 0.0 0.0
0.0 0.0 0.0
0.0 0.0 0.0
0.0 0.0 0.0
0.0 0.0 0.0
0.0 0.0 0.0
0.0 0.0 0.0
0.0 0.0 0.0
0.0 0.0 0.0
0.0 0.0 0.0
0.0 0.0 0.0
0.0 0.0 0.0
0.0 0.0 0.0
0.0 0.0 0.0
0.0 0.0 0.0
0.0 0.0 0.0
0.0 0.0 0.0
0.0 0.0 0.0
0.0 0.0 0.0
0.0 0.0 0.0
0.0 0.0 0.0
0.0 0.0 0.0
0.0 0.0 0.0
0.0 0.0 0.0
0.0 0.0 0.0
0.0 0.0 0.0
0.0 0.0 0.0
0.0 0.0 0.0
0.0 0.0 0.0
0.0 0.0 0.0
0.0 0.0 0.0
0.0 0.0 0.0
0.0 0.0 0.0
0.0 0.0 0.0
0.0 0.0 0.0
0.0 0.0 0.0
0.0 0.0 0.0
0.0 0.0 0.0
0.0 0.0 0.0
0.0 0.0 0.0
0.0 0.0 0.0
0.0 0.0 0.0
0.0 0.0 0.0
0.0 0.0 0.0
0.0 0.0 0.0
0.0 0.0 0.0
0.0 0.0 0.0
0.0 0.0 0.0
0.0 0.0 0.0
0.0 0.0 0.0
0.0 0.0 0.0
0.0 0.0 0.0
0.0 0.0 0.0
0.0 0.0 0.0
0.0 0.0 0.0
0.0 0.0 0.0
0.0 0.0 0.0
0.0 0.0 0.0
0.0 0.0 0.0
0.0 0.0 0.0
0.0 0.0 0.0
0.0 0.0 0.0
0.0 0.0 0.0
0.0 0.0 0.0
0.0 0.0 0.0
0.0 0.0 0.0
0.0 0.0 0.0
0.0 0.0 0.0
0.0 0.0 0.0
0.0 0.0 0.0
0.0 0.0 0.0
0.0 0.0 0.0
0.0 0.0 0.0
0.0 0.0 0.0
0.0 0.0 0.0
0.0 0.0 0.0
0.0 0.0 0.0
0.0 0.0 0.0
0.0 0.0 0.0
0.0 0.0 0.0
0.0 0.0 0.0
0.0 0.0 0.0
0.0 0.0 0.0
0.0 0.0 0.0
0.0 0.0 0.0
0.0 0.0 0.0
0.0 0.0 0.0
0.0 0.0 0.0
0.0 0.0 0.0
0.0 0.0 0.0
0.0 0.0 0.0
0.0 0.0 0.0
0.0 0.0 0.0
0.0 0.0 0.0
0.0 0.0 0.0
0.0 0.0 0.0
0.0 0.0 0.0
0.0 0.0 0.0
0.0 0.0 0.0
0.0 0.0 0.0
0.0 0.0 0.0
0.0 0.0 0.0
0.0 0.0 0.0
0.0 0.0 0.0
0.0 0.0 0.0
0.0 0.0 0.0
0.0 0.0 0.0
0.0 0.0 0.0
0.0 0.0 0.0
0.0 0.0 0.0
0.0 0.0 0.0
0.0 0.0 0.0
0.0 0.0 0.0
0.0 0.0 0.0
0.0 0.0 0.0
0.0 0.0 0.0
0.0 0.0 0.0
0.0 0.0 0.0
0.0 0.0 0.0
0.0 0.0 0.0
0.0 0.0 0.0
0.0 0.0 0.0
0.0 0.0 0.0
0.0 0.0 0.0
0.0 0.0 0.0
0.0 0.0 0.0
0.0 0.0 0.0
0.0 0.0 0.0
0.0 0.0 0.0
0.0 0.0 0.0
0.0 0.0 0.0
0.0 0.0 0.0
0.0 0.0 0.0
0.0 0.0 0.0
0.0 0.0 0.0
0.0 0.0 0.0
0.0 0.0 0.0
0.0 0.0 0.0
0.0 0.0 0.0
0.0 0.0 0.0
0.0 0.0 0.0
0.0 0.0 0.0
0.0 0.0 0.0
0.0 0.0 0.0
0.0 0.0 0.0
0.0 0.0 0.0
0.0 0.0 0.0
0.0 0.0 0.0
0.0 0.0 0.0
0.0 0.0 0.0
0.0 0.0 0.0
0.0 0.0 0.0
0.0 0.0 0.0
0.0 0.0 0.0
0.0 0.0 0.0
0.0 0.0 0.0
0.0 0.0 0.0
0.0 0.0 0.0
0.0 0.0 0.0
0.0 0.0 0.0
0.0 0.0 0.0
0.0 0.0 0.0
0.0 0.0 0.0
0.0 0.0 0.0
0.0 0.0 0.0
0.0 0.0 0.0
0.0 0.0 0.0
0.0 0.0 0.0
0.0 0.0 0.0
0.0 0.0 0.0
0.0 0.0 0.0
0.0 0.0 0.0
0.0 0.0 0.0
0.0 0.0 0.0
0.0 0.0 0.0
0.0 0.0 0.0
0.0 0.0 0.0
0.0 0.0 0.0
0.0 0.0 0.0
0.0 0.0 0.0
0.0 0.0 0.0
0.0 0.0 0.0
0.0 0.0 0.0
0.0 0.0 0.0
0.0 0.0 0.0
0.0 0.0 0.0
0.0 0.0 0.0
0.0 0.0 0.0
0.0 0.0 0.0
0.0 0.0 0.0
0.0 0.0 0.0
0.0 0.0 0.0
0.0 0.0 0.0
0.0 0.0 0.0
0.0 0.0 0.0
0.0 0.0 0.0
0.0 0.0 0.0
0.0 0.0 0.0
0.0 0.0 0.0
0.0 0.0 0.0
0.0 0.0 0.0
0.0 0.0 0.0
0.0 0.0 0.0
0.0 0.0 0.0
0.0 0.0 0.0
0.0 0.0 0.0
0.0 0.0 0.0
0.0 0.0 0.0
0.0 0.0 0.0
0.0 0.0 0.0
0.0 0.0 0.0
0.0 0.0 0.0
0.0 0.0 0.0
0.0 0.0 0.0
0.0 0.0 0.0
0.0 0.0 0.0
0.0 0.0 0.0
0.0 0.0 0.0
0.0 0.0 0.0
0.0 0.0 0.0
0.0 0.0 0.0
0.0 0.0 0.0
0.0 0.0 0.0
0.0 0.0 0.0
0.0 0.0 0.0
0.0 0.0 0.0
0.0 0.0 0.0
0.0 0.0 0.0
0.0 0.0 0.0
0.0 0.0 0.0
0.0 0.0 0.0
0.0 0.0 0.0
0.0 0.0 0.0
0.0 0.0 0.0
0.0 0.0 0.0
0.0 0.0 0.0
0.0 0.0 0.0
0.0 0.0 0.0
0.0 0.0 0.0
0.0 0.0 0.0
0.0 0.0 0.0
0.0 0.0 0.0
0.0 0.0 0.0
0.0 0.0 0.0
0.0 0.0 0.0
0.0 0.0 0.0
0.0 0.0 0.0
0.0 0.0 0.0
0.0 0.0 0.0
0.0 0.0 0.0
0.0 0.0 0.0
0.0 0.0 0.0
0.0 0.0 0.0
0.0 0.0 0.0
0.0 0.0 0.0
0.0 0.0 0.0
0.0 0.0 0.0
0.0 0.0 0.0
0.0 0.0 0.0
0.0 0.0 0.0
0.0 0.0 0.0
0.0 0.0 0.0
0.0 0.0 0.0
0.0 0.0 0.0
0.0 0.0 0.0
0.0 0.0 0.0
0.0 0.0 0.0
0.0 0.0 0.0
0.0 0.0 0.0
0.0 0.0 0.0
0.0 0.0 0.0
0.0 0.0 0.0
0.0 0.0 0.0
0.0 0.0 0.0
0.0 0.0 0.0
0.0 0.0 0.0
0.0 0.0 0.0
0.0 0.0 0.0
0.0 0.0 0.0
0.0 0.0 0.0
0.0 0.0 0.0
0.0 0.0 0.0
0.0 0.0 0.0
0.0 0.0 0.0
0.0 0.0 0.0
0.0 0.0 0.0
0.0 0.0 0.0
0.0 0.0 0.0
0.0 0.0 0.0
0.0 0.0 0.0
0.0 0.0 0.0
0.0 0.0 0.0
0.0 0.0 0.0
0.0 0.0 0.0
0.0 0.0 0.0
0.0 0.0 0.0
0.0 0.0 0.0
0.0 0.0 0.0
0.0 0.0 0.0
0.0 0.0 0.0
0.0 0.0 0.0
0.0 0.0 0.0
0.0 0.0 0.0
0.0 0.0 0.0
0.0 0.0 0.0
0.0 0.0 0.0
0.0 0.0 0.0
0.0 0.0 0.0
0.0 0.0 0.0
0.0 0.0 0.0
0.0 0.0 0.0
0.0 0.0 0.0
0.0 0.0 0.0
0.0 0.0 0.0
0.0 0.0 0.0
0.0 0.0 0.0
0.0 0.0 0.0
0.0 0.0 0.0
0.0 0.0 0.0
0.0 0.0 0.0
0.0 0.0 0.0
0.0 0.0 0.0
0.0 0.0 0.0
0.0 0.0 0.0
0.0 0.0 0.0
0.0 0.0 0.0
0.0 0.0 0.0
0.0 0.0 0.0
0.0 0.0 0.0
0.0 0.0 0.0
0.0 0.0 0.0
0.0 0.0 0.0
0.0 0.0 0.0
0.0 0.0 0.0
0.0 0.0 0.0
0.0 0.0 0.0
20.002 2113467.726 0.065898598
20.034 2111838.469 0.065929799
20.066 2110227.402 0.065960797
20.097 2108634.567 0.065991589
20.128 2107060.007 0.066022167
20.159 2105503.762 0.066052527
20.189 2103965.876 0.066082663
20.219 2102446.387 0.066112569
20.249 2100945.338 0.066142239
20.278 2099462.768 0.066171669
20.307 2097998.717 0.066200853
20.336 2096553.225 0.066229786
20.364 2095126.330 0.066258462
20.392 2093718.072 0.066286876
20.420 2092328.489 0.066315023
20.447 2090957.618 0.066342897
20.474 2089605.496 0.066370494
20.501 2088272.162 0.066397808
20.527 2086957.650 0.066424835
20.553 2085661.998 0.066451569
20.579 2084385.242 0.066478006
20.604 2083127.415 0.066504140
20.629 2081888.553 0.066529967
20.653 2080668.691 0.066555482
20.678 2079467.862 0.066580680
20.701 2078286.100 0.066605557
20.725 2077123.437 0.066630108
20.748 2075979.906 0.066654328
20.771 2074855.539 0.066678213
20.793 2073750.367 0.066701759
20.815 2072664.422 0.066724960
20.837 2071597.735 0.066747814
20.858 2070550.334 0.066770315
20.879 2069522.250 0.066792460
20.900 2068513.511 0.066814244
20.920 2067524.147 0.066835663
20.940 2066554.185 0.066856713
20.959 2065603.653 0.066877391
20.978 2064672.577 0.066897692
20.997 2063760.985 0.066917612
21.015 2062868.902 0.066937149
21.033 2061996.353 0.066956297
21.051 2061143.365 0.066975055
21.068 2060309.960 0.066993417
21.085 2059496.163 0.067011381
21.101 2058701.997 0.067028944
21.117 2057927.485 0.067046101
21.133 2057172.648 0.067062850
21.148 2056437.510 0.067079188
21.163 2055722.090 0.067095111
21.177 2055026.410 0.067110617
21.191 2054350.489 0.067125702
21.205 2053694.347 0.067140364
21.218 2053058.002 0.067154600
21.231 2052441.473 0.067168407
21.243 2051844.778 0.067181783
21.255 2051267.933 0.067194725
21.267 2050710.956 0.067207231
21.278 2050173.863 0.067219298
21.289 2049656.668 0.067230924
21.299 2049159.386 0.067242106
21.309 2048682.033 0.067252843
21.319 2048224.620 0.067263133
21.328 2047787.163 0.067272973
21.337 2047369.673 0.067282362
21.345 2046972.161 0.067291298
21.353 2046594.640 0.067299779
21.361 2046237.119 0.067307804
21.368 2045899.610 0.067315370
21.375 2045582.122 0.067322477
21.381 2045284.662 0.067329123
21.387 2045007.241 0.067335308
21.392 2044749.865 0.067341028
21.398 2044512.542 0.067346285
21.402 2044295.278 0.067351075
21.406 2044098.078 0.067355400
21.410 2043920.949 0.067359257
21.414 2043763.895 0.067362646
21.417 2043626.920 0.067365566
21.419 2043510.027 0.067368017
21.422 2043413.220 0.067369998
21.423 2043336.500 0.067371509
21.425 2043279.869 0.067372549
21.426 2043243.328 0.067373119
21.426 2043226.878 0.067373217
21.426 2043230.519 0.067372844
21.426 2043254.248 0.067372001
21.425 2043298.066 0.067370686
21.424 2043361.970 0.067368901
21.423 2043445.958 0.067366645
21.421 2043550.025 0.067363919
21.418 2043674.169 0.067360724
21.416 2043818.385 0.067357060
21.413 2043982.667 0.067352927
21.409 2044167.010 0.067348326
21.405 2044371.408 0.067343259
21.400 2044595.854 0.067337726
21.396 2044840.340 0.067331728
21.390 2045104.859 0.067325265
21.385 2045389.400 0.067318341
21.379 2045693.956 0.067310954
21.372 2046018.516 0.067303108
21.365 2046363.070 0.067294803
21.358 2046727.607 0.067286040
21.350 2047112.114 0.067276823
21.342 2047516.579 0.067267151
21.334 2047940.991 0.067257027
21.325 2048385.334 0.067246452
21.315 2048849.596 0.067235429
21.306 2049333.761 0.067223960
21.295 2049837.814 0.067212047
21.285 2050361.740 0.067199691
21.274 2050905.521 0.067186895
21.263 2051469.141 0.067173662
21.251 2052052.583 0.067159994
21.239 2052655.828 0.067145893
21.226 2053278.857 0.067131362
21.213 2053921.651 0.067116404
21.200 2054584.191 0.067101020
21.186 2055266.456 0.067085215
21.172 2055968.425 0.067068991
21.157 2056690.076 0.067052351
21.142 2057431.388 0.067035298
21.127 2058192.338 0.067017835
21.111 2058972.902 0.066999966
21.095 2059773.057 0.066981693
21.079 2060592.779 0.066963019
21.062 2061432.042 0.066943949
21.045 2062290.822 0.066924486
21.027 2063169.093 0.066904633
21.009 2064066.828 0.066884394
20.991 2064984.001 0.066863773
20.972 2065920.583 0.066842772
20.953 2066876.547 0.066821397
20.933 2067851.865 0.066799651
20.913 2068846.508 0.066777538
20.893 2069860.446 0.066755062
20.872 2070893.649 0.066732227
20.851 2071946.086 0.066709036
20.830 2073017.727 0.066685496
20.808 2074108.541 0.066661609
20.786 2075218.495 0.066637380
20.763 2076347.557 0.066612813
20.741 2077495.694 0.066587913
20.717 2078662.873 0.066562684
20.694 2079849.060 0.066537131
20.670 2081054.221 0.066511258
20.646 2082278.320 0.066485070
20.621 2083521.323 0.066458572
20.596 2084783.194 0.066431769
20.571 2086063.897 0.066404665
20.545 2087363.396 0.066377265
20.519 2088681.653 0.066349575
20.493 2090018.631 0.066321598
20.466 2091374.293 0.066293341
20.439 2092748.600 0.066264808
20.412 2094141.513 0.066236004
20.384 2095552.993 0.066206934
20.356 2096983.001 0.066177604
20.328 2098431.497 0.066148019
20.299 2099898.441 0.066118185
20.270 2101383.793 0.066088106
20.241 2102887.510 0.066057787
20.211 2104409.551 0.066027235
20.181 2105949.876 0.065996455
20.151 2107508.441 0.065965452
20.120 2109085.204 0.065934232
20.089 2110680.122 0.065902801
20.058 2112293.153 0.065871163
20.026 2113924.251 0.065839325
