# Budapest->Starlink_4
20.958 12383456.199 0.000 
22.126 12402279.782 0.000 
23.346 12420838.998 0.000 
24.620 12439133.186 0.000 
25.953 12457161.695 0.000 
27.350 12474923.884 0.000 
28.816 12492419.123 0.000 
30.355 12509646.794 0.000 
31.974 12526606.287 0.000 
33.679 12543297.005 0.000 
35.475 12559718.358 0.000 
37.369 12575869.769 0.000 
39.367 12591750.671 0.000 
# Starlink_4->Berlin
20.636 12900656.449 0.000 
21.800 12915539.262 0.000 
23.015 12930128.396 0.000 
24.285 12944423.394 0.000 
25.615 12958423.805 0.000 
27.009 12972129.192 0.000 
28.473 12985539.126 0.000 
30.013 12998653.186 0.000 
31.634 13011470.962 0.000 
33.342 13023992.055 0.000 
35.146 13036216.073 0.000 
37.052 13048142.634 0.000 
39.067 13059771.368 0.000 
41.201 13071101.913 0.000 
43.460 13082133.914 0.000 
45.853 13092867.030 0.000 
48.387 13103300.926 0.000 
51.069 13113435.279 0.000 
53.903 13123269.773 0.000 
56.893 13132804.105 0.000 
60.039 13142037.978 0.000 
63.336 13150971.105 0.000 
66.774 13159603.211 0.000 
70.337 13167934.029 0.000 
73.992 13175963.299 0.000 
77.682 13183690.775 0.000 
81.280 13191116.217 0.000 
84.387 13198239.396 0.000 
85.579 13205060.093 0.000 
83.632 13211578.095 0.000 
80.312 13217793.203 0.000 
76.664 13223705.225 0.000 
72.971 13229313.978 0.000 
69.332 13234619.289 0.000 
65.795 13239620.996 0.000 
62.388 13244318.944 0.000 
59.125 13248712.989 0.000 
56.015 13252802.995 0.000 
53.062 13256588.837 0.000 
50.263 13260070.398 0.000 
47.616 13263247.571 0.000 
45.116 13266120.258 0.000 
42.755 13268688.372 0.000 
40.525 13270951.833 0.000 
38.420 13272910.573 0.000 
36.431 13274564.530 0.000 
34.549 13275913.655 0.000 
32.768 13276957.905 0.000 
31.080 13277697.249 0.000 
29.479 13278131.665 0.000 
27.958 13278261.140 0.000 
26.510 13278085.668 0.000 
25.131 13277605.257 0.000 
23.815 13276819.921 0.000 
22.558 13275729.684 0.000 
21.355 13274334.580 0.000 
20.203 13272634.653 0.000 
# Berlin->Starlink_7
20.505 10686108.381 0.000 
21.495 10676100.926 0.000 
22.509 10665995.471 0.000 
23.549 10655792.745 0.000 
24.613 10645493.484 0.000 
25.700 10635098.436 0.000 
26.810 10624608.356 0.000 
27.940 10614024.009 0.000 
29.088 10603346.166 0.000 
30.250 10592575.611 0.000 
31.420 10581713.135 0.000 
32.595 10570759.538 0.000 
33.765 10559715.627 0.000 
34.924 10548582.222 0.000 
36.060 10537360.148 0.000 
37.161 10526050.242 0.000 
38.215 10514653.349 0.000 
39.207 10503170.321 0.000 
40.120 10491602.021 0.000 
40.938 10479949.321 0.000 
41.645 10468213.101 0.000 
42.225 10456394.251 0.000 
42.665 10444493.669 0.000 
42.952 10432512.263 0.000 
43.080 10420450.949 0.000 
43.044 10408310.653 0.000 
42.846 10396092.309 0.000 
42.491 10383796.859 0.000 
41.988 10371425.258 0.000 
41.350 10358978.466 0.000 
40.590 10346457.454 0.000 
39.725 10333863.201 0.000 
38.772 10321196.695 0.000 
37.748 10308458.934 0.000 
36.666 10295650.925 0.000 
35.543 10282773.683 0.000 
34.390 10269828.232 0.000 
33.219 10256815.605 0.000 
32.040 10243736.846 0.000 
30.860 10230593.006 0.000 
29.686 10217385.144 0.000 
28.524 10204114.331 0.000 
27.377 10190781.644 0.000 
26.249 10177388.171 0.000 
25.142 10163935.009 0.000 
24.059 10150423.262 0.000 
22.999 10136854.044 0.000 
21.965 10123228.479 0.000 
20.956 10109547.698 0.000 
# Starlink_4->NewYork
20.638 7123690.467 0.009 
21.429 7083706.707 0.009 
22.222 7043811.994 0.008 
23.014 7004011.855 0.008 
23.802 6964311.912 0.008 
24.583 6924717.874 0.008 
25.353 6885235.547 0.008 
26.108 6845870.830 0.008 
26.844 6806629.718 0.008 
27.555 6767518.305 0.008 
28.237 6728542.782 0.008 
28.882 6689709.440 0.007 
29.486 6651024.671 0.007 
30.041 6612494.971 0.007 
30.543 6574126.937 0.007 
30.984 6535927.273 0.007 
31.360 6497902.786 0.007 
31.665 6460060.391 0.007 
31.895 6422407.111 0.007 
32.047 6384950.074 0.007 
32.119 6347696.519 0.007 
32.108 6310653.795 0.008 
32.016 6273829.358 0.008 
31.844 6237230.775 0.008 
31.594 6200865.725 0.008 
31.270 6164741.995 0.008 
30.876 6128867.483 0.008 
30.417 6093250.195 0.008 
29.900 6057898.250 0.009 
29.329 6022819.873 0.009 
28.712 5988023.396 0.009 
28.053 5953517.261 0.009 
27.360 5919310.012 0.010 
26.639 5885410.300 0.010 
25.893 5851826.876 0.010 
25.129 5818568.591 0.010 
24.351 5785644.396 0.011 
23.563 5753063.335 0.011 
22.769 5720834.545 0.012 
21.971 5688967.252 0.012 
21.174 5657470.765 0.012 
20.378 5626354.479 0.013 
