# Budapest->Starlink_6
20.456 11297540.266 0.000 
21.032 11298720.169 0.000 
21.589 11299755.963 0.000 
22.125 11300647.583 0.000 
22.636 11301394.975 0.000 
23.117 11301998.092 0.000 
23.567 11302456.897 0.000 
23.981 11302771.361 0.000 
24.356 11302941.465 0.000 
24.689 11302967.197 0.000 
24.976 11302848.556 0.000 
25.215 11302585.549 0.000 
# Starlink_6->Berlin
20.222 11778042.554 0.000 
20.873 11776842.665 0.000 
21.511 11775457.883 0.000 
22.134 11773888.280 0.000 
22.738 11772133.938 0.000 
23.321 11770194.950 0.000 
23.877 11768071.415 0.000 
24.403 11765763.446 0.000 
24.895 11763271.164 0.000 
25.348 11760594.699 0.000 
25.760 11757734.192 0.000 
26.125 11754689.792 0.000 
26.440 11751461.661 0.000 
26.701 11748049.968 0.000 
26.907 11744454.892 0.000 
27.053 11740676.623 0.000 
27.140 11736715.360 0.000 
27.164 11732571.313 0.000 
27.127 11728244.699 0.000 
27.029 11723735.749 0.000 
26.871 11719044.700 0.000 
26.653 11714171.801 0.000 
26.380 11709117.310 0.000 
26.054 11703881.496 0.000 
25.678 11698464.636 0.000 
25.256 11692867.019 0.000 
24.793 11687088.943 0.000 
24.291 11681130.715 0.000 
23.755 11674992.654 0.000 
# Berlin->Starlink_5
52.860 12629157.856 0.000 
54.585 12629157.624 0.000 
56.148 12628903.080 0.000 
57.490 12628394.234 0.000 
58.551 12627631.104 0.000 
59.277 12626613.722 0.000 
59.626 12625342.127 0.000 
59.574 12623816.368 0.000 
59.126 12622036.505 0.000 
58.309 12620002.608 0.000 
57.169 12617714.757 0.000 
55.762 12615173.042 0.000 
54.150 12612377.561 0.000 
52.389 12609328.425 0.000 
50.528 12606025.754 0.000 
48.610 12602469.677 0.000 
46.668 12598660.334 0.000 
44.730 12594597.874 0.000 
42.815 12590282.459 0.000 
40.938 12585714.257 0.000 
39.109 12580893.448 0.000 
37.334 12575820.223 0.000 
35.619 12570494.782 0.000 
33.964 12564917.334 0.000 
32.372 12559088.100 0.000 
30.840 12553007.311 0.000 
29.369 12546675.207 0.000 
27.955 12540092.038 0.000 
26.597 12533258.065 0.000 
25.293 12526173.559 0.000 
24.039 12518838.802 0.000 
22.834 12511254.084 0.000 
21.674 12503419.707 0.000 
20.557 12495335.983 0.000 
# Starlink_4->NewYork
20.638 7123690.467 0.009 
21.429 7083706.707 0.009 
22.222 7043811.994 0.008 
23.014 7004011.855 0.008 
23.802 6964311.912 0.008 
24.583 6924717.874 0.008 
25.353 6885235.547 0.008 
26.108 6845870.830 0.008 
26.844 6806629.718 0.008 
27.555 6767518.305 0.008 
28.237 6728542.782 0.008 
28.882 6689709.440 0.007 
29.486 6651024.671 0.007 
30.041 6612494.971 0.007 
30.543 6574126.937 0.007 
30.984 6535927.273 0.007 
31.360 6497902.786 0.007 
31.665 6460060.391 0.007 
31.895 6422407.111 0.007 
32.047 6384950.074 0.007 
32.119 6347696.519 0.007 
32.108 6310653.795 0.008 
32.016 6273829.358 0.008 
31.844 6237230.775 0.008 
31.594 6200865.725 0.008 
31.270 6164741.995 0.008 
30.876 6128867.483 0.008 
30.417 6093250.195 0.008 
29.900 6057898.250 0.009 
29.329 6022819.873 0.009 
28.712 5988023.396 0.009 
28.053 5953517.261 0.009 
27.360 5919310.012 0.010 
26.639 5885410.300 0.010 
25.893 5851826.876 0.010 
25.129 5818568.591 0.010 
24.351 5785644.396 0.011 
23.563 5753063.335 0.011 
22.769 5720834.545 0.012 
21.971 5688967.252 0.012 
21.174 5657470.765 0.012 
20.378 5626354.479 0.013 
