20.069 2110600.553 0.065937758
20.165 2105669.607 0.066034772
20.261 2100747.033 0.066133014
20.358 2095832.894 0.066232484
20.455 2090927.254 0.066333177
20.552 2086030.178 0.066435093
20.649 2081141.730 0.066538228
20.746 2076261.975 0.066642581
20.844 2071390.979 0.066748148
20.942 2066528.809 0.066854928
21.040 2061675.530 0.066962919
21.138 2056831.210 0.067072118
21.237 2051995.917 0.067182522
21.336 2047169.719 0.067294130
21.435 2042352.685 0.067406939
21.534 2037544.884 0.067520946
21.634 2032746.385 0.067636150
21.734 2027957.258 0.067752547
21.834 2023177.576 0.067870136
21.934 2018407.408 0.067988913
22.035 2013646.827 0.068108877
22.135 2008895.904 0.068230024
22.236 2004154.713 0.068352353
22.338 1999423.327 0.068475859
22.439 1994701.820 0.068600541
22.541 1989990.266 0.068726396
22.643 1985288.741 0.068853422
22.745 1980597.319 0.068981614
22.847 1975916.077 0.069110971
22.950 1971245.092 0.069241488
23.053 1966584.440 0.069373165
23.156 1961934.199 0.069505996
23.259 1957294.448 0.069639979
23.362 1952665.265 0.069775111
23.466 1948046.730 0.069911388
23.570 1943438.922 0.070048807
23.674 1938841.922 0.070187364
23.779 1934255.812 0.070327057
23.883 1929680.671 0.070467880
23.988 1925116.584 0.070609831
24.093 1920563.632 0.070752905
24.198 1916021.900 0.070897099
24.304 1911491.469 0.071042409
24.410 1906972.426 0.071188830
24.516 1902464.856 0.071336358
24.622 1897968.843 0.071484989
24.728 1893484.475 0.071634718
24.835 1889011.837 0.071785541
24.941 1884551.017 0.071937453
25.048 1880102.104 0.072090449
25.156 1875665.186 0.072244524
25.263 1871240.351 0.072399674
25.371 1866827.690 0.072555892
25.478 1862427.293 0.072713173
25.586 1858039.251 0.072871513
25.695 1853663.656 0.073030904
25.803 1849300.599 0.073191342
25.912 1844950.173 0.073352821
26.020 1840612.471 0.073515334
26.129 1836287.588 0.073678875
26.238 1831975.618 0.073843438
26.348 1827676.656 0.074009016
26.457 1823390.797 0.074175602
26.567 1819118.138 0.074343190
26.677 1814858.776 0.074511771
26.787 1810612.808 0.074681340
26.897 1806380.333 0.074851888
27.007 1802161.448 0.075023409
27.118 1797956.254 0.075195893
27.229 1793764.850 0.075369332
27.339 1789587.336 0.075543720
27.451 1785423.814 0.075719047
27.562 1781274.385 0.075895304
27.673 1777139.152 0.076072483
27.784 1773018.217 0.076250574
27.896 1768911.684 0.076429569
28.008 1764819.657 0.076609458
28.120 1760742.240 0.076790230
28.232 1756679.539 0.076971877
28.344 1752631.659 0.077154387
28.456 1748598.707 0.077337751
28.569 1744580.790 0.077521957
28.681 1740578.015 0.077706996
28.794 1736590.489 0.077892855
28.906 1732618.323 0.078079523
29.019 1728661.625 0.078266988
29.132 1724720.505 0.078455240
29.245 1720795.073 0.078644265
29.358 1716885.441 0.078834051
29.472 1712991.718 0.079024585
29.585 1709114.019 0.079215854
29.698 1705252.455 0.079407846
29.812 1701407.139 0.079600546
29.925 1697578.185 0.079793941
30.039 1693765.707 0.079988017
30.152 1689969.820 0.080182759
30.266 1686190.638 0.080378152
30.380 1682428.279 0.080574182
30.494 1678682.858 0.080770834
30.607 1674954.491 0.080968091
30.721 1671243.296 0.081165939
30.835 1667549.391 0.081364360
30.949 1663872.894 0.081563339
31.063 1660213.923 0.081762858
31.177 1656572.598 0.081962901
31.290 1652949.039 0.082163450
31.404 1649343.365 0.082364488
31.518 1645755.698 0.082565996
31.632 1642186.157 0.082767956
31.746 1638634.865 0.082970350
31.859 1635101.942 0.083173158
31.973 1631587.513 0.083376362
32.087 1628091.698 0.083579941
32.200 1624614.622 0.083783875
32.314 1621156.408 0.083988145
32.427 1617717.178 0.084192729
32.540 1614297.059 0.084397608
32.654 1610896.173 0.084602758
32.767 1607514.646 0.084808160
32.880 1604152.604 0.085013790
32.993 1600810.171 0.085219627
33.105 1597487.473 0.085425648
33.218 1594184.637 0.085631830
33.330 1590901.789 0.085838149
33.443 1587639.055 0.086044583
33.555 1584396.563 0.086251107
33.667 1581174.440 0.086457697
33.778 1577972.812 0.086664328
33.890 1574791.808 0.086870975
34.001 1571631.555 0.087077613
34.113 1568492.182 0.087284217
34.223 1565373.816 0.087490760
34.334 1562276.586 0.087697216
34.445 1559200.620 0.087903559
34.555 1556146.046 0.088109761
34.665 1553112.995 0.088315796
34.774 1550101.593 0.088521636
34.884 1547111.970 0.088727252
34.993 1544144.255 0.088932618
35.101 1541198.577 0.089137704
35.210 1538275.064 0.089342481
35.318 1535373.846 0.089546921
35.426 1532495.052 0.089750994
35.533 1529638.810 0.089954671
35.640 1526805.249 0.090157920
35.746 1523994.498 0.090360714
35.853 1521206.685 0.090563019
35.958 1518441.940 0.090764807
36.064 1515700.389 0.090966046
36.169 1512982.163 0.091166704
36.273 1510287.388 0.091366750
36.377 1507616.193 0.091566153
36.481 1504968.705 0.091764879
36.584 1502345.051 0.091962898
36.686 1499745.359 0.092160175
36.788 1497169.756 0.092356680
36.890 1494618.367 0.092552378
36.991 1492091.319 0.092747236
37.091 1489588.739 0.092941222
37.191 1487110.750 0.093134302
37.290 1484657.479 0.093326441
37.389 1482229.050 0.093517607
37.487 1479825.586 0.093707764
37.584 1477447.213 0.093896880
37.681 1475094.052 0.094084919
37.777 1472766.226 0.094271848
37.872 1470463.858 0.094457631
37.967 1468187.069 0.094642235
38.061 1465935.980 0.094825623
38.154 1463710.710 0.095007762
38.247 1461511.380 0.095188617
38.339 1459338.109 0.095368153
38.430 1457191.014 0.095546334
38.520 1455070.213 0.095723126
38.609 1452975.823 0.095898493
38.698 1450907.959 0.096072401
38.786 1448866.737 0.096244815
38.873 1446852.271 0.096415699
38.959 1444864.674 0.096585018
39.044 1442904.058 0.096752738
39.129 1440970.536 0.096918824
39.212 1439064.217 0.097083241
39.295 1437185.211 0.097245953
39.376 1435333.628 0.097406928
39.457 1433509.573 0.097566129
39.537 1431713.154 0.097723523
39.616 1429944.476 0.097879075
39.693 1428203.644 0.098032752
39.770 1426490.760 0.098184519
39.846 1424805.926 0.098334343
39.921 1423149.244 0.098482190
39.994 1421520.812 0.098628027
40.067 1419920.729 0.098771822
40.138 1418349.092 0.098913541
40.209 1416805.996 0.099053151
40.278 1415291.536 0.099190622
40.346 1413805.805 0.099325920
40.413 1412348.894 0.099459014
40.479 1410920.894 0.099589874
40.544 1409521.893 0.099718467
40.607 1408151.978 0.099844764
40.669 1406811.236 0.099968735
40.731 1405499.750 0.100090349
40.790 1404217.604 0.100209578
40.849 1402964.878 0.100326393
40.906 1401741.651 0.100440765
40.962 1400548.003 0.100552666
41.017 1399384.009 0.100662068
41.071 1398249.744 0.100768946
41.123 1397145.281 0.100873271
41.174 1396070.691 0.100975019
41.224 1395026.044 0.101074164
41.272 1394011.408 0.101170680
41.319 1393026.848 0.101264545
41.364 1392072.429 0.101355733
41.408 1391148.213 0.101444222
41.451 1390254.261 0.101529989
41.493 1389390.632 0.101613012
41.533 1388557.382 0.101693270
41.571 1387754.567 0.101770743
41.608 1386982.239 0.101845410
41.644 1386240.451 0.101917252
41.678 1385529.250 0.101986250
41.711 1384848.685 0.102052387
41.743 1384198.801 0.102115645
41.773 1383579.641 0.102176008
41.801 1382991.246 0.102233460
41.828 1382433.656 0.102287985
41.853 1381906.909 0.102339570
41.877 1381411.038 0.102388201
41.900 1380946.079 0.102433865
41.921 1380512.061 0.102476550
41.940 1380109.014 0.102516244
41.958 1379736.965 0.102552938
41.975 1379395.939 0.102586621
41.990 1379085.959 0.102617285
42.003 1378807.045 0.102644921
42.015 1378559.216 0.102669523
42.025 1378342.489 0.102691083
42.034 1378156.878 0.102709596
42.041 1378002.395 0.102725058
42.047 1377879.051 0.102737463
42.051 1377786.853 0.102746809
42.053 1377725.807 0.102753094
42.054 1377695.917 0.102756315
42.054 1377697.184 0.102756473
42.052 1377729.608 0.102753567
42.048 1377793.187 0.102747598
42.043 1377887.915 0.102738567
42.037 1378013.785 0.102726479
42.028 1378170.788 0.102711335
42.019 1378358.913 0.102693140
42.007 1378578.146 0.102671899
41.994 1378828.473 0.102647617
41.980 1379109.874 0.102620303
41.964 1379422.331 0.102589962
41.947 1379765.822 0.102556604
41.928 1380140.322 0.102520237
41.907 1380545.806 0.102480871
41.885 1380982.245 0.102438517
41.862 1381449.610 0.102393187
41.837 1381947.867 0.102344892
41.811 1382476.982 0.102293645
41.783 1383036.920 0.102239461
41.753 1383627.641 0.102182353
41.722 1384249.105 0.102122338
41.690 1384901.271 0.102059430
41.656 1385584.092 0.101993646
41.621 1386297.523 0.101925005
41.584 1387041.516 0.101853523
41.546 1387816.019 0.101779220
41.507 1388620.982 0.101702116
41.466 1389456.349 0.101622229
41.424 1390322.064 0.101539582
41.380 1391218.071 0.101454195
41.335 1392144.308 0.101366091
41.288 1393100.714 0.101275292
41.240 1394087.226 0.101181821
41.191 1395103.778 0.101085703
41.141 1396150.303 0.100986961
41.089 1397226.733 0.100885621
41.036 1398332.997 0.100781708
40.982 1399469.023 0.100675248
40.926 1400634.737 0.100566268
40.869 1401830.062 0.100454795
40.811 1403054.922 0.100340857
40.751 1404309.239 0.100224481
40.690 1405592.930 0.100105696
40.629 1406905.915 0.099984532
40.565 1408248.109 0.099861016
40.501 1409619.428 0.099735180
40.436 1411019.785 0.099607053
40.369 1412449.091 0.099476666
40.301 1413907.257 0.099344050
40.232 1415394.192 0.099209236
40.162 1416909.804 0.099072256
40.091 1418453.999 0.098933141
40.019 1420026.681 0.098791924
39.945 1421627.753 0.098648638
39.871 1423257.120 0.098503315
39.796 1424914.680 0.098355988
39.719 1426600.334 0.098206690
39.642 1428313.981 0.098055456
39.563 1430055.517 0.097902318
39.484 1431824.839 0.097747311
39.403 1433621.842 0.097590469
39.322 1435446.419 0.097431825
39.240 1437298.464 0.097271415
39.156 1439177.869 0.097109272
39.072 1441084.523 0.096945432
38.987 1443018.316 0.096779929
38.901 1444979.139 0.096612798
38.814 1446966.877 0.096444074
38.727 1448981.419 0.096273791
38.638 1451022.649 0.096101986
38.549 1453090.455 0.095928691
38.459 1455184.718 0.095753944
38.368 1457305.324 0.095577779
38.276 1459452.155 0.095400230
38.184 1461625.092 0.095221333
38.091 1463824.018 0.095041123
37.997 1466048.812 0.094859635
37.902 1468299.355 0.094676903
37.807 1470575.525 0.094492962
37.711 1472877.202 0.094307848
37.615 1475204.263 0.094121594
37.517 1477556.586 0.093934235
37.419 1479934.047 0.093745806
37.321 1482336.523 0.093556341
37.222 1484763.891 0.093365873
37.122 1487216.024 0.093174438
37.022 1489692.798 0.092982068
36.921 1492194.089 0.092788797
36.820 1494719.769 0.092594659
36.718 1497269.713 0.092399687
36.615 1499843.793 0.092203914
36.512 1502441.884 0.092007374
36.409 1505063.858 0.091810097
36.305 1507709.587 0.091612118
36.200 1510378.944 0.091413469
36.095 1513071.800 0.091214180
35.990 1515788.028 0.091014285
35.884 1518527.499 0.090813815
35.778 1521290.084 0.090612800
35.672 1524075.655 0.090411272
35.565 1526884.083 0.090209261
35.457 1529715.239 0.090006799
35.350 1532568.994 0.089803915
35.241 1535445.218 0.089600638
35.133 1538343.783 0.089397000
35.024 1541264.560 0.089193028
34.915 1544207.418 0.088988752
34.806 1547172.230 0.088784201
34.696 1550158.866 0.088579404
34.586 1553167.196 0.088374387
34.476 1556197.092 0.088169179
34.366 1559248.424 0.087963808
34.255 1562321.065 0.087758301
34.144 1565414.884 0.087552684
34.033 1568529.754 0.087346984
33.921 1571665.545 0.087141227
33.809 1574822.131 0.086935440
33.698 1577999.381 0.086729647
33.586 1581197.169 0.086523873
33.473 1584415.367 0.086318145
33.361 1587653.846 0.086112486
33.248 1590912.481 0.085906921
33.136 1594191.143 0.085701472
33.023 1597489.706 0.085496165
32.910 1600808.043 0.085291023
32.797 1604146.029 0.085086067
32.684 1607503.536 0.084881321
32.570 1610880.441 0.084676806
83.135 1000094.053 0.161854302
83.405 999613.997 0.161969621
83.661 999176.940 0.162074739
83.901 998782.939 0.162169607
84.123 998432.045 0.162254179
84.325 998124.304 0.162328416
84.504 997859.757 0.162392283
84.659 997638.438 0.162445750
84.787 997460.376 0.162488792
84.886 997325.595 0.162521389
84.954 997234.112 0.162543525
84.990 997185.939 0.162555190
84.993 997181.084 0.162556378
84.964 997219.545 0.162547088
84.903 997301.319 0.162527326
84.810 997426.396 0.162497100
84.688 997594.757 0.162456424
84.539 997806.383 0.162405318
84.364 998061.244 0.162343806
84.167 998359.307 0.162271917
83.949 998700.535 0.162189685
83.713 999084.882 0.162097147
83.460 999512.298 0.161994348
83.193 999982.728 0.161881335
82.913 1000496.110 0.161758162
82.623 1001052.379 0.161624885
82.322 1001651.461 0.161481566
82.013 1002293.281 0.161328272
81.696 1002977.755 0.161165073
81.372 1003704.796 0.160992044
81.043 1004474.311 0.160809263
80.709 1005286.200 0.160616816
80.370 1006140.362 0.160414788
80.027 1007036.688 0.160203270
79.681 1007975.064 0.159982359
79.332 1008955.373 0.159752153
78.980 1009977.491 0.159512754
78.626 1011041.291 0.159264268
78.270 1012146.641 0.159006805
77.912 1013293.403 0.158740477
77.553 1014481.436 0.158465400
77.193 1015710.594 0.158181693
76.832 1016980.728 0.157889478
76.470 1018291.682 0.157588880
76.107 1019643.298 0.157280026
75.743 1021035.414 0.156963045
75.380 1022467.862 0.156638071
75.016 1023940.472 0.156305239
74.652 1025453.070 0.155964684
74.288 1027005.478 0.155616546
73.924 1028597.514 0.155260965
73.560 1030228.994 0.154898086
73.196 1031899.727 0.154528050
72.833 1033609.524 0.154151006
72.470 1035358.188 0.153767100
72.108 1037145.521 0.153376480
71.746 1038971.323 0.152979296
71.385 1040835.389 0.152575699
71.025 1042737.513 0.152165841
70.665 1044677.484 0.151749875
70.306 1046655.091 0.151327952
69.948 1048670.119 0.150900228
69.591 1050722.350 0.150466855
69.234 1052811.566 0.150027990
68.879 1054937.545 0.149583785
68.524 1057100.062 0.149134396
68.171 1059298.894 0.148679978
67.818 1061533.810 0.148220684
67.467 1063804.583 0.147756671
67.117 1066110.981 0.147288090
66.767 1068452.772 0.146815097
66.420 1070829.720 0.146337843
66.073 1073241.591 0.145856481
65.727 1075688.147 0.145371164
65.383 1078169.149 0.144882042
65.040 1080684.359 0.144389264
64.698 1083233.536 0.143892980
64.358 1085816.438 0.143393338
64.019 1088432.823 0.142890484
63.681 1091082.448 0.142384565
63.344 1093765.068 0.141875724
63.009 1096480.439 0.141364105
62.676 1099228.316 0.140849850
62.343 1102008.453 0.140333097
62.012 1104820.604 0.139813987
61.683 1107664.523 0.139292656
61.355 1110539.963 0.138769240
61.028 1113446.677 0.138243873
60.703 1116384.419 0.137716685
60.380 1119352.941 0.137187809
60.058 1122351.997 0.136657372
59.737 1125381.339 0.136125502
59.418 1128440.721 0.135592322
59.100 1131529.897 0.135057956
58.784 1134648.620 0.134522525
58.469 1137796.644 0.133986148
58.156 1140973.725 0.133448941
57.844 1144179.617 0.132911021
57.534 1147414.076 0.132372500
57.225 1150676.857 0.131833489
56.918 1153967.719 0.131294096
56.613 1157286.417 0.130754430
56.309 1160632.711 0.130214595
56.006 1164006.359 0.129674693
55.705 1167407.122 0.129134825
55.406 1170834.759 0.128595090
55.108 1174289.032 0.128055584
54.812 1177769.704 0.127516402
54.517 1181276.539 0.126977635
54.224 1184809.300 0.126439376
53.932 1188367.753 0.125901710
53.642 1191951.666 0.125364725
53.353 1195560.805 0.124828505
53.066 1199194.939 0.124293131
52.781 1202853.840 0.123758684
52.497 1206537.277 0.123225242
52.214 1210245.025 0.122692880
51.933 1213976.855 0.122161673
51.654 1217732.545 0.121631692
51.376 1221511.870 0.121103008
51.099 1225314.607 0.120575688
50.825 1229140.538 0.120049799
50.551 1232989.441 0.119525405
50.279 1236861.099 0.119002568
50.009 1240755.295 0.118481350
49.740 1244671.814 0.117961808
49.473 1248610.444 0.117443999
49.207 1252570.970 0.116927980
48.942 1256553.184 0.116413802
48.679 1260556.875 0.115901518
48.418 1264581.835 0.115391177
48.158 1268627.860 0.114882828
47.900 1272694.744 0.114376517
47.642 1276782.284 0.113872290
47.387 1280890.279 0.113370189
47.133 1285018.528 0.112870255
46.880 1289166.834 0.112372531
46.629 1293334.999 0.111877053
46.379 1297522.828 0.111383859
46.130 1301730.129 0.110892986
45.883 1305956.708 0.110404466
45.637 1310202.375 0.109918333
45.393 1314466.941 0.109434618
45.150 1318750.220 0.108953352
44.909 1323052.025 0.108474563
44.669 1327372.173 0.107998279
44.430 1331710.480 0.107524525
44.193 1336066.767 0.107053327
43.956 1340440.853 0.106584708
43.722 1344832.561 0.106118692
43.488 1349241.715 0.105655298
43.256 1353668.141 0.105194548
43.026 1358111.665 0.104736460
42.796 1362572.116 0.104281053
42.568 1367049.325 0.103828344
42.341 1371543.122 0.103378348
42.116 1376053.343 0.102931080
41.892 1380579.820 0.102486554
41.669 1385122.392 0.102044784
41.447 1389680.895 0.101605780
41.227 1394255.170 0.101169555
41.008 1398845.057 0.100736119
40.790 1403450.399 0.100305480
40.573 1408071.041 0.099877648
40.358 1412706.827 0.099452630
40.144 1417357.605 0.099030433
39.931 1422023.224 0.098611063
39.719 1426703.534 0.098194526
39.508 1431398.386 0.097780826
39.299 1436107.633 0.097369968
39.091 1440831.130 0.096961954
38.884 1445568.733 0.096556788
38.678 1450320.300 0.096154470
38.473 1455085.688 0.095755004
38.270 1459864.759 0.095358389
38.067 1464657.374 0.094964625
37.866 1469463.396 0.094573713
37.666 1474282.690 0.094185651
37.467 1479115.121 0.093800438
37.269 1483960.557 0.093418072
37.072 1488818.866 0.093038550
36.876 1493689.919 0.092661870
36.682 1498573.585 0.092288028
36.488 1503469.739 0.091917021
36.296 1508378.254 0.091548843
36.104 1513299.004 0.091183491
35.914 1518231.867 0.090820960
35.725 1523176.721 0.090461244
35.537 1528133.444 0.090104337
35.349 1533101.917 0.089750233
35.163 1538082.021 0.089398926
34.978 1543073.639 0.089050409
34.794 1548076.655 0.088704675
34.611 1553090.955 0.088361716
34.429 1558116.424 0.088021525
34.248 1563152.951 0.087684094
34.067 1568200.424 0.087349414
33.888 1573258.734 0.087017478
33.710 1578327.771 0.086688276
33.533 1583407.427 0.086361800
33.357 1588497.597 0.086038040
33.181 1593598.175 0.085716988
33.007 1598709.056 0.085398633
32.833 1603830.137 0.085082966
32.661 1608961.317 0.084769977
32.489 1614102.493 0.084459657
32.319 1619253.567 0.084151994
32.149 1624414.439 0.083846980
31.980 1629585.011 0.083544602
31.812 1634765.187 0.083244851
31.645 1639954.870 0.082947717
31.478 1645153.967 0.082653187
31.313 1650362.383 0.082361252
31.149 1655580.025 0.082071901
30.985 1660806.803 0.081785121
30.822 1666042.624 0.081500903
30.660 1671287.399 0.081219235
30.499 1676541.040 0.080940106
30.339 1681803.458 0.080663505
30.179 1687074.567 0.080389419
30.021 1692354.280 0.080117838
29.863 1697642.511 0.079848751
29.706 1702939.178 0.079582145
29.550 1708244.197 0.079318010
29.394 1713557.484 0.079056333
29.240 1718878.960 0.078797104
29.086 1724208.542 0.078540310
28.933 1729546.151 0.078285941
28.781 1734891.708 0.078033984
28.629 1740245.134 0.077784429
28.478 1745606.353 0.077537263
28.328 1750975.289 0.077292476
28.179 1756351.864 0.077050055
28.031 1761736.005 0.076809989
27.883 1767127.636 0.076572267
27.736 1772526.686 0.076336878
27.589 1777933.081 0.076103810
27.444 1783346.750 0.075873052
27.299 1788767.620 0.075644593
27.155 1794195.624 0.075418420
27.011 1799630.689 0.075194525
26.869 1805072.749 0.074972894
26.726 1810521.735 0.074753517
26.585 1815977.578 0.074536384
26.444 1821440.214 0.074321483
26.304 1826909.575 0.074108804
26.165 1832385.597 0.073898335
26.026 1837868.214 0.073690066
25.888 1843357.364 0.073483987
25.751 1848852.982 0.073280087
25.614 1854355.007 0.073078355
25.478 1859863.375 0.072878781
25.342 1865378.027 0.072681356
25.208 1870898.901 0.072486068
25.073 1876425.937 0.072292907
24.940 1881959.076 0.072101865
24.807 1887498.259 0.071912930
24.675 1893043.428 0.071726093
24.543 1898594.525 0.071541345
24.412 1904151.494 0.071358676
24.281 1909714.278 0.071178075
24.151 1915282.821 0.070999535
24.022 1920857.067 0.070823046
23.893 1926436.963 0.070648598
23.765 1932022.455 0.070476182
23.638 1937613.488 0.070305791
23.511 1943210.009 0.070137414
23.384 1948811.967 0.069971044
23.258 1954419.309 0.069806671
23.133 1960031.984 0.069644287
23.008 1965649.941 0.069483884
22.884 1971273.130 0.069325454
22.761 1976901.500 0.069168989
22.638 1982535.003 0.069014481
22.515 1988173.590 0.068861921
22.393 1993817.211 0.068711303
22.272 1999465.821 0.068562619
22.151 2005119.370 0.068415861
22.030 2010777.813 0.068271023
21.910 2016441.103 0.068128096
21.791 2022109.193 0.067987075
21.672 2027782.039 0.067847951
21.554 2033459.595 0.067710720
21.436 2039141.816 0.067575373
21.319 2044828.660 0.067441905
21.202 2050520.081 0.067310309
21.085 2056216.036 0.067180579
20.970 2061916.484 0.067052710
20.854 2067621.381 0.066926694
20.739 2073330.685 0.066802528
20.625 2079044.354 0.066680205
20.511 2084762.349 0.066559719
20.398 2090484.627 0.066441066
20.285 2096211.148 0.066324241
20.172 2101941.873 0.066209238
20.060 2107676.762 0.066096053
