0.0
0.0
0.0
0.0
0.0
0.0
0.0
0.0
0.0
0.0
0.0
0.0
0.0
0.0
0.0
0.0
0.0
0.0
0.0
0.0
0.0
0.0
0.0
0.0
0.0
0.0
0.0
0.0
0.0
0.0
0.0
0.0
0.0
0.0
0.0
0.0
0.0
0.0
0.0
0.0
0.0
0.0
0.0
0.0
0.0
0.0
0.0
0.0
0.0
0.0
0.0
0.0
0.0
0.0
0.0
0.0
0.0
0.0
0.0
0.0
0.0
0.0
0.0
0.0
0.0
0.0
0.0
0.0
0.0
0.0
0.0
0.0
0.0
0.0
0.0
0.0
0.0
0.0
0.0
0.0
0.0
0.0
0.0
0.0
0.0
0.0
0.0
0.0
0.0
0.0
0.0
0.0
0.0
0.0
0.0
0.0
0.0
0.0
0.0
0.0
0.0
0.0
0.0
0.0
0.0
0.0
0.0
0.0
0.0
0.0
0.0
0.0
0.0
0.0
391.86645559141976
390.71322633963916
389.5560685129615
388.39520905516184
387.2308724873158
386.06328085212795
384.8926536616525
383.7192078481162
382.54315771783456
381.3647149078828
380.18408834617605
379.0014842137448
377.81710591079576
376.63115402490564
375.4438263022501
374.2553176215518
373.06581997044344
371.8755224248835
370.6846111306184
369.49326928754283
368.30167713602367
367.1100119460225
365.91844800809326
364.7271566270751
363.53630611751197
362.34606180138474
361.1565860078341
359.9680380748569
358.7805743528961
357.59434821027503
356.40951004040215
355.2262072707438
354.04458437322063
352.86478287660464
351.6869413799933
350.51119556814064
349.337678227805
348.166519265645
346.9978457274229
345.8317818184574
344.66844892499097
343.50796563703517
342.3504477718566
341.1960083986703
340.04475786445164
338.89680382028627
337.75225124877124
336.6112024921648
335.4737572811274
334.3400127644436
333.2100635392194
332.0840016814927
330.9619167777538
329.8438959566025
328.73002392128154
327.62038298225144
326.5150530903478
325.41411187021123
324.31763465420306
323.22569451611827
322.13836230578585
321.0557066833791
319.9777941540808
318.9046891029085
317.8364538294619
316.77314858305766
315.7148315977392
314.66155912716573
313.6133854797679
312.5703630537955
311.53254237203305
310.49997211702333
309.47269916573424
308.45076862412566
307.43422386183653
306.4231065464271
305.41745667777985
304.4173126220121
303.42271114533014
302.4336874476688
301.45027519593083
300.47250655739606
299.5004122323103
298.5340214866302
297.57336218431465
296.6184608193811
295.66934254751806
294.7260312176789
293.7885494030301
292.85691843186345
291.9311584179092
291.0112882904268
290.09732582410186
289.18928766834324
288.2871893763624
287.3910454338846
286.50086928736863
285.6166733722069
284.738469140081
283.86626708631445
283.00007677671664
282.13990687400616
281.2857651639297
280.437658581141
279.59559323434445
278.75957443139
277.92960670388675
277.1056938313369
276.2878388651312
275.4760441519517
274.6703113569089
273.87064148626587
273.0770349099338
272.28949138327465
271.5080100689725
270.73258955823013
269.9632278917275
269.1999225802367
268.4426706247886
267.6914685366634
266.94631235694345
266.20719767563645
265.4741196506337
264.7470730262553
264.02605215141176
263.3110509976059
262.6020631764553
261.8990819569558
261.2021002825428
260.51111078756253
259.8261058138178
259.14707742656105
258.47401743021254
257.806917383945
257.1457686169023
256.4905622429904
255.84128917570544
255.19794014245113
254.560505698695
253.92897624187347
253.30334202495678
252.68359316994216
252.06971968091855
251.46171145706722
250.85955830526922
250.26324995256888
249.67277605849813
249.08812622704366
248.50929001848127
247.93625696100827
247.36901656214795
246.80755831999295
246.2518717342358
245.70194631703174
245.15777160368106
244.6193371631333
244.0866326083477
243.55964760641444
243.03837188864725
242.5227952604496
242.0129076109813
241.50869892279533
241.0101592812323
240.51727888380887
240.03004804932363
239.5484572269795
239.07249700534132
238.60215812113108
238.1374314679478
237.6783081049699
237.22477926543343
236.7768363650834
236.3344710105383
235.89767500755426
235.46644036922748
235.04075932411402
234.6206243242894
234.20602805334428
233.7969634343301
233.39342363760647
232.9954020887397
232.60289247624615
232.21588875939878
231.83438517589957
231.45837624961837
0.0
0.0
0.0
0.0
0.0
0.0
0.0
0.0
0.0
0.0
0.0
0.0
0.0
0.0
0.0
0.0
0.0
0.0
0.0
0.0
0.0
0.0
0.0
0.0
0.0
0.0
0.0
0.0
0.0
0.0
0.0
0.0
0.0
0.0
0.0
0.0
0.0
0.0
0.0
0.0
0.0
0.0
0.0
0.0
0.0
0.0
0.0
0.0
0.0
0.0
0.0
0.0
0.0
0.0
0.0
0.0
0.0
0.0
0.0
0.0
0.0
0.0
0.0
0.0
0.0
0.0
0.0
0.0
0.0
0.0
0.0
0.0
0.0
0.0
0.0
0.0
0.0
0.0
0.0
0.0
0.0
0.0
0.0
0.0
0.0
0.0
0.0
0.0
0.0
0.0
0.0
0.0
0.0
0.0
0.0
0.0
0.0
0.0
0.0
0.0
0.0
0.0
0.0
0.0
0.0
0.0
0.0
0.0
0.0
0.0
0.0
0.0
0.0
0.0
0.0
0.0
0.0
0.0
0.0
0.0
0.0
0.0
0.0
0.0
0.0
0.0
0.0
0.0
0.0
0.0
0.0
0.0
0.0
0.0
0.0
0.0
0.0
0.0
0.0
0.0
0.0
0.0
0.0
0.0
0.0
0.0
0.0
0.0
0.0
0.0
0.0
0.0
0.0
0.0
0.0
0.0
0.0
0.0
0.0
0.0
0.0
0.0
0.0
0.0
0.0
0.0
0.0
0.0
0.0
0.0
0.0
0.0
0.0
0.0
0.0
0.0
0.0
0.0
0.0
0.0
0.0
0.0
0.0
0.0
0.0
0.0
0.0
0.0
0.0
0.0
0.0
0.0
0.0
0.0
0.0
0.0
0.0
0.0
0.0
0.0
0.0
0.0
0.0
0.0
0.0
0.0
0.0
0.0
0.0
0.0
0.0
0.0
0.0
0.0
0.0
0.0
0.0
0.0
0.0
0.0
0.0
0.0
0.0
0.0
0.0
0.0
0.0
0.0
0.0
0.0
0.0
0.0
0.0
0.0
0.0
0.0
0.0
0.0
0.0
0.0
0.0
0.0
0.0
0.0
0.0
0.0
0.0
0.0
0.0
0.0
0.0
0.0
0.0
0.0
0.0
0.0
0.0
0.0
0.0
0.0
0.0
0.0
0.0
0.0
0.0
0.0
0.0
0.0
0.0
0.0
0.0
0.0
0.0
0.0
0.0
0.0
0.0
0.0
0.0
0.0
0.0
0.0
0.0
0.0
0.0
0.0
0.0
0.0
0.0
0.0
0.0
0.0
0.0
0.0
0.0
0.0
0.0
0.0
0.0
0.0
0.0
0.0
0.0
0.0
0.0
0.0
0.0
0.0
0.0
0.0
0.0
0.0
0.0
0.0
0.0
0.0
0.0
0.0
0.0
0.0
0.0
0.0
0.0
0.0
0.0
0.0
0.0
0.0
0.0
0.0
0.0
0.0
0.0
0.0
0.0
0.0
0.0
0.0
0.0
0.0
0.0
0.0
0.0
0.0
0.0
0.0
0.0
0.0
0.0
0.0
0.0
0.0
0.0
0.0
0.0
0.0
0.0
0.0
0.0
0.0
0.0
0.0
0.0
0.0
0.0
0.0
0.0
0.0
0.0
0.0
0.0
0.0
0.0
0.0
0.0
0.0
0.0
0.0
0.0
0.0
0.0
0.0
0.0
0.0
0.0
0.0
0.0
0.0
0.0
0.0
0.0
0.0
0.0
0.0
0.0
0.0
0.0
0.0
0.0
0.0
0.0
0.0
0.0
0.0
0.0
0.0
0.0
0.0
0.0
0.0
0.0
0.0
0.0
0.0
0.0
0.0
0.0
0.0
0.0
0.0
0.0
0.0
0.0
0.0
0.0
0.0
0.0
0.0
0.0
0.0
0.0
0.0
0.0
0.0
0.0
0.0
0.0
0.0
0.0
0.0
0.0
0.0
0.0
0.0
0.0
0.0
0.0
0.0
0.0
0.0
0.0
0.0
0.0
0.0
0.0
0.0
0.0
0.0
0.0
0.0
0.0
0.0
0.0
0.0
0.0
0.0
0.0
0.0
0.0
0.0
0.0
0.0
0.0
0.0
0.0
0.0
0.0
0.0
0.0
0.0
0.0
0.0
0.0
0.0
0.0
0.0
0.0
0.0
0.0
0.0
0.0
0.0
0.0
0.0
0.0
0.0
0.0
0.0
0.0
0.0
0.0
0.0
0.0
0.0
0.0
0.0
0.0
0.0
0.0
0.0
0.0
0.0
0.0
0.0
0.0
0.0
0.0
0.0
0.0
0.0
0.0
0.0
0.0
0.0
0.0
0.0
0.0
0.0
0.0
0.0
0.0
0.0
0.0
0.0
0.0
0.0
0.0
0.0
0.0
0.0
534.6275946227039
534.860916522922
535.0630658966052
535.2339535328881
535.3735038018583
535.4816547359889
535.558358096493
535.6035794256496
535.6172980836295
535.599507270921
535.5502140357142
535.4694392661667
535.3572176681292
535.2135977276126
535.0386416586443
534.83242533653
534.5950382161922
534.3265832365586
534.0271767103116
533.6969482000887
533.3360403805883
532.9446088873418
532.5228221522437
532.0708612264716
531.5889195904848
531.0772029520966
530.5359290330344
529.9653273436984
529.3656389473339
528.7371162135826
528.0800225620338
527.3946321964871
526.681229829523
525.940110399399
525.1715787782665
524.375949473114
523.553546319741
522.7047021702334
521.829758574555
520.9290654568389
520.0029807866075
519.0518702462185
518.0761068940878
517.0760708250052
516.0521488277441
515.0047340405217
513.9342256051755
512.841028319597
511.72555229053603
510.5882125857217
509.4294288866819
508.2496251425004
507.04922922498093
505.8286725857084
504.588389915398
503.3288188060553
502.05039941626393
500.7535741400743
499.43878727983235
498.1064847233371
496.75711362571985
495.39112209603815
494.008958889902
492.61107310679824
491.19791389393345
489.7699301560847
488.327570271741
486.8712818160005
485.40151129025026
483.9187038586729
482.42330309238525
480.91575072045646
479.39648638860825
477.8659474255099
476.324568616671
474.77278198626175
473.2110165863941
471.6396982950761
470.05924962108537
468.47008951759034
466.87263320334245
465.26729199196456
463.6544731290984
462.03457963756716
460.40801017008073
458.7751588704404
457.13641524157254
455.4921640219129
453.84278506907145
452.188653251058
450.53013834488877
448.8676049422227
447.20141236262504
445.5319145735058
443.85946011679874
442.1843920427278
440.5070478499847
438.8277594324378
437.14685303186934
435.46464919731983
433.7814627499855
432.097602754079
430.413372493333
428.7290694529574
427.0449853069139
425.36140591032637
423.67861129666124
421.9968756800743
420.31646746214494
418.6376492428109
416.9606778360157
415.2858042891825
413.6132739066695
411.94332627687
410.27619530321493
408.61210923819965
406.9512907210455
405.2939568180384
403.6403190661937
401.99058351956296
400.34495079795346
398.7036161386338
397.0667694498517
395.4345953667982
393.8072733097184
392.18497754355957
390.56787723980574
388.9561365397843
387.3499146193246
385.74936575524674
384.1546393926869
382.5658802138002
380.98322820764
379.4068187404581
377.83678262758133
376.2732462054855
374.71633140457936
373.1661558228103
371.6228327993777
370.08647148914594
368.55717693693555
367.035050152405
365.5201881849001
364.0126841982032
362.51262754565306
361.0201038447806
359.5351950520007
358.05797953717985
356.58853215761445
355.1269243320572
353.67322411418775
352.2274962655816
350.78980232851274
349.36020069794057
347.9387466930464
346.5254926283478
345.1204878838722
343.7237789749498
342.3354096212317
340.9554208148696
339.58385088823434
338.22073558059697
336.8661081040996
335.5199992090812
334.18243724828295
332.8534482403791
331.5330559326726
330.22128186292156
328.91814542015277
327.62366390465047
326.3378525871641
325.0607247669071
323.79229182893783
322.5325633004818
321.2815469062424
320.0392486230007
318.80567273309225
317.58082187698085
316.36469710504906
315.15729792817064
313.95862236766334
312.7686670040395
311.5874270251231
310.41489627297346
309.2510672900591
308.0959313644488
306.94947857421636
305.81169783073295
536.4469355667579
535.4589562498863
534.4788224922562
533.5064903574297
532.5419151057379
531.5850512376844
530.6358525366676
529.6942721106934
528.7602624334643
527.8337753847704
526.9147622901005
526.0031739593962
525.0989607251456
524.2020724798957
523.3124587127172
522.4300685453013
521.5548507671978
520.6867538702759
519.8257260828069
518.9717154025495
518.1246696293185
517.2845363970089
516.4512632046949
515.6247974473663
514.8050864459509
513.9920774765706
513.1857177995248
512.3859546873359
511.59273545237363
510.8060074739515
510.02571822463716
509.25181529622336
508.48424642506603
507.72295951672936
506.96790267043673
506.21902420261756
505.4762726701378
504.73959689305775
504.00894597664285
503.2842693331736
502.5655167030055
501.852638175326
501.1455842084066
500.44430564927245
499.7487537530985
499.0588802018908
498.374637122978
497.6959771069594
497.02285322510505
496.35521904659447
495.6930286550803
495.03623666494605
494.3847982372332
493.73866909493813
493.0978055381747
492.462164458788
491.8317033546631
491.2063803435418
490.58615417667886
489.9709842519053
489.36083062654734
488.7556540297552
488.15541587468874
487.5600782703151
486.96960403273545
486.38395669643523
485.8031005249794
485.22700052148326
484.65562243885546
484.088932789508
483.5268988550345
482.96948869533793
482.4166711577539
481.86841588556837
481.3246933265399
480.78547474103107
480.25073220977515
479.7204386415598
479.194567780551
478.67309421339996
478.1559933761077
477.6432415605742
477.1348159210671
476.6306944803883
476.13085613570786
475.63528066436106
237.26083143456984
236.785785131975
236.3170800184821
235.8546967764139
235.3986165151952
234.9488207768857
234.505291541641
234.06801123322595
233.63696272447936
233.21212934275553
232.79349487538636
232.38104357509332
231.97476016548148
231.5746298464984
231.18063829987145
230.79277169463853
0.0
0.0
0.0
0.0
0.0
0.0
0.0
0.0
0.0
0.0
0.0
0.0
0.0
0.0
0.0
0.0
0.0
0.0
0.0
0.0
0.0
0.0
0.0
0.0
0.0
0.0
0.0
0.0
0.0
0.0
0.0
0.0
0.0
0.0
0.0
0.0
0.0
0.0
0.0
0.0
0.0
0.0
0.0
0.0
0.0
0.0
0.0
0.0
0.0
0.0
0.0
0.0
0.0
0.0
0.0
0.0
0.0
0.0
0.0
0.0
0.0
0.0
0.0
0.0
0.0
0.0
0.0
0.0
0.0
0.0
0.0
0.0
0.0
0.0
0.0
0.0
0.0
0.0
0.0
0.0
0.0
0.0
0.0
0.0
0.0
0.0
0.0
0.0
0.0
0.0
0.0
0.0
0.0
0.0
0.0
0.0
0.0
0.0
0.0
0.0
0.0
0.0
0.0
0.0
0.0
0.0
0.0
0.0
0.0
0.0
0.0
0.0
0.0
0.0
0.0
0.0
0.0
0.0
0.0
0.0
0.0
0.0
0.0
0.0
0.0
0.0
0.0
0.0
0.0
0.0
0.0
0.0
0.0
0.0
0.0
0.0
0.0
0.0
0.0
0.0
0.0
0.0
0.0
0.0
0.0
0.0
0.0
0.0
0.0
0.0
0.0
0.0
0.0
0.0
0.0
0.0
0.0
0.0
0.0
0.0
0.0
0.0
0.0
0.0
0.0
0.0
0.0
0.0
0.0
0.0
0.0
0.0
0.0
0.0
0.0
0.0
0.0
0.0
0.0
0.0
0.0
0.0
0.0
0.0
0.0
0.0
0.0
0.0
0.0
0.0
0.0
0.0
0.0
0.0
0.0
0.0
0.0
0.0
0.0
0.0
0.0
0.0
0.0
0.0
0.0
0.0
0.0
0.0
0.0
0.0
0.0
0.0
0.0
0.0
0.0
0.0
0.0
0.0
0.0
0.0
0.0
0.0
0.0
0.0
0.0
0.0
0.0
0.0
0.0
0.0
0.0
0.0
0.0
0.0
0.0
0.0
0.0
0.0
0.0
0.0
0.0
0.0
0.0
0.0
0.0
0.0
0.0
0.0
0.0
0.0
0.0
0.0
0.0
0.0
0.0
0.0
0.0
0.0
0.0
0.0
0.0
0.0
0.0
0.0
0.0
0.0
0.0
0.0
0.0
0.0
0.0
0.0
0.0
0.0
0.0
0.0
0.0
0.0
0.0
0.0
0.0
0.0
0.0
0.0
0.0
0.0
0.0
0.0
0.0
0.0
0.0
0.0
0.0
0.0
0.0
0.0
0.0
0.0
0.0
0.0
0.0
0.0
0.0
0.0
0.0
0.0
0.0
0.0
0.0
0.0
0.0
0.0
0.0
0.0
0.0
0.0
0.0
0.0
0.0
0.0
0.0
0.0
0.0
0.0
0.0
0.0
0.0
0.0
0.0
0.0
0.0
0.0
0.0
0.0
0.0
0.0
0.0
0.0
0.0
0.0
0.0
0.0
0.0
0.0
0.0
0.0
0.0
0.0
0.0
0.0
0.0
0.0
0.0
0.0
0.0
0.0
0.0
0.0
0.0
0.0
0.0
0.0
0.0
0.0
0.0
0.0
0.0
0.0
0.0
0.0
0.0
0.0
0.0
0.0
0.0
0.0
0.0
0.0
0.0
0.0
0.0
0.0
0.0
0.0
0.0
0.0
0.0
0.0
0.0
0.0
0.0
0.0
0.0
0.0
0.0
0.0
0.0
0.0
0.0
0.0
0.0
0.0
0.0
0.0
0.0
0.0
0.0
0.0
0.0
0.0
0.0
0.0
0.0
0.0
0.0
0.0
0.0
0.0
0.0
0.0
0.0
0.0
0.0
0.0
0.0
0.0
0.0
0.0
0.0
0.0
0.0
0.0
0.0
0.0
0.0
0.0
0.0
0.0
0.0
0.0
0.0
0.0
0.0
0.0
0.0
0.0
0.0
0.0
0.0
0.0
0.0
0.0
0.0
0.0
0.0
0.0
0.0
0.0
0.0
0.0
0.0
0.0
0.0
0.0
0.0
0.0
0.0
0.0
0.0
0.0
0.0
0.0
0.0
0.0
0.0
0.0
0.0
0.0
0.0
0.0
0.0
0.0
0.0
0.0
0.0
0.0
0.0
0.0
0.0
0.0
0.0
0.0
0.0
0.0
0.0
0.0
0.0
0.0
0.0
0.0
0.0
0.0
0.0
0.0
0.0
0.0
0.0
0.0
0.0
0.0
0.0
0.0
0.0
0.0
0.0
0.0
0.0
0.0
0.0
0.0
0.0
0.0
0.0
0.0
0.0
0.0
0.0
0.0
0.0
0.0
0.0
0.0
0.0
0.0
0.0
0.0
0.0
0.0
0.0
0.0
0.0
0.0
0.0
0.0
0.0
0.0
0.0
0.0
0.0
0.0
0.0
0.0
0.0
0.0
565.381573999941
564.6999971995906
563.9846609916954
563.2358883336168
562.4540157254282
561.6393928461324
560.7923821784101
559.9133586225468
559.0027091004775
558.0608321505567
557.0881375137245
556.0850457121096
555.0519876206275
553.9894040323895
552.89774521875
551.7774704846917
550.6290477203805
549.4529529496739
548.249669876096
547.01968942743
545.7635092993926
544.481633499055
543.1745718888942
541.8428397320906
540.4869572397619
539.1074491206306
537.7048441340312
536.2796746466571
534.8324761936705
533.3637870448254
531.8741477760321
530.3641008469183
528.8341901850155
527.2849607766021
525.7169582653653
524.1307285585207
522.5268174412729
520.905770199844
519.2681312533276
517.6144437947049
515.945249441525
514.261087895921
512.5624966149475
510.8500104908574
509.1241615417209
507.38547861244825
505.63448708659314
503.871708608608
502.09766081696563
500.312857088193
498.5178062914215
496.71301255427875
494.89897503922657
493.07618773092287
491.245139234296
489.4063125834259
487.5601850608632
485.70722802768387
483.8479067637882
481.98268031873897
480.1120013724916
478.2363161062731
476.356064083229
474.47167813889456
472.58358428084455
470.69220159789813
468.7979421783022
466.9012110367677
465.002406050185
463.1019179018043
461.2001300334083
459.2974186059457
457.39415246728396
455.49069312788055
453.58739474357145
451.6846041053609
449.7826606360134
447.88189639313697
445.9826360785428
444.08519705363136
442.1898893606838
440.29701574941754
438.4068717090944
436.51974550557526
434.63591822333024
432.75566381184024
430.8792491365467
429.00693403375715
427.138971369618
425.2756071027132
423.4170803501476
421.56362345687785
419.7154620681476
417.87281520471794
416.0358953409353
414.20490848485105
412.3800542612286
410.5615259961432
408.7495108037976
406.9441896749436
405.145737567023
403.3543234956209
401.57011062736206
399.7932563737139
398.023912485968
396.26222515100744
394.50833508779453
392.7623776444416
391.024482895685
389.2947757409241
387.57337600222104
385.8603985226927
384.1559532646626
382.46014540801224
380.77307544812874
379.0948392938696
377.4255283649148
375.765229689117
374.1140259984757
372.47199582594334
370.83921360037164
626.134714826648
624.7074116419722
623.286728890444
621.8726874674713
620.4653050979479
619.0645964396457
617.6705731855375
616.2832441652586
614.9026154452737
613.5286904278695
612.1614699490008
610.8009523747792
609.4471336969314
608.100007626525
606.7595656867177
605.425797304172
604.0986898986571
602.778228971719
601.4643981936837
600.1571794892687
598.8565531216756
597.5624977754501
596.2749906374506
594.9940074766362
593.7195227224678
592.4515095411967
591.1899399114124
589.9347846976652
588.6860137224282
587.4435958369066
586.2074989900789
584.9776902963131
583.7541361014211
582.5368020473252
581.325653134922
580.1206537858745
578.9217679024441
577.7289589261738
576.5421898949628
575.3614234986554
574.1866221331748
573.0177479531776
571.8547629234135
570.6976288684293
569.5463075209118
568.4007605687408
567.2609497005365
566.1268366498573
564.9983832380126
563.8755514155206
562.7583033022081
561.6466012261171
560.5404077608829
559.4396857619166
558.3443984013641
557.2545092017535
556.1699820684323
555.090781320569
554.0168717214483
552.9482185069264
551.8847874131436
550.826544703084
549.7734571916523
548.725492270017
547.6826179286363
546.6448027792297
545.6120160758355
544.5842277345096
543.5614083523162
542.543529225127
541.5305623646029
540.5224805139193
539.5192571628434
538.5208665617233
537.5272837346881
536.5384844917425
535.5544454402277
534.5751439953331
533.6005583897388
532.6306676826223
531.6654517675952
530.7048913801233
529.7489681040843
528.797664377699
527.8509634985435
526.9088496281038
525.9713077955508
525.0383239008609
524.1098847174183
523.1859778938043
522.2665919551995
521.3517163041233
520.4413412206294
519.535457861992
518.6340582618674
517.7371353289691
516.8446828452192
515.9566954636939
515.0731687056474
514.1940989576092
513.3194834678312
512.4493203424162
511.5836085410807
510.72234787257145
509.8655389897514
509.01318338444025
508.16528338187857
507.32184213491155
506.48286361802934
505.64835262107744
504.8183147427645
503.9927563839854
503.1716847409349
502.3551077980252
501.5430343207548
500.7354738483046
499.9324366860362
499.13393389795704
498.33997729901955
497.5505794473703
496.76575363650863
495.9855138874219
495.2098749406537
494.438852248358
493.6724619664115
492.91072094635877
492.15364672755527
491.40125752922455
490.65357224265887
489.9106104233201
489.1723922831454
488.4389386828865
487.7102711244961
486.98641174372494
486.267383302658
485.55320918252437
484.8439133766242
484.1395204832833
483.44005569909456
482.7455448122488
482.0560141960802
481.37149080274366
480.69200215717785
480.01757635113006
479.3482420375069
478.6840284249544
478.0249652725396
247.3439402333374
247.07415150600156
246.80335863162313
246.531607830181
246.25894527516127
245.98541708491825
245.71106931434224
245.43594794663105
245.16009888531664
244.8835679465235
244.60640085139318
244.3286432187289
244.0503405579058
243.77153826188908
243.49228160057208
243.21261571427516
242.932585607471
242.65223614272594
242.37161203486036
242.09075784531592
241.80971797676136
241.52853666788775
241.2472579884233
240.96592583438562
240.6845839235269
240.4032757910037
240.1220447852535
239.84093406409465
239.55998659101502
239.27924513172115
238.99875225082351
238.7185503087923
238.4386814590987
238.15918764555448
237.88011059986965
237.60149183940626
237.32337266512914
237.04579415977338
236.76879718619043
236.49242238590122
236.21671017783333
235.94170075728067
235.6674340950159
235.39394993662415
235.12128780199558
234.84948698502703
234.57858655350427
234.30862534914965
234.03964198786218
233.77167486014028
233.50476213166363
233.23894174407226
232.97425141588923
232.7107286436333
232.44841070309937
232.18733465078455
231.9275373255065
231.66905535015954
231.4119251336433
231.15618287294566
230.90186455538282
230.6490059609861
230.39764266505512
230.14781004084918
0.0
0.0
0.0
0.0
0.0
0.0
0.0
0.0
0.0
0.0
0.0
0.0
0.0
0.0
0.0
0.0
0.0
0.0
0.0
0.0
0.0
0.0
0.0
0.0
0.0
0.0
0.0
0.0
0.0
0.0
0.0
0.0
0.0
0.0
0.0
0.0
0.0
0.0
0.0
0.0
0.0
0.0
0.0
0.0
0.0
0.0
0.0
0.0
0.0
0.0
0.0
0.0
0.0
0.0
0.0
0.0
0.0
0.0
0.0
0.0
0.0
0.0
0.0
0.0
0.0
0.0
0.0
0.0
0.0
0.0
0.0
0.0
0.0
0.0
0.0
0.0
0.0
0.0
0.0
0.0
0.0
0.0
0.0
0.0
0.0
0.0
0.0
0.0
0.0
0.0
0.0
0.0
0.0
0.0
0.0
0.0
0.0
0.0
0.0
0.0
0.0
0.0
0.0
0.0
0.0
0.0
0.0
0.0
0.0
0.0
0.0
0.0
0.0
0.0
0.0
0.0
0.0
0.0
0.0
0.0
0.0
0.0
0.0
0.0
0.0
0.0
0.0
0.0
0.0
0.0
0.0
0.0
0.0
0.0
0.0
0.0
0.0
0.0
0.0
0.0
0.0
0.0
0.0
0.0
0.0
0.0
0.0
0.0
0.0
0.0
0.0
0.0
0.0
0.0
0.0
0.0
0.0
0.0
0.0
0.0
0.0
0.0
0.0
0.0
0.0
0.0
0.0
0.0
0.0
0.0
0.0
0.0
0.0
0.0
0.0
0.0
0.0
0.0
0.0
0.0
0.0
0.0
0.0
0.0
0.0
0.0
0.0
0.0
0.0
0.0
0.0
0.0
0.0
0.0
0.0
0.0
0.0
0.0
0.0
0.0
0.0
0.0
0.0
0.0
0.0
0.0
0.0
0.0
0.0
0.0
0.0
0.0
0.0
0.0
0.0
0.0
0.0
0.0
0.0
0.0
0.0
0.0
0.0
0.0
0.0
0.0
0.0
0.0
0.0
0.0
0.0
0.0
0.0
0.0
0.0
0.0
0.0
0.0
0.0
0.0
0.0
0.0
0.0
0.0
0.0
0.0
0.0
0.0
0.0
0.0
0.0
0.0
0.0
0.0
0.0
0.0
0.0
0.0
0.0
0.0
0.0
0.0
0.0
0.0
0.0
0.0
0.0
0.0
0.0
0.0
0.0
0.0
0.0
0.0
0.0
0.0
0.0
0.0
0.0
0.0
0.0
0.0
0.0
0.0
0.0
0.0
0.0
0.0
0.0
0.0
0.0
0.0
0.0
0.0
0.0
0.0
0.0
0.0
0.0
0.0
0.0
0.0
0.0
0.0
0.0
0.0
0.0
0.0
0.0
0.0
0.0
0.0
0.0
0.0
0.0
0.0
0.0
0.0
0.0
0.0
0.0
0.0
0.0
0.0
0.0
0.0
0.0
0.0
0.0
0.0
0.0
0.0
0.0
0.0
0.0
0.0
0.0
0.0
0.0
0.0
0.0
0.0
0.0
0.0
0.0
0.0
0.0
0.0
0.0
0.0
0.0
0.0
0.0
0.0
0.0
0.0
0.0
0.0
0.0
0.0
0.0
0.0
0.0
0.0
0.0
0.0
0.0
0.0
0.0
0.0
0.0
0.0
0.0
0.0
0.0
0.0
0.0
0.0
0.0
0.0
0.0
0.0
0.0
0.0
0.0
0.0
0.0
0.0
0.0
0.0
0.0
0.0
0.0
0.0
0.0
0.0
0.0
0.0
0.0
0.0
0.0
0.0
0.0
0.0
0.0
0.0
0.0
0.0
0.0
0.0
0.0
0.0
0.0
0.0
0.0
0.0
0.0
0.0
0.0
0.0
0.0
0.0
0.0
0.0
0.0
0.0
0.0
0.0
0.0
0.0
0.0
0.0
0.0
0.0
0.0
0.0
0.0
0.0
0.0
0.0
0.0
0.0
0.0
0.0
0.0
0.0
0.0
0.0
0.0
0.0
0.0
0.0
0.0
0.0
0.0
0.0
0.0
0.0
0.0
0.0
0.0
0.0
0.0
0.0
0.0
0.0
0.0
0.0
0.0
0.0
0.0
0.0
0.0
0.0
0.0
0.0
0.0
0.0
0.0
0.0
0.0
0.0
0.0
0.0
0.0
0.0
0.0
0.0
0.0
0.0
0.0
0.0
0.0
0.0
0.0
0.0
0.0
0.0
0.0
0.0
0.0
0.0
0.0
0.0
0.0
0.0
0.0
509.55539120633637
508.475464768559
507.37390048860885
506.25110178776566
505.10747643780394
503.94343623076907
502.7593966500158
501.55577654326214
500.33299779792145
499.0914850190929
497.83166521077777
496.5539674603927
495.258822627286
493.9466630353056
492.6179221699061
491.2730343800607
489.91243458526566
488.53655798790163
487.14583979130293
485.74071492358536
484.32161776767197
482.8889818975693
481.44323982119386
479.98482272979055
478.51416025427886
477.03168022848496
475.53780845954657
474.03296850545127
761.4968434382806
760.3158903314984
759.1207726887678
757.9118285786358
756.689393407497
755.4537997727268
754.2053773238032
752.9444526307858
751.6713490605064
750.386386660027
749.0898820477108
747.7821483115581
746.4634949148895
745.1342276089578
743.7946483528542
742.4450552403289
741.0857424332046
739.7170001017233
738.3391143712922
736.95236727565
735.5570367163737
734.1533964283133
732.7417159509569
731.3222606057318
729.8952914786992
728.4610654087699
727.0198349810755
725.5718485254234
724.1173501197405
722.656579597879
721.1897725623064
719.7171604008417
718.2389703076483
716.755425308086
715.2667442874663
713.7731420232034
712.2748292203632
710.7720125505596
709.2648946937692
707.7536743829608
706.2385464515661
704.7197018831064
703.1973278634395
701.6716078351476
700.1427215536058
698.6108451451722
697.0761511670506
695.5388086683081
693.9989832526403
692.456837142121
690.9125292420235
689.3662152067044
687.8180475060849
686.2681754927809
684.7167454699246
683.1639007592362
681.6097817694357
680.0545260647868
678.4982684336569
676.9411409572381
675.3832730776853
673.8247916664635
672.2658210920622
670.7064832873905
669.1468978165913
667.5871819413842
666.0274506866049
664.4678169049897
662.9083913412674
661.3492826953664
659.7905976845698
658.232441104916
656.6749158912629
655.1181231764825
653.5621623496365
652.0071311126359
650.4531255360185
648.900240113375
647.348567814641
645.7982001378377
644.2492271597919
642.7017375853852
641.155818795626
639.611556894048
638.069036752196
636.5283420533178
634.9895553349909
633.4527580302424
631.9180305073396
630.3854521081196
628.8551011852937
627.3270551378109
625.8013904453264
624.2781827013366
622.7575066447478
621.2394361902727
619.7240444576244
618.2114037992555
616.7015858269082
615.1946614370224
613.6907008348472
612.1897735573527
610.6919484951236
609.1972939128362
607.7058774688867
606.2177662338875
604.7330267079353
603.2517248370125
601.7739260284534
600.2996951651642
598.8290966191648
597.3621942641003
595.8990514868782
594.4397311985406
592.9842958441739
591.5328074120757
590.0853274422545
588.6419170341005
587.2026368533973
585.7675471386726
584.3367077068409
582.9101779585005
581.4880168821715
580.0702830584662
578.6570346635186
577.2483294718932
575.8442248591805
574.4447778040856
573.0500448900872
571.6600823067058
570.2749458505239
568.8946909258132
567.5193725448642
566.149045328129
564.7837635039521
563.4235809082171
562.0685509838295
560.718726779829
559.3741609505331
558.0349057545427
556.7010130534608
555.3725343107337
554.0495205902923
552.7320225551673
551.4200904661284
550.1137741802347
548.8131231493705
547.5181864188758
546.2290126261748
544.9456499994371
543.6681463562932
542.3965491026989
541.1309052317823
539.8712613228286
538.6176635404239
537.3701576336715
536.1287889355635
534.8936023624874
533.6646424138686
532.4419531720617
531.2255783022429
530.015561052663
528.8119442549475
527.6147703247269
526.4240812622779
525.2399186535448
524.0623236712582
522.8913370763721
521.7269992195479
520.5693500430774
519.4184290828346
518.2742754705753
517.1369279364385
516.0064248116571
514.8828040315177
513.766103138644
512.6563592862979
511.5536092421547
510.4578893922057
509.3692357449047
508.28768393557243
507.2132692310849
506.1460265346677
505.085990391123
504.03319499211324
502.9876741818092
501.9494614627124
500.9185900017726
499.8950926366538
498.87900188231333
497.87034993778695
496.8691686931883
495.87548973699484
494.88934436346483
493.9107635803747
492.93977811693884
491.97641843195333
491.02071472214755
490.07269693084163
489.1323947566424
488.1998376625373
487.2750548851051
486.3580754439548
485.4489281513777
484.5476416222077
483.65424428389093
482.76876438674094
481.89123001440714
481.02166909454013
480.16010940967305
479.30657860826335
478.4611042159799
477.62371364712715
476.79443421629526
475.9732931502325
475.1603175998095
244.36399638507427
243.94200982803665
243.5222683226023
243.1048104779781
242.68967439361512
242.27689766675033
241.8665174000868
241.45857020959616
241.0530922324605
240.65011913511265
240.24968612141234
239.8518279409167
239.45657889726974
239.06397285667998
238.67404325650855
238.28682311394508
237.9023450347714
237.52064122221748
237.14174348589938
236.7656832508278
236.39249156650945
236.02219911610663
235.65483622567544
235.29043287347258
234.92901869931868
234.5706230140413
234.21527480895665
233.86300276542931
233.51383526447944
233.16780039644485
232.82492597069364
232.4852395254014
232.14876833736201
231.81553943185375
231.4855795925591
231.15891537152413
230.8355730991634
230.51557889431717
230.1989586743479
0.0
0.0
0.0
0.0
0.0
0.0
0.0
0.0
0.0
0.0
0.0
0.0
0.0
0.0
0.0
0.0
0.0
0.0
0.0
0.0
0.0
0.0
0.0
0.0
0.0
0.0
0.0
0.0
0.0
0.0
0.0
0.0
0.0
0.0
0.0
0.0
0.0
0.0
0.0
0.0
0.0
0.0
0.0
0.0
0.0
0.0
0.0
0.0
0.0
0.0
0.0
0.0
0.0
0.0
0.0
0.0
0.0
0.0
0.0
0.0
0.0
0.0
0.0
0.0
0.0
0.0
0.0
0.0
0.0
0.0
0.0
0.0
0.0
0.0
0.0
0.0
0.0
0.0
0.0
0.0
0.0
0.0
0.0
0.0
0.0
0.0
0.0
0.0
0.0
0.0
0.0
0.0
0.0
0.0
0.0
0.0
0.0
0.0
0.0
0.0
0.0
0.0
0.0
0.0
0.0
0.0
0.0
0.0
0.0
0.0
0.0
0.0
0.0
0.0
0.0
0.0
0.0
0.0
0.0
0.0
0.0
0.0
0.0
0.0
0.0
0.0
0.0
0.0
0.0
0.0
0.0
0.0
0.0
0.0
0.0
0.0
0.0
0.0
0.0
0.0
0.0
0.0
0.0
0.0
0.0
0.0
0.0
0.0
0.0
0.0
0.0
0.0
0.0
0.0
0.0
0.0
0.0
0.0
0.0
0.0
0.0
0.0
0.0
0.0
0.0
0.0
0.0
0.0
0.0
0.0
0.0
0.0
0.0
0.0
0.0
0.0
0.0
0.0
0.0
0.0
0.0
0.0
0.0
0.0
0.0
0.0
0.0
0.0
0.0
0.0
0.0
0.0
0.0
0.0
0.0
0.0
0.0
0.0
0.0
0.0
0.0
0.0
0.0
0.0
0.0
0.0
0.0
0.0
0.0
0.0
0.0
0.0
0.0
0.0
0.0
0.0
0.0
0.0
0.0
0.0
0.0
0.0
0.0
0.0
0.0
0.0
0.0
0.0
0.0
0.0
0.0
0.0
0.0
0.0
0.0
0.0
0.0
0.0
0.0
0.0
0.0
0.0
0.0
0.0
0.0
0.0
0.0
0.0
0.0
0.0
0.0
0.0
0.0
0.0
0.0
0.0
0.0
0.0
0.0
0.0
0.0
0.0
0.0
0.0
0.0
0.0
0.0
0.0
0.0
0.0
0.0
0.0
0.0
0.0
0.0
0.0
0.0
0.0
0.0
0.0
0.0
0.0
0.0
0.0
0.0
0.0
0.0
0.0
0.0
0.0
0.0
0.0
0.0
0.0
0.0
0.0
0.0
0.0
0.0
0.0
0.0
0.0
0.0
0.0
0.0
0.0
0.0
0.0
0.0
0.0
0.0
0.0
0.0
0.0
0.0
0.0
0.0
0.0
0.0
0.0
0.0
0.0
0.0
0.0
0.0
0.0
0.0
0.0
0.0
0.0
0.0
0.0
0.0
0.0
0.0
0.0
0.0
0.0
0.0
0.0
0.0
0.0
0.0
0.0
0.0
0.0
0.0
0.0
0.0
0.0
0.0
0.0
0.0
0.0
0.0
0.0
0.0
0.0
0.0
0.0
0.0
0.0
0.0
0.0
0.0
0.0
0.0
0.0
0.0
0.0
0.0
0.0
0.0
0.0
0.0
0.0
0.0
0.0
0.0
0.0
0.0
0.0
0.0
0.0
0.0
0.0
0.0
0.0
0.0
0.0
0.0
0.0
0.0
0.0
0.0
0.0
0.0
0.0
0.0
0.0
0.0
0.0
0.0
0.0
0.0
0.0
0.0
0.0
0.0
0.0
0.0
0.0
0.0
0.0
0.0
0.0
0.0
0.0
0.0
0.0
0.0
0.0
0.0
0.0
0.0
0.0
0.0
0.0
0.0
0.0
0.0
0.0
0.0
0.0
0.0
0.0
0.0
0.0
0.0
0.0
0.0
0.0
0.0
0.0
0.0
0.0
0.0
0.0
0.0
0.0
0.0
0.0
0.0
0.0
0.0
0.0
0.0
0.0
0.0
0.0
0.0
0.0
0.0
0.0
0.0
0.0
0.0
0.0
0.0
0.0
0.0
0.0
0.0
0.0
0.0
0.0
0.0
0.0
0.0
0.0
0.0
0.0
0.0
0.0
0.0
0.0
0.0
0.0
0.0
0.0
0.0
0.0
0.0
0.0
334.00750372272745
334.6060238893824
335.1978827573098
335.78293410742526
336.3610322602425
336.93203214809193
337.4957893882796
338.05216035657503
338.60100226165025
339.14217322012485
339.6755323317085
340.20093975538475
340.7182567853959
341.2273459279418
341.72807097791843
342.22029709601514
342.70389088552673
343.1787204697146
343.64465556857607
344.10156757583223
344.5493296357021
344.98781671907295
345.41690569962054
345.83647542934483
346.2464068134818
346.64658288518274
347.03688887877144
347.4172123029189
347.78744301259457
348.1474732801517
348.49719786531466
348.8365140842541
349.1653218770821
349.4835238744088
349.79102546250226
350.0877348467359
350.3735631138267
350.6484242923083
350.91223541136196
351.1649165579879
351.4063909322202
351.63658490043366
351.8554280468686
352.0628532229504
352.25879659472434
352.44319768780304
352.6159994304181
352.77714819403207
352.9265938317523
353.06428971424214
353.1901927631691
353.304263482378
353.4064659863755
353.4967680264517
353.57514101390973
353.6415600409485
353.69600389890405
353.7384550935172
353.7688998579487
353.7873281626388
353.79373372278803
773.384379555336
772.4269959865446
771.4469904825928
770.4446250260129
769.4201656711832
768.3738824001708
767.3060489782883
766.2169428092079
765.106844790108
763.9760391666509
762.8248133880902
761.6534579624977
760.4622663121809
759.2515346295713
758.021561733482
756.7726489258786
755.5050998493666
754.2192203452357
752.915318312477
751.5937035675158
750.2546877049922
748.8985839595948
747.5257070688859
746.13637313744
744.7308995021457
743.3096045989004
741.8728078306224
740.4208294367236
738.9539903641466
737.4726121399158
735.9770167453835
734.4675264920361
732.9444638991789
731.4081515733089
729.8589120893306
728.2970678737565
726.7229410896289
725.1368535235904
723.5391264748529
721.9300806462874
720.3100360374575
718.6793118399453
717.0382263346132
715.387096791173
713.726239369942
712.0559690257105
710.3765994139608
708.6884427992813
706.9918099660733
705.287010131645
703.5743508613788
701.8541379864694
700.1266755238448
698.3922655985309
696.6512083682367
694.9038019503846
693.1503423514499
691.391123398724
689.6264366743384
687.856571451664
686.0818146340927
684.3024506961474
682.5187616269482
680.7310268758985
678.9395233008121
677.1445251183204
675.3463038564521
673.5451283096429
671.7412644958798
669.9349756161616
668.1265220161191
666.3161611498881
664.5041475461128
662.6907327760678
660.8761654240261
659.06069105959
657.2445522122291
655.4279883477143
653.6112358467076
651.7945279852495
649.9780949172703
648.1621636589649
646.3469580750772
644.532698867094
642.7196035631798
640.907886509973
639.0977588661594
637.2894285976204
635.4831004744851
633.6789760696034
631.8772537588566
630.0781287228294
628.2817929501698
626.4884352423835
624.6982412201173
622.9113933308079
621.1280708578175
619.3484499307798
617.5727035373739
615.801001536334
614.0335106716025
612.2703945878088
610.5118138467985
608.7579259453555
607.0088853339256
605.2648434364032
603.5259486709531
601.7923464717453
600.0641793116811
598.3415867259139
596.6247053363038
594.9136688766785
593.2086082188125
591.5096513992514
589.8169236467454
588.1305474104436
586.450642388683
584.7773255584002
583.110711205142
581.450910953584
579.7980337985855
578.1521861367111
576.5134717982692
574.8819920796527
573.257845776194
571.6411292153111
570.031936290037
568.4303584928316
566.8364849496605
565.2504024543891
563.6721955033602
562.1019463302162
560.5397349408662
558.9856391486239
557.4397346095584
555.9020948578279
554.3727913412281
552.8518934567504
551.3394685862245
549.8355821319756
548.3402975525476
546.8536763983439
545.3757783473437
543.9066612407086
542.4463811183984
540.9949922546682
539.5525471935384
538.1190967841392
536.6946902159459
535.2793750539275
533.8731972735252
532.4762012955035
531.0884300206493
529.7099248643106
528.3407257907525
526.9808713473237
525.6303986984403
524.2893436593558
522.9577407297678
521.6356231271213
520.3230228197674
519.0199705598615
517.7264959160286
516.4426273057916
515.1683920277383
513.9038162934676
512.6489252592512
511.4037430574711
510.1682928277588
508.94259674789436
507.72667606444224
506.5205511231102
505.3242413988319
504.1377655256016
502.9611413260129
501.7943858405304
500.63751535652
499.4905454369564
498.3534909488867
497.22636609163146
496.1091844246995
495.0019588954393
493.90470186641977
492.8174251425464
491.74013999792544
490.67285720246366
489.61558704818117
488.5683393753188
487.53112359815816
486.5039487306002
485.48682341151
484.47975592980083
483.48275424930563
482.49582603338763
481.5189786693552
480.55221929261404
479.59555481063876
478.6489919267044
477.7125371634186
476.7861968860532
475.86997732566385
474.96388460203974
474.0679247464451
473.1821037241975
472.3064274570646
471.44090184547656
470.58553279061806
469.7403262163243
468.9052880908457
468.08042444848314
467.2657414110695
466.46124520932983
465.6669422041365
464.88283890762943
464.1089420042547
233.3988000506633
233.0014820010264
232.60902673353715
232.221445832488
231.83875084013147
231.46095326997496
231.0880646200508
230.7200963861178
230.35706007481198
0.0
0.0
0.0
0.0
0.0
0.0
0.0
0.0
0.0
0.0
0.0
0.0
0.0
0.0
0.0
0.0
0.0
0.0
0.0
0.0
0.0
0.0
0.0
0.0
0.0
0.0
0.0
0.0
0.0
0.0
0.0
0.0
0.0
0.0
0.0
0.0
0.0
0.0
0.0
0.0
0.0
0.0
0.0
0.0
0.0
0.0
0.0
0.0
0.0
0.0
0.0
0.0
0.0
0.0
0.0
0.0
0.0
0.0
0.0
0.0
0.0
0.0
0.0
0.0
0.0
0.0
0.0
0.0
0.0
0.0
0.0
0.0
0.0
0.0
0.0
0.0
0.0
0.0
0.0
0.0
0.0
0.0
0.0
0.0
0.0
0.0
0.0
0.0
0.0
0.0
0.0
0.0
0.0
0.0
0.0
0.0
0.0
0.0
0.0
0.0
0.0
0.0
0.0
0.0
0.0
0.0
0.0
0.0
0.0
0.0
0.0
0.0
0.0
0.0
0.0
0.0
0.0
0.0
0.0
0.0
0.0
0.0
0.0
0.0
0.0
0.0
0.0
0.0
0.0
0.0
0.0
0.0
0.0
0.0
0.0
0.0
0.0
0.0
0.0
0.0
0.0
0.0
0.0
0.0
0.0
0.0
0.0
0.0
0.0
0.0
0.0
0.0
0.0
0.0
0.0
0.0
0.0
0.0
0.0
0.0
0.0
0.0
0.0
0.0
0.0
0.0
0.0
0.0
0.0
0.0
0.0
0.0
0.0
0.0
0.0
0.0
0.0
0.0
0.0
0.0
0.0
0.0
0.0
0.0
0.0
0.0
0.0
0.0
0.0
0.0
0.0
0.0
0.0
0.0
0.0
0.0
0.0
0.0
0.0
0.0
0.0
0.0
0.0
0.0
0.0
0.0
0.0
0.0
0.0
0.0
0.0
0.0
0.0
0.0
0.0
0.0
0.0
0.0
0.0
0.0
0.0
0.0
0.0
0.0
0.0
0.0
0.0
0.0
0.0
0.0
0.0
0.0
0.0
0.0
0.0
0.0
0.0
0.0
0.0
0.0
0.0
0.0
0.0
0.0
0.0
0.0
0.0
0.0
0.0
0.0
0.0
0.0
0.0
0.0
0.0
0.0
0.0
0.0
0.0
0.0
0.0
0.0
0.0
0.0
0.0
0.0
0.0
0.0
0.0
0.0
0.0
0.0
0.0
0.0
0.0
0.0
0.0
0.0
0.0
0.0
0.0
0.0
0.0
0.0
0.0
0.0
0.0
0.0
0.0
0.0
0.0
0.0
0.0
0.0
0.0
0.0
0.0
0.0
0.0
0.0
0.0
0.0
0.0
0.0
0.0
0.0
0.0
0.0
0.0
0.0
0.0
0.0
0.0
0.0
0.0
0.0
0.0
0.0
0.0
0.0
0.0
0.0
0.0
0.0
0.0
0.0
0.0
0.0
0.0
0.0
0.0
0.0
0.0
0.0
0.0
0.0
0.0
0.0
0.0
0.0
0.0
0.0
0.0
0.0
0.0
0.0
0.0
0.0
0.0
0.0
0.0
0.0
0.0
0.0
0.0
0.0
0.0
0.0
0.0
0.0
0.0
0.0
0.0
0.0
0.0
0.0
0.0
0.0
0.0
0.0
0.0
0.0
0.0
0.0
0.0
0.0
0.0
0.0
0.0
0.0
0.0
0.0
0.0
0.0
0.0
0.0
0.0
0.0
0.0
0.0
0.0
0.0
0.0
0.0
0.0
0.0
0.0
0.0
0.0
0.0
0.0
0.0
0.0
0.0
0.0
0.0
0.0
0.0
0.0
0.0
0.0
0.0
0.0
0.0
0.0
0.0
0.0
0.0
0.0
0.0
0.0
0.0
0.0
0.0
0.0
0.0
0.0
0.0
0.0
0.0
0.0
0.0
0.0
0.0
0.0
0.0
0.0
0.0
0.0
0.0
0.0
0.0
0.0
0.0
0.0
0.0
0.0
0.0
0.0
0.0
0.0
0.0
0.0
0.0
0.0
0.0
0.0
0.0
0.0
0.0
0.0
0.0
0.0
0.0
0.0
0.0
391.5618884208712
392.54845587457226
393.52572190116956
394.49340895240334
395.4512392582439
396.3989349822922
397.33621837975005
398.26281195890107
399.1784386450862
400.08282194795146
400.9756861313809
401.85675638577254
402.7257590027549
403.58242155229703
404.4264730619484
405.25764419753546
406.0756674460031
406.88027729950613
407.67121044100503
408.44820593070745
409.2110053933948
409.95935320658725
410.6929966891357
411.41168628964255
412.11517577523955
412.8032224197995
413.4755871918937
414.13203494163196
414.7723345865456
415.39625929629057
416.0035866758709
416.59409894661036
417.1675831254972
417.72383120191483
418.2626403120687
418.78381291001176
419.2871569360428
419.77248598164977
420.2396194504409
420.68838271561816
421.11860727303116
421.5301308900789
421.9227977497475
422.29645858979745
422.65097083700766
422.98619873619094
423.3020134732411
423.59829329291045
423.8749236103875
424.1317971169529
424.3688138791237
424.5858814312859
424.7829148621123
424.9598368936001
425.1165779536501
425.25307624140055
425.369277785369
425.4651364945223
425.5406142017786
425.5956807000225
425.6303137710392
425.6444992063343
425.6382308208179
425.6115104586273
425.56434799157324
425.4967613095398
425.40877630385273
425.3004268425342
425.1717547384032
425.0228097095667
424.8536493324629
424.664338987803
424.45495179888167
424.2255685633056
423.9762776771686
423.7071750529164
423.418364029973
423.10995527919385
422.7820667006825
422.43482331561137
422.0683571516249
421.6828071228755
421.27831890391764
420.8550447986603
420.4131436036285
419.95278046655864
419.47412674020865
418.9773598314027
418.4626630460281
417.9302254299892
417.38024160626065
416.81291160838856
416.22844071090714
415.6270392565434
415.0089224808835
414.3743103342368
413.7234273015517
413.05650222030107
412.3737680965812
411.6754619197527
410.9618244760478
410.233100161006
409.4895367915846
408.73138541739036
407.95890013213517
407.17233788479246
406.371958291397
405.5580234470231
404.7307977387438
403.89054765953694
403.0375416231844
402.1720497807856
401.2943438387454
400.40469687856256
399.5033831785148
398.59067803760735
397.6668576017465
396.7321986924792
395.7869786381999
394.83147510830116
393.8659659501887
392.8907290293131
391.9060420723592
390.9121825137644
389.90942734566835
388.89805297120347
387.8783350614852
386.85054841622866
385.8149668281354
384.7718629509256
383.7215081714178
382.6641724853922
731.8317767821788
730.2012646773185
728.5576814059632
726.9014156619304
725.2328547832758
723.5523845954951
721.8603892594193
720.1572511235802
718.4433505814261
716.7190659329665
714.984773251278
713.2408462534497
711.4876561764993
709.7255716577382
707.9549586198018
706.1761801604721
704.3895964469689
702.5955646148661
700.7944386716003
698.9865694044233
697.1723042929618
695.351987426066
693.5259594230333
691.6945573593271
689.8581146963731
688.0169612156099
686.1714229567777
684.3218221601009
682.4684772126798
680.6117025986159
678.7518088531584
676.8891025205157
675.0238861154439
673.1564580883689
671.2871127941949
669.4161404644381
667.5438271827643
665.6704548639084
663.7963012356597
661.9216398241178
660.0467399418203
658.1718666790125
656.2972808975859
654.423239227968
652.5499940685479
650.6777935878488
648.806881729122
646.9374982173989
645.0698785689344
643.2042541028754
641.3408519551111
639.4798950942327
637.6216023395828
635.7661883811097
633.9138638011987
632.0648350982091
630.2193047118019
628.3774710498235
626.5395285167544
624.7056675436754
622.8760746196488
621.0509323244048
619.2304193622849
617.4147105974894
615.603977090349
613.7983861347435
611.9981012964838
610.2032824526747
608.4140858320284
606.6306640558644
604.8531661799768
603.0817377372722
601.3165207809802
599.5576539284668
597.8052724057591
596.059508092404
594.3204895669495
592.5883421526714
590.8631879638992
589.1451459524931
587.4343319547106
585.7308587382354
584.0348360495766
582.3463706615
580.6655664206273
578.9925242952247
577.327342422969
575.6701161588094
574.0209381228062
572.3798982479954
570.7470838281861
569.1225795656821
567.5064676188725
565.8988276497926
564.2997368714729
562.7092700950782
561.1274997769842
559.5544960655585
557.9903268476854
556.4350577951463
554.8887524106691
553.3514720737355
551.8232760860312
550.304221716691
548.7943642471362
547.293757015662
545.8024514615693
544.3204971690991
542.8479419108485
541.3848316909255
539.931210787659
538.487121795974
537.0526056693184
535.627701761234
534.2124478664964
532.8068802618773
531.4110337464328
530.0249416814152
528.6486360297826
527.2821473952401
525.9255050608483
524.5787370272784
523.2418700505546
521.9149296794192
520.5979402922253
519.2909251334556
517.9939063497692
516.7069050256282
515.4299412185172
514.1630339937101
512.9062014586611
252.17892397251887
251.53087244206105
250.88920386157855
250.25391309510601
249.62499476393418
249.0024432658347
248.38625279383106
247.77641735468006
247.1729307871085
246.57578677965913
245.98497888832625
245.40050055383801
244.82234511870374
244.25050584398943
243.6849759258091
243.12574851154903
242.5728167158997
242.02617363658638
241.48581236987826
240.95172602591416
240.4239077437337
239.90235070618468
239.3870481545363
238.87799340297545
238.37517985286317
237.87860100682903
237.3882504826756
236.904122027151
236.42620952954027
235.95450703507373
235.4890087582719
235.02970909608757
234.57660264093113
234.1296841936096
233.68894877611623
233.2543916443396
232.8260083006465
232.4037945064293
231.98774629451165
231.57785998153238
231.17413218021593
230.77655981163733
0.0
0.0
0.0
0.0
0.0
0.0
0.0
0.0
0.0
0.0
0.0
0.0
0.0
0.0
0.0
0.0
0.0
0.0
0.0
0.0
0.0
0.0
0.0
0.0
0.0
0.0
0.0
0.0
0.0
0.0
0.0
0.0
0.0
0.0
0.0
0.0
0.0
0.0
0.0
0.0
0.0
0.0
0.0
0.0
0.0
0.0
0.0
0.0
0.0
0.0
0.0
0.0
0.0
0.0
0.0
0.0
0.0
0.0
0.0
0.0
0.0
0.0
0.0
0.0
0.0
0.0
0.0
0.0
0.0
0.0
0.0
0.0
0.0
0.0
0.0
0.0
0.0
0.0
0.0
0.0
0.0
0.0
0.0
0.0
0.0
0.0
0.0
0.0
0.0
0.0
0.0
0.0
0.0
0.0
0.0
0.0
0.0
0.0
0.0
0.0
0.0
0.0
0.0
0.0
0.0
0.0
0.0
0.0
0.0
0.0
0.0
0.0
0.0
0.0
0.0
0.0
0.0
0.0
0.0
0.0
0.0
0.0
0.0
0.0
0.0
0.0
0.0
0.0
0.0
0.0
0.0
0.0
0.0
0.0
0.0
0.0
0.0
0.0
0.0
0.0
0.0
0.0
0.0
0.0
0.0
0.0
0.0
0.0
0.0
0.0
0.0
0.0
0.0
0.0
0.0
0.0
0.0
0.0
0.0
0.0
0.0
0.0
0.0
0.0
0.0
0.0
0.0
0.0
0.0
0.0
0.0
0.0
0.0
0.0
0.0
0.0
0.0
0.0
0.0
0.0
0.0
0.0
0.0
0.0
0.0
0.0
0.0
0.0
0.0
0.0
0.0
0.0
0.0
0.0
0.0
0.0
0.0
0.0
0.0
0.0
0.0
0.0
0.0
0.0
0.0
0.0
0.0
0.0
0.0
0.0
0.0
0.0
0.0
0.0
0.0
0.0
0.0
0.0
0.0
0.0
0.0
0.0
0.0
0.0
0.0
0.0
0.0
0.0
0.0
0.0
0.0
0.0
0.0
0.0
0.0
0.0
0.0
0.0
0.0
0.0
0.0
0.0
0.0
0.0
0.0
0.0
0.0
0.0
0.0
0.0
0.0
0.0
0.0
0.0
0.0
0.0
0.0
0.0
0.0
0.0
0.0
0.0
0.0
0.0
0.0
0.0
0.0
0.0
0.0
0.0
0.0
0.0
0.0
0.0
0.0
0.0
0.0
0.0
0.0
0.0
0.0
0.0
0.0
0.0
0.0
0.0
0.0
0.0
0.0
0.0
0.0
0.0
0.0
0.0
0.0
0.0
0.0
0.0
0.0
0.0
0.0
0.0
0.0
0.0
0.0
0.0
0.0
0.0
0.0
0.0
0.0
0.0
0.0
0.0
0.0
0.0
0.0
0.0
0.0
0.0
0.0
0.0
0.0
0.0
0.0
0.0
0.0
0.0
0.0
0.0
0.0
0.0
0.0
0.0
0.0
0.0
0.0
0.0
0.0
0.0
0.0
0.0
0.0
0.0
0.0
0.0
0.0
0.0
0.0
0.0
0.0
0.0
0.0
0.0
0.0
0.0
0.0
0.0
0.0
0.0
0.0
0.0
0.0
0.0
0.0
0.0
0.0
0.0
0.0
0.0
0.0
0.0
0.0
0.0
0.0
0.0
0.0
0.0
0.0
0.0
0.0
0.0
0.0
0.0
0.0
0.0
0.0
0.0
0.0
0.0
0.0
0.0
0.0
0.0
0.0
0.0
0.0
0.0
0.0
0.0
0.0
0.0
0.0
0.0
0.0
0.0
0.0
0.0
0.0
0.0
0.0
0.0
0.0
0.0
0.0
0.0
0.0
0.0
0.0
0.0
0.0
0.0
0.0
0.0
0.0
0.0
0.0
0.0
0.0
0.0
0.0
0.0
0.0
0.0
0.0
0.0
0.0
0.0
0.0
0.0
0.0
0.0
0.0
0.0
0.0
0.0
0.0
452.65216429312517
454.1390512011105
455.6144386162082
457.0778568232846
458.5288335418768
459.96689420279614
461.39156223404325
462.8023593557717
464.19880588417055
465.5804210444902
466.9467232924217
468.29723064386263
469.6314610126317
470.9489325565011
472.24916402955336
473.531675142671
474.7959869304538
476.04162212401457
477.26810553015747
478.47496441599117
479.66172889795445
480.8279323361535
481.9731117317874
483.0968081288466
484.19856701790917
485.2779387427018
486.33447890841836
487.3677487906037
488.3773157449068
489.3627536169562
490.3236431503023
491.25957239392534
492.1701371072088
493.05494116163345
493.9135969393746
494.74572572754516
495.55095810700624
496.32893433611963
497.0793047276256
497.8017300184276
498.4958817318345
499.16144253101464
499.7981065636072
500.4055797956822
500.98358033630836
501.53183874994835
502.05009835739696
502.5381155243065
502.9956599368217
503.4225148631345
503.81847740132457
504.1833587124606
504.51698423837166
504.8191939037195
505.0898423024361
505.3287988671285
505.535948022051
505.7111893186987
505.85443755417253
505.96562287136095
506.0446908417521
506.0916025297059
506.1063345385055
506.0888790381998
506.0392437750263
505.9574520620685
505.8435427518006
505.6975701902133
505.5196041525443
505.3097297608185
505.0680473838322
504.79467251885296
504.48973565627824
504.15338212703307
503.7857719328818
503.3870795605177
502.9574937797281
502.4972174252286
502.00646716415173
501.4854732484415
500.9344792529651
500.3537418002871
499.74353027222884
499.10412650920927
498.4358244972812
497.7389300444627
497.0137604463261
496.2606441415855
495.4799203586369
494.6719387535768
493.8370590401891
492.9756506131177
492.088092164337
491.17477129403983
490.23608411648814
489.27243486166367
488.28423547311235
487.27190520305265
486.2358702052795
485.1765631264425
484.0944226964501
482.98989331887344
481.8634246615051
480.71547124823275
479.5464920524667
478.3569500929147
477.1473120321555
475.9180477786904
474.6696300929426
473.40253419765435
472.1172373933152
470.8142186790964
469.4939583794795
468.1569377773388
466.8036387537427
465.43454343466783
464.05013384534885
462.65089157227555
461.2372974332319
459.8098311557464
458.36897106405337
456.9151937749158
455.44897390245
453.9707837721037
452.48109314406497
450.98036894609766
449.46907501595626
447.94767185356295
446.416616382826
444.8763617233503
443.32735697192885
441.77004699383906
440.20487222402954
438.63226847802787
437.0526667726282
435.4664931562759
433.87416854899647
432.2761085919363
430.6727235062009
429.0644179610598
427.4515909513204
425.834635683612
424.2139394716553
422.58988364018245
420.96284343736164
419.3331879555943
417.7012800605076
416.067476327848
414.4321269882154
412.7955758792715
411.15816040542376
409.5202115045329
407.88205362163296
406.24400468929207
404.6063761145294
402.96947277189264
401.33359300272195
399.6990286200719
398.0660649193195
396.434980694135
394.80604825757507
393.17953346806695
391.5556957602144
389.93478817996726
388.3170574241258
386.70274388390044
385.09208169234233
383.4852987753702
381.8826169063151
380.28425176365624
378.69041299182663
377.1013042649396
375.51712335311186
373.9380621912907
372.3643069505176
370.7960381112134
369.2334305384674
367.6766535592486
366.1258710411549
364.58124147272434
363.04291804517015
361.51104873522866
359.98577638919664
358.4672388078126
356.95556883205296
355.4508944296477
353.9533387820303
352.4630203719548
350.98005307134946
349.5045462294064
348.03660476099867
346.57632923497255
345.1238159624592
343.6791570852312
342.24244066366043
340.8137507644879
339.3931675483255
337.98076735662545
336.5766227982354
335.1808028354478
333.7933728693742
332.41439482472094
331.0439272338895
329.6820253202966
328.3287410808319
326.98412336766603
325.6482179690216
324.3210676890849
323.0027124270123
321.6931892550242
320.3925324952959
319.1007737961056
317.8179422067378
316.54406425140706
315.2791640021541
314.0232631505286
312.7763810782794
311.53853492691036
310.30973966605353
309.09000816079356
307.87935123774133
306.6777777501426
305.4852946416512
304.30190700906735
303.12761816397057
301.96242969303495
300.8063415174215
299.65935195087525
298.5214577567564
297.39265420389927
296.27293512145553
295.16229295246717
294.06071880648176
292.9682025109984
291.88473266185053
290.81029667247526
289.744880822197
288.68847030341044
287.6410492677008
286.6026008709893
285.5731073176897
284.55254990373743
283.5409090587994
282.53816438744457
281.5442947092495
280.55927809820116
279.5830919209302
278.61571287420367
277.6571170214754
276.7072798285238
275.7661761982354
274.8337805046134
273.9100666258671
272.99500797672755
272.0885775399484
271.1907478971005
270.30149125845014
269.420779492256
268.5485841532225
267.6848765102435
266.8296275735224
265.9828081209472
265.1443887237261
264.3143397715757
263.4926314970703
262.679233999429
261.8741172677812
261.0772512037188
260.2886056433252
259.50815037869273
258.73585517879246
257.97168980989534
257.21562405546376
256.46762773551035
255.7276707254734
254.99572297465684
254.2717545242242
253.55573552459114
252.84763625264523
252.14742712834712
251.4550787309695
250.77056181501217
250.09384732568424
249.42490641398766
248.76371045156358
248.110231045064
247.4644400502804
246.82630958596351
246.19581204728522
245.5729201190252
244.9576067885324
244.34984535835318
243.7496094586231
243.15687305923163
242.57161048175678
241.99379641113197
241.4234059071602
240.86041441580662
240.30479778025804
239.75653225189046
239.2155945010206
238.68196162743382
238.15561117093236
237.6365211215887
237.1246699299205
236.6200365170075
236.12260028442324
235.63234112408742
235.14923942809014
234.67327609835988
234.20443255629584
233.74269075238232
233.28803317568904
232.84044286336038
232.39990341010972
231.9663989776512
231.53991430410764
231.12043471349935
0.0
0.0
0.0
0.0
0.0
0.0
0.0
0.0
0.0
0.0
0.0
0.0
0.0
0.0
0.0
0.0
0.0
0.0
0.0
0.0
0.0
0.0
0.0
0.0
0.0
0.0
0.0
0.0
0.0
0.0
0.0
0.0
0.0
0.0
0.0
0.0
0.0
0.0
0.0
0.0
0.0
0.0
0.0
0.0
0.0
0.0
0.0
0.0
0.0
0.0
0.0
0.0
0.0
0.0
0.0
0.0
0.0
0.0
0.0
0.0
0.0
0.0
0.0
0.0
0.0
0.0
0.0
0.0
0.0
0.0
0.0
0.0
0.0
0.0
0.0
0.0
0.0
0.0
0.0
0.0
0.0
0.0
0.0
0.0
0.0
0.0
0.0
0.0
0.0
0.0
0.0
0.0
0.0
0.0
0.0
0.0
0.0
0.0
0.0
0.0
0.0
0.0
0.0
0.0
0.0
0.0
0.0
0.0
0.0
0.0
0.0
0.0
0.0
0.0
0.0
0.0
0.0
0.0
0.0
0.0
0.0
0.0
0.0
0.0
0.0
0.0
0.0
0.0
0.0
0.0
0.0
0.0
0.0
0.0
0.0
0.0
0.0
0.0
0.0
0.0
0.0
0.0
0.0
0.0
0.0
0.0
0.0
0.0
0.0
0.0
0.0
0.0
0.0
0.0
0.0
0.0
0.0
0.0
0.0
0.0
0.0
0.0
0.0
0.0
0.0
0.0
0.0
0.0
0.0
0.0
0.0
0.0
0.0
0.0
0.0
0.0
0.0
0.0
0.0
0.0
0.0
0.0
0.0
0.0
0.0
0.0
0.0
0.0
0.0
0.0
0.0
0.0
0.0
0.0
0.0
0.0
0.0
0.0
0.0
0.0
0.0
0.0
0.0
0.0
0.0
0.0
0.0
0.0
0.0
0.0
0.0
0.0
0.0
0.0
0.0
0.0
0.0
0.0
0.0
0.0
0.0
0.0
0.0
0.0
0.0
0.0
0.0
0.0
0.0
0.0
0.0
0.0
0.0
0.0
0.0
0.0
0.0
0.0
0.0
0.0
0.0
0.0
0.0
0.0
0.0
0.0
0.0
0.0
0.0
0.0
0.0
0.0
0.0
0.0
0.0
0.0
0.0
0.0
0.0
0.0
0.0
0.0
0.0
0.0
0.0
0.0
0.0
0.0
0.0
0.0
0.0
0.0
0.0
0.0
0.0
0.0
0.0
0.0
0.0
0.0
0.0
0.0
0.0
0.0
0.0
0.0
0.0
0.0
0.0
0.0
0.0
0.0
0.0
0.0
0.0
0.0
0.0
0.0
0.0
0.0
0.0
0.0
0.0
0.0
0.0
0.0
0.0
0.0
0.0
0.0
0.0
0.0
0.0
0.0
0.0
0.0
0.0
0.0
0.0
0.0
0.0
0.0
0.0
0.0
0.0
0.0
0.0
0.0
0.0
0.0
0.0
0.0
0.0
0.0
0.0
0.0
0.0
0.0
0.0
0.0
0.0
0.0
0.0
0.0
0.0
0.0
0.0
0.0
0.0
0.0
0.0
0.0
0.0
0.0
0.0
0.0
0.0
0.0
0.0
0.0
0.0
0.0
0.0
0.0
0.0
0.0
0.0
0.0
0.0
0.0
0.0
0.0
0.0
0.0
0.0
0.0
0.0
0.0
0.0
0.0
0.0
0.0
0.0
0.0
0.0
0.0
0.0
0.0
0.0
0.0
0.0
0.0
0.0
0.0
0.0
0.0
0.0
0.0
0.0
0.0
0.0
0.0
0.0
0.0
0.0
0.0
0.0
0.0
0.0
0.0
0.0
0.0
0.0
0.0
0.0
0.0
0.0
0.0
0.0
0.0
0.0
0.0
0.0
0.0
0.0
0.0
0.0
0.0
0.0
0.0
0.0
0.0
0.0
0.0
0.0
495.59742179981856
497.48748210544875
499.36502857656296
501.2294245832991
503.08002796583065
504.9161914095161
506.7372628363412
508.5425858137996
510.33149997912125
512.10334148066
513.8574434350548
515.5931363997548
517.3097488613927
519.0066077391033
520.683038902096
522.3383677018995
523.9719195177989
525.5830203154097
527.1709972177929
528.7351790883995
530.2748971246814
531.7894854625806
533.2782817898892
534.7406279687233
536.17587066565
537.5833619883368
538.9624601283217
540.3125300086228
541.6329439347481
542.923082248607
544.1823339842168
545.4100975229197
546.6057812487762
547.7688042011666
548.8985967244789
549.9946011133117
551.0562722515491
552.0830782445997
553.0745010434958
554.0300370586422
554.9491977632864
555.8315102845372
556.6765179806291
557.4837810038156
558.2528768468065
558.9834008722072
559.6749668236054
560.3272073164909
560.9397743089322
561.5123395502308
562.0445950063588
562.5362532618881
562.9870478965513
563.3967338362626
563.7650876775513
564.0919079839342
564.3770155548376
564.6202536652149
564.82148827567
564.9806082127853
565.0975253189526
565.1721745713195
565.2045141696849
565.1945255929977
565.1422136244792
565.0476063451648
564.9107550958374
564.7317344076416
564.5106419014388
564.247598156094
563.9427465461189
563.5962530490797
563.2083060231747
562.7791159556682
562.3089151825908
561.7979575806124
561.246518231734
560.6548930616491
560.0233984525585
559.3523708316037
558.6421662355816
557.8931598532918
557.1057455463142
556.2803353495661
555.4173589526697
554.517263163295
553.5805113537555
552.6075828921303
551.5989725590437
550.5551899514685
549.4767588748487
548.3642167247484
547.2181138593816
546.0390129643574
544.827488410783
543.5841256081337
542.3095203531327
541.0042781758207
539.6690136840755
538.304349907871
536.9109176442392
535.4893548043863
534.0403057637678
532.5644207164034
531.0623550344238
529.5347686338552
527.9823253475248
526.4056923062315
524.8055393286934
523.1825383215806
521.5373626899753
519.8706867591944
518.1831852087842
516.4755325191124
514.7484024311739
513.0024674204586
511.23839818482327
509.4568631475081
507.6585279750841
505.84405511094593
504.0141033248496
502.16932727838974
500.3103771068825
498.437898017736
496.5525299055019
494.65490698370434
492.7456574334229
490.8254030686358
488.894759018518
486.9543334264189
485.00472716537837
483.04653357040246
481.0803381869865
479.10671853593027
477.1262438941598
475.13947509121374
473.14696432151715
471.1492549717569
469.1468814631774
467.1403691087191
465.13023398439145
463.1169828146962
461.10111287168246
459.08311188716164
457.06345797812793
455.0426195844428
453.02105541868144
450.99921442785086
448.977535766315
446.9564487797629
444.9363729995701
442.91771814726684
440.90088414890266
438.8862611584984
436.87422959036684
434.8651601601456
432.8594139336643
430.8573423835398
428.85928745322974
426.86558162767255
424.8765480108146
422.8925004090227
420.91374342017036
418.9405725286357
416.9732742048239
415.01212600962174
413.05739670339494
411.10934635869376
409.16822647709154
407.2342801092046
405.3077419777509
403.3888386039047
401.47778843576316
399.57480197923417
397.6800819312012
395.79382331404287
393.9162136121894
392.0474329096355
390.18765402854063
388.3370426691276
386.49575754978565
384.6639505478452
382.8417668408081
381.02934504738414
379.22681736886057
377.4343097300158
375.6519419196216
373.8798277308971
372.11807510083946
370.36678624911184
368.6260578159602
366.8959809991425
365.176641689956
363.46812060779996
361.7704934337411
360.08383094266105
358.4081991338306
356.7436593602705
355.090268456323
353.4480788636352
351.8171387556871
350.1974921602563
348.58917908039734
346.99223561357843
345.40669406875185
343.8325830819153
342.2699277294979
340.71874963986136
339.1790671030927
337.6508951784913
336.13424580039145
334.62912788191795
333.13554741660784
331.653507578355
330.18300881910346
328.7240489646349
327.2766233085272
325.84072470388423
324.4163436533306
323.00346839698494
321.6020849983999
320.2121774287445
318.83372764903106
317.4667156902713
316.11111973204214
314.76691617901866
313.4340797357896
312.1125834797545
310.80239893225394
309.5034961280757
308.2158436830549
306.9394088600235
305.6741576331087
304.4200547503336
303.17706379464926
301.94514724327274
300.72426652544556
299.5143820787967
298.3154534040217
297.12743911810674
295.95029700614367
294.7839840716659
293.62845658564146
292.48367013399235
291.34957966379187
290.2261395282708
289.11330353029274
288.01102496486226
286.91925666010087
285.8379510172443
284.76706004938785
283.70653541904807
282.6563284746094
281.6163902857772
280.58667167778543
279.56712326476435
278.5576954819507
277.5583386169146
276.56900283995793
275.58963823342947
274.62019482016376
273.6606225911312
272.71087153206895
271.7708916493957
270.8406329953071
269.92004569196655
269.00907995510363
268.1076861166668
267.21581464697584
266.33341617598325
265.4604415139337
264.5968416713823
263.74256787858235
262.89757160416474
262.06180457336455
261.2352187855062
260.41776653109656
259.6094004082597
258.81007333867456
258.01973858304353
257.23834975608764
256.46586084098226
255.70222620347155
254.9474006054211
254.2013392180767
253.46399763483663
252.7353318836412
252.01529843905885
251.30385423393565
250.6009566708337
249.9065636329628
249.22063349492646
248.54312513319255
247.87399793617868
247.21321181415192
246.56072720887644
245.9165051029309
245.28050702892418
244.65269507839872
244.03303191054258
243.421480760788
242.81800544911084
242.22257038826407
241.63514059182447
241.0556816820439
240.4841598976641
239.92054210153606
239.36479578812651
238.81688909100694
238.27679079013507
237.74447031915417
237.21989777259867
236.7030439129924
236.19388017799093
235.6923786873853
235.1985122501755
234.7122543715576
234.23357925991706
233.76246183385607
233.29887772919437
232.84280330603255
232.39421565580443
231.95309260839687
231.51941273931683
0.0
0.0
0.0
0.0
0.0
0.0
0.0
0.0
0.0
0.0
0.0
0.0
0.0
0.0
0.0
0.0
0.0
0.0
0.0
0.0
0.0
0.0
0.0
0.0
0.0
0.0
0.0
0.0
0.0
0.0
0.0
0.0
0.0
0.0
0.0
0.0
0.0
0.0
0.0
0.0
0.0
0.0
0.0
0.0
0.0
0.0
0.0
0.0
0.0
0.0
0.0
0.0
0.0
0.0
0.0
0.0
0.0
0.0
0.0
0.0
0.0
0.0
0.0
0.0
0.0
0.0
0.0
0.0
0.0
0.0
0.0
0.0
0.0
0.0
0.0
0.0
0.0
0.0
0.0
0.0
0.0
0.0
0.0
0.0
0.0
0.0
0.0
0.0
0.0
0.0
0.0
0.0
0.0
0.0
0.0
0.0
0.0
0.0
0.0
0.0
0.0
0.0
0.0
0.0
0.0
0.0
0.0
0.0
0.0
0.0
0.0
0.0
0.0
0.0
0.0
0.0
0.0
0.0
0.0
0.0
0.0
0.0
0.0
0.0
0.0
0.0
0.0
0.0
0.0
0.0
0.0
0.0
0.0
0.0
0.0
0.0
0.0
0.0
0.0
0.0
0.0
0.0
0.0
0.0
0.0
0.0
0.0
0.0
0.0
0.0
0.0
0.0
0.0
0.0
0.0
0.0
0.0
0.0
0.0
0.0
0.0
0.0
0.0
0.0
0.0
0.0
0.0
0.0
0.0
0.0
0.0
0.0
0.0
0.0
0.0
0.0
0.0
0.0
0.0
0.0
0.0
0.0
0.0
0.0
0.0
0.0
0.0
0.0
0.0
0.0
0.0
0.0
0.0
0.0
0.0
0.0
0.0
0.0
0.0
0.0
0.0
0.0
0.0
0.0
0.0
0.0
0.0
0.0
0.0
0.0
0.0
0.0
0.0
0.0
0.0
0.0
0.0
0.0
0.0
0.0
0.0
0.0
0.0
0.0
0.0
0.0
0.0
0.0
0.0
0.0
0.0
0.0
0.0
0.0
0.0
0.0
0.0
0.0
0.0
0.0
0.0
0.0
0.0
0.0
0.0
0.0
0.0
0.0
0.0
0.0
0.0
0.0
0.0
0.0
0.0
0.0
0.0
0.0
0.0
0.0
0.0
0.0
0.0
0.0
0.0
0.0
0.0
0.0
0.0
0.0
0.0
0.0
0.0
0.0
0.0
0.0
0.0
0.0
0.0
0.0
0.0
0.0
0.0
0.0
0.0
0.0
0.0
0.0
0.0
0.0
0.0
0.0
0.0
0.0
0.0
0.0
0.0
0.0
0.0
0.0
0.0
0.0
0.0
0.0
0.0
0.0
0.0
0.0
0.0
0.0
0.0
0.0
0.0
0.0
0.0
0.0
0.0
0.0
0.0
0.0
0.0
0.0
0.0
0.0
0.0
0.0
0.0
0.0
0.0
0.0
0.0
0.0
0.0
0.0
0.0
0.0
0.0
0.0
0.0
0.0
0.0
0.0
0.0
0.0
0.0
0.0
0.0
0.0
0.0
0.0
0.0
0.0
0.0
0.0
0.0
0.0
0.0
0.0
0.0
0.0
0.0
0.0
0.0
0.0
0.0
0.0
0.0
0.0
0.0
0.0
0.0
0.0
0.0
0.0
0.0
0.0
0.0
0.0
0.0
0.0
0.0
0.0
0.0
0.0
0.0
0.0
0.0
0.0
0.0
0.0
0.0
0.0
0.0
0.0
0.0
0.0
0.0
0.0
0.0
0.0
0.0
0.0
0.0
0.0
0.0
0.0
0.0
0.0
0.0
0.0
0.0
0.0
0.0
0.0
0.0
0.0
0.0
0.0
0.0
0.0
0.0
0.0
0.0
0.0
0.0
0.0
0.0
0.0
0.0
0.0
0.0
0.0
499.23798499483974
501.09394257487907
502.9360389797206
504.7636298216782
506.5760660709551
508.37269446359176
510.15285792565993
511.9158960136399
513.6611453703226
515.3879401964806
517.0956127374552
518.7834937846775
520.4509131915748
522.0972004031167
523.7216849990431
525.3236972496076
526.90256868364
528.4576326681338
529.9882249984581
531.4936844988251
532.973353631842
534.4265791164722
535.852712553541
537.2511110577377
538.6211378952218
539.962163125818
541.2735642486618
542.5547268503016
543.8050452541248
545.0239231699467
546.2107743424536
547.3650231976181
548.4861054854773
549.5734689183602
550.6265738030895
551.6448936659937
552.6279158694401
553.5751422186186
554.4860895572476
555.3602903510272
556.1972932574962
556.9966636810341
557.7579843119145
558.4808556479584
559.1648964979113
559.8097444650683
560.4150564102735
560.9805088930999
561.5057985901653
561.9906426896671
562.434779261078
562.8379675992018
563.1999885417584
563.5206447596016
563.7997610190893
564.0371844156186
564.2327845781831
564.386453843966
564.4981074029905
564.567683412162
564.5951430783472
564.5804707108312
564.5236737422069
564.424782718372
564.2838512572266
564.1009559762323
563.8761963893248
563.6096947729111
563.3015960017677
562.9520673550631
562.5612982928346
562.1295002037574
561.6569061245383
561.1437704320732
560.5903685083072
559.9969963798063
559.3639703315429
558.6916264970612
557.9803204251258
557.2304266242213
556.4423380862087
555.6164657896145
554.7532381843325
553.8531006586858
552.9165149896447
551.9439587783252
550.935924870929
549.8929207674734
548.815468018499
547.704101612086
546.5593693514705
545.3818312253185
544.1720587715921
542.930634436012
541.6581509270583
540.3552105678298
539.0224246469829
537.6604127690094
536.2698022055172
534.8512272486688
533.4053285676023
531.9327525692258
530.4341507640225
528.9101791381975
527.3614975330743
525.7887690320961
524.1926593577227
522.5738362769297
520.9329690182421
519.2707276992066
517.5877827665104
515.8848044482257
514.1624622192555
512.4214242806993
510.6623570531916
508.88592468513025
507.09278857548264
505.28360691253044
503.4590342279246
501.6197209666504
499.7663130736013
497.89945159588484
496.01977230205677
494.12790531769565
492.22447477779144
490.31009849553715
488.3853876477022
486.45094647703826
484.50737201042983
482.55525379419555
480.5951736448562
478.627705416455
476.6534147836656
474.6728590401011
472.6865869126229
470.69513839009034
468.6990445675342
466.69882750442173
464.6950000970996
462.6880659655103
460.67851935279083
458.66684503862433
456.6535182649466
454.6390046740245
452.6237602590391
450.6082313254079
448.5928544644125
446.5780565365527
444.5642546661704
442.5518562455894
440.54125894885556
438.5328507551012
436.52700998013927
434.52410531687116
432.52449588346235
430.52853127932656
428.536551648144
426.54888774762486
424.56586102618706
422.58778370508884
420.61495886695593
418.64768054890607
416.6862338416016
414.73089499225506
412.78193151215544
410.8396022885793
408.9041576998626
406.97583973444864
405.0548821124829
403.1415104108326
401.2359421900471
399.33838712419134
397.4490471323213
395.5681165117327
393.6957820731635
391.83222327675526
389.9776123695373
388.1321145235835
386.29588797502845
384.4690841634113
382.6518478712885
380.84431736433663
379.0466245309344
377.2588950221238
375.48124839052593
373.71379822965855
371.95665231196665
370.2099127262784
368.4736760147556
366.7480333083633
365.0330704618003
363.3288681869712
361.63550218507606
359.9530432779946
358.28155753750923
356.6211064136959
354.97174686126067
353.33353146475827
351.7065085618187
350.0907223647679
348.4862130806155
346.8930170291371
345.3111667592591
343.7406911634662
342.181615590456
340.6339619557333
339.0977488506062
337.5729916488477
336.0597026117306
334.55789099106505
333.06756313003393
331.58872256248526
330.121370109803
328.66550397625133
327.2211198420979
325.7882109547007
324.36676821812176
322.95678028020944
321.5582336182919
320.17111262251024
318.79539967769705
317.43107524307686
316.0781179301748
314.7365045789932
313.4062103322896
312.0872087081754
310.77947167068766
309.4829696989605
308.1976718544453
306.9235458464131
305.6605580960758
304.4086737985571
303.1678569838924
301.93807057581756
300.7192764494474
299.511435487178
298.3145076330759
297.1284519461055
295.953226651274
294.78878919015017
293.63509626927504
292.4921039077261
291.35976748295855
290.2380417756539
289.1268810130874
288.0262389112582
286.9360687159076
285.85632324223525
284.78695491355137
283.72791579860143
282.67915764802524
281.64063192954904
280.61228986210944
279.594082449168
278.5859605106226
277.58787471424
276.5997756056425
275.62161363773043
274.6533391990062
273.69490264101455
272.7462543051047
271.80734454809465
270.8781237673705
269.95854242502674
269.04855107138695
268.1481003676592
267.25714110787834
266.3756242403129
265.50350088794744
264.64072236855816
263.787240213931
262.9430061886714
262.1079723082147
261.28209085646256
260.46531440272497
259.6575958181251
258.8588882916385
258.069145345354
257.2883208496078
256.51636903730844
255.75324451806213
254.99890229174403
254.25329776162351
253.5163867472615
252.78812549680077
252.06847069905845
251.35737949517514
250.6548094899929
249.96071876305237
249.27506587925322
248.59780989936024
247.92891039003325
247.26832743379492
246.61602163850617
245.97195414687363
245.33608664551014
244.7083813738398
244.08880113288367
243.47730929370474
242.87386980583545
242.27844720538462
241.69100662310484
241.1115137922392
240.53993505629157
239.9762373766655
239.42038834008252
238.87235616609723
238.33210971433726
237.79961849177988
237.2748526599012
236.75778304180818
236.2483811292849
235.74661908978047
235.25246977346671
234.76590672013884
234.286904166251
233.8154370517839
233.3514810273337
232.89501246100164
232.44600844549072
232.00444680510526
231.57030610291136
231.14356564788304
0.0
0.0
0.0
0.0
0.0
0.0
0.0
0.0
0.0
0.0
0.0
0.0
0.0
0.0
0.0
0.0
0.0
0.0
0.0
0.0
0.0
0.0
0.0
0.0
0.0
0.0
0.0
0.0
0.0
0.0
0.0
0.0
0.0
0.0
0.0
0.0
0.0
0.0
0.0
0.0
0.0
0.0
0.0
0.0
0.0
0.0
0.0
0.0
0.0
0.0
0.0
0.0
0.0
0.0
0.0
0.0
0.0
0.0
0.0
0.0
0.0
0.0
0.0
0.0
0.0
0.0
0.0
0.0
0.0
0.0
0.0
0.0
0.0
0.0
0.0
0.0
0.0
0.0
0.0
0.0
0.0
0.0
0.0
0.0
0.0
0.0
0.0
0.0
0.0
0.0
0.0
0.0
0.0
0.0
0.0
0.0
0.0
0.0
0.0
0.0
0.0
0.0
0.0
0.0
0.0
0.0
0.0
0.0
0.0
0.0
0.0
0.0
0.0
0.0
0.0
0.0
0.0
0.0
0.0
0.0
0.0
0.0
0.0
0.0
0.0
0.0
0.0
0.0
0.0
0.0
0.0
0.0
0.0
0.0
0.0
0.0
0.0
0.0
0.0
0.0
0.0
0.0
0.0
0.0
0.0
0.0
0.0
0.0
0.0
0.0
0.0
0.0
0.0
0.0
0.0
0.0
0.0
0.0
0.0
0.0
0.0
0.0
0.0
0.0
0.0
0.0
0.0
0.0
0.0
0.0
0.0
0.0
0.0
0.0
0.0
0.0
0.0
0.0
0.0
0.0
0.0
0.0
0.0
0.0
0.0
0.0
0.0
0.0
0.0
0.0
0.0
0.0
0.0
0.0
0.0
0.0
0.0
0.0
0.0
0.0
0.0
0.0
0.0
0.0
0.0
0.0
0.0
0.0
0.0
0.0
0.0
0.0
0.0
0.0
0.0
0.0
0.0
0.0
0.0
0.0
0.0
0.0
0.0
0.0
0.0
0.0
0.0
0.0
0.0
0.0
0.0
0.0
0.0
0.0
0.0
0.0
0.0
0.0
0.0
0.0
0.0
0.0
0.0
0.0
0.0
0.0
0.0
0.0
0.0
0.0
0.0
0.0
0.0
0.0
0.0
0.0
0.0
0.0
0.0
0.0
0.0
0.0
0.0
0.0
0.0
0.0
0.0
0.0
0.0
0.0
0.0
0.0
0.0
0.0
0.0
0.0
0.0
0.0
0.0
0.0
0.0
0.0
0.0
0.0
0.0
0.0
0.0
0.0
0.0
0.0
0.0
0.0
0.0
0.0
0.0
0.0
0.0
0.0
0.0
0.0
0.0
0.0
0.0
0.0
0.0
0.0
0.0
0.0
0.0
0.0
0.0
0.0
0.0
0.0
0.0
0.0
0.0
0.0
0.0
0.0
0.0
0.0
0.0
0.0
0.0
0.0
0.0
0.0
0.0
0.0
0.0
0.0
0.0
0.0
0.0
0.0
0.0
0.0
0.0
0.0
0.0
0.0
0.0
0.0
0.0
0.0
0.0
0.0
0.0
0.0
0.0
0.0
0.0
0.0
0.0
0.0
0.0
0.0
0.0
0.0
0.0
0.0
0.0
0.0
0.0
0.0
0.0
0.0
0.0
0.0
0.0
0.0
0.0
0.0
0.0
0.0
0.0
0.0
0.0
0.0
0.0
0.0
0.0
0.0
0.0
0.0
0.0
0.0
0.0
0.0
0.0
0.0
0.0
0.0
0.0
0.0
0.0
0.0
0.0
0.0
0.0
0.0
0.0
0.0
0.0
0.0
0.0
0.0
0.0
0.0
0.0
0.0
0.0
0.0
0.0
0.0
0.0
0.0
0.0
0.0
0.0
0.0
0.0
0.0
0.0
0.0
0.0
0.0
0.0
0.0
0.0
0.0
0.0
454.99869925058
456.4171432758215
457.822666441949
459.21480530294576
460.5930949697357
461.957069406492
463.30626173530396
464.6402045488107
465.9584302304808
467.2604712825178
468.5458606607672
469.8141321165523
471.0648205450065
472.2974623395234
473.5115957518837
474.7067612578673
475.88250192752105
477.03836380013877
478.1738962629212
479.2886524333453
480.38218954426566
481.45406933160956
482.50385842372754
483.53112873226024
484.5354578434233
485.5164294097154
486.47363354076055
487.40666719324486
488.3151345590733
489.1986474508652
490.0568256847085
490.889297458814
491.69569972811325
492.4756785734743
493.22888956539634
493.9549981211964
494.65367985524347
495.3246209212126
495.96751834633653
496.5820803562353
497.16802669049264
497.7250889075934
498.25301067920935
498.75154807306063
499.22046982344705
499.65955758960285
500.06860620047183
500.44742388633915
500.79583249586005
501.113667699073
501.40077917470126
501.6570307829773
501.8823007217688
502.07648166751727
502.2394808988458
502.3712204044184
502.471636973205
502.54068226806976
502.57832288192856
502.58454037670055
502.5593313046304
502.5027072120438
502.41469462603095
502.2953350230333
502.14468478069836
501.96281511156934
501.7498119807276
501.5057760053065
501.2308223381803
500.92508053438456
500.5886944019963
500.22182183642843
499.8246346399184
499.39731832486746
498.94007190367256
498.4531076629865
497.9366509250896
497.39093979541803
496.8162248972787
496.2127690944811
495.58084720230494
494.9207456868851
494.23276235450174
493.5172060309163
492.77439623095114
492.0046628201333
491.20834566746487
490.38579429196466
489.537367500935
488.6634330240023
487.76436714026147
486.8405543017865
485.8923867522781
484.9202641431662
483.92459314610744
482.90578706437486
481.86426544168023
480.80045367151797
479.71478260529
478.6076881611101
477.47961093413016
476.3309958076568
475.16229156726644
473.9739505168844
472.76642809859595
471.5401825159651
470.29567436183237
469.03336625024224
467.7537224543295
466.45720854883615
465.1442910595396
463.8154371181171
462.4711141243617
461.11178941505676
459.73792994052127
458.3500019481677
456.9484706747687
455.53380004594214
454.1064523848038
452.6668881286211
451.2155655541736
449.7529405122321
448.27946617099457
446.7955927683632
445.30176737339457
443.7984336574629
442.28603167402446
440.7649976482334
439.2357637755761
437.69875803015594
436.15440398166527
434.603120622436
433.04532220282067
431.48141807652564
429.91181255425977
428.3369047668729
426.75708853699007
425.17275225975226
423.5842787915084
421.99204534775726
420.39642340856875
418.7977786329351
417.1964707803668
415.59285364075805
413.987274971875
412.38007644380065
410.7715935913039
409.1621557725305
407.5520861352799
405.9417015891412
404.3313127848616
402.72122409919825
401.11173362632604
399.5031331747243
397.89570827015143
396.289738163066
394.6854958423596
393.0832480531057
391.483255319706
389.88577197318966
388.29104618324646
386.6993199938284
385.11082936338846
383.5258042081906
381.94446844975124
380.3670400653173
378.7937311412712
377.22474793036395
375.6602909107298
374.10055484836886
372.54572886140613
370.9959964873043
369.45153575150584
367.9125192387879
366.3791141655231
364.85148245467735
363.32978081128124
361.8141608000952
360.3047689238139
358.8017467030884
357.3052307567786
355.8153528837805
354.3322401449564
352.85601494612166
351.38679512131716
349.92469401671184
348.4698205743986
347.0222794169243
345.5821709315671
344.1495913546896
342.7246328561821
341.307383623757
339.89792794695006
338.4963463007515
337.10271542913716
335.7171084281258
334.33959482826157
332.97024067641394
331.6091086176343
330.25625797554824
328.91174483281407
327.575622110225
326.2479396456548
324.92874427163576
323.6180798926639
322.31598756099464
321.0225055523144
319.73766943973476
318.4615121674602
317.19406412295876
315.93535320866147
314.68540491215214
313.4442423758127
312.2118864650202
310.98835583555604
309.77366699986436
308.56783439235284
307.3708704333354
306.1827855923201
305.00358844976415
303.8332857581845
302.6718825017597
301.51938195523917
300.3757857414964
299.2410938880566
298.1153048826163
296.9984157275285
295.8904219931007
294.79131786971755
293.7010962194081
292.61974862571714
291.5472654430918
290.4836358448147
289.4288478702954
288.382888471002
287.3457435557624
286.31739803462
285.2978358623268
284.2870400802353
283.2849928577862
282.29167553263756
281.30706865022927
280.33115200213837
279.36390466382676
278.4053050312489
277.45533085678863
276.5139592842461
275.5811668831254
274.6569296818409
273.74122320047735
272.83402248240094
271.93530212543413
271.04503631198276
270.1631988386312
269.28976314486994
268.42470234134277
267.56798923697
266.7195963658795
265.8794960133838
265.0476602412389
264.2240609126522
263.40866971619533
262.60145818949894
261.8023977420573
261.01145967773084
260.2286152164212
259.4538355154666
258.6870916902399
257.92835483445424
257.1775960398023
256.4347864152616
255.69989710571622
254.97289931035266
254.25376430037613
253.54246343651738
252.83896818589517
252.14325013865007
251.4552810240557
250.77503272638228
250.102477300182
249.43758698546424
248.78033422228447
248.13069166521817
247.4886321973198
246.8541289439015
246.22715528594648
245.60768487331518
244.9956916375199
244.39114980442747
243.7940339065748
243.20431879524747
242.621979652403
242.04699200235277
241.47933172312918
240.9189750578364
240.36589862561473
239.820079432613
239.28149488261647
238.75012278770174
238.22594137850444
237.70892931463848
237.19906569475808
236.69633006655582
236.2007024367482
235.71216328080877
235.2306935527714
234.75627469479477
234.2888886467894
233.82851785589637
233.37514528598422
232.92875442700512
232.4893293044429
232.05685448860743
231.6313151040375
0.0
0.0
0.0
0.0
0.0
0.0
0.0
0.0
0.0
0.0
0.0
0.0
0.0
0.0
0.0
0.0
0.0
0.0
0.0
0.0
0.0
0.0
0.0
0.0
0.0
0.0
0.0
0.0
0.0
0.0
0.0
0.0
0.0
0.0
0.0
0.0
0.0
0.0
0.0
0.0
0.0
0.0
0.0
0.0
0.0
0.0
0.0
0.0
0.0
0.0
0.0
0.0
0.0
0.0
0.0
0.0
0.0
0.0
0.0
0.0
0.0
0.0
0.0
0.0
0.0
0.0
0.0
0.0
0.0
0.0
0.0
0.0
0.0
0.0
0.0
0.0
0.0
0.0
0.0
0.0
0.0
0.0
0.0
0.0
0.0
0.0
0.0
0.0
0.0
0.0
0.0
0.0
0.0
0.0
0.0
0.0
0.0
0.0
0.0
0.0
0.0
0.0
0.0
0.0
0.0
0.0
0.0
0.0
0.0
0.0
0.0
0.0
0.0
0.0
0.0
0.0
0.0
0.0
0.0
0.0
0.0
0.0
0.0
0.0
0.0
0.0
0.0
0.0
0.0
0.0
0.0
0.0
0.0
0.0
0.0
0.0
0.0
0.0
0.0
0.0
0.0
0.0
0.0
0.0
0.0
0.0
0.0
0.0
0.0
0.0
0.0
0.0
0.0
0.0
0.0
0.0
0.0
0.0
0.0
0.0
0.0
0.0
0.0
0.0
0.0
0.0
0.0
0.0
0.0
0.0
0.0
0.0
0.0
0.0
0.0
0.0
0.0
0.0
0.0
0.0
0.0
0.0
0.0
0.0
0.0
0.0
0.0
0.0
0.0
0.0
0.0
0.0
0.0
0.0
0.0
0.0
0.0
0.0
0.0
0.0
0.0
0.0
0.0
0.0
0.0
0.0
0.0
0.0
0.0
0.0
0.0
0.0
0.0
0.0
0.0
0.0
0.0
0.0
0.0
0.0
0.0
0.0
0.0
0.0
0.0
0.0
0.0
0.0
0.0
0.0
0.0
0.0
0.0
0.0
0.0
0.0
0.0
0.0
0.0
0.0
0.0
0.0
0.0
0.0
0.0
0.0
0.0
0.0
0.0
0.0
0.0
0.0
0.0
0.0
0.0
0.0
0.0
0.0
0.0
0.0
0.0
0.0
0.0
0.0
0.0
0.0
0.0
0.0
0.0
0.0
0.0
0.0
0.0
0.0
0.0
0.0
0.0
0.0
0.0
0.0
0.0
0.0
0.0
0.0
0.0
0.0
0.0
0.0
0.0
0.0
0.0
0.0
0.0
0.0
0.0
0.0
0.0
0.0
0.0
0.0
0.0
0.0
0.0
0.0
0.0
0.0
0.0
0.0
0.0
0.0
0.0
0.0
0.0
0.0
0.0
0.0
0.0
0.0
0.0
0.0
0.0
0.0
0.0
0.0
0.0
0.0
0.0
0.0
0.0
0.0
0.0
0.0
0.0
0.0
0.0
0.0
0.0
0.0
0.0
0.0
0.0
0.0
0.0
0.0
0.0
0.0
0.0
0.0
0.0
0.0
0.0
0.0
0.0
0.0
0.0
0.0
0.0
0.0
0.0
0.0
0.0
0.0
0.0
0.0
0.0
0.0
0.0
0.0
0.0
0.0
0.0
0.0
0.0
0.0
0.0
0.0
0.0
0.0
0.0
0.0
0.0
0.0
0.0
0.0
0.0
0.0
0.0
0.0
0.0
0.0
0.0
0.0
0.0
0.0
0.0
0.0
0.0
0.0
0.0
0.0
0.0
0.0
0.0
0.0
0.0
0.0
0.0
0.0
0.0
0.0
0.0
0.0
0.0
0.0
0.0
0.0
0.0
0.0
0.0
0.0
0.0
0.0
0.0
0.0
0.0
0.0
0.0
0.0
0.0
0.0
0.0
0.0
0.0
0.0
0.0
0.0
0.0
0.0
0.0
0.0
0.0
0.0
0.0
0.0
390.2328450698291
391.1153484633073
391.98751367350627
392.84908525685773
393.69980849673505
394.5394295579133
395.36769564256605
396.1843551486553
396.9891578298374
397.78185495714894
398.56219948190136
399.3299462001989
400.08485191821023
400.82667561870176
401.5551786280123
402.2701247837918
402.9712806029737
403.6584154500498
404.3313017049956
404.9897149313344
405.63343404334074
406.26224147278185
406.87592333483394
407.47426959242785
408.05707421991616
408.62413536447724
409.1752555063066
409.710241616257
410.2289053117495
410.7310630096906
411.2165360772331
411.68515097893766
412.13673942163996
412.5711384951073
412.9881908098055
413.3877446303207
413.76965400530923
414.13377889272175
414.4799852811737
414.8081453061646
415.1181373620877
415.40984620872314
415.6831630731543
415.9379857458621
416.1742186717198
416.39177303542283
416.5905668406208
416.7705249840873
416.93157932293025
417.07366873645447
417.196739181188
417.3007437401715
417.385642665261
417.45140341361207
417.4980006767991
417.5254164043856
417.53363981985365
417.5226674307021
417.4925030311953
417.44315769911407
417.37464978514623
417.28700489637674
417.18025587224065
417.0544427550181
416.90961275273384
416.7458201962349
416.56312648983015
416.36160005519713
416.1413162697088
415.90235739804183
415.6448125182045
415.36877744150826
415.0743546269684
414.7616530898636
414.4307883050904
414.08188210492875
413.71506257229186
413.33046392804596
412.92822641483474
412.50849617508516
412.0714251256227
411.61717082735663
411.1458963514461
410.65777014171255
410.1529658730636
409.63166230702757
409.09404314391526
408.54029687231593
407.9706166154453
407.3851999756987
406.7842488762322
406.16796940130604
405.53657163411856
404.89026949360925
404.2292805696478
403.5538259573943
402.86413009024324
402.16042057281635
401.4429280127214
400.71188585284176
399.9675302028675
399.21009967152605
398.4398351989263
397.6569798894893
396.86177884584697
396.0544790031894
395.2353289653654
394.40457884183326
393.56248008611686
392.7092853360598
391.8452482559642
390.9706233801243
390.0856659592089
389.1906318080742
388.28577715668854
387.3713585028766
386.4476324678729
385.51485565505163
384.5732845105371
383.62317518761347
382.66478341336483
381.6983643591034
380.72417251321366
379.742461558001
378.7534842488303
377.7574922978133
376.7547362596698
375.7454654219708
374.72992769807666
373.70836952428306
372.6810357597449
371.6481695907443
370.6100124374744
369.56680386563085
368.51878150037385
367.46618094452657
366.4092357002873
365.348177093989
364.2832342050591
363.21463379779783
362.14260025704317
361.06735552724047
359.9891190547164
358.9081077332713
357.8245358535254
356.73861505489197
355.6505542814769
354.5605597403434
353.4688348637015
352.37558027373353
351.2809937504506
350.18527020244255
349.08860164073093
347.99117715542286
346.89318289481
345.794802047537
344.6962148271523
343.59759845949384
342.49912717207616
341.40097218652863
340.30330171275426
339.2062809459505
338.1100720653261
337.0148342353167
335.9207236086679
334.82789333176174
333.7364935514323
332.6466714240353
331.5585711262807
330.4723338673846
329.38809790351377
328.30599855297754
327.22616821393063
326.1487363825471
325.07382967330733
324.0015718401638
322.9320837991753
321.86548365214816
320.8018867116214
319.74140552677943
318.6841499103464
317.63022696664865
316.5797411201421
315.53279414532096
314.48948519685973
313.4499108410409
312.41416508718595
311.38233942055456
310.3545228349806
309.33080186671555
308.3112606282063
307.2959808428535
306.28504187965575
305.2785207885744
304.2764923360733
303.2790290408947
302.28620121026734
301.29807697597164
300.31472233100754
299.33620116594165
298.3625753058245
297.39390454672645
296.43024669264275
295.47165759224873
294.5181911757937
293.5698994916482
292.6268327432141
291.6890393253127
290.75656586075485
289.82945723676175
288.9077566409686
287.9915055976501
287.0807440033364
286.1755101626426
285.2758408234419
284.3817712122239
283.49333506881044
282.6105646810732
281.7334909192461
280.862143270042
279.99654987028157
279.1367375403706
278.2827318175038
277.43455698824414
276.5922361211956
275.7557910987899
274.9252426493542
274.10061037820134
273.2819127988457
272.4691673634625
271.6623904933224
270.8615976085189
270.0668031576495
269.27802064670124
268.495262668081
267.7185409287483
266.9478662782487
266.1832487363794
265.4246975202278
264.67222107115253
263.9258270810257
263.1855225184727
262.45131365425607
261.7232060869053
261.0012047672508
260.28531402320095
259.57553758370597
258.87187860269773
258.17433968228084
257.48292289594184
256.7976298111995
256.11846151181624
255.44541861990143
254.77850131738916
254.1177093674419
253.46304213526724
252.81449860877413
252.17207741881126
251.5357768591708
250.90559490609138
250.28152923770017
249.66357725289004
249.05173609007198
248.44600264563107
247.84637359185632
247.25284539498267
246.66541433255148
246.08407651080404
245.50882788157043
244.93966425912316
244.37658133654423
243.81957470207468
243.2686398550325
242.7237722215413
242.18496717019977
241.65222002722447
241.1255260916616
240.60488065020755
240.09027899192273
239.58171642262647
239.07918827934384
238.5826899442752
238.09221685883958
237.6077645373485
237.12932858070542
236.65690468976985
236.1904886787554
235.73007648827667
235.2756641984769
234.82724804191946
234.3848244163019
233.94838989721768
233.51794125062958
233.0934754454275
232.6749896657232
232.26248132318383
231.85594806923228
231.45538780722393
231.06079870447348
230.6721792043109
0.0
0.0
0.0
0.0
0.0
0.0
0.0
0.0
0.0
0.0
0.0
0.0
0.0
0.0
0.0
0.0
0.0
0.0
0.0
0.0
0.0
0.0
0.0
0.0
0.0
0.0
0.0
0.0
0.0
0.0
0.0
0.0
0.0
0.0
0.0
0.0
0.0
0.0
0.0
0.0
0.0
0.0
0.0
0.0
0.0
0.0
0.0
0.0
0.0
0.0
0.0
0.0
0.0
0.0
0.0
0.0
0.0
0.0
0.0
0.0
0.0
0.0
0.0
0.0
0.0
0.0
0.0
0.0
0.0
0.0
0.0
0.0
0.0
0.0
0.0
0.0
0.0
0.0
0.0
0.0
0.0
0.0
0.0
0.0
0.0
0.0
0.0
0.0
0.0
0.0
0.0
0.0
0.0
0.0
0.0
0.0
0.0
0.0
0.0
0.0
0.0
0.0
0.0
0.0
0.0
0.0
0.0
0.0
0.0
0.0
0.0
0.0
0.0
0.0
0.0
0.0
0.0
0.0
0.0
0.0
0.0
0.0
0.0
0.0
0.0
0.0
0.0
0.0
0.0
0.0
0.0
0.0
0.0
0.0
0.0
0.0
0.0
0.0
0.0
0.0
0.0
0.0
0.0
0.0
0.0
0.0
0.0
0.0
0.0
0.0
0.0
0.0
0.0
0.0
0.0
0.0
0.0
0.0
0.0
0.0
0.0
0.0
0.0
0.0
0.0
0.0
0.0
0.0
0.0
0.0
0.0
0.0
0.0
0.0
0.0
0.0
0.0
0.0
0.0
0.0
0.0
0.0
0.0
0.0
0.0
0.0
0.0
0.0
0.0
0.0
0.0
0.0
0.0
0.0
0.0
0.0
0.0
0.0
0.0
0.0
0.0
0.0
0.0
0.0
0.0
0.0
0.0
0.0
0.0
0.0
0.0
0.0
0.0
0.0
0.0
0.0
0.0
0.0
0.0
0.0
0.0
0.0
0.0
0.0
0.0
0.0
0.0
0.0
0.0
0.0
0.0
0.0
0.0
0.0
0.0
0.0
0.0
0.0
0.0
0.0
0.0
0.0
0.0
0.0
0.0
0.0
0.0
0.0
0.0
0.0
0.0
0.0
0.0
0.0
0.0
0.0
0.0
0.0
0.0
0.0
0.0
0.0
0.0
0.0
0.0
0.0
0.0
0.0
0.0
0.0
0.0
0.0
0.0
0.0
0.0
0.0
0.0
0.0
0.0
0.0
0.0
0.0
0.0
0.0
0.0
0.0
0.0
0.0
0.0
0.0
0.0
0.0
0.0
0.0
0.0
0.0
0.0
0.0
0.0
0.0
0.0
0.0
0.0
0.0
0.0
0.0
0.0
0.0
0.0
0.0
0.0
0.0
0.0
0.0
0.0
0.0
0.0
0.0
0.0
0.0
0.0
0.0
0.0
0.0
0.0
0.0
0.0
0.0
0.0
0.0
0.0
0.0
0.0
0.0
0.0
0.0
0.0
0.0
0.0
0.0
0.0
0.0
0.0
0.0
0.0
0.0
0.0
0.0
0.0
0.0
0.0
0.0
0.0
0.0
0.0
0.0
0.0
0.0
0.0
0.0
0.0
0.0
0.0
0.0
0.0
0.0
0.0
0.0
0.0
0.0
0.0
0.0
0.0
0.0
0.0
0.0
0.0
0.0
0.0
0.0
0.0
0.0
0.0
0.0
0.0
0.0
0.0
0.0
0.0
0.0
0.0
0.0
0.0
0.0
0.0
0.0
0.0
0.0
0.0
0.0
0.0
0.0
0.0
0.0
0.0
0.0
0.0
0.0
0.0
0.0
0.0
0.0
0.0
0.0
0.0
0.0
0.0
0.0
0.0
0.0
0.0
0.0
0.0
0.0
0.0
0.0
0.0
0.0
0.0
0.0
0.0
0.0
0.0
0.0
0.0
0.0
0.0
0.0
0.0
0.0
0.0
0.0
0.0
0.0
0.0
0.0
0.0
0.0
0.0
0.0
0.0
0.0
0.0
0.0
0.0
0.0
0.0
327.1177557292808
327.6189393169899
328.11336359365686
328.6009066676054
329.0814475410259
329.55486617137586
330.0210435334211
330.47986168128716
330.93120381050613
331.3749543204706
331.810998876558
332.23922447245945
332.6595194924223
333.07177377300513
333.47587866519206
333.8717270956239
334.2592136279775
334.6382345235919
335.0086878018457
335.3704733000134
335.7234927323337
336.06764974865416
336.4028499922131
336.7290011568144
337.04601304288894
337.35379761289397
337.6522690457486
337.9413437899825
338.22094061621937
338.4909806679784
338.75138751178434
339.00208718588027
339.2430082472125
339.47408181767236
339.6952416283607
339.90642406284735
340.10756819833153
340.2986158457766
340.47951158813385
340.65020281673105
340.81063976633556
340.96077554797864
341.1005661804295
341.229970619417
341.34895078508475
341.45747158784496
341.55550095165756
341.6430098359299
341.71997225488093
341.7863652953643
341.8421691321418
341.88736704145447
341.92194541229514
341.9458937555856
341.959204711397
341.96187405365356
341.953900693203
341.935286678242
341.90603719291744
341.8661605538253
341.8156682038694
341.75457470481854
341.68289772689604
341.6006580367825
341.50787948344185
341.40458898170806
341.29081649401934
341.1665950097473
341.03196052323443
340.8869520090435
340.7316113957653
340.5659835378827
340.39011618541605
340.20405995225195
340.00786828216934
339.8015974133165
339.58530634128806
339.3590567798619
339.1229131208081
338.87694239152927
338.62121421175766
338.35580074824776
338.08077666844565
337.79621909263057
337.50220754476544
337.1988239022651
336.8861523441992
336.56427929891856
336.2332933900632
335.89328538194144
335.5443481240014
335.1865764938824
334.82006734055614
334.4449194257788
334.0612333656083
333.66911157072377
333.26865818653397
332.85997903279855
332.443181542435
332.0183747005094
331.58566898235756
331.1451762918195
330.69700989929237
330.2412843792703
329.77811554837564
329.3076204028192
328.82991705630786
328.3451246778653
327.85336342982976
327.35475440619985
326.84941957088716
326.3374816968069
325.8190643047866
325.2942916032912
324.7632884284393
324.22618018450015
323.68309278515153
323.13415259492194
322.57948637180266
322.01922121002144
321.4534844838616
320.8824037922888
320.3061069038254
319.72472170312335
319.13837613751946
318.5471981649955
317.9513157030106
317.3508565779223
316.74594847589975
316.1367188943316
315.52329509441347
314.90580405510735
314.28437242743246
313.6591264906698
313.0301921087235
312.39769468845714
311.7617591384951
311.12250982933824
310.48007055494287
309.83456449475193
309.1861141775395
308.53484144583274
307.880867422002
307.22431247501095
306.5652961886738
305.90393733089473
305.24035382405896
304.5746627167279
303.9069801561391
303.23742136215117
302.5661006022973
301.893131167652
301.2186253503109
300.5426944213533
299.8654486105103
299.18699708661893
298.50744793898525
297.8269081602288
297.1454836297063
296.463279098425
295.780398174575
295.0969433101875
294.41301578911555
293.7287157153544
293.0441420029268
292.359392366224
291.674563311573
290.98975012969095
290.30504688874885
289.6205464287058
288.93634035606595
288.25251903989744
287.56917160823326
286.8863859455517
286.2042486910352
285.52284523730106
284.842259730169
284.16257506898353
283.48387290764157
282.80623365641827
282.1297364841486
281.45445932145327
280.7804788641366
280.1078705776473
279.4367087015771
278.7670662552316
278.0990150434986
277.4326256630791
276.76796750960585
276.1051087848319
275.4441165045588
274.7850565070187
274.1279934613243
273.47299087693267
272.8201111128973
272.1694153878579
271.5209637903677
270.87481528932415
270.23102774507566
269.5896579204965
268.95076149261143
268.31439306435567
267.6806061767286
267.0494533210659
266.4209859515475
265.79525449814224
265.1723083794716
264.5521960159901
263.93496484356456
263.32066132678546
262.7093309728814
262.1010183454052
261.4957670784162
260.8936198904457
260.2946185988303
259.69880413404576
259.1062165541122
258.51689505922684
257.9308780062262
257.34820292333575
256.76890652494785
256.19302472627857
255.6205926583573
255.0516446826768
254.48621440625288
253.92433469650842
253.36603769608823
252.81135483792897
252.26031686005584
251.7129538205673
251.16929511262072
250.62936947912772
250.0932050278784
249.56082924618863
249.03226901587053
248.50755062788417
247.98669979720916
247.46974167750733
246.9567008756796
246.44760146668708
245.9424670079374
245.44132055384955
244.94418467036064
244.45108144920655
243.9620325223741
243.47705907627662
242.99618186595006
242.5194212293212
242.04679710111273
241.57832902698584
241.11403617736414
240.65393736135354
240.1980510405668
239.74639534276974
239.29898807559232
238.85584674009698
238.41698854428068
237.98243041657088
237.55218901910504
237.12628076115027
236.70472181223505
236.28752811543535
235.87471540034474
235.46629919623467
235.06229484502097
234.66271751411176
234.26758220936608
233.87690378781366
233.49069697044388
233.10897635493774
232.73175642822665
232.35905157919134
231.9908761111297
231.627244254303
231.26817017843305
230.91366800506898
0.0
0.0
0.0
0.0
0.0
0.0
0.0
0.0
0.0
0.0
0.0
0.0
0.0
0.0
0.0
0.0
0.0
0.0
0.0
0.0
0.0
0.0
0.0
0.0
0.0
0.0
0.0
0.0
0.0
0.0
0.0
0.0
0.0
0.0
0.0
0.0
0.0
0.0
0.0
0.0
0.0
0.0
0.0
0.0
0.0
0.0
0.0
0.0
0.0
0.0
0.0
0.0
0.0
0.0
0.0
0.0
0.0
0.0
0.0
0.0
0.0
0.0
0.0
0.0
0.0
0.0
0.0
0.0
0.0
0.0
0.0
0.0
0.0
0.0
0.0
0.0
0.0
0.0
0.0
0.0
0.0
0.0
0.0
0.0
0.0
0.0
0.0
0.0
0.0
0.0
0.0
0.0
0.0
0.0
0.0
0.0
0.0
0.0
0.0
0.0
0.0
0.0
0.0
0.0
0.0
0.0
0.0
0.0
0.0
0.0
0.0
0.0
0.0
0.0
0.0
0.0
0.0
0.0
0.0
0.0
0.0
0.0
0.0
0.0
0.0
0.0
0.0
0.0
0.0
0.0
0.0
0.0
0.0
0.0
0.0
0.0
0.0
0.0
0.0
0.0
0.0
0.0
0.0
0.0
0.0
0.0
0.0
0.0
0.0
0.0
0.0
0.0
0.0
0.0
0.0
0.0
0.0
0.0
0.0
0.0
0.0
0.0
0.0
0.0
0.0
0.0
0.0
0.0
0.0
0.0
0.0
0.0
0.0
0.0
0.0
0.0
0.0
0.0
0.0
0.0
0.0
0.0
0.0
0.0
0.0
0.0
0.0
0.0
0.0
0.0
0.0
0.0
0.0
0.0
0.0
0.0
0.0
0.0
0.0
0.0
0.0
0.0
0.0
0.0
0.0
0.0
0.0
0.0
0.0
0.0
0.0
0.0
0.0
0.0
0.0
0.0
0.0
0.0
0.0
0.0
0.0
0.0
0.0
0.0
0.0
0.0
0.0
0.0
0.0
0.0
0.0
0.0
0.0
0.0
0.0
0.0
0.0
0.0
0.0
0.0
0.0
0.0
0.0
0.0
0.0
0.0
0.0
0.0
0.0
0.0
0.0
0.0
0.0
0.0
0.0
0.0
0.0
0.0
0.0
0.0
0.0
0.0
0.0
0.0
0.0
0.0
0.0
0.0
0.0
0.0
0.0
0.0
0.0
0.0
0.0
0.0
0.0
0.0
0.0
0.0
0.0
0.0
0.0
0.0
0.0
0.0
0.0
0.0
0.0
0.0
0.0
0.0
0.0
0.0
0.0
0.0
0.0
0.0
0.0
0.0
0.0
0.0
0.0
0.0
0.0
0.0
0.0
0.0
0.0
0.0
0.0
0.0
0.0
0.0
0.0
0.0
0.0
0.0
0.0
0.0
0.0
0.0
0.0
0.0
0.0
0.0
0.0
0.0
0.0
0.0
0.0
0.0
0.0
0.0
0.0
0.0
0.0
0.0
0.0
0.0
0.0
0.0
0.0
0.0
0.0
0.0
0.0
0.0
0.0
0.0
0.0
0.0
0.0
0.0
0.0
0.0
0.0
0.0
0.0
0.0
0.0
0.0
0.0
0.0
0.0
0.0
0.0
0.0
0.0
0.0
0.0
0.0
0.0
0.0
0.0
0.0
0.0
0.0
0.0
0.0
0.0
0.0
0.0
0.0
0.0
0.0
0.0
0.0
0.0
0.0
0.0
0.0
0.0
0.0
0.0
0.0
0.0
0.0
0.0
0.0
0.0
0.0
0.0
0.0
0.0
0.0
0.0
0.0
0.0
0.0
0.0
0.0
0.0
0.0
0.0
0.0
0.0
0.0
0.0
0.0
0.0
0.0
0.0
0.0
0.0
0.0
0.0
0.0
0.0
0.0
0.0
0.0
0.0
0.0
0.0
0.0
0.0
0.0
0.0
0.0
0.0
0.0
0.0
0.0
0.0
0.0
0.0
0.0
0.0
0.0
0.0
0.0
0.0
0.0
0.0
0.0
0.0
0.0
0.0
0.0
0.0
0.0
0.0
0.0
0.0
0.0
0.0
0.0
0.0
0.0
0.0
0.0
0.0
0.0
0.0
0.0
0.0
0.0
0.0
0.0
0.0
0.0
278.7103044576907
278.9767243348818
279.23911900716956
279.49743258890436
279.75160982518724
280.00159611426915
280.24733752988243
280.48878084330215
280.7258735455599
280.95856386929745
281.18680081055606
281.4105341505969
281.629714477196
281.8442932060109
282.05422260170735
282.2594557987065
282.45994682184954
282.6556506068108
282.8465230199722
283.0325208784497
283.2136019693593
283.38972506901507
283.560849961785
283.726937458399
283.8879494140542
284.04384874613504
284.19459945131695
284.3401666225501
284.48051646530126
284.61561631354084
284.7454346452658
284.8699410973445
284.98910648008587
285.10290279118095
285.2113032291249
285.3142822062166
285.41181536078375
285.50387956905246
285.5904529564387
285.67151490807197
285.7470460789308
285.8170284032861
285.8814451035187
285.9402806984379
285.99352101074675
286.0411531740781
286.083165639387
286.11954818049674
286.1502918992167
286.1753892296845
286.19483394208606
286.2086211456684
286.21674729121077
286.2192101725694
286.2160089278975
286.20714403