20.038 2112904.846 0.065870905
20.110 2109256.038 0.065941306
20.181 2105624.406 0.066012133
20.253 2102010.043 0.066083375
20.324 2098413.044 0.066155023
20.395 2094833.501 0.066227067
20.465 2091271.509 0.066299495
20.536 2087727.163 0.066372297
20.607 2084200.555 0.066445462
20.677 2080691.782 0.066518981
20.747 2077200.937 0.066592842
20.818 2073728.115 0.066667034
20.888 2070273.411 0.066741548
20.957 2066836.921 0.066816371
21.027 2063418.739 0.066891493
21.097 2060018.960 0.066966903
21.166 2056637.681 0.067042590
21.235 2053274.996 0.067118543
21.304 2049931.002 0.067194751
21.373 2046605.793 0.067271202
21.442 2043299.466 0.067347885
21.510 2040012.117 0.067424789
21.578 2036743.841 0.067501902
21.646 2033494.734 0.067579213
21.714 2030264.893 0.067656710
21.782 2027054.414 0.067734382
21.849 2023863.392 0.067812217
21.916 2020691.924 0.067890203
21.983 2017540.105 0.067968329
22.050 2014408.032 0.068046582
22.116 2011295.802 0.068124951
22.183 2008203.509 0.068203424
22.249 2005131.251 0.068281988
22.315 2002079.122 0.068360632
22.380 1999047.220 0.068439343
22.445 1996035.640 0.068518109
22.510 1993044.477 0.068596918
22.575 1990073.829 0.068675758
22.640 1987123.789 0.068754616
22.704 1984194.455 0.068833480
22.768 1981285.921 0.068912337
22.832 1978398.283 0.068991175
22.895 1975531.635 0.069069981
22.958 1972686.074 0.069148743
23.021 1969861.694 0.069227448
23.083 1967058.589 0.069306082
23.146 1964276.855 0.069384634
23.207 1961516.585 0.069463091
23.269 1958777.874 0.069541440
23.330 1956060.816 0.069619667
23.391 1953365.505 0.069697760
23.452 1950692.034 0.069775706
23.512 1948040.497 0.069853492
23.572 1945410.986 0.069931105
23.631 1942803.594 0.070008532
23.691 1940218.413 0.070085760
23.750 1937655.537 0.070162776
23.808 1935115.056 0.070239566
23.866 1932597.063 0.070316118
23.924 1930101.648 0.070392417
23.981 1927628.902 0.070468452
24.038 1925178.917 0.070544209
24.095 1922751.781 0.070619675
24.151 1920347.584 0.070694836
24.207 1917966.417 0.070769679
24.262 1915608.368 0.070844191
24.317 1913273.525 0.070918359
24.372 1910961.976 0.070992170
24.426 1908673.810 0.071065610
24.480 1906409.112 0.071138666
24.533 1904167.971 0.071211325
24.586 1901950.471 0.071283574
24.638 1899756.699 0.071355399
24.690 1897586.740 0.071426788
24.741 1895440.679 0.071497727
24.792 1893318.598 0.071568204
24.843 1891220.583 0.071638204
24.893 1889146.716 0.071707715
24.943 1887097.078 0.071776725
24.992 1885071.753 0.071845219
25.041 1883070.821 0.071913186
25.089 1881094.362 0.071980612
25.136 1879142.456 0.072047484
25.184 1877215.183 0.072113790
25.230 1875312.620 0.072179517
25.276 1873434.847 0.072244652
25.322 1871581.939 0.072309183
25.367 1869753.974 0.072373097
25.412 1867951.026 0.072436381
25.456 1866173.172 0.072499024
25.499 1864420.484 0.072561013
25.542 1862693.037 0.072622335
25.585 1860990.902 0.072682979
25.627 1859314.153 0.072742933
25.668 1857662.860 0.072802183
25.709 1856037.092 0.072860720
25.749 1854436.920 0.072918531
25.789 1852862.412 0.072975603
25.828 1851313.636 0.073031927
25.866 1849790.658 0.073087489
25.904 1848293.544 0.073142279
25.941 1846822.359 0.073196286
25.978 1845377.168 0.073249499
26.014 1843958.033 0.073301906
26.050 1842565.016 0.073353497
26.085 1841198.180 0.073404260
26.119 1839857.583 0.073454187
26.153 1838543.286 0.073503265
26.186 1837255.347 0.073551485
26.218 1835993.823 0.073598836
26.250 1834758.771 0.073645309
26.281 1833550.245 0.073690894
26.312 1832368.300 0.073735581
26.342 1831212.989 0.073779360
26.371 1830084.364 0.073822223
26.400 1828982.477 0.073864159
26.428 1827907.377 0.073905161
26.455 1826859.114 0.073945219
26.481 1825837.735 0.073984324
26.507 1824843.286 0.074022469
26.533 1823875.814 0.074059644
26.557 1822935.363 0.074095842
26.581 1822021.976 0.074131055
26.605 1821135.695 0.074165275
26.627 1820276.561 0.074198495
26.649 1819444.615 0.074230707
26.671 1818639.894 0.074261904
26.691 1817862.437 0.074292079
26.711 1817112.279 0.074321226
26.730 1816389.456 0.074349338
26.749 1815694.002 0.074376409
26.766 1815025.949 0.074402433
26.784 1814385.328 0.074427403
26.800 1813772.171 0.074451315
26.816 1813186.505 0.074474163
26.831 1812628.358 0.074495942
26.845 1812097.758 0.074516647
26.858 1811594.729 0.074536273
26.871 1811119.295 0.074554816
26.883 1810671.480 0.074572271
26.895 1810251.303 0.074588635
26.906 1809858.786 0.074603904
26.916 1809493.948 0.074618074
26.925 1809156.805 0.074631142
26.933 1808847.375 0.074643104
26.941 1808565.671 0.074653960
26.948 1808311.709 0.074663704
26.955 1808085.501 0.074672336
26.960 1807887.056 0.074679853
26.965 1807716.386 0.074686254
26.969 1807573.499 0.074691536
26.973 1807458.401 0.074695699
26.976 1807371.100 0.074698742
26.978 1807311.599 0.074700663
26.979 1807279.901 0.074701462
26.979 1807276.009 0.074701140
26.979 1807299.923 0.074699695
26.978 1807351.643 0.074697127
26.977 1807431.166 0.074693438
26.974 1807538.489 0.074688629
26.971 1807673.608 0.074682699
26.967 1807836.517 0.074675650
26.963 1808027.207 0.074667484
26.958 1808245.672 0.074658202
26.952 1808491.900 0.074647807
26.945 1808765.881 0.074636300
26.937 1809067.602 0.074623683
26.929 1809397.050 0.074609960
26.920 1809754.209 0.074595134
26.911 1810139.063 0.074579206
26.900 1810551.595 0.074562182
26.889 1810991.785 0.074544065
26.878 1811459.613 0.074524857
26.865 1811955.058 0.074504565
26.852 1812478.097 0.074483191
26.838 1813028.706 0.074460740
26.823 1813606.859 0.074437218
26.808 1814212.531 0.074412629
26.792 1814845.693 0.074386979
26.775 1815506.316 0.074360273
26.758 1816194.370 0.074332516
26.740 1816909.824 0.074303715
26.721 1817652.645 0.074273876
26.701 1818422.799 0.074243005
26.681 1819220.251 0.074211108
26.660 1820044.964 0.074178194
26.639 1820896.901 0.074144267
26.616 1821776.023 0.074109337
26.593 1822682.291 0.074073409
26.570 1823615.663 0.074036493
26.545 1824576.097 0.073998595
26.521 1825563.550 0.073959723
26.495 1826577.977 0.073919886
26.469 1827619.334 0.073879092
26.442 1828687.572 0.073837349
26.414 1829782.644 0.073794667
26.386 1830904.502 0.073751055
26.357 1832053.094 0.073706520
26.327 1833228.371 0.073661073
26.297 1834430.280 0.073614723
26.266 1835658.768 0.073567480
26.235 1836913.781 0.073519353
26.203 1838195.262 0.073470352
26.170 1839503.157 0.073420487
26.137 1840837.407 0.073369769
26.103 1842197.955 0.073318208
26.068 1843584.740 0.073265814
26.033 1844997.704 0.073212597
25.997 1846436.784 0.073158570
25.961 1847901.918 0.073103742
25.924 1849393.044 0.073048125
25.886 1850910.096 0.072991730
25.848 1852453.011 0.072934567
25.810 1854021.723 0.072876649
25.770 1855616.164 0.072817987
25.730 1857236.268 0.072758592
25.690 1858881.965 0.072698477
25.649 1860553.186 0.072637652
25.607 1862249.862 0.072576131
25.565 1863971.921 0.072513924
25.523 1865719.291 0.072451045
25.480 1867491.900 0.072387504
25.436 1869289.675 0.072323315
25.392 1871112.541 0.072258490
25.347 1872960.424 0.072193041
25.302 1874833.249 0.072126981
25.256 1876730.937 0.072060321
25.209 1878653.414 0.071993076
25.163 1880600.601 0.071925257
25.115 1882572.419 0.071856878
25.067 1884568.790 0.071787950
25.019 1886589.633 0.071718487
24.970 1888634.869 0.071648503
24.921 1890704.417 0.071578008
24.871 1892798.194 0.071507018
24.821 1894916.119 0.071435544
24.770 1897058.109 0.071363599
24.719 1899224.081 0.071291198
24.667 1901413.950 0.071218352
24.615 1903627.632 0.071145075
24.563 1905865.042 0.071071381
24.510 1908126.094 0.070997281
24.457 1910410.703 0.070922790
24.403 1912718.782 0.070847921
24.349 1915050.245 0.070772686
24.294 1917405.002 0.070697099
24.239 1919782.968 0.070621174
24.183 1922184.052 0.070544923
24.128 1924608.168 0.070468359
24.071 1927055.224 0.070391496
24.015 1929525.133 0.070314347
23.958 1932017.803 0.070236925
23.900 1934533.145 0.070159244
23.842 1937071.068 0.070081315
23.784 1939631.480 0.070003154
23.726 1942214.291 0.069924771
23.667 1944819.409 0.069846182
23.608 1947446.741 0.069767398
23.548 1950096.196 0.069688433
23.488 1952767.681 0.069609300
23.428 1955461.103 0.069530012
23.367 1958176.370 0.069450581
23.306 1960913.386 0.069371020
23.245 1963672.060 0.069291344
23.183 1966452.298 0.069211563
23.122 1969254.005 0.069131691
23.059 1972077.086 0.069051741
22.997 1974921.449 0.068971726
22.934 1977786.998 0.068891658
22.871 1980673.639 0.068811549
22.808 1983581.276 0.068731413
22.744 1986509.814 0.068651261
22.680 1989459.160 0.068571107
22.616 1992429.216 0.068490962
22.551 1995419.889 0.068410839
22.487 1998431.082 0.068330750
22.422 2001462.700 0.068250708
22.356 2004514.647 0.068170725
22.291 2007586.828 0.068090813
22.225 2010679.147 0.068010983
22.159 2013791.508 0.067931248
22.093 2016923.815 0.067851620
22.027 2020075.972 0.067772111
21.960 2023247.885 0.067692733
21.893 2026439.455 0.067613496
21.826 2029650.589 0.067534414
21.758 2032881.190 0.067455498
21.691 2036131.162 0.067376759
21.623 2039400.409 0.067298208
21.555 2042688.836 0.067219858
21.487 2045996.346 0.067141719
21.419 2049322.845 0.067063803
21.350 2052668.237 0.066986122
21.282 2056032.425 0.066908686
21.213 2059415.316 0.066831506
21.144 2062816.812 0.066754594
21.074 2066236.820 0.066677961
21.005 2069675.243 0.066601617
20.935 2073131.988 0.066525573
20.866 2076606.958 0.066449841
20.796 2080100.060 0.066374431
20.726 2083611.198 0.066299353
20.656 2087140.278 0.066224618
20.585 2090687.205 0.066150238
20.515 2094251.886 0.066076221
20.444 2097834.226 0.066002580
20.374 2101434.132 0.065929323
20.303 2105051.510 0.065856462
20.232 2108686.266 0.065784007
20.161 2112338.306 0.065711968
20.089 2116007.539 0.065640354
20.018 2119693.870 0.065569177
0.0 0.0 0.0
0.0 0.0 0.0
0.0 0.0 0.0
0.0 0.0 0.0
0.0 0.0 0.0
0.0 0.0 0.0
0.0 0.0 0.0
0.0 0.0 0.0
0.0 0.0 0.0
0.0 0.0 0.0
0.0 0.0 0.0
0.0 0.0 0.0
0.0 0.0 0.0
0.0 0.0 0.0
0.0 0.0 0.0
0.0 0.0 0.0
0.0 0.0 0.0
0.0 0.0 0.0
0.0 0.0 0.0
0.0 0.0 0.0
0.0 0.0 0.0
0.0 0.0 0.0
0.0 0.0 0.0
0.0 0.0 0.0
0.0 0.0 0.0
0.0 0.0 0.0
0.0 0.0 0.0
0.0 0.0 0.0
0.0 0.0 0.0
0.0 0.0 0.0
0.0 0.0 0.0
0.0 0.0 0.0
0.0 0.0 0.0
0.0 0.0 0.0
0.0 0.0 0.0
0.0 0.0 0.0
0.0 0.0 0.0
0.0 0.0 0.0
0.0 0.0 0.0
0.0 0.0 0.0
0.0 0.0 0.0
0.0 0.0 0.0
0.0 0.0 0.0
0.0 0.0 0.0
0.0 0.0 0.0
0.0 0.0 0.0
0.0 0.0 0.0
0.0 0.0 0.0
0.0 0.0 0.0
0.0 0.0 0.0
0.0 0.0 0.0
0.0 0.0 0.0
0.0 0.0 0.0
0.0 0.0 0.0
0.0 0.0 0.0
0.0 0.0 0.0
0.0 0.0 0.0
0.0 0.0 0.0
0.0 0.0 0.0
0.0 0.0 0.0
0.0 0.0 0.0
0.0 0.0 0.0
0.0 0.0 0.0
0.0 0.0 0.0
0.0 0.0 0.0
0.0 0.0 0.0
0.0 0.0 0.0
0.0 0.0 0.0
0.0 0.0 0.0
0.0 0.0 0.0
0.0 0.0 0.0
0.0 0.0 0.0
0.0 0.0 0.0
0.0 0.0 0.0
0.0 0.0 0.0
0.0 0.0 0.0
0.0 0.0 0.0
0.0 0.0 0.0
0.0 0.0 0.0
0.0 0.0 0.0
0.0 0.0 0.0
0.0 0.0 0.0
0.0 0.0 0.0
0.0 0.0 0.0
0.0 0.0 0.0
0.0 0.0 0.0
0.0 0.0 0.0
0.0 0.0 0.0
0.0 0.0 0.0
0.0 0.0 0.0
0.0 0.0 0.0
0.0 0.0 0.0
0.0 0.0 0.0
0.0 0.0 0.0
0.0 0.0 0.0
0.0 0.0 0.0
0.0 0.0 0.0
0.0 0.0 0.0
0.0 0.0 0.0
0.0 0.0 0.0
0.0 0.0 0.0
0.0 0.0 0.0
0.0 0.0 0.0
0.0 0.0 0.0
0.0 0.0 0.0
0.0 0.0 0.0
0.0 0.0 0.0
0.0 0.0 0.0
0.0 0.0 0.0
0.0 0.0 0.0
0.0 0.0 0.0
0.0 0.0 0.0
0.0 0.0 0.0
0.0 0.0 0.0
0.0 0.0 0.0
0.0 0.0 0.0
0.0 0.0 0.0
0.0 0.0 0.0
0.0 0.0 0.0
0.0 0.0 0.0
0.0 0.0 0.0
0.0 0.0 0.0
0.0 0.0 0.0
0.0 0.0 0.0
0.0 0.0 0.0
0.0 0.0 0.0
0.0 0.0 0.0
0.0 0.0 0.0
0.0 0.0 0.0
0.0 0.0 0.0
0.0 0.0 0.0
0.0 0.0 0.0
0.0 0.0 0.0
0.0 0.0 0.0
0.0 0.0 0.0
0.0 0.0 0.0
0.0 0.0 0.0
0.0 0.0 0.0
0.0 0.0 0.0
0.0 0.0 0.0
0.0 0.0 0.0
0.0 0.0 0.0
0.0 0.0 0.0
0.0 0.0 0.0
0.0 0.0 0.0
0.0 0.0 0.0
0.0 0.0 0.0
0.0 0.0 0.0
0.0 0.0 0.0
0.0 0.0 0.0
0.0 0.0 0.0
0.0 0.0 0.0
0.0 0.0 0.0
0.0 0.0 0.0
0.0 0.0 0.0
0.0 0.0 0.0
0.0 0.0 0.0
0.0 0.0 0.0
0.0 0.0 0.0
0.0 0.0 0.0
0.0 0.0 0.0
0.0 0.0 0.0
0.0 0.0 0.0
0.0 0.0 0.0
0.0 0.0 0.0
0.0 0.0 0.0
0.0 0.0 0.0
0.0 0.0 0.0
0.0 0.0 0.0
0.0 0.0 0.0
0.0 0.0 0.0
0.0 0.0 0.0
0.0 0.0 0.0
0.0 0.0 0.0
0.0 0.0 0.0
0.0 0.0 0.0
0.0 0.0 0.0
0.0 0.0 0.0
0.0 0.0 0.0
0.0 0.0 0.0
0.0 0.0 0.0
0.0 0.0 0.0
0.0 0.0 0.0
0.0 0.0 0.0
0.0 0.0 0.0
0.0 0.0 0.0
0.0 0.0 0.0
0.0 0.0 0.0
0.0 0.0 0.0
0.0 0.0 0.0
0.0 0.0 0.0
0.0 0.0 0.0
0.0 0.0 0.0
0.0 0.0 0.0
0.0 0.0 0.0
0.0 0.0 0.0
0.0 0.0 0.0
0.0 0.0 0.0
5342811.767 0.008
5329923.811 0.008
5317030.554 0.008
5304132.007 0.008
5291228.183 0.008
5278319.096 0.008
5265404.758 0.008
5252485.182 0.008
5239560.380 0.009
5226630.367 0.009
5213695.154 0.009
5200754.754 0.009
5187809.181 0.009
5174858.446 0.009
5161902.564 0.009
5148941.547 0.009
5135975.408 0.009
5123004.159 0.009
5110027.814 0.009
5097046.386 0.009
5084059.887 0.009
5071068.330 0.009
5058071.729 0.009
5045070.096 0.009
5032063.445 0.009
5019051.787 0.009
5006035.136 0.009
4993013.506 0.009
4979986.909 0.009
4966955.357 0.009
4953918.864 0.010
4940877.444 0.010
4927831.108 0.010
4914779.870 0.010
4901723.742 0.010
4888662.739 0.010
4875596.872 0.010
4862526.156 0.010
4849450.602 0.010
4836370.223 0.010
4823285.034 0.010
4810195.047 0.010
4797100.274 0.010
4784000.729 0.010
4770896.425 0.010
4757787.376 0.010
4744673.593 0.010
4731555.090 0.010
4718431.881 0.011
4705303.977 0.011
4692171.393 0.011
4679034.141 0.011
4665892.235 0.011
4652745.686 0.011
4639594.510 0.011
4626438.718 0.011
4613278.324 0.011
4600113.340 0.011
4586943.781 0.011
4573769.658 0.011
4560590.986 0.011
4547407.776 0.011
4534220.043 0.011
4521027.800 0.011
4507831.059 0.012
4494629.834 0.012
4481424.137 0.012
4468213.983 0.012
4454999.383 0.012
4441780.352 0.012
4428556.903 0.012
4415329.047 0.012
4402096.800 0.012
4388860.174 0.012
4375619.181 0.012
4362373.836 0.012
4349124.151 0.012
4335870.140 0.012
4322611.816 0.013
4309349.191 0.013
4296082.280 0.013
4282811.095 0.013
4269535.650 0.013
4256255.957 0.013
4242972.031 0.013
4229683.883 0.013
4216391.528 0.013
4203094.979 0.013
4189794.249 0.013
4176489.350 0.013
4163180.297 0.013
4149867.103 0.014
4136549.780 0.014
4123228.343 0.014
4109902.804 0.014
4096573.176 0.014
4083239.473 0.014
4069901.709 0.014
4056559.896 0.014
4043214.047 0.014
4029864.176 0.014
4016510.297 0.014
4003152.422 0.015
3989790.565 0.015
3976424.739 0.015
3963054.957 0.015
3949681.233 0.015
3936303.580 0.015
3922922.012 0.015
3909536.541 0.015
3896147.180 0.015
3882753.945 0.015
3869356.846 0.016
3855955.899 0.016
3842551.116 0.016
3829142.510 0.016
3815730.095 0.016
3802313.885 0.016
3788893.892 0.016
3775470.130 0.016
3762042.612 0.016
3748611.352 0.017
3735176.363 0.017
3721737.659 0.017
3708295.252 0.017
3694849.156 0.017
3681399.385 0.017
3667945.952 0.017
3654488.870 0.017
3641028.153 0.018
3627563.813 0.018
3614095.865 0.018
3600624.322 0.018
3587149.198 0.018
3573670.505 0.018
3560188.256 0.018
3546702.467 0.019
3533213.149 0.019
3519720.317 0.019
3506223.983 0.019
3492724.162 0.019
3479220.866 0.019
3465714.109 0.019
3452203.904 0.020
3438690.266 0.020
3425173.207 0.020
3411652.740 0.020
3398128.880 0.020
3384601.640 0.020
3371071.032 0.020
3357537.072 0.021
3343999.771 0.021
3330459.144 0.021
3316915.204 0.021
3303367.964 0.021
3289817.439 0.022
3276263.641 0.022
3262706.583 0.022
3249146.281 0.022
3235582.746 0.022
3222015.992 0.022
3208446.034 0.023
3194872.883 0.023
3181296.555 0.023
3167717.062 0.023
3154134.418 0.023
3140548.637 0.024
3126959.731 0.024
3113367.715 0.024
3099772.602 0.024
3086174.405 0.024
3072573.138 0.025
3058968.815 0.025
3045361.449 0.025
3031751.054 0.025
3018137.642 0.026
3004521.229 0.026
2990901.827 0.026
2977279.449 0.026
2963654.110 0.026
2950025.823 0.027
2936394.602 0.027
2922760.459 0.027
2909123.409 0.027
2895483.465 0.028
2881840.641 0.028
2868194.950 0.028
2854546.406 0.028
2840895.023 0.029
2827240.813 0.029
2813583.791 0.029
2799923.971 0.030
2786261.365 0.030
2772595.987 0.030
2758927.852 0.030
2745256.972 0.031
2731583.361 0.031
2717907.033 0.031
2704228.002 0.032
2690546.280 0.032
2676861.882 0.032
2663174.822 0.033
2649485.112 0.033
2635792.766 0.033
2622097.799 0.034
2608400.223 0.034
2594700.053 0.034
2580997.301 0.035
2567291.983 0.035
2553584.110 0.035
2539873.697 0.036
2526160.758 0.036
2512445.306 0.037
2498727.355 0.037
2485006.918 0.037
2471284.009 0.038
2457558.642 0.038
2443830.830 0.039
2430100.587 0.039
2416367.927 0.039
2402632.863 0.040
2388895.410 0.040
2375155.580 0.041
2361413.387 0.041
2347668.845 0.042
2333921.968 0.042
2320172.770 0.043
2306421.263 0.043
2292667.463 0.044
2278911.381 0.044
2265153.033 0.045
2251392.431 0.045
2237629.590 0.046
2223864.523 0.046
2210097.244 0.047
2196327.767 0.048
2182556.104 0.048
2168782.271 0.049
2155006.280 0.049
2141228.146 0.050
2127447.882 0.051
2113665.501 0.051
2099881.018 0.052
2086094.446 0.053
2072305.799 0.053
2058515.091 0.054
2044722.335 0.055
2030927.545 0.055
2017130.735 0.056
2003331.918 0.057
1989531.109 0.058
1975728.320 0.058
1961923.566 0.059
1948116.861 0.060
1934308.218 0.061
1920497.650 0.062
1906685.173 0.063
1892870.798 0.064
1879054.541 0.064
1865236.415 0.065
1851416.433 0.066
1837594.609 0.067
1823770.958 0.068
1809945.493 0.069
1796118.227 0.070
1782289.174 0.071
1768458.349 0.072
1754625.764 0.074
1740791.434 0.075
1726955.373 0.076
1713117.593 0.077
1699278.110 0.078
1685436.936 0.079
1671594.086 0.081
1657749.573 0.082
1643903.410 0.083
1630055.613 0.085
1616206.194 0.086
1602355.168 0.087
1588502.547 0.089
1574648.347 0.090
1560792.580 0.092
1546935.261 0.094
1533076.403 0.095
1519216.020 0.097
1505354.125 0.098
1491490.733 0.100
1477625.858 0.102
1463759.513 0.104
1449891.712 0.106
1436022.468 0.108
1422151.796 0.110
1408279.710 0.112
1394406.222 0.114
1380531.348 0.116
1366655.100 0.118
1352777.493 0.120
1338898.541 0.123
1325018.256 0.125
1311136.653 0.128
1297253.747 0.130
1283369.549 0.133
1269484.076 0.136
1255597.339 0.138
1241709.354 0.141
1227820.133 0.144
1213929.691 0.147
1200038.041 0.150
1186145.198 0.154
1172251.175 0.157
1158355.986 0.160
1144459.644 0.164
1130562.165 0.168
1116663.560 0.171
1102763.845 0.175
1088863.033 0.179
1074961.138 0.184
1061058.173 0.188
1047154.153 0.193
1033249.092 0.197
1019343.002 0.202
1005435.899 0.207
991527.796 0.212
977618.706 0.217
963708.644 0.223
949797.623 0.229
935885.658 0.235
921972.761 0.241
908058.948 0.247
894144.231 0.254
880228.624 0.261
866312.143 0.268
852394.799 0.275
838476.608 0.283
824557.582 0.291
810637.736 0.299
796717.084 0.308
782795.640 0.317
768873.417 0.326
754950.429 0.336
741026.690 0.346
727102.214 0.357
713177.014 0.368
699251.105 0.379
685324.501 0.391
671397.215 0.404
657469.261 0.417
643540.654 0.430
629611.406 0.444
615681.531 0.459
601751.045 0.474
587819.959 0.489
573888.289 0.506
559956.049 0.523
546023.251 0.540
532089.910 0.559
518156.040 0.578
504221.654 0.597
490286.767 0.617
476351.392 0.638
462415.543 0.660
448479.235 0.681
434542.480 0.704
420605.293 0.727
406667.688 0.750
392729.678 0.773
378791.277 0.796
364852.500 0.819
350913.360 0.841
336973.870 0.863
323034.046 0.885
309093.900 0.905
295153.447 0.923
281212.700 0.940
267271.673 0.955
253330.381 0.967
239388.836 0.978
225447.054 0.986
211505.047 0.991
197562.830 0.995
183620.416 0.998
169677.820 0.999
155735.055 1.000
141792.134 1.000
127849.073 1.000
113905.885 1.000
99962.584 1.000
86019.183 1.000
72075.696 1.000
58132.138 1.000
44188.522 1.000
30244.862 1.000
16301.171 1.000
2357.465 1.000
11586.244 1.000
25529.941 1.000
39473.612 1.000
53417.245 1.000
67360.824 1.000
81304.337 1.000
95247.768 1.000
109191.105 1.000
123134.333 1.000
137077.439 1.000
151020.408 1.000
164963.227 0.999
178905.882 0.998
192848.359 0.996
206790.644 0.993
220732.724 0.988
234674.584 0.981
248616.210 0.971
262557.590 0.959
276498.708 0.945
290439.551 0.929
304380.105 0.911
318320.356 0.891
332260.291 0.871
346199.895 0.849
360139.155 0.827
374078.057 0.804
388016.586 0.781
401954.730 0.757
415892.473 0.734
429829.803 0.711
443766.706 0.689
457703.167 0.667
471639.173 0.645
485574.710 0.624
499509.763 0.604
513444.320 0.584
527378.366 0.565
541311.888 0.547
555244.871 0.529
569177.301 0.512
583109.166 0.495
597040.451 0.479
610971.141 0.464
624901.224 0.449
638830.686 0.435
652759.512 0.421
666687.688 0.408
680615.202 0.395
694542.038 0.383
708468.184 0.372
722393.625 0.361
736318.347 0.350
750242.337 0.340
764165.581 0.330
778088.065 0.320
792009.774 0.311
805930.696 0.302
819850.816 0.294
833770.121 0.286
847688.596 0.278
861606.228 0.270
875523.003 0.263
889438.908 0.256
903353.927 0.249
917268.048 0.243
931181.257 0.237
945093.539 0.231
959004.881 0.225
972915.269 0.219
986824.690 0.214
1000733.129 0.209
1014640.572 0.204
1028547.007 0.199
1042452.418 0.194
1056356.792 0.190
1070260.116 0.185
1084162.374 0.181
1098063.555 0.177
1111963.643 0.173
1125862.625 0.169
1139760.488 0.165
1153657.216 0.162
1167552.797 0.158
1181447.217 0.155
1195340.462 0.151
1209232.517 0.148
1223123.370 0.145
1237013.006 0.142
1250901.412 0.139
1264788.573 0.137
1278674.476 0.134
1292559.108 0.131
1306442.454 0.129
1320324.500 0.126
1334205.233 0.124
1348084.639 0.121
1361962.703 0.119
1375839.414 0.117
1389714.755 0.115
1403588.714 0.112
1417461.277 0.110
1431332.431 0.108
1445202.160 0.106
1459070.452 0.104
1472937.293 0.103
1486802.668 0.101
1500666.565 0.099
1514528.968 0.097
1528389.866 0.096
1542249.243 0.094
1556107.086 0.092
1569963.381 0.091
1583818.115 0.089
1597671.273 0.088
1611522.842 0.087
1625372.808 0.085
1639221.157 0.084
1653067.876 0.082
1666912.950 0.081
1680756.367 0.080
1694598.111 0.079
1708438.170 0.077
1722276.530 0.076
1736113.176 0.075
1749948.096 0.074
1763781.275 0.073
1777612.699 0.072
1791442.355 0.071
1805270.230 0.070
1819096.309 0.069
1832920.578 0.068
1846743.024 0.067
1860563.633 0.066
1874382.391 0.065
1888199.286 0.064
1902014.301 0.063
1915827.425 0.062
1929638.644 0.061
1943447.943 0.060
1957255.308 0.060
1971060.727 0.059
1984864.186 0.058
1998665.670 0.057
2012465.166 0.056
2026262.660 0.056
2040058.138 0.055
2053851.588 0.054
2067642.994 0.054
2081432.344 0.053
2095219.624 0.052
2109004.819 0.052
2122787.917 0.051
2136568.903 0.050
2150347.764 0.050
2164124.486 0.049
2177899.055 0.048
2191671.458 0.048
2205441.681 0.047
2219209.710 0.047
2232975.532 0.046
2246739.132 0.046
2260500.498 0.045
2274259.616 0.044
2288016.471 0.044
2301771.050 0.043
2315523.340 0.043
2329273.327 0.042
2343020.996 0.042
2356766.335 0.041
2370509.330 0.041
2384249.967 0.041
2397988.233 0.040
2411724.113 0.040
2425457.594 0.039
2439188.663 0.039
2452917.305 0.038
2466643.507 0.038
2480367.256 0.038
2494088.538 0.037
2507807.339 0.037
2521523.646 0.036
2535237.444 0.036
2548948.720 0.036
2562657.462 0.035
2576363.654 0.035
2590067.283 0.034
2603768.336 0.034
2617466.800 0.034
2631162.659 0.033
2644855.902 0.033
2658546.513 0.033
2672234.481 0.032
2685919.790 0.032
2699602.427 0.032
2713282.380 0.031
2726959.633 0.031
2740634.174 0.031
2754305.989 0.031
2767975.064 0.030
2781641.386 0.030
2795304.941 0.030
2808965.716 0.029
2822623.696 0.029
2836278.869 0.029
2849931.221 0.029
2863580.738 0.028
2877227.406 0.028
2890871.213 0.028
2904512.144 0.028
2918150.186 0.027
2931785.326 0.027
2945417.549 0.027
2959046.842 0.027
2972673.192 0.026
2986296.586 0.026
2999917.009 0.026
3013534.447 0.026
3027148.889 0.025
3040760.319 0.025
3054368.725 0.025
3067974.092 0.025
3081576.408 0.024
3095175.659 0.024
3108771.830 0.024
3122364.910 0.024
3135954.884 0.024
3149541.738 0.023
3163125.460 0.023
3176706.036 0.023
3190283.451 0.023
3203857.694 0.023
3217428.749 0.022
3230996.604 0.022
3244561.246 0.022
3258122.660 0.022
3271680.833 0.022
3285235.752 0.022
3298787.403 0.021
3312335.772 0.021
3325880.848 0.021
3339422.614 0.021
3352961.060 0.021
3366496.170 0.021
3380027.931 0.020
3393556.331 0.020
3407081.354 0.020
3420602.989 0.020
3434121.222 0.020
3447636.038 0.020
3461147.426 0.019
3474655.370 0.019
3488159.858 0.019
3501660.877 0.019
3515158.413 0.019
3528652.452 0.019
3542142.981 0.019
3555629.987 0.018
3569113.456 0.018
3582593.375 0.018
3596069.731 0.018
3609542.509 0.018
3623011.697 0.018
3636477.282 0.018
3649939.249 0.018
3663397.586 0.017
3676852.278 0.017
3690303.314 0.017
3703750.679 0.017
3717194.359 0.017
3730634.342 0.017
3744070.615 0.017
3757503.163 0.017
3770931.974 0.016
3784357.034 0.016
3797778.329 0.016
3811195.847 0.016
3824609.574 0.016
3838019.497 0.016
3851425.602 0.016
3864827.876 0.016
3878226.306 0.016
3891620.878 0.015
3905011.579 0.015
3918398.396 0.015
3931781.315 0.015
3945160.324 0.015
3958535.408 0.015
3971906.555 0.015
3985273.751 0.015
3998636.983 0.015
4011996.237 0.015
4025351.501 0.014
4038702.761 0.014
4052050.004 0.014
4065393.216 0.014
4078732.384 0.014
4092067.495 0.014
4105398.536 0.014
4118725.493 0.014
4132048.354 0.014
4145367.104 0.014
4158681.731 0.014
4171992.221 0.013
4185298.562 0.013
4198600.739 0.013
4211898.740 0.013
4225192.552 0.013
4238482.161 0.013
4251767.554 0.013
4265048.718 0.013
4278325.639 0.013
4291598.305 0.013
4304866.702 0.013
4318130.817 0.013
4331390.636 0.012
4344646.148 0.012
4357897.338 0.012
4371144.193 0.012
4384386.700 0.012
4397624.846 0.012
4410858.617 0.012
4424088.002 0.012
4437312.986 0.012
4450533.555 0.012
4463749.699 0.012
4476961.402 0.012
4490168.651 0.012
4503371.435 0.012
4516569.739 0.011
4529763.550 0.011
4542952.856 0.011
4556137.643 0.011
4569317.898 0.011
4582493.608 0.011
4595664.760 0.011
4608831.340 0.011
4621993.336 0.011
4635150.735 0.011
4648303.523 0.011
4661451.688 0.011
4674595.216 0.011
4687734.094 0.011
4700868.309 0.011
4713997.848 0.011
4727122.699 0.010
4740242.847 0.010
4753358.280 0.010
4766468.985 0.010
4779574.949 0.010
4792676.159 0.010
4805772.601 0.010
4818864.264 0.010
4831951.133 0.010
4845033.195 0.010
4858110.439 0.010
4871182.850 0.010
4884250.415 0.010
4897313.123 0.010
4910370.959 0.010
4923423.911 0.010
4936471.965 0.010
4949515.109 0.010
4962553.330 0.010
4975586.615 0.009
4988614.950 0.009
5001638.324 0.009
5014656.722 0.009
5027670.132 0.009
5040678.542 0.009
5053681.937 0.009
5066680.306 0.009
5079673.634 0.009
5092661.910 0.009
5105645.121 0.009
5118623.253 0.009
5131596.293 0.009
5144564.229 0.009
5157527.048 0.009
5170484.736 0.009
5183437.282 0.009
5196384.671 0.009
5209326.892 0.009
5222263.931 0.009
5235195.776 0.009
5248122.413 0.009
5261043.830 0.008
5273960.013 0.008
5286870.951 0.008
5299776.630 0.008
5312677.037 0.008
5325572.160 0.008
5338461.986 0.008
0.0 0.0 0.0
0.0 0.0 0.0
0.0 0.0 0.0
0.0 0.0 0.0
0.0 0.0 0.0
0.0 0.0 0.0
0.0 0.0 0.0
0.0 0.0 0.0
0.0 0.0 0.0
0.0 0.0 0.0
0.0 0.0 0.0
0.0 0.0 0.0
0.0 0.0 0.0
0.0 0.0 0.0
0.0 0.0 0.0
0.0 0.0 0.0
0.0 0.0 0.0
0.0 0.0 0.0
0.0 0.0 0.0
0.0 0.0 0.0
0.0 0.0 0.0
0.0 0.0 0.0
0.0 0.0 0.0
0.0 0.0 0.0
0.0 0.0 0.0
0.0 0.0 0.0
0.0 0.0 0.0
0.0 0.0 0.0
0.0 0.0 0.0
0.0 0.0 0.0
0.0 0.0 0.0
0.0 0.0 0.0
0.0 0.0 0.0
0.0 0.0 0.0
0.0 0.0 0.0
0.0 0.0 0.0
0.0 0.0 0.0
0.0 0.0 0.0
0.0 0.0 0.0
0.0 0.0 0.0
0.0 0.0 0.0
0.0 0.0 0.0
0.0 0.0 0.0
0.0 0.0 0.0
0.0 0.0 0.0
0.0 0.0 0.0
0.0 0.0 0.0
0.0 0.0 0.0
0.0 0.0 0.0
0.0 0.0 0.0
0.0 0.0 0.0
0.0 0.0 0.0
0.0 0.0 0.0
0.0 0.0 0.0
0.0 0.0 0.0
0.0 0.0 0.0
0.0 0.0 0.0
0.0 0.0 0.0
0.0 0.0 0.0
0.0 0.0 0.0
0.0 0.0 0.0
0.0 0.0 0.0
0.0 0.0 0.0
0.0 0.0 0.0
0.0 0.0 0.0
0.0 0.0 0.0
0.0 0.0 0.0
0.0 0.0 0.0
0.0 0.0 0.0
0.0 0.0 0.0
0.0 0.0 0.0
0.0 0.0 0.0
0.0 0.0 0.0
0.0 0.0 0.0
0.0 0.0 0.0
0.0 0.0 0.0
0.0 0.0 0.0
0.0 0.0 0.0
0.0 0.0 0.0
0.0 0.0 0.0
0.0 0.0 0.0
0.0 0.0 0.0
0.0 0.0 0.0
0.0 0.0 0.0
0.0 0.0 0.0
0.0 0.0 0.0
0.0 0.0 0.0
0.0 0.0 0.0
0.0 0.0 0.0
0.0 0.0 0.0
0.0 0.0 0.0
0.0 0.0 0.0
0.0 0.0 0.0
0.0 0.0 0.0
0.0 0.0 0.0
0.0 0.0 0.0
0.0 0.0 0.0
0.0 0.0 0.0
0.0 0.0 0.0
0.0 0.0 0.0
0.0 0.0 0.0
0.0 0.0 0.0
0.0 0.0 0.0
0.0 0.0 0.0
0.0 0.0 0.0
0.0 0.0 0.0
0.0 0.0 0.0
0.0 0.0 0.0
0.0 0.0 0.0
0.0 0.0 0.0
0.0 0.0 0.0
0.0 0.0 0.0
0.0 0.0 0.0
0.0 0.0 0.0
0.0 0.0 0.0
0.0 0.0 0.0
0.0 0.0 0.0
0.0 0.0 0.0
0.0 0.0 0.0
0.0 0.0 0.0
0.0 0.0 0.0
0.0 0.0 0.0
0.0 0.0 0.0
0.0 0.0 0.0
0.0 0.0 0.0
0.0 0.0 0.0
0.0 0.0 0.0
0.0 0.0 0.0
0.0 0.0 0.0
0.0 0.0 0.0
0.0 0.0 0.0
0.0 0.0 0.0
0.0 0.0 0.0
0.0 0.0 0.0
0.0 0.0 0.0
0.0 0.0 0.0
0.0 0.0 0.0
0.0 0.0 0.0
0.0 0.0 0.0
0.0 0.0 0.0
0.0 0.0 0.0
0.0 0.0 0.0
0.0 0.0 0.0
0.0 0.0 0.0
0.0 0.0 0.0
0.0 0.0 0.0
0.0 0.0 0.0
0.0 0.0 0.0
0.0 0.0 0.0
0.0 0.0 0.0
0.0 0.0 0.0
0.0 0.0 0.0
0.0 0.0 0.0
0.0 0.0 0.0
0.0 0.0 0.0
0.0 0.0 0.0
0.0 0.0 0.0
0.0 0.0 0.0
0.0 0.0 0.0
0.0 0.0 0.0
0.0 0.0 0.0
0.0 0.0 0.0
0.0 0.0 0.0
0.0 0.0 0.0
0.0 0.0 0.0
0.0 0.0 0.0
0.0 0.0 0.0
0.0 0.0 0.0
5344160.057 0.008
5336359.466 0.008
5328553.567 0.008
5320742.367 0.008
5312925.875 0.008
5305104.098 0.008
5297277.043 0.008
5289444.720 0.008
5281607.135 0.008
5273764.296 0.008
5265916.211 0.008
5258062.888 0.008
5250204.335 0.009
5242340.559 0.009
5234471.569 0.009
5226597.371 0.009
5218717.975 0.009
5210833.388 0.009
5202943.617 0.009
5195048.671 0.009
5187148.557 0.009
5179243.283 0.009
5171332.857 0.009
5163417.288 0.009
5155496.582 0.009
5147570.747 0.009
5139639.793 0.009
5131703.726 0.009
5123762.554 0.009
5115816.285 0.009
5107864.928 0.009
5099908.490 0.009
5091946.978 0.009
5083980.402 0.009
5076008.768 0.009
5068032.085 0.009
5060050.361 0.009
5052063.603 0.009
5044071.821 0.009
5036075.020 0.009
5028073.210 0.009
5020066.398 0.009
5012054.593 0.009
5004037.802 0.009
4996016.034 0.009
4987989.296 0.009
4979957.596 0.009
4971920.942 0.009
4963879.343 0.010
4955832.806 0.010
4947781.339 0.010
4939724.951 0.010
4931663.648 0.010
4923597.441 0.010
4915526.335 0.010
4907450.340 0.010
4899369.463 0.010
4891283.713 0.010
4883193.097 0.010
4875097.623 0.010
4866997.301 0.010
4858892.137 0.010
4850782.139 0.010
4842667.316 0.010
4834547.677 0.010
4826423.228 0.010
4818293.978 0.010
4810159.935 0.010
4802021.107 0.010
4793877.503 0.010
4785729.130 0.010
4777575.996 0.010
4769418.110 0.010
4761255.479 0.010
4753088.113 0.010
4744916.018 0.010
4736739.204 0.010
4728557.677 0.010
4720371.447 0.011
4712180.521 0.011
4703984.908 0.011
4695784.616 0.011
4687579.653 0.011
4679370.026 0.011
4671155.745 0.011
4662936.818 0.011
4654713.252 0.011
4646485.056 0.011
4638252.237 0.011
4630014.805 0.011
4621772.767 0.011
4613526.132 0.011
4605274.907 0.011
4597019.102 0.011
4588758.723 0.011
4580493.780 0.011
4572224.281 0.011
4563950.233 0.011
4555671.645 0.011
4547388.526 0.011
4539100.883 0.011
4530808.725 0.011
4522512.060 0.011
4514210.896 0.011
4505905.242 0.012
4497595.105 0.012
4489280.495 0.012
4480961.418 0.012
4472637.885 0.012
4464309.902 0.012
4455977.478 0.012
4447640.622 0.012
4439299.342 0.012
4430953.645 0.012
4422603.541 0.012
4414249.038 0.012
4405890.143 0.012
4397526.866 0.012
4389159.214 0.012
4380787.196 0.012
4372410.820 0.012
4364030.095 0.012
4355645.029 0.012
4347255.630 0.012
4338861.907 0.012
4330463.867 0.012
4322061.520 0.013
4313654.873 0.013
4305243.935 0.013
4296828.715 0.013
4288409.221 0.013
4279985.460 0.013
4271557.442 0.013
4263125.175 0.013
4254688.667 0.013
4246247.927 0.013
4237802.963 0.013
4229353.783 0.013
4220900.396 0.013
4212442.810 0.013
4203981.034 0.013
4195515.076 0.013
4187044.944 0.013
4178570.648 0.013
4170092.195 0.013
4161609.593 0.014
4153122.852 0.014
4144631.979 0.014
4136136.984 0.014
4127637.874 0.014
4119134.658 0.014
4110627.344 0.014
4102115.942 0.014
4093600.458 0.014
4085080.903 0.014
4076557.284 0.014
4068029.610 0.014
4059497.889 0.014
4050962.130 0.014
4042422.341 0.014
4033878.531 0.014
4025330.708 0.014
4016778.881 0.014
4008223.058 0.015
3999663.248 0.015
3991099.459 0.015
3982531.700 0.015
3973959.979 0.015
3965384.306 0.015
3956804.687 0.015
3948221.133 0.015
3939633.651 0.015
3931042.249 0.015
3922446.938 0.015
3913847.725 0.015
3905244.618 0.015
3896637.626 0.015
3888026.758 0.015
3879412.023 0.016
3870793.428 0.016
3862170.983 0.016
3853544.696 0.016
3844914.575 0.016
3836280.630 0.016
3827642.869 0.016
3819001.300 0.016
3810355.931 0.016
3801706.773 0.016
3793053.833 0.016
3784397.119 0.016
3775736.641 0.016
3767072.407 0.016
3758404.425 0.017
3749732.705 0.017
3741057.254 0.017
3732378.082 0.017
3723695.198 0.017
3715008.609 0.017
3706318.324 0.017
3697624.352 0.017
3688926.703 0.017
3680225.383 0.017
3671520.403 0.017
3662811.770 0.017
3654099.493 0.017
3645383.582 0.018
3636664.044 0.018
3627940.889 0.018
3619214.124 0.018
3610483.760 0.018
3601749.803 0.018
3593012.264 0.018
3584271.150 0.018
3575526.471 0.018
3566778.235 0.018
3558026.451 0.018
3549271.128 0.019
3540512.273 0.019
3531749.897 0.019
3522984.007 0.019
3514214.613 0.019
3505441.723 0.019
3496665.346 0.019
3487885.490 0.019
3479102.165 0.019
3470315.379 0.019
3461525.140 0.019
3452731.458 0.020
3443934.342 0.020
3435133.799 0.020
3426329.839 0.020
3417522.471 0.020
3408711.703 0.020
3399897.544 0.020
3391080.003 0.020
3382259.089 0.020
3373434.810 0.020
3364607.175 0.021
3355776.193 0.021
3346941.873 0.021
3338104.223 0.021
3329263.252 0.021
3320418.970 0.021
3311571.385 0.021
3302720.505 0.021
3293866.340 0.021
3285008.898 0.022
3276148.188 0.022
3267284.219 0.022
3258417.000 0.022
3249546.539 0.022
3240672.846 0.022
3231795.929 0.022
3222915.797 0.022
3214032.459 0.023
3205145.924 0.023
3196256.200 0.023
3187363.296 0.023
3178467.222 0.023
3169567.986 0.023
3160665.597 0.023
3151760.064 0.023
3142851.395 0.024
3133939.600 0.024
3125024.687 0.024
3116106.665 0.024
3107185.544 0.024
3098261.331 0.024
3089334.037 0.024
3080403.669 0.024
3071470.236 0.025
3062533.749 0.025
3053594.214 0.025
3044651.642 0.025
3035706.041 0.025
3026757.421 0.025
3017805.789 0.026
3008851.155 0.026
2999893.528 0.026
2990932.916 0.026
2981969.330 0.026
2973002.776 0.026
2964033.266 0.026
2955060.806 0.027
2946085.407 0.027
2937107.077 0.027
2928125.826 0.027
2919141.661 0.027
2910154.592 0.027
2901164.629 0.028
2892171.779 0.028
2883176.052 0.028
2874177.457 0.028
2865176.003 0.028
2856171.698 0.028
2847164.553 0.029
2838154.574 0.029
2829141.773 0.029
2820126.156 0.029
2811107.735 0.029
2802086.517 0.030
2793062.511 0.030
2784035.727 0.030
2775006.173 0.030
2765973.859 0.030
2756938.793 0.030
2747900.984 0.031
2738860.442 0.031
2729817.175 0.031
2720771.192 0.031
2711722.503 0.031
2702671.116 0.032
2693617.041 0.032
2684560.285 0.032
2675500.860 0.032
2666438.772 0.033
2657374.032 0.033
2648306.649 0.033
2639236.630 0.033
2630163.987 0.033
2621088.727 0.034
2612010.859 0.034
2602930.393 0.034
2593847.337 0.034
2584761.701 0.035
2575673.493 0.035
2566582.724 0.035
2557489.401 0.035
2548393.533 0.036
2539295.131 0.036
2530194.202 0.036
2521090.757 0.036
2511984.803 0.037
2502876.350 0.037
2493765.408 0.037
2484651.984 0.037
2475536.089 0.038
2466417.731 0.038
2457296.920 0.038
2448173.664 0.038
2439047.972 0.039
2429919.854 0.039
2420789.319 0.039
2411656.375 0.040
2402521.032 0.040
2393383.299 0.040
2384243.185 0.041
2375100.700 0.041
2365955.851 0.041
2356808.649 0.041
2347659.102 0.042
2338507.219 0.042
2329353.010 0.042
2320196.484 0.043
2311037.650 0.043
2301876.516 0.043
2292713.093 0.044
2283547.389 0.044
2274379.413 0.044
2265209.174 0.045
2256036.682 0.045
2246861.946 0.046
2237684.974 0.046
2228505.776 0.046
2219324.361 0.047
2210140.738 0.047
2200954.917 0.047
2191766.906 0.048
2182576.715 0.048
2173384.352 0.049
2164189.827 0.049
2154993.149 0.049
2145794.327 0.050
2136593.371 0.050
2127390.289 0.051
2118185.090 0.051
2108977.785 0.052
2099768.381 0.052
2090556.888 0.052
2081343.316 0.053
2072127.673 0.053
2062909.968 0.054
2053690.212 0.054
2044468.412 0.055
2035244.578 0.055
2026018.719 0.056
2016790.845 0.056
2007560.965 0.057
1998329.087 0.057
1989095.222 0.058
1979859.377 0.058
1970621.563 0.059
1961381.788 0.059
1952140.062 0.060
1942896.394 0.060
1933650.794 0.061
1924403.269 0.062
1915153.830 0.062
1905902.486 0.063
1896649.245 0.063
1887394.118 0.064
1878137.113 0.064
1868878.240 0.065
1859617.507 0.066
1850354.925 0.066
1841090.501 0.067
1831824.246 0.068
1822556.169 0.068
1813286.278 0.069
1804014.583 0.070
1794741.094 0.070
1785465.819 0.071
1776188.768 0.072
1766909.950 0.073
1757629.374 0.073
1748347.050 0.074
1739062.986 0.075
1729777.192 0.076
1720489.677 0.076
1711200.451 0.077
1701909.522 0.078
1692616.900 0.079
1683322.594 0.080
1674026.613 0.080
1664728.967 0.081
1655429.665 0.082
1646128.716 0.083
1636826.129 0.084
1627521.914 0.085
1618216.080 0.086
1608908.635 0.087
1599599.591 0.088
1590288.954 0.089
1580976.736 0.090
1571662.945 0.091
1562347.590 0.092
1553030.681 0.093
1543712.227 0.094
1534392.237 0.095
1525070.720 0.096
1515747.687 0.097
1506423.145 0.098
1497097.105 0.100
1487769.575 0.101
1478440.565 0.102
1469110.084 0.103
1459778.142 0.104
1450444.748 0.106
1441109.910 0.107
1431773.639 0.108
1422435.943 0.110
1413096.832 0.111
1403756.316 0.112
1394414.402 0.114
1385071.102 0.115
1375726.423 0.117
1366380.376 0.118
1357032.970 0.120
1347684.213 0.121
1338334.116 0.123
1328982.687 0.125
1319629.936 0.126
1310275.872 0.128
1300920.505 0.130
1291563.843 0.131
1282205.897 0.133
1272846.674 0.135
1263486.186 0.137
1254124.440 0.139
1244761.447 0.141
1235397.215 0.143
1226031.755 0.145
1216665.074 0.147
1207297.183 0.149
1197928.091 0.151
1188557.807 0.153
1179186.341 0.155
1169813.702 0.158
1160439.899 0.160
1151064.941 0.162
1141688.838 0.165
1132311.599 0.167
1122933.234 0.170
1113553.751 0.172
1104173.161 0.175
1094791.472 0.178
1085408.694 0.181
1076024.836 0.183
1066639.908 0.186
1057253.918 0.189
1047866.877 0.192
1038478.793 0.195
1029089.676 0.199
1019699.535 0.202
1010308.380 0.205
1000916.219 0.209
991523.063 0.212
982128.920 0.216
972733.800 0.219
963337.712 0.223
953940.666 0.227
944542.671 0.231
935143.736 0.235
925743.871 0.239
916343.085 0.243
906941.387 0.248
897538.786 0.252
888135.293 0.257
878730.916 0.261
869325.665 0.266
859919.549 0.271
850512.578 0.276
841104.760 0.282
831696.106 0.287
822286.624 0.292
812876.324 0.298
803465.215 0.304
794053.307 0.310
784640.609 0.316
775227.130 0.322
765812.880 0.329
756397.869 0.335
746982.104 0.342
737565.597 0.349
728148.355 0.356
718730.389 0.363
709311.708 0.371
699892.322 0.379
690472.239 0.387
681051.469 0.395
671630.022 0.403
662207.906 0.412
652785.131 0.421
643361.707 0.430
633937.643 0.440
624512.949 0.449
615087.633 0.459
605661.704 0.469
596235.174 0.480
586808.050 0.491
577380.342 0.502
567952.060 0.513
558523.213 0.525
549093.810 0.537
539663.861 0.549
530233.375 0.561
520802.362 0.574
511370.830 0.587
501938.789 0.600
492506.250 0.614
483073.220 0.628
473639.709 0.642
464205.727 0.657
454771.284 0.671
445336.388 0.686
435901.049 0.702
426465.276 0.717
417029.079 0.732
407592.467 0.748
398155.449 0.764
388718.036 0.779
379280.235 0.795
369842.058 0.811
360403.512 0.826
350964.608 0.841
341525.354 0.856
332085.761 0.871
322645.837 0.885
313205.593 0.899
303765.036 0.912
294324.178 0.924
284883.026 0.936
275441.592 0.946
265999.883 0.956
256557.909 0.965
247115.681 0.972
237673.206 0.979
228230.495 0.984
218787.557 0.989
209344.401 0.992
199901.037 0.995
190457.474 0.997
181013.722 0.998
171569.789 0.999
162125.686 0.999
152681.421 1.000
143237.005 1.000
133792.446 1.000
124347.754 1.000
114902.938 1.000
105458.008 1.000
96012.973 1.000
86567.842 1.000
77122.626 1.000
67677.332 1.000
58231.971 1.000
48786.553 1.000
39341.085 1.000
29895.579 1.000
20450.043 1.000
11004.486 1.000
1558.919 1.000
7886.650 1.000
17332.211 1.000
26777.755 1.000
36223.272 1.000
45668.753 1.000
55114.189 1.000
64559.570 1.000
74004.887 1.000
83450.130 1.000
92895.290 1.000
102340.358 1.000
111785.323 1.000
121230.178 1.000
130674.912 1.000
140119.516 1.000
149563.980 1.000
159008.296 1.000
168452.454 0.999
177896.444 0.998
187340.256 0.997
196783.883 0.996
206227.314 0.993
215670.539 0.990
225113.550 0.986
234556.337 0.981
243998.891 0.974
253441.202 0.967
262883.260 0.959
272325.057 0.949
281766.584 0.939
291207.829 0.928
300648.786 0.916
310089.443 0.903
319529.791 0.890
328969.822 0.876
338409.525 0.861
347848.891 0.846
357287.912 0.831
366726.577 0.816
376164.877 0.800
385602.802 0.785
395040.345 0.769
404477.494 0.753
413914.240 0.738
423350.575 0.722
432786.489 0.707
442221.972 0.691
451657.015 0.676
461091.608 0.662
470525.743 0.647
479959.410 0.633
489392.599 0.619
498825.301 0.605
508257.507 0.591
517689.207 0.578
527120.392 0.565
536551.053 0.553
545981.180 0.541
555410.763 0.529
564839.794 0.517
574268.263 0.505
583696.161 0.494
593123.478 0.483
602550.204 0.473
611976.331 0.463
621401.850 0.453
630826.750 0.443
640251.022 0.433
649674.657 0.424
659097.646 0.415
668519.979 0.406
677941.647 0.398
687362.640 0.389
696782.950 0.381
706202.566 0.374
715621.480 0.366
725039.681 0.359
734457.161 0.351
743873.911 0.344
753289.920 0.337
762705.179 0.331
772119.680 0.324
781533.413 0.318
790946.368 0.312
800358.536 0.306
809769.907 0.300
819180.473 0.294
828590.224 0.289
837999.151 0.283
847407.243 0.278
856814.493 0.273
866220.890 0.268
875626.425 0.263
885031.089 0.258
894434.872 0.254
903837.765 0.249
913239.759 0.245
922640.845 0.240
932041.012 0.236
941440.252 0.232
950838.555 0.228
960235.912 0.224
969632.314 0.221
979027.751 0.217
988422.214 0.213
997815.693 0.210
1007208.180 0.206
1016599.664 0.203
1025990.137 0.200
1035379.589 0.196
1044768.011 0.193
1054155.393 0.190
1063541.726 0.187
1072927.001 0.184
1082311.209 0.181
1091694.340 0.179
1101076.384 0.176
1110457.333 0.173
1119837.177 0.171
1129215.907 0.168
1138593.513 0.166
1147969.986 0.163
1157345.317 0.161
1166719.497 0.158
1176092.515 0.156
1185464.364 0.154
1194835.032 0.152
1204204.512 0.149
1213572.794 0.147
1222939.868 0.145
1232305.726 0.143
1241670.357 0.141
1251033.753 0.139
1260395.904 0.137
1269756.801 0.136
1279116.434 0.134
1288474.795 0.132
1297831.874 0.130
1307187.661 0.128
1316542.148 0.127
1325895.324 0.125
1335247.182 0.123
1344597.711 0.122
1353946.902 0.120
1363294.745 0.119
1372641.233 0.117
1381986.354 0.116
1391330.100 0.114
1400672.462 0.113
1410013.431 0.111
1419352.996 0.110
1428691.149 0.109
1438027.880 0.107
1447363.181 0.106
1456697.041 0.105
1466029.452 0.104
1475360.404 0.102
1484689.889 0.101
1494017.896 0.100
1503344.416 0.099
1512669.440 0.098
1521992.960 0.096
1531314.965 0.095
1540635.446 0.094
1549954.394 0.093
1559271.800 0.092
1568587.655 0.091
1577901.948 0.090
1587214.672 0.089
1596525.816 0.088
1605835.372 0.087
1615143.330 0.086
1624449.681 0.085
1633754.415 0.084
1643057.524 0.083
1652358.998 0.082
1661658.827 0.082
1670957.004 0.081
1680253.517 0.080
1689548.359 0.079
1698841.519 0.078
1708132.990 0.077
1717422.760 0.077
1726710.822 0.076
1735997.165 0.075
1745281.781 0.074
1754564.661 0.074
5329899.860 0.008
5318915.495 0.008
5307925.838 0.008
5296930.898 0.008
5285930.689 0.008
5274925.219 0.008
5263914.501 0.008
5252898.545 0.008
5241877.362 0.009
5230850.963 0.009
5219819.360 0.009
5208782.562 0.009
5197740.581 0.009
5186693.429 0.009
5175641.115 0.009
5164583.652 0.009
5153521.049 0.009
5142453.318 0.009
5131380.471 0.009
5120302.517 0.009
5109219.469 0.009
5098131.336 0.009
5087038.131 0.009
5075939.864 0.009
5064836.546 0.009
5053728.188 0.009
5042614.801 0.009
5031496.397 0.009
5020372.986 0.009
5009244.580 0.009
4998111.189 0.009
4986972.825 0.009
4975829.498 0.009
4964681.221 0.010
4953528.003 0.010
4942369.856 0.010
4931206.791 0.010
4920038.819 0.010
4908865.952 0.010
4897688.199 0.010
4886505.574 0.010
4875318.086 0.010
4864125.747 0.010
4852928.567 0.010
4841726.559 0.010
4830519.733 0.010
4819308.100 0.010
4808091.672 0.010
4796870.459 0.010
4785644.473 0.010
4774413.725 0.010
4763178.227 0.010
4751937.988 0.010
4740693.021 0.010
4729443.337 0.010
4718188.947 0.011
4706929.861 0.011
4695666.092 0.011
4684397.651 0.011
4673124.548 0.011
4661846.795 0.011
4650564.403 0.011
4639277.383 0.011
4627985.748 0.011
4616689.506 0.011
4605388.671 0.011
4594083.254 0.011
4582773.264 0.011
4571458.715 0.011
4560139.617 0.011
4548815.980 0.011
4537487.818 0.011
4526155.140 0.011
4514817.959 0.011
4503476.284 0.012
4492130.129 0.012
4480779.503 0.012
4469424.419 0.012
4458064.887 0.012
4446700.920 0.012
4435332.527 0.012
4423959.721 0.012
4412582.512 0.012
4401200.913 0.012
4389814.934 0.012
4378424.587 0.012
4367029.883 0.012
4355630.833 0.012
4344227.449 0.012
4332819.742 0.012
4321407.724 0.013
4309991.406 0.013
4298570.798 0.013
4287145.913 0.013
4275716.763 0.013
4264283.357 0.013
4252845.708 0.013
4241403.827 0.013
4229957.725 0.013
4218507.415 0.013
4207052.906 0.013
4195594.211 0.013
4184131.341 0.013
4172664.307 0.013
4161193.121 0.014
4149717.795 0.014
4138238.339 0.014
4126754.765 0.014
4115267.084 0.014
4103775.308 0.014
4092279.449 0.014
4080779.518 0.014
4069275.525 0.014
4057767.484 0.014
4046255.404 0.014
4034739.298 0.014
4023219.177 0.014
4011695.052 0.015
4000166.936 0.015
3988634.839 0.015
3977098.772 0.015
3965558.748 0.015
3954014.778 0.015
3942466.873 0.015
3930915.045 0.015
3919359.306 0.015
3907799.666 0.015
3896236.137 0.015
3884668.732 0.015
3873097.460 0.016
3861522.334 0.016
3849943.366 0.016
3838360.567 0.016
3826773.948 0.016
3815183.521 0.016
3803589.297 0.016
3791991.289 0.016
3780389.506 0.016
3768783.962 0.016
3757174.668 0.017
3745561.635 0.017
3733944.874 0.017
3722324.398 0.017
3710700.217 0.017
3699072.344 0.017
3687440.790 0.017
3675805.567 0.017
3664166.685 0.017
3652524.158 0.017
3640877.995 0.018
3629228.210 0.018
3617574.813 0.018
3605917.816 0.018
3594257.230 0.018
3582593.068 0.018
3570925.341 0.018
3559254.060 0.018
3547579.238 0.019
3535900.885 0.019
3524219.013 0.019
3512533.634 0.019
3500844.760 0.019
3489152.402 0.019
3477456.572 0.019
3465757.281 0.019
3454054.542 0.020
3442348.365 0.020
3430638.763 0.020
3418925.746 0.020
3407209.328 0.020
3395489.518 0.020
3383766.330 0.020
3372039.775 0.020
3360309.863 0.021
3348576.608 0.021
3336840.021 0.021
3325100.113 0.021
3313356.896 0.021
3301610.381 0.021
3289860.581 0.022
3278107.508 0.022
3266351.172 0.022
3254591.585 0.022
3242828.760 0.022
3231062.708 0.022
3219293.440 0.022
3207520.969 0.023
3195745.305 0.023
3183966.462 0.023
3172184.450 0.023
3160399.281 0.023
3148610.967 0.023
3136819.520 0.024
3125024.951 0.024
3113227.272 0.024
3101426.495 0.024
3089622.632 0.024
3077815.694 0.025
3066005.693 0.025
3054192.641 0.025
3042376.550 0.025
3030557.431 0.025
3018735.296 0.025
3006910.157 0.026
2995082.025 0.026
2983250.914 0.026
2971416.833 0.026
2959579.795 0.027
2947739.812 0.027
2935896.896 0.027
2924051.057 0.027
2912202.309 0.027
2900350.663 0.028
2888496.131 0.028
2876638.724 0.028
2864778.454 0.028
2852915.333 0.028
2841049.373 0.029
2829180.586 0.029
2817308.984 0.029
2805434.577 0.029
2793557.379 0.030
2781677.401 0.030
2769794.654 0.030
2757909.151 0.030
2746020.904 0.031
2734129.924 0.031
2722236.223 0.031
2710339.812 0.032
2698440.705 0.032
2686538.912 0.032
2674634.445 0.032
2662727.317 0.033
2650817.539 0.033
2638905.123 0.033
2626990.081 0.034
2615072.424 0.034
2603152.165 0.034
2591229.315 0.034
2579303.887 0.035
2567375.891 0.035
2555445.341 0.035
2543512.248 0.036
2531576.623 0.036
2519638.479 0.036
2507697.827 0.037
2495754.680 0.037
2483809.049 0.037
2471860.946 0.038
2459910.384 0.038
2447957.373 0.039
2436001.926 0.039
2424044.055 0.039
2412083.771 0.040
2400121.087 0.040
2388156.015 0.040
2376188.565 0.041
2364218.751 0.041
2352246.584 0.042
2340272.076 0.042
2328295.239 0.042
2316316.086 0.043
2304334.626 0.043
2292350.874 0.044
2280364.840 0.044
2268376.537 0.045
2256385.976 0.045
2244393.170 0.046
2232398.131 0.046
2220400.869 0.047
2208401.398 0.047
2196399.729 0.048
2184395.874 0.048
2172389.845 0.049
2160381.655 0.049
2148371.314 0.050
2136358.835 0.050
2124344.230 0.051
2112327.511 0.051
2100308.690 0.052
2088287.779 0.053
2076264.789 0.053
2064239.733 0.054
2052212.622 0.054
2040183.470 0.055
2028152.286 0.056
2016119.085 0.056
2004083.877 0.057
1992046.674 0.058
1980007.489 0.058
1967966.334 0.059
1955923.220 0.060
1943878.159 0.060
1931831.164 0.061
1919782.246 0.062
1907731.417 0.063
1895678.690 0.063
1883624.077 0.064
1871567.589 0.065
1859509.238 0.066
1847449.036 0.067
1835386.996 0.067
1823323.130 0.068
1811257.448 0.069
1799189.965 0.070
1787120.690 0.071
1775049.637 0.072
1762976.818 0.073
1750902.243 0.074
1738825.927 0.075
1726747.880 0.076
1714668.114 0.077
1702586.642 0.078
1690503.475 0.079
1678418.626 0.080
1666332.107 0.081
1654243.929 0.082
1642154.105 0.083
1630062.646 0.085
1617969.565 0.086
1605874.874 0.087
1593778.585 0.088
1581680.710 0.090
1569581.260 0.091
1557480.248 0.092
1545377.687 0.094
1533273.587 0.095
1521167.961 0.097
1509060.822 0.098
1496952.180 0.100
1484842.049 0.101
1472730.440 0.103
1460617.365 0.104
1448502.837 0.106
1436386.867 0.108
1424269.467 0.109
1412150.650 0.111
1400030.428 0.113
1387908.812 0.115
1375785.815 0.117
1363661.449 0.119
1351535.725 0.121
1339408.656 0.123
1327280.255 0.125
1315150.532 0.127
1303019.501 0.129
1290887.172 0.131
1278753.559 0.134
1266618.673 0.136
1254482.527 0.139
1242345.132 0.141
1230206.501 0.144
1218066.645 0.146
1205925.577 0.149
1193783.309 0.152
1181639.853 0.155
1169495.220 0.158
1157349.424 0.161
1145202.476 0.164
1133054.388 0.167
1120905.172 0.170
1108754.841 0.174
1096603.407 0.177
1084450.881 0.181
1072297.275 0.184
1060142.603 0.188
1047986.875 0.192
1035830.104 0.196
1023672.303 0.200
1011513.482 0.205
999353.655 0.209
987192.834 0.214
975031.029 0.218
962868.255 0.223
950704.522 0.228
938539.843 0.233
926374.229 0.239
914207.694 0.244
902040.249 0.250
889871.906 0.256
877702.677 0.262
865532.575 0.268
853361.612 0.275
841189.799 0.281
829017.149 0.288
816843.674 0.296
804669.386 0.303
792494.297 0.311
780318.419 0.319
768141.764 0.327
755964.345 0.335
743786.174 0.344
731607.263 0.353
719427.623 0.363
707247.267 0.373
695066.208 0.383
682884.456 0.393
670702.025 0.404
658518.927 0.416
646335.173 0.427
634150.775 0.439
621965.747 0.452
609780.099 0.465
597593.845 0.478
585406.996 0.492
573219.564 0.507
561031.562 0.521
548843.001 0.537
536653.894 0.553
524464.253 0.569
512274.090 0.586
500083.417 0.603
487892.246 0.621
475700.590 0.639
463508.460 0.658
451315.869 0.677
439122.829 0.696
426929.352 0.716
414735.450 0.736
402541.135 0.756
390346.419 0.777
378151.315 0.797
365955.834 0.817
353759.990 0.837
341563.793 0.856
329367.256 0.875
317170.392 0.893
304973.211 0.910
292775.727 0.926
280577.952 0.941
268379.898 0.954
256181.576 0.965
243983.000 0.974
231784.180 0.982
219585.130 0.988
207385.861 0.993
195186.386 0.996
182986.717 0.998
170786.866 0.999
158586.844 1.000
146386.665 1.000
134186.340 1.000
121985.881 1.000
109785.302 1.000
97584.612 1.000
85383.826 1.000
73182.955 1.000
60982.010 1.000
48781.006 1.000
36579.952 1.000
24378.862 1.000
12177.748 1.000
23.378 1.000
12224.504 1.000
24425.618 1.000
36626.708 1.000
48827.761 1.000
61028.766 1.000
73229.710 1.000
85430.581 1.000
97631.367 1.000
109832.055 1.000
122032.635 1.000
134233.093 1.000
146433.417 1.000
158633.596 1.000
170833.617 0.999
183033.468 0.998
195233.136 0.996
207432.610 0.993
219631.878 0.988
231830.927 0.982
244029.746 0.974
256228.321 0.965
268426.642 0.953
280624.695 0.940
292822.469 0.926
305019.952 0.910
317217.131 0.893
329413.994 0.875
20.031 2106062.162 0.066220718
20.152 2099866.420 0.066343048
20.274 2093675.751 0.066467505
20.396 2087490.209 0.066594096
20.519 2081309.845 0.066722826
20.642 2075134.712 0.066853702
20.766 2068964.864 0.066986729
20.891 2062800.356 0.067121914
21.016 2056641.242 0.067259264
21.142 2050487.577 0.067398786
21.268 2044339.418 0.067540488
21.395 2038196.821 0.067684375
21.522 2032059.844 0.067830457
21.650 2025928.544 0.067978740
21.778 2019802.980 0.068129233
21.907 2013683.210 0.068281943
22.037 2007569.295 0.068436880
22.168 2001461.295 0.068594051
22.298 1995359.271 0.068753465
22.430 1989263.285 0.068915132
22.562 1983173.399 0.069079059
22.695 1977089.676 0.069245257
22.828 1971012.181 0.069413734
22.962 1964940.976 0.069584500
23.097 1958876.129 0.069757565
23.233 1952817.704 0.069932939
23.369 1946765.769 0.070110632
23.505 1940720.390 0.070290653
23.643 1934681.636 0.070473014
23.781 1928649.576 0.070657724
23.919 1922624.279 0.070844795
24.059 1916605.816 0.071034237
24.199 1910594.258 0.071226062
24.339 1904589.678 0.071420279
24.481 1898592.147 0.071616901
24.623 1892601.739 0.071815939
24.766 1886618.530 0.072017404
24.909 1880642.594 0.072221309
25.053 1874674.008 0.072427664
25.198 1868712.848 0.072636481
25.344 1862759.192 0.072847773
25.490 1856813.120 0.073061552
25.638 1850874.710 0.073277830
25.785 1844944.044 0.073496619
25.934 1839021.202 0.073717932
26.084 1833106.268 0.073941782
26.234 1827199.324 0.074168180
26.385 1821300.456 0.074397140
26.536 1815409.747 0.074628674
26.689 1809527.284 0.074862795
26.842 1803653.155 0.075099517
26.996 1797787.447 0.075338853
27.151 1791930.250 0.075580815
27.307 1786081.654 0.075825417
27.463 1780241.751 0.076072671
27.621 1774410.631 0.076322592
27.779 1768588.390 0.076575192
27.938 1762775.121 0.076830486
28.098 1756970.919 0.077088486
28.259 1751175.882 0.077349205
28.420 1745390.106 0.077612658
28.583 1739613.692 0.077878858
28.746 1733846.738 0.078147818
28.910 1728089.346 0.078419552
29.075 1722341.618 0.078694073
29.241 1716603.657 0.078971394
29.408 1710875.568 0.079251530
29.576 1705157.458 0.079534494
29.744 1699449.432 0.079820298
29.914 1693751.599 0.080108956
30.085 1688064.069 0.080400482
30.256 1682386.953 0.080694889
30.428 1676720.362 0.080992189
30.602 1671064.410 0.081292397
30.776 1665419.212 0.081595524
30.951 1659784.883 0.081901584
31.128 1654161.541 0.082210589
31.305 1648549.304 0.082522553
31.483 1642948.293 0.082837486
31.662 1637358.628 0.083155403
31.842 1631780.433 0.083476314
32.024 1626213.832 0.083800233
32.206 1620658.951 0.084127170
32.389 1615115.916 0.084457137
32.574 1609584.856 0.084790146
32.759 1604065.900 0.085126208
32.945 1598559.182 0.085465334
33.133 1593064.833 0.085807534
33.321 1587582.988 0.086152819
33.511 1582113.782 0.086501198
33.702 1576657.355 0.086852683
33.893 1571213.844 0.087207281
34.086 1565783.391 0.087565003
34.280 1560366.137 0.087925857
34.475 1554962.227 0.088289852
34.672 1549571.807 0.088656995
34.869 1544195.023 0.089027294
35.068 1538832.025 0.089400757
35.267 1533482.963 0.089777390
35.468 1528147.988 0.090157199
35.670 1522827.257 0.090540191
35.873 1517520.923 0.090926371
36.078 1512229.145 0.091315743
36.283 1506952.081 0.091708311
36.490 1501689.892 0.092104080
36.698 1496442.742 0.092503053
36.907 1491210.795 0.092905231
37.117 1485994.217 0.093310617
37.329 1480793.177 0.093719212
37.542 1475607.844 0.094131017
37.756 1470438.390 0.094546031
37.971 1465284.990 0.094964252
38.188 1460147.818 0.095385681
38.406 1455027.053 0.095810313
38.625 1449922.874 0.096238145
38.845 1444835.462 0.096669174
39.067 1439765.001 0.097103394
39.290 1434711.676 0.097540800
39.515 1429675.674 0.097981384
39.740 1424657.185 0.098425138
39.967 1419656.400 0.098872053
40.196 1414673.512 0.099322120
40.426 1409708.716 0.099775328
40.657 1404762.211 0.100231664
40.889 1399834.194 0.100691115
41.123 1394924.869 0.101153667
41.358 1390034.437 0.101619304
41.595 1385163.105 0.102088010
41.833 1380311.080 0.102559767
42.072 1375478.572 0.103034554
42.313 1370665.793 0.103512352
42.555 1365872.956 0.103993138
42.799 1361100.278 0.104476889
43.044 1356347.976 0.104963580
43.290 1351616.272 0.105453185
43.538 1346905.386 0.105945675
43.788 1342215.544 0.106441022
44.038 1337546.973 0.106939194
44.291 1332899.900 0.107440158
44.545 1328274.557 0.107943881
44.800 1323671.176 0.108450326
45.056 1319089.993 0.108959455
45.315 1314531.244 0.109471229
45.574 1309995.170 0.109985607
45.835 1305482.010 0.110502545
46.098 1300992.010 0.111021998
46.362 1296525.414 0.111543919
46.628 1292082.471 0.112068259
46.895 1287663.429 0.112594968
47.164 1283268.540 0.113123991
47.434 1278898.060 0.113655274
47.705 1274552.243 0.114188759
47.979 1270231.347 0.114724388
48.253 1265935.632 0.115262098
48.530 1261665.361 0.115801825
48.807 1257420.798 0.116343504
49.087 1253202.207 0.116887066
49.367 1249009.858 0.117432440
49.650 1244844.020 0.117979553
49.933 1240704.964 0.118528329
50.219 1236592.964 0.119078692
50.506 1232508.296 0.119630560
50.794 1228451.237 0.120183850
51.084 1224422.064 0.120738477
51.375 1220421.061 0.121294354
51.668 1216448.507 0.121851389
51.963 1212504.689 0.122409490
52.259 1208589.891 0.122968562
52.556 1204704.400 0.123528505
52.855 1200848.506 0.124089219
53.155 1197022.498 0.124650601
53.457 1193226.669 0.125212545
53.760 1189461.311 0.125774941
54.065 1185726.719 0.126337679
54.371 1182023.190 0.126900643
54.679 1178351.018 0.127463718
54.988 1174710.504 0.128026783
55.298 1171101.946 0.128589717
55.610 1167525.645 0.129152394
55.923 1163981.901 0.129714688
56.237 1160471.018 0.130276467
56.553 1156993.297 0.130837600
56.870 1153549.043 0.131397950
57.189 1150138.561 0.131957380
57.509 1146762.155 0.132515749
57.830 1143420.131 0.133072914
58.152 1140112.795 0.133628730
58.475 1136840.454 0.134183047
58.800 1133603.414 0.134735716
59.126 1130401.982 0.135286584
59.452 1127236.465 0.135835495
59.780 1124107.171 0.136382292
60.109 1121014.405 0.136926815
60.439 1117958.474 0.137468903
60.770 1114939.685 0.138008390
61.102 1111958.344 0.138545112
61.435 1109014.756 0.139078899
61.769 1106109.225 0.139609583
62.103 1103242.055 0.140136991
62.438 1100413.551 0.140660949
62.774 1097624.012 0.141181284
63.111 1094873.742 0.141697818
63.448 1092163.038 0.142210373
63.785 1089492.201 0.142718770
64.123 1086861.525 0.143222829
64.462 1084271.308 0.143722367
64.800 1081721.842 0.144217204
65.139 1079213.418 0.144707154
65.479 1076746.327 0.145192034
65.818 1074320.856 0.145671659
66.157 1071937.291 0.146145844
66.496 1069595.913 0.146614404
66.835 1067297.004 0.147077153
67.173 1065040.841 0.147533905
67.511 1062827.699 0.147984475
67.849 1060657.849 0.148428678
68.186 1058531.560 0.148866329
68.522 1056449.097 0.149297243
68.857 1054410.723 0.149721238
69.191 1052416.696 0.150138131
69.524 1050467.271 0.150547740
69.855 1048562.698 0.150949885
70.185 1046703.225 0.151344389
70.512 1044889.095 0.151731073
70.838 1043120.545 0.152109763
71.162 1041397.811 0.152480285
71.483 1039721.122 0.152842468
71.802 1038090.703 0.153196144
72.118 1036506.774 0.153541146
72.431 1034969.550 0.153877311
72.740 1033479.242 0.154204478
73.045 1032036.054 0.154522489
73.347 1030640.186 0.154831190
73.644 1029291.833 0.155130429
73.936 1027991.182 0.155420060
74.224 1026738.416 0.155699938
74.506 1025533.713 0.155969923
74.782 1024377.242 0.156229880
75.051 1023269.170 0.156479678
75.315 1022209.655 0.156719188
75.570 1021198.848 0.156948288
75.819 1020236.896 0.157166860
76.059 1019323.939 0.157374791
76.290 1018460.109 0.157571973
76.513 1017645.532 0.157758302
76.725 1016880.328 0.157933682
76.927 1016164.608 0.158098018
77.119 1015498.479 0.158251225
77.299 1014882.039 0.158393220
77.467 1014315.379 0.158523928
77.622 1013798.584 0.158643280
77.765 1013331.729 0.158751210
77.894 1012914.885 0.158847661
78.009 1012548.115 0.158932581
78.109 1012231.472 0.159005924
78.194 1011965.005 0.159067650
78.265 1011748.753 0.159117726
78.319 1011582.749 0.159156123
78.358 1011467.017 0.159182822
78.381 1011401.576 0.159197808
78.388 1011386.435 0.159201072
78.378 1011421.597 0.159192613
78.353 1011507.055 0.159172435
78.312 1011642.798 0.159140548
78.254 1011828.805 0.159096970
78.182 1012065.048 0.159041725
78.094 1012351.492 0.158974842
77.991 1012688.094 0.158896357
77.874 1013074.804 0.158806313
77.743 1013511.563 0.158704757
77.599 1013998.307 0.158591745
77.441 1014534.964 0.158467337
77.271 1015121.452 0.158331599
77.089 1015757.687 0.158184603
76.896 1016443.573 0.158026428
76.692 1017179.010 0.157857158
76.478 1017963.889 0.157676881
76.255 1018798.095 0.157485692
76.022 1019681.507 0.157283692
75.781 1020613.995 0.157070985
75.531 1021595.425 0.156847681
75.274 1022625.653 0.156613896
75.010 1023704.533 0.156369750
74.740 1024831.908 0.156115367
74.463 1026007.619 0.155850876
74.180 1027231.497 0.155576410
73.892 1028503.370 0.155292108
73.599 1029823.059 0.154998110
73.301 1031190.378 0.154694561
73.000 1032605.136 0.154381612
72.694 1034067.138 0.154059413
72.384 1035576.182 0.153728121
72.071 1037132.061 0.153387896
71.755 1038734.563 0.153038898
71.436 1040383.470 0.152681292
71.115 1042078.562 0.152315247
70.791 1043819.609 0.151940930
70.465 1045606.383 0.151558516
70.137 1047438.645 0.151168176
69.808 1049316.157 0.150770088
69.476 1051238.674 0.150364429
69.144 1053205.947 0.149951379
68.810 1055217.724 0.149531118
68.475 1057273.748 0.149103827
68.139 1059373.761 0.148669690
67.802 1061517.497 0.148228890
67.465 1063704.692 0.147781613
67.127 1065935.074 0.147328042
66.789 1068208.372 0.146868363
66.451 1070524.308 0.146402762
66.112 1072882.606 0.145931424
65.773 1075282.982 0.145454536
65.434 1077725.154 0.144972281
65.096 1080208.836 0.144484846
64.757 1082733.739 0.143992415
64.419 1085299.573 0.143495171
64.081 1087906.044 0.142993298
63.743 1090552.861 0.142486978
63.406 1093239.725 0.141976392
63.069 1095966.340 0.141461720
62.733 1098732.408 0.140943141
62.398 1101537.627 0.140420832
62.063 1104381.696 0.139894969
61.729 1107264.314 0.139365727
61.396 1110185.176 0.138833278
61.064 1113143.979 0.138297794
60.733 1116140.417 0.137759444
60.402 1119174.185 0.137218394
60.073 1122244.977 0.136674811
59.744 1125352.487 0.136128857
59.417 1128496.407 0.135580693
59.091 1131676.432 0.135030479
58.766 1134892.254 0.134478371
58.442 1138143.566 0.133924523
58.119 1141430.061 0.133369088
57.797 1144751.433 0.132812215
57.477 1148107.376 0.132254050
57.158 1151497.584 0.131694740
56.840 1154921.751 0.131134425
56.524 1158379.572 0.130573245
56.208 1161870.744 0.130011338
55.895 1165394.962 0.129448838
55.582 1168951.924 0.128885876
55.271 1172541.329 0.128322582
54.961 1176162.875 0.127759082
54.653 1179816.262 0.127195500
54.346 1183501.192 0.126631957
54.040 1187217.367 0.126068571
53.736 1190964.490 0.125505458
53.434 1194742.267 0.124942732
53.133 1198550.402 0.124380502
52.833 1202388.605 0.123818876
52.535 1206256.583 0.123257960
52.238 1210154.046 0.122697856
51.943 1214080.708 0.122138664
51.649 1218036.280 0.121580480
51.357 1222020.479 0.121023400
51.066 1226033.020 0.120467515
50.777 1230073.622 0.119912915
50.489 1234142.004 0.119359686
50.203 1238237.890 0.118807913
49.918 1242361.002 0.118257678
49.635 1246511.065 0.117709060
49.353 1250687.807 0.117162136
49.073 1254890.958 0.116616980
48.795 1259120.247 0.116073665
48.518 1263375.408 0.115532261
48.242 1267656.175 0.114992835
47.968 1271962.286 0.114455452
47.695 1276293.480 0.113920175
47.424 1280649.497 0.113387064
47.155 1285030.079 0.112856180
46.887 1289434.973 0.112327577
46.620 1293863.925 0.111801310
46.355 1298316.683 0.111277431
46.092 1302792.999 0.110755991
45.830 1307292.627 0.110237038
45.569 1311815.320 0.109720618
45.310 1316360.838 0.109206775
45.053 1320928.938 0.108695552
44.797 1325519.384 0.108186989
44.542 1330131.938 0.107681126
44.289 1334766.366 0.107177999
44.037 1339422.436 0.106677643
43.787 1344099.918 0.106180093
43.538 1348798.585 0.105685380
43.291 1353518.210 0.105193534
43.045 1358258.571 0.104704585
42.800 1363019.445 0.104218559
42.557 1367800.613 0.103735483
42.316 1372601.858 0.103255380
42.076 1377422.965 0.102778274
41.837 1382263.721 0.102304186
41.599 1387123.915 0.101833136
41.363 1392003.338 0.101365142
41.129 1396901.783 0.100900223
40.895 1401819.045 0.100438395
40.664 1406754.923 0.099979672
40.433 1411709.214 0.099524069
40.204 1416681.721 0.099071598
39.976 1421672.248 0.098622271
39.749 1426680.599 0.098176099
39.524 1431706.582 0.097733090
39.300 1436750.006 0.097293254
39.078 1441810.684 0.096856597
38.857 1446888.429 0.096423127
38.637 1451983.056 0.095992849
38.418 1457094.382 0.095565767
38.201 1462222.227 0.095141886
37.984 1467366.412 0.094721208
37.770 1472526.761 0.094303736
37.556 1477703.098 0.093889471
37.344 1482895.250 0.093478413
37.133 1488103.046 0.093070563
36.923 1493326.317 0.092665920
36.714 1498564.895 0.092264482
36.507 1503818.616 0.091866247
36.300 1509087.314 0.091471212
36.095 1514370.827 0.091079375
35.891 1519668.997 0.090690730
35.689 1524981.663 0.090305275
35.487 1530308.670 0.089923002
35.287 1535649.862 0.089543908
35.088 1541005.086 0.089167985
34.890 1546374.191 0.088795227
34.693 1551757.026 0.088425628
34.497 1557153.443 0.088059180
34.302 1562563.296 0.087695874
34.109 1567986.440 0.087335704
33.916 1573422.731 0.086978659
33.725 1578872.028 0.086624732
33.535 1584334.191 0.086273912
33.345 1589809.081 0.085926191
33.157 1595296.561 0.085581557
32.970 1600796.496 0.085240002
32.784 1606308.751 0.084901514
32.599 1611833.195 0.084566082
32.415 1617369.697 0.084233695
32.233 1622918.127 0.083904343
32.051 1628478.357 0.083578013
31.870 1634050.260 0.083254695
31.690 1639633.713 0.082934375
31.511 1645228.590 0.082617042
31.334 1650834.770 0.082302683
31.157 1656452.132 0.081991286
30.981 1662080.557 0.081682839
30.806 1667719.926 0.081377329
30.632 1673370.123 0.081074743
30.459 1679031.031 0.080775068
30.287 1684702.538 0.080478290
30.116 1690384.530 0.080184398
29.946 1696076.896 0.079893377
29.777 1701779.525 0.079605214
29.608 1707492.308 0.079319896
29.441 1713215.138 0.079037410
29.274 1718947.908 0.078757741
29.109 1724690.513 0.078480877
28.944 1730442.848 0.078206805
28.780 1736204.811 0.077935509
28.617 1741976.300 0.077666978
28.455 1747757.214 0.077401197
28.294 1753547.453 0.077138153
28.134 1759346.920 0.076877832
27.974 1765155.517 0.076620220
27.815 1770973.148 0.076365305
27.657 1776799.717 0.076113072
27.500 1782635.132 0.075863509
27.344 1788479.298 0.075616602
27.189 1794332.125 0.075372337
27.034 1800193.521 0.075130701
26.880 1806063.396 0.074891681
26.727 1811941.663 0.074655264
26.575 1817828.232 0.074421437
26.424 1823723.017 0.074190186
26.273 1829625.932 0.073961499
26.123 1835536.894 0.073735363
25.974 1841455.816 0.073511764
25.826 1847382.617 0.073290691
25.678 1853317.215 0.073072131
25.531 1859259.529 0.072856071
25.385 1865209.478 0.072642498
25.240 1871166.982 0.072431401
25.095 1877131.965 0.072222768
24.951 1883104.347 0.072016585
24.808 1889084.053 0.071812842
24.665 1895071.006 0.071611527
24.524 1901065.132 0.071412627
24.382 1907066.357 0.071216132
24.242 1913074.606 0.071022029
24.102 1919089.809 0.070830308
23.963 1925111.892 0.070640957
23.825 1931140.785 0.070453966
23.687 1937176.418 0.070269323
23.550 1943218.721 0.070087019
23.414 1949267.627 0.069907041
23.278 1955323.066 0.069729380
23.143 1961384.973 0.069554026
23.008 1967453.280 0.069380969
22.875 1973527.922 0.069210198
22.741 1979608.834 0.069041704
22.609 1985695.952 0.068875477
22.477 1991789.213 0.068711507
22.346 1997888.553 0.068549787
22.215 2003993.910 0.068390305
22.085 2010105.223 0.068233055
21.955 2016222.431 0.068078025
21.826 2022345.475 0.067925210
21.698 2028474.293 0.067774599
21.570 2034608.829 0.067626184
21.443 2040749.023 0.067479958
21.317 2046894.817 0.067335913
21.191 2053046.156 0.067194041
21.065 2059202.982 0.067054335
20.941 2065365.240 0.066916787
20.816 2071532.874 0.066781391
20.693 2077705.830 0.066648139
20.569 2083884.054 0.066517025
20.447 2090067.493 0.066388043
20.325 2096256.093 0.066261186
20.203 2102449.803 0.066136448
20.082 2108648.570 0.066013824
