20.071 2107936.276 0.066065945
20.168 2102986.771 0.066163066
20.265 2098045.332 0.066261442
20.363 2093112.019 0.066361071
20.461 2088186.895 0.066461950
20.559 2083270.022 0.066564079
20.657 2078361.463 0.066667454
20.755 2073461.280 0.066772075
20.854 2068569.537 0.066877938
20.953 2063686.299 0.066985042
21.052 2058811.631 0.067093385
21.152 2053945.596 0.067202964
21.252 2049088.262 0.067313779
21.352 2044239.693 0.067425827
21.452 2039399.957 0.067539105
21.552 2034569.121 0.067653613
21.653 2029747.252 0.067769347
21.754 2024934.419 0.067886305
21.855 2020130.690 0.068004487
21.957 2015336.134 0.068123889
22.059 2010550.821 0.068244509
22.161 2005774.822 0.068366346
22.263 2001008.206 0.068489396
22.365 1996251.045 0.068613658
22.468 1991503.410 0.068739130
22.571 1986765.375 0.068865808
22.674 1982037.012 0.068993692
22.778 1977318.394 0.069122777
22.882 1972609.595 0.069253063
22.986 1967910.689 0.069384545
23.090 1963221.752 0.069517223
23.194 1958542.859 0.069651092
23.299 1953874.086 0.069786151
23.404 1949215.510 0.069922396
23.509 1944567.207 0.070059825
23.615 1939929.257 0.070198435
23.720 1935301.736 0.070338223
23.826 1930684.724 0.070479185
23.933 1926078.300 0.070621320
24.039 1921482.544 0.070764622
24.146 1916897.537 0.070909090
24.253 1912323.359 0.071054719
24.360 1907760.093 0.071201507
24.467 1903207.821 0.071349449
24.575 1898666.626 0.071498542
24.683 1894136.591 0.071648782
24.791 1889617.800 0.071800166
24.899 1885110.337 0.071952688
25.008 1880614.289 0.072106346
25.116 1876129.740 0.072261134
25.225 1871656.778 0.072417049
25.335 1867195.488 0.072574086
25.444 1862745.959 0.072732241
25.554 1858308.279 0.072891507
25.664 1853882.536 0.073051882
25.774 1849468.820 0.073213359
25.884 1845067.221 0.073375934
25.995 1840677.829 0.073539601
26.106 1836300.736 0.073704355
26.217 1831936.033 0.073870191
26.328 1827583.813 0.074037101
26.440 1823244.168 0.074205081
26.551 1818917.192 0.074374125
26.663 1814602.980 0.074544225
26.775 1810301.626 0.074715377
26.887 1806013.225 0.074887572
27.000 1801737.874 0.075060805
27.113 1797475.669 0.075235069
27.225 1793226.708 0.075410355
27.339 1788991.087 0.075586658
27.452 1784768.907 0.075763969
27.565 1780560.265 0.075942281
27.679 1776365.261 0.076121585
27.793 1772183.996 0.076301875
27.907 1768016.570 0.076483140
28.021 1763863.086 0.076665373
28.135 1759723.644 0.076848565
28.250 1755598.349 0.077032708
28.364 1751487.302 0.077217791
28.479 1747390.608 0.077403805
28.594 1743308.372 0.077590741
28.709 1739240.698 0.077778589
28.825 1735187.693 0.077967338
28.940 1731149.462 0.078156978
29.056 1727126.112 0.078347500
29.172 1723117.752 0.078538890
29.288 1719124.488 0.078731140
29.404 1715146.430 0.078924236
29.520 1711183.687 0.079118168
29.636 1707236.369 0.079312923
29.752 1703304.586 0.079508489
29.869 1699388.449 0.079704855
29.986 1695488.070 0.079902006
30.102 1691603.561 0.080099930
30.219 1687735.034 0.080298614
30.336 1683882.602 0.080498044
30.453 1680046.381 0.080698207
30.570 1676226.483 0.080899087
30.687 1672423.024 0.081100670
30.805 1668636.119 0.081302942
30.922 1664865.884 0.081505888
31.039 1661112.436 0.081709492
31.157 1657375.891 0.081913738
31.274 1653656.368 0.082118610
31.392 1649953.984 0.082324093
31.509 1646268.858 0.082530169
31.627 1642601.108 0.082736821
31.745 1638950.855 0.082944032
31.862 1635318.219 0.083151784
31.980 1631703.319 0.083360060
32.098 1628106.278 0.083568840
32.215 1624527.215 0.083778107
32.333 1620966.254 0.083987841
32.451 1617423.517 0.084198024
32.568 1613899.126 0.084408634
32.686 1610393.205 0.084619653
32.804 1606905.876 0.084831060
32.921 1603437.265 0.085042834
33.039 1599987.496 0.085254954
33.156 1596556.693 0.085467399
33.273 1593144.982 0.085680146
33.391 1589752.488 0.085893175
33.508 1586379.337 0.086106462
33.625 1583025.655 0.086319984
33.742 1579691.569 0.086533719
33.859 1576377.206 0.086747643
33.975 1573082.693 0.086961731
34.092 1569808.157 0.087175960
34.208 1566553.727 0.087390305
34.325 1563319.530 0.087604742
34.441 1560105.695 0.087819244
34.557 1556912.349 0.088033786
34.672 1553739.623 0.088248342
34.788 1550587.644 0.088462886
34.903 1547456.542 0.088677391
35.019 1544346.447 0.088891830
35.133 1541257.488 0.089106175
35.248 1538189.794 0.089320399
35.363 1535143.495 0.089534474
35.477 1532118.721 0.089748371
35.591 1529115.603 0.089962061
35.704 1526134.269 0.090175515
35.818 1523174.851 0.090388705
35.931 1520237.479 0.090601599
36.043 1517322.282 0.090814169
36.156 1514429.391 0.091026383
36.268 1511558.937 0.091238211
36.380 1508711.048 0.091449622
36.491 1505885.856 0.091660584
36.602 1503083.491 0.091871066
36.712 1500304.081 0.092081035
36.822 1497547.758 0.092290461
36.932 1494814.651 0.092499309
37.041 1492104.889 0.092707548
37.150 1489418.602 0.092915144
37.259 1486755.919 0.093122064
37.366 1484116.969 0.093328275
37.474 1481501.880 0.093533742
37.581 1478910.782 0.093738431
37.687 1476343.802 0.093942308
37.793 1473801.067 0.094145339
37.898 1471282.707 0.094347489
38.003 1468788.846 0.094548723
38.107 1466319.613 0.094749006
38.211 1463875.134 0.094948302
38.314 1461455.535 0.095146576
38.416 1459060.940 0.095343792
38.518 1456691.476 0.095539915
38.619 1454347.266 0.095734908
38.719 1452028.434 0.095928736
38.819 1449735.104 0.096121361
38.918 1447467.398 0.096312748
39.016 1445225.439 0.096502861
39.113 1443009.348 0.096691662
39.210 1440819.246 0.096879115
39.306 1438655.253 0.097065184
39.402 1436517.489 0.097249831
39.496 1434406.071 0.097433020
39.590 1432321.119 0.097614714
39.682 1430262.748 0.097794877
39.774 1428231.076 0.097973471
39.865 1426226.218 0.098150460
39.956 1424248.288 0.098325807
40.045 1422297.399 0.098499475
40.133 1420373.665 0.098671428
40.221 1418477.197 0.098841629
40.307 1416608.106 0.099010042
40.393 1414766.501 0.099176630
40.478 1412952.492 0.099341357
40.561 1411166.184 0.099504187
40.644 1409407.686 0.099665084
40.725 1407677.101 0.099824013
40.806 1405974.535 0.099980937
40.885 1404300.090 0.100135822
40.964 1402653.868 0.100288632
41.041 1401035.968 0.100439333
41.117 1399446.492 0.100587890
41.192 1397885.535 0.100734268
41.266 1396353.194 0.100878433
41.339 1394849.566 0.101020352
41.411 1393374.743 0.101159991
41.481 1391928.817 0.101297317
41.550 1390511.880 0.101432298
41.618 1389124.022 0.101564900
41.685 1387765.329 0.101695093
41.750 1386435.889 0.101822844
41.815 1385135.785 0.101948122
41.878 1383865.103 0.102070897
41.939 1382623.922 0.102191139
42.000 1381412.324 0.102308817
42.059 1380230.386 0.102423902
42.117 1379078.186 0.102536366
42.173 1377955.798 0.102646180
42.228 1376863.296 0.102753317
42.282 1375800.752 0.102857750
42.334 1374768.235 0.102959451
42.385 1373765.812 0.103058395
42.434 1372793.552 0.103154557
42.482 1371851.517 0.103247912
42.529 1370939.771 0.103338435
42.574 1370058.374 0.103426104
42.618 1369207.385 0.103510894
42.660 1368386.861 0.103592785
42.701 1367596.856 0.103671755
42.740 1366837.425 0.103747782
42.778 1366108.618 0.103820848
42.814 1365410.483 0.103890932
42.849 1364743.069 0.103958015
42.882 1364106.420 0.104022081
42.913 1363500.580 0.104083112
42.944 1362925.589 0.104141091
42.972 1362381.486 0.104196003
42.999 1361868.308 0.104247834
43.024 1361386.091 0.104296569
43.048 1360934.866 0.104342195
43.071 1360514.665 0.104384700
43.091 1360125.516 0.104424072
43.110 1359767.445 0.104460301
43.128 1359440.476 0.104493377
43.144 1359144.633 0.104523290
43.158 1358879.934 0.104550032
43.171 1358646.398 0.104573597
43.182 1358444.040 0.104593978
43.191 1358272.874 0.104611169
43.199 1358132.911 0.104625166
43.205 1358024.161 0.104635964
43.210 1357946.629 0.104643560
43.213 1357900.322 0.104647954
43.214 1357885.241 0.104649142
43.214 1357901.387 0.104647126
43.212 1357948.759 0.104641905
43.209 1358027.352 0.104633480
43.204 1358137.160 0.104621855
43.197 1358278.176 0.104607032
43.188 1358450.388 0.104589016
43.179 1358653.784 0.104567810
43.167 1358888.349 0.104543422
43.154 1359154.066 0.104515856
43.139 1359450.916 0.104485122
43.122 1359778.878 0.104451228
43.104 1360137.928 0.104414181
43.085 1360528.041 0.104373993
43.064 1360949.189 0.104330675
43.041 1361401.342 0.104284237
43.017 1361884.469 0.104234693
42.991 1362398.535 0.104182056
42.963 1362943.504 0.104126339
42.934 1363519.338 0.104067558
42.904 1364125.997 0.104005729
42.871 1364763.439 0.103940868
42.838 1365431.619 0.103872992
42.803 1366130.490 0.103802119
42.766 1366860.006 0.103728268
42.728 1367620.114 0.103651458
42.688 1368410.764 0.103571710
42.647 1369231.900 0.103489045
42.604 1370083.466 0.103403483
42.560 1370965.405 0.103315048
42.515 1371877.657 0.103223762
42.468 1372820.159 0.103129648
42.419 1373792.848 0.103032732
42.370 1374795.658 0.102933038
42.318 1375828.522 0.102830591
42.266 1376891.370 0.102725418
42.212 1377984.133 0.102617545
42.156 1379106.736 0.102506999
42.100 1380259.105 0.102393809
42.042 1381441.165 0.102278001
41.982 1382652.838 0.102159607
41.922 1383894.043 0.102038653
41.860 1385164.700 0.101915172
41.797 1386464.727 0.101789192
41.732 1387794.038 0.101660744
41.666 1389152.548 0.101529860
41.599 1390540.169 0.101396572
41.531 1391956.813 0.101260910
41.462 1393402.389 0.101122909
41.391 1394876.805 0.100982600
41.319 1396379.968 0.100840016
41.246 1397911.783 0.100695192
41.172 1399472.154 0.100548160
41.097 1401060.984 0.100398956
41.021 1402678.174 0.100247612
40.943 1404323.623 0.100094165
40.865 1405997.231 0.099938648
40.785 1407698.895 0.099781098
40.705 1409428.511 0.099621548
40.623 1411185.974 0.099460036
40.540 1412971.178 0.099296596
40.457 1414784.016 0.099131264
40.372 1416624.380 0.098964077
40.287 1418492.159 0.098795071
40.200 1420387.244 0.098624281
40.113 1422309.523 0.098451746
40.024 1424258.884 0.098277500
39.935 1426235.213 0.098101580
39.845 1428238.396 0.097924024
39.754 1430268.317 0.097744868
39.662 1432324.861 0.097564149
39.569 1434407.910 0.097381902
39.476 1436517.347 0.097198166
39.381 1438653.053 0.097012977
39.286 1440814.909 0.096826371
39.190 1443002.794 0.096638386
39.094 1445216.588 0.096449057
38.996 1447456.170 0.096258422
38.898 1449721.417 0.096066516
38.799 1452012.206 0.095873377
38.700 1454328.414 0.095679040
38.600 1456669.917 0.095483542
38.499 1459036.590 0.095286918
38.397 1461428.310 0.095089205
38.295 1463844.949 0.094890439
38.193 1466286.382 0.094690654
38.089 1468752.483 0.094489886
37.985 1471243.124 0.094288171
37.881 1473758.179 0.094085544
37.776 1476297.519 0.093882039
37.670 1478861.017 0.093677691
37.564 1481448.544 0.093472535
37.458 1484059.973 0.093266604
37.351 1486695.173 0.093059933
37.243 1489354.016 0.092852555
37.135 1492036.372 0.092644504
37.027 1494742.111 0.092435813
36.918 1497471.105 0.092226515
36.809 1500223.223 0.092016643
36.699 1502998.334 0.091806228
36.589 1505796.309 0.091595304
36.478 1508617.017 0.091383902
36.367 1511460.328 0.091172053
36.256 1514326.111 0.090959789
36.144 1517214.236 0.090747141
36.032 1520124.573 0.090534139
35.920 1523056.990 0.090320813
35.808 1526011.357 0.090107194
35.695 1528987.544 0.089893310
35.582 1531985.420 0.089679193
35.468 1535004.855 0.089464869
35.354 1538045.719 0.089250369
35.240 1541107.881 0.089035720
35.126 1544191.211 0.088820950
35.012 1547295.580 0.088606088
34.897 1550420.857 0.088391159
34.782 1553566.914 0.088176192
34.667 1556733.620 0.087961212
34.552 1559920.846 0.087746247
34.437 1563128.464 0.087531321
34.321 1566356.345 0.087316461
34.205 1569604.360 0.087101691
34.089 1572872.381 0.086887037
33.973 1576160.280 0.086672522
33.857 1579467.929 0.086458172
33.741 1582795.201 0.086244009
33.625 1586141.969 0.086030057
33.508 1589508.107 0.085816340
33.392 1592893.486 0.085602879
33.275 1596297.983 0.085389698
33.158 1599721.470 0.085176818
33.041 1603163.824 0.084964260
32.924 1606624.917 0.084752047
32.808 1610104.627 0.084540199
32.691 1613602.829 0.084328736
32.574 1617119.399 0.084117679
32.457 1620654.214 0.083907048
32.340 1624207.151 0.083696862
32.223 1627778.088 0.083487141
32.105 1631366.903 0.083277903
31.988 1634973.473 0.083069166
31.871 1638597.679 0.082860950
31.754 1642239.399 0.082653272
31.637 1645898.513 0.082446149
31.520 1649574.902 0.082239599
31.403 1653268.447 0.082033638
31.287 1656979.028 0.081828283
31.170 1660706.529 0.081623550
31.053 1664450.831 0.081419456
30.936 1668211.817 0.081216015
30.820 1671989.371 0.081013244
30.703 1675783.376 0.080811156
30.586 1679593.718 0.080609767
30.470 1683420.281 0.080409092
30.354 1687262.951 0.080209143
30.237 1691121.614 0.080009935
30.121 1694996.157 0.079811482
30.005 1698886.467 0.079613796
29.889 1702792.432 0.079416890
29.773 1706713.941 0.079220778
29.658 1710650.882 0.079025471
29.542 1714603.145 0.078830982
29.427 1718570.621 0.078637322
29.311 1722553.200 0.078444503
29.196 1726550.773 0.078252537
29.081 1730563.232 0.078061433
28.966 1734590.470 0.077871203
28.851 1738632.380 0.077681858
28.737 1742688.856 0.077493408
28.622 1746759.792 0.077305862
28.508 1750845.084 0.077119231
28.394 1754944.625 0.076933524
28.280 1759058.313 0.076748751
28.166 1763186.045 0.076564920
28.052 1767327.717 0.076382040
27.939 1771483.228 0.076200121
27.826 1775652.476 0.076019169
27.712 1779835.361 0.075839195
27.599 1784031.782 0.075660205
27.487 1788241.639 0.075482207
27.374 1792464.834 0.075305210
27.262 1796701.269 0.075129220
27.150 1800950.844 0.074954244
27.038 1805213.464 0.074780291
26.926 1809489.032 0.074607365
26.814 1813777.451 0.074435475
26.703 1818078.627 0.074264626
26.592 1822392.465 0.074094826
26.481 1826718.870 0.073926079
26.370 1831057.749 0.073758392
26.259 1835409.009 0.073591771
26.149 1839772.559 0.073426221
26.039 1844148.305 0.073261748
25.929 1848536.158 0.073098357
25.819 1852936.026 0.072936053
25.710 1857347.820 0.072774842
25.601 1861771.451 0.072614728
25.492 1866206.830 0.072455716
25.383 1870653.868 0.072297810
25.274 1875112.479 0.072141016
25.166 1879582.575 0.071985336
25.058 1884064.070 0.071830777
24.950 1888556.878 0.071677341
24.842 1893060.915 0.071525032
24.735 1897576.096 0.071373856
24.628 1902102.336 0.071223814
24.521 1906639.553 0.071074911
24.414 1911187.664 0.070927151
24.308 1915746.587 0.070780537
24.201 1920316.239 0.070635072
24.095 1924896.540 0.070490760
23.990 1929487.410 0.070347603
23.884 1934088.768 0.070205605
23.779 1938700.535 0.070064769
23.674 1943322.633 0.069925097
23.569 1947954.983 0.069786593
23.464 1952597.508 0.069649259
23.360 1957250.130 0.069513098
23.256 1961912.773 0.069378113
23.152 1966585.362 0.069244305
23.049 1971267.820 0.069111678
22.945 1975960.072 0.068980234
22.842 1980662.045 0.068849975
22.739 1985373.665 0.068720903
22.637 1990094.858 0.068593022
22.534 1994825.552 0.068466332
22.432 1999565.674 0.068340837
22.330 2004315.153 0.068216538
22.229 2009073.918 0.068093437
22.128 2013841.897 0.067971536
22.026 2018619.022 0.067850838
21.926 2023405.222 0.067731344
21.825 2028200.429 0.067613056
21.725 2033004.573 0.067495976
21.624 2037817.588 0.067380106
21.525 2042639.405 0.067265448
21.425 2047469.957 0.067152004
21.326 2052309.177 0.067039775
21.227 2057157.001 0.066928763
21.128 2062013.362 0.066818970
21.029 2066878.195 0.066710398
20.931 2071751.436 0.066603049
20.833 2076633.021 0.066496924
20.735 2081522.885 0.066392024
20.637 2086420.967 0.066288353
20.540 2091327.203 0.066185911
20.443 2096241.531 0.066084701
20.346 2101163.890 0.065984723
20.249 2106094.218 0.065885981
20.153 2111032.454 0.065788475
20.056 2115978.539 0.065692207
0.0 0.0 0.0
0.0 0.0 0.0
0.0 0.0 0.0
0.0 0.0 0.0
0.0 0.0 0.0
0.0 0.0 0.0
0.0 0.0 0.0
0.0 0.0 0.0
0.0 0.0 0.0
0.0 0.0 0.0
0.0 0.0 0.0
0.0 0.0 0.0
0.0 0.0 0.0
0.0 0.0 0.0
0.0 0.0 0.0
0.0 0.0 0.0
0.0 0.0 0.0
0.0 0.0 0.0
0.0 0.0 0.0
0.0 0.0 0.0
0.0 0.0 0.0
0.0 0.0 0.0
0.0 0.0 0.0
0.0 0.0 0.0
0.0 0.0 0.0
0.0 0.0 0.0
0.0 0.0 0.0
0.0 0.0 0.0
0.0 0.0 0.0
0.0 0.0 0.0
0.0 0.0 0.0
0.0 0.0 0.0
0.0 0.0 0.0
0.0 0.0 0.0
0.0 0.0 0.0
0.0 0.0 0.0
0.0 0.0 0.0
0.0 0.0 0.0
0.0 0.0 0.0
0.0 0.0 0.0
0.0 0.0 0.0
0.0 0.0 0.0
0.0 0.0 0.0
0.0 0.0 0.0
0.0 0.0 0.0
0.0 0.0 0.0
0.0 0.0 0.0
0.0 0.0 0.0
0.0 0.0 0.0
0.0 0.0 0.0
0.0 0.0 0.0
0.0 0.0 0.0
0.0 0.0 0.0
0.0 0.0 0.0
0.0 0.0 0.0
0.0 0.0 0.0
0.0 0.0 0.0
0.0 0.0 0.0
0.0 0.0 0.0
0.0 0.0 0.0
0.0 0.0 0.0
0.0 0.0 0.0
0.0 0.0 0.0
0.0 0.0 0.0
0.0 0.0 0.0
0.0 0.0 0.0
0.0 0.0 0.0
0.0 0.0 0.0
0.0 0.0 0.0
0.0 0.0 0.0
0.0 0.0 0.0
0.0 0.0 0.0
0.0 0.0 0.0
0.0 0.0 0.0
0.0 0.0 0.0
0.0 0.0 0.0
0.0 0.0 0.0
0.0 0.0 0.0
0.0 0.0 0.0
0.0 0.0 0.0
0.0 0.0 0.0
0.0 0.0 0.0
0.0 0.0 0.0
0.0 0.0 0.0
0.0 0.0 0.0
0.0 0.0 0.0
0.0 0.0 0.0
0.0 0.0 0.0
0.0 0.0 0.0
0.0 0.0 0.0
0.0 0.0 0.0
0.0 0.0 0.0
0.0 0.0 0.0
0.0 0.0 0.0
0.0 0.0 0.0
0.0 0.0 0.0
0.0 0.0 0.0
0.0 0.0 0.0
0.0 0.0 0.0
0.0 0.0 0.0
0.0 0.0 0.0
0.0 0.0 0.0
0.0 0.0 0.0
0.0 0.0 0.0
0.0 0.0 0.0
0.0 0.0 0.0
0.0 0.0 0.0
0.0 0.0 0.0
0.0 0.0 0.0
0.0 0.0 0.0
0.0 0.0 0.0
0.0 0.0 0.0
0.0 0.0 0.0
0.0 0.0 0.0
0.0 0.0 0.0
0.0 0.0 0.0
0.0 0.0 0.0
0.0 0.0 0.0
0.0 0.0 0.0
0.0 0.0 0.0
0.0 0.0 0.0
0.0 0.0 0.0
0.0 0.0 0.0
0.0 0.0 0.0
0.0 0.0 0.0
0.0 0.0 0.0
0.0 0.0 0.0
0.0 0.0 0.0
0.0 0.0 0.0
0.0 0.0 0.0
0.0 0.0 0.0
0.0 0.0 0.0
0.0 0.0 0.0
0.0 0.0 0.0
0.0 0.0 0.0
0.0 0.0 0.0
0.0 0.0 0.0
0.0 0.0 0.0
0.0 0.0 0.0
0.0 0.0 0.0
0.0 0.0 0.0
0.0 0.0 0.0
0.0 0.0 0.0
0.0 0.0 0.0
0.0 0.0 0.0
0.0 0.0 0.0
0.0 0.0 0.0
0.0 0.0 0.0
0.0 0.0 0.0
0.0 0.0 0.0
0.0 0.0 0.0
0.0 0.0 0.0
0.0 0.0 0.0
0.0 0.0 0.0
0.0 0.0 0.0
0.0 0.0 0.0
0.0 0.0 0.0
0.0 0.0 0.0
0.0 0.0 0.0
0.0 0.0 0.0
0.0 0.0 0.0
0.0 0.0 0.0
0.0 0.0 0.0
0.0 0.0 0.0
0.0 0.0 0.0
0.0 0.0 0.0
0.0 0.0 0.0
0.0 0.0 0.0
0.0 0.0 0.0
0.0 0.0 0.0
0.0 0.0 0.0
0.0 0.0 0.0
0.0 0.0 0.0
0.0 0.0 0.0
0.0 0.0 0.0
0.0 0.0 0.0
0.0 0.0 0.0
0.0 0.0 0.0
0.0 0.0 0.0
0.0 0.0 0.0
0.0 0.0 0.0
0.0 0.0 0.0
0.0 0.0 0.0
0.0 0.0 0.0
0.0 0.0 0.0
0.0 0.0 0.0
0.0 0.0 0.0
0.0 0.0 0.0
0.0 0.0 0.0
0.0 0.0 0.0
0.0 0.0 0.0
0.0 0.0 0.0
0.0 0.0 0.0
0.0 0.0 0.0
0.0 0.0 0.0
0.0 0.0 0.0
0.0 0.0 0.0
0.0 0.0 0.0
0.0 0.0 0.0
0.0 0.0 0.0
0.0 0.0 0.0
0.0 0.0 0.0
0.0 0.0 0.0
0.0 0.0 0.0
0.0 0.0 0.0
0.0 0.0 0.0
0.0 0.0 0.0
0.0 0.0 0.0
0.0 0.0 0.0
0.0 0.0 0.0
0.0 0.0 0.0
0.0 0.0 0.0
0.0 0.0 0.0
0.0 0.0 0.0
0.0 0.0 0.0
0.0 0.0 0.0
0.0 0.0 0.0
0.0 0.0 0.0
0.0 0.0 0.0
0.0 0.0 0.0
0.0 0.0 0.0
0.0 0.0 0.0
0.0 0.0 0.0
0.0 0.0 0.0
0.0 0.0 0.0
0.0 0.0 0.0
0.0 0.0 0.0
0.0 0.0 0.0
0.0 0.0 0.0
0.0 0.0 0.0
0.0 0.0 0.0
0.0 0.0 0.0
0.0 0.0 0.0
0.0 0.0 0.0
0.0 0.0 0.0
0.0 0.0 0.0
0.0 0.0 0.0
0.0 0.0 0.0
0.0 0.0 0.0
0.0 0.0 0.0
0.0 0.0 0.0
0.0 0.0 0.0
0.0 0.0 0.0
0.0 0.0 0.0
0.0 0.0 0.0
0.0 0.0 0.0
0.0 0.0 0.0
0.0 0.0 0.0
0.0 0.0 0.0
0.0 0.0 0.0
0.0 0.0 0.0
0.0 0.0 0.0
0.0 0.0 0.0
0.0 0.0 0.0
0.0 0.0 0.0
0.0 0.0 0.0
0.0 0.0 0.0
0.0 0.0 0.0
0.0 0.0 0.0
0.0 0.0 0.0
0.0 0.0 0.0
0.0 0.0 0.0
0.0 0.0 0.0
0.0 0.0 0.0
0.0 0.0 0.0
0.0 0.0 0.0
0.0 0.0 0.0
0.0 0.0 0.0
0.0 0.0 0.0
0.0 0.0 0.0
0.0 0.0 0.0
0.0 0.0 0.0
0.0 0.0 0.0
0.0 0.0 0.0
0.0 0.0 0.0
0.0 0.0 0.0
0.0 0.0 0.0
0.0 0.0 0.0
0.0 0.0 0.0
0.0 0.0 0.0
0.0 0.0 0.0
0.0 0.0 0.0
0.0 0.0 0.0
0.0 0.0 0.0
0.0 0.0 0.0
0.0 0.0 0.0
0.0 0.0 0.0
0.0 0.0 0.0
0.0 0.0 0.0
0.0 0.0 0.0
0.0 0.0 0.0
0.0 0.0 0.0
0.0 0.0 0.0
0.0 0.0 0.0
0.0 0.0 0.0
0.0 0.0 0.0
0.0 0.0 0.0
0.0 0.0 0.0
0.0 0.0 0.0
0.0 0.0 0.0
0.0 0.0 0.0
0.0 0.0 0.0
0.0 0.0 0.0
0.0 0.0 0.0
0.0 0.0 0.0
0.0 0.0 0.0
0.0 0.0 0.0
0.0 0.0 0.0
0.0 0.0 0.0
0.0 0.0 0.0
0.0 0.0 0.0
0.0 0.0 0.0
0.0 0.0 0.0
0.0 0.0 0.0
0.0 0.0 0.0
0.0 0.0 0.0
0.0 0.0 0.0
0.0 0.0 0.0
0.0 0.0 0.0
0.0 0.0 0.0
0.0 0.0 0.0
0.0 0.0 0.0
0.0 0.0 0.0
0.0 0.0 0.0
0.0 0.0 0.0
0.0 0.0 0.0
0.0 0.0 0.0
0.0 0.0 0.0
0.0 0.0 0.0
0.0 0.0 0.0
0.0 0.0 0.0
0.0 0.0 0.0
0.0 0.0 0.0
0.0 0.0 0.0
0.0 0.0 0.0
0.0 0.0 0.0
0.0 0.0 0.0
0.0 0.0 0.0
0.0 0.0 0.0
0.0 0.0 0.0
0.0 0.0 0.0
0.0 0.0 0.0
0.0 0.0 0.0
0.0 0.0 0.0
0.0 0.0 0.0
0.0 0.0 0.0
0.0 0.0 0.0
0.0 0.0 0.0
0.0 0.0 0.0
0.0 0.0 0.0
0.0 0.0 0.0
0.0 0.0 0.0
0.0 0.0 0.0
0.0 0.0 0.0
0.0 0.0 0.0
0.0 0.0 0.0
0.0 0.0 0.0
0.0 0.0 0.0
0.0 0.0 0.0
0.0 0.0 0.0
0.0 0.0 0.0
0.0 0.0 0.0
0.0 0.0 0.0
0.0 0.0 0.0
0.0 0.0 0.0
0.0 0.0 0.0
0.0 0.0 0.0
0.0 0.0 0.0
0.0 0.0 0.0
0.0 0.0 0.0
0.0 0.0 0.0
0.0 0.0 0.0
0.0 0.0 0.0
0.0 0.0 0.0
0.0 0.0 0.0
0.0 0.0 0.0
0.0 0.0 0.0
0.0 0.0 0.0
0.0 0.0 0.0
0.0 0.0 0.0
0.0 0.0 0.0
0.0 0.0 0.0
0.0 0.0 0.0
0.0 0.0 0.0
0.0 0.0 0.0
0.0 0.0 0.0
0.0 0.0 0.0
0.0 0.0 0.0
0.0 0.0 0.0
0.0 0.0 0.0
0.0 0.0 0.0
0.0 0.0 0.0
0.0 0.0 0.0
0.0 0.0 0.0
0.0 0.0 0.0
0.0 0.0 0.0
0.0 0.0 0.0
0.0 0.0 0.0
0.0 0.0 0.0
0.0 0.0 0.0
0.0 0.0 0.0
0.0 0.0 0.0
0.0 0.0 0.0
0.0 0.0 0.0
0.0 0.0 0.0
0.0 0.0 0.0
0.0 0.0 0.0
0.0 0.0 0.0
0.0 0.0 0.0
0.0 0.0 0.0
0.0 0.0 0.0
0.0 0.0 0.0
0.0 0.0 0.0
0.0 0.0 0.0
0.0 0.0 0.0
0.0 0.0 0.0
0.0 0.0 0.0
0.0 0.0 0.0
0.0 0.0 0.0
0.0 0.0 0.0
0.0 0.0 0.0
0.0 0.0 0.0
0.0 0.0 0.0
0.0 0.0 0.0
0.0 0.0 0.0
0.0 0.0 0.0
0.0 0.0 0.0
0.0 0.0 0.0
0.0 0.0 0.0
0.0 0.0 0.0
0.0 0.0 0.0
0.0 0.0 0.0
0.0 0.0 0.0
0.0 0.0 0.0
0.0 0.0 0.0
0.0 0.0 0.0
0.0 0.0 0.0
0.0 0.0 0.0
0.0 0.0 0.0
0.0 0.0 0.0
0.0 0.0 0.0
0.0 0.0 0.0
0.0 0.0 0.0
0.0 0.0 0.0
0.0 0.0 0.0
0.0 0.0 0.0
0.0 0.0 0.0
0.0 0.0 0.0
0.0 0.0 0.0
0.0 0.0 0.0
0.0 0.0 0.0
0.0 0.0 0.0
0.0 0.0 0.0
0.0 0.0 0.0
0.0 0.0 0.0
0.0 0.0 0.0
0.0 0.0 0.0
0.0 0.0 0.0
0.0 0.0 0.0
0.0 0.0 0.0
0.0 0.0 0.0
0.0 0.0 0.0
0.0 0.0 0.0
0.0 0.0 0.0
0.0 0.0 0.0
0.0 0.0 0.0
0.0 0.0 0.0
0.0 0.0 0.0
0.0 0.0 0.0
0.0 0.0 0.0
0.0 0.0 0.0
0.0 0.0 0.0
0.0 0.0 0.0
0.0 0.0 0.0
0.0 0.0 0.0
0.0 0.0 0.0
0.0 0.0 0.0
0.0 0.0 0.0
0.0 0.0 0.0
0.0 0.0 0.0
0.0 0.0 0.0
0.0 0.0 0.0
0.0 0.0 0.0
0.0 0.0 0.0
0.0 0.0 0.0
0.0 0.0 0.0
0.0 0.0 0.0
0.0 0.0 0.0
0.0 0.0 0.0
0.0 0.0 0.0
0.0 0.0 0.0
0.0 0.0 0.0
0.0 0.0 0.0
0.0 0.0 0.0
0.0 0.0 0.0
0.0 0.0 0.0
0.0 0.0 0.0
0.0 0.0 0.0
0.0 0.0 0.0
0.0 0.0 0.0
0.0 0.0 0.0
0.0 0.0 0.0
0.0 0.0 0.0
0.0 0.0 0.0
0.0 0.0 0.0
0.0 0.0 0.0
0.0 0.0 0.0
0.0 0.0 0.0
0.0 0.0 0.0
0.0 0.0 0.0
0.0 0.0 0.0
0.0 0.0 0.0
0.0 0.0 0.0
0.0 0.0 0.0
0.0 0.0 0.0
0.0 0.0 0.0
0.0 0.0 0.0
0.0 0.0 0.0
0.0 0.0 0.0
0.0 0.0 0.0
0.0 0.0 0.0
0.0 0.0 0.0
0.0 0.0 0.0
0.0 0.0 0.0
0.0 0.0 0.0
0.0 0.0 0.0
0.0 0.0 0.0
0.0 0.0 0.0
0.0 0.0 0.0
0.0 0.0 0.0
0.0 0.0 0.0
0.0 0.0 0.0
0.0 0.0 0.0
0.0 0.0 0.0
0.0 0.0 0.0
0.0 0.0 0.0
0.0 0.0 0.0
0.0 0.0 0.0
0.0 0.0 0.0
0.0 0.0 0.0
0.0 0.0 0.0
0.0 0.0 0.0
0.0 0.0 0.0
0.0 0.0 0.0
0.0 0.0 0.0
0.0 0.0 0.0
0.0 0.0 0.0
0.0 0.0 0.0
0.0 0.0 0.0
0.0 0.0 0.0
0.0 0.0 0.0
0.0 0.0 0.0
0.0 0.0 0.0
0.0 0.0 0.0
0.0 0.0 0.0
0.0 0.0 0.0
0.0 0.0 0.0
0.0 0.0 0.0
0.0 0.0 0.0
0.0 0.0 0.0
0.0 0.0 0.0
0.0 0.0 0.0
0.0 0.0 0.0
0.0 0.0 0.0
0.0 0.0 0.0
0.0 0.0 0.0
0.0 0.0 0.0
0.0 0.0 0.0
0.0 0.0 0.0
0.0 0.0 0.0
0.0 0.0 0.0
0.0 0.0 0.0
0.0 0.0 0.0
0.0 0.0 0.0
0.0 0.0 0.0
0.0 0.0 0.0
0.0 0.0 0.0
0.0 0.0 0.0
0.0 0.0 0.0
0.0 0.0 0.0
0.0 0.0 0.0
0.0 0.0 0.0
0.0 0.0 0.0
0.0 0.0 0.0
0.0 0.0 0.0
0.0 0.0 0.0
0.0 0.0 0.0
0.0 0.0 0.0
0.0 0.0 0.0
0.0 0.0 0.0
0.0 0.0 0.0
0.0 0.0 0.0
0.0 0.0 0.0
0.0 0.0 0.0
0.0 0.0 0.0
0.0 0.0 0.0
0.0 0.0 0.0
0.0 0.0 0.0
0.0 0.0 0.0
0.0 0.0 0.0
0.0 0.0 0.0
0.0 0.0 0.0
0.0 0.0 0.0
0.0 0.0 0.0
0.0 0.0 0.0
0.0 0.0 0.0
0.0 0.0 0.0
0.0 0.0 0.0
0.0 0.0 0.0
0.0 0.0 0.0
0.0 0.0 0.0
0.0 0.0 0.0
0.0 0.0 0.0
0.0 0.0 0.0
0.0 0.0 0.0
0.0 0.0 0.0
0.0 0.0 0.0
0.0 0.0 0.0
0.0 0.0 0.0
0.0 0.0 0.0
0.0 0.0 0.0
0.0 0.0 0.0
0.0 0.0 0.0
0.0 0.0 0.0
0.0 0.0 0.0
0.0 0.0 0.0
0.0 0.0 0.0
0.0 0.0 0.0
0.0 0.0 0.0
0.0 0.0 0.0
0.0 0.0 0.0
0.0 0.0 0.0
0.0 0.0 0.0
0.0 0.0 0.0
0.0 0.0 0.0
0.0 0.0 0.0
0.0 0.0 0.0
0.0 0.0 0.0
0.0 0.0 0.0
0.0 0.0 0.0
0.0 0.0 0.0
0.0 0.0 0.0
0.0 0.0 0.0
0.0 0.0 0.0
0.0 0.0 0.0
0.0 0.0 0.0
0.0 0.0 0.0
0.0 0.0 0.0
0.0 0.0 0.0
0.0 0.0 0.0
0.0 0.0 0.0
0.0 0.0 0.0
0.0 0.0 0.0
0.0 0.0 0.0
0.0 0.0 0.0
0.0 0.0 0.0
5327960.766 0.008
5315062.027 0.008
5302157.997 0.008
5289248.687 0.008
5276334.110 0.008
5263414.280 0.008
5250489.210 0.009
5237558.911 0.009
5224623.398 0.009
5211682.683 0.009
5198736.778 0.009
5185785.697 0.009
5172829.453 0.009
5159868.059 0.009
5146901.527 0.009
5133929.870 0.009
5120953.101 0.009
5107971.234 0.009
5094984.280 0.009
5081992.254 0.009
5068995.167 0.009
5055993.034 0.009
5042985.866 0.009
5029973.677 0.009
5016956.480 0.009
5003934.287 0.009
4990907.112 0.009
4977874.968 0.009
4964837.868 0.010
4951795.823 0.010
4938748.849 0.010
4925696.957 0.010
4912640.160 0.010
4899578.473 0.010
4886511.906 0.010
4873440.474 0.010
4860364.190 0.010
4847283.066 0.010
4834197.116 0.010
4821106.353 0.010
4808010.789 0.010
4794910.438 0.010
4781805.312 0.010
4768695.426 0.010
4755580.791 0.010
4742461.421 0.010
4729337.329 0.010
4716208.528 0.011
4703075.031 0.011
4689936.851 0.011
4676794.002 0.011
4663646.496 0.011
4650494.346 0.011
4637337.566 0.011
4624176.168 0.011
4611010.166 0.011
4597839.573 0.011
4584664.402 0.011
4571484.666 0.011
4558300.378 0.011
4545111.551 0.011
4531918.199 0.011
4518720.334 0.011
4505517.970 0.012
4492311.120 0.012
4479099.796 0.012
4465884.013 0.012
4452663.784 0.012
4439439.120 0.012
4426210.036 0.012
4412976.546 0.012
4399738.661 0.012
4386496.395 0.012
4373249.761 0.012
4359998.773 0.012
4346743.444 0.012
4333483.786 0.012
4320219.814 0.013
4306951.540 0.013
4293678.978 0.013
4280402.140 0.013
4267121.040 0.013
4253835.691 0.013
4240546.107 0.013
4227252.300 0.013
4213954.285 0.013
4200652.073 0.013
4187345.679 0.013
4174035.115 0.013
4160720.395 0.014
4147401.532 0.014
4134078.540 0.014
4120751.431 0.014
4107420.219 0.014
4094084.917 0.014
4080745.539 0.014
4067402.097 0.014
4054054.606 0.014
4040703.078 0.014
4027347.526 0.014
4013987.964 0.015
4000624.405 0.015
3987256.863 0.015
3973885.351 0.015
3960509.881 0.015
3947130.469 0.015
3933747.126 0.015
3920359.866 0.015
3906968.702 0.015
3893573.648 0.015
3880174.717 0.016
3866771.923 0.016
3853365.278 0.016
3839954.796 0.016
3826540.491 0.016
3813122.376 0.016
3799700.464 0.016
3786274.768 0.016
3772845.302 0.016
3759412.080 0.017
3745975.114 0.017
3732534.418 0.017
3719090.005 0.017
3705641.890 0.017
3692190.084 0.017
3678734.602 0.017
3665275.457 0.017
3651812.663 0.017
3638346.232 0.018
3624876.178 0.018
3611402.515 0.018
3597925.256 0.018
3584444.414 0.018
3570960.003 0.018
3557472.036 0.018
3543980.528 0.019
3530485.490 0.019
3516986.936 0.019
3503484.881 0.019
3489979.337 0.019
3476470.318 0.019
3462957.838 0.019
3449441.909 0.020
3435922.545 0.020
3422399.760 0.020
3408873.568 0.020
3395343.981 0.020
3381811.013 0.020
3368274.677 0.021
3354734.988 0.021
3341191.958 0.021
3327645.602 0.021
3314095.931 0.021
3300542.961 0.021
3286986.704 0.022
3273427.175 0.022
3259864.385 0.022
3246298.350 0.022
3232729.082 0.022
3219156.596 0.022
3205580.903 0.023
3192002.019 0.023
3178419.956 0.023
3164834.729 0.023
3151246.350 0.023
3137654.833 0.024
3124060.192 0.024
3110462.440 0.024
3096861.591 0.024
3083257.658 0.024
3069650.655 0.025
3056040.596 0.025
3042427.493 0.025
3028811.361 0.025
3015192.212 0.026
3001570.062 0.026
2987944.922 0.026
2974316.808 0.026
2960685.731 0.026
2947051.707 0.027
2933414.748 0.027
2919774.868 0.027
2906132.080 0.027
2892486.399 0.028
2878837.838 0.028
2865186.410 0.028
2851532.128 0.029
2837875.008 0.029
2824215.062 0.029
2810552.303 0.029
2796886.746 0.030
2783218.403 0.030
2769547.289 0.030
2755873.418 0.031
2742196.802 0.031
2728517.456 0.031
2714835.392 0.031
2701150.626 0.032
2687463.169 0.032
2673773.037 0.032
2660080.242 0.033
2646384.798 0.033
2632686.719 0.033
2618986.019 0.034
2605282.710 0.034
2591576.808 0.034
2577868.324 0.035
2564157.274 0.035
2550443.671 0.036
2536727.528 0.036
2523008.858 0.036
2509287.677 0.037
2495563.997 0.037
2481837.831 0.037
2468109.195 0.038
2454378.101 0.038
2440644.562 0.039
2426908.594 0.039
2413170.209 0.040
2399429.420 0.040
2385686.243 0.040
2371940.690 0.041
2358192.775 0.041
2344442.511 0.042
2330689.914 0.042
2316934.995 0.043
2303177.769 0.043
2289418.250 0.044
2275656.451 0.044
2261892.386 0.045
2248126.068 0.045
2234357.512 0.046
2220586.731 0.047
2206813.739 0.047
2193038.550 0.048
2179261.176 0.048
2165481.633 0.049
2151699.933 0.050
2137916.090 0.050
2124130.119 0.051
2110342.032 0.051
2096551.844 0.052
2082759.568 0.053
2068965.219 0.053
2055168.809 0.054
2041370.352 0.055
2027569.863 0.056
2013767.354 0.056
1999962.841 0.057
1986156.336 0.058
1972347.853 0.059
1958537.406 0.059
1944725.009 0.060
1930910.675 0.061
1917094.418 0.062
1903276.253 0.063
1889456.192 0.064
1875634.250 0.065
1861810.440 0.066
1847984.776 0.067
1834157.271 0.068
1820327.941 0.069
1806496.797 0.070
1792663.855 0.071
1778829.128 0.072
1764992.629 0.073
1751154.373 0.074
1737314.373 0.075
1723472.643 0.076
1709629.196 0.077
1695784.047 0.078
1681937.210 0.080
1668088.698 0.081
1654238.524 0.082
1640386.704 0.084
1626533.250 0.085
1612678.176 0.086
1598821.496 0.088
1584963.224 0.089
1571103.374 0.091
1557241.959 0.092
1543378.994 0.094
1529514.492 0.096
1515648.467 0.097
1501780.932 0.099
1487911.902 0.101
1474041.390 0.102
1460169.410 0.104
1446295.977 0.106
1432421.103 0.108
1418544.803 0.110
1404667.090 0.112
1390787.978 0.114
1376907.481 0.117
1363025.614 0.119
1349142.389 0.121
1335257.820 0.123
1321371.922 0.126
1307484.708 0.128
1293596.192 0.131
1279706.388 0.134
1265815.309 0.136
1251922.970 0.139
1238029.384 0.142
1224134.566 0.145
1210238.528 0.148
1196341.286 0.151
1182442.852 0.155
1168543.240 0.158
1154642.465 0.161
1140740.540 0.165
1126837.479 0.169
1112933.296 0.173
1099028.004 0.176
1085121.619 0.181
1071214.152 0.185
1057305.619 0.189
1043396.033 0.194
1029485.408 0.198
1015573.758 0.203
1001661.097 0.208
987747.438 0.214
973832.795 0.219
959917.183 0.224
946000.615 0.230
932083.104 0.236
918164.666 0.243
904245.313 0.249
890325.060 0.256
876403.920 0.263
862481.907 0.270
848559.036 0.277
834635.319 0.285
820710.772 0.293
806785.407 0.302
792859.239 0.311
778932.281 0.320
765004.547 0.329
751076.052 0.339
737146.809 0.349
723216.831 0.360
709286.134 0.371
695354.730 0.383
681422.634 0.395
667489.859 0.407
653556.419 0.420
639622.329 0.434
625687.601 0.448
611752.251 0.463
597816.291 0.478
583879.736 0.494
569942.600 0.511
556004.896 0.528
542066.638 0.546
528127.841 0.564
514188.517 0.583
500248.682 0.603
486308.348 0.623
472367.530 0.644
458426.242 0.666
444484.497 0.688
430542.310 0.710
416599.694 0.733
402656.663 0.756
388713.231 0.779
374769.412 0.803
360825.220 0.825
346880.668 0.848
332935.771 0.870
318990.542 0.890
305044.996 0.910
291099.146 0.928
277153.006 0.944
263206.590 0.959
249259.912 0.970
235312.986 0.980
221365.825 0.988
207418.444 0.993
193470.857 0.996
179523.076 0.998
165575.117 0.999
151626.993 1.000
137678.719 1.000
123730.307 1.000
109781.771 1.000
95833.127 1.000
81884.387 1.000
67935.565 1.000
53986.676 1.000
40037.733 1.000
26088.750 1.000
12139.742 1.000
1809.279 1.000
15758.298 1.000
29707.302 1.000
43656.276 1.000
57605.206 1.000
71554.079 1.000
85502.881 1.000
99451.597 1.000
113400.215 1.000
127348.719 1.000
141297.097 1.000
155245.334 1.000
169193.416 0.999
183141.330 0.998
197089.062 0.996
211036.597 0.992
224983.923 0.986
238931.024 0.978
252877.887 0.968
266824.498 0.955
280770.844 0.940
294716.910 0.924
308662.682 0.905
322608.148 0.885
336553.291 0.864
350498.100 0.842
364442.560 0.820
378386.657 0.797
392330.376 0.773
406273.706 0.750
420216.630 0.727
434159.137 0.704
448101.210 0.682
462042.838 0.660
475984.005 0.639
489924.699 0.618
503864.904 0.598
517804.608 0.578
531743.796 0.559
545682.455 0.541
559620.570 0.523
573558.128 0.506
587495.115 0.490
601431.516 0.474
615367.319 0.459
629302.509 0.444
643237.072 0.430
657170.995 0.417
671104.263 0.404
685036.863 0.392
698968.780 0.380
712900.002 0.368
726830.513 0.357
740760.301 0.347
754689.351 0.336
768617.650 0.327
782545.183 0.317
796471.937 0.308
810397.897 0.300
824323.051 0.291
838247.384 0.283
852170.882 0.275
866093.531 0.268
880015.318 0.261
893936.228 0.254
907856.248 0.247
921775.364 0.241
935693.562 0.235
949610.829 0.229
963527.149 0.223
977442.510 0.217
991356.898 0.212
1005270.298 0.207
1019182.698 0.202
1033094.082 0.197
1047004.437 0.193
1060913.750 0.188
1074822.007 0.184
1088729.193 0.180
1102635.294 0.175
1116540.298 0.172
1130444.190 0.168
1144346.956 0.164
1158248.582 0.160
1172149.055 0.157
1186048.360 0.154
1199946.485 0.150
1213843.414 0.147
1227739.135 0.144
1241633.633 0.141
1255526.894 0.138
1269418.905 0.136
1283309.652 0.133
1297199.121 0.130
1311087.298 0.128
1324974.170 0.125
1338859.721 0.123
1352743.940 0.120
1366626.811 0.118
1380508.322 0.116
1394388.458 0.114
1408267.205 0.112
1422144.549 0.110
1436020.477 0.108
1449894.976 0.106
1463768.030 0.104
1477639.626 0.102
1491509.751 0.100
1505378.391 0.098
1519245.532 0.097
1533111.159 0.095
1546975.260 0.094
1560837.820 0.092
1574698.826 0.090
1588558.263 0.089
1602416.119 0.087
1616272.379 0.086
1630127.029 0.085
1643980.055 0.083
1657831.445 0.082
1671681.183 0.081
1685529.257 0.079
1699375.652 0.078
1713220.355 0.077
1727063.352 0.076
1740904.629 0.075
1754744.172 0.074
1768581.967 0.072
1782418.001 0.071
1796252.260 0.070
1810084.731 0.069
1823915.398 0.068
1837744.249 0.067
1851571.271 0.066
1865396.448 0.065
1879219.767 0.064
1893041.215 0.064
1906860.778 0.063
1920678.441 0.062
1934494.192 0.061
1948308.017 0.060
1962119.901 0.059
1975929.831 0.058
1989737.793 0.058
2003543.774 0.057
2017347.759 0.056
2031149.736 0.055
2044949.690 0.055
2058747.607 0.054
2072543.473 0.053
2086337.276 0.053
2100129.001 0.052
2113918.635 0.051
2127706.163 0.051
2141491.573 0.050
2155274.849 0.049
2169055.980 0.049
2182834.950 0.048
2196611.746 0.048
2210386.355 0.047
2224158.763 0.046
2237928.955 0.046
2251696.919 0.045
2265462.640 0.045
2279226.105 0.044
2292987.301 0.044
2306746.212 0.043
2320502.827 0.043
2334257.131 0.042
2348009.109 0.042
2361758.750 0.041
2375506.038 0.041
2389250.961 0.040
2402993.505 0.040
2416733.655 0.039
2430471.398 0.039
2444206.721 0.039
2457939.610 0.038
2471670.051 0.038
2485398.030 0.037
2499123.535 0.037
2512846.550 0.037
2526567.063 0.036
2540285.059 0.036
2554000.526 0.035
2567713.450 0.035
2581423.816 0.035
2595131.611 0.034
2608836.822 0.034
2622539.435 0.034
2636239.436 0.033
2649936.811 0.033
2663631.548 0.033
2677323.632 0.032
2691013.049 0.032
2704699.787 0.032
2718383.831 0.031
2732065.167 0.031
2745743.783 0.031
2759419.665 0.030
2773092.798 0.030
2786763.170 0.030
2800430.766 0.030
2814095.573 0.029
2827757.578 0.029
2841416.767 0.029
2855073.126 0.028
2868726.641 0.028
2882377.300 0.028
2896025.088 0.028
2909669.992 0.027
2923311.998 0.027
2936951.093 0.027
2950587.262 0.027
2964220.494 0.026
2977850.773 0.026
2991478.087 0.026
3005102.422 0.026
3018723.763 0.025
3032342.099 0.025
3045957.414 0.025
3059569.696 0.025
3073178.931 0.025
3086785.106 0.024
3100388.206 0.024
3113988.219 0.024
3127585.130 0.024
3141178.927 0.024
3154769.595 0.023
3168357.122 0.023
3181941.493 0.023
3195522.695 0.023
3209100.715 0.023
3222675.539 0.022
3236247.153 0.022
3249815.545 0.022
3263380.700 0.022
3276942.604 0.022
3290501.246 0.022
3304056.610 0.021
3317608.684 0.021
3331157.454 0.021
3344702.906 0.021
3358245.028 0.021
3371783.804 0.020
3385319.223 0.020
3398851.271 0.020
3412379.933 0.020
3425905.197 0.020
3439427.049 0.020
3452945.476 0.020
3466460.464 0.019
3479972.000 0.019
3493480.070 0.019
3506984.661 0.019
3520485.759 0.019
3533983.351 0.019
3547477.424 0.019
3560967.964 0.018
3574454.957 0.018
3587938.391 0.018
3601418.251 0.018
3614894.524 0.018
3628367.198 0.018
3641836.258 0.018
3655301.691 0.017
3668763.484 0.017
3682221.622 0.017
3695676.094 0.017
3709126.885 0.017
3722573.983 0.017
3736017.373 0.017
3749457.042 0.017
3762892.977 0.016
3776325.164 0.016
3789753.591 0.016
3803178.244 0.016
3816599.108 0.016
3830016.172 0.016
3843429.422 0.016
3856838.843 0.016
3870244.424 0.016
3883646.150 0.015
3897044.009 0.015
3910437.986 0.015
3923828.069 0.015
3937214.244 0.015
3950596.498 0.015
3963974.818 0.015
3977349.190 0.015
3990719.600 0.015
4004086.037 0.015
4017448.485 0.014
4030806.933 0.014
4044161.366 0.014
4057511.772 0.014
4070858.137 0.014
4084200.447 0.014
4097538.690 0.014
4110872.852 0.014
4124202.920 0.014
4137528.881 0.014
4150850.721 0.014
4164168.427 0.013
4177481.986 0.013
4190791.385 0.013
4204096.610 0.013
4217397.648 0.013
4230694.486 0.013
4243987.110 0.013
4257275.508 0.013
4270559.666 0.013
4283839.571 0.013
4297115.209 0.013
4310386.568 0.013
4323653.635 0.013
4336916.395 0.012
4350174.836 0.012
4363428.944 0.012
4376678.707 0.012
4389924.111 0.012
4403165.143 0.012
4416401.790 0.012
4429634.039 0.012
4442861.876 0.012
4456085.288 0.012
4469304.262 0.012
4482518.786 0.012
4495728.845 0.012
4508934.426 0.012
4522135.518 0.011
4535332.105 0.011
4548524.176 0.011
4561711.716 0.011
4574894.714 0.011
4588073.156 0.011
4601247.028 0.011
4614416.317 0.011
4627581.011 0.011
4640741.096 0.011
4653896.560 0.011
4667047.389 0.011
4680193.569 0.011
4693335.089 0.011
4706471.934 0.011
4719604.092 0.011
4732731.550 0.010
4745854.294 0.010
4758972.312 0.010
4772085.590 0.010
4785194.115 0.010
4798297.875 0.010
4811396.856 0.010
4824491.046 0.010
4837580.430 0.010
4850664.997 0.010
4863744.733 0.010
4876819.625 0.010
4889889.660 0.010
4902954.825 0.010
4916015.107 0.010
4929070.493 0.010
4942120.970 0.010
4955166.526 0.010
4968207.146 0.009
4981242.818 0.009
4994273.529 0.009
5007299.267 0.009
5020320.017 0.009
5033335.768 0.009
5046346.506 0.009
5059352.218 0.009
5072352.891 0.009
5085348.513 0.009
5098339.070 0.009
5111324.550 0.009
5124304.939 0.009
5137280.224 0.009
5150250.394 0.009
5163215.434 0.009
5176175.331 0.009
5189130.074 0.009
5202079.649 0.009
5215024.043 0.009
5227963.243 0.009
5240897.236 0.009
5253826.010 0.008
5266749.552 0.008
5279667.848 0.008
5292580.886 0.008
5305488.653 0.008
5318391.136 0.008
0.0 0.0 0.0
0.0 0.0 0.0
0.0 0.0 0.0
0.0 0.0 0.0
0.0 0.0 0.0
0.0 0.0 0.0
0.0 0.0 0.0
0.0 0.0 0.0
0.0 0.0 0.0
0.0 0.0 0.0
0.0 0.0 0.0
0.0 0.0 0.0
0.0 0.0 0.0
0.0 0.0 0.0
0.0 0.0 0.0
0.0 0.0 0.0
0.0 0.0 0.0
0.0 0.0 0.0
0.0 0.0 0.0
0.0 0.0 0.0
0.0 0.0 0.0
0.0 0.0 0.0
0.0 0.0 0.0
0.0 0.0 0.0
0.0 0.0 0.0
0.0 0.0 0.0
0.0 0.0 0.0
0.0 0.0 0.0
0.0 0.0 0.0
0.0 0.0 0.0
0.0 0.0 0.0
0.0 0.0 0.0
0.0 0.0 0.0
0.0 0.0 0.0
0.0 0.0 0.0
0.0 0.0 0.0
0.0 0.0 0.0
0.0 0.0 0.0
0.0 0.0 0.0
0.0 0.0 0.0
0.0 0.0 0.0
0.0 0.0 0.0
0.0 0.0 0.0
0.0 0.0 0.0
0.0 0.0 0.0
0.0 0.0 0.0
0.0 0.0 0.0
0.0 0.0 0.0
0.0 0.0 0.0
0.0 0.0 0.0
0.0 0.0 0.0
0.0 0.0 0.0
0.0 0.0 0.0
0.0 0.0 0.0
0.0 0.0 0.0
0.0 0.0 0.0
0.0 0.0 0.0
0.0 0.0 0.0
0.0 0.0 0.0
0.0 0.0 0.0
0.0 0.0 0.0
0.0 0.0 0.0
0.0 0.0 0.0
0.0 0.0 0.0
0.0 0.0 0.0
0.0 0.0 0.0
0.0 0.0 0.0
0.0 0.0 0.0
0.0 0.0 0.0
0.0 0.0 0.0
0.0 0.0 0.0
0.0 0.0 0.0
0.0 0.0 0.0
0.0 0.0 0.0
0.0 0.0 0.0
0.0 0.0 0.0
0.0 0.0 0.0
0.0 0.0 0.0
0.0 0.0 0.0
0.0 0.0 0.0
0.0 0.0 0.0
0.0 0.0 0.0
0.0 0.0 0.0
0.0 0.0 0.0
0.0 0.0 0.0
0.0 0.0 0.0
0.0 0.0 0.0
0.0 0.0 0.0
0.0 0.0 0.0
0.0 0.0 0.0
0.0 0.0 0.0
0.0 0.0 0.0
0.0 0.0 0.0
0.0 0.0 0.0
0.0 0.0 0.0
0.0 0.0 0.0
0.0 0.0 0.0
0.0 0.0 0.0
0.0 0.0 0.0
0.0 0.0 0.0
0.0 0.0 0.0
0.0 0.0 0.0
0.0 0.0 0.0
0.0 0.0 0.0
0.0 0.0 0.0
0.0 0.0 0.0
0.0 0.0 0.0
0.0 0.0 0.0
0.0 0.0 0.0
0.0 0.0 0.0
0.0 0.0 0.0
0.0 0.0 0.0
0.0 0.0 0.0
0.0 0.0 0.0
0.0 0.0 0.0
0.0 0.0 0.0
0.0 0.0 0.0
0.0 0.0 0.0
0.0 0.0 0.0
0.0 0.0 0.0
0.0 0.0 0.0
0.0 0.0 0.0
0.0 0.0 0.0
0.0 0.0 0.0
0.0 0.0 0.0
0.0 0.0 0.0
0.0 0.0 0.0
0.0 0.0 0.0
0.0 0.0 0.0
0.0 0.0 0.0
0.0 0.0 0.0
0.0 0.0 0.0
0.0 0.0 0.0
0.0 0.0 0.0
0.0 0.0 0.0
0.0 0.0 0.0
0.0 0.0 0.0
0.0 0.0 0.0
0.0 0.0 0.0
0.0 0.0 0.0
0.0 0.0 0.0
0.0 0.0 0.0
0.0 0.0 0.0
0.0 0.0 0.0
0.0 0.0 0.0
0.0 0.0 0.0
0.0 0.0 0.0
0.0 0.0 0.0
0.0 0.0 0.0
0.0 0.0 0.0
0.0 0.0 0.0
0.0 0.0 0.0
0.0 0.0 0.0
0.0 0.0 0.0
0.0 0.0 0.0
0.0 0.0 0.0
0.0 0.0 0.0
0.0 0.0 0.0
0.0 0.0 0.0
0.0 0.0 0.0
0.0 0.0 0.0
0.0 0.0 0.0
0.0 0.0 0.0
0.0 0.0 0.0
0.0 0.0 0.0
0.0 0.0 0.0
0.0 0.0 0.0
0.0 0.0 0.0
0.0 0.0 0.0
0.0 0.0 0.0
0.0 0.0 0.0
0.0 0.0 0.0
0.0 0.0 0.0
0.0 0.0 0.0
0.0 0.0 0.0
0.0 0.0 0.0
0.0 0.0 0.0
0.0 0.0 0.0
0.0 0.0 0.0
0.0 0.0 0.0
0.0 0.0 0.0
0.0 0.0 0.0
0.0 0.0 0.0
0.0 0.0 0.0
0.0 0.0 0.0
0.0 0.0 0.0
0.0 0.0 0.0
0.0 0.0 0.0
0.0 0.0 0.0
0.0 0.0 0.0
0.0 0.0 0.0
0.0 0.0 0.0
0.0 0.0 0.0
0.0 0.0 0.0
0.0 0.0 0.0
0.0 0.0 0.0
0.0 0.0 0.0
0.0 0.0 0.0
0.0 0.0 0.0
0.0 0.0 0.0
0.0 0.0 0.0
0.0 0.0 0.0
0.0 0.0 0.0
0.0 0.0 0.0
0.0 0.0 0.0
0.0 0.0 0.0
0.0 0.0 0.0
0.0 0.0 0.0
0.0 0.0 0.0
0.0 0.0 0.0
0.0 0.0 0.0
0.0 0.0 0.0
0.0 0.0 0.0
0.0 0.0 0.0
0.0 0.0 0.0
0.0 0.0 0.0
0.0 0.0 0.0
0.0 0.0 0.0
0.0 0.0 0.0
0.0 0.0 0.0
0.0 0.0 0.0
0.0 0.0 0.0
0.0 0.0 0.0
0.0 0.0 0.0
0.0 0.0 0.0
0.0 0.0 0.0
0.0 0.0 0.0
0.0 0.0 0.0
0.0 0.0 0.0
0.0 0.0 0.0
0.0 0.0 0.0
0.0 0.0 0.0
0.0 0.0 0.0
0.0 0.0 0.0
0.0 0.0 0.0
0.0 0.0 0.0
0.0 0.0 0.0
0.0 0.0 0.0
0.0 0.0 0.0
0.0 0.0 0.0
0.0 0.0 0.0
0.0 0.0 0.0
0.0 0.0 0.0
0.0 0.0 0.0
0.0 0.0 0.0
0.0 0.0 0.0
0.0 0.0 0.0
0.0 0.0 0.0
0.0 0.0 0.0
0.0 0.0 0.0
0.0 0.0 0.0
0.0 0.0 0.0
0.0 0.0 0.0
0.0 0.0 0.0
0.0 0.0 0.0
0.0 0.0 0.0
0.0 0.0 0.0
0.0 0.0 0.0
0.0 0.0 0.0
0.0 0.0 0.0
0.0 0.0 0.0
0.0 0.0 0.0
0.0 0.0 0.0
0.0 0.0 0.0
0.0 0.0 0.0
0.0 0.0 0.0
0.0 0.0 0.0
0.0 0.0 0.0
0.0 0.0 0.0
0.0 0.0 0.0
0.0 0.0 0.0
0.0 0.0 0.0
0.0 0.0 0.0
0.0 0.0 0.0
0.0 0.0 0.0
0.0 0.0 0.0
0.0 0.0 0.0
0.0 0.0 0.0
0.0 0.0 0.0
0.0 0.0 0.0
0.0 0.0 0.0
0.0 0.0 0.0
0.0 0.0 0.0
0.0 0.0 0.0
0.0 0.0 0.0
0.0 0.0 0.0
0.0 0.0 0.0
0.0 0.0 0.0
0.0 0.0 0.0
0.0 0.0 0.0
0.0 0.0 0.0
0.0 0.0 0.0
0.0 0.0 0.0
0.0 0.0 0.0
0.0 0.0 0.0
0.0 0.0 0.0
0.0 0.0 0.0
0.0 0.0 0.0
0.0 0.0 0.0
0.0 0.0 0.0
0.0 0.0 0.0
0.0 0.0 0.0
0.0 0.0 0.0
0.0 0.0 0.0
0.0 0.0 0.0
0.0 0.0 0.0
0.0 0.0 0.0
0.0 0.0 0.0
0.0 0.0 0.0
0.0 0.0 0.0
0.0 0.0 0.0
0.0 0.0 0.0
0.0 0.0 0.0
0.0 0.0 0.0
0.0 0.0 0.0
0.0 0.0 0.0
0.0 0.0 0.0
0.0 0.0 0.0
0.0 0.0 0.0
0.0 0.0 0.0
0.0 0.0 0.0
0.0 0.0 0.0
0.0 0.0 0.0
0.0 0.0 0.0
0.0 0.0 0.0
0.0 0.0 0.0
0.0 0.0 0.0
0.0 0.0 0.0
0.0 0.0 0.0
0.0 0.0 0.0
0.0 0.0 0.0
0.0 0.0 0.0
0.0 0.0 0.0
0.0 0.0 0.0
0.0 0.0 0.0
0.0 0.0 0.0
0.0 0.0 0.0
0.0 0.0 0.0
0.0 0.0 0.0
0.0 0.0 0.0
0.0 0.0 0.0
0.0 0.0 0.0
0.0 0.0 0.0
0.0 0.0 0.0
0.0 0.0 0.0
0.0 0.0 0.0
0.0 0.0 0.0
0.0 0.0 0.0
0.0 0.0 0.0
0.0 0.0 0.0
0.0 0.0 0.0
0.0 0.0 0.0
0.0 0.0 0.0
0.0 0.0 0.0
0.0 0.0 0.0
0.0 0.0 0.0
0.0 0.0 0.0
0.0 0.0 0.0
0.0 0.0 0.0
0.0 0.0 0.0
0.0 0.0 0.0
0.0 0.0 0.0
0.0 0.0 0.0
0.0 0.0 0.0
0.0 0.0 0.0
0.0 0.0 0.0
0.0 0.0 0.0
0.0 0.0 0.0
0.0 0.0 0.0
0.0 0.0 0.0
0.0 0.0 0.0
0.0 0.0 0.0
0.0 0.0 0.0
0.0 0.0 0.0
0.0 0.0 0.0
0.0 0.0 0.0
0.0 0.0 0.0
0.0 0.0 0.0
0.0 0.0 0.0
0.0 0.0 0.0
0.0 0.0 0.0
0.0 0.0 0.0
0.0 0.0 0.0
0.0 0.0 0.0
0.0 0.0 0.0
0.0 0.0 0.0
0.0 0.0 0.0
0.0 0.0 0.0
0.0 0.0 0.0
0.0 0.0 0.0
0.0 0.0 0.0
0.0 0.0 0.0
0.0 0.0 0.0
0.0 0.0 0.0
0.0 0.0 0.0
0.0 0.0 0.0
0.0 0.0 0.0
0.0 0.0 0.0
0.0 0.0 0.0
0.0 0.0 0.0
0.0 0.0 0.0
0.0 0.0 0.0
0.0 0.0 0.0
0.0 0.0 0.0
0.0 0.0 0.0
0.0 0.0 0.0
0.0 0.0 0.0
0.0 0.0 0.0
0.0 0.0 0.0
0.0 0.0 0.0
0.0 0.0 0.0
0.0 0.0 0.0
0.0 0.0 0.0
0.0 0.0 0.0
0.0 0.0 0.0
0.0 0.0 0.0
0.0 0.0 0.0
0.0 0.0 0.0
0.0 0.0 0.0
0.0 0.0 0.0
0.0 0.0 0.0
0.0 0.0 0.0
0.0 0.0 0.0
0.0 0.0 0.0
0.0 0.0 0.0
0.0 0.0 0.0
0.0 0.0 0.0
0.0 0.0 0.0
0.0 0.0 0.0
0.0 0.0 0.0
0.0 0.0 0.0
0.0 0.0 0.0
0.0 0.0 0.0
0.0 0.0 0.0
0.0 0.0 0.0
0.0 0.0 0.0
0.0 0.0 0.0
0.0 0.0 0.0
0.0 0.0 0.0
0.0 0.0 0.0
0.0 0.0 0.0
0.0 0.0 0.0
0.0 0.0 0.0
0.0 0.0 0.0
0.0 0.0 0.0
0.0 0.0 0.0
0.0 0.0 0.0
0.0 0.0 0.0
0.0 0.0 0.0
0.0 0.0 0.0
0.0 0.0 0.0
0.0 0.0 0.0
0.0 0.0 0.0
0.0 0.0 0.0
0.0 0.0 0.0
0.0 0.0 0.0
0.0 0.0 0.0
0.0 0.0 0.0
0.0 0.0 0.0
0.0 0.0 0.0
0.0 0.0 0.0
0.0 0.0 0.0
0.0 0.0 0.0
0.0 0.0 0.0
0.0 0.0 0.0
0.0 0.0 0.0
0.0 0.0 0.0
0.0 0.0 0.0
0.0 0.0 0.0
0.0 0.0 0.0
0.0 0.0 0.0
0.0 0.0 0.0
0.0 0.0 0.0
0.0 0.0 0.0
0.0 0.0 0.0
0.0 0.0 0.0
0.0 0.0 0.0
0.0 0.0 0.0
0.0 0.0 0.0
0.0 0.0 0.0
0.0 0.0 0.0
0.0 0.0 0.0
0.0 0.0 0.0
0.0 0.0 0.0
0.0 0.0 0.0
0.0 0.0 0.0
0.0 0.0 0.0
0.0 0.0 0.0
0.0 0.0 0.0
0.0 0.0 0.0
0.0 0.0 0.0
0.0 0.0 0.0
0.0 0.0 0.0
0.0 0.0 0.0
0.0 0.0 0.0
0.0 0.0 0.0
0.0 0.0 0.0
0.0 0.0 0.0
0.0 0.0 0.0
0.0 0.0 0.0
0.0 0.0 0.0
0.0 0.0 0.0
0.0 0.0 0.0
5319839.227 0.008
5308848.948 0.008
5297853.381 0.008
5286852.539 0.008
5275846.431 0.008
5264835.070 0.008
5253818.465 0.008
5242796.627 0.009
5231769.569 0.009
5220737.300 0.009
5209699.832 0.009
5198657.175 0.009
5187609.341 0.009
5176556.341 0.009
5165498.185 0.009
5154434.886 0.009
5143366.452 0.009
5132292.897 0.009
5121214.230 0.009
5110130.464 0.009
5099041.608 0.009
5087947.674 0.009
5076848.672 0.009
5065744.615 0.009
5054635.513 0.009
5043521.377 0.009
5032402.218 0.009
5021278.048 0.009
5010148.877 0.009
4999014.716 0.009
4987875.576 0.009
4976731.470 0.009
4965582.407 0.010
4954428.399 0.010
4943269.456 0.010
4932105.591 0.010
4920936.814 0.010
4909763.136 0.010
4898584.569 0.010
4887401.123 0.010
4876212.810 0.010
4865019.641 0.010
4853821.626 0.010
4842618.778 0.010
4831411.107 0.010
4820198.625 0.010
4808981.342 0.010
4797759.270 0.010
4786532.420 0.010
4775300.803 0.010
4764064.430 0.010
4752823.313 0.010
4741577.462 0.010
4730326.890 0.010
4719071.607 0.011
4707811.623 0.011
4696546.952 0.011
4685277.603 0.011
4674003.589 0.011
4662724.919 0.011
4651441.606 0.011
4640153.661 0.011
4628861.094 0.011
4617563.918 0.011
4606262.143 0.011
4594955.781 0.011
4583644.843 0.011
4572329.340 0.011
4561009.283 0.011
4549684.685 0.011
4538355.555 0.011
4527021.905 0.011
4515683.748 0.011
4504341.093 0.012
4492993.952 0.012
4481642.337 0.012
4470286.259 0.012
4458925.729 0.012
4447560.758 0.012
4436191.358 0.012
4424817.540 0.012
4413439.315 0.012
4402056.695 0.012
4390669.692 0.012
4379278.315 0.012
4367882.578 0.012
4356482.490 0.012
4345078.065 0.012
4333669.311 0.012
4322256.242 0.013
4310838.869 0.013
4299417.203 0.013
4287991.254 0.013
4276561.036 0.013
4265126.558 0.013
4253687.833 0.013
4242244.872 0.013
4230797.686 0.013
4219346.287 0.013
4207890.686 0.013
4196430.894 0.013
4184966.923 0.013
4173498.785 0.013
4162026.490 0.013
4150550.050 0.014
4139069.477 0.014
4127584.782 0.014
4116095.976 0.014
4104603.072 0.014
4093106.079 0.014
4081605.010 0.014
4070099.877 0.014
4058590.690 0.014
4047077.461 0.014
4035560.203 0.014
4024038.925 0.014
4012513.639 0.015
4000984.358 0.015
3989451.092 0.015
3977913.854 0.015
3966372.653 0.015
3954827.503 0.015
3943278.414 0.015
3931725.399 0.015
3920168.468 0.015
3908607.632 0.015
3897042.905 0.015
3885474.296 0.015
3873901.818 0.016
3862325.482 0.016
3850745.300 0.016
3839161.283 0.016
3827573.443 0.016
3815981.790 0.016
3804386.338 0.016
3792787.097 0.016
3781184.079 0.016
3769577.295 0.016
3757966.757 0.017
3746352.477 0.017
3734734.466 0.017
3723112.736 0.017
3711487.298 0.017
3699858.164 0.017
3688225.345 0.017
3676588.853 0.017
3664948.700 0.017
3653304.898 0.017
3641657.457 0.018
3630006.389 0.018
3618351.706 0.018
3606693.420 0.018
3595031.543 0.018
3583366.085 0.018
3571697.058 0.018
3560024.475 0.018
3548348.346 0.019
3536668.684 0.019
3524985.499 0.019
3513298.805 0.019
3501608.611 0.019
3489914.931 0.019
3478217.774 0.019
3466517.155 0.019
3454813.082 0.020
3443105.570 0.020
3431394.628 0.020
3419680.270 0.020
3407962.506 0.020
3396241.348 0.020
3384516.808 0.020
3372788.897 0.020
3361057.628 0.021
3349323.011 0.021
3337585.059 0.021
3325843.783 0.021
3314099.196 0.021
3302351.307 0.021
3290600.131 0.022
3278845.677 0.022
3267087.958 0.022
3255326.985 0.022
3243562.771 0.022
3231795.326 0.022
3220024.663 0.022
3208250.794 0.023
3196473.729 0.023
3184693.481 0.023
3172910.062 0.023
3161123.483 0.023
3149333.756 0.023
3137540.893 0.024
3125744.905 0.024
3113945.805 0.024
3102143.603 0.024
3090338.312 0.024
3078529.944 0.025
3066718.510 0.025
3054904.022 0.025
3043086.491 0.025
3031265.931 0.025
3019442.351 0.025
3007615.765 0.026
2995786.183 0.026
2983953.619 0.026
2972118.082 0.026
2960279.586 0.026
2948438.142 0.027
2936593.762 0.027
2924746.457 0.027
2912896.240 0.027
2901043.122 0.028
2889187.115 0.028
2877328.230 0.028
2865466.481 0.028
2853601.878 0.028
2841734.433 0.029
2829864.158 0.029
2817991.065 0.029
2806115.166 0.029
2794236.472 0.030
2782354.996 0.030
2770470.749 0.030
2758583.743 0.030
2746693.990 0.031
2734801.501 0.031
2722906.290 0.031
2711008.366 0.032
2699107.743 0.032
2687204.432 0.032
2675298.445 0.032
2663389.794 0.033
2651478.491 0.033
2639564.547 0.033
2627647.974 0.034
2615728.785 0.034
2603806.991 0.034
2591882.604 0.034
2579955.636 0.035
2568026.099 0.035
2556094.004 0.035
2544159.364 0.036
2532222.191 0.036
2520282.495 0.036
2508340.290 0.037
2496395.587 0.037
2484448.398 0.037
2472498.735 0.038
2460546.610 0.038
2448592.035 0.038
2436635.021 0.039
2424675.580 0.039
2412713.726 0.040
2400749.468 0.040
2388782.820 0.040
2376813.792 0.041
2364842.398 0.041
2352868.649 0.042
2340892.557 0.042
2328914.134 0.042
2316933.392 0.043
2304950.342 0.043
2292964.997 0.044
2280977.369 0.044
2268987.469 0.045
2256995.309 0.045
2245000.902 0.046
2233004.260 0.046
2221005.394 0.047
2209004.316 0.047
2197001.038 0.048
2184995.572 0.048
2172987.931 0.049
2160978.125 0.049
2148966.168 0.050
2136952.071 0.050
2124935.845 0.051
2112917.504 0.051
2100897.059 0.052
2088874.521 0.052
2076849.903 0.053
2064823.217 0.054
2052794.475 0.054
2040763.689 0.055
2028730.870 0.056
2016696.031 0.056
2004659.184 0.057
1992620.341 0.058
1980579.513 0.058
1968536.713 0.059
1956491.953 0.060
1944445.245 0.060
1932396.600 0.061
1920346.031 0.062
1908293.549 0.063
1896239.167 0.063
1884182.897 0.064
1872124.751 0.065
1860064.740 0.066
1848002.877 0.067
1835939.174 0.067
1823873.643 0.068
1811806.295 0.069
1799737.143 0.070
1787666.199 0.071
1775593.475 0.072
1763518.982 0.073
1751442.734 0.074
1739364.741 0.075
1727285.016 0.076
1715203.571 0.077
1703120.419 0.078
1691035.570 0.079
1678949.037 0.080
1666860.832 0.081
1654770.968 0.082
1642679.455 0.083
1630586.307 0.085
1618491.535 0.086
1606395.152 0.087
1594297.168 0.088
1582197.598 0.090
1570096.451 0.091
1557993.741 0.092
1545889.480 0.094
1533783.679 0.095
1521676.351 0.097
1509567.507 0.098
1497457.161 0.099
1485345.323 0.101
1473232.006 0.103
1461117.222 0.104
1449000.983 0.106
1436883.301 0.108
1424764.188 0.109
1412643.657 0.111
1400521.718 0.113
1388398.385 0.115
1376273.670 0.117
1364147.584 0.119
1352020.140 0.121
1339891.349 0.123
1327761.224 0.125
1315629.777 0.127
1303497.020 0.129
1291362.964 0.131
1279227.623 0.134
1267091.008 0.136
1254953.131 0.138
1242814.005 0.141
1230673.641 0.144
1218532.051 0.146
1206389.248 0.149
1194245.244 0.152
1182100.050 0.155
1169953.680 0.158
1157806.144 0.161
1145657.455 0.164
1133507.626 0.167
1121356.668 0.170
1109204.593 0.174
1097051.414 0.177
1084897.142 0.181
1072741.790 0.184
1060585.369 0.188
1048427.893 0.192
1036269.372 0.196
1024109.820 0.200
1011949.248 0.205
999787.668 0.209
987625.093 0.214
975461.534 0.218
963297.004 0.223
951131.514 0.228
938965.077 0.233
926797.706 0.239
914629.411 0.244
902460.206 0.250
890290.102 0.256
878119.112 0.262
865947.247 0.268
853774.520 0.275
841600.942 0.281
829426.527 0.288
817251.286 0.295
805075.231 0.303
792898.374 0.310
780720.727 0.318
768542.304 0.327
756363.115 0.335
744183.172 0.344
732002.489 0.353
719821.077 0.363
707638.948 0.372
695456.114 0.383
683272.588 0.393
671088.382 0.404
658903.507 0.415
646717.976 0.427
634531.801 0.439
622344.994 0.452
610157.568 0.465
597969.534 0.478
585780.904 0.492
573591.691 0.506
561401.908 0.521
549211.565 0.536
537020.675 0.552
524829.250 0.569
512637.303 0.585
500444.845 0.603
488251.889 0.620
476058.447 0.639
463864.531 0.657
451670.153 0.676
439475.325 0.696
427280.059 0.716
415084.368 0.736
402888.264 0.756
390691.758 0.776
378494.864 0.796
366297.592 0.816
354099.956 0.836
341901.967 0.856
329703.638 0.875
317504.981 0.893
305306.007 0.910
293106.729 0.926
280907.160 0.940
268707.310 0.953
256507.193 0.965
244306.821 0.974
232106.206 0.982
219905.359 0.988
207704.293 0.993
195503.021 0.996
183301.554 0.998
171099.904 0.999
158898.084 1.000
146696.106 1.000
134493.981 1.000
122291.723 1.000
110089.343 1.000
97886.853 1.000
85684.266 1.000
73481.594 1.000
61278.848 1.000
49076.042 1.000
36873.186 1.000
24670.294 1.000
12467.377 1.000
264.448 1.000
11938.482 1.000
24141.399 1.000
36344.293 1.000
48547.150 1.000
60749.959 1.000
72952.708 1.000
85155.384 1.000
97357.975 1.000
109560.469 1.000
121762.854 1.000
133965.118 1.000
146167.248 1.000
158369.233 1.000
170571.060 0.999
182772.717 0.998
194974.193 0.996
207175.474 0.993
219376.549 0.988
231577.405 0.982
243778.031 0.975
255978.414 0.965
268178.542 0.954
280378.404 0.941
292577.986 0.926
304777.276 0.910
316976.263 0.893
329174.935 0.875
341373.279 0.857
353571.283 0.837
365768.934 0.817
377966.222 0.797
390163.133 0.777
402359.656 0.757
414555.778 0.736
426751.487 0.716
438946.772 0.697
451141.619 0.677
463336.017 0.658
475529.954 0.639
487723.417 0.621
499916.395 0.603
512108.875 0.586
524300.844 0.569
536492.292 0.553
548683.206 0.537
560873.573 0.522
573063.382 0.507
585252.620 0.492
597441.275 0.479
609629.336 0.465
621816.789 0.452
634003.624 0.440
646189.827 0.427
658375.386 0.416
670560.291 0.404
20.025 2103962.585 0.066334403
20.145 2097826.622 0.066455778
20.266 2091696.090 0.066579239
20.387 2085571.045 0.066704791
20.509 2079451.540 0.066832440
20.631 2073337.632 0.066962190
20.754 2067229.376 0.067094048
20.878 2061126.831 0.067228019
21.002 2055030.052 0.067364109
21.126 2048939.098 0.067502324
21.251 2042854.027 0.067642671
21.377 2036774.899 0.067785155
21.503 2030701.774 0.067929784
21.630 2024634.711 0.068076565
21.757 2018573.773 0.068225503
21.885 2012519.020 0.068376607
22.013 2006470.516 0.068529885
22.142 2000428.324 0.068685342
22.272 1994392.506 0.068842987
22.402 1988363.129 0.069002828
22.533 1982340.256 0.069164873
22.664 1976323.954 0.069329130
22.796 1970314.290 0.069495607
22.929 1964311.330 0.069664312
23.062 1958315.143 0.069835254
23.196 1952325.798 0.070008442
23.331 1946343.363 0.070183884
23.466 1940367.910 0.070361590
23.602 1934399.510 0.070541568
23.738 1928438.233 0.070723828
23.875 1922484.153 0.070908379
24.013 1916537.344 0.071095231
24.151 1910597.879 0.071284393
24.290 1904665.833 0.071475874
24.430 1898741.283 0.071669685
24.570 1892824.304 0.071865836
24.711 1886914.975 0.072064336
24.853 1881013.374 0.072265195
24.995 1875119.580 0.072468425
25.138 1869233.673 0.072674034
25.282 1863355.734 0.072882034
25.426 1857485.845 0.073092435
25.571 1851624.089 0.073305248
25.717 1845770.550 0.073520483
25.864 1839925.311 0.073738150
26.011 1834088.459 0.073958262
26.159 1828260.081 0.074180827
26.308 1822440.263 0.074405858
26.457 1816629.094 0.074633365
26.607 1810826.664 0.074863360
26.758 1805033.062 0.075095853
26.910 1799248.381 0.075330855
27.063 1793472.713 0.075568377
27.216 1787706.151 0.075808431
27.370 1781948.790 0.076051028
27.525 1776200.725 0.076296178
27.680 1770462.053 0.076543894
27.836 1764732.872 0.076794185
27.994 1759013.281 0.077047064
28.152 1753303.378 0.077302542
28.310 1747603.266 0.077560628
28.470 1741913.047 0.077821336
28.630 1736232.823 0.078084675
28.791 1730562.700 0.078350656
28.953 1724902.782 0.078619292
29.116 1719253.177 0.078890591
29.280 1713613.993 0.079164567
29.445 1707985.338 0.079441228
29.610 1702367.323 0.079720586
29.776 1696760.060 0.080002651
29.943 1691163.662 0.080287434
30.111 1685578.242 0.080574945
30.280 1680003.917 0.080865194
30.450 1674440.802 0.081158192
30.621 1668889.016 0.081453949
30.792 1663348.677 0.081752473
30.965 1657819.908 0.082053776
31.138 1652302.829 0.082357866
31.312 1646797.564 0.082664752
31.487 1641304.238 0.082974444
31.663 1635822.976 0.083286951
31.841 1630353.906 0.083602281
32.018 1624897.157 0.083920442
32.197 1619452.860 0.084241443
32.377 1614021.145 0.084565292
32.558 1608602.147 0.084891996
32.740 1603195.999 0.085221562
32.923 1597802.838 0.085553998
33.106 1592422.802 0.085889310
33.291 1587056.029 0.086227505
33.477 1581702.660 0.086568589
33.664 1576362.838 0.086912566
33.851 1571036.706 0.087259443
34.040 1565724.410 0.087609224
34.230 1560426.096 0.087961914
34.420 1555141.912 0.088317517
34.612 1549872.010 0.088676035
34.805 1544616.540 0.089037473
34.999 1539375.656 0.089401833
35.194 1534149.513 0.089769117
35.390 1528938.268 0.090139325
35.586 1523742.078 0.090512461
35.785 1518561.104 0.090888522
35.984 1513395.507 0.091267511
36.184 1508245.451 0.091649425
36.385 1503111.102 0.092034263
36.587 1497992.625 0.092422023
36.791 1492890.189 0.092812702
36.995 1487803.966 0.093206298
37.201 1482734.126 0.093602804
37.408 1477680.845 0.094002218
37.615 1472644.296 0.094404532
37.824 1467624.659 0.094809740
38.034 1462622.113 0.095217835
38.246 1457636.838 0.095628809
38.458 1452669.018 0.096042652
38.671 1447718.837 0.096459354
38.886 1442786.483 0.096878905
39.102 1437872.143 0.097301292
39.318 1432976.009 0.097726503
39.536 1428098.272 0.098154523
39.756 1423239.127 0.098585339
39.976 1418398.770 0.099018932
40.197 1413577.399 0.099455288
40.420 1408775.214 0.099894386
40.644 1403992.416 0.100336208
40.869 1399229.210 0.100780734
41.095 1394485.802 0.101227940
41.322 1389762.398 0.101677805
41.551 1385059.208 0.102130303
41.780 1380376.444 0.102585410
42.011 1375714.320 0.103043097
42.243 1371073.050 0.103503337
42.477 1366452.852 0.103966100
42.711 1361853.945 0.104431354
42.947 1357276.551 0.104899067
43.183 1352720.892 0.105369204
43.421 1348187.193 0.105841730
43.660 1343675.682 0.106316608
43.901 1339186.587 0.106793797
44.142 1334720.140 0.107273259
44.385 1330276.572 0.107754949
44.629 1325856.118 0.108238826
44.874 1321459.016 0.108724842
45.120 1317085.502 0.109212951
45.368 1312735.819 0.109703103
45.616 1308410.207 0.110195247
45.866 1304108.910 0.110689330
46.117 1299832.175 0.111185298
46.369 1295580.249 0.111683094
46.622 1291353.382 0.112182660
46.877 1287151.824 0.112683933
47.132 1282975.828 0.113186854
47.389 1278825.650 0.113691355
47.647 1274701.546 0.114197372
47.905 1270603.773 0.114704835
48.165 1266532.591 0.115213674
48.427 1262488.263 0.115723815
48.689 1258471.050 0.116235184
48.952 1254481.218 0.116747703
49.216 1250519.033 0.117261293
49.482 1246584.761 0.117775873
49.748 1242678.673 0.118291358
50.016 1238801.039 0.118807664
50.284 1234952.131 0.119324701
50.554 1231132.221 0.119842379
50.824 1227341.586 0.120360605
51.096 1223580.500 0.120879284
51.368 1219849.240 0.121398320
51.641 1216148.086 0.121917612
51.915 1212477.316 0.122437059
52.190 1208837.211 0.122956555
52.466 1205228.053 0.123475996
52.743 1201650.123 0.123995272
53.021 1198103.705 0.124514273
53.299 1194589.084 0.125032884
53.578 1191106.544 0.125550991
53.858 1187656.371 0.126068475
54.138 1184238.852 0.126585218
54.419 1180854.273 0.127101095
54.701 1177502.921 0.127615984
54.984 1174185.085 0.128129758
55.267 1170901.053 0.128642288
55.550 1167651.113 0.129153443
55.834 1164435.553 0.129663090
56.118 1161254.664 0.130171095
56.403 1158108.732 0.130677321
56.688 1154998.048 0.131181628
56.973 1151922.900 0.131683877
57.259 1148883.575 0.132183925
57.545 1145880.363 0.132681628
57.830 1142913.551 0.133176839
58.116 1139983.425 0.133669411
58.402 1137090.272 0.134159195
58.688 1134234.379 0.134646040
58.974 1131416.029 0.135129793
59.260 1128635.507 0.135610302
59.545 1125893.096 0.136087410
59.830 1123189.078 0.136560963
60.115 1120523.733 0.137030802
60.399 1117897.339 0.137496770
60.683 1115310.176 0.137958707
60.965 1112762.519 0.138416453
61.248 1110254.643 0.138869847
61.529 1107786.819 0.139318729
61.810 1105359.319 0.139762935
62.089 1102972.411 0.140202304
62.367 1100626.362 0.140636673
62.644 1098321.434 0.141065879
62.920 1096057.891 0.141489759
63.194 1093835.991 0.141908150
63.467 1091655.990 0.142320890
63.738 1089518.142 0.142727816
64.007 1087422.698 0.143128767
64.274 1085369.904 0.143523581
64.539 1083360.005 0.143912097
64.802 1081393.243 0.144294157
65.062 1079469.855 0.144669601
65.320 1077590.074 0.145038272
65.575 1075754.131 0.145400013
65.828 1073962.253 0.145754671
66.077 1072214.661 0.146102091
66.323 1070511.575 0.146442122
66.566 1068853.209 0.146774615
66.805 1067239.771 0.147099422
67.040 1065671.469 0.147416399
67.272 1064148.503 0.147725400
67.499 1062671.068 0.148026288
67.722 1061239.357 0.148318922
67.941 1059853.556 0.148603169
68.155 1058513.845 0.148878895
68.364 1057220.403 0.149145973
68.567 1055973.399 0.149404275
68.766 1054772.999 0.149653679
68.958 1053619.363 0.149894066
69.145 1052512.647 0.150125320
69.326 1051452.999 0.150347330
69.501 1050440.562 0.150559987
69.670 1049475.473 0.150763187
69.831 1048557.864 0.150956831
69.986 1047687.861 0.151140823
70.134 1046865.582 0.151315072
70.274 1046091.141 0.151479490
70.407 1045364.644 0.151633996
70.532 1044686.192 0.151778512
70.649 1044055.879 0.151912964
70.758 1043473.792 0.152037285
70.859 1042940.012 0.152151412
70.952 1042454.614 0.152255287
71.036 1042017.665 0.152348856
71.111 1041629.227 0.152432071
71.177 1041289.354 0.152504891
71.235 1040998.092 0.152567277
71.283 1040755.484 0.152619196
71.322 1040561.563 0.152660624
71.352 1040416.355 0.152691537
71.373 1040319.882 0.152711920
71.384 1040272.156 0.152721762
71.386 1040273.183 0.152721058
71.379 1040322.964 0.152709809
71.362 1040421.490 0.152688019
71.336 1040568.748 0.152655700
71.301 1040764.716 0.152612868
71.256 1041009.366 0.152559546
71.203 1041302.662 0.152495761
71.140 1041644.564 0.152421545
71.069 1042035.022 0.152336936
70.988 1042473.982 0.152241977
70.900 1042961.380 0.152136717
70.802 1043497.149 0.152021210
70.697 1044081.212 0.151895513
70.583 1044713.488 0.151759690
70.461 1045393.888 0.151613810
70.332 1046122.317 0.151457947
70.195 1046898.674 0.151292177
70.050 1047722.851 0.151116584
69.898 1048594.733 0.150931255
69.740 1049514.201 0.150736281
69.574 1050481.128 0.150531760
69.403 1051495.382 0.150317790
69.224 1052556.824 0.150094476
69.040 1053665.311 0.149861927
68.850 1054820.691 0.149620254
68.654 1056022.811 0.149369574
68.453 1057271.508 0.149110006
68.247 1058566.617 0.148841672
68.035 1059907.964 0.148564700
67.819 1061295.374 0.148279219
67.598 1062728.663 0.147985360
67.373 1064207.644 0.147683261
67.144 1065732.125 0.147373057
66.911 1067301.909 0.147054891
66.673 1068916.795 0.146728905
66.433 1070576.576 0.146395246
66.188 1072281.041 0.146054060
65.941 1074029.975 0.145705497
65.690 1075823.160 0.145349710
65.437 1077660.372 0.144986850
65.181 1079541.383 0.144617074
64.922 1081465.963 0.144240536
64.661 1083433.878 0.143857396
64.397 1085444.888 0.143467812
64.132 1087498.753 0.143071942
63.864 1089595.227 0.142669949
63.594 1091734.062 0.142261993
63.323 1093915.007 0.141848235
63.050 1096137.807 0.141428839
62.776 1098402.207 0.141003967
62.500 1100707.946 0.140573782
62.223 1103054.763 0.140138446
61.945 1105442.392 0.139698122
61.665 1107870.567 0.139252974
61.385 1110339.018 0.138803163
61.104 1112847.476 0.138348851
60.822 1115395.666 0.137890199
60.539 1117983.314 0.137427368
60.256 1120610.143 0.136960519
59.973 1123275.875 0.136489810
59.689 1125980.231 0.136015399
59.404 1128722.930 0.135537444
59.119 1131503.689 0.135056100
58.835 1134322.225 0.134571523
58.549 1137178.254 0.134083865
58.264 1140071.491 0.133593278
57.979 1143001.650 0.133099915
57.694 1145968.443 0.132603922
57.409 1148971.583 0.132105449
57.124 1152010.783 0.131604640
56.840 1155085.754 0.131101640
56.555 1158196.208 0.130596590
56.271 1161341.855 0.130089633
55.988 1164522.407 0.129580905
55.705 1167737.575 0.129070544
55.422 1170987.069 0.128558684
55.140 1174270.601 0.128045458
54.858 1177587.883 0.127530996
54.577 1180938.625 0.127015427
54.296 1184322.540 0.126498877
54.016 1187739.340 0.125981470
53.737 1191188.739 0.125463328
53.459 1194670.449 0.124944571
53.181 1198184.185 0.124425316
52.904 1201729.662 0.123905679
52.628 1205306.595 0.123385773
52.352 1208914.701 0.122865707
52.078 1212553.698 0.122345592
51.804 1216223.304 0.121825533
51.531 1219923.238 0.121305633
51.260 1223653.221 0.120785995
50.989 1227412.974 0.120266718
50.719 1231202.221 0.119747899
50.450 1235020.685 0.119229633
50.182 1238868.092 0.118712012
49.915 1242744.169 0.118195126
49.649 1246648.643 0.117679063
49.384 1250581.244 0.117163910
49.120 1254541.702 0.116649750
48.857 1258529.751 0.116136663
48.595 1262545.124 0.115624730
48.335 1266587.556 0.115114026
48.075 1270656.785 0.114604628
47.817 1274752.549 0.114096607
47.559 1278874.588 0.113590034
47.303 1283022.644 0.113084977
47.048 1287196.462 0.112581503
46.794 1291395.786 0.112079677
46.541 1295620.363 0.111579560
46.289 1299869.942 0.111081213
46.039 1304144.275 0.110584695
45.789 1308443.113 0.110090061
45.541 1312766.210 0.109597367
45.294 1317113.323 0.109106664
45.048 1321484.210 0.108618004
44.803 1325878.631 0.108131436
44.560 1330296.346 0.107647007
44.318 1334737.121 0.107164763
44.076 1339200.719 0.106684747
43.836 1343686.910 0.106207001
43.598 1348195.461 0.105731566
43.360 1352726.144 0.105258480
43.123 1357278.733 0.104787781
42.888 1361853.002 0.104319504
42.654 1366448.728 0.103853684
42.421 1371065.690 0.103390352
42.189 1375703.670 0.102929541
41.959 1380362.449 0.102471279
41.730 1385041.813 0.102015595
41.501 1389741.549 0.101562516
41.274 1394461.444 0.101112067
41.048 1399201.290 0.100664273
40.824 1403960.879 0.100219156
40.600 1408740.005 0.099776739
40.378 1413538.465 0.099337041
40.157 1418356.058 0.098900082
39.937 1423192.582 0.098465880
39.718 1428047.841 0.098034452
39.500 1432921.637 0.097605815
39.283 1437813.779 0.097179982
39.068 1442724.072 0.096756968
38.854 1447652.326 0.096336785
38.641 1452598.354 0.095919445
38.429 1457561.969 0.095504959
38.218 1462542.985 0.095093337
38.008 1467541.220 0.094684588
37.799 1472556.493 0.094278720
37.592 1477588.625 0.093875741
37.385 1482637.438 0.093475656
37.180 1487702.757 0.093078471
36.975 1492784.408 0.092684191
36.772 1497882.218 0.092292821
36.570 1502996.018 0.091904364
36.369 1508125.639 0.091518821
36.169 1513270.915 0.091136196
35.970 1518431.680 0.090756490
35.773 1523607.771 0.090379703
35.576 1528799.026 0.090005836
35.380 1534005.286 0.089634887
35.186 1539226.393 0.089266857
34.992 1544462.189 0.088901742
34.799 1549712.521 0.088539542
34.608 1554977.235 0.088180253
34.417 1560256.178 0.087823872
34.228 1565549.203 0.087470396
34.039 1570856.159 0.087119820
33.852 1576176.900 0.086772140
33.665 1581511.282 0.086427352
33.480 1586859.160 0.086085448
33.295 1592220.392 0.085746425
33.112 1597594.838 0.085410276
32.929 1602982.360 0.085076993
32.748 1608382.818 0.084746572
32.567 1613796.078 0.084419003
32.387 1619222.004 0.084094281
32.209 1624660.465 0.083772397
32.031 1630111.327 0.083453343
31.854 1635574.462 0.083137111
31.678 1641049.739 0.082823692
31.503 1646537.033 0.082513078
31.329 1652036.216 0.082205260
31.156 1657547.165 0.081900228
30.984 1663069.756 0.081597973
30.812 1668603.867 0.081298486
30.642 1674149.378 0.081001757
30.472 1679706.170 0.080707775
30.304 1685274.124 0.080416531
30.136 1690853.124 0.080128015
29.969 1696443.056 0.079842215
29.803 1702043.804 0.079559123
29.637 1707655.256 0.079278726
29.473 1713277.301 0.079001015
29.310 1718909.828 0.078725978
29.147 1724552.729 0.078453605
28.985 1730205.895 0.078183885
28.824 1735869.219 0.077916806
28.664 1741542.597 0.077652358
28.504 1747225.923 0.077390530
28.346 1752919.095 0.077131309
28.188 1758622.011 0.076874686
28.031 1764334.570 0.076620648
27.875 1770056.671 0.076369185
27.719 1775788.217 0.076120285
27.565 1781529.109 0.075873937
27.411 1787279.251 0.075630129
27.258 1793038.548 0.075388851
27.106 1798806.905 0.075150090
26.954 1804584.228 0.074913837
26.803 1810370.427 0.074680078
26.653 1816165.408 0.074448804
26.504 1821969.082 0.074220003
26.355 1827781.359 0.073993664
26.207 1833602.152 0.073769776
26.060 1839431.372 0.073548327
25.914 1845268.933 0.073329307
25.768 1851114.750 0.073112705
25.623 1856968.738 0.072898509
25.479 1862830.814 0.072686710
25.335 1868700.895 0.072477296
25.192 1874578.899 0.072270256
25.050 1880464.745 0.072065581
24.909 1886358.353 0.071863259
24.768 1892259.645 0.071663280
24.628 1898168.541 0.071465634
24.488 1904084.964 0.071270311
24.349 1910008.838 0.071077300
24.211 1915940.087 0.070886591
24.074 1921878.635 0.070698175
23.937 1927824.410 0.070512042
23.800 1933777.337 0.070328182
23.665 1939737.344 0.070146586
23.530 1945704.360 0.069967243
23.395 1951678.312 0.069790145
23.262 1957659.132 0.069615283
23.129 1963646.749 0.069442647
22.996 1969641.095 0.069272228
22.864 1975642.103 0.069104019
22.733 1981649.703 0.068938009
22.602 1987663.831 0.068774191
22.472 1993684.420 0.068612556
22.343 1999711.406 0.068453096
22.214 2005744.723 0.068295803
22.085 2011784.308 0.068140668
21.958 2017830.098 0.067987685
21.831 2023882.031 0.067836846
21.704 2029940.045 0.067688142
21.578 2036004.078 0.067541567
21.452 2042074.071 0.067397113
21.327 2048149.964 0.067254774
21.203 2054231.697 0.067114543
21.079 2060319.212 0.066976413
20.956 2066412.451 0.066840378
20.833 2072511.357 0.066706431
20.711 2078615.873 0.066574567
20.589 2084725.943 0.066444779
20.468 2090841.511 0.066317061
20.348 2096962.523 0.066191408
20.227 2103088.923 0.066067815
20.108 2109220.659 0.065946277
