20.093 2105744.102 0.066141716
20.203 2100101.933 0.066253090
20.315 2094464.411 0.066366218
20.426 2088831.580 0.066481104
20.538 2083203.483 0.066597751
20.651 2077580.162 0.066716164
20.764 2071961.663 0.066836346
20.877 2066348.029 0.066958303
20.991 2060739.305 0.067082038
21.106 2055135.536 0.067207556
21.221 2049536.768 0.067334861
21.336 2043943.048 0.067463960
21.452 2038354.421 0.067594856
21.568 2032770.935 0.067727555
21.685 2027192.637 0.067862062
21.802 2021619.576 0.067998382
21.920 2016051.799 0.068136520
22.038 2010489.355 0.068276483
22.156 2004932.294 0.068418276
22.276 1999380.666 0.068561905
22.395 1993834.521 0.068707375
22.515 1988293.909 0.068854693
22.636 1982758.883 0.069003865
22.757 1977229.494 0.069154896
22.879 1971705.794 0.069307794
23.001 1966187.837 0.069462565
23.124 1960675.675 0.069619214
23.247 1955169.363 0.069777750
23.371 1949668.955 0.069938178
23.495 1944174.506 0.070100505
23.620 1938686.072 0.070264739
23.746 1933203.708 0.070430886
23.871 1927727.473 0.070598953
23.998 1922257.422 0.070768948
24.125 1916793.613 0.070940877
24.252 1911336.106 0.071114748
24.381 1905884.958 0.071290569
24.509 1900440.231 0.071468346
24.639 1895001.983 0.071648088
24.768 1889570.275 0.071829802
24.899 1884145.170 0.072013495
25.030 1878726.728 0.072199176
25.161 1873315.013 0.072386852
25.293 1867910.089 0.072576531
25.426 1862512.018 0.072768222
25.559 1857120.865 0.072961931
25.693 1851736.696 0.073157667
25.828 1846359.577 0.073355439
25.963 1840989.574 0.073555253
26.099 1835626.754 0.073757120
26.235 1830271.185 0.073961045
26.372 1824922.937 0.074167039
26.509 1819582.077 0.074375109
26.648 1814248.676 0.074585264
26.786 1808922.806 0.074797511
26.926 1803604.537 0.075011859
27.066 1798293.941 0.075228317
27.207 1792991.091 0.075446893
27.348 1787696.062 0.075667596
27.490 1782408.926 0.075890433
27.633 1777129.761 0.076115413
27.776 1771858.641 0.076342545
27.920 1766595.643 0.076571837
28.065 1761340.844 0.076803297
28.210 1756094.324 0.077036934
28.356 1750856.160 0.077272757
28.503 1745626.434 0.077510773
28.650 1740405.224 0.077750990
28.798 1735192.614 0.077993418
28.947 1729988.685 0.078238064
29.097 1724793.521 0.078484937
29.247 1719607.205 0.078734044
29.398 1714429.823 0.078985394
29.549 1709261.460 0.079238995
29.702 1704102.203 0.079494854
29.855 1698952.139 0.079752980
30.009 1693811.357 0.080013381
30.163 1688679.946 0.080276064
30.318 1683557.997 0.080541036
30.474 1678445.599 0.080808306
30.631 1673342.847 0.081077881
30.789 1668249.831 0.081349768
30.947 1663166.648 0.081623974
31.106 1658093.390 0.081900506
31.266 1653030.155 0.082179371
31.426 1647977.039 0.082460577
31.587 1642934.140 0.082744129
31.749 1637901.556 0.083030034
31.912 1632879.388 0.083318299
32.076 1627867.737 0.083608929
32.240 1622866.703 0.083901931
32.406 1617876.391 0.084197310
32.572 1612896.903 0.084495072
32.739 1607928.345 0.084795222
32.906 1602970.823 0.085097765
33.075 1598024.444 0.085402707
33.244 1593089.317 0.085710051
33.414 1588165.549 0.086019803
33.585 1583253.252 0.086331966
33.757 1578352.537 0.086646544
33.930 1573463.517 0.086963541
34.103 1568586.304 0.087282961
34.278 1563721.015 0.087604805
34.453 1558867.764 0.087929077
34.629 1554026.670 0.088255779
34.806 1549197.849 0.088584913
34.984 1544381.422 0.088916481
35.162 1539577.508 0.089250484
35.342 1534786.231 0.089586923
35.522 1530007.711 0.089925798
35.703 1525242.075 0.090267110
35.886 1520489.446 0.090610858
36.069 1515749.952 0.090957042
36.253 1511023.720 0.091305660
36.438 1506310.879 0.091656710
36.623 1501611.559 0.092010191
36.810 1496925.892 0.092366100
36.998 1492254.011 0.092724433
37.186 1487596.048 0.093085188
37.376 1482952.141 0.093448360
37.566 1478322.424 0.093813943
37.757 1473707.037 0.094181934
37.950 1469106.117 0.094552326
38.143 1464519.805 0.094925112
38.337 1459948.244 0.095300286
38.532 1455391.575 0.095677839
38.728 1450849.943 0.096057764
38.925 1446323.494 0.096440051
39.123 1441812.375 0.096824691
39.322 1437316.734 0.097211673
39.521 1432836.720 0.097600985
39.722 1428372.484 0.097992617
39.924 1423924.180 0.098386555
40.127 1419491.959 0.098782786
40.330 1415075.978 0.099181296
40.535 1410676.392 0.099582070
40.741 1406293.359 0.099985091
40.947 1401927.039 0.100390343
41.155 1397577.591 0.100797809
41.363 1393245.178 0.101207469
41.573 1388929.962 0.101619305
41.783 1384632.108 0.102033297
41.995 1380351.783 0.102449422
42.207 1376089.152 0.102867658
42.421 1371844.385 0.103287983
42.635 1367617.652 0.103710372
42.851 1363409.124 0.104134799
43.067 1359218.974 0.104561239
43.284 1355047.375 0.104989663
43.503 1350894.504 0.105420044
43.722 1346760.537 0.105852351
43.943 1342645.652 0.106286554
44.164 1338550.029 0.106722620
44.386 1334473.849 0.107160518
44.609 1330417.293 0.107600211
44.834 1326380.546 0.108041666
45.059 1322363.791 0.108484844
45.285 1318367.216 0.108929708
45.512 1314391.008 0.109376219
45.740 1310435.355 0.109824336
45.970 1306500.448 0.110274017
46.200 1302586.477 0.110725219
46.431 1298693.636 0.111177897
46.663 1294822.119 0.111632005
46.896 1290972.120 0.112087495
47.129 1287143.836 0.112544320
47.364 1283337.464 0.113002429
47.600 1279553.203 0.113461770
47.836 1275791.254 0.113922290
48.074 1272051.817 0.114383935
48.312 1268335.094 0.114846648
48.552 1264641.289 0.115310372
48.792 1260970.607 0.115775049
49.033 1257323.252 0.116240617
49.275 1253699.432 0.116707014
49.518 1250099.355 0.117174177
49.762 1246523.228 0.117642041
50.006 1242971.262 0.118110539
50.251 1239443.668 0.118579602
50.498 1235940.657 0.119049161
50.744 1232462.441 0.119519144
50.992 1229009.234 0.119989479
51.241 1225581.250 0.120460090
51.490 1222178.705 0.120930902
51.740 1218801.814 0.121401836
51.991 1215450.794 0.121872813
52.242 1212125.861 0.122343752
52.494 1208827.235 0.122814571
52.747 1205555.134 0.123285186
53.000 1202309.777 0.123755509
53.254 1199091.383 0.124225456
53.509 1195900.174 0.124694935
53.764 1192736.369 0.125163857
54.019 1189600.191 0.125632130
54.276 1186491.861 0.126099661
54.532 1183411.600 0.126566353
54.789 1180359.632 0.127032111
55.047 1177336.178 0.127496837
55.305 1174341.461 0.127960431
55.563 1171375.704 0.128422792
55.822 1168439.130 0.128883817
56.081 1165531.962 0.129343404
56.340 1162654.423 0.129801446
56.600 1159806.736 0.130257838
56.860 1156989.122 0.130712471
57.119 1154201.806 0.131165237
57.379 1151445.009 0.131616026
57.639 1148718.952 0.132064725
57.900 1146023.858 0.132511223
58.160 1143359.948 0.132955405
58.420 1140727.442 0.133397156
58.679 1138126.560 0.133836362
58.939 1135557.522 0.134272905
59.199 1133020.545 0.134706668
59.458 1130515.849 0.135137531
59.717 1128043.649 0.135565376
59.975 1125604.162 0.135990083
60.233 1123197.603 0.136411530
60.491 1120824.186 0.136829597
60.747 1118484.124 0.137244161
61.004 1116177.628 0.137655099
61.259 1113904.909 0.138062289
61.514 1111666.175 0.138465608
61.768 1109461.633 0.138864931
62.020 1107291.491 0.139260136
62.272 1105155.951 0.139651097
62.523 1103055.217 0.140037692
62.772 1100989.490 0.140419795
63.021 1098958.967 0.140797283
63.267 1096963.847 0.141170033
63.513 1095004.324 0.141537920
63.756 1093080.591 0.141900822
63.998 1091192.839 0.142258616
64.239 1089341.256 0.142611179
64.477 1087526.028 0.142958391
64.713 1085747.340 0.143300129
64.947 1084005.371 0.143636275
65.179 1082300.300 0.143966708
65.409 1080632.304 0.144291310
65.636 1079001.556 0.144609965
65.860 1077408.225 0.144922555
66.082 1075852.479 0.145228968
66.301 1074334.482 0.145529088
66.517 1072854.396 0.145822803
66.729 1071412.378 0.146110005
66.939 1070008.584 0.146390582
67.145 1068643.165 0.146664429
67.347 1067316.269 0.146931441
67.545 1066028.041 0.147191513
67.740 1064778.622 0.147444544
67.931 1063568.149 0.147690435
68.117 1062396.757 0.147929089
68.299 1061264.574 0.148160412
68.477 1060171.729 0.148384310
68.650 1059118.343 0.148600693
68.818 1058104.534 0.148809475
68.981 1057130.416 0.149010570
69.139 1056196.101 0.149203896
69.291 1055301.694 0.149389374
69.438 1054447.298 0.149566928
69.579 1053633.009 0.149736483
69.715 1052858.922 0.149897969
69.844 1052125.125 0.150051319
69.968 1051431.704 0.150196468
70.085 1050778.737 0.150333355
70.196 1050166.301 0.150461923
70.300 1049594.468 0.150582117
70.397 1049063.302 0.150693885
70.488 1048572.867 0.150797180
70.572 1048123.220 0.150891959
70.648 1047714.413 0.150978180
70.718 1047346.493 0.151055805
70.780 1047019.504 0.151124803
70.835 1046733.485 0.151185143
70.882 1046488.468 0.151236798
70.922 1046284.482 0.151279747
70.955 1046121.551 0.151313970
70.980 1045999.694 0.151339454
70.997 1045918.925 0.151356186
71.006 1045879.253 0.151364160
71.008 1045880.682 0.151363371
71.002 1045923.212 0.151353821
70.989 1046006.837 0.151335513
70.968 1046131.548 0.151308454
70.939 1046297.328 0.151272658
70.903 1046504.158 0.151228138
70.859 1046752.012 0.151174914
70.808 1047040.861 0.151113009
70.749 1047370.671 0.151042450
70.683 1047741.402 0.150963267
70.610 1048153.009 0.150875493
70.530 1048605.444 0.150779167
70.443 1049098.653 0.150674329
70.348 1049632.578 0.150561023
70.248 1050207.156 0.150439299
70.140 1050822.319 0.150309208
70.026 1051477.995 0.150170804
69.906 1052174.106 0.150024145
69.780 1052910.573 0.149869294
69.647 1053687.309 0.149706316
69.509 1054504.224 0.149535277
69.365 1055361.224 0.149356249
69.215 1056258.209 0.149169305
69.060 1057195.078 0.148974524
68.900 1058171.721 0.148771983
68.735 1059188.029 0.148561767
68.564 1060243.886 0.148343959
68.389 1061339.172 0.148118648
68.210 1062473.764 0.147885925
68.026 1063647.535 0.147645881
67.838 1064860.354 0.147398612
67.645 1066112.086 0.147144215
67.449 1067402.591 0.146882791
67.249 1068731.730 0.146614439
67.045 1070099.355 0.146339265
66.838 1071505.318 0.146057374
66.627 1072949.466 0.145768872
66.413 1074431.644 0.145473869
66.196 1075951.692 0.145172476
65.977 1077509.449 0.144864805
65.754 1079104.749 0.144550969
65.529 1080737.425 0.144231083
65.301 1082407.305 0.143905264
65.071 1084114.215 0.143573629
64.838 1085857.979 0.143236295
64.603 1087638.418 0.142893384
64.367 1089455.349 0.142545014
64.128 1091308.588 0.142191306
63.888 1093197.949 0.141832383
63.645 1095123.243 0.141468367
63.401 1097084.277 0.141099380
63.156 1099080.859 0.140725545
62.909 1101112.793 0.140346986
62.661 1103179.881 0.139963827
62.412 1105281.924 0.139576192
62.161 1107418.720 0.139184205
61.910 1109590.066 0.138787989
61.657 1111795.758 0.138387668
61.403 1114035.588 0.137983367
61.149 1116309.350 0.137575209
60.894 1118616.833 0.137163316
60.638 1120957.827 0.136747813
60.382 1123332.120 0.136328821
60.125 1125739.498 0.135906462
59.867 1128179.748 0.135480857
59.610 1130652.653 0.135052128
59.351 1133157.997 0.134620394
59.093 1135695.562 0.134185774
58.834 1138265.132 0.133748387
58.575 1140866.485 0.133308350
58.316 1143499.404 0.132865780
58.057 1146163.667 0.132420792
57.798 1148859.053 0.131973501
57.538 1151585.342 0.131524021
57.279 1154342.311 0.131072464
57.020 1157129.738 0.130618942
56.761 1159947.401 0.130163563
56.503 1162795.076 0.129706437
56.244 1165672.541 0.129247673
55.986 1168579.573 0.128787374
55.728 1171515.948 0.128325648
55.470 1174481.443 0.127862597
55.213 1177475.836 0.127398323
54.956 1180498.903 0.126932928
54.700 1183550.422 0.126466509
54.444 1186630.169 0.125999166
54.188 1189737.922 0.125530995
53.933 1192873.459 0.125062090
53.679 1196036.558 0.124592544
53.425 1199226.999 0.124122450
53.171 1202444.559 0.123651897
52.919 1205689.019 0.123180975
52.667 1208960.158 0.122709770
52.415 1212257.758 0.122238368
52.164 1215581.599 0.121766853
51.914 1218931.464 0.121295307
51.665 1222307.134 0.120823811
51.416 1225708.394 0.120352444
51.168 1229135.027 0.119881283
50.921 1232586.819 0.119410406
50.675 1236063.554 0.118939885
50.429 1239565.020 0.118469794
50.184 1243091.003 0.118000203
49.940 1246641.293 0.117531184
49.697 1250215.679 0.117062803
49.455 1253813.950 0.116595127
49.213 1257435.898 0.116128221
48.973 1261081.316 0.115662149
48.733 1264749.997 0.115196972
48.494 1268441.734 0.114732750
48.256 1272156.325 0.114269543
48.019 1275893.564 0.113807407
47.783 1279653.251 0.113346399
47.548 1283435.184 0.112886572
47.313 1287239.163 0.112427979
47.080 1291064.990 0.111970673
46.848 1294912.466 0.111514702
46.616 1298781.396 0.111060116
46.386 1302671.584 0.110606962
46.156 1306582.837 0.110155284
45.927 1310514.962 0.109705129
45.699 1314467.768 0.109256538
45.473 1318441.066 0.108809553
45.247 1322434.665 0.108364216
45.022 1326448.379 0.107920564
44.798 1330482.022 0.107478636
44.575 1334535.409 0.107038469
44.353 1338608.356 0.106600097
44.133 1342700.682 0.106163556
43.913 1346812.206 0.105728877
43.694 1350942.748 0.105296092
43.476 1355092.130 0.104865233
43.259 1359260.176 0.104436329
43.043 1363446.710 0.104009407
42.827 1367651.558 0.103584496
42.613 1371874.549 0.103161622
42.400 1376115.509 0.102740809
42.188 1380374.271 0.102322082
41.977 1384650.664 0.101905463
41.767 1388944.522 0.101490976
41.558 1393255.680 0.101078641
41.350 1397583.973 0.100668479
41.142 1401929.237 0.100260507
40.936 1406291.311 0.099854746
40.731 1410670.036 0.099451213
40.526 1415065.252 0.099049923
40.323 1419476.801 0.098650893
40.121 1423904.527 0.098254137
39.919 1428348.276 0.097859671
39.719 1432807.894 0.097467506
39.519 1437283.228 0.097077656
39.321 1441774.129 0.096690132
39.123 1446280.446 0.096304945
38.927 1450802.032 0.095922106
38.731 1455338.740 0.095541625
38.536 1459890.423 0.095163509
38.342 1464456.939 0.094787767
38.149 1469038.145 0.094414408
37.958 1473633.898 0.094043437
37.767 1478244.058 0.093674862
37.576 1482868.487 0.093308688
37.387 1487507.047 0.092944919
37.199 1492159.602 0.092583562
37.012 1496826.016 0.092224620
36.825 1501506.157 0.091868095
36.640 1506199.890 0.091513993
36.455 1510907.085 0.091162313
36.271 1515627.612 0.090813060
36.089 1520361.342 0.090466235
35.907 1525108.147 0.090121837
35.726 1529867.902 0.089779869
35.546 1534640.480 0.089440330
35.366 1539425.759 0.089103220
35.188 1544223.614 0.088768539
35.010 1549033.925 0.088436285
34.834 1553856.571 0.088106457
34.658 1558691.434 0.087779053
34.483 1563538.394 0.087454072
34.309 1568397.335 0.087131510
34.136 1573268.141 0.086811366
33.963 1578150.698 0.086493635
33.792 1583044.892 0.086178314
33.621 1587950.611 0.085865401
33.451 1592867.743 0.085554890
33.282 1597796.179 0.085246778
33.114 1602735.809 0.084941060
32.946 1607686.525 0.084637731
32.780 1612648.220 0.084336787
32.614 1617620.788 0.084038221
32.449 1622604.125 0.083742029
32.285 1627598.127 0.083448206
32.121 1632602.690 0.083156744
31.959 1637617.714 0.082867639
31.797 1642643.098 0.082580883
31.636 1647678.742 0.082296470
31.475 1652724.546 0.082014395
31.316 1657780.415 0.081734650
31.157 1662846.250 0.081457227
30.999 1667921.956 0.081182121
30.842 1673007.438 0.080909324
30.685 1678102.603 0.080638829
30.529 1683207.358 0.080370628
30.374 1688321.610 0.080104713
30.220 1693445.268 0.079841078
30.066 1698578.244 0.079579714
29.914 1703720.446 0.079320614
29.761 1708871.787 0.079063769
29.610 1714032.181 0.078809171
29.459 1719201.539 0.078556814
29.309 1724379.776 0.078306687
29.160 1729566.808 0.078058784
29.012 1734762.551 0.077813096
28.864 1739966.922 0.077569614
28.716 1745179.838 0.077328331
28.570 1750401.218 0.077089237
28.424 1755630.981 0.076852325
28.279 1760869.048 0.076617586
28.134 1766115.340 0.076385012
27.991 1771369.779 0.076154593
27.848 1776632.286 0.075926321
27.705 1781902.786 0.075700189
27.563 1787181.203 0.075476187
27.422 1792467.462 0.075254307
27.281 1797761.488 0.075034540
27.142 1803063.208 0.074816877
27.002 1808372.549 0.074601311
26.864 1813689.439 0.074387833
26.726 1819013.807 0.074176433
26.588 1824345.581 0.073967105
26.452 1829684.693 0.073759838
26.315 1835031.073 0.073554626
26.180 1840384.653 0.073351459
26.045 1845745.364 0.073150329
25.911 1851113.139 0.072951227
25.777 1856487.913 0.072754146
25.644 1861869.619 0.072559077
25.511 1867258.192 0.072366012
25.379 1872653.567 0.072174943
25.248 1878055.682 0.071985862
25.117 1883464.472 0.071798760
24.987 1888879.875 0.071613631
24.857 1894301.829 0.071430465
24.728 1899730.273 0.071249255
24.600 1905165.146 0.071069993
24.472 1910606.388 0.070892671
24.344 1916053.939 0.070717282
24.217 1921507.741 0.070543819
24.091 1926967.735 0.070372273
23.965 1932433.864 0.070202638
23.840 1937906.070 0.070034905
23.716 1943384.296 0.069869068
23.591 1948868.488 0.069705119
23.468 1954358.588 0.069543052
23.345 1959854.543 0.069382859
23.222 1965356.297 0.069224534
23.100 1970863.798 0.069068069
22.978 1976376.991 0.068913458
22.857 1981895.824 0.068760694
22.737 1987420.244 0.068609771
22.617 1992950.200 0.068460682
22.497 1998485.641 0.068313421
22.378 2004026.515 0.068167982
22.260 2009572.773 0.068024358
22.142 2015124.365 0.067882543
22.024 2020681.240 0.067742532
21.907 2026243.352 0.067604319
21.791 2031810.650 0.067467897
21.675 2037383.088 0.067333262
21.559 2042960.618 0.067200408
21.444 2048543.193 0.067069329
21.329 2054130.766 0.066940021
21.215 2059723.292 0.066812478
21.101 2065320.725 0.066686694
20.988 2070923.019 0.066562666
20.875 2076530.131 0.066440389
20.762 2082142.015 0.066319857
20.651 2087758.628 0.066201067
20.539 2093379.926 0.066084013
20.428 2099005.867 0.065968693
20.317 2104636.407 0.065855100
20.207 2110271.505 0.065743232
20.097 2115911.118 0.065633085
0.0 0.0 0.0
0.0 0.0 0.0
0.0 0.0 0.0
0.0 0.0 0.0
0.0 0.0 0.0
0.0 0.0 0.0
0.0 0.0 0.0
0.0 0.0 0.0
0.0 0.0 0.0
0.0 0.0 0.0
0.0 0.0 0.0
0.0 0.0 0.0
0.0 0.0 0.0
0.0 0.0 0.0
0.0 0.0 0.0
0.0 0.0 0.0
0.0 0.0 0.0
0.0 0.0 0.0
0.0 0.0 0.0
0.0 0.0 0.0
0.0 0.0 0.0
0.0 0.0 0.0
0.0 0.0 0.0
0.0 0.0 0.0
0.0 0.0 0.0
0.0 0.0 0.0
0.0 0.0 0.0
0.0 0.0 0.0
0.0 0.0 0.0
0.0 0.0 0.0
0.0 0.0 0.0
0.0 0.0 0.0
0.0 0.0 0.0
0.0 0.0 0.0
0.0 0.0 0.0
0.0 0.0 0.0
0.0 0.0 0.0
0.0 0.0 0.0
0.0 0.0 0.0
0.0 0.0 0.0
0.0 0.0 0.0
0.0 0.0 0.0
0.0 0.0 0.0
0.0 0.0 0.0
0.0 0.0 0.0
0.0 0.0 0.0
0.0 0.0 0.0
0.0 0.0 0.0
0.0 0.0 0.0
0.0 0.0 0.0
0.0 0.0 0.0
0.0 0.0 0.0
0.0 0.0 0.0
0.0 0.0 0.0
0.0 0.0 0.0
0.0 0.0 0.0
0.0 0.0 0.0
0.0 0.0 0.0
0.0 0.0 0.0
0.0 0.0 0.0
0.0 0.0 0.0
0.0 0.0 0.0
0.0 0.0 0.0
0.0 0.0 0.0
0.0 0.0 0.0
0.0 0.0 0.0
0.0 0.0 0.0
0.0 0.0 0.0
0.0 0.0 0.0
0.0 0.0 0.0
0.0 0.0 0.0
0.0 0.0 0.0
0.0 0.0 0.0
0.0 0.0 0.0
0.0 0.0 0.0
0.0 0.0 0.0
0.0 0.0 0.0
0.0 0.0 0.0
0.0 0.0 0.0
0.0 0.0 0.0
0.0 0.0 0.0
0.0 0.0 0.0
0.0 0.0 0.0
0.0 0.0 0.0
0.0 0.0 0.0
0.0 0.0 0.0
0.0 0.0 0.0
0.0 0.0 0.0
0.0 0.0 0.0
0.0 0.0 0.0
0.0 0.0 0.0
0.0 0.0 0.0
0.0 0.0 0.0
0.0 0.0 0.0
0.0 0.0 0.0
0.0 0.0 0.0
0.0 0.0 0.0
0.0 0.0 0.0
0.0 0.0 0.0
0.0 0.0 0.0
0.0 0.0 0.0
0.0 0.0 0.0
0.0 0.0 0.0
0.0 0.0 0.0
0.0 0.0 0.0
0.0 0.0 0.0
0.0 0.0 0.0
0.0 0.0 0.0
0.0 0.0 0.0
0.0 0.0 0.0
0.0 0.0 0.0
0.0 0.0 0.0
0.0 0.0 0.0
0.0 0.0 0.0
0.0 0.0 0.0
0.0 0.0 0.0
0.0 0.0 0.0
0.0 0.0 0.0
0.0 0.0 0.0
0.0 0.0 0.0
0.0 0.0 0.0
0.0 0.0 0.0
0.0 0.0 0.0
0.0 0.0 0.0
0.0 0.0 0.0
0.0 0.0 0.0
0.0 0.0 0.0
0.0 0.0 0.0
0.0 0.0 0.0
0.0 0.0 0.0
0.0 0.0 0.0
0.0 0.0 0.0
0.0 0.0 0.0
0.0 0.0 0.0
0.0 0.0 0.0
0.0 0.0 0.0
0.0 0.0 0.0
0.0 0.0 0.0
0.0 0.0 0.0
0.0 0.0 0.0
0.0 0.0 0.0
0.0 0.0 0.0
0.0 0.0 0.0
0.0 0.0 0.0
0.0 0.0 0.0
0.0 0.0 0.0
0.0 0.0 0.0
0.0 0.0 0.0
0.0 0.0 0.0
0.0 0.0 0.0
0.0 0.0 0.0
0.0 0.0 0.0
0.0 0.0 0.0
0.0 0.0 0.0
0.0 0.0 0.0
0.0 0.0 0.0
0.0 0.0 0.0
0.0 0.0 0.0
0.0 0.0 0.0
0.0 0.0 0.0
0.0 0.0 0.0
0.0 0.0 0.0
0.0 0.0 0.0
0.0 0.0 0.0
0.0 0.0 0.0
0.0 0.0 0.0
0.0 0.0 0.0
0.0 0.0 0.0
0.0 0.0 0.0
0.0 0.0 0.0
0.0 0.0 0.0
0.0 0.0 0.0
0.0 0.0 0.0
0.0 0.0 0.0
0.0 0.0 0.0
0.0 0.0 0.0
0.0 0.0 0.0
0.0 0.0 0.0
0.0 0.0 0.0
0.0 0.0 0.0
0.0 0.0 0.0
0.0 0.0 0.0
0.0 0.0 0.0
0.0 0.0 0.0
0.0 0.0 0.0
0.0 0.0 0.0
0.0 0.0 0.0
0.0 0.0 0.0
0.0 0.0 0.0
0.0 0.0 0.0
0.0 0.0 0.0
0.0 0.0 0.0
0.0 0.0 0.0
0.0 0.0 0.0
0.0 0.0 0.0
0.0 0.0 0.0
0.0 0.0 0.0
0.0 0.0 0.0
0.0 0.0 0.0
0.0 0.0 0.0
0.0 0.0 0.0
0.0 0.0 0.0
0.0 0.0 0.0
0.0 0.0 0.0
0.0 0.0 0.0
0.0 0.0 0.0
0.0 0.0 0.0
0.0 0.0 0.0
0.0 0.0 0.0
0.0 0.0 0.0
0.0 0.0 0.0
0.0 0.0 0.0
0.0 0.0 0.0
0.0 0.0 0.0
0.0 0.0 0.0
0.0 0.0 0.0
0.0 0.0 0.0
0.0 0.0 0.0
0.0 0.0 0.0
0.0 0.0 0.0
0.0 0.0 0.0
0.0 0.0 0.0
0.0 0.0 0.0
0.0 0.0 0.0
0.0 0.0 0.0
0.0 0.0 0.0
0.0 0.0 0.0
0.0 0.0 0.0
0.0 0.0 0.0
0.0 0.0 0.0
0.0 0.0 0.0
0.0 0.0 0.0
0.0 0.0 0.0
0.0 0.0 0.0
0.0 0.0 0.0
0.0 0.0 0.0
0.0 0.0 0.0
0.0 0.0 0.0
0.0 0.0 0.0
0.0 0.0 0.0
0.0 0.0 0.0
0.0 0.0 0.0
0.0 0.0 0.0
0.0 0.0 0.0
0.0 0.0 0.0
0.0 0.0 0.0
0.0 0.0 0.0
0.0 0.0 0.0
0.0 0.0 0.0
0.0 0.0 0.0
0.0 0.0 0.0
0.0 0.0 0.0
0.0 0.0 0.0
0.0 0.0 0.0
0.0 0.0 0.0
0.0 0.0 0.0
0.0 0.0 0.0
0.0 0.0 0.0
0.0 0.0 0.0
0.0 0.0 0.0
0.0 0.0 0.0
0.0 0.0 0.0
0.0 0.0 0.0
0.0 0.0 0.0
0.0 0.0 0.0
0.0 0.0 0.0
0.0 0.0 0.0
0.0 0.0 0.0
0.0 0.0 0.0
0.0 0.0 0.0
0.0 0.0 0.0
0.0 0.0 0.0
0.0 0.0 0.0
0.0 0.0 0.0
0.0 0.0 0.0
0.0 0.0 0.0
0.0 0.0 0.0
0.0 0.0 0.0
0.0 0.0 0.0
0.0 0.0 0.0
0.0 0.0 0.0
0.0 0.0 0.0
0.0 0.0 0.0
0.0 0.0 0.0
0.0 0.0 0.0
0.0 0.0 0.0
0.0 0.0 0.0
0.0 0.0 0.0
0.0 0.0 0.0
0.0 0.0 0.0
0.0 0.0 0.0
0.0 0.0 0.0
0.0 0.0 0.0
0.0 0.0 0.0
0.0 0.0 0.0
0.0 0.0 0.0
0.0 0.0 0.0
0.0 0.0 0.0
0.0 0.0 0.0
0.0 0.0 0.0
0.0 0.0 0.0
0.0 0.0 0.0
0.0 0.0 0.0
0.0 0.0 0.0
0.0 0.0 0.0
0.0 0.0 0.0
0.0 0.0 0.0
0.0 0.0 0.0
0.0 0.0 0.0
0.0 0.0 0.0
0.0 0.0 0.0
0.0 0.0 0.0
0.0 0.0 0.0
0.0 0.0 0.0
0.0 0.0 0.0
0.0 0.0 0.0
0.0 0.0 0.0
0.0 0.0 0.0
0.0 0.0 0.0
0.0 0.0 0.0
0.0 0.0 0.0
0.0 0.0 0.0
0.0 0.0 0.0
0.0 0.0 0.0
0.0 0.0 0.0
0.0 0.0 0.0
0.0 0.0 0.0
0.0 0.0 0.0
0.0 0.0 0.0
0.0 0.0 0.0
0.0 0.0 0.0
0.0 0.0 0.0
0.0 0.0 0.0
0.0 0.0 0.0
0.0 0.0 0.0
0.0 0.0 0.0
0.0 0.0 0.0
0.0 0.0 0.0
0.0 0.0 0.0
0.0 0.0 0.0
0.0 0.0 0.0
0.0 0.0 0.0
0.0 0.0 0.0
0.0 0.0 0.0
0.0 0.0 0.0
0.0 0.0 0.0
0.0 0.0 0.0
0.0 0.0 0.0
0.0 0.0 0.0
0.0 0.0 0.0
0.0 0.0 0.0
0.0 0.0 0.0
0.0 0.0 0.0
0.0 0.0 0.0
0.0 0.0 0.0
0.0 0.0 0.0
0.0 0.0 0.0
0.0 0.0 0.0
0.0 0.0 0.0
0.0 0.0 0.0
0.0 0.0 0.0
0.0 0.0 0.0
0.0 0.0 0.0
0.0 0.0 0.0
0.0 0.0 0.0
0.0 0.0 0.0
0.0 0.0 0.0
0.0 0.0 0.0
0.0 0.0 0.0
0.0 0.0 0.0
0.0 0.0 0.0
0.0 0.0 0.0
0.0 0.0 0.0
0.0 0.0 0.0
0.0 0.0 0.0
0.0 0.0 0.0
0.0 0.0 0.0
0.0 0.0 0.0
0.0 0.0 0.0
0.0 0.0 0.0
0.0 0.0 0.0
0.0 0.0 0.0
0.0 0.0 0.0
0.0 0.0 0.0
0.0 0.0 0.0
0.0 0.0 0.0
0.0 0.0 0.0
0.0 0.0 0.0
0.0 0.0 0.0
0.0 0.0 0.0
0.0 0.0 0.0
0.0 0.0 0.0
0.0 0.0 0.0
0.0 0.0 0.0
0.0 0.0 0.0
0.0 0.0 0.0
0.0 0.0 0.0
0.0 0.0 0.0
0.0 0.0 0.0
0.0 0.0 0.0
0.0 0.0 0.0
0.0 0.0 0.0
0.0 0.0 0.0
0.0 0.0 0.0
0.0 0.0 0.0
0.0 0.0 0.0
0.0 0.0 0.0
0.0 0.0 0.0
0.0 0.0 0.0
0.0 0.0 0.0
0.0 0.0 0.0
0.0 0.0 0.0
0.0 0.0 0.0
0.0 0.0 0.0
0.0 0.0 0.0
0.0 0.0 0.0
0.0 0.0 0.0
0.0 0.0 0.0
0.0 0.0 0.0
0.0 0.0 0.0
0.0 0.0 0.0
0.0 0.0 0.0
0.0 0.0 0.0
0.0 0.0 0.0
0.0 0.0 0.0
0.0 0.0 0.0
0.0 0.0 0.0
0.0 0.0 0.0
0.0 0.0 0.0
0.0 0.0 0.0
0.0 0.0 0.0
0.0 0.0 0.0
0.0 0.0 0.0
0.0 0.0 0.0
0.0 0.0 0.0
0.0 0.0 0.0
0.0 0.0 0.0
0.0 0.0 0.0
0.0 0.0 0.0
0.0 0.0 0.0
0.0 0.0 0.0
0.0 0.0 0.0
0.0 0.0 0.0
0.0 0.0 0.0
0.0 0.0 0.0
0.0 0.0 0.0
0.0 0.0 0.0
0.0 0.0 0.0
0.0 0.0 0.0
0.0 0.0 0.0
0.0 0.0 0.0
0.0 0.0 0.0
0.0 0.0 0.0
0.0 0.0 0.0
0.0 0.0 0.0
0.0 0.0 0.0
0.0 0.0 0.0
0.0 0.0 0.0
0.0 0.0 0.0
0.0 0.0 0.0
0.0 0.0 0.0
0.0 0.0 0.0
0.0 0.0 0.0
0.0 0.0 0.0
0.0 0.0 0.0
0.0 0.0 0.0
0.0 0.0 0.0
0.0 0.0 0.0
0.0 0.0 0.0
0.0 0.0 0.0
0.0 0.0 0.0
0.0 0.0 0.0
0.0 0.0 0.0
0.0 0.0 0.0
0.0 0.0 0.0
0.0 0.0 0.0
0.0 0.0 0.0
0.0 0.0 0.0
0.0 0.0 0.0
0.0 0.0 0.0
0.0 0.0 0.0
0.0 0.0 0.0
0.0 0.0 0.0
0.0 0.0 0.0
0.0 0.0 0.0
0.0 0.0 0.0
0.0 0.0 0.0
0.0 0.0 0.0
0.0 0.0 0.0
0.0 0.0 0.0
0.0 0.0 0.0
0.0 0.0 0.0
0.0 0.0 0.0
0.0 0.0 0.0
0.0 0.0 0.0
0.0 0.0 0.0
0.0 0.0 0.0
0.0 0.0 0.0
0.0 0.0 0.0
0.0 0.0 0.0
0.0 0.0 0.0
0.0 0.0 0.0
0.0 0.0 0.0
0.0 0.0 0.0
0.0 0.0 0.0
0.0 0.0 0.0
0.0 0.0 0.0
0.0 0.0 0.0
0.0 0.0 0.0
0.0 0.0 0.0
0.0 0.0 0.0
0.0 0.0 0.0
0.0 0.0 0.0
0.0 0.0 0.0
0.0 0.0 0.0
0.0 0.0 0.0
0.0 0.0 0.0
0.0 0.0 0.0
0.0 0.0 0.0
0.0 0.0 0.0
0.0 0.0 0.0
0.0 0.0 0.0
0.0 0.0 0.0
0.0 0.0 0.0
0.0 0.0 0.0
0.0 0.0 0.0
0.0 0.0 0.0
0.0 0.0 0.0
0.0 0.0 0.0
0.0 0.0 0.0
0.0 0.0 0.0
0.0 0.0 0.0
0.0 0.0 0.0
0.0 0.0 0.0
0.0 0.0 0.0
0.0 0.0 0.0
0.0 0.0 0.0
0.0 0.0 0.0
0.0 0.0 0.0
0.0 0.0 0.0
0.0 0.0 0.0
0.0 0.0 0.0
0.0 0.0 0.0
0.0 0.0 0.0
0.0 0.0 0.0
0.0 0.0 0.0
0.0 0.0 0.0
0.0 0.0 0.0
0.0 0.0 0.0
0.0 0.0 0.0
0.0 0.0 0.0
0.0 0.0 0.0
0.0 0.0 0.0
0.0 0.0 0.0
0.0 0.0 0.0
0.0 0.0 0.0
0.0 0.0 0.0
0.0 0.0 0.0
0.0 0.0 0.0
0.0 0.0 0.0
0.0 0.0 0.0
0.0 0.0 0.0
0.0 0.0 0.0
0.0 0.0 0.0
0.0 0.0 0.0
0.0 0.0 0.0
0.0 0.0 0.0
0.0 0.0 0.0
0.0 0.0 0.0
0.0 0.0 0.0
0.0 0.0 0.0
0.0 0.0 0.0
0.0 0.0 0.0
0.0 0.0 0.0
0.0 0.0 0.0
0.0 0.0 0.0
0.0 0.0 0.0
0.0 0.0 0.0
0.0 0.0 0.0
0.0 0.0 0.0
0.0 0.0 0.0
0.0 0.0 0.0
0.0 0.0 0.0
0.0 0.0 0.0
0.0 0.0 0.0
0.0 0.0 0.0
0.0 0.0 0.0
0.0 0.0 0.0
0.0 0.0 0.0
0.0 0.0 0.0
0.0 0.0 0.0
0.0 0.0 0.0
0.0 0.0 0.0
0.0 0.0 0.0
0.0 0.0 0.0
0.0 0.0 0.0
0.0 0.0 0.0
0.0 0.0 0.0
0.0 0.0 0.0
0.0 0.0 0.0
0.0 0.0 0.0
0.0 0.0 0.0
0.0 0.0 0.0
0.0 0.0 0.0
0.0 0.0 0.0
0.0 0.0 0.0
0.0 0.0 0.0
0.0 0.0 0.0
0.0 0.0 0.0
0.0 0.0 0.0
0.0 0.0 0.0
0.0 0.0 0.0
0.0 0.0 0.0
0.0 0.0 0.0
0.0 0.0 0.0
0.0 0.0 0.0
0.0 0.0 0.0
0.0 0.0 0.0
0.0 0.0 0.0
0.0 0.0 0.0
0.0 0.0 0.0
0.0 0.0 0.0
0.0 0.0 0.0
0.0 0.0 0.0
0.0 0.0 0.0
0.0 0.0 0.0
0.0 0.0 0.0
0.0 0.0 0.0
0.0 0.0 0.0
0.0 0.0 0.0
0.0 0.0 0.0
0.0 0.0 0.0
0.0 0.0 0.0
0.0 0.0 0.0
0.0 0.0 0.0
0.0 0.0 0.0
0.0 0.0 0.0
0.0 0.0 0.0
0.0 0.0 0.0
0.0 0.0 0.0
0.0 0.0 0.0
0.0 0.0 0.0
0.0 0.0 0.0
0.0 0.0 0.0
0.0 0.0 0.0
0.0 0.0 0.0
0.0 0.0 0.0
0.0 0.0 0.0
0.0 0.0 0.0
0.0 0.0 0.0
0.0 0.0 0.0
0.0 0.0 0.0
0.0 0.0 0.0
0.0 0.0 0.0
0.0 0.0 0.0
0.0 0.0 0.0
0.0 0.0 0.0
0.0 0.0 0.0
0.0 0.0 0.0
0.0 0.0 0.0
0.0 0.0 0.0
0.0 0.0 0.0
0.0 0.0 0.0
0.0 0.0 0.0
0.0 0.0 0.0
0.0 0.0 0.0
0.0 0.0 0.0
0.0 0.0 0.0
0.0 0.0 0.0
0.0 0.0 0.0
0.0 0.0 0.0
0.0 0.0 0.0
0.0 0.0 0.0
0.0 0.0 0.0
0.0 0.0 0.0
0.0 0.0 0.0
0.0 0.0 0.0
0.0 0.0 0.0
0.0 0.0 0.0
0.0 0.0 0.0
0.0 0.0 0.0
0.0 0.0 0.0
0.0 0.0 0.0
0.0 0.0 0.0
0.0 0.0 0.0
0.0 0.0 0.0
0.0 0.0 0.0
0.0 0.0 0.0
0.0 0.0 0.0
0.0 0.0 0.0
0.0 0.0 0.0
5334811.835 0.008
5321919.291 0.008
5309021.452 0.008
5296118.333 0.008
5283209.945 0.008
5270296.300 0.008
5257377.414 0.008
5244453.297 0.009
5231523.962 0.009
5218589.424 0.009
5205649.694 0.009
5192704.785 0.009
5179754.711 0.009
5166799.483 0.009
5153839.116 0.009
5140873.622 0.009
5127903.013 0.009
5114927.303 0.009
5101946.505 0.009
5088960.632 0.009
5075969.695 0.009
5062973.710 0.009
5049972.687 0.009
5036966.641 0.009
5023955.584 0.009
5010939.529 0.009
4997918.489 0.009
4984892.477 0.009
4971861.506 0.009
4958825.589 0.010
4945784.739 0.010
4932738.968 0.010
4919688.291 0.010
4906632.719 0.010
4893572.266 0.010
4880506.945 0.010
4867436.769 0.010
4854361.751 0.010
4841281.903 0.010
4828197.239 0.010
4815107.772 0.010
4802013.515 0.010
4788914.481 0.010
4775810.682 0.010
4762702.133 0.010
4749588.845 0.010
4736470.833 0.010
4723348.109 0.010
4710220.685 0.011
4697088.576 0.011
4683951.794 0.011
4670810.353 0.011
4657664.264 0.011
4644513.543 0.011
4631358.200 0.011
4618198.251 0.011
4605033.707 0.011
4591864.582 0.011
4578690.889 0.011
4565512.640 0.011
4552329.850 0.011
4539142.531 0.011
4525950.697 0.011
4512754.360 0.011
4499553.533 0.012
4486348.231 0.012
4473138.465 0.012
4459924.249 0.012
4446705.596 0.012
4433482.520 0.012
4420255.033 0.012
4407023.148 0.012
4393786.880 0.012
4380546.240 0.012
4367301.242 0.012
4354051.900 0.012
4340798.226 0.012
4327540.234 0.012
4314277.936 0.013
4301011.347 0.013
4287740.479 0.013
4274465.345 0.013
4261185.958 0.013
4247902.333 0.013
4234614.482 0.013
4221322.418 0.013
4208026.154 0.013
4194725.704 0.013
4181421.081 0.013
4168112.298 0.013
4154799.369 0.014
4141482.306 0.014
4128161.123 0.014
4114835.834 0.014
4101506.450 0.014
4088172.987 0.014
4074835.456 0.014
4061493.872 0.014
4048148.247 0.014
4034798.594 0.014
4021444.928 0.014
4008087.261 0.015
3994725.606 0.015
3981359.978 0.015
3967990.389 0.015
3954616.852 0.015
3941239.380 0.015
3927857.988 0.015
3914472.689 0.015
3901083.495 0.015
3887690.420 0.015
3874293.477 0.016
3860892.680 0.016
3847488.043 0.016
3834079.577 0.016
3820667.297 0.016
3807251.216 0.016
3793831.348 0.016
3780407.705 0.016
3766980.301 0.016
3753549.150 0.017
3740114.264 0.017
3726675.658 0.017
3713233.344 0.017
3699787.336 0.017
3686337.647 0.017
3672884.291 0.017
3659427.281 0.017
3645966.631 0.018
3632502.353 0.018
3619034.461 0.018
3605562.969 0.018
3592087.890 0.018
3578609.237 0.018
3565127.024 0.018
3551641.265 0.018
3538151.971 0.019
3524659.158 0.019
3511162.839 0.019
3497663.026 0.019
3484159.734 0.019
3470652.975 0.019
3457142.764 0.020
3443629.113 0.020
3430112.036 0.020
3416591.547 0.020
3403067.659 0.020
3389540.385 0.020
3376009.739 0.020
3362475.735 0.021
3348938.385 0.021
3335397.704 0.021
3321853.704 0.021
3308306.399 0.021
3294755.803 0.021
3281201.930 0.022
3267644.792 0.022
3254084.403 0.022
3240520.776 0.022
3226953.926 0.022
3213383.866 0.023
3199810.608 0.023
3186234.167 0.023
3172654.556 0.023
3159071.789 0.023
3145485.879 0.024
3131896.840 0.024
3118304.685 0.024
3104709.427 0.024
3091111.081 0.024
3077509.660 0.025
3063905.176 0.025
3050297.645 0.025
3036687.079 0.025
3023073.492 0.025
3009456.897 0.026
2995837.308 0.026
2982214.739 0.026
2968589.203 0.026
2954960.713 0.027
2941329.284 0.027
2927694.928 0.027
2914057.660 0.027
2900417.492 0.028
2886774.439 0.028
2873128.514 0.028
2859479.730 0.028
2845828.102 0.029
2832173.643 0.029
2818516.365 0.029
2804856.284 0.029
2791193.412 0.030
2777527.764 0.030
2763859.352 0.030
2750188.190 0.031
2736514.292 0.031
2722837.672 0.031
2709158.342 0.032
2695476.318 0.032
2681791.612 0.032
2668104.237 0.033
2654414.208 0.033
2640721.539 0.033
2627026.242 0.034
2613328.332 0.034
2599627.821 0.034
2585924.724 0.035
2572219.055 0.035
2558510.826 0.035
2544800.053 0.036
2531086.747 0.036
2517370.923 0.036
2503652.595 0.037
2489931.775 0.037
2476208.479 0.038
2462482.719 0.038
2448754.509 0.038
2435023.863 0.039
2421290.794 0.039
2407555.316 0.040
2393817.443 0.040
2380077.189 0.041
2366334.566 0.041
2352589.590 0.042
2338842.272 0.042
2325092.628 0.043
2311340.671 0.043
2297586.414 0.044
2283829.871 0.044
2270071.056 0.045
2256309.982 0.045
2242546.664 0.046
2228781.114 0.046
2215013.348 0.047
2201243.377 0.047
2187471.216 0.048
2173696.880 0.049
2159920.380 0.049
2146141.732 0.050
2132360.948 0.050
2118578.043 0.051
2104793.030 0.052
2091005.923 0.052
2077216.736 0.053
2063425.482 0.054
2049632.175 0.054
2035836.829 0.055
2022039.457 0.056
2008240.074 0.057
1994438.693 0.057
1980635.327 0.058
1966829.991 0.059
1953022.698 0.060
1939213.462 0.061
1925402.297 0.061
1911589.216 0.062
1897774.233 0.063
1883957.362 0.064
1870138.617 0.065
1856318.011 0.066
1842495.558 0.067
1828671.272 0.068
1814845.167 0.069
1801017.256 0.070
1787187.553 0.071
1773356.073 0.072
1759522.827 0.073
1745687.832 0.074
1731851.099 0.075
1718012.643 0.077
1704172.478 0.078
1690330.618 0.079
1676487.076 0.080
1662641.866 0.082
1648795.001 0.083
1634946.497 0.084
1621096.365 0.086
1607244.621 0.087
1593391.278 0.088
1579536.349 0.090
1565679.849 0.091
1551821.791 0.093
1537962.189 0.095
1524101.057 0.096
1510238.409 0.098
1496374.258 0.100
1482508.618 0.101
1468641.503 0.103
1454772.928 0.105
1440902.904 0.107
1427031.447 0.109
1413158.571 0.111
1399284.288 0.113
1385408.613 0.115
1371531.560 0.117
1357653.142 0.120
1343773.374 0.122
1329892.268 0.124
1316009.839 0.127
1302126.101 0.129
1288241.068 0.132
1274354.753 0.135
1260467.170 0.137
1246578.332 0.140
1232688.255 0.143
1218796.951 0.146
1204904.434 0.149
1191010.719 0.152
1177115.819 0.156
1163219.747 0.159
1149322.518 0.163
1135424.146 0.166
1121524.644 0.170
1107624.026 0.174
1093722.306 0.178
1079819.498 0.182
1065915.616 0.186
1052010.673 0.191
1038104.683 0.196
1024197.660 0.200
1010289.619 0.205
996380.572 0.210
982470.534 0.216
968559.519 0.221
954647.539 0.227
940734.610 0.233
926820.745 0.239
912905.958 0.245
898990.263 0.251
885073.673 0.258
871156.203 0.265
857237.865 0.273
843318.675 0.280
829398.646 0.288
815477.792 0.296
801556.126 0.305
787633.662 0.314
773710.416 0.323
759786.399 0.333
745861.626 0.343
731936.111 0.353
718009.868 0.364
704082.911 0.375
690155.253 0.387
676226.908 0.399
662297.891 0.412
648368.215 0.425
634437.893 0.439
620506.940 0.453
606575.370 0.468
592643.197 0.484
578710.433 0.500
564777.094 0.517
550843.193 0.534
536908.744 0.552
522973.761 0.571
509038.257 0.590
495102.247 0.610
481165.745 0.631
467228.763 0.652
453291.317 0.674
439353.420 0.696
425415.085 0.719
411476.327 0.742
397537.160 0.765
383597.598 0.788
369657.653 0.811
355717.341 0.834
341776.675 0.856
327835.669 0.877
313894.337 0.898
299952.692 0.917
286010.749 0.934
272068.521 0.950
258126.023 0.963
244183.268 0.974
230240.270 0.983
216297.043 0.990
202353.600 0.994
188409.956 0.997
174466.125 0.999
160522.120 1.000
146577.956 1.000
132633.646 1.000
118689.203 1.000
104744.643 1.000
90799.978 1.000
76855.223 1.000
62910.392 1.000
48965.498 1.000
35020.555 1.000
21075.578 1.000
7130.579 1.000
6814.427 1.000
20759.426 1.000
34704.404 1.000
48649.348 1.000
62594.243 1.000
76539.076 1.000
90483.833 1.000
104428.499 1.000
118373.062 1.000
132317.508 1.000
146261.821 1.000
160205.989 1.000
174149.998 0.999
188093.833 0.997
202037.481 0.994
215980.928 0.990
229924.160 0.983
243867.164 0.974
257809.924 0.963
271752.429 0.950
285694.663 0.935
299636.612 0.917
313578.264 0.898
327519.603 0.878
341460.617 0.856
355401.291 0.834
369341.611 0.811
383281.564 0.788
397221.135 0.765
411160.311 0.742
425099.078 0.719
439037.422 0.697
452975.329 0.674
466912.786 0.653
480849.778 0.631
494786.291 0.611
508722.312 0.591
522657.827 0.571
536592.822 0.553
550527.283 0.535
564461.197 0.517
578394.548 0.500
592327.324 0.484
606259.511 0.469
620191.095 0.454
634122.061 0.439
648052.397 0.426
661982.087 0.412
675911.119 0.400
689839.479 0.387
703767.152 0.376
717694.124 0.364
731620.383 0.353
745545.914 0.343
759470.703 0.333
773394.736 0.323
787318.000 0.314
801240.480 0.305
815162.163 0.297
829083.035 0.288
843003.082 0.280
856922.290 0.273
870840.646 0.266
884758.135 0.258
898674.743 0.252
912590.458 0.245
926505.264 0.239
940419.149 0.233
954332.098 0.227
968244.097 0.221
982155.133 0.216
996065.192 0.210
1009974.259 0.205
1023882.322 0.200
1037789.365 0.196
1051695.377 0.191
1065600.341 0.187
1079504.246 0.182
1093407.076 0.178
1107308.818 0.174
1121209.459 0.170
1135108.984 0.166
1149007.379 0.163
1162904.631 0.159
1176800.726 0.156
1190695.650 0.153
1204589.389 0.149
1218481.930 0.146
1232373.258 0.143
1246263.360 0.140
1260152.222 0.137
1274039.830 0.135
1287926.171 0.132
1301811.230 0.129
1315694.993 0.127
1329577.447 0.124
1343458.579 0.122
1357338.373 0.120
1371216.817 0.117
1385093.897 0.115
1398969.598 0.113
1412843.908 0.111
1426716.811 0.109
1440588.295 0.107
1454458.345 0.105
1468326.948 0.103
1482194.091 0.101
1496059.758 0.100
1509923.937 0.098
1523786.613 0.096
1537647.773 0.095
1551507.403 0.093
1565365.489 0.091
1579222.018 0.090
1593076.975 0.088
1606930.347 0.087
1620782.120 0.086
1634632.280 0.084
1648480.814 0.083
1662327.707 0.082
1676172.947 0.080
1690016.518 0.079
1703858.408 0.078
1717698.602 0.077
1731537.088 0.075
1745373.850 0.074
1759208.875 0.073
1773042.150 0.072
1786873.661 0.071
1800703.394 0.070
1814531.335 0.069
1828357.470 0.068
1842181.786 0.067
1856004.269 0.066
1869824.905 0.065
1883643.681 0.064
1897460.582 0.063
1911275.596 0.062
1925088.707 0.061
1938899.903 0.061
1952709.169 0.060
1966516.493 0.059
1980321.859 0.058
1994125.255 0.057
2007926.667 0.057
2021726.081 0.056
2035523.483 0.055
2049318.860 0.054
2063112.197 0.054
2076903.482 0.053
2090692.700 0.052
2104479.837 0.052
2118264.880 0.051
2132047.816 0.050
2145828.630 0.050
2159607.309 0.049
2173383.839 0.049
2187158.206 0.048
2200930.397 0.047
2214700.398 0.047
2228468.195 0.046
2242233.774 0.046
2255997.122 0.045
2269758.226 0.045
2283517.071 0.044
2297273.643 0.044
2311027.930 0.043
2324779.917 0.043
2338529.591 0.042
2352276.937 0.042
2366021.943 0.041
2379764.595 0.041
2393504.879 0.040
2407242.781 0.040
2420978.287 0.039
2434711.384 0.039
2448442.059 0.038
2462170.297 0.038
2475896.086 0.038
2489619.410 0.037
2503340.257 0.037
2517058.614 0.036
2530774.465 0.036
2544487.798 0.036
2558198.599 0.035
2571906.855 0.035
2585612.551 0.035
2599315.675 0.034
2613016.212 0.034
2626714.148 0.034
2640409.471 0.033
2654102.167 0.033
2667792.221 0.033
2681479.621 0.032
2695164.352 0.032
2708846.402 0.032
2722525.755 0.031
2736202.400 0.031
2749876.322 0.031
2763547.508 0.030
2777215.943 0.030
2790881.616 0.030
2804544.510 0.029
2818204.615 0.029
2831861.914 0.029
2845516.396 0.029
2859168.046 0.028
2872816.851 0.028
2886462.798 0.028
2900105.872 0.028
2913746.060 0.027
2927383.348 0.027
2941017.724 0.027
2954649.173 0.027
2968277.682 0.026
2981903.237 0.026
2995525.825 0.026
3009145.432 0.026
3022762.044 0.025
3036375.649 0.025
3049986.232 0.025
3063593.780 0.025
3077198.280 0.025
3090799.717 0.024
3104398.079 0.024
3117993.351 0.024
3131585.521 0.024
3145174.574 0.024
3158760.498 0.023
3172343.278 0.023
3185922.902 0.023
3199499.355 0.023
3213072.624 0.023
3226642.696 0.022
3240209.557 0.022
3253773.194 0.022
3267333.593 0.022
3280890.740 0.022
3294444.623 0.021
3307995.227 0.021
3321542.540 0.021
3335086.547 0.021
3348627.235 0.021
3362164.591 0.021
3375698.602 0.020
3389229.253 0.020
3402756.531 0.020
3416280.424 0.020
3429800.916 0.020
3443317.996 0.020
3456831.649 0.020
3470341.862 0.019
3483848.622 0.019
3497351.915 0.019
3510851.727 0.019
3524348.046 0.019
3537840.858 0.019
3551330.149 0.018
3564815.906 0.018
3578298.115 0.018
3591776.764 0.018
3605251.839 0.018
3618723.326 0.018
3632191.211 0.018
3645655.482 0.018
3659116.126 0.017
3672573.128 0.017
3686026.475 0.017
3699476.154 0.017
3712922.152 0.017
3726364.455 0.017
3739803.050 0.017
3753237.923 0.017
3766669.061 0.016
3780096.451 0.016
3793520.079 0.016
3806939.932 0.016
3820355.996 0.016
3833768.259 0.016
3847176.707 0.016
3860581.326 0.016
3873982.103 0.016
3887379.026 0.015
3900772.079 0.015
3914161.251 0.015
3927546.528 0.015
3940927.896 0.015
3954305.343 0.015
3967678.854 0.015
3981048.417 0.015
3994414.019 0.015
4007775.645 0.015
4021133.283 0.014
4034486.919 0.014
4047836.541 0.014
4061182.134 0.014
4074523.686 0.014
4087861.183 0.014
4101194.612 0.014
4114523.959 0.014
4127849.212 0.014
4141170.358 0.014
4154487.382 0.014
4167800.272 0.013
4181109.014 0.013
4194413.595 0.013
4207714.003 0.013
4221010.222 0.013
4234302.242 0.013
4247590.048 0.013
4260873.626 0.013
4274152.964 0.013
4287428.049 0.013
4300698.868 0.013
4313965.406 0.013
4327227.651 0.012
4340485.590 0.012
4353739.210 0.012
4366988.497 0.012
4380233.438 0.012
4393474.020 0.012
4406710.229 0.012
4419942.054 0.012
4433169.479 0.012
4446392.493 0.012
4459611.082 0.012
4472825.233 0.012
4486034.933 0.012
4499240.169 0.012
4512440.927 0.011
4525637.194 0.011
4538828.958 0.011
4552016.204 0.011
4565198.921 0.011
4578377.095 0.011
4591550.712 0.011
4604719.760 0.011
4617884.225 0.011
4631044.095 0.011
4644199.356 0.011
4657349.995 0.011
4670496.000 0.011
4683637.356 0.011
4696774.051 0.011
4709906.073 0.011
4723033.407 0.010
4736156.040 0.010
4749273.961 0.010
4762387.155 0.010
4775495.610 0.010
4788599.312 0.010
4801698.249 0.010
4814792.407 0.010
4827881.773 0.010
4840966.335 0.010
4854046.079 0.010
4867120.993 0.010
4880191.063 0.010
4893256.276 0.010
4906316.619 0.010
4919372.080 0.010
4932422.645 0.010
4945468.302 0.010
4958509.036 0.010
4971544.836 0.009
4984575.689 0.009
4997601.581 0.009
5010622.499 0.009
5023638.431 0.009
5036649.363 0.009
5049655.283 0.009
5062656.177 0.009
5075652.033 0.009
5088642.838 0.009
5101628.579 0.009
5114609.242 0.009
5127584.816 0.009
5140555.286 0.009
5153520.641 0.009
5166480.867 0.009
5179435.951 0.009
5192385.881 0.009
5205330.643 0.009
5218270.225 0.009
5231204.613 0.009
5244133.796 0.009
5257057.759 0.008
5269976.491 0.008
5282889.978 0.008
5295798.207 0.008
5308701.166 0.008
5321598.842 0.008
5334491.222 0.008
0.0 0.0 0.0
0.0 0.0 0.0
0.0 0.0 0.0
0.0 0.0 0.0
0.0 0.0 0.0
0.0 0.0 0.0
0.0 0.0 0.0
0.0 0.0 0.0
0.0 0.0 0.0
0.0 0.0 0.0
0.0 0.0 0.0
0.0 0.0 0.0
0.0 0.0 0.0
0.0 0.0 0.0
0.0 0.0 0.0
0.0 0.0 0.0
0.0 0.0 0.0
0.0 0.0 0.0
0.0 0.0 0.0
0.0 0.0 0.0
0.0 0.0 0.0
0.0 0.0 0.0
0.0 0.0 0.0
0.0 0.0 0.0
0.0 0.0 0.0
0.0 0.0 0.0
0.0 0.0 0.0
0.0 0.0 0.0
0.0 0.0 0.0
0.0 0.0 0.0
0.0 0.0 0.0
0.0 0.0 0.0
0.0 0.0 0.0
0.0 0.0 0.0
0.0 0.0 0.0
0.0 0.0 0.0
0.0 0.0 0.0
0.0 0.0 0.0
0.0 0.0 0.0
0.0 0.0 0.0
0.0 0.0 0.0
0.0 0.0 0.0
0.0 0.0 0.0
0.0 0.0 0.0
0.0 0.0 0.0
0.0 0.0 0.0
0.0 0.0 0.0
0.0 0.0 0.0
0.0 0.0 0.0
0.0 0.0 0.0
0.0 0.0 0.0
0.0 0.0 0.0
0.0 0.0 0.0
0.0 0.0 0.0
0.0 0.0 0.0
0.0 0.0 0.0
0.0 0.0 0.0
0.0 0.0 0.0
0.0 0.0 0.0
0.0 0.0 0.0
0.0 0.0 0.0
0.0 0.0 0.0
0.0 0.0 0.0
0.0 0.0 0.0
0.0 0.0 0.0
0.0 0.0 0.0
0.0 0.0 0.0
0.0 0.0 0.0
0.0 0.0 0.0
0.0 0.0 0.0
0.0 0.0 0.0
0.0 0.0 0.0
0.0 0.0 0.0
0.0 0.0 0.0
0.0 0.0 0.0
0.0 0.0 0.0
0.0 0.0 0.0
0.0 0.0 0.0
0.0 0.0 0.0
0.0 0.0 0.0
0.0 0.0 0.0
0.0 0.0 0.0
0.0 0.0 0.0
0.0 0.0 0.0
0.0 0.0 0.0
0.0 0.0 0.0
0.0 0.0 0.0
0.0 0.0 0.0
0.0 0.0 0.0
0.0 0.0 0.0
0.0 0.0 0.0
0.0 0.0 0.0
0.0 0.0 0.0
0.0 0.0 0.0
0.0 0.0 0.0
0.0 0.0 0.0
0.0 0.0 0.0
0.0 0.0 0.0
0.0 0.0 0.0
0.0 0.0 0.0
0.0 0.0 0.0
0.0 0.0 0.0
0.0 0.0 0.0
0.0 0.0 0.0
0.0 0.0 0.0
0.0 0.0 0.0
0.0 0.0 0.0
0.0 0.0 0.0
0.0 0.0 0.0
0.0 0.0 0.0
0.0 0.0 0.0
0.0 0.0 0.0
0.0 0.0 0.0
0.0 0.0 0.0
0.0 0.0 0.0
0.0 0.0 0.0
0.0 0.0 0.0
0.0 0.0 0.0
0.0 0.0 0.0
0.0 0.0 0.0
0.0 0.0 0.0
0.0 0.0 0.0
0.0 0.0 0.0
0.0 0.0 0.0
0.0 0.0 0.0
0.0 0.0 0.0
0.0 0.0 0.0
0.0 0.0 0.0
0.0 0.0 0.0
0.0 0.0 0.0
0.0 0.0 0.0
0.0 0.0 0.0
0.0 0.0 0.0
0.0 0.0 0.0
0.0 0.0 0.0
0.0 0.0 0.0
0.0 0.0 0.0
0.0 0.0 0.0
0.0 0.0 0.0
0.0 0.0 0.0
0.0 0.0 0.0
0.0 0.0 0.0
0.0 0.0 0.0
0.0 0.0 0.0
0.0 0.0 0.0
0.0 0.0 0.0
0.0 0.0 0.0
0.0 0.0 0.0
0.0 0.0 0.0
0.0 0.0 0.0
0.0 0.0 0.0
0.0 0.0 0.0
0.0 0.0 0.0
0.0 0.0 0.0
0.0 0.0 0.0
0.0 0.0 0.0
0.0 0.0 0.0
0.0 0.0 0.0
0.0 0.0 0.0
0.0 0.0 0.0
0.0 0.0 0.0
0.0 0.0 0.0
0.0 0.0 0.0
0.0 0.0 0.0
0.0 0.0 0.0
0.0 0.0 0.0
0.0 0.0 0.0
0.0 0.0 0.0
0.0 0.0 0.0
0.0 0.0 0.0
0.0 0.0 0.0
0.0 0.0 0.0
0.0 0.0 0.0
0.0 0.0 0.0
0.0 0.0 0.0
0.0 0.0 0.0
0.0 0.0 0.0
0.0 0.0 0.0
0.0 0.0 0.0
0.0 0.0 0.0
0.0 0.0 0.0
0.0 0.0 0.0
0.0 0.0 0.0
0.0 0.0 0.0
0.0 0.0 0.0
0.0 0.0 0.0
0.0 0.0 0.0
0.0 0.0 0.0
0.0 0.0 0.0
0.0 0.0 0.0
0.0 0.0 0.0
0.0 0.0 0.0
0.0 0.0 0.0
0.0 0.0 0.0
0.0 0.0 0.0
0.0 0.0 0.0
0.0 0.0 0.0
0.0 0.0 0.0
0.0 0.0 0.0
0.0 0.0 0.0
0.0 0.0 0.0
0.0 0.0 0.0
0.0 0.0 0.0
0.0 0.0 0.0
0.0 0.0 0.0
0.0 0.0 0.0
0.0 0.0 0.0
0.0 0.0 0.0
0.0 0.0 0.0
0.0 0.0 0.0
0.0 0.0 0.0
0.0 0.0 0.0
0.0 0.0 0.0
0.0 0.0 0.0
0.0 0.0 0.0
0.0 0.0 0.0
0.0 0.0 0.0
0.0 0.0 0.0
0.0 0.0 0.0
0.0 0.0 0.0
0.0 0.0 0.0
0.0 0.0 0.0
0.0 0.0 0.0
0.0 0.0 0.0
0.0 0.0 0.0
0.0 0.0 0.0
0.0 0.0 0.0
0.0 0.0 0.0
0.0 0.0 0.0
0.0 0.0 0.0
0.0 0.0 0.0
0.0 0.0 0.0
0.0 0.0 0.0
0.0 0.0 0.0
0.0 0.0 0.0
0.0 0.0 0.0
0.0 0.0 0.0
0.0 0.0 0.0
0.0 0.0 0.0
0.0 0.0 0.0
0.0 0.0 0.0
0.0 0.0 0.0
0.0 0.0 0.0
0.0 0.0 0.0
0.0 0.0 0.0
0.0 0.0 0.0
0.0 0.0 0.0
0.0 0.0 0.0
0.0 0.0 0.0
0.0 0.0 0.0
0.0 0.0 0.0
0.0 0.0 0.0
0.0 0.0 0.0
0.0 0.0 0.0
0.0 0.0 0.0
0.0 0.0 0.0
0.0 0.0 0.0
0.0 0.0 0.0
0.0 0.0 0.0
0.0 0.0 0.0
0.0 0.0 0.0
0.0 0.0 0.0
0.0 0.0 0.0
0.0 0.0 0.0
0.0 0.0 0.0
0.0 0.0 0.0
0.0 0.0 0.0
0.0 0.0 0.0
0.0 0.0 0.0
0.0 0.0 0.0
0.0 0.0 0.0
0.0 0.0 0.0
0.0 0.0 0.0
0.0 0.0 0.0
0.0 0.0 0.0
0.0 0.0 0.0
0.0 0.0 0.0
0.0 0.0 0.0
0.0 0.0 0.0
0.0 0.0 0.0
0.0 0.0 0.0
0.0 0.0 0.0
0.0 0.0 0.0
0.0 0.0 0.0
0.0 0.0 0.0
0.0 0.0 0.0
0.0 0.0 0.0
0.0 0.0 0.0
0.0 0.0 0.0
0.0 0.0 0.0
0.0 0.0 0.0
0.0 0.0 0.0
0.0 0.0 0.0
0.0 0.0 0.0
0.0 0.0 0.0
0.0 0.0 0.0
0.0 0.0 0.0
0.0 0.0 0.0
0.0 0.0 0.0
0.0 0.0 0.0
0.0 0.0 0.0
0.0 0.0 0.0
0.0 0.0 0.0
0.0 0.0 0.0
0.0 0.0 0.0
0.0 0.0 0.0
0.0 0.0 0.0
0.0 0.0 0.0
0.0 0.0 0.0
0.0 0.0 0.0
0.0 0.0 0.0
0.0 0.0 0.0
0.0 0.0 0.0
0.0 0.0 0.0
0.0 0.0 0.0
0.0 0.0 0.0
0.0 0.0 0.0
0.0 0.0 0.0
0.0 0.0 0.0
0.0 0.0 0.0
0.0 0.0 0.0
0.0 0.0 0.0
0.0 0.0 0.0
0.0 0.0 0.0
0.0 0.0 0.0
0.0 0.0 0.0
0.0 0.0 0.0
0.0 0.0 0.0
0.0 0.0 0.0
0.0 0.0 0.0
0.0 0.0 0.0
0.0 0.0 0.0
0.0 0.0 0.0
0.0 0.0 0.0
0.0 0.0 0.0
0.0 0.0 0.0
0.0 0.0 0.0
0.0 0.0 0.0
0.0 0.0 0.0
0.0 0.0 0.0
0.0 0.0 0.0
0.0 0.0 0.0
0.0 0.0 0.0
0.0 0.0 0.0
0.0 0.0 0.0
0.0 0.0 0.0
0.0 0.0 0.0
0.0 0.0 0.0
0.0 0.0 0.0
0.0 0.0 0.0
0.0 0.0 0.0
0.0 0.0 0.0
0.0 0.0 0.0
0.0 0.0 0.0
0.0 0.0 0.0
0.0 0.0 0.0
0.0 0.0 0.0
0.0 0.0 0.0
0.0 0.0 0.0
0.0 0.0 0.0
0.0 0.0 0.0
0.0 0.0 0.0
0.0 0.0 0.0
0.0 0.0 0.0
0.0 0.0 0.0
0.0 0.0 0.0
0.0 0.0 0.0
0.0 0.0 0.0
0.0 0.0 0.0
0.0 0.0 0.0
0.0 0.0 0.0
0.0 0.0 0.0
0.0 0.0 0.0
0.0 0.0 0.0
0.0 0.0 0.0
0.0 0.0 0.0
0.0 0.0 0.0
0.0 0.0 0.0
0.0 0.0 0.0
0.0 0.0 0.0
0.0 0.0 0.0
0.0 0.0 0.0
0.0 0.0 0.0
0.0 0.0 0.0
0.0 0.0 0.0
0.0 0.0 0.0
0.0 0.0 0.0
0.0 0.0 0.0
0.0 0.0 0.0
0.0 0.0 0.0
0.0 0.0 0.0
0.0 0.0 0.0
0.0 0.0 0.0
0.0 0.0 0.0
0.0 0.0 0.0
0.0 0.0 0.0
0.0 0.0 0.0
0.0 0.0 0.0
0.0 0.0 0.0
0.0 0.0 0.0
0.0 0.0 0.0
0.0 0.0 0.0
0.0 0.0 0.0
0.0 0.0 0.0
0.0 0.0 0.0
0.0 0.0 0.0
0.0 0.0 0.0
0.0 0.0 0.0
0.0 0.0 0.0
0.0 0.0 0.0
0.0 0.0 0.0
0.0 0.0 0.0
0.0 0.0 0.0
0.0 0.0 0.0
0.0 0.0 0.0
0.0 0.0 0.0
0.0 0.0 0.0
0.0 0.0 0.0
0.0 0.0 0.0
0.0 0.0 0.0
0.0 0.0 0.0
0.0 0.0 0.0
0.0 0.0 0.0
0.0 0.0 0.0
0.0 0.0 0.0
0.0 0.0 0.0
0.0 0.0 0.0
0.0 0.0 0.0
0.0 0.0 0.0
0.0 0.0 0.0
0.0 0.0 0.0
0.0 0.0 0.0
0.0 0.0 0.0
0.0 0.0 0.0
0.0 0.0 0.0
0.0 0.0 0.0
0.0 0.0 0.0
0.0 0.0 0.0
0.0 0.0 0.0
0.0 0.0 0.0
0.0 0.0 0.0
0.0 0.0 0.0
0.0 0.0 0.0
0.0 0.0 0.0
0.0 0.0 0.0
0.0 0.0 0.0
0.0 0.0 0.0
0.0 0.0 0.0
0.0 0.0 0.0
0.0 0.0 0.0
0.0 0.0 0.0
0.0 0.0 0.0
0.0 0.0 0.0
0.0 0.0 0.0
0.0 0.0 0.0
0.0 0.0 0.0
0.0 0.0 0.0
0.0 0.0 0.0
0.0 0.0 0.0
0.0 0.0 0.0
0.0 0.0 0.0
0.0 0.0 0.0
0.0 0.0 0.0
0.0 0.0 0.0
0.0 0.0 0.0
0.0 0.0 0.0
0.0 0.0 0.0
0.0 0.0 0.0
0.0 0.0 0.0
0.0 0.0 0.0
0.0 0.0 0.0
0.0 0.0 0.0
0.0 0.0 0.0
0.0 0.0 0.0
0.0 0.0 0.0
0.0 0.0 0.0
0.0 0.0 0.0
0.0 0.0 0.0
0.0 0.0 0.0
0.0 0.0 0.0
0.0 0.0 0.0
0.0 0.0 0.0
0.0 0.0 0.0
0.0 0.0 0.0
0.0 0.0 0.0
0.0 0.0 0.0
0.0 0.0 0.0
0.0 0.0 0.0
0.0 0.0 0.0
0.0 0.0 0.0
0.0 0.0 0.0
0.0 0.0 0.0
0.0 0.0 0.0
0.0 0.0 0.0
0.0 0.0 0.0
0.0 0.0 0.0
0.0 0.0 0.0
0.0 0.0 0.0
0.0 0.0 0.0
0.0 0.0 0.0
0.0 0.0 0.0
5331957.837 0.008
5320973.073 0.008
5309983.011 0.008
5298987.663 0.008
5287987.039 0.008
5276981.152 0.008
5265970.011 0.008
5254953.628 0.008
5243932.013 0.009
5232905.178 0.009
5221873.133 0.009
5210835.890 0.009
5199793.459 0.009
5188745.852 0.009
5177693.080 0.009
5166635.152 0.009
5155572.082 0.009
5144503.879 0.009
5133430.554 0.009
5122352.119 0.009
5111268.584 0.009
5100179.961 0.009
5089086.261 0.009
5077987.495 0.009
5066883.673 0.009
5055774.806 0.009
5044660.907 0.009
5033541.986 0.009
5022418.053 0.009
5011289.121 0.009
5000155.199 0.009
4989016.300 0.009
4977872.434 0.009
4966723.613 0.009
4955569.847 0.010
4944411.147 0.010
4933247.525 0.010
4922078.992 0.010
4910905.559 0.010
4899727.237 0.010
4888544.037 0.010
4877355.970 0.010
4866163.047 0.010
4854965.281 0.010
4843762.680 0.010
4832555.258 0.010
4821343.025 0.010
4810125.992 0.010
4798904.170 0.010
4787677.570 0.010
4776446.205 0.010
4765210.084 0.010
4753969.219 0.010
4742723.621 0.010
4731473.302 0.010
4720218.272 0.011
4708958.543 0.011
4697694.126 0.011
4686425.033 0.011
4675151.274 0.011
4663872.860 0.011
4652589.803 0.011
4641302.115 0.011
4630009.806 0.011
4618712.887 0.011
4607411.370 0.011
4596105.266 0.011
4584794.587 0.011
4573479.343 0.011
4562159.546 0.011
4550835.207 0.011
4539506.338 0.011
4528172.949 0.011
4516835.052 0.011
4505492.659 0.012
4494145.780 0.012
4482794.426 0.012
4471438.610 0.012
4460078.342 0.012
4448713.634 0.012
4437344.497 0.012
4425970.943 0.012
4414592.982 0.012
4403210.626 0.012
4391823.886 0.012
4380432.774 0.012
4369037.301 0.012
4357637.478 0.012
4346233.318 0.012
4334824.830 0.012
4323412.026 0.013
4311994.918 0.013
4300573.518 0.013
4289147.835 0.013
4277717.883 0.013
4266283.672 0.013
4254845.214 0.013
4243402.519 0.013
4231955.600 0.013
4220504.468 0.013
4209049.134 0.013
4197589.609 0.013
4186125.905 0.013
4174658.034 0.013
4163186.007 0.013
4151709.835 0.014
4140229.530 0.014
4128745.102 0.014
4117256.564 0.014
4105763.927 0.014
4094267.203 0.014
4082766.402 0.014
4071261.537 0.014
4059752.618 0.014
4048239.658 0.014
4036722.667 0.014
4025201.657 0.014
4013676.640 0.015
4002147.627 0.015
3990614.630 0.015
3979077.659 0.015
3967536.727 0.015
3955991.845 0.015
3944443.025 0.015
3932890.277 0.015
3921333.614 0.015
3909773.047 0.015
3898208.587 0.015
3886640.247 0.015
3875068.036 0.016
3863491.968 0.016
3851912.054 0.016
3840328.304 0.016
3828740.731 0.016
3817149.346 0.016
3805554.161 0.016
3793955.187 0.016
3782352.436 0.016
3770745.920 0.016
3759135.649 0.017
3747521.635 0.017
3735903.891 0.017
3724282.427 0.017
3712657.255 0.017
3701028.387 0.017
3689395.834 0.017
3677759.608 0.017
3666119.720 0.017
3654476.182 0.017
3642829.006 0.018
3631178.204 0.018
3619523.785 0.018
3607865.764 0.018
3596204.150 0.018
3584538.956 0.018
3572870.193 0.018
3561197.874 0.018
3549522.008 0.019
3537842.609 0.019
3526159.687 0.019
3514473.255 0.019
3502783.323 0.019
3491089.904 0.019
3479393.010 0.019
3467692.651 0.019
3455988.840 0.020
3444281.588 0.020
3432570.907 0.020
3420856.808 0.020
3409139.304 0.020
3397418.405 0.020
3385694.124 0.020
3373966.472 0.020
3362235.461 0.021
3350501.102 0.021
3338763.408 0.021
3327022.389 0.021
3315278.058 0.021
3303530.427 0.021
3291779.506 0.021
3280025.308 0.022
3268267.844 0.022
3256507.126 0.022
3244743.166 0.022
3232975.976 0.022
3221205.566 0.022
3209431.950 0.023
3197655.138 0.023
3185875.143 0.023
3174091.976 0.023
3162305.648 0.023
3150516.172 0.023
3138723.559 0.024
3126927.821 0.024
3115128.970 0.024
3103327.018 0.024
3091521.976 0.024
3079713.856 0.025
3067902.669 0.025
3056088.428 0.025
3044271.144 0.025
3032450.830 0.025
3020627.496 0.025
3008801.155 0.026
2996971.818 0.026
2985139.497 0.026
2973304.204 0.026
2961465.951 0.026
2949624.749 0.027
2937780.611 0.027
2925933.547 0.027
2914083.571 0.027
2902230.693 0.028
2890374.925 0.028
2878516.280 0.028
2866654.769 0.028
2854790.404 0.028
2842923.196 0.029
2831053.158 0.029
2819180.301 0.029
2807304.637 0.029
2795426.178 0.030
2783544.936 0.030
2771660.922 0.030
2759774.149 0.030
2747884.629 0.031
2735992.372 0.031
2724097.391 0.031
2712199.698 0.031
2700299.305 0.032
2688396.223 0.032
2676490.464 0.032
2664582.041 0.033
2652670.964 0.033
2640757.247 0.033
2628840.900 0.033
2616921.936 0.034
2605000.366 0.034
2593076.202 0.034
2581149.457 0.035
2569220.142 0.035
2557288.269 0.035
2545353.850 0.036
2533416.896 0.036
2521477.420 0.036
2509535.434 0.037
2497590.948 0.037
2485643.976 0.037
2473694.530 0.038
2461742.620 0.038
2449788.259 0.038
2437831.460 0.039
2425872.233 0.039
2413910.590 0.040
2401946.544 0.040
2389980.107 0.040
2378011.290 0.041
2366040.105 0.041
2354066.565 0.042
2342090.681 0.042
2330112.465 0.042
2318131.928 0.043
2306149.084 0.043
2294163.944 0.044
2282176.519 0.044
2270186.822 0.045
2258194.865 0.045
2246200.659 0.046
2234204.217 0.046
2222205.551 0.047
2210204.672 0.047
2198201.592 0.048
2186196.323 0.048
2174188.878 0.049
2162179.268 0.049
2150167.506 0.050
2138153.602 0.050
2126137.570 0.051
2114119.420 0.051
2102099.166 0.052
2090076.818 0.052
2078052.390 0.053
2066025.893 0.054
2053997.338 0.054
2041966.738 0.055
2029934.106 0.055
2017899.452 0.056
2005862.789 0.057
1993824.128 0.057
1981783.483 0.058
1969740.864 0.059
1957696.284 0.060
1945649.755 0.060
1933601.289 0.061
1921550.897 0.062
1909498.592 0.062
1897444.386 0.063
1885388.291 0.064
1873330.318 0.065
1861270.480 0.066
1849208.789 0.066
1837145.257 0.067
1825079.896 0.068
1813012.717 0.069
1800943.733 0.070
1788872.956 0.071
1776800.398 0.072
1764726.071 0.073
1752649.986 0.074
1740572.157 0.075
1728492.594 0.076
1716411.310 0.077
1704328.318 0.078
1692243.628 0.079
1680157.254 0.080
1668069.206 0.081
1655979.498 0.082
1643888.141 0.083
1631795.147 0.084
1619700.528 0.086
1607604.297 0.087
1595506.465 0.088
1583407.044 0.089
1571306.047 0.091
1559203.485 0.092
1547099.370 0.094
1534993.716 0.095
1522886.533 0.096
1510777.833 0.098
1498667.629 0.099
1486555.933 0.101
1474442.757 0.102
1462328.113 0.104
1450212.013 0.106
1438094.468 0.107
1425975.492 0.109
1413855.096 0.111
1401733.293 0.113
1389610.093 0.115
1377485.510 0.116
1365359.555 0.118
1353232.241 0.120
1341103.580 0.122
1328973.583 0.125
1316842.263 0.127
1304709.631 0.129
1292575.701 0.131
1280440.484 0.133
1268303.991 0.136
1256166.236 0.138
1244027.230 0.141
1231886.985 0.143
1219745.514 0.146
1207602.828 0.149
1195458.940 0.151
1183313.861 0.154
1171167.605 0.157
1159020.182 0.160
1146871.605 0.163
1134721.886 0.167
1122571.037 0.170
1110419.071 0.173
1098265.998 0.177
1086111.833 0.180
1073956.585 0.184
1061800.269 0.188
1049642.895 0.192
1037484.476 0.196
1025325.024 0.200
1013164.551 0.204
1001003.070 0.209
988840.591 0.213
976677.128 0.218
964512.693 0.223
952347.297 0.228
940180.953 0.233
928013.672 0.238
915845.468 0.244
903676.352 0.249
891506.336 0.255
879335.432 0.261
867163.652 0.267
854991.010 0.274
842817.515 0.281
830643.182 0.287
818468.022 0.295
806292.046 0.302
794115.268 0.310
781937.699 0.318
769759.352 0.326
757580.237 0.334
745400.369 0.343
733219.759 0.352
721038.418 0.362
708856.359 0.371
696673.595 0.382
684490.137 0.392
672305.997 0.403
660121.188 0.414
647935.721 0.426
635749.610 0.438
623562.865 0.450
611375.500 0.463
599187.525 0.477
586998.954 0.490
574809.799 0.505
562620.071 0.520
550429.783 0.535
538238.947 0.551
526047.575 0.567
513855.679 0.584
501663.272 0.601
489470.365 0.619
477276.970 0.637
465083.101 0.655
452888.768 0.674
440693.984 0.694
428498.762 0.714
416303.113 0.734
404107.049 0.754
391910.583 0.774
379713.727 0.794
367516.492 0.814
355318.892 0.834
343120.938 0.854
330922.642 0.873
318724.016 0.891
306525.074 0.908
294325.826 0.924
282126.285 0.939
269926.463 0.952
257726.372 0.963
245526.025 0.973
233325.433 0.981
221124.609 0.988
208923.565 0.992
196722.312 0.996
184520.864 0.998
172319.232 0.999
160117.428 1.000
147915.465 1.000
135713.355 1.000
123511.110 1.000
111308.741 1.000
99106.262 1.000
86903.684 1.000
20.021 2104354.281 0.066321526
20.142 2098136.703 0.066444636
20.265 2091924.083 0.066569898
20.387 2085716.471 0.066697318
20.511 2079513.919 0.066826903
20.634 2073316.479 0.066958659
20.759 2067124.204 0.067092592
20.884 2060937.147 0.067228710
21.009 2054755.362 0.067367019
21.136 2048578.903 0.067507528
21.262 2042407.826 0.067650242
21.390 2036242.186 0.067795171
21.518 2030082.039 0.067942322
21.646 2023927.442 0.068091702
21.775 2017778.453 0.068243322
21.905 2011635.129 0.068397188
22.035 2005497.530 0.068553310
22.166 1999365.714 0.068711696
22.298 1993239.743 0.068872356
22.430 1987119.675 0.069035299
22.563 1981005.574 0.069200534
22.696 1974897.500 0.069368072
22.830 1968795.517 0.069537921
22.965 1962699.688 0.069710092
23.100 1956610.077 0.069884595
23.236 1950526.749 0.070061441
23.373 1944449.770 0.070240639
23.510 1938379.205 0.070422202
23.648 1932315.123 0.070606139
23.787 1926257.589 0.070792461
23.926 1920206.674 0.070981181
24.066 1914162.447 0.071172308
24.207 1908124.977 0.071365855
24.349 1902094.336 0.071561834
24.491 1896070.595 0.071760256
24.634 1890053.826 0.071961133
24.777 1884044.104 0.072164478
24.922 1878041.501 0.072370302
25.067 1872046.094 0.072578618
25.213 1866057.958 0.072789439
25.359 1860077.169 0.073002777
25.507 1854103.806 0.073218645
25.655 1848137.946 0.073437056
25.803 1842179.669 0.073658023
25.953 1836229.056 0.073881559
26.103 1830286.188 0.074107678
26.255 1824351.146 0.074336393
26.406 1818424.013 0.074567717
26.559 1812504.875 0.074801665
26.713 1806593.815 0.075038249
26.867 1800690.920 0.075277483
27.022 1794796.276 0.075519382
27.178 1788909.972 0.075763960
27.335 1783032.097 0.076011230
27.493 1777162.740 0.076261206
27.651 1771301.992 0.076513903
27.811 1765449.946 0.076769336
27.971 1759606.695 0.077027517
28.132 1753772.333 0.077288463
28.294 1747946.955 0.077552186
28.457 1742130.658 0.077818702
28.620 1736323.539 0.078088025
28.785 1730525.697 0.078360170
28.950 1724737.231 0.078635151
29.117 1718958.244 0.078912982
29.284 1713188.836 0.079193679
29.452 1707429.112 0.079477255
29.621 1701679.175 0.079763725
29.792 1695939.132 0.080053104
29.963 1690209.090 0.080345406
30.135 1684489.156 0.080640645
30.308 1678779.441 0.080938837
30.481 1673080.055 0.081239995
30.656 1667391.110 0.081544133
30.832 1661712.719 0.081851266
31.009 1656044.998 0.082161408
31.187 1650388.062 0.082474573
31.366 1644742.029 0.082790774
31.546 1639107.017 0.083110026
31.727 1633483.147 0.083432342
31.909 1627870.539 0.083757735
32.092 1622269.318 0.084086220
32.276 1616679.608 0.084417809
32.461 1611101.533 0.084752515
32.647 1605535.223 0.085090351
32.835 1599980.804 0.085431329
33.023 1594438.409 0.085775462
33.213 1588908.167 0.086122763
33.403 1583390.214 0.086473243
33.595 1577884.683 0.086826913
33.788 1572391.711 0.087183785
33.982 1566911.437 0.087543870
34.177 1561443.998 0.087907179
34.373 1555989.538 0.088273722
34.571 1550548.199 0.088643510
34.769 1545120.124 0.089016551
34.969 1539705.461 0.089392856
35.170 1534304.357 0.089772433
35.372 1528916.962 0.090155290
35.576 1523543.427 0.090541437
35.780 1518183.904 0.090930879
35.986 1512838.549 0.091323625
36.193 1507507.518 0.091719680
36.401 1502190.969 0.092119051
36.611 1496889.063 0.092521744
36.822 1491601.960 0.092927763
37.034 1486329.825 0.093337113
37.247 1481072.824 0.093749797
37.462 1475831.123 0.094165818
37.678 1470604.892 0.094585179
37.895 1465394.302 0.095007882
38.114 1460199.526 0.095433926
38.333 1455020.740 0.095863313
38.555 1449858.119 0.096296042
38.777 1444711.843 0.096732111
39.001 1439582.092 0.097171518
39.227 1434469.050 0.097614261
39.453 1429372.901 0.098060334
39.682 1424293.832 0.098509733
39.911 1419232.032 0.098962453
40.142 1414187.691 0.099418485
40.374 1409161.004 0.099877823
40.608 1404152.163 0.100340457
40.843 1399161.368 0.100806376
41.080 1394188.816 0.101275571
41.318 1389234.709 0.101748028
41.558 1384299.250 0.102223734
41.799 1379382.645 0.102702674
42.041 1374485.102 0.103184832
42.285 1369606.829 0.103670191
42.531 1364748.040 0.104158731
42.778 1359908.948 0.104650433
43.026 1355089.769 0.105145275
43.276 1350290.721 0.105643234
43.528 1345512.025 0.106144286
43.781 1340753.905 0.106648404
44.036 1336016.584 0.107155561
44.292 1331300.290 0.107665728
44.550 1326605.252 0.108178873
44.810 1321931.702 0.108694965
45.071 1317279.874 0.109213969
45.333 1312650.002 0.109735848
45.598 1308042.326 0.110260565
45.863 1303457.086 0.110788080
46.131 1298894.524 0.111318352
46.400 1294354.884 0.111851336
46.671 1289838.415 0.112386987
46.943 1285345.364 0.112925258
47.217 1280875.984 0.113466098
47.493 1276430.526 0.114009456
47.770 1272009.248 0.114555278
48.050 1267612.407 0.115103508
48.330 1263240.262 0.115654087
48.613 1258893.075 0.116206954
48.897 1254571.111 0.116762047
49.183 1250274.636 0.117319301
49.470 1246003.918 0.117878647
49.759 1241759.227 0.118440016
50.050 1237540.836 0.119003334
50.343 1233349.019 0.119568527
50.638 1229184.052 0.120135517
50.934 1225046.214 0.120704224
51.231 1220935.785 0.121274566
51.531 1216853.046 0.121846455
51.832 1212798.282 0.122419806
52.135 1208771.779 0.122994527
52.440 1204773.824 0.123570524
52.747 1200804.707 0.124147701
53.055 1196864.719 0.124725959
53.365 1192954.152 0.125305198
53.677 1189073.302 0.125885311
53.990 1185222.463 0.126466192
54.306 1181401.934 0.127047730
54.622 1177612.013 0.127629813
54.941 1173853.002 0.128212325
55.262 1170125.201 0.128795147
55.584 1166428.915 0.129378157
55.908 1162764.447 0.129961231
56.233 1159132.103 0.130544242
56.561 1155532.190 0.131127059
56.890 1151965.015 0.131709549
57.220 1148430.889 0.132291577
57.553 1144930.119 0.132873004
57.887 1141463.018 0.133453688
58.223 1138029.895 0.134033486
58.560 1134631.064 0.134612249
58.899 1131266.837 0.135189828
59.240 1127937.527 0.135766072
59.582 1124643.447 0.136340823
59.926 1121384.912 0.136913926
60.272 1118162.236 0.137485219
60.619 1114975.733 0.138054539
60.968 1111825.717 0.138621722
61.318 1108712.502 0.139186599
61.670 1105636.404 0.139749000
62.024 1102597.735 0.140308754
62.378 1099596.809 0.140865684
62.735 1096633.939 0.141419616
63.092 1093709.438 0.141970369
63.452 1090823.616 0.142517763
63.812 1087976.786 0.143061615
64.174 1085169.256 0.143601742
64.537 1082401.335 0.144137957
64.902 1079673.331 0.144670073
65.267 1076985.550 0.145197900
65.634 1074338.297 0.145721248
66.002 1071731.874 0.146239926
66.372 1069166.583 0.146753741
66.742 1066642.723 0.147262499
67.113 1064160.593 0.147766006
67.486 1061720.486 0.148264068
67.859 1059322.696 0.148756487
68.233 1056967.513 0.149243069
68.608 1054655.225 0.149723618
68.983 1052386.117 0.150197936
69.359 1050160.472 0.150665829
69.736 1047978.568 0.151127099
70.114 1045840.682 0.151581553
70.491 1043747.086 0.152028994
70.869 1041698.050 0.152469229
71.248 1039693.838 0.152902065
71.626 1037734.712 0.153327310
72.005 1035820.931 0.153744773
72.383 1033952.748 0.154154266
72.761 1032130.412 0.154555600
73.139 1030354.169 0.154948592
73.516 1028624.259 0.155333056
73.892 1026940.918 0.155708813
74.268 1025304.377 0.156075682
74.642 1023714.862 0.156433490
75.015 1022172.594 0.156782062
75.387 1020677.788 0.157121228
75.757 1019230.656 0.157450822
76.125 1017831.401 0.157770680
76.490 1016480.222 0.158080642
76.853 1015177.314 0.158380553
77.213 1013922.862 0.158670260
77.569 1012717.049 0.158949615
77.922 1011560.050 0.159218475
78.270 1010452.033 0.159476701
78.613 1009393.161 0.159724159
78.951 1008383.588 0.159960720
79.283 1007423.466 0.160186258
79.608 1006512.935 0.160400654
79.926 1005652.132 0.160603795
80.235 1004841.184 0.160795572
80.535 1004080.214 0.160975882
80.824 1003369.336 0.161144629
81.102 1002708.657 0.161301720
81.367 1002098.276 0.161447070
81.618 1001538.286 0.161580601
81.854 1001028.773 0.161702240
82.073 1000569.813 0.161811919
82.273 1000161.476 0.161909578
82.453 999803.826 0.161995164
82.612 999496.915 0.162068630
82.748 999240.792 0.162129934
82.859 999035.495 0.162179043
82.945 998881.056 0.162215929
83.005 998777.498 0.162240572
83.037 998724.837 0.162252958
83.042 998723.081 0.162253080
83.018 998772.230 0.162240939
82.968 998872.277 0.162216539
82.891 999023.205 0.162179896
82.788 999224.991 0.162131029
82.660 999477.604 0.162069966
82.509 999781.005 0.161996739
82.335 1000135.147 0.161911389
82.141 1000539.977 0.161813964
81.929 1000995.430 0.161704516
81.699 1001501.439 0.161583105
81.453 1002057.925 0.161449799
81.192 1002664.804 0.161304669
80.919 1003321.983 0.161147794
80.633 1004029.362 0.160979260
80.337 1004786.836 0.160799157
80.031 1005594.289 0.160607583
79.716 1006451.600 0.160404639
79.394 1007358.640 0.160190435
79.064 1008315.275 0.159965083
78.728 1009321.362 0.159728702
78.387 1010376.751 0.159481418
78.040 1011481.288 0.159223359
77.689 1012634.810 0.158954658
77.335 1013837.148 0.158675456
76.976 1015088.128 0.158385895
76.615 1016387.568 0.158086123
76.250 1017735.281 0.157776291
75.883 1019131.074 0.157456556
75.514 1020574.748 0.157127076
75.144 1022066.097 0.156788016
74.771 1023604.913 0.156439542
74.398 1025190.979 0.156081823
74.023 1026824.074 0.155715034
73.647 1028503.973 0.155339348
73.271 1030230.445 0.154954946
72.893 1032003.253 0.154562008
72.516 1033822.157 0.154160716
72.138 1035686.912 0.153751258
71.760 1037597.269 0.153333819
71.382 1039552.974 0.152908589
71.004 1041553.769 0.152475757
70.626 1043599.392 0.152035517
70.249 1045689.579 0.151588061
69.872 1047824.059 0.151133583
69.495 1050002.561 0.150672277
69.119 1052224.807 0.150204340
68.744 1054490.520 0.149729966
68.369 1056799.416 0.149249352
67.995 1059151.211 0.148762694
67.622 1061545.617 0.148270189
67.250 1063982.343 0.147772032
66.879 1066461.097 0.147268418
66.509 1068981.582 0.146759543
66.140 1071543.503 0.146245602
65.772 1074146.558 0.145726787
65.405 1076790.448 0.145203291
65.040 1079474.868 0.144675307
64.675 1082199.514 0.144143024
64.312 1084964.080 0.143606632
63.950 1087768.258 0.143066317
63.590 1090611.740 0.142522267
63.231 1093494.215 0.141974665
62.873 1096415.373 0.141423695
62.517 1099374.902 0.140869537
62.162 1102372.490 0.140312369
61.809 1105407.823 0.139752369
61.457 1108480.588 0.139189712
61.107 1111590.471 0.138624569
60.758 1114737.158 0.138057112
60.411 1117920.334 0.137487507
60.065 1121139.685 0.136915921
59.721 1124394.896 0.136342516
59.379 1127685.654 0.135767452
59.038 1131011.643 0.135190889
58.699 1134372.552 0.134612980
58.361 1137768.065 0.134033878
58.026 1141197.871 0.133453734
57.691 1144661.657 0.132872695
57.359 1148159.112 0.132290904
57.028 1151689.925 0.131708504
56.699 1155253.786 0.131125633
56.372 1158850.386 0.130542428
56.046 1162479.418 0.129959021
55.722 1166140.574 0.129375542
55.400 1169833.548 0.128792120
55.080 1173558.036 0.128208879
54.761 1177313.735 0.127625940
54.444 1181100.343 0.127043422
54.129 1184917.559 0.126461442
53.815 1188765.084 0.125880112
53.503 1192642.620 0.125299542
53.193 1196549.870 0.124719841
52.885 1200486.542 0.124141112
52.579 1204452.341 0.123563458
52.274 1208446.976 0.122986978
51.971 1212470.158 0.122411767
51.669 1216521.599 0.121837920
51.370 1220601.012 0.121265527
51.072 1224708.115 0.120694677
50.776 1228842.625 0.120125454
50.481 1233004.260 0.119557943
50.189 1237192.744 0.118992223
49.898 1241407.799 0.118428371
49.608 1245649.150 0.117866464
49.321 1249916.526 0.117306573
49.035 1254209.656 0.116748769
48.751 1258528.272 0.116193120
48.468 1262872.106 0.115639692
48.187 1267240.896 0.115088546
47.908 1271634.378 0.114539745
47.631 1276052.294 0.113993346
47.355 1280494.384 0.113449406
47.081 1284960.394 0.112907979
46.808 1289450.069 0.112369116
46.538 1293963.159 0.111832869
46.268 1298499.414 0.111299283
46.001 1303058.587 0.110768405
45.735 1307640.434 0.110240279
45.471 1312244.711 0.109714947
45.208 1316871.178 0.109192448
44.947 1321519.598 0.108672820
44.687 1326189.733 0.108156099
44.429 1330881.350 0.107642320
44.173 1335594.218 0.107131516
43.918 1340328.107 0.106623717
43.665 1345082.789 0.106118953
43.413 1349858.041 0.105617251
43.163 1354653.638 0.105118638
42.915 1359469.360 0.104623138
42.668 1364304.989 0.104130774
42.422 1369160.308 0.103641567
42.178 1374035.103 0.103155538
41.935 1378929.163 0.102672706
41.694 1383842.277 0.102193088
41.455 1388774.237 0.101716700
41.217 1393724.838 0.101243557
40.980 1398693.877 0.100773672
40.745 1403681.152 0.100307059
40.511 1408686.464 0.099843728
40.278 1413709.616 0.099383689
40.048 1418750.412 0.098926952
39.818 1423808.660 0.098473524
39.590 1428884.168 0.098023413
39.363 1433976.748 0.097576624
39.138 1439086.213 0.097133162
38.914 1444212.378 0.096693031
38.691 1449355.060 0.096256235
38.470 1454514.077 0.095822776
38.250 1459689.252 0.095392655
38.031 1464880.406 0.094965872
37.814 1470087.366 0.094542428
37.598 1475309.957 0.094122322
37.383 1480548.009 0.093705551
37.170 1485801.352 0.093292115
36.958 1491069.819 0.092882009
36.747 1496353.244 0.092475229
36.537 1501651.463 0.092071772
36.329 1506964.315 0.091671633
36.122 1512291.639 0.091274806
35.916 1517633.276 0.090881285
35.711 1522989.072 0.090491064
35.508 1528358.869 0.090104135
35.306 1533742.517 0.089720490
35.105 1539139.862 0.089340123
34.905 1544550.756 0.088963023
34.706 1549975.051 0.088589183
34.509 1555412.600 0.088218593
34.313 1560863.259 0.087851243
34.117 1566326.885 0.087487123
33.923 1571803.337 0.087126223
33.731 1577292.474 0.086768532
33.539 1582794.160 0.086414038
33.348 1588308.257 0.086062731
33.159 1593834.630 0.085714599
32.970 1599373.146 0.085369630
32.783 1604923.674 0.085027811
32.597 1610486.082 0.084689130
32.411 1616060.242 0.084353575
32.227 1621646.027 0.084021133
32.044 1627243.311 0.083691790
31.862 1632851.968 0.083365533
31.681 1638471.877 0.083042350
31.501 1644102.915 0.082722226
31.322 1649744.963 0.082405147
31.144 1655397.901 0.082091101
30.967 1661061.612 0.081780072
30.792 1666735.980 0.081472047
30.617 1672420.891 0.081167012
30.443 1678116.230 0.080864952
30.270 1683821.885 0.080565853
30.098 1689537.746 0.080269701
29.927 1695263.704 0.079976481
29.756 1700999.649 0.079686179
29.587 1706745.475 0.079398780
29.419 1712501.076 0.079114270
29.252 1718266.347 0.078832634
29.085 1724041.185 0.078553857
28.920 1729825.488 0.078277925
28.755 1735619.154 0.078004823
28.591 1741422.084 0.077734536
28.429 1747234.179 0.077467051
28.267 1753055.342 0.077202352
28.106 1758885.476 0.076940425
27.945 1764724.485 0.076681255
27.786 1770572.276 0.076424828
27.627 1776428.754 0.076171130
27.470 1782293.829 0.075920145
27.313 1788167.409 0.075671861
27.157 1794049.403 0.075426262
27.002 1799939.723 0.075183335
26.847 1805838.281 0.074943065
26.694 1811744.990 0.074705439
26.541 1817659.764 0.074470442
26.389 1823582.518 0.074238060
26.238 1829513.167 0.074008281
26.088 1835451.629 0.073781090
25.938 1841397.821 0.073556473
25.789 1847351.663 0.073334418
25.641 1853313.074 0.073114911
25.494 1859281.974 0.072897939
25.347 1865258.285 0.072683489
25.201 1871241.930 0.072471547
25.056 1877232.832 0.072262102
24.912 1883230.914 0.072055140
24.768 1889236.102 0.071850649
24.625 1895248.321 0.071648616
24.483 1901267.499 0.071449029
24.342 1907293.562 0.071251877
24.201 1913326.440 0.071057146
24.061 1919366.060 0.070864826
23.921 1925412.353 0.070674904
23.783 1931465.250 0.070487369
23.645 1937524.682 0.070302210
23.507 1943590.581 0.070119415
23.371 1949662.880 0.069938974
23.235 1955741.512 0.069760875
23.099 1961826.413 0.069585108
22.965 1967917.517 0.069411662
22.830 1974014.760 0.069240527
22.697 1980118.079 0.069071693
22.564 1986227.411 0.068905149
22.432 1992342.693 0.068740886
22.300 1998463.865 0.068578894
22.170 2004590.866 0.068419164
22.039 2010723.635 0.068261687
21.910 2016862.113 0.068106452
21.780 2023006.243 0.067953452
21.652 2029155.964 0.067802678
21.524 2035311.220 0.067654121
21.397 2041471.955 0.067507772
21.270 2047638.111 0.067363624
21.144 2053809.633 0.067221669
21.018 2059986.466 0.067081899
20.893 2066168.556 0.066944306
20.769 2072355.849 0.066808884
20.645 2078548.291 0.066675624
20.522 2084745.830 0.066544520
20.399 2090948.414 0.066415566
20.277 2097155.990 0.066288755
20.155 2103368.509 0.066164080
20.034 2109585.918 0.066041536
