57.071 1150981.193 0.131834482
57.095 1150733.839 0.131874837
57.115 1150523.738 0.131909082
57.132 1150350.910 0.131937206
57.146 1150215.371 0.131959198
57.156 1150117.133 0.131975050
57.163 1150056.206 0.131984756
57.166 1150032.596 0.131988312
57.165 1150046.304 0.131985718
57.161 1150097.328 0.131976974
57.154 1150185.662 0.131962083
57.143 1150311.299 0.131941051
57.128 1150474.224 0.131913885
57.110 1150674.421 0.131880596
57.089 1150911.870 0.131841195
57.064 1151186.547 0.131795697
57.036 1151498.425 0.131744119
57.004 1151847.473 0.131686479
56.969 1152233.656 0.131622798
56.931 1152656.936 0.131553099
56.889 1153117.271 0.131477408
56.844 1153614.615 0.131395752
56.795 1154148.921 0.131308160
56.743 1154720.135 0.131214665
56.688 1155328.202 0.131115299
56.630 1155973.063 0.131010098
56.568 1156654.655 0.130899100
56.504 1157372.911 0.130782344
56.436 1158127.763 0.130659872
56.365 1158919.138 0.130531726
56.291 1159746.959 0.130397953
56.214 1160611.148 0.130258599
56.134 1161511.622 0.130113713
56.051 1162448.294 0.129963345
55.965 1163421.078 0.129807547
55.876 1164429.880 0.129646373
55.784 1165474.605 0.129479879
55.690 1166555.156 0.129308121
55.593 1167671.431 0.129131158
55.493 1168823.327 0.128949049
55.390 1170010.736 0.128761856
55.285 1171233.550 0.128569642
55.178 1172491.656 0.128372471
55.068 1173784.938 0.128170407
54.955 1175113.279 0.127963517
54.840 1176476.558 0.127751869
54.722 1177874.652 0.127535531
54.603 1179307.436 0.127314574
54.481 1180774.780 0.127089068
54.356 1182276.556 0.126859084
54.230 1183812.630 0.126624696
54.102 1185382.866 0.126385977
53.971 1186987.127 0.126143001
53.838 1188625.274 0.125895843
53.704 1190297.163 0.125644580
53.567 1192002.652 0.125389287
53.429 1193741.595 0.125130042
53.289 1195513.842 0.124866922
53.147 1197319.244 0.124600005
53.003 1199157.650 0.124329370
52.857 1201028.904 0.124055096
52.710 1202932.853 0.123777262
52.562 1204869.338 0.123495947
52.411 1206838.200 0.123211232
52.260 1208839.280 0.122923197
52.107 1210872.415 0.122631921
51.952 1212937.441 0.122337485
51.796 1215034.193 0.122039970
51.639 1217162.506 0.121739456
51.480 1219322.211 0.121436024
51.321 1221513.138 0.121129753
51.160 1223735.119 0.120820724
50.998 1225987.982 0.120509017
50.835 1228271.554 0.120194713
50.670 1230585.661 0.119877890
50.505 1232930.129 0.119558629
50.339 1235304.782 0.119237008
50.172 1237709.445 0.118913107
50.004 1240143.939 0.118587003
49.835 1242608.087 0.118258776
49.665 1245101.710 0.117928502
49.495 1247624.627 0.117596259
49.323 1250176.660 0.117262124
49.151 1252757.627 0.116926172
48.979 1255367.348 0.116588480
48.806 1258005.639 0.116249122
48.632 1260672.319 0.115908173
48.457 1263367.205 0.115565707
48.282 1266090.114 0.115221797
48.107 1268840.863 0.114876515
47.931 1271619.267 0.114529934
47.754 1274425.144 0.114182123
47.577 1277258.308 0.113833155
47.400 1280118.576 0.113483097
47.223 1283005.763 0.113132020
47.045 1285919.684 0.112779990
46.866 1288860.156 0.112427076
46.688 1291826.994 0.112073344
46.509 1294820.012 0.111718858
46.330 1297839.028 0.111363685
46.151 1300883.856 0.111007887
45.972 1303954.312 0.110651527
45.792 1307050.214 0.110294669
45.613 1310171.376 0.109937372
45.433 1313317.615 0.109579697
45.253 1316488.749 0.109221704
45.073 1319684.593 0.108863450
44.893 1322904.967 0.108504994
44.713 1326149.688 0.108146393
44.533 1329418.573 0.107787700
44.353 1332711.442 0.107428972
44.174 1336028.114 0.107070263
43.994 1339368.409 0.106711624
43.814 1342732.146 0.106353108
43.634 1346119.146 0.105994767
43.455 1349529.231 0.105636649
43.275 1352962.223 0.105278804
43.096 1356417.943 0.104921280
42.917 1359896.215 0.104564125
42.738 1363396.863 0.104207385
42.560 1366919.711 0.103851104
42.381 1370464.585 0.103495328
42.203 1374031.309 0.103140100
42.025 1377619.711 0.102785462
41.847 1381229.617 0.102431456
41.669 1384860.857 0.102078123
41.492 1388513.258 0.101725503
41.315 1392186.651 0.101373634
41.138 1395880.865 0.101022555
40.962 1399595.732 0.100672303
40.786 1403331.084 0.100322914
40.610 1407086.755 0.099974423
40.435 1410862.578 0.099626865
40.260 1414658.387 0.099280274
40.085 1418474.018 0.098934683
39.911 1422309.308 0.098590123
39.737 1426164.095 0.098246625
39.563 1430038.216 0.097904221
39.390 1433931.510 0.097562940
39.218 1437843.819 0.097222810
39.045 1441774.983 0.096883859
38.873 1445724.844 0.096546115
38.702 1449693.246 0.096209604
38.531 1453680.032 0.095874352
38.360 1457685.048 0.095540383
38.190 1461708.140 0.095207722
38.020 1465749.154 0.094876392
37.851 1469807.938 0.094546416
37.682 1473884.343 0.094217816
37.514 1477978.216 0.093890614
37.346 1482089.411 0.093564829
37.178 1486217.779 0.093240483
37.011 1490363.172 0.092917593
36.845 1494525.445 0.092596180
36.679 1498704.453 0.092276260
36.514 1502900.052 0.091957852
36.349 1507112.100 0.091640972
36.184 1511340.454 0.091325636
36.020 1515584.974 0.091011861
35.857 1519845.519 0.090699660
35.694 1524121.952 0.090389049
35.531 1528414.134 0.090080041
35.369 1532721.929 0.089772649
35.208 1537045.202 0.089466887
35.047 1541383.816 0.089162767
34.887 1545737.640 0.088860300
34.727 1550106.540 0.088559497
34.568 1554490.384 0.088260370
34.409 1558889.043 0.087962929
34.251 1563302.387 0.087667183
34.093 1567730.287 0.087373141
33.936 1572172.615 0.087080814
33.779 1576629.246 0.086790208
33.623 1581100.054 0.086501332
33.468 1585584.914 0.086214194
33.313 1590083.704 0.085928801
33.158 1594596.299 0.085645159
33.004 1599122.580 0.085363274
32.851 1603662.426 0.085083154
32.698 1608215.717 0.084804803
32.546 1612782.334 0.084528227
32.394 1617362.161 0.084253430
32.243 1621955.081 0.083980417
32.092 1626560.978 0.083709192
31.942 1631179.737 0.083439760
31.792 1635811.246 0.083172123
31.643 1640455.391 0.082906285
31.494 1645112.061 0.082642248
31.346 1649781.145 0.082380016
31.199 1654462.533 0.082119591
31.052 1659156.116 0.081860975
30.906 1663861.787 0.081604170
30.760 1668579.438 0.081349176
30.615 1673308.964 0.081095997
30.470 1678050.259 0.080844632
30.326 1682803.219 0.080595082
30.182 1687567.741 0.080347348
30.039 1692343.723 0.080101431
29.896 1697131.062 0.079857330
29.754 1701929.658 0.079615045
29.613 1706739.411 0.079374577
29.472 1711560.224 0.079135924
29.331 1716391.996 0.078899086
29.191 1721234.633 0.078664063
29.052 1726088.036 0.078430853
28.913 1730952.111 0.078199454
28.774 1735826.764 0.077969867
28.636 1740711.899 0.077742089
28.499 1745607.426 0.077516118
28.362 1750513.251 0.077291953
28.226 1755429.283 0.077069592
28.090 1760355.433 0.076849033
27.955 1765291.609 0.076630273
27.820 1770237.724 0.076413311
27.686 1775193.690 0.076198144
27.552 1780159.419 0.075984769
27.419 1785134.825 0.075773184
27.286 1790119.823 0.075563386
27.154 1795114.327 0.075355373
27.022 1800118.253 0.075149141
26.891 1805131.518 0.074944687
26.760 1810154.040 0.074742008
26.630 1815185.736 0.074541102
26.500 1820226.526 0.074341965
26.371 1825276.330 0.074144593
26.242 1830335.067 0.073948984
26.114 1835402.658 0.073755133
25.986 1840479.027 0.073563038
25.859 1845564.094 0.073372695
25.732 1850657.784 0.073184101
25.605 1855760.021 0.072997251
25.479 1860870.728 0.072812142
25.354 1865989.832 0.072628771
25.229 1871117.259 0.072447134
25.105 1876252.934 0.072267227
24.981 1881396.786 0.072089047
24.857 1886548.743 0.071912589
24.734 1891708.733 0.071737850
24.611 1896876.685 0.071564826
24.489 1902052.530 0.071393514
24.368 1907236.198 0.071223909
24.246 1912427.621 0.071056008
24.126 1917626.730 0.070889808
24.005 1922833.459 0.070725303
23.885 1928047.739 0.070562491
23.766 1933269.505 0.070401367
23.647 1938498.691 0.070241928
23.528 1943735.233 0.070084171
23.410 1948979.065 0.069928091
23.293 1954230.124 0.069773685
23.175 1959488.347 0.069620949
23.059 1964753.671 0.069469879
22.942 1970026.033 0.069320473
22.826 1975305.373 0.069172726
22.711 1980591.629 0.069026634
22.596 1985884.741 0.068882195
22.481 1991184.649 0.068739405
22.367 1996491.294 0.068598261
22.253 2001804.617 0.068458758
22.140 2007124.559 0.068320894
22.027 2012451.063 0.068184666
21.914 2017784.072 0.068050070
21.802 2023123.529 0.067917103
21.690 2028469.378 0.067785762
21.579 2033821.563 0.067656044
21.468 2039180.029 0.067527946
21.358 2044544.722 0.067401466
21.247 2049915.587 0.067276599
21.138 2055292.571 0.067153345
21.028 2060675.621 0.067031698
20.919 2066064.683 0.066911659
20.811 2071459.706 0.066793222
20.703 2076860.637 0.066676387
20.595 2082267.427 0.066561151
20.487 2087680.023 0.066447511
20.380 2093098.376 0.066335465
20.274 2098522.436 0.066225012
20.167 2103952.152 0.066116148
20.062 2109387.477 0.066008873
0.0 0.0 0.0
0.0 0.0 0.0
0.0 0.0 0.0
0.0 0.0 0.0
0.0 0.0 0.0
0.0 0.0 0.0
0.0 0.0 0.0
0.0 0.0 0.0
0.0 0.0 0.0
0.0 0.0 0.0
0.0 0.0 0.0
0.0 0.0 0.0
0.0 0.0 0.0
0.0 0.0 0.0
0.0 0.0 0.0
0.0 0.0 0.0
0.0 0.0 0.0
0.0 0.0 0.0
0.0 0.0 0.0
0.0 0.0 0.0
0.0 0.0 0.0
0.0 0.0 0.0
0.0 0.0 0.0
0.0 0.0 0.0
0.0 0.0 0.0
0.0 0.0 0.0
0.0 0.0 0.0
0.0 0.0 0.0
0.0 0.0 0.0
0.0 0.0 0.0
0.0 0.0 0.0
0.0 0.0 0.0
0.0 0.0 0.0
0.0 0.0 0.0
0.0 0.0 0.0
0.0 0.0 0.0
0.0 0.0 0.0
0.0 0.0 0.0
0.0 0.0 0.0
0.0 0.0 0.0
0.0 0.0 0.0
0.0 0.0 0.0
0.0 0.0 0.0
0.0 0.0 0.0
0.0 0.0 0.0
0.0 0.0 0.0
0.0 0.0 0.0
0.0 0.0 0.0
0.0 0.0 0.0
0.0 0.0 0.0
0.0 0.0 0.0
0.0 0.0 0.0
0.0 0.0 0.0
0.0 0.0 0.0
0.0 0.0 0.0
0.0 0.0 0.0
0.0 0.0 0.0
0.0 0.0 0.0
0.0 0.0 0.0
0.0 0.0 0.0
0.0 0.0 0.0
0.0 0.0 0.0
0.0 0.0 0.0
0.0 0.0 0.0
0.0 0.0 0.0
0.0 0.0 0.0
0.0 0.0 0.0
0.0 0.0 0.0
0.0 0.0 0.0
0.0 0.0 0.0
0.0 0.0 0.0
0.0 0.0 0.0
0.0 0.0 0.0
0.0 0.0 0.0
0.0 0.0 0.0
0.0 0.0 0.0
0.0 0.0 0.0
0.0 0.0 0.0
0.0 0.0 0.0
0.0 0.0 0.0
0.0 0.0 0.0
0.0 0.0 0.0
0.0 0.0 0.0
0.0 0.0 0.0
0.0 0.0 0.0
0.0 0.0 0.0
0.0 0.0 0.0
0.0 0.0 0.0
0.0 0.0 0.0
0.0 0.0 0.0
0.0 0.0 0.0
0.0 0.0 0.0
0.0 0.0 0.0
0.0 0.0 0.0
0.0 0.0 0.0
0.0 0.0 0.0
0.0 0.0 0.0
0.0 0.0 0.0
0.0 0.0 0.0
0.0 0.0 0.0
0.0 0.0 0.0
0.0 0.0 0.0
0.0 0.0 0.0
0.0 0.0 0.0
0.0 0.0 0.0
0.0 0.0 0.0
0.0 0.0 0.0
0.0 0.0 0.0
0.0 0.0 0.0
0.0 0.0 0.0
0.0 0.0 0.0
0.0 0.0 0.0
0.0 0.0 0.0
0.0 0.0 0.0
0.0 0.0 0.0
0.0 0.0 0.0
0.0 0.0 0.0
0.0 0.0 0.0
0.0 0.0 0.0
0.0 0.0 0.0
0.0 0.0 0.0
0.0 0.0 0.0
0.0 0.0 0.0
0.0 0.0 0.0
0.0 0.0 0.0
0.0 0.0 0.0
0.0 0.0 0.0
0.0 0.0 0.0
0.0 0.0 0.0
0.0 0.0 0.0
0.0 0.0 0.0
0.0 0.0 0.0
0.0 0.0 0.0
0.0 0.0 0.0
0.0 0.0 0.0
0.0 0.0 0.0
0.0 0.0 0.0
0.0 0.0 0.0
0.0 0.0 0.0
0.0 0.0 0.0
0.0 0.0 0.0
0.0 0.0 0.0
0.0 0.0 0.0
0.0 0.0 0.0
0.0 0.0 0.0
0.0 0.0 0.0
0.0 0.0 0.0
0.0 0.0 0.0
0.0 0.0 0.0
0.0 0.0 0.0
0.0 0.0 0.0
0.0 0.0 0.0
0.0 0.0 0.0
0.0 0.0 0.0
0.0 0.0 0.0
0.0 0.0 0.0
0.0 0.0 0.0
0.0 0.0 0.0
0.0 0.0 0.0
0.0 0.0 0.0
0.0 0.0 0.0
0.0 0.0 0.0
0.0 0.0 0.0
0.0 0.0 0.0
0.0 0.0 0.0
0.0 0.0 0.0
0.0 0.0 0.0
0.0 0.0 0.0
0.0 0.0 0.0
0.0 0.0 0.0
0.0 0.0 0.0
0.0 0.0 0.0
0.0 0.0 0.0
0.0 0.0 0.0
0.0 0.0 0.0
0.0 0.0 0.0
0.0 0.0 0.0
0.0 0.0 0.0
0.0 0.0 0.0
0.0 0.0 0.0
0.0 0.0 0.0
0.0 0.0 0.0
0.0 0.0 0.0
0.0 0.0 0.0
0.0 0.0 0.0
0.0 0.0 0.0
0.0 0.0 0.0
0.0 0.0 0.0
0.0 0.0 0.0
0.0 0.0 0.0
0.0 0.0 0.0
0.0 0.0 0.0
0.0 0.0 0.0
0.0 0.0 0.0
0.0 0.0 0.0
0.0 0.0 0.0
0.0 0.0 0.0
0.0 0.0 0.0
0.0 0.0 0.0
0.0 0.0 0.0
0.0 0.0 0.0
0.0 0.0 0.0
0.0 0.0 0.0
0.0 0.0 0.0
0.0 0.0 0.0
0.0 0.0 0.0
0.0 0.0 0.0
0.0 0.0 0.0
0.0 0.0 0.0
0.0 0.0 0.0
0.0 0.0 0.0
0.0 0.0 0.0
0.0 0.0 0.0
0.0 0.0 0.0
0.0 0.0 0.0
0.0 0.0 0.0
0.0 0.0 0.0
0.0 0.0 0.0
0.0 0.0 0.0
0.0 0.0 0.0
0.0 0.0 0.0
0.0 0.0 0.0
0.0 0.0 0.0
0.0 0.0 0.0
0.0 0.0 0.0
0.0 0.0 0.0
0.0 0.0 0.0
0.0 0.0 0.0
0.0 0.0 0.0
0.0 0.0 0.0
0.0 0.0 0.0
0.0 0.0 0.0
0.0 0.0 0.0
0.0 0.0 0.0
0.0 0.0 0.0
0.0 0.0 0.0
0.0 0.0 0.0
0.0 0.0 0.0
0.0 0.0 0.0
0.0 0.0 0.0
0.0 0.0 0.0
0.0 0.0 0.0
0.0 0.0 0.0
0.0 0.0 0.0
0.0 0.0 0.0
0.0 0.0 0.0
0.0 0.0 0.0
0.0 0.0 0.0
0.0 0.0 0.0
0.0 0.0 0.0
0.0 0.0 0.0
0.0 0.0 0.0
0.0 0.0 0.0
0.0 0.0 0.0
0.0 0.0 0.0
0.0 0.0 0.0
0.0 0.0 0.0
0.0 0.0 0.0
0.0 0.0 0.0
0.0 0.0 0.0
0.0 0.0 0.0
0.0 0.0 0.0
0.0 0.0 0.0
0.0 0.0 0.0
0.0 0.0 0.0
0.0 0.0 0.0
0.0 0.0 0.0
0.0 0.0 0.0
0.0 0.0 0.0
0.0 0.0 0.0
0.0 0.0 0.0
0.0 0.0 0.0
0.0 0.0 0.0
0.0 0.0 0.0
0.0 0.0 0.0
0.0 0.0 0.0
0.0 0.0 0.0
0.0 0.0 0.0
0.0 0.0 0.0
0.0 0.0 0.0
0.0 0.0 0.0
0.0 0.0 0.0
0.0 0.0 0.0
0.0 0.0 0.0
0.0 0.0 0.0
0.0 0.0 0.0
0.0 0.0 0.0
0.0 0.0 0.0
0.0 0.0 0.0
0.0 0.0 0.0
0.0 0.0 0.0
0.0 0.0 0.0
0.0 0.0 0.0
0.0 0.0 0.0
0.0 0.0 0.0
0.0 0.0 0.0
0.0 0.0 0.0
0.0 0.0 0.0
0.0 0.0 0.0
0.0 0.0 0.0
0.0 0.0 0.0
0.0 0.0 0.0
0.0 0.0 0.0
0.0 0.0 0.0
0.0 0.0 0.0
0.0 0.0 0.0
0.0 0.0 0.0
0.0 0.0 0.0
0.0 0.0 0.0
0.0 0.0 0.0
0.0 0.0 0.0
0.0 0.0 0.0
0.0 0.0 0.0
0.0 0.0 0.0
0.0 0.0 0.0
0.0 0.0 0.0
0.0 0.0 0.0
0.0 0.0 0.0
0.0 0.0 0.0
0.0 0.0 0.0
0.0 0.0 0.0
0.0 0.0 0.0
0.0 0.0 0.0
0.0 0.0 0.0
0.0 0.0 0.0
0.0 0.0 0.0
0.0 0.0 0.0
0.0 0.0 0.0
0.0 0.0 0.0
0.0 0.0 0.0
0.0 0.0 0.0
0.0 0.0 0.0
0.0 0.0 0.0
0.0 0.0 0.0
0.0 0.0 0.0
0.0 0.0 0.0
0.0 0.0 0.0
0.0 0.0 0.0
0.0 0.0 0.0
0.0 0.0 0.0
0.0 0.0 0.0
0.0 0.0 0.0
0.0 0.0 0.0
0.0 0.0 0.0
0.0 0.0 0.0
0.0 0.0 0.0
0.0 0.0 0.0
0.0 0.0 0.0
0.0 0.0 0.0
0.0 0.0 0.0
0.0 0.0 0.0
0.0 0.0 0.0
0.0 0.0 0.0
0.0 0.0 0.0
0.0 0.0 0.0
0.0 0.0 0.0
0.0 0.0 0.0
0.0 0.0 0.0
0.0 0.0 0.0
0.0 0.0 0.0
0.0 0.0 0.0
0.0 0.0 0.0
0.0 0.0 0.0
0.0 0.0 0.0
0.0 0.0 0.0
0.0 0.0 0.0
0.0 0.0 0.0
0.0 0.0 0.0
0.0 0.0 0.0
0.0 0.0 0.0
0.0 0.0 0.0
0.0 0.0 0.0
0.0 0.0 0.0
0.0 0.0 0.0
0.0 0.0 0.0
0.0 0.0 0.0
0.0 0.0 0.0
0.0 0.0 0.0
0.0 0.0 0.0
0.0 0.0 0.0
0.0 0.0 0.0
0.0 0.0 0.0
0.0 0.0 0.0
0.0 0.0 0.0
0.0 0.0 0.0
0.0 0.0 0.0
0.0 0.0 0.0
0.0 0.0 0.0
0.0 0.0 0.0
0.0 0.0 0.0
0.0 0.0 0.0
0.0 0.0 0.0
0.0 0.0 0.0
0.0 0.0 0.0
0.0 0.0 0.0
0.0 0.0 0.0
0.0 0.0 0.0
0.0 0.0 0.0
0.0 0.0 0.0
0.0 0.0 0.0
0.0 0.0 0.0
0.0 0.0 0.0
0.0 0.0 0.0
0.0 0.0 0.0
0.0 0.0 0.0
0.0 0.0 0.0
0.0 0.0 0.0
0.0 0.0 0.0
0.0 0.0 0.0
0.0 0.0 0.0
0.0 0.0 0.0
0.0 0.0 0.0
0.0 0.0 0.0
0.0 0.0 0.0
0.0 0.0 0.0
0.0 0.0 0.0
0.0 0.0 0.0
0.0 0.0 0.0
0.0 0.0 0.0
0.0 0.0 0.0
0.0 0.0 0.0
0.0 0.0 0.0
0.0 0.0 0.0
0.0 0.0 0.0
0.0 0.0 0.0
0.0 0.0 0.0
0.0 0.0 0.0
0.0 0.0 0.0
0.0 0.0 0.0
0.0 0.0 0.0
0.0 0.0 0.0
0.0 0.0 0.0
0.0 0.0 0.0
0.0 0.0 0.0
0.0 0.0 0.0
0.0 0.0 0.0
0.0 0.0 0.0
0.0 0.0 0.0
0.0 0.0 0.0
0.0 0.0 0.0
0.0 0.0 0.0
0.0 0.0 0.0
0.0 0.0 0.0
0.0 0.0 0.0
0.0 0.0 0.0
0.0 0.0 0.0
0.0 0.0 0.0
0.0 0.0 0.0
0.0 0.0 0.0
0.0 0.0 0.0
0.0 0.0 0.0
0.0 0.0 0.0
0.0 0.0 0.0
0.0 0.0 0.0
0.0 0.0 0.0
0.0 0.0 0.0
0.0 0.0 0.0
0.0 0.0 0.0
0.0 0.0 0.0
0.0 0.0 0.0
0.0 0.0 0.0
0.0 0.0 0.0
0.0 0.0 0.0
0.0 0.0 0.0
0.0 0.0 0.0
0.0 0.0 0.0
0.0 0.0 0.0
0.0 0.0 0.0
0.0 0.0 0.0
0.0 0.0 0.0
0.0 0.0 0.0
0.0 0.0 0.0
0.0 0.0 0.0
0.0 0.0 0.0
0.0 0.0 0.0
0.0 0.0 0.0
0.0 0.0 0.0
0.0 0.0 0.0
0.0 0.0 0.0
0.0 0.0 0.0
0.0 0.0 0.0
0.0 0.0 0.0
0.0 0.0 0.0
0.0 0.0 0.0
0.0 0.0 0.0
0.0 0.0 0.0
0.0 0.0 0.0
0.0 0.0 0.0
0.0 0.0 0.0
0.0 0.0 0.0
0.0 0.0 0.0
0.0 0.0 0.0
0.0 0.0 0.0
0.0 0.0 0.0
0.0 0.0 0.0
0.0 0.0 0.0
0.0 0.0 0.0
0.0 0.0 0.0
0.0 0.0 0.0
0.0 0.0 0.0
0.0 0.0 0.0
0.0 0.0 0.0
0.0 0.0 0.0
0.0 0.0 0.0
0.0 0.0 0.0
0.0 0.0 0.0
0.0 0.0 0.0
0.0 0.0 0.0
0.0 0.0 0.0
0.0 0.0 0.0
0.0 0.0 0.0
0.0 0.0 0.0
0.0 0.0 0.0
0.0 0.0 0.0
0.0 0.0 0.0
0.0 0.0 0.0
0.0 0.0 0.0
0.0 0.0 0.0
0.0 0.0 0.0
0.0 0.0 0.0
0.0 0.0 0.0
0.0 0.0 0.0
0.0 0.0 0.0
0.0 0.0 0.0
0.0 0.0 0.0
0.0 0.0 0.0
0.0 0.0 0.0
0.0 0.0 0.0
0.0 0.0 0.0
0.0 0.0 0.0
0.0 0.0 0.0
0.0 0.0 0.0
0.0 0.0 0.0
0.0 0.0 0.0
0.0 0.0 0.0
0.0 0.0 0.0
0.0 0.0 0.0
0.0 0.0 0.0
0.0 0.0 0.0
0.0 0.0 0.0
0.0 0.0 0.0
0.0 0.0 0.0
0.0 0.0 0.0
0.0 0.0 0.0
0.0 0.0 0.0
0.0 0.0 0.0
0.0 0.0 0.0
0.0 0.0 0.0
0.0 0.0 0.0
0.0 0.0 0.0
0.0 0.0 0.0
0.0 0.0 0.0
0.0 0.0 0.0
0.0 0.0 0.0
0.0 0.0 0.0
0.0 0.0 0.0
0.0 0.0 0.0
0.0 0.0 0.0
0.0 0.0 0.0
0.0 0.0 0.0
0.0 0.0 0.0
0.0 0.0 0.0
0.0 0.0 0.0
0.0 0.0 0.0
0.0 0.0 0.0
0.0 0.0 0.0
0.0 0.0 0.0
0.0 0.0 0.0
0.0 0.0 0.0
0.0 0.0 0.0
0.0 0.0 0.0
0.0 0.0 0.0
0.0 0.0 0.0
0.0 0.0 0.0
0.0 0.0 0.0
0.0 0.0 0.0
0.0 0.0 0.0
0.0 0.0 0.0
0.0 0.0 0.0
0.0 0.0 0.0
0.0 0.0 0.0
0.0 0.0 0.0
0.0 0.0 0.0
0.0 0.0 0.0
0.0 0.0 0.0
0.0 0.0 0.0
0.0 0.0 0.0
0.0 0.0 0.0
0.0 0.0 0.0
0.0 0.0 0.0
0.0 0.0 0.0
0.0 0.0 0.0
0.0 0.0 0.0
0.0 0.0 0.0
0.0 0.0 0.0
0.0 0.0 0.0
0.0 0.0 0.0
0.0 0.0 0.0
0.0 0.0 0.0
0.0 0.0 0.0
0.0 0.0 0.0
0.0 0.0 0.0
0.0 0.0 0.0
0.0 0.0 0.0
0.0 0.0 0.0
0.0 0.0 0.0
0.0 0.0 0.0
0.0 0.0 0.0
0.0 0.0 0.0
0.0 0.0 0.0
0.0 0.0 0.0
0.0 0.0 0.0
0.0 0.0 0.0
0.0 0.0 0.0
0.0 0.0 0.0
0.0 0.0 0.0
0.0 0.0 0.0
0.0 0.0 0.0
0.0 0.0 0.0
0.0 0.0 0.0
0.0 0.0 0.0
0.0 0.0 0.0
0.0 0.0 0.0
0.0 0.0 0.0
0.0 0.0 0.0
0.0 0.0 0.0
0.0 0.0 0.0
0.0 0.0 0.0
0.0 0.0 0.0
0.0 0.0 0.0
0.0 0.0 0.0
0.0 0.0 0.0
0.0 0.0 0.0
0.0 0.0 0.0
0.0 0.0 0.0
0.0 0.0 0.0
0.0 0.0 0.0
0.0 0.0 0.0
0.0 0.0 0.0
0.0 0.0 0.0
0.0 0.0 0.0
0.0 0.0 0.0
0.0 0.0 0.0
0.0 0.0 0.0
0.0 0.0 0.0
0.0 0.0 0.0
0.0 0.0 0.0
0.0 0.0 0.0
0.0 0.0 0.0
0.0 0.0 0.0
0.0 0.0 0.0
0.0 0.0 0.0
0.0 0.0 0.0
0.0 0.0 0.0
0.0 0.0 0.0
0.0 0.0 0.0
0.0 0.0 0.0
0.0 0.0 0.0
0.0 0.0 0.0
0.0 0.0 0.0
0.0 0.0 0.0
0.0 0.0 0.0
0.0 0.0 0.0
0.0 0.0 0.0
0.0 0.0 0.0
0.0 0.0 0.0
0.0 0.0 0.0
0.0 0.0 0.0
0.0 0.0 0.0
0.0 0.0 0.0
0.0 0.0 0.0
0.0 0.0 0.0
0.0 0.0 0.0
0.0 0.0 0.0
0.0 0.0 0.0
0.0 0.0 0.0
0.0 0.0 0.0
0.0 0.0 0.0
0.0 0.0 0.0
0.0 0.0 0.0
0.0 0.0 0.0
0.0 0.0 0.0
0.0 0.0 0.0
0.0 0.0 0.0
0.0 0.0 0.0
0.0 0.0 0.0
0.0 0.0 0.0
0.0 0.0 0.0
0.0 0.0 0.0
0.0 0.0 0.0
0.0 0.0 0.0
0.0 0.0 0.0
0.0 0.0 0.0
0.0 0.0 0.0
0.0 0.0 0.0
0.0 0.0 0.0
0.0 0.0 0.0
0.0 0.0 0.0
0.0 0.0 0.0
0.0 0.0 0.0
0.0 0.0 0.0
0.0 0.0 0.0
0.0 0.0 0.0
0.0 0.0 0.0
0.0 0.0 0.0
0.0 0.0 0.0
0.0 0.0 0.0
0.0 0.0 0.0
0.0 0.0 0.0
0.0 0.0 0.0
0.0 0.0 0.0
0.0 0.0 0.0
0.0 0.0 0.0
0.0 0.0 0.0
0.0 0.0 0.0
0.0 0.0 0.0
0.0 0.0 0.0
0.0 0.0 0.0
0.0 0.0 0.0
0.0 0.0 0.0
0.0 0.0 0.0
0.0 0.0 0.0
0.0 0.0 0.0
0.0 0.0 0.0
0.0 0.0 0.0
0.0 0.0 0.0
0.0 0.0 0.0
0.0 0.0 0.0
0.0 0.0 0.0
0.0 0.0 0.0
0.0 0.0 0.0
0.0 0.0 0.0
0.0 0.0 0.0
0.0 0.0 0.0
0.0 0.0 0.0
0.0 0.0 0.0
0.0 0.0 0.0
0.0 0.0 0.0
0.0 0.0 0.0
0.0 0.0 0.0
0.0 0.0 0.0
0.0 0.0 0.0
0.0 0.0 0.0
0.0 0.0 0.0
0.0 0.0 0.0
0.0 0.0 0.0
0.0 0.0 0.0
0.0 0.0 0.0
0.0 0.0 0.0
0.0 0.0 0.0
0.0 0.0 0.0
0.0 0.0 0.0
0.0 0.0 0.0
0.0 0.0 0.0
0.0 0.0 0.0
0.0 0.0 0.0
0.0 0.0 0.0
0.0 0.0 0.0
0.0 0.0 0.0
0.0 0.0 0.0
0.0 0.0 0.0
0.0 0.0 0.0
0.0 0.0 0.0
0.0 0.0 0.0
0.0 0.0 0.0
0.0 0.0 0.0
0.0 0.0 0.0
0.0 0.0 0.0
0.0 0.0 0.0
0.0 0.0 0.0
0.0 0.0 0.0
0.0 0.0 0.0
0.0 0.0 0.0
0.0 0.0 0.0
0.0 0.0 0.0
0.0 0.0 0.0
0.0 0.0 0.0
0.0 0.0 0.0
0.0 0.0 0.0
0.0 0.0 0.0
0.0 0.0 0.0
0.0 0.0 0.0
0.0 0.0 0.0
0.0 0.0 0.0
0.0 0.0 0.0
0.0 0.0 0.0
0.0 0.0 0.0
0.0 0.0 0.0
0.0 0.0 0.0
0.0 0.0 0.0
0.0 0.0 0.0
0.0 0.0 0.0
0.0 0.0 0.0
0.0 0.0 0.0
0.0 0.0 0.0
0.0 0.0 0.0
0.0 0.0 0.0
0.0 0.0 0.0
0.0 0.0 0.0
0.0 0.0 0.0
0.0 0.0 0.0
0.0 0.0 0.0
0.0 0.0 0.0
0.0 0.0 0.0
0.0 0.0 0.0
0.0 0.0 0.0
0.0 0.0 0.0
0.0 0.0 0.0
0.0 0.0 0.0
0.0 0.0 0.0
0.0 0.0 0.0
0.0 0.0 0.0
0.0 0.0 0.0
0.0 0.0 0.0
0.0 0.0 0.0
0.0 0.0 0.0
5328617.417 0.008
5315721.886 0.008
5302821.064 0.008
5289914.963 0.008
5277003.597 0.008
5264086.977 0.008
5251165.118 0.009
5238238.032 0.009
5225305.732 0.009
5212368.230 0.009
5199425.540 0.009
5186477.675 0.009
5173524.646 0.009
5160566.468 0.009
5147603.153 0.009
5134634.715 0.009
5121661.165 0.009
5108682.517 0.009
5095698.784 0.009
5082709.978 0.009
5069716.114 0.009
5056717.202 0.009
5043713.258 0.009
5030704.293 0.009
5017690.320 0.009
5004671.353 0.009
4991647.404 0.009
4978618.486 0.009
4965584.613 0.010
4952545.797 0.010
4939502.052 0.010
4926453.389 0.010
4913399.823 0.010
4900341.366 0.010
4887278.031 0.010
4874209.832 0.010
4861136.781 0.010
4848058.891 0.010
4834976.175 0.010
4821888.647 0.010
4808796.319 0.010
4795699.204 0.010
4782597.316 0.010
4769490.667 0.010
4756379.271 0.010
4743263.140 0.010
4730142.288 0.010
4717016.728 0.011
4703886.473 0.011
4690751.535 0.011
4677611.928 0.011
4664467.665 0.011
4651318.760 0.011
4638165.224 0.011
4625007.072 0.011
4611844.316 0.011
4598676.969 0.011
4585505.046 0.011
4572328.557 0.011
4559147.518 0.011
4545961.941 0.011
4532771.838 0.011
4519577.224 0.011
4506378.111 0.012
4493174.513 0.012
4479966.442 0.012
4466753.912 0.012
4453536.936 0.012
4440315.527 0.012
4427089.698 0.012
4413859.463 0.012
4400624.834 0.012
4387385.825 0.012
4374142.449 0.012
4360894.719 0.012
4347642.649 0.012
4334386.251 0.012
4321125.538 0.013
4307860.525 0.013
4294591.223 0.013
4281317.647 0.013
4268039.810 0.013
4254757.724 0.013
4241471.403 0.013
4228180.860 0.013
4214886.109 0.013
4201587.163 0.013
4188284.034 0.013
4174976.737 0.013
4161665.284 0.013
4148349.688 0.014
4135029.964 0.014
4121706.124 0.014
4108378.181 0.014
4095046.149 0.014
4081710.040 0.014
4068369.869 0.014
4055025.649 0.014
4041677.393 0.014
4028325.113 0.014
4014968.824 0.014
4001608.539 0.015
3988244.270 0.015
3974876.032 0.015
3961503.838 0.015
3948127.700 0.015
3934747.633 0.015
3921363.650 0.015
3907975.763 0.015
3894583.986 0.015
3881188.333 0.016
3867788.817 0.016
3854385.451 0.016
3840978.249 0.016
3827567.223 0.016
3814152.388 0.016
3800733.756 0.016
3787311.342 0.016
3773885.158 0.016
3760455.217 0.017
3747021.533 0.017
3733584.120 0.017
3720142.991 0.017
3706698.159 0.017
3693249.638 0.017
3679797.440 0.017
3666341.580 0.017
3652882.071 0.017
3639418.926 0.018
3625952.158 0.018
3612481.782 0.018
3599007.809 0.018
3585530.255 0.018
3572049.132 0.018
3558564.453 0.018
3545076.233 0.019
3531584.484 0.019
3518089.219 0.019
3504590.454 0.019
3491088.200 0.019
3477582.471 0.019
3464073.281 0.019
3450560.643 0.020
3437044.570 0.020
3423525.077 0.020
3410002.176 0.020
3396475.881 0.020
3382946.206 0.020
3369413.163 0.021
3355876.767 0.021
3342337.030 0.021
3328793.967 0.021
3315247.591 0.021
3301697.915 0.021
3288144.952 0.022
3274588.717 0.022
3261029.223 0.022
3247466.483 0.022
3233900.511 0.022
3220331.320 0.022
3206758.923 0.023
3193183.335 0.023
3179604.569 0.023
3166022.638 0.023
3152437.556 0.023
3138849.336 0.024
3125257.992 0.024
3111663.538 0.024
3098065.986 0.024
3084465.351 0.024
3070861.646 0.025
3057254.884 0.025
3043645.080 0.025
3030032.246 0.025
3016416.397 0.026
3002797.545 0.026
2989175.704 0.026
2975550.888 0.026
2961923.111 0.026
2948292.386 0.027
2934658.726 0.027
2921022.146 0.027
2907382.658 0.027
2893740.276 0.028
2880095.014 0.028
2866446.886 0.028
2852795.905 0.029
2839142.084 0.029
2825485.438 0.029
2811825.979 0.029
2798163.722 0.030
2784498.680 0.030
2770830.866 0.030
2757160.295 0.030
2743486.979 0.031
2729810.933 0.031
2716132.170 0.031
2702450.704 0.032
2688766.547 0.032
2675079.715 0.032
2661390.220 0.033
2647698.077 0.033
2634003.298 0.033
2620305.898 0.034
2606605.889 0.034
2592903.287 0.034
2579198.103 0.035
2565490.353 0.035
2551780.049 0.035
2538067.206 0.036
2524351.836 0.036
2510633.954 0.037
2496913.573 0.037
2483190.707 0.037
2469465.370 0.038
2455737.575 0.038
2442007.335 0.039
2428274.665 0.039
2414539.579 0.040
2400802.089 0.040
2387062.210 0.040
2373319.954 0.041
2359575.337 0.041
2345828.372 0.042
2332079.071 0.042
2318327.450 0.043
2304573.521 0.043
2290817.299 0.044
2277058.796 0.044
2263298.028 0.045
2249535.006 0.045
2235769.746 0.046
2222002.261 0.047
2208232.564 0.047
2194460.669 0.048
2180686.591 0.048
2166910.342 0.049
2153131.936 0.049
2139351.387 0.050
2125568.709 0.051
2111783.916 0.051
2097997.021 0.052
2084208.037 0.053
2070416.980 0.053
2056623.862 0.054
2042828.697 0.055
2029031.498 0.056
2015232.281 0.056
2001431.057 0.057
1987627.842 0.058
1973822.649 0.059
1960015.491 0.059
1946206.382 0.060
1932395.337 0.061
1918582.368 0.062
1904767.490 0.063
1890950.716 0.064
1877132.060 0.065
1863311.535 0.065
1849489.157 0.066
1835664.937 0.067
1821838.891 0.068
1808011.031 0.069
1794181.372 0.070
1780349.928 0.071
1766516.711 0.073
1752681.737 0.074
1738845.018 0.075
1725006.568 0.076
1711166.402 0.077
1697324.532 0.078
1683480.974 0.080
1669635.740 0.081
1655788.844 0.082
1641940.300 0.083
1628090.122 0.085
1614238.324 0.086
1600384.919 0.088
1586529.922 0.089
1572673.345 0.091
1558815.204 0.092
1544955.511 0.094
1531094.280 0.095
1517231.526 0.097
1503367.261 0.099
1489501.500 0.100
1475634.257 0.102
1461765.546 0.104
1447895.379 0.106
1434023.772 0.108
1420150.737 0.110
1406276.289 0.112
1392400.441 0.114
1378523.208 0.116
1364644.603 0.118
1350764.639 0.121
1336883.331 0.123
1323000.693 0.126
1309116.738 0.128
1295231.480 0.131
1281344.933 0.133
1267457.111 0.136
1253568.028 0.139
1239677.697 0.142
1225786.132 0.145
1211893.347 0.148
1197999.356 0.151
1184104.173 0.154
1170207.811 0.157
1156310.285 0.161
1142411.608 0.165
1128511.794 0.168
1114610.857 0.172
1100708.811 0.176
1086805.669 0.180
1072901.445 0.184
1058996.154 0.189
1045089.809 0.193
1031182.424 0.198
1017274.012 0.203
1003364.589 0.208
989454.166 0.213
975542.759 0.218
961630.381 0.224
947717.046 0.230
933802.768 0.236
919887.560 0.242
905971.437 0.248
892054.412 0.255
878136.500 0.262
864217.714 0.269
850298.067 0.276
836377.575 0.284
822456.249 0.292
808534.106 0.301
794611.158 0.309
780687.419 0.318
766762.903 0.328
752837.624 0.338
738911.595 0.348
724984.832 0.359
711057.347 0.370
697129.154 0.381
683200.267 0.393
669270.701 0.406
655340.468 0.419
641409.584 0.432
627478.060 0.446
613545.913 0.461
599613.155 0.476
585679.800 0.492
571745.862 0.508
557811.355 0.525
543876.294 0.543
529940.690 0.562
516004.560 0.581
502067.916 0.600
488130.772 0.621
474193.143 0.641
460255.041 0.663
446316.482 0.685
432377.478 0.707
418438.044 0.730
404498.194 0.753
390557.941 0.776
376617.300 0.799
362676.283 0.822
348734.906 0.845
334793.182 0.867
320851.124 0.888
306908.747 0.908
292966.065 0.926
279023.091 0.942
265079.840 0.957
251136.324 0.969
237192.559 0.979
223248.558 0.987
209304.335 0.992
195359.903 0.996
181415.277 0.998
167470.470 0.999
153525.497 1.000
139580.370 1.000
125635.105 1.000
111689.715 1.000
97744.214 1.000
83798.616 1.000
69852.934 1.000
55907.182 1.000
41961.375 1.000
28015.526 1.000
14069.650 1.000
123.759 1.000
13822.132 1.000
27768.009 1.000
41713.858 1.000
55659.666 1.000
69605.419 1.000
83551.102 1.000
97496.702 1.000
111442.205 1.000
125387.597 1.000
139332.865 1.000
153277.994 1.000
167222.970 0.999
181167.780 0.998
195112.409 0.996
209056.844 0.992
223001.072 0.987
236945.077 0.979
250888.847 0.969
264832.366 0.957
278775.623 0.943
292718.602 0.926
306661.289 0.908
320603.672 0.888
334545.735 0.867
348487.466 0.845
362428.849 0.823
376369.872 0.800
390310.521 0.777
404250.781 0.754
418190.638 0.730
432130.080 0.708
446069.092 0.685
460007.659 0.663
473945.769 0.642
487883.407 0.621
501820.560 0.601
515757.213 0.581
529693.353 0.562
543628.966 0.544
557564.038 0.526
571498.555 0.509
585432.504 0.492
599365.869 0.476
613298.639 0.461
627230.798 0.446
641162.332 0.432
655093.229 0.419
669023.474 0.406
682953.053 0.393
696881.953 0.381
710810.159 0.370
724737.657 0.359
738664.434 0.348
752590.477 0.338
766515.770 0.328
780440.301 0.319
794364.055 0.310
808287.018 0.301
822209.177 0.292
836130.518 0.284
850051.027 0.277
863970.690 0.269
877889.493 0.262
891807.422 0.255
905724.465 0.248
919640.605 0.242
933555.831 0.236
947470.127 0.230
961383.481 0.224
975295.878 0.218
989207.305 0.213
1003117.747 0.208
1017027.191 0.203
1030935.622 0.198
1044843.028 0.193
1058749.394 0.189
1072654.707 0.184
1086558.952 0.180
1100462.116 0.176
1114364.185 0.172
1128265.144 0.168
1142164.981 0.165
1156063.682 0.161
1169961.232 0.158
1183857.618 0.154
1197752.826 0.151
1211646.841 0.148
1225539.651 0.145
1239431.242 0.142
1253321.599 0.139
1267210.709 0.136
1281098.558 0.133
1294985.132 0.131
1308870.418 0.128
1322754.401 0.126
1336637.067 0.123
1350518.404 0.121
1364398.396 0.119
1378277.031 0.116
1392154.295 0.114
1406030.173 0.112
1419904.652 0.110
1433777.718 0.108
1447649.357 0.106
1461519.555 0.104
1475388.300 0.102
1489255.576 0.101
1503121.370 0.099
1516985.668 0.097
1530848.457 0.095
1544709.722 0.094
1558569.450 0.092
1572427.628 0.091
1586284.240 0.089
1600139.275 0.088
1613992.716 0.086
1627844.552 0.085
1641694.768 0.084
1655543.350 0.082
1669390.285 0.081
1683235.558 0.080
1697079.157 0.078
1710921.067 0.077
1724761.274 0.076
1738599.765 0.075
1752436.526 0.074
1766271.543 0.073
1780104.802 0.072
1793936.290 0.070
1807765.993 0.069
1821593.897 0.068
1835419.989 0.067
1849244.254 0.066
1863066.679 0.066
1876887.250 0.065
1890705.953 0.064
1904522.775 0.063
1918337.701 0.062
1932150.719 0.061
1945961.814 0.060
1959770.973 0.059
1973578.181 0.059
1987383.426 0.058
2001186.693 0.057
2014987.969 0.056
2028787.239 0.056
2042584.491 0.055
2056379.710 0.054
2070172.883 0.053
2083963.996 0.053
2097753.036 0.052
2111539.987 0.051
2125324.838 0.051
2139107.574 0.050
2152888.181 0.049
2166666.646 0.049
2180442.955 0.048
2194217.094 0.048
2207989.050 0.047
2221758.809 0.047
2235526.357 0.046
2249291.680 0.045
2263054.766 0.045
2276815.599 0.044
2290574.166 0.044
2304330.455 0.043
2318084.450 0.043
2331836.139 0.042
2345585.507 0.042
2359332.542 0.041
2373077.229 0.041
2386819.554 0.040
2400559.504 0.040
2414297.066 0.040
2428032.225 0.039
2441764.968 0.039
2455495.281 0.038
2469223.151 0.038
2482948.564 0.037
2496671.507 0.037
2510391.965 0.037
2524109.925 0.036
2537825.373 0.036
2551538.296 0.035
2565248.680 0.035
2578956.512 0.035
2592661.777 0.034
2606364.462 0.034
2620064.554 0.034
2633762.039 0.033
2647456.903 0.033
2661149.133 0.033
2674838.715 0.032
2688525.635 0.032
2702209.879 0.032
2715891.436 0.031
2729570.289 0.031
2743246.427 0.031
2756919.834 0.030
2770590.499 0.030
2784258.407 0.030
2797923.544 0.030
2811585.897 0.029
2825245.452 0.029
2838902.196 0.029
2852556.116 0.029
2866207.197 0.028
2879855.425 0.028
2893500.789 0.028
2907143.273 0.027
2920782.864 0.027
2934419.549 0.027
2948053.314 0.027
2961684.146 0.026
2975312.031 0.026
2988936.955 0.026
3002558.905 0.026
3016177.867 0.026
3029793.829 0.025
3043406.775 0.025
3057016.693 0.025
3070623.569 0.025
3084227.390 0.024
3097828.142 0.024
3111425.811 0.024
3125020.385 0.024
3138611.849 0.024
3152200.189 0.023
3165785.394 0.023
3179367.448 0.023
3192946.339 0.023
3206522.052 0.023
3220094.575 0.022
3233663.894 0.022
3247229.995 0.022
3260792.866 0.022
3274352.491 0.022
3287908.859 0.022
3301461.955 0.021
3315011.766 0.021
3328558.278 0.021
3342101.478 0.021
3355641.353 0.021
3369177.889 0.021
3382711.072 0.020
3396240.890 0.020
3409767.328 0.020
3423290.374 0.020
3436810.013 0.020
3450326.232 0.020
3463839.019 0.019
3477348.358 0.019
3490854.238 0.019
3504356.644 0.019
3517855.563 0.019
3531350.982 0.019
3544842.887 0.019
3558331.265 0.018
3571816.103 0.018
3585297.386 0.018
3598775.102 0.018
3612249.237 0.018
3625719.778 0.018
3639186.711 0.018
3652650.023 0.017
3666109.700 0.017
3679565.730 0.017
3693018.099 0.017
3706466.793 0.017
3719911.799 0.017
3733353.103 0.017
3746790.693 0.017
3760224.555 0.017
3773654.675 0.016
3787081.041 0.016
3800503.638 0.016
3813922.454 0.016
3827337.475 0.016
3840748.688 0.016
3854156.079 0.016
3867559.635 0.016
3880959.343 0.016
3894355.189 0.015
3907747.160 0.015
3921135.244 0.015
3934519.425 0.015
3947899.692 0.015
3961276.031 0.015
3974648.428 0.015
3988016.870 0.015
4001381.344 0.015
4014741.837 0.014
4028098.335 0.014
4041450.826 0.014
4054799.295 0.014
4068143.729 0.014
4081484.116 0.014
4094820.441 0.014
4108152.693 0.014
4121480.856 0.014
4134804.919 0.014
4148124.868 0.014
4161440.689 0.014
4174752.370 0.013
4188059.897 0.013
4201363.256 0.013
4214662.436 0.013
4227957.422 0.013
4241248.201 0.013
4254534.760 0.013
4267817.086 0.013
4281095.165 0.013
4294368.985 0.013
4307638.532 0.013
4320903.793 0.013
4334164.754 0.012
4347421.403 0.012
4360673.727 0.012
4373921.712 0.012
4387165.344 0.012
4400404.612 0.012
4413639.501 0.012
4426869.999 0.012
4440096.092 0.012
4453317.767 0.012
4466535.011 0.012
4479747.811 0.012
4492956.154 0.012
4506160.026 0.012
4519359.415 0.011
4532554.308 0.011
4545744.690 0.011
4558930.549 0.011
4572111.873 0.011
4585288.647 0.011
4598460.859 0.011
4611628.496 0.011
4624791.544 0.011
4637949.991 0.011
4651103.823 0.011
4664253.027 0.011
4677397.590 0.011
4690537.500 0.011
4703672.742 0.011
4716803.305 0.011
4729929.174 0.010
4743050.338 0.010
4756166.782 0.010
4769278.493 0.010
4782385.460 0.010
4795487.668 0.010
4808585.105 0.010
4821677.758 0.010
4834765.613 0.010
4847848.657 0.010
4860926.878 0.010
4874000.263 0.010
4887068.798 0.010
4900132.471 0.010
4913191.268 0.010
4926245.177 0.010
4939294.185 0.010
4952338.277 0.010
4965377.443 0.010
4978411.668 0.009
4991440.940 0.009
5004465.246 0.009
5017484.572 0.009
5030498.906 0.009
5043508.235 0.009
5056512.546 0.009
5069511.826 0.009
5082506.062 0.009
5095495.241 0.009
5108479.350 0.009
5121458.377 0.009
5134432.307 0.009
5147401.130 0.009
5160364.831 0.009
5173323.397 0.009
5186276.817 0.009
5199225.076 0.009
5212168.162 0.009
5225106.062 0.009
5238038.764 0.009
5250966.254 0.009
5263888.520 0.008
5276805.548 0.008
5289717.326 0.008
5302623.841 0.008
5315525.080 0.008
5328421.031 0.008
5341311.680 0.008
0.0 0.0 0.0
0.0 0.0 0.0
0.0 0.0 0.0
0.0 0.0 0.0
0.0 0.0 0.0
0.0 0.0 0.0
0.0 0.0 0.0
0.0 0.0 0.0
0.0 0.0 0.0
0.0 0.0 0.0
0.0 0.0 0.0
0.0 0.0 0.0
0.0 0.0 0.0
0.0 0.0 0.0
0.0 0.0 0.0
0.0 0.0 0.0
0.0 0.0 0.0
0.0 0.0 0.0
0.0 0.0 0.0
0.0 0.0 0.0
0.0 0.0 0.0
0.0 0.0 0.0
0.0 0.0 0.0
0.0 0.0 0.0
0.0 0.0 0.0
0.0 0.0 0.0
0.0 0.0 0.0
0.0 0.0 0.0
0.0 0.0 0.0
0.0 0.0 0.0
0.0 0.0 0.0
0.0 0.0 0.0
0.0 0.0 0.0
0.0 0.0 0.0
0.0 0.0 0.0
0.0 0.0 0.0
0.0 0.0 0.0
0.0 0.0 0.0
0.0 0.0 0.0
0.0 0.0 0.0
0.0 0.0 0.0
0.0 0.0 0.0
0.0 0.0 0.0
0.0 0.0 0.0
0.0 0.0 0.0
0.0 0.0 0.0
0.0 0.0 0.0
0.0 0.0 0.0
0.0 0.0 0.0
0.0 0.0 0.0
0.0 0.0 0.0
0.0 0.0 0.0
0.0 0.0 0.0
0.0 0.0 0.0
0.0 0.0 0.0
0.0 0.0 0.0
0.0 0.0 0.0
0.0 0.0 0.0
0.0 0.0 0.0
0.0 0.0 0.0
0.0 0.0 0.0
0.0 0.0 0.0
0.0 0.0 0.0
0.0 0.0 0.0
0.0 0.0 0.0
0.0 0.0 0.0
0.0 0.0 0.0
0.0 0.0 0.0
0.0 0.0 0.0
0.0 0.0 0.0
0.0 0.0 0.0
0.0 0.0 0.0
0.0 0.0 0.0
0.0 0.0 0.0
0.0 0.0 0.0
0.0 0.0 0.0
0.0 0.0 0.0
0.0 0.0 0.0
0.0 0.0 0.0
0.0 0.0 0.0
0.0 0.0 0.0
0.0 0.0 0.0
0.0 0.0 0.0
0.0 0.0 0.0
0.0 0.0 0.0
0.0 0.0 0.0
0.0 0.0 0.0
0.0 0.0 0.0
0.0 0.0 0.0
0.0 0.0 0.0
0.0 0.0 0.0
0.0 0.0 0.0
0.0 0.0 0.0
0.0 0.0 0.0
0.0 0.0 0.0
0.0 0.0 0.0
0.0 0.0 0.0
0.0 0.0 0.0
0.0 0.0 0.0
0.0 0.0 0.0
0.0 0.0 0.0
0.0 0.0 0.0
0.0 0.0 0.0
0.0 0.0 0.0
0.0 0.0 0.0
0.0 0.0 0.0
0.0 0.0 0.0
0.0 0.0 0.0
0.0 0.0 0.0
0.0 0.0 0.0
0.0 0.0 0.0
0.0 0.0 0.0
0.0 0.0 0.0
0.0 0.0 0.0
0.0 0.0 0.0
0.0 0.0 0.0
0.0 0.0 0.0
0.0 0.0 0.0
0.0 0.0 0.0
0.0 0.0 0.0
0.0 0.0 0.0
0.0 0.0 0.0
0.0 0.0 0.0
0.0 0.0 0.0
0.0 0.0 0.0
0.0 0.0 0.0
0.0 0.0 0.0
0.0 0.0 0.0
0.0 0.0 0.0
0.0 0.0 0.0
0.0 0.0 0.0
0.0 0.0 0.0
0.0 0.0 0.0
0.0 0.0 0.0
0.0 0.0 0.0
0.0 0.0 0.0
0.0 0.0 0.0
0.0 0.0 0.0
0.0 0.0 0.0
0.0 0.0 0.0
0.0 0.0 0.0
0.0 0.0 0.0
0.0 0.0 0.0
0.0 0.0 0.0
0.0 0.0 0.0
0.0 0.0 0.0
0.0 0.0 0.0
0.0 0.0 0.0
0.0 0.0 0.0
0.0 0.0 0.0
0.0 0.0 0.0
0.0 0.0 0.0
0.0 0.0 0.0
0.0 0.0 0.0
0.0 0.0 0.0
0.0 0.0 0.0
0.0 0.0 0.0
0.0 0.0 0.0
0.0 0.0 0.0
0.0 0.0 0.0
0.0 0.0 0.0
0.0 0.0 0.0
0.0 0.0 0.0
0.0 0.0 0.0
0.0 0.0 0.0
0.0 0.0 0.0
0.0 0.0 0.0
0.0 0.0 0.0
0.0 0.0 0.0
0.0 0.0 0.0
0.0 0.0 0.0
0.0 0.0 0.0
0.0 0.0 0.0
0.0 0.0 0.0
0.0 0.0 0.0
0.0 0.0 0.0
0.0 0.0 0.0
0.0 0.0 0.0
0.0 0.0 0.0
0.0 0.0 0.0
0.0 0.0 0.0
0.0 0.0 0.0
0.0 0.0 0.0
0.0 0.0 0.0
0.0 0.0 0.0
0.0 0.0 0.0
0.0 0.0 0.0
0.0 0.0 0.0
0.0 0.0 0.0
0.0 0.0 0.0
0.0 0.0 0.0
0.0 0.0 0.0
0.0 0.0 0.0
0.0 0.0 0.0
0.0 0.0 0.0
0.0 0.0 0.0
0.0 0.0 0.0
0.0 0.0 0.0
0.0 0.0 0.0
0.0 0.0 0.0
0.0 0.0 0.0
0.0 0.0 0.0
0.0 0.0 0.0
0.0 0.0 0.0
0.0 0.0 0.0
0.0 0.0 0.0
0.0 0.0 0.0
0.0 0.0 0.0
0.0 0.0 0.0
0.0 0.0 0.0
0.0 0.0 0.0
0.0 0.0 0.0
0.0 0.0 0.0
0.0 0.0 0.0
0.0 0.0 0.0
0.0 0.0 0.0
0.0 0.0 0.0
0.0 0.0 0.0
0.0 0.0 0.0
0.0 0.0 0.0
0.0 0.0 0.0
0.0 0.0 0.0
0.0 0.0 0.0
0.0 0.0 0.0
0.0 0.0 0.0
0.0 0.0 0.0
0.0 0.0 0.0
0.0 0.0 0.0
0.0 0.0 0.0
0.0 0.0 0.0
0.0 0.0 0.0
0.0 0.0 0.0
0.0 0.0 0.0
0.0 0.0 0.0
0.0 0.0 0.0
0.0 0.0 0.0
0.0 0.0 0.0
0.0 0.0 0.0
0.0 0.0 0.0
0.0 0.0 0.0
0.0 0.0 0.0
0.0 0.0 0.0
0.0 0.0 0.0
0.0 0.0 0.0
0.0 0.0 0.0
0.0 0.0 0.0
0.0 0.0 0.0
0.0 0.0 0.0
0.0 0.0 0.0
0.0 0.0 0.0
0.0 0.0 0.0
0.0 0.0 0.0
0.0 0.0 0.0
0.0 0.0 0.0
0.0 0.0 0.0
0.0 0.0 0.0
0.0 0.0 0.0
0.0 0.0 0.0
0.0 0.0 0.0
0.0 0.0 0.0
0.0 0.0 0.0
0.0 0.0 0.0
0.0 0.0 0.0
0.0 0.0 0.0
0.0 0.0 0.0
0.0 0.0 0.0
0.0 0.0 0.0
0.0 0.0 0.0
0.0 0.0 0.0
0.0 0.0 0.0
0.0 0.0 0.0
0.0 0.0 0.0
0.0 0.0 0.0
0.0 0.0 0.0
0.0 0.0 0.0
0.0 0.0 0.0
0.0 0.0 0.0
0.0 0.0 0.0
0.0 0.0 0.0
0.0 0.0 0.0
0.0 0.0 0.0
0.0 0.0 0.0
0.0 0.0 0.0
0.0 0.0 0.0
0.0 0.0 0.0
0.0 0.0 0.0
0.0 0.0 0.0
0.0 0.0 0.0
0.0 0.0 0.0
0.0 0.0 0.0
0.0 0.0 0.0
0.0 0.0 0.0
0.0 0.0 0.0
0.0 0.0 0.0
0.0 0.0 0.0
0.0 0.0 0.0
0.0 0.0 0.0
0.0 0.0 0.0
0.0 0.0 0.0
0.0 0.0 0.0
0.0 0.0 0.0
0.0 0.0 0.0
0.0 0.0 0.0
0.0 0.0 0.0
0.0 0.0 0.0
0.0 0.0 0.0
0.0 0.0 0.0
0.0 0.0 0.0
0.0 0.0 0.0
0.0 0.0 0.0
0.0 0.0 0.0
0.0 0.0 0.0
0.0 0.0 0.0
0.0 0.0 0.0
0.0 0.0 0.0
0.0 0.0 0.0
0.0 0.0 0.0
0.0 0.0 0.0
0.0 0.0 0.0
0.0 0.0 0.0
0.0 0.0 0.0
0.0 0.0 0.0
0.0 0.0 0.0
0.0 0.0 0.0
0.0 0.0 0.0
0.0 0.0 0.0
0.0 0.0 0.0
0.0 0.0 0.0
0.0 0.0 0.0
0.0 0.0 0.0
0.0 0.0 0.0
0.0 0.0 0.0
0.0 0.0 0.0
0.0 0.0 0.0
0.0 0.0 0.0
0.0 0.0 0.0
0.0 0.0 0.0
0.0 0.0 0.0
0.0 0.0 0.0
0.0 0.0 0.0
0.0 0.0 0.0
0.0 0.0 0.0
0.0 0.0 0.0
0.0 0.0 0.0
0.0 0.0 0.0
0.0 0.0 0.0
0.0 0.0 0.0
0.0 0.0 0.0
0.0 0.0 0.0
0.0 0.0 0.0
0.0 0.0 0.0
0.0 0.0 0.0
0.0 0.0 0.0
0.0 0.0 0.0
0.0 0.0 0.0
0.0 0.0 0.0
0.0 0.0 0.0
0.0 0.0 0.0
0.0 0.0 0.0
0.0 0.0 0.0
0.0 0.0 0.0
0.0 0.0 0.0
0.0 0.0 0.0
0.0 0.0 0.0
0.0 0.0 0.0
0.0 0.0 0.0
0.0 0.0 0.0
0.0 0.0 0.0
0.0 0.0 0.0
0.0 0.0 0.0
0.0 0.0 0.0
0.0 0.0 0.0
0.0 0.0 0.0
0.0 0.0 0.0
0.0 0.0 0.0
0.0 0.0 0.0
0.0 0.0 0.0
0.0 0.0 0.0
0.0 0.0 0.0
0.0 0.0 0.0
0.0 0.0 0.0
0.0 0.0 0.0
0.0 0.0 0.0
0.0 0.0 0.0
0.0 0.0 0.0
0.0 0.0 0.0
0.0 0.0 0.0
0.0 0.0 0.0
0.0 0.0 0.0
0.0 0.0 0.0
0.0 0.0 0.0
0.0 0.0 0.0
0.0 0.0 0.0
0.0 0.0 0.0
0.0 0.0 0.0
0.0 0.0 0.0
0.0 0.0 0.0
0.0 0.0 0.0
0.0 0.0 0.0
0.0 0.0 0.0
0.0 0.0 0.0
0.0 0.0 0.0
0.0 0.0 0.0
0.0 0.0 0.0
0.0 0.0 0.0
0.0 0.0 0.0
0.0 0.0 0.0
0.0 0.0 0.0
0.0 0.0 0.0
0.0 0.0 0.0
0.0 0.0 0.0
0.0 0.0 0.0
0.0 0.0 0.0
0.0 0.0 0.0
0.0 0.0 0.0
0.0 0.0 0.0
0.0 0.0 0.0
0.0 0.0 0.0
0.0 0.0 0.0
0.0 0.0 0.0
0.0 0.0 0.0
0.0 0.0 0.0
0.0 0.0 0.0
0.0 0.0 0.0
0.0 0.0 0.0
0.0 0.0 0.0
0.0 0.0 0.0
0.0 0.0 0.0
0.0 0.0 0.0
0.0 0.0 0.0
0.0 0.0 0.0
0.0 0.0 0.0
0.0 0.0 0.0
0.0 0.0 0.0
0.0 0.0 0.0
0.0 0.0 0.0
0.0 0.0 0.0
0.0 0.0 0.0
0.0 0.0 0.0
0.0 0.0 0.0
0.0 0.0 0.0
0.0 0.0 0.0
0.0 0.0 0.0
0.0 0.0 0.0
0.0 0.0 0.0
0.0 0.0 0.0
0.0 0.0 0.0
0.0 0.0 0.0
0.0 0.0 0.0
0.0 0.0 0.0
0.0 0.0 0.0
0.0 0.0 0.0
0.0 0.0 0.0
0.0 0.0 0.0
0.0 0.0 0.0
0.0 0.0 0.0
0.0 0.0 0.0
0.0 0.0 0.0
0.0 0.0 0.0
0.0 0.0 0.0
0.0 0.0 0.0
0.0 0.0 0.0
0.0 0.0 0.0
0.0 0.0 0.0
0.0 0.0 0.0
0.0 0.0 0.0
0.0 0.0 0.0
0.0 0.0 0.0
0.0 0.0 0.0
0.0 0.0 0.0
0.0 0.0 0.0
0.0 0.0 0.0
0.0 0.0 0.0
0.0 0.0 0.0
0.0 0.0 0.0
0.0 0.0 0.0
0.0 0.0 0.0
0.0 0.0 0.0
0.0 0.0 0.0
0.0 0.0 0.0
0.0 0.0 0.0
0.0 0.0 0.0
0.0 0.0 0.0
0.0 0.0 0.0
0.0 0.0 0.0
0.0 0.0 0.0
0.0 0.0 0.0
0.0 0.0 0.0
0.0 0.0 0.0
0.0 0.0 0.0
0.0 0.0 0.0
0.0 0.0 0.0
0.0 0.0 0.0
0.0 0.0 0.0
0.0 0.0 0.0
0.0 0.0 0.0
0.0 0.0 0.0
0.0 0.0 0.0
0.0 0.0 0.0
0.0 0.0 0.0
5340819.965 0.008
5329843.175 0.008
5318861.084 0.008
5307873.702 0.008
5296881.039 0.008
5285883.108 0.008
5274879.919 0.008
5263871.482 0.008
5252857.809 0.008
5241838.911 0.009
5230814.799 0.009
5219785.483 0.009
5208750.975 0.009
5197711.286 0.009
5186666.426 0.009
5175616.407 0.009
5164561.239 0.009
5153500.934 0.009
5142435.502 0.009
5131364.956 0.009
5120289.304 0.009
5109208.560 0.009
5098122.732 0.009
5087031.834 0.009
5075935.875 0.009
5064834.868 0.009
5053728.821 0.009
5042617.748 0.009
5031501.659 0.009
5020380.564 0.009
5009254.476 0.009
4998123.405 0.009
4986987.362 0.009
4975846.358 0.009
4964700.404 0.010
4953549.512 0.010
4942393.692 0.010
4931232.956 0.010
4920067.315 0.010
4908896.779 0.010
4897721.361 0.010
4886541.070 0.010
4875355.919 0.010
4864165.918 0.010
4852971.078 0.010
4841771.411 0.010
4830566.928 0.010
4819357.639 0.010
4808143.557 0.010
4796924.691 0.010
4785701.054 0.010
4774472.657 0.010
4763239.510 0.010
4752001.625 0.010
4740759.013 0.010
4729511.685 0.010
4718259.652 0.011
4707002.926 0.011
4695741.518 0.011
4684475.439 0.011
4673204.700 0.011
4661929.313 0.011
4650649.288 0.011
4639364.637 0.011
4628075.371 0.011
4616781.501 0.011
4605483.039 0.011
4594179.996 0.011
4582872.383 0.011
4571560.211 0.011
4560243.491 0.011
4548922.235 0.011
4537596.455 0.011
4526266.160 0.011
4514931.363 0.011
4503592.075 0.012
4492248.308 0.012
4480900.071 0.012
4469547.378 0.012
4458190.238 0.012
4446828.664 0.012
4435462.666 0.012
4424092.256 0.012
4412717.445 0.012
4401338.245 0.012
4389954.667 0.012
4378566.722 0.012
4367174.422 0.012
4355777.777 0.012
4344376.800 0.012
4332971.501 0.012
4321561.892 0.013
4310147.984 0.013
4298729.789 0.013
4287307.317 0.013
4275880.581 0.013
4264449.592 0.013
4253014.361 0.013
4241574.899 0.013
4230131.218 0.013
4218683.329 0.013
4207231.244 0.013
4195774.973 0.013
4184314.529 0.013
4172849.923 0.013
4161381.166 0.014
4149908.270 0.014
4138431.245 0.014
4126950.104 0.014
4115464.858 0.014
4103975.518 0.014
4092482.095 0.014
4080984.602 0.014
4069483.050 0.014
4057977.449 0.014
4046467.812 0.014
4034954.149 0.014
4023436.473 0.014
4011914.795 0.015
4000389.126 0.015
3988859.478 0.015
3977325.862 0.015
3965788.290 0.015
3954246.773 0.015
3942701.322 0.015
3931151.950 0.015
3919598.667 0.015
3908041.485 0.015
3896480.416 0.015
3884915.471 0.015
3873346.662 0.016
3861774.000 0.016
3850197.496 0.016
3838617.162 0.016
3827033.010 0.016
3815445.052 0.016
3803853.298 0.016
3792257.760 0.016
3780658.450 0.016
3769055.379 0.016
3757448.560 0.017
3745838.002 0.017
3734223.719 0.017
3722605.721 0.017
3710984.020 0.017
3699358.628 0.017
3687729.556 0.017
3676096.815 0.017
3664460.418 0.017
3652820.376 0.017
3641176.701 0.018
3629529.403 0.018
3617878.495 0.018
3606223.989 0.018
3594565.895 0.018
3582904.226 0.018
3571238.992 0.018
3559570.207 0.018
3547897.880 0.019
3536222.025 0.019
3524542.652 0.019
3512859.773 0.019
3501173.399 0.019
3489483.543 0.019
3477790.216 0.019
3466093.430 0.019
3454393.196 0.020
3442689.526 0.020
3430982.431 0.020
3419271.923 0.020
3407558.015 0.020
3395840.716 0.020
3384120.040 0.020
3372395.998 0.020
3360668.601 0.021
3348937.861 0.021
3337203.790 0.021
3325466.399 0.021
3313725.701 0.021
3301981.706 0.021
3290234.427 0.022
3278483.875 0.022
3266730.061 0.022
3254972.999 0.022
3243212.698 0.022
3231449.172 0.022
3219682.431 0.022
3207912.488 0.023
3196139.353 0.023
3184363.040 0.023
3172583.559 0.023
3160800.922 0.023
3149015.141 0.023
3137226.227 0.024
3125434.193 0.024
3113639.051 0.024
3101840.811 0.024
3090039.485 0.024
3078235.086 0.025
3066427.625 0.025
3054617.114 0.025
3042803.564 0.025
3030986.988 0.025
3019167.396 0.025
3007344.802 0.026
2995519.216 0.026
2983690.650 0.026
2971859.117 0.026
2960024.627 0.027
2948187.193 0.027
2936346.827 0.027
2924503.540 0.027
2912657.343 0.027
2900808.250 0.028
2888956.271 0.028
2877101.418 0.028
2865243.703 0.028
2853383.139 0.028
2841519.736 0.029
2829653.507 0.029
2817784.462 0.029
2805912.616 0.029
2794037.978 0.030
2782160.561 0.030
2770280.376 0.030
2758397.436 0.030
2746511.752 0.031
2734623.336 0.031
2722732.200 0.031
2710838.355 0.032
2698941.814 0.032
2687042.589 0.032
2675140.691 0.032
2663236.131 0.033
2651328.923 0.033
2639419.077 0.033
2627506.606 0.034
2615591.521 0.034
2603673.835 0.034
2591753.559 0.034
2579830.704 0.035
2567905.284 0.035
2555977.309 0.035
2544046.792 0.036
2532113.744 0.036
2520178.178 0.036
2508240.104 0.037
2496299.536 0.037
2484356.485 0.037
2472410.962 0.038
2460462.980 0.038
2448512.551 0.038
2436559.686 0.039
2424604.398 0.039
2412646.698 0.040
2400686.598 0.040
2388724.110 0.040
2376759.246 0.041
2364792.018 0.041
2352822.437 0.042
2340850.516 0.042
2328876.267 0.042
2316899.701 0.043
2304920.831 0.043
2292939.668 0.044
2280956.224 0.044
2268970.511 0.045
2256982.542 0.045
2244992.327 0.046
2232999.879 0.046
2221005.210 0.047
2209008.332 0.047
2197009.257 0.048
2185007.996 0.048
2173004.562 0.049
2160998.966 0.049
2148991.221 0.050
2136981.338 0.050
2124969.330 0.051
2112955.207 0.051
2100938.984 0.052
2088920.670 0.052
2076900.278 0.053
2064877.821 0.054
2052853.310 0.054
2040826.756 0.055
2028798.173 0.056
2016767.571 0.056
2004734.964 0.057
1992700.363 0.058
1980663.779 0.058
1968625.225 0.059
1956584.713 0.060
1944542.255 0.060
1932497.862 0.061
1920451.548 0.062
1908403.323 0.063
1896353.200 0.063
1884301.190 0.064
1872247.306 0.065
1860191.560 0.066
1848133.964 0.067
1836074.529 0.067
1824013.268 0.068
1811950.192 0.069
1799885.315 0.070
1787818.647 0.071
1775750.200 0.072
1763679.987 0.073
1751608.020 0.074
1739534.311 0.075
1727458.871 0.076
1715381.713 0.077
1703302.849 0.078
1691222.290 0.079
1679140.050 0.080
1667056.139 0.081
1654970.570 0.082
1642883.354 0.083
1630794.505 0.085
1618704.033 0.086
1606611.951 0.087
1594518.271 0.088
1582423.005 0.090
1570326.165 0.091
1558227.763 0.092
1546127.811 0.094
1534026.322 0.095
1521923.306 0.096
1509818.776 0.098
1497712.745 0.099
1485605.224 0.101
1473496.225 0.103
1461385.760 0.104
1449273.842 0.106
1437160.483 0.108
1425045.693 0.109
1412929.487 0.111
1400811.874 0.113
1388692.869 0.115
1376572.482 0.117
1364450.726 0.119
1352327.613 0.121
1340203.154 0.123
1328077.363 0.125
1315950.250 0.127
1303821.828 0.129
1291692.110 0.131
1279561.107 0.134
1267428.831 0.136
1255295.294 0.138
1243160.509 0.141
1231024.487 0.143
1218887.240 0.146
1206748.781 0.149
1194609.122 0.152
1182468.275 0.155
1170326.251 0.157
1158183.063 0.160
1146038.724 0.164
1133893.244 0.167
1121746.636 0.170
1109598.913 0.173
1097450.086 0.177
1085300.167 0.181
1073149.169 0.184
1060997.103 0.188
1048843.982 0.192
1036689.818 0.196
1024534.622 0.200
1012378.408 0.204
1000221.186 0.209
988062.969 0.213
975903.770 0.218
963743.600 0.223
951582.471 0.228
939420.396 0.233
927257.387 0.238
915093.455 0.244
902928.612 0.250
890762.872 0.255
878596.246 0.262
866428.745 0.268
854260.383 0.274
842091.171 0.281
829921.122 0.288
817750.247 0.295
805578.559 0.302
793406.069 0.310
781232.790 0.318
769058.734 0.326
756883.913 0.335
744708.339 0.344
732532.025 0.353
720354.982 0.362
708177.222 0.372
695998.758 0.382
683819.601 0.393
671639.765 0.403
659459.260 0.415
647278.099 0.426
635096.295 0.438
622913.859 0.451
610730.803 0.464
598547.140 0.477
586362.881 0.491
574178.039 0.505
561992.626 0.520
549806.654 0.536
537620.135 0.551
525433.081 0.568
513245.505 0.584
501057.418 0.602
488868.833 0.619
476679.761 0.638
464490.216 0.656
452300.208 0.675
440109.750 0.695
427918.855 0.715
415727.534 0.735
403535.799 0.755
391343.664 0.775
379151.138 0.795
366958.236 0.815
354764.969 0.835
342571.349 0.855
330377.388 0.874
318183.098 0.892
305988.492 0.909
293793.581 0.925
281598.379 0.939
269402.896 0.952
257207.145 0.964
245011.139 0.974
232814.888 0.982
220618.407 0.988
208421.705 0.992
196224.797 0.996
184027.693 0.998
171830.406 0.999
159632.948 1.000
147435.332 1.000
135237.568 1.000
123039.671 1.000
110841.651 1.000
98643.520 1.000
86445.292 1.000
74246.977 1.000
62048.589 1.000
49850.139 1.000
37651.639 1.000
25453.102 1.000
13254.540 1.000
1055.964 1.000
11142.613 1.000
23341.178 1.000
35539.720 1.000
47738.227 1.000
59936.687 1.000
72135.087 1.000
84333.415 1.000
96531.659 1.000
108729.807 1.000
120927.847 1.000
133125.767 1.000
145323.555 1.000
157521.197 1.000
169718.684 0.999
181916.001 0.998
194113.137 0.996
206310.081 0.993
218506.819 0.989
230703.339 0.983
242899.631 0.975
255095.680 0.966
267291.476 0.955
279487.006 0.942
291682.258 0.927
303877.220 0.912
316071.880 0.895
328266.225 0.877
340460.244 0.858
352653.924 0.839
364847.253 0.819
377040.219 0.799
389232.811 0.779
401425.015 0.758
413616.820 0.738
425808.213 0.718
437999.183 0.698
450189.718 0.679
462379.804 0.660
474569.430 0.641
486758.585 0.623
498947.255 0.605
511135.429 0.587
523323.095 0.571
535510.240 0.554
547696.852 0.538
559882.920 0.523
572068.431 0.508
584253.372 0.494
596437.733 0.480
608621.500 0.466
620804.662 0.453
632987.206 0.441
645169.121 0.428
657350.394 0.417
669531.013 0.405
681710.966 0.394
693890.241 0.384
706068.826 0.374
718246.709 0.364
730423.877 0.354
742600.318 0.345
754776.021 0.336
766950.973 0.328
779125.163 0.319
791298.577 0.312
803471.204 0.304
815643.032 0.296
827814.049 0.289
839984.242 0.282
852153.600 0.275
864322.110 0.269
876489.760 0.263
888656.539 0.257
900822.433 0.251
912987.432 0.245
925151.522 0.239
937314.692 0.234
949476.930 0.229
961638.224 0.224
973798.561 0.219
985957.929 0.214
998116.316 0.210
1010273.711 0.205
1022430.101 0.201
1034585.474 0.197
1046739.817 0.193
1058893.120 0.189
1071045.369 0.185
1083196.553 0.181
1095346.660 0.178
1107495.677 0.174
1119643.592 0.171
1131790.394 0.167
1143936.070 0.164
1156080.607 0.161
1168223.996 0.158
1180366.222 0.155
1192507.274 0.152
1204647.139 0.149
1216785.807 0.147
1228923.264 0.144
1241059.499 0.141
1253194.499 0.139
1265328.253 0.136
1277460.748 0.134
1289591.973 0.132
1301721.914 0.129
1313850.561 0.127
1325977.901 0.125
1338103.922 0.123
1350228.613 0.121
1362351.960 0.119
1374473.952 0.117
1386594.576 0.115
1398713.822 0.113
1410831.676 0.111
1422948.127 0.110
1435063.163 0.108
1447176.771 0.106
1459288.939 0.104
1471399.656 0.103
1483508.910 0.101
1495616.688 0.100
1507722.978 0.098
1519827.768 0.097
1531931.047 0.095
1544032.802 0.094
1556133.021 0.092
1568231.692 0.091
1580328.803 0.090
1592424.343 0.089
1604518.298 0.087
1616610.657 0.086
1628701.408 0.085
1640790.540 0.084
1652878.039 0.082
1664963.894 0.081
1677048.093 0.080
1689130.624 0.079
1701211.474 0.078
1713290.633 0.077
1725368.087 0.076
1737443.825 0.075
1749517.835 0.074
1761590.104 0.073
1773660.622 0.072
1785729.375 0.071
1797796.352 0.070
1809861.540 0.069
1821924.929 0.068
1833986.505 0.068
1846046.257 0.067
1858104.172 0.066
1870160.239 0.065
1882214.447 0.064
1894266.781 0.063
1906317.232 0.063
1918365.786 0.062
1930412.433 0.061
1942457.159 0.060
1954499.953 0.060
1966540.803 0.059
1978579.696 0.058
1990616.622 0.058
2002651.567 0.057
2014684.521 0.056
2026715.470 0.056
2038744.404 0.055
2050771.310 0.054
2062796.175 0.054
2074818.989 0.053
2086839.739 0.053
2098858.414 0.052
2110875.000 0.051
2122889.487 0.051
2134901.862 0.050
2146912.114 0.050
2158920.230 0.049
2170926.199 0.049
2182930.008 0.048
2194931.646 0.048
2206931.101 0.047
2218928.360 0.047
2230923.412 0.046
2242916.246 0.046
2254906.848 0.045
2266895.207 0.045
2278881.311 0.044
2290865.149 0.044
2302846.708 0.043
2314825.976 0.043
2326802.941 0.043
2338777.592 0.042
2350749.917 0.042
2362719.904 0.041
2374687.540 0.041
2386652.814 0.040
2398615.714 0.040
2410576.229 0.040
2422534.345 0.039
2434490.052 0.039
2446443.337 0.039
2458394.189 0.038
2470342.595 0.038
2482288.544 0.037
2494232.024 0.037
2506173.023 0.037
2518111.529 0.036
2530047.531 0.036
2541981.015 0.036
2553911.972 0.035
2565840.387 0.035
2577766.251 0.035
2589689.550 0.034
2601610.274 0.034
2613528.410 0.034
2625443.946 0.034
2637356.870 0.033
2649267.171 0.033
2661174.837 0.033
2673079.856 0.032
2684982.216 0.032
2696881.905 0.032
2708778.911 0.032
2720673.223 0.031
2732564.829 0.031
2744453.717 0.031
2756339.875 0.030
2768223.291 0.030
2780103.953 0.030
2791981.850 0.030
2803856.970 0.029
2815729.301 0.029
2827598.831 0.029
2839465.549 0.029
2851329.442 0.029
2863190.499 0.028
2875048.708 0.028
2886904.057 0.028
2898756.534 0.028
2910606.128 0.027
2922452.827 0.027
2934296.619 0.027
2946137.492 0.027
2957975.434 0.027
2969810.434 0.026
2981642.480 0.026
2993471.561 0.026
3005297.663 0.026
3017120.777 0.026
3028940.889 0.025
3040757.988 0.025
3052572.062 0.025
3064383.101 0.025
3076191.090 0.025
3087996.021 0.024
3099797.879 0.024
3111596.654 0.024
3123392.334 0.024
3135184.907 0.024
3146974.361 0.023
3158760.685 0.023
3170543.867 0.023
3182323.896 0.023
3194100.759 0.023
3205874.444 0.023
3217644.941 0.022
3229412.237 0.022
3241176.321 0.022
3252937.181 0.022
3264694.805 0.022
3276449.181 0.022
3288200.299 0.022
3299948.145 0.021
3311692.710 0.021
3323433.980 0.021
20.085 2108915.706 0.065996469
20.181 2103992.686 0.066092962
20.278 2099081.568 0.066190615
20.375 2094182.440 0.066289422
20.472 2089295.393 0.066389377
20.569 2084420.518 0.066490474
20.666 2079557.905 0.066592707
20.764 2074707.646 0.066696069
20.861 2069869.835 0.066800556
20.959 2065044.564 0.066906160
21.057 2060231.926 0.067012875
21.155 2055432.017 0.067120694
21.254 2050644.931 0.067229612
21.352 2045870.765 0.067339622
21.450 2041109.613 0.067450718
21.549 2036361.573 0.067562892
21.648 2031626.743 0.067676137
21.747 2026905.220 0.067790449
21.846 2022197.103 0.067905818
21.945 2017502.492 0.068022239
22.045 2012821.487 0.068139704
22.144 2008154.188 0.068258206
22.244 2003500.697 0.068377737
22.344 1998861.115 0.068498292
22.444 1994235.545 0.068619861
22.544 1989624.090 0.068742437
22.644 1985026.854 0.068866013
22.745 1980443.942 0.068990581
22.845 1975875.457 0.069116132
22.946 1971321.507 0.069242660
23.046 1966782.197 0.069370154
23.147 1962257.635 0.069498608
23.248 1957747.927 0.069628013
23.349 1953253.182 0.069758360
23.450 1948773.510 0.069889640
23.551 1944309.018 0.070021844
23.652 1939859.818 0.070154964
23.754 1935426.020 0.070288990
23.855 1931007.735 0.070423912
23.957 1926605.076 0.070559722
24.058 1922218.155 0.070696409
24.160 1917847.085 0.070833964
24.262 1913491.979 0.070972377
24.364 1909152.953 0.071111636
24.466 1904830.121 0.071251733
24.568 1900523.599 0.071392657
24.670 1896233.503 0.071534396
24.772 1891959.950 0.071676940
24.874 1887703.058 0.071820278
24.976 1883462.943 0.071964398
25.079 1879239.726 0.072109289
25.181 1875033.524 0.072254939
25.283 1870844.459 0.072401336
25.386 1866672.649 0.072548468
25.488 1862518.217 0.072696324
25.590 1858381.283 0.072844889
25.693 1854261.970 0.072994152
25.795 1850160.400 0.073144100
25.898 1846076.696 0.073294719
26.000 1842010.982 0.073445996
26.102 1837963.383 0.073597917
26.205 1833934.022 0.073750469
26.307 1829923.026 0.073903637
26.410 1825930.519 0.074057407
26.512 1821956.629 0.074211765
26.614 1818001.482 0.074366696
26.717 1814065.206 0.074522184
26.819 1810147.927 0.074678215
26.921 1806249.776 0.074834773
27.023 1802370.879 0.074991842
27.125 1798511.368 0.075149406
27.227 1794671.370 0.075307449
27.329 1790851.017 0.075465955
27.431 1787050.438 0.075624906
27.533 1783269.766 0.075784286
27.635 1779509.131 0.075944077
27.736 1775768.664 0.076104263
27.838 1772048.500 0.076264824
27.939 1768348.769 0.076425743
28.040 1764669.605 0.076587002
28.141 1761011.141 0.076748582
28.242 1757373.511 0.076910465
28.343 1753756.849 0.077072631
28.444 1750161.289 0.077235061
28.544 1746586.966 0.077397735
28.644 1743034.015 0.077560633
28.744 1739502.571 0.077723736
28.844 1735992.770 0.077887023
28.944 1732504.747 0.078050473
29.044 1729038.639 0.078214065
29.143 1725594.581 0.078377778
29.242 1722172.710 0.078541591
29.341 1718773.164 0.078705481
29.440 1715396.078 0.078869428
29.538 1712041.589 0.079033408
29.636 1708709.836 0.079197400
29.734 1705400.954 0.079361380
29.832 1702115.082 0.079525325
29.929 1698852.358 0.079689213
30.026 1695612.918 0.079853019
30.123 1692396.900 0.080016721
30.220 1689204.442 0.080180293
30.316 1686035.682 0.080343712
30.411 1682890.758 0.080506953
30.507 1679769.807 0.080669991
30.602 1676672.967 0.080832802
30.697 1673600.375 0.080995360
30.791 1670552.170 0.081157641
30.885 1667528.488 0.081319617
30.979 1664529.467 0.081481265
31.072 1661555.245 0.081642556
31.165 1658605.958 0.081803466
31.257 1655681.743 0.081963967
31.349 1652782.737 0.082124033
31.441 1649909.076 0.082283638
31.532 1647060.897 0.082442753
31.622 1644238.335 0.082601352
31.712 1641441.527 0.082759408
31.802 1638670.607 0.082916893
31.891 1635925.711 0.083073778
31.979 1633206.973 0.083230037
32.068 1630514.528 0.083385641
32.155 1627848.508 0.083540562
32.242 1625209.049 0.083694772
32.328 1622596.282 0.083848241
32.414 1620010.340 0.084000942
32.500 1617451.354 0.084152846
32.584 1614919.457 0.084303924
32.668 1612414.780 0.084454148
32.752 1609937.451 0.084603487
32.834 1607487.601 0.084751914
32.917 1605065.359 0.084899398
32.998 1602670.853 0.085045911
33.079 1600304.211 0.085191424
33.159 1597965.559 0.085335908
33.239 1595655.024 0.085479332
33.317 1593372.730 0.085621668
33.395 1591118.802 0.085762886
33.473 1588893.364 0.085902957
33.549 1586696.539 0.086041852
33.625 1584528.448 0.086179541
33.700 1582389.212 0.086315995
33.775 1580278.952 0.086451185
33.848 1578197.785 0.086585082
33.921 1576145.831 0.086717656
33.993 1574123.206 0.086848879
34.064 1572130.025 0.086978722
34.134 1570166.404 0.087107155
34.203 1568232.457 0.087234151
34.272 1566328.295 0.087359680
34.339 1564454.030 0.087483714
34.406 1562609.772 0.087606225
34.472 1560795.630 0.087727184
34.537 1559011.711 0.087846565
34.601 1557258.122 0.087964338
34.664 1555534.968 0.088080477
34.726 1553842.351 0.088194954
34.787 1552180.375 0.088307742
34.847 1550549.140 0.088418814
34.906 1548948.746 0.088528144
34.965 1547379.289 0.088635705
35.022 1545840.867 0.088741471
35.078 1544333.575 0.088845416
35.133 1542857.506 0.088947515
35.187 1541412.751 0.089047744
35.240 1539999.401 0.089146076
35.292 1538617.544 0.089242488
35.343 1537267.268 0.089336955
35.393 1535948.656 0.089429454
35.442 1534661.794 0.089519961
35.490 1533406.762 0.089608454
35.536 1532183.641 0.089694910
35.582 1530992.508 0.089779307
35.626 1529833.441 0.089861622
35.669 1528706.514 0.089941836
35.711 1527611.799 0.090019927
35.752 1526549.368 0.090095874
35.792 1525519.290 0.090169659
35.830 1524521.632 0.090241261
35.868 1523556.459 0.090310662
35.904 1522623.834 0.090377843
35.939 1521723.819 0.090442787
35.973 1520856.473 0.090505477
36.005 1520021.853 0.090565895
36.036 1519220.014 0.090624025
36.067 1518451.011 0.090679853
36.095 1517714.893 0.090733362
36.123 1517011.710 0.090784539
36.149 1516341.510 0.090833369
36.175 1515704.336 0.090879840
36.198 1515100.232 0.090923938
36.221 1514529.239 0.090965652
36.242 1513991.395 0.091004970
36.262 1513486.736 0.091041881
36.281 1513015.296 0.091076375
36.299 1512577.108 0.091108443
36.315 1512172.202 0.091138076
36.330 1511800.604 0.091165265
36.344 1511462.341 0.091190004
36.356 1511157.436 0.091212284
36.367 1510885.909 0.091232101
36.377 1510647.779 0.091249447
36.385 1510443.063 0.091264319
36.392 1510271.775 0.091276712
36.398 1510133.927 0.091286623
36.403 1510029.528 0.091294049
36.406 1509958.587 0.091298987
36.408 1509921.109 0.091301436
36.408 1509917.095 0.091301396
36.408 1509946.548 0.091298866
36.406 1510009.465 0.091293847
36.402 1510105.843 0.091286339
36.398 1510235.676 0.091276346
36.392 1510398.955 0.091263869
36.384 1510595.669 0.091248912
36.376 1510825.807 0.091231479
36.366 1511089.352 0.091211575
36.355 1511386.288 0.091189204
36.342 1511716.594 0.091164373
36.329 1512080.250 0.091137089
36.314 1512477.230 0.091107359
36.297 1512907.509 0.091075191
36.280 1513371.059 0.091040593
36.261 1513867.848 0.091003575
36.241 1514397.844 0.090964147
36.219 1514961.012 0.090922319
36.196 1515557.315 0.090878103
36.173 1516186.713 0.090831510
36.147 1516849.165 0.090782554
36.121 1517544.627 0.090731246
36.093 1518273.054 0.090677601
36.064 1519034.398 0.090621632
36.034 1519828.608 0.090563356
36.003 1520655.634 0.090502786
35.970 1521515.420 0.090439940
35.936 1522407.912 0.090374833
35.901 1523333.050 0.090307483
35.865 1524290.776 0.090237908
35.827 1525281.026 0.090166125
35.789 1526303.737 0.090092153
35.749 1527358.843 0.090016011
35.708 1528446.277 0.089937720
35.666 1529565.968 0.089857298
35.623 1530717.844 0.089774768
35.578 1531901.834 0.089690149
35.533 1533117.860 0.089603464
35.486 1534365.846 0.089514734
35.438 1535645.714 0.089423982
35.390 1536957.382 0.089331230
35.340 1538300.769 0.089236502
35.289 1539675.789 0.089139822
35.237 1541082.358 0.089041213
35.184 1542520.388 0.088940700
35.129 1543989.790 0.088838307
35.074 1545490.473 0.088734059
35.018 1547022.345 0.088627983
34.961 1548585.312 0.088520102
34.903 1550179.279 0.088410445
34.843 1551804.149 0.088299035
34.783 1553459.823 0.088185901
34.722 1555146.203 0.088071069
34.660 1556863.185 0.087954566
34.597 1558610.669 0.087836419
34.533 1560388.550 0.087716655
34.468 1562196.722 0.087595303
34.402 1564035.080 0.087472391
34.335 1565903.514 0.087347945
34.268 1567801.917 0.087221995
34.199 1569730.177 0.087094569
34.130 1571688.183 0.086965696
34.060 1573675.822 0.086835404
33.989 1575692.981 0.086703721
33.917 1577739.544 0.086570678
33.844 1579815.395 0.086436302
33.771 1581920.417 0.086300624
33.697 1584054.492 0.086163671
33.622 1586217.500 0.086025473
33.546 1588409.322 0.085886060
33.469 1590629.836 0.085745461
33.392 1592878.921 0.085603705
33.314 1595156.452 0.085460822
33.235 1597462.308 0.085316840
33.156 1599796.362 0.085171789
33.076 1602158.490 0.085025699
32.995 1604548.566 0.084878599
32.914 1606966.462 0.084730517
32.832 1609412.051 0.084581484
32.749 1611885.205 0.084431528
32.666 1614385.794 0.084280679
32.582 1616913.689 0.084128965
32.497 1619468.760 0.083976415
32.412 1622050.876 0.083823059
32.326 1624659.905 0.083668924
32.240 1627295.716 0.083514040
32.153 1629958.176 0.083358435
32.066 1632647.152 0.083202138
31.978 1635362.511 0.083045176
31.889 1638104.119 0.082887578
31.800 1640871.842 0.082729371
31.711 1643665.546 0.082570584
31.621 1646485.095 0.082411245
31.530 1649330.354 0.082251379
31.439 1652201.188 0.082091016
31.348 1655097.461 0.081930182
31.256 1658019.036 0.081768903
31.164 1660965.778 0.081607208
31.071 1663937.550 0.081445121
30.978 1666934.214 0.081282670
30.885 1669955.635 0.081119881
30.791 1673001.675 0.080956779
30.697 1676072.198 0.080793390
30.602 1679167.064 0.080629740
30.507 1682286.138 0.080465854
30.412 1685429.282 0.080301757
30.316 1688596.359 0.080137474
30.220 1691787.230 0.079973029
30.124 1695001.759 0.079808447
30.027 1698239.807 0.079643751
29.930 1701501.238 0.079478966
29.833 1704785.914 0.079314115
29.736 1708093.698 0.079149221
29.638 1711424.453 0.078984308
29.540 1714778.041 0.078819398
29.442 1718154.325 0.078654514
29.343 1721553.169 0.078489678
29.245 1724974.435 0.078324912
29.146 1728417.988 0.078160238
29.047 1731883.691 0.077995678
28.947 1735371.408 0.077831252
28.848 1738881.002 0.077666982
28.748 1742412.339 0.077502889
28.648 1745965.283 0.077338993
28.548 1749539.698 0.077175314
28.447 1753135.450 0.077011871
28.347 1756752.405 0.076848686
28.246 1760390.427 0.076685777
28.146 1764049.383 0.076523163
28.045 1767729.139 0.076360864
27.944 1771429.563 0.076198897
27.843 1775150.520 0.076037281
27.741 1778891.879 0.075876035
27.640 1782653.507 0.075715176
27.538 1786435.273 0.075554721
27.437 1790237.045 0.075394689
27.335 1794058.692 0.075235096
27.234 1797900.083 0.075075958
27.132 1801761.089 0.074917293
27.030 1805641.580 0.074759117
26.928 1809541.426 0.074601446
26.826 1813460.498 0.074444295
26.724 1817398.669 0.074287680
26.622 1821355.811 0.074131617
26.520 1825331.795 0.073976120
26.418 1829326.496 0.073821205
26.315 1833339.787 0.073666885
26.213 1837371.542 0.073513176
26.111 1841421.635 0.073360091
26.009 1845489.943 0.073207645
25.907 1849576.340 0.073055850
25.804 1853680.702 0.072904721
25.702 1857802.907 0.072754270
25.600 1861942.833 0.072604511
25.498 1866100.356 0.072455457
25.396 1870275.355 0.072307119
25.293 1874467.709 0.072159510
25.191 1878677.298 0.072012643
25.089 1882904.002 0.071866529
24.987 1887147.701 0.071721180
24.885 1891408.278 0.071576607
24.783 1895685.613 0.071432822
24.681 1899979.590 0.071289836
24.579 1904290.090 0.071147660
24.478 1908616.999 0.071006305
24.376 1912960.200 0.070865781
24.274 1917319.578 0.070726098
24.173 1921695.019 0.070587267
24.071 1926086.408 0.070449298
23.970 1930493.632 0.070312201
23.868 1934916.579 0.070175985
23.767 1939355.137 0.070040659
23.666 1943809.193 0.069906234
23.565 1948278.638 0.069772718
23.464 1952763.361 0.069640121
23.363 1957263.252 0.069508451
23.262 1961778.202 0.069377716
23.162 1966308.104 0.069247927
23.061 1970852.848 0.069119090
22.961 1975412.329 0.068991215
22.860 1979986.440 0.068864310
22.760 1984575.075 0.068738382
22.660 1989178.128 0.068613440
22.560 1993795.495 0.068489491
22.460 1998427.072 0.068366543
22.360 2003072.757 0.068244603
22.261 2007732.445 0.068123680
22.161 2012406.035 0.068003779
22.062 2017093.426 0.067884910
21.963 2021794.517 0.067767078
21.864 2026509.207 0.067650290
21.765 2031237.397 0.067534554
21.666 2035978.989 0.067419877
21.567 2040733.883 0.067306265
21.469 2045501.982 0.067193724
21.370 2050283.190 0.067082262
21.272 2055077.409 0.066971884
21.174 2059884.545 0.066862598
21.076 2064704.501 0.066754410
20.978 2069537.183 0.066647325
20.881 2074382.498 0.066541350
20.783 2079240.351 0.066436491
20.686 2084110.651 0.066332755
20.589 2088993.305 0.066230147
20.492 2093888.222 0.066128673
20.395 2098795.311 0.066028339
20.298 2103714.481 0.065929151
20.202 2108645.643 0.065831115
20.106 2113588.708 0.065734237
20.010 2118543.588 0.065638522
