20.041 2106493.491 0.066183344
20.120 2102440.857 0.066263686
20.199 2098403.590 0.066344668
20.278 2094381.785 0.066426282
20.356 2090375.535 0.066508516
20.435 2086384.935 0.066591363
20.514 2082410.080 0.066674813
20.592 2078451.065 0.066758856
20.671 2074507.986 0.066843481
20.749 2070580.939 0.066928681
20.828 2066670.020 0.067014445
20.906 2062775.325 0.067100762
20.985 2058896.953 0.067187623
21.063 2055034.999 0.067275019
21.141 2051189.561 0.067362938
21.219 2047360.738 0.067451370
21.297 2043548.628 0.067540306
21.375 2039753.328 0.067629735
21.453 2035974.939 0.067719646
21.531 2032213.558 0.067810029
21.608 2028469.285 0.067900873
21.686 2024742.220 0.067992168
21.763 2021032.463 0.068083902
21.841 2017340.113 0.068176065
21.918 2013665.272 0.068268645
21.995 2010008.039 0.068361632
22.072 2006368.517 0.068455014
22.149 2002746.805 0.068548780
22.226 1999143.006 0.068642918
22.302 1995557.220 0.068737418
22.379 1991989.551 0.068832267
22.455 1988440.099 0.068927453
22.531 1984908.967 0.069022965
22.607 1981396.257 0.069118791
22.683 1977902.073 0.069214919
22.759 1974426.516 0.069311337
22.835 1970969.691 0.069408033
22.910 1967531.699 0.069504993
22.985 1964112.645 0.069602207
23.060 1960712.631 0.069699661
23.135 1957331.762 0.069797342
23.210 1953970.140 0.069895239
23.284 1950627.870 0.069993337
23.359 1947305.056 0.070091625
23.433 1944001.802 0.070190089
23.507 1940718.212 0.070288716
23.581 1937454.390 0.070387493
23.654 1934210.440 0.070486406
23.727 1930986.467 0.070585442
23.800 1927782.575 0.070684588
23.873 1924598.868 0.070783830
23.946 1921435.452 0.070883154
24.018 1918292.430 0.070982546
24.090 1915169.907 0.071081993
24.162 1912067.987 0.071181480
24.234 1908986.776 0.071280994
24.305 1905926.377 0.071380519
24.376 1902886.894 0.071480043
24.447 1899868.433 0.071579550
24.517 1896871.097 0.071679026
24.587 1893894.991 0.071778456
24.657 1890940.219 0.071877826
24.727 1888006.885 0.071977121
24.796 1885095.092 0.072076327
24.865 1882204.946 0.072175428
24.934 1879336.548 0.072274409
25.002 1876490.004 0.072373255
25.070 1873665.415 0.072471952
25.138 1870862.886 0.072570484
25.205 1868082.520 0.072668836
25.272 1865324.419 0.072766992
25.339 1862588.685 0.072864937
25.405 1859875.422 0.072962656
25.471 1857184.731 0.073060133
25.536 1854516.714 0.073157352
25.601 1851871.473 0.073254298
25.666 1849249.109 0.073350956
25.731 1846649.724 0.073447309
25.795 1844073.416 0.073543341
25.858 1841520.288 0.073639038
25.921 1838990.439 0.073734382
25.984 1836483.969 0.073829358
26.046 1834000.977 0.073923951
26.108 1831541.561 0.074018143
26.170 1829105.821 0.074111920
26.231 1826693.854 0.074205265
26.291 1824305.758 0.074298161
26.352 1821941.631 0.074390594
26.411 1819601.568 0.074482547
26.470 1817285.666 0.074574003
26.529 1814994.021 0.074664948
26.587 1812726.728 0.074755363
26.645 1810483.881 0.074845235
26.702 1808265.575 0.074934546
26.759 1806071.903 0.075023280
26.815 1803902.959 0.075111421
26.871 1801758.833 0.075198954
26.926 1799639.619 0.075285862
26.981 1797545.408 0.075372130
27.035 1795476.289 0.075457741
27.089 1793432.353 0.075542679
27.142 1791413.688 0.075626928
27.195 1789420.384 0.075710474
27.247 1787452.527 0.075793299
27.298 1785510.205 0.075875389
27.349 1783593.505 0.075956727
27.399 1781702.511 0.076037298
27.449 1779837.308 0.076117086
27.498 1777997.980 0.076196077
27.546 1776184.611 0.076274254
27.594 1774397.282 0.076351602
27.642 1772636.075 0.076428107
27.688 1770901.070 0.076503753
27.734 1769192.348 0.076578524
27.780 1767509.986 0.076652408
27.824 1765854.064 0.076725387
27.869 1764224.657 0.076797448
27.912 1762621.842 0.076868577
27.955 1761045.693 0.076938758
27.997 1759496.286 0.077007978
28.039 1757973.693 0.077076222
28.080 1756477.986 0.077143477
28.120 1755009.236 0.077209728
28.159 1753567.513 0.077274962
28.198 1752152.887 0.077339166
28.236 1750765.424 0.077402326
28.274 1749405.193 0.077464428
28.311 1748072.259 0.077525460
28.347 1746766.686 0.077585409
28.382 1745488.538 0.077644262
28.417 1744237.877 0.077702007
28.451 1743014.765 0.077758632
28.484 1741819.262 0.077814124
28.516 1740651.426 0.077868471
28.548 1739511.316 0.077921662
28.579 1738398.987 0.077973686
28.609 1737314.495 0.078024531
28.639 1736257.895 0.078074186
28.667 1735229.238 0.078122640
28.695 1734228.577 0.078169883
28.723 1733255.962 0.078215904
28.749 1732311.442 0.078260694
28.775 1731395.064 0.078304243
28.800 1730506.875 0.078346540
28.824 1729646.920 0.078387577
28.847 1728815.243 0.078427345
28.870 1728011.887 0.078465834
28.892 1727236.891 0.078503036
28.913 1726490.297 0.078538944
28.933 1725772.143 0.078573548
28.952 1725082.465 0.078606842
28.971 1724421.299 0.078638817
28.989 1723788.679 0.078669467
29.006 1723184.639 0.078698784
29.022 1722609.210 0.078726763
29.037 1722062.421 0.078753396
29.052 1721544.302 0.078778679
29.065 1721054.879 0.078802604
29.078 1720594.179 0.078825167
29.090 1720162.225 0.078846363
29.102 1719759.040 0.078866187
29.112 1719384.647 0.078884634
29.122 1719039.064 0.078901700
29.131 1718722.310 0.078917381
29.139 1718434.402 0.078931674
29.146 1718175.356 0.078944576
29.152 1717945.186 0.078956084
29.157 1717743.904 0.078966194
29.162 1717571.522 0.078974905
29.166 1717428.049 0.078982215
29.169 1717313.493 0.078988123
29.171 1717227.861 0.078992626
29.172 1717171.157 0.078995724
29.173 1717143.387 0.078997416
29.172 1717144.551 0.078997702
29.171 1717174.650 0.078996582
29.169 1717233.684 0.078994056
29.166 1717321.650 0.078990125
29.162 1717438.545 0.078984790
29.158 1717584.363 0.078978052
29.153 1717759.096 0.078969912
29.146 1717962.738 0.078960373
29.139 1718195.278 0.078949437
29.131 1718456.705 0.078937106
29.123 1718747.006 0.078923384
29.113 1719066.167 0.078908273
29.103 1719414.173 0.078891777
29.091 1719791.005 0.078873900
29.079 1720196.646 0.078854646
29.067 1720631.075 0.078834019
29.053 1721094.270 0.078812025
29.038 1721586.210 0.078788668
29.023 1722106.868 0.078763953
29.007 1722656.220 0.078737887
28.990 1723234.238 0.078710475
28.972 1723840.894 0.078681724
28.954 1724476.156 0.078651640
28.934 1725139.994 0.078620230
28.914 1725832.374 0.078587501
28.893 1726553.263 0.078553461
28.872 1727302.624 0.078518117
28.849 1728080.420 0.078481477
28.826 1728886.613 0.078443550
28.802 1729721.163 0.078404344
28.777 1730584.028 0.078363868
28.751 1731475.167 0.078322131
28.725 1732394.534 0.078279142
28.697 1733342.086 0.078234911
28.669 1734317.775 0.078189448
28.641 1735321.553 0.078142763
28.611 1736353.372 0.078094865
28.581 1737413.181 0.078045767
28.550 1738500.928 0.077995478
28.518 1739616.562 0.077944009
28.486 1740760.026 0.077891372
28.453 1741931.267 0.077837578
28.419 1743130.227 0.077782639
28.384 1744356.849 0.077726567
28.349 1745611.073 0.077669374
28.313 1746892.841 0.077611071
28.276 1748202.089 0.077551673
28.238 1749538.757 0.077491190
28.200 1750902.780 0.077429637
28.161 1752294.094 0.077367026
28.122 1753712.633 0.077303371
28.081 1755158.330 0.077238684
28.040 1756631.117 0.077172980
27.999 1758130.925 0.077106272
27.957 1759657.685 0.077038574
27.914 1761211.325 0.076969899
27.870 1762791.772 0.076900263
27.826 1764398.955 0.076829680
27.781 1766032.798 0.076758163
27.735 1767693.228 0.076685728
27.689 1769380.167 0.076612389
27.642 1771093.539 0.076538161
27.595 1772833.267 0.076463059
27.547 1774599.271 0.076387098
27.498 1776391.471 0.076310293
27.449 1778209.789 0.076232659
27.399 1780054.141 0.076154212
27.349 1781924.446 0.076074966
27.298 1783820.621 0.075994939
27.246 1785742.582 0.075914144
27.194 1787690.245 0.075832598
27.142 1789663.524 0.075750317
27.088 1791662.333 0.075667316
27.035 1793686.585 0.075583611
26.980 1795736.193 0.075499218
26.925 1797811.068 0.075414153
26.870 1799911.121 0.075328432
26.814 1802036.264 0.075242070
26.758 1804186.404 0.075155085
26.701 1806361.453 0.075067491
26.643 1808561.317 0.074979306
26.585 1810785.905 0.074890545
26.527 1813035.124 0.074801224
26.468 1815308.881 0.074711360
26.408 1817607.082 0.074620969
26.349 1819929.631 0.074530066
26.288 1822276.436 0.074438669
26.227 1824647.399 0.074346793
26.166 1827042.425 0.074254454
26.104 1829461.418 0.074161669
26.042 1831904.280 0.074068454
25.980 1834370.915 0.073974824
25.917 1836861.224 0.073880796
25.853 1839375.109 0.073786386
25.789 1841912.472 0.073691610
25.725 1844473.213 0.073596484
25.661 1847057.234 0.073501024
25.595 1849664.434 0.073405246
25.530 1852294.713 0.073309166
25.464 1854947.972 0.073212799
25.398 1857624.109 0.073116162
25.331 1860323.023 0.073019269
25.265 1863044.613 0.072922138
25.197 1865788.778 0.072824783
25.130 1868555.416 0.072727220
25.062 1871344.424 0.072629464
24.993 1874155.701 0.072531531
24.925 1876989.144 0.072433437
24.856 1879844.650 0.072335196
24.786 1882722.116 0.072236824
24.717 1885621.440 0.072138336
24.647 1888542.518 0.072039747
24.577 1891485.247 0.071941072
24.506 1894449.524 0.071842326
24.435 1897435.244 0.071743524
24.364 1900442.304 0.071644681
24.293 1903470.601 0.071545810
24.221 1906520.030 0.071446928
24.149 1909590.488 0.071348048
24.077 1912681.871 0.071249184
24.004 1915794.074 0.071150352
23.932 1918926.993 0.071051565
23.859 1922080.525 0.070952837
23.786 1925254.566 0.070854183
23.712 1928449.010 0.070755617
23.639 1931663.755 0.070657151
23.565 1934898.696 0.070558801
23.491 1938153.729 0.070460579
23.416 1941428.750 0.070362500
23.342 1944723.655 0.070264576
23.267 1948038.340 0.070166822
23.192 1951372.702 0.070069250
23.117 1954726.637 0.069971873
23.042 1958100.041 0.069874705
22.966 1961492.811 0.069777759
22.890 1964904.842 0.069681047
22.815 1968336.033 0.069584582
22.739 1971786.280 0.069488377
22.662 1975255.480 0.069392444
22.586 1978743.529 0.069296797
22.510 1982250.326 0.069201447
22.433 1985775.768 0.069106406
22.356 1989319.752 0.069011687
22.279 1992882.176 0.068917302
22.202 1996462.938 0.068823262
22.125 2000061.937 0.068729580
22.048 2003679.071 0.068636268
21.970 2007314.238 0.068543337
21.892 2010967.338 0.068450798
21.815 2014638.269 0.068358663
21.737 2018326.931 0.068266944
21.659 2022033.223 0.068175652
21.581 2025757.045 0.068084798
21.503 2029498.297 0.067994393
21.425 2033256.879 0.067904448
21.346 2037032.692 0.067814974
21.268 2040825.637 0.067725982
21.189 2044635.615 0.067637483
21.111 2048462.528 0.067549487
21.032 2052306.276 0.067462005
20.953 2056166.762 0.067375047
20.875 2060043.889 0.067288624
20.796 2063937.558 0.067202747
20.717 2067847.673 0.067117424
20.638 2071774.137 0.067032667
20.559 2075716.853 0.066948486
20.480 2079675.726 0.066864890
20.401 2083650.659 0.066781890
20.322 2087641.557 0.066699495
20.242 2091648.325 0.066617716
20.163 2095670.867 0.066536561
20.084 2099709.091 0.066456041
20.004 2103762.900 0.066376165
5207356.396 0.009
5199462.963 0.009
5191564.352 0.009
5183660.570 0.009
5175751.626 0.009
5167837.527 0.009
5159918.281 0.009
5151993.897 0.009
5144064.381 0.009
5136129.742 0.009
5128189.988 0.009
5120245.127 0.009
5112295.166 0.009
5104340.113 0.009
5096379.977 0.009
5088414.766 0.009
5080444.486 0.009
5072469.147 0.009
5064488.756 0.009
5056503.322 0.009
5048512.851 0.009
5040517.352 0.009
5032516.833 0.009
5024511.302 0.009
5016500.768 0.009
5008485.237 0.009
5000464.717 0.009
4992439.218 0.009
4984408.747 0.009
4976373.311 0.009
4968332.920 0.009
4960287.580 0.010
4952237.300 0.010
4944182.088 0.010
4936121.952 0.010
4928056.900 0.010
4919986.940 0.010
4911912.080 0.010
4903832.328 0.010
4895747.692 0.010
4887658.180 0.010
4879563.801 0.010
4871464.562 0.010
4863360.471 0.010
4855251.537 0.010
4847137.767 0.010
4839019.169 0.010
4830895.753 0.010
4822767.525 0.010
4814634.494 0.010
4806496.668 0.010
4798354.055 0.010
4790206.663 0.010
4782054.500 0.010
4773897.575 0.010
4765735.896 0.010
4757569.470 0.010
4749398.305 0.010
4741222.411 0.010
4733041.795 0.010
4724856.465 0.010
4716666.429 0.011
4708471.696 0.011
4700272.274 0.011
4692068.171 0.011
4683859.394 0.011
4675645.953 0.011
4667427.855 0.011
4659205.109 0.011
4650977.722 0.011
4642745.703 0.011
4634509.061 0.011
4626267.803 0.011
4618021.937 0.011
4609771.472 0.011
4601516.417 0.011
4593256.778 0.011
4584992.565 0.011
4576723.786 0.011
4568450.448 0.011
4560172.561 0.011
4551890.132 0.011
4543603.169 0.011
4535311.682 0.011
4527015.677 0.011
4518715.165 0.011
4510410.151 0.012
4502100.646 0.012
4493786.657 0.012
4485468.193 0.012
4477145.261 0.012
4468817.870 0.012
4460486.029 0.012
4452149.745 0.012
4443809.028 0.012
4435463.884 0.012
4427114.324 0.012
4418760.354 0.012
4410401.983 0.012
4402039.220 0.012
4393672.073 0.012
4385300.550 0.012
4376924.660 0.012
4368544.411 0.012
4360159.810 0.012
4351770.868 0.012
4343377.591 0.012
4334979.989 0.012
4326578.069 0.012
4318171.841 0.013
4309761.312 0.013
4301346.490 0.013
4292927.385 0.013
4284504.004 0.013
4276076.357 0.013
4267644.450 0.013
4259208.294 0.013
4250767.895 0.013
4242323.263 0.013
4233874.407 0.013
4225421.333 0.013
4216964.051 0.013
4208502.570 0.013
4200036.897 0.013
4191567.041 0.013
4183093.011 0.013
4174614.814 0.013
4166132.461 0.013
4157645.957 0.014
4149155.314 0.014
4140660.538 0.014
4132161.638 0.014
4123658.623 0.014
4115151.501 0.014
4106640.280 0.014
4098124.970 0.014
4089605.578 0.014
4081082.114 0.014
4072554.585 0.014
4064023.000 0.014
4055487.367 0.014
4046947.696 0.014
4038403.994 0.014
4029856.270 0.014
4021304.533 0.014
4012748.791 0.015
4004189.053 0.015
3995625.326 0.015
3987057.620 0.015
3978485.944 0.015
3969910.305 0.015
3961330.713 0.015
3952747.175 0.015
3944159.701 0.015
3935568.299 0.015
3926972.977 0.015
3918373.744 0.015
3909770.609 0.015
3901163.580 0.015
3892552.665 0.015
3883937.874 0.015
3875319.215 0.016
3866696.697 0.016
3858070.327 0.016
3849440.116 0.016
3840806.070 0.016
3832168.199 0.016
3823526.512 0.016
3814881.017 0.016
3806231.723 0.016
3797578.638 0.016
3788921.770 0.016
3780261.130 0.016
3771596.724 0.016
3762928.563 0.016
3754256.653 0.017
3745581.005 0.017
3736901.627 0.017
3728218.526 0.017
3719531.713 0.017
3710841.196 0.017
3702146.983 0.017
3693449.082 0.017
3684747.504 0.017
3676042.256 0.017
3667333.346 0.017
3658620.785 0.017
3649904.579 0.018
3641184.739 0.018
3632461.272 0.018
3623734.188 0.018
3615003.495 0.018
3606269.201 0.018
3597531.316 0.018
3588789.849 0.018
3580044.807 0.018
3571296.199 0.018
3562544.035 0.018
3553788.323 0.018
3545029.072 0.019
3536266.290 0.019
3527499.986 0.019
3518730.169 0.019
3509956.848 0.019
3501180.031 0.019
3492399.728 0.019
3483615.946 0.019
3474828.695 0.019
3466037.983 0.019
3457243.819 0.019
3448446.212 0.020
3439645.171 0.020
3430840.705 0.020
3422032.821 0.020
3413221.529 0.020
3404406.839 0.020
3395588.757 0.020
3386767.294 0.020
3377942.458 0.020
3369114.258 0.021
3360282.703 0.021
3351447.801 0.021
3342609.561 0.021
3333767.992 0.021
3324923.104 0.021
3316074.904 0.021
3307223.401 0.021
3298368.605 0.021
3289510.523 0.022
3280649.166 0.022
3271784.542 0.022
3262916.659 0.022
3254045.526 0.022
3245171.153 0.022
3236293.548 0.022
3227412.720 0.022
3218528.677 0.022
3209641.430 0.023
3200750.986 0.023
3191857.354 0.023
3182960.543 0.023
3174060.562 0.023
3165157.421 0.023
3156251.127 0.023
3147341.690 0.023
3138429.118 0.024
3129513.421 0.024
3120594.607 0.024
3111672.685 0.024
3102747.664 0.024
3093819.554 0.024
3084888.362 0.024
3075954.098 0.025
3067016.770 0.025
3058076.388 0.025
3049132.961 0.025
3040186.496 0.025
3031237.004 0.025
3022284.494 0.025
3013328.973 0.026
3004370.451 0.026
2995408.938 0.026
2986444.441 0.026
2977476.970 0.026
2968506.534 0.026
2959533.141 0.027
2950556.801 0.027
2941577.522 0.027
2932595.314 0.027
2923610.186 0.027
2914622.145 0.027
2905631.202 0.027
2896637.366 0.028
2887640.644 0.028
2878641.047 0.028
2869638.583 0.028
2860633.261 0.028
2851625.090 0.029
2842614.079 0.029
2833600.237 0.029
2824583.574 0.029
2815564.097 0.029
2806541.816 0.029
2797516.740 0.030
2788488.879 0.030
2779458.240 0.030
2770424.833 0.030
2761388.667 0.030
2752349.751 0.031
2743308.093 0.031
2734263.704 0.031
2725216.592 0.031
2716166.766 0.031
2707114.234 0.032
2698059.007 0.032
2689001.093 0.032
2679940.501 0.032
2670877.239 0.032
2661811.318 0.033
2652742.746 0.033
2643671.532 0.033
2634597.686 0.033
2625521.215 0.034
2616442.130 0.034
2607360.439 0.034
2598276.151 0.034
2589189.276 0.034
2580099.823 0.035
2571007.799 0.035
2561913.216 0.035
2552816.080 0.035
2543716.403 0.036
2534614.192 0.036
2525509.457 0.036
2516402.207 0.036
2507292.451 0.037
2498180.198 0.037
2489065.457 0.037
2479948.237 0.038
2470828.548 0.038
2461706.397 0.038
2452581.795 0.038
2443454.751 0.039
2434325.273 0.039
2425193.371 0.039
2416059.054 0.040
2406922.330 0.040
2397783.210 0.040
2388641.701 0.040
2379497.814 0.041
2370351.557 0.041
2361202.940 0.041
2352051.970 0.042
2342898.659 0.042
2333743.014 0.042
2324585.045 0.043
2315424.762 0.043
2306262.172 0.043
2297097.285 0.044
2287930.111 0.044
2278760.658 0.044
2269588.936 0.045
2260414.954 0.045
2251238.720 0.045
2242060.245 0.046
2232879.536 0.046
2223696.604 0.046
2214511.458 0.047
2205324.106 0.047
2196134.558 0.048
2186942.822 0.048
2177748.909 0.048
2168552.827 0.049
2159354.585 0.049
2150154.193 0.050
2140951.660 0.050
2131746.994 0.050
2122540.206 0.051
2113331.303 0.051
2104120.297 0.052
2094907.194 0.052
2085692.005 0.053
2076474.740 0.053
2067255.406 0.054
2058034.013 0.054
2048810.571 0.054
2039585.089 0.055
2030357.576 0.055
2021128.040 0.056
2011896.492 0.056
2002662.940 0.057
1993427.393 0.057
1984189.862 0.058
1974950.354 0.059
1965708.880 0.059
1956465.448 0.060
1947220.067 0.060
1937972.748 0.061
1928723.498 0.061
1919472.328 0.062
1910219.246 0.062
1900964.262 0.063
1891707.384 0.064
1882448.623 0.064
1873187.987 0.065
1863925.486 0.065
1854661.128 0.066
1845394.923 0.067
1836126.881 0.067
1826857.010 0.068
1817585.319 0.069
1808311.819 0.069
1799036.518 0.070
1789759.425 0.071
1780480.550 0.071
1771199.901 0.072
1761917.489 0.073
1752633.322 0.074
1743347.410 0.074
1734059.761 0.075
1724770.386 0.076
1715479.293 0.077
1706186.491 0.078
1696891.991 0.078
1687595.800 0.079
1678297.929 0.080
1668998.387 0.081
1659697.182 0.082
1650394.325 0.083
1641089.824 0.084
1631783.689 0.084
1622475.928 0.085
1613166.552 0.086
1603855.570 0.087
1594542.990 0.088
1585228.822 0.089
1575913.076 0.090
1566595.760 0.091
1557276.884 0.092
1547956.457 0.093
1538634.489 0.094
1529310.988 0.096
1519985.965 0.097
1510659.427 0.098
1501331.386 0.099
1492001.849 0.100
1482670.826 0.101
1473338.327 0.103
1464004.360 0.104
1454668.936 0.105
1445332.063 0.106
1435993.750 0.108
1426654.008 0.109
1417312.845 0.110
1407970.270 0.112
1398626.293 0.113
1389280.924 0.115
1379934.170 0.116
1370586.043 0.118
1361236.551 0.119
1351885.703 0.121
1342533.509 0.122
1333179.977 0.124
1323825.119 0.125
1314468.941 0.127
1305111.455 0.129
1295752.669 0.131
1286392.593 0.132
1277031.236 0.134
1267668.607 0.136
1258304.715 0.138
1248939.570 0.140
1239573.182 0.142
1230205.559 0.144
1220836.711 0.146
1211466.648 0.148
1202095.378 0.150
1192722.910 0.152
1183349.255 0.154
1173974.422 0.157
1164598.419 0.159
1155221.257 0.161
1145842.944 0.164
1136463.490 0.166
1127082.905 0.169
1117701.197 0.171
1108318.375 0.174
1098934.451 0.177
1089549.431 0.179
1080163.327 0.182
1070776.147 0.185
1061387.901 0.188
1051998.598 0.191
1042608.247 0.194
1033216.858 0.197
1023824.440 0.200
1014431.002 0.204
1005036.554 0.207
995641.106 0.211
986244.665 0.214
976847.243 0.218
967448.848 0.221
958049.489 0.225
948649.177 0.229
939247.919 0.233
929845.727 0.237
920442.608 0.241
911038.573 0.246
901633.630 0.250
892227.789 0.255
882821.060 0.259
873413.452 0.264
864004.974 0.269
854595.636 0.274
845185.447 0.279
835774.416 0.285
826362.552 0.290
816949.866 0.296
807536.366 0.301
798122.062 0.307
788706.963 0.313
779291.079 0.319
769874.419 0.326
760456.992 0.332
751038.808 0.339
741619.875 0.346
732200.205 0.353
722779.805 0.360
713358.685 0.368
703936.855 0.375
694514.324 0.383
685091.102 0.391
675667.197 0.400
666242.619 0.408
656817.378 0.417
647391.482 0.426
637964.943 0.436
628537.767 0.445
619109.966 0.455
609681.548 0.465
600252.523 0.475
590822.901 0.486
581392.690 0.497
571961.900 0.508
562530.540 0.520
553098.620 0.531
543666.150 0.543
534233.138 0.556
524799.594 0.569
515365.527 0.582
505930.948 0.595
496495.864 0.608
487060.286 0.622
477624.223 0.636
468187.684 0.651
458750.679 0.665
449313.218 0.680
439875.309 0.695
430436.961 0.710
420998.185 0.726
411558.990 0.741
402119.385 0.757
392679.380 0.773
383238.984 0.788
373798.205 0.804
364357.055 0.820
354915.542 0.835
345473.675 0.850
336031.465 0.865
326588.920 0.879
317146.049 0.893
307702.863 0.906
298259.370 0.919
288815.580 0.931
279371.503 0.942
269927.148 0.952
260482.523 0.961
251037.639 0.969
241592.506 0.976
232147.131 0.982
222701.526 0.987
213255.699 0.991
203809.659 0.994
194363.417 0.996
184916.980 0.998
175470.360 0.999
166023.565 0.999
156576.605 1.000
147129.489 1.000
137682.226 1.000
128234.826 1.000
118787.298 1.000
109339.652 1.000
99891.898 1.000
90444.044 1.000
80996.099 1.000
71548.074 1.000
62099.978 1.000
52651.820 1.000
43203.610 1.000
33755.356 1.000
24307.069 1.000
14858.758 1.000
5410.432 1.000
4037.900 1.000
13486.227 1.000
22934.541 1.000
32382.833 1.000
41831.091 1.000
51279.309 1.000
60727.475 1.000
70175.581 1.000
79623.617 1.000
89071.573 1.000
98519.441 1.000
107967.211 1.000
117414.873 1.000
126862.419 1.000
136309.838 1.000
145757.121 1.000
155204.259 1.000
164651.242 0.999
174098.062 0.999
183544.708 0.998
192991.172 0.996
202437.443 0.994
211883.513 0.991
221329.372 0.988
230775.010 0.983
240220.418 0.977
249665.588 0.970
259110.508 0.962
268555.171 0.953
277999.566 0.943
287443.685 0.933
296887.517 0.921
306331.053 0.908
315774.285 0.895
325217.202 0.881
334659.795 0.867
344102.055 0.852
353543.972 0.837
362985.537 0.822
372426.741 0.806
381867.574 0.791
391308.027 0.775
400748.089 0.759
410187.753 0.744
419627.009 0.728
429065.846 0.713
438504.257 0.697
447942.230 0.682
457379.758 0.667
466816.830 0.653
476253.437 0.638
485689.570 0.624
495125.220 0.610
504560.376 0.597
513995.030 0.583
523429.172 0.570
532862.793 0.558
542295.883 0.545
551728.433 0.533
561160.434 0.521
570591.876 0.510
580022.750 0.499
589453.046 0.488
598882.756 0.477
608311.868 0.467
617740.376 0.456
627168.268 0.447
636595.535 0.437
646022.169 0.428
655448.159 0.419
664873.497 0.410
674298.172 0.401
683722.176 0.393
693145.500 0.385
702568.133 0.377
711990.066 0.369
721411.290 0.361
730831.796 0.354
740251.575 0.347
749670.616 0.340
759088.911 0.333
768506.449 0.327
777923.223 0.320
787339.222 0.314
796754.437 0.308
806168.858 0.302
815582.477 0.296
824995.283 0.291
834407.269 0.285
843818.423 0.280
853228.737 0.275
862638.201 0.270
872046.806 0.265
881454.543 0.260
890861.402 0.255
900267.374 0.251
909672.450 0.246
919076.620 0.242
928479.875 0.238
937882.205 0.234
947283.601 0.230
956684.054 0.226
966083.554 0.222
975482.092 0.218
984879.659 0.215
994276.245 0.211
1003671.841 0.208
1013066.438 0.204
1022460.026 0.201
1031852.596 0.198
1041244.138 0.194
1050634.643 0.191
1060024.103 0.188
1069412.506 0.185
1078799.845 0.183
1088186.110 0.180
1097571.291 0.177
1106955.379 0.174
1116338.365 0.172
1125720.239 0.169
1135100.992 0.166
1144480.615 0.164
1153859.099 0.162
1163236.433 0.159
1172612.609 0.157
1181987.617 0.155
1191361.449 0.152
1200734.094 0.150
1210105.543 0.148
1219475.788 0.146
1228844.818 0.144
1238212.625 0.142
1247579.198 0.140
1256944.530 0.138
1266308.609 0.136
1275671.428 0.134
1285032.977 0.133
1294393.246 0.131
1303752.226 0.129
1313109.908 0.127
1322466.282 0.126
1331821.339 0.124
1341175.071 0.122
1350527.466 0.121
1359878.517 0.119
1369228.214 0.118
1378576.548 0.116
1387923.508 0.115
1397269.087 0.113
1406613.275 0.112
1415956.061 0.111
1425297.438 0.109
1434637.396 0.108
1443975.925 0.107
1453313.016 0.105
1462648.660 0.104
1471982.848 0.103
1481315.570 0.102
1490646.817 0.100
1499976.579 0.099
1509304.848 0.098
1518631.614 0.097
1527956.868 0.096
1537280.601 0.095
1546602.802 0.094
1555923.464 0.093
1565242.577 0.091
1574560.130 0.090
1583876.116 0.089
1593190.525 0.088
1602503.348 0.087
1611814.575 0.087
1621124.196 0.086
1630432.204 0.085
1639738.588 0.084
1649043.339 0.083
1658346.449 0.082
1667647.907 0.081
1676947.704 0.080
1686245.832 0.079
1695542.281 0.079
1704837.041 0.078
1714130.104 0.077
1723421.460 0.076
1732711.100 0.075
1741999.014 0.075
1751285.194 0.074
1760569.630 0.073
1769852.314 0.072
1779133.234 0.072
1788412.384 0.071
1797689.752 0.070
1806965.331 0.069
1816239.110 0.069
1825511.081 0.068
1834781.234 0.067
1844049.560 0.067
1853316.050 0.066
1862580.694 0.066
1871843.484 0.065
1881104.410 0.064
1890363.463 0.064
1899620.634 0.063
1908875.913 0.062
1918129.291 0.062
1927380.760 0.061
1936630.309 0.061
1945877.930 0.060
1955123.614 0.060
1964367.351 0.059
1973609.131 0.059
1982848.947 0.058
1992086.788 0.058
2001322.646 0.057
2010556.511 0.057
2019788.374 0.056
2029018.225 0.056
2038246.057 0.055
2047471.859 0.055
2056695.622 0.054
2065917.337 0.054
2075136.995 0.053
2084354.587 0.053
2093570.104 0.052
2102783.536 0.052
2111994.874 0.051
2121204.109 0.051
2130411.233 0.051
2139616.234 0.050
2148819.106 0.050
2158019.838 0.049
2167218.421 0.049
2176414.846 0.048
2185609.104 0.048
2194801.186 0.048
2203991.082 0.047
2213178.784 0.047
2222364.282 0.047
2231547.567 0.046
2240728.631 0.046
2249907.463 0.045
2259084.055 0.045
2268258.397 0.045
2277430.481 0.044
2286600.298 0.044
2295767.838 0.044
2304933.091 0.043
2314096.050 0.043
2323256.704 0.043
2332415.046 0.042
2341571.065 0.042
2350724.752 0.042
2359876.099 0.041
2369025.096 0.041
2378171.734 0.041
2387316.004 0.040
2396457.897 0.040
2405597.404 0.040
2414734.516 0.040
2423869.223 0.039
2433001.517 0.039
2442131.388 0.039
2451258.828 0.038
2460383.827 0.038
2469506.376 0.038
2478626.467 0.038
2487744.089 0.037
2496859.235 0.037
2505971.894 0.037
2515082.058 0.037
2524189.718 0.036
2533294.864 0.036
2542397.488 0.036
2551497.581 0.035
2560595.133 0.035
2569690.136 0.035
2578782.580 0.035
2587872.456 0.035
2596959.755 0.034
2606044.469 0.034
2615126.588 0.034
2624206.103 0.034
2633283.006 0.033
2642357.286 0.033
2651428.935 0.033
2660497.945 0.033
2669564.305 0.032
2678628.007 0.032
2687689.042 0.032
2696747.401 0.032
2705803.075 0.032
2714856.055 0.031
2723906.332 0.031
2732953.897 0.031
2741998.740 0.031
2751040.853 0.031
2760080.227 0.030
2769116.853 0.030
2778150.722 0.030
2787181.825 0.030
2796210.152 0.030
2805235.696 0.029
2814258.446 0.029
2823278.394 0.029
2832295.531 0.029
2841309.848 0.029
2850321.336 0.029
2859329.986 0.028
2868335.789 0.028
2877338.736 0.028
2886338.819 0.028
2895336.027 0.028
2904330.352 0.028
2913321.786 0.027
2922310.319 0.027
2931295.943 0.027
2940278.648 0.027
2949258.425 0.027
2958235.266 0.027
2967209.161 0.026
2976180.102 0.026
2985148.079 0.026
2994113.085 0.026
3003075.109 0.026
3012034.143 0.026
3020990.179 0.025
3029943.206 0.025
3038893.217 0.025
3047840.201 0.025
3056784.152 0.025
3065725.058 0.025
3074662.913 0.025
3083597.705 0.024
3092529.428 0.024
3101458.072 0.024
3110383.627 0.024
3119306.086 0.024
3128225.439 0.024
3137141.677 0.024
3146054.792 0.023
3154964.774 0.023
3163871.615 0.023
3172775.306 0.023
3181675.838 0.023
3190573.202 0.023
3199467.389 0.023
3208358.391 0.023
3217246.198 0.022
3226130.802 0.022
3235012.194 0.022
3243890.365 0.022
3252765.307 0.022
3261637.009 0.022
3270505.464 0.022
3279370.663 0.022
3288232.597 0.022
3297091.257 0.021
3305946.634 0.021
3314798.719 0.021
3323647.504 0.021
3332492.980 0.021
3341335.138 0.021
3350173.969 0.021
3359009.465 0.021
3367841.616 0.021
3376670.414 0.020
3385495.850 0.020
3394317.915 0.020
3403136.601 0.020
3411951.898 0.020
3420763.799 0.020
3429572.293 0.020
3438377.373 0.020
3447179.029 0.020
3455977.253 0.020
3464772.037 0.019
3473563.370 0.019
3482351.246 0.019
3491135.654 0.019
3499916.586 0.019
3508694.034 0.019
3517467.988 0.019
3526238.440 0.019
3535005.381 0.019
3543768.802 0.019
3552528.696 0.018
3561285.052 0.018
3570037.862 0.018
3578787.118 0.018
3587532.811 0.018
3596274.932 0.018
3605013.473 0.018
3613748.424 0.018
3622479.777 0.018
3631207.524 0.018
3639931.655 0.018
3648652.162 0.018
3657369.037 0.017
3666082.270 0.017
3674791.853 0.017
3683497.777 0.017
3692200.034 0.017
3700898.615 0.017
3709593.511 0.017
3718284.714 0.017
3726972.215 0.017
3735656.005 0.017
3744336.076 0.017
3753012.419 0.017
3761685.025 0.016
3770353.886 0.016
3779018.993 0.016
3787680.338 0.016
3796337.911 0.016
3804991.705 0.016
3813641.711 0.016
3822287.920 0.016
3830930.323 0.016
3839568.912 0.016
3848203.678 0.016
3856834.613 0.016
3865461.708 0.016
3874084.954 0.016
3882704.344 0.015
3891319.867 0.015
3899931.517 0.015
3908539.283 0.015
3917143.159 0.015
3925743.134 0.015
3934339.200 0.015
3942931.350 0.015
3951519.574 0.015
3960103.864 0.015
3968684.211 0.015
3977260.607 0.015
3985833.043 0.015
3994401.511 0.015
4002966.002 0.015
4011526.507 0.015
4020083.019 0.014
4028635.528 0.014
4037184.026 0.014
4045728.505 0.014
4054268.956 0.014
4062805.370 0.014
4071337.740 0.014
4079866.056 0.014
4088390.310 0.014
4096910.493 0.014
4105426.598 0.014
4113938.616 0.014
4122446.537 0.014
4130950.354 0.014
4139450.059 0.014
4147945.642 0.014
4156437.096 0.014
4164924.411 0.013
4173407.580 0.013
4181886.594 0.013
4190361.444 0.013
4198832.123 0.013
4207298.621 0.013
4215760.930 0.013
4224219.043 0.013
4232672.949 0.013
4241122.642 0.013
4249568.112 0.013
4258009.351 0.013
4266446.351 0.013
4274879.104 0.013
4283307.600 0.013
4291731.832 0.013
4300151.791 0.013
4308567.469 0.013
4316978.858 0.013
4325385.948 0.013
4333788.732 0.012
4342187.202 0.012
4350581.349 0.012
4358971.164 0.012
4367356.639 0.012
4375737.767 0.012
4384114.538 0.012
4392486.944 0.012
4400854.977 0.012
4409218.629 0.012
4417577.891 0.012
4425932.755 0.012
4434283.212 0.012
4442629.255 0.012
4450970.875 0.012
4459308.064 0.012
4467640.813 0.012
4475969.114 0.012
4484292.959 0.012
4492612.339 0.012
4500927.247 0.012
4509237.674 0.012
4517543.611 0.011
4525845.051 0.011
4534141.986 0.011
4542434.406 0.011
4550722.303 0.011
4559005.671 0.011
4567284.499 0.011
4575558.780 0.011
4583828.506 0.011
4592093.669 0.011
4600354.260 0.011
4608610.271 0.011
4616861.693 0.011
4625108.519 0.011
4633350.741 0.011
4641588.350 0.011
4649821.338 0.011
4658049.696 0.011
4666273.418 0.011
4674492.493 0.011
4682706.915 0.011
4690916.675 0.011
4699121.765 0.011
4707322.177 0.011
4715517.902 0.011
4723708.933 0.010
4731895.261 0.010
4740076.878 0.010
4748253.776 0.010
4756425.947 0.010
4764593.382 0.010
4772756.074 0.010
4780914.015 0.010
4789067.196 0.010
4797215.609 0.010
4805359.246 0.010
4813498.099 0.010
4821632.161 0.010
4829761.422 0.010
4837885.874 0.010
4846005.511 0.010
4854120.323 0.010
4862230.302 0.010
4870335.441 0.010
4878435.731 0.010
4886531.164 0.010
4894621.733 0.010
4902707.429 0.010
4910788.244 0.010
4918864.170 0.010
4926935.199 0.010
4935001.323 0.010
4943062.534 0.010
4951118.824 0.010
4959170.185 0.010
4967216.609 0.009
4975258.088 0.009
4983294.613 0.009
4991326.178 0.009
4999352.774 0.009
5007374.392 0.009
5015391.026 0.009
5023402.666 0.009
5031409.306 0.009
5039410.936 0.009
5047407.550 0.009
5055399.139 0.009
5063385.695 0.009
5071367.210 0.009
5079343.676 0.009
5087315.086 0.009
5095281.431 0.009
5103242.704 0.009
5111198.896 0.009
5119150.000 0.009
5127096.008 0.009
5135036.911 0.009
5142972.702 0.009
5150903.374 0.009
5158828.917 0.009
5166749.325 0.009
5174664.589 0.009
5182574.702 0.009
5190479.655 0.009
5198379.441 0.009
5206274.051 0.009
5214163.479 0.009
5222047.716 0.009
5229926.755 0.009
5237800.586 0.009
5245669.204 0.009
5253532.599 0.008
5261390.764 0.008
5269243.692 0.008
5277091.374 0.008
5284933.802 0.008
5292770.969 0.008
5300602.867 0.008
5308429.489 0.008
5316250.825 0.008
5324066.869 0.008
5331877.613 0.008
0.0 0.0 0.0
0.0 0.0 0.0
0.0 0.0 0.0
0.0 0.0 0.0
0.0 0.0 0.0
0.0 0.0 0.0
0.0 0.0 0.0
0.0 0.0 0.0
0.0 0.0 0.0
0.0 0.0 0.0
0.0 0.0 0.0
0.0 0.0 0.0
0.0 0.0 0.0
0.0 0.0 0.0
0.0 0.0 0.0
0.0 0.0 0.0
0.0 0.0 0.0
0.0 0.0 0.0
0.0 0.0 0.0
0.0 0.0 0.0
0.0 0.0 0.0
0.0 0.0 0.0
0.0 0.0 0.0
0.0 0.0 0.0
0.0 0.0 0.0
0.0 0.0 0.0
0.0 0.0 0.0
0.0 0.0 0.0
0.0 0.0 0.0
0.0 0.0 0.0
0.0 0.0 0.0
0.0 0.0 0.0
0.0 0.0 0.0
0.0 0.0 0.0
0.0 0.0 0.0
0.0 0.0 0.0
0.0 0.0 0.0
0.0 0.0 0.0
0.0 0.0 0.0
0.0 0.0 0.0
0.0 0.0 0.0
0.0 0.0 0.0
0.0 0.0 0.0
0.0 0.0 0.0
0.0 0.0 0.0
0.0 0.0 0.0
0.0 0.0 0.0
0.0 0.0 0.0
0.0 0.0 0.0
0.0 0.0 0.0
0.0 0.0 0.0
0.0 0.0 0.0
0.0 0.0 0.0
0.0 0.0 0.0
0.0 0.0 0.0
0.0 0.0 0.0
0.0 0.0 0.0
0.0 0.0 0.0
0.0 0.0 0.0
0.0 0.0 0.0
0.0 0.0 0.0
0.0 0.0 0.0
0.0 0.0 0.0
0.0 0.0 0.0
0.0 0.0 0.0
0.0 0.0 0.0
0.0 0.0 0.0
0.0 0.0 0.0
0.0 0.0 0.0
0.0 0.0 0.0
0.0 0.0 0.0
0.0 0.0 0.0
0.0 0.0 0.0
0.0 0.0 0.0
0.0 0.0 0.0
0.0 0.0 0.0
0.0 0.0 0.0
0.0 0.0 0.0
0.0 0.0 0.0
0.0 0.0 0.0
0.0 0.0 0.0
0.0 0.0 0.0
0.0 0.0 0.0
0.0 0.0 0.0
0.0 0.0 0.0
0.0 0.0 0.0
0.0 0.0 0.0
0.0 0.0 0.0
0.0 0.0 0.0
0.0 0.0 0.0
0.0 0.0 0.0
0.0 0.0 0.0
0.0 0.0 0.0
0.0 0.0 0.0
0.0 0.0 0.0
0.0 0.0 0.0
0.0 0.0 0.0
0.0 0.0 0.0
0.0 0.0 0.0
0.0 0.0 0.0
0.0 0.0 0.0
0.0 0.0 0.0
0.0 0.0 0.0
0.0 0.0 0.0
0.0 0.0 0.0
0.0 0.0 0.0
0.0 0.0 0.0
0.0 0.0 0.0
0.0 0.0 0.0
0.0 0.0 0.0
0.0 0.0 0.0
0.0 0.0 0.0
0.0 0.0 0.0
0.0 0.0 0.0
0.0 0.0 0.0
0.0 0.0 0.0
0.0 0.0 0.0
0.0 0.0 0.0
0.0 0.0 0.0
0.0 0.0 0.0
0.0 0.0 0.0
0.0 0.0 0.0
0.0 0.0 0.0
0.0 0.0 0.0
0.0 0.0 0.0
0.0 0.0 0.0
0.0 0.0 0.0
0.0 0.0 0.0
0.0 0.0 0.0
0.0 0.0 0.0
0.0 0.0 0.0
0.0 0.0 0.0
0.0 0.0 0.0
0.0 0.0 0.0
0.0 0.0 0.0
0.0 0.0 0.0
0.0 0.0 0.0
0.0 0.0 0.0
0.0 0.0 0.0
0.0 0.0 0.0
0.0 0.0 0.0
0.0 0.0 0.0
0.0 0.0 0.0
0.0 0.0 0.0
0.0 0.0 0.0
0.0 0.0 0.0
0.0 0.0 0.0
0.0 0.0 0.0
0.0 0.0 0.0
0.0 0.0 0.0
0.0 0.0 0.0
0.0 0.0 0.0
0.0 0.0 0.0
0.0 0.0 0.0
0.0 0.0 0.0
0.0 0.0 0.0
0.0 0.0 0.0
0.0 0.0 0.0
0.0 0.0 0.0
0.0 0.0 0.0
0.0 0.0 0.0
0.0 0.0 0.0
0.0 0.0 0.0
0.0 0.0 0.0
0.0 0.0 0.0
0.0 0.0 0.0
0.0 0.0 0.0
0.0 0.0 0.0
0.0 0.0 0.0
0.0 0.0 0.0
5328232.477 0.008
5315336.788 0.008
5302435.808 0.008
5289529.550 0.008
5276618.026 0.008
5263701.250 0.008
5250779.235 0.009
5237851.993 0.009
5224919.537 0.009
5211981.880 0.009
5199039.036 0.009
5186091.016 0.009
5173137.833 0.009
5160179.502 0.009
5147216.034 0.009
5134247.442 0.009
5121273.740 0.009
5108294.940 0.009
5095311.055 0.009
5082322.099 0.009
5069328.083 0.009
5056329.021 0.009
5043324.927 0.009
5030315.812 0.009
5017301.690 0.009
5004282.574 0.009
4991258.477 0.009
4978229.411 0.009
4965195.390 0.010
4952156.427 0.010
4939112.534 0.010
4926063.725 0.010
4913010.012 0.010
4899951.410 0.010
4886887.929 0.010
4873819.585 0.010
4860746.389 0.010
4847668.355 0.010
4834585.495 0.010
4821497.824 0.010
4808405.352 0.010
4795308.095 0.010
4782206.065 0.010
4769099.274 0.010
4755987.736 0.010
4742871.465 0.010
4729750.472 0.010
4716624.771 0.011
4703494.376 0.011
4690359.298 0.011
4677219.552 0.011
4664075.151 0.011
4650926.107 0.011
4637772.433 0.011
4624614.143 0.011
4611451.250 0.011
4598283.767 0.011
4585111.706 0.011
4571935.082 0.011
4558753.907 0.011
4545568.194 0.011
4532377.957 0.011
4519183.208 0.011
4505983.961 0.012
4492780.229 0.012
4479572.025 0.012
4466359.362 0.012
4453142.254 0.012
4439920.713 0.012
4426694.752 0.012
4413464.385 0.012
4400229.626 0.012
4386990.486 0.012
4373746.980 0.012
4360499.120 0.012
4347246.920 0.012
4333990.393 0.012
4320729.552 0.013
4307464.410 0.013
4294194.981 0.013
4280921.278 0.013
4267643.313 0.013
4254361.101 0.013
4241074.653 0.013
4227783.985 0.013
4214489.108 0.013
4201190.037 0.013
4187886.784 0.013
4174579.362 0.013
4161267.785 0.014
4147952.066 0.014
4134632.219 0.014
4121308.256 0.014
4107980.191 0.014
4094648.036 0.014
4081311.807 0.014
4067971.515 0.014
4054627.174 0.014
4041278.797 0.014
4027926.398 0.014
4014569.989 0.014
4001209.585 0.015
3987845.198 0.015
3974476.841 0.015
3961104.529 0.015
3947728.274 0.015
3934348.089 0.015
3920963.989 0.015
3907575.986 0.015
3894184.093 0.015
3880788.325 0.016
3867388.694 0.016
3853985.213 0.016
3840577.896 0.016
3827166.757 0.016
3813751.808 0.016
3800333.063 0.016
3786910.536 0.016
3773484.239 0.016
3760054.187 0.017
3746620.392 0.017
3733182.868 0.017
3719741.628 0.017
3706296.685 0.017
3692848.054 0.017
3679395.747 0.017
3665939.778 0.017
3652480.160 0.017
3639016.906 0.018
3625550.031 0.018
3612079.546 0.018
3598605.467 0.018
3585127.806 0.018
3571646.576 0.018
3558161.792 0.018
3544673.466 0.019
3531181.612 0.019
3517686.243 0.019
3504187.373 0.019
3490685.015 0.019
3477179.182 0.019
3463669.889 0.019
3450157.148 0.020
3436640.974 0.020
3423121.378 0.020
3409598.376 0.020
3396071.980 0.020
3382542.204 0.020
3369009.061 0.021
3355472.564 0.021
3341932.729 0.021
3328389.566 0.021
3314843.091 0.021
3301293.317 0.021
3287740.257 0.022
3274183.924 0.022
3260624.333 0.022
3247061.496 0.022
3233495.427 0.022
3219926.140 0.022
3206353.648 0.023
3192777.965 0.023
3179199.104 0.023
3165617.079 0.023
3152031.903 0.023
3138443.590 0.024
3124852.153 0.024
3111257.606 0.024
3097659.962 0.024
3084059.235 0.024
3070455.438 0.025
3056848.586 0.025
3043238.691 0.025
3029625.767 0.025
3016009.827 0.026
3002390.886 0.026
2988768.956 0.026
2975144.052 0.026
2961516.187 0.026
2947885.373 0.027
2934251.626 0.027
2920614.959 0.027
2906975.384 0.027
2893332.917 0.028
2879687.569 0.028
2866039.355 0.028
2852388.289 0.029
2838734.384 0.029
2825077.653 0.029
2811418.111 0.029
2797755.770 0.030
2784090.645 0.030
2770422.749 0.030
2756752.096 0.030
2743078.698 0.031
2729402.571 0.031
2715723.727 0.031
2702042.180 0.032
2688357.944 0.032
2674671.032 0.032
2660981.458 0.033
2647289.235 0.033
2633594.378 0.033
2619896.900 0.034
2606196.814 0.034
2592494.134 0.034
2578788.873 0.035
2565081.047 0.035
2551370.667 0.036
2537657.748 0.036
2523942.303 0.036
2510224.346 0.037
2496503.891 0.037
2482780.951 0.037
2469055.540 0.038
2455327.671 0.038
2441597.359 0.039
2427864.617 0.039
2414129.458 0.040
2400391.897 0.040
2386651.947 0.040
2372909.621 0.041
2359164.933 0.041
2345417.898 0.042
2331668.528 0.042
2317916.838 0.043
2304162.840 0.043
2290406.550 0.044
2276647.979 0.044
2262887.143 0.045
2249124.055 0.045
2235358.728 0.046
2221591.176 0.047
2207821.414 0.047
2194049.454 0.048
2180275.310 0.048
2166498.996 0.049
2152720.526 0.049
2138939.914 0.050
2125157.173 0.051
2111372.316 0.051
2097585.358 0.052
2083796.313 0.053
2070005.194 0.053
2056212.014 0.054
2042416.788 0.055
2028619.530 0.056
2014820.252 0.056
2001018.969 0.057
1987215.694 0.058
1973410.442 0.059
1959603.226 0.059
1945794.059 0.060
1931982.956 0.061
1918169.930 0.062
1904354.995 0.063
1890538.164 0.064
1876719.452 0.065
1862898.873 0.066
1849076.439 0.066
1835252.165 0.067
1821426.064 0.068
1807598.151 0.069
1793768.438 0.070
1779936.940 0.072
1766103.671 0.073
1752268.644 0.074
1738431.874 0.075
1724593.373 0.076
1710753.155 0.077
1696911.235 0.078
1683067.626 0.080
1669222.342 0.081
1655375.397 0.082
1641526.804 0.084
1627676.578 0.085
1613824.732 0.086
1599971.279 0.088
1586116.234 0.089
1572259.611 0.091
1558401.423 0.092
1544541.684 0.094
1530680.407 0.095
1516817.607 0.097
1502953.298 0.099
1489087.493 0.101
1475220.206 0.102
1461351.450 0.104
1447481.241 0.106
1433609.590 0.108
1419736.513 0.110
1405862.023 0.112
1391986.134 0.114
1378108.860 0.116
1364230.214 0.119
1350350.210 0.121
1336468.862 0.123
1322586.184 0.126
1308702.190 0.128
1294816.894 0.131
1280930.309 0.133
1267042.449 0.136
1253153.328 0.139
1239262.959 0.142
1225371.358 0.145
1211478.537 0.148
1197584.510 0.151
1183689.292 0.154
1169792.895 0.158
1155895.334 0.161
1141996.623 0.165
1128096.775 0.168
1114195.805 0.172
1100293.726 0.176
1086390.551 0.180
1072486.296 0.184
1058580.973 0.189
1044674.597 0.193
1030767.181 0.198
1016858.739 0.203
1002949.285 0.208
989038.833 0.213
975127.397 0.218
961214.990 0.224
947301.626 0.230
933387.320 0.236
919472.085 0.242
905555.935 0.248
891638.884 0.255
877720.945 0.262
863802.133 0.269
849882.461 0.277
835961.943 0.284
822040.593 0.293
808118.425 0.301
794195.453 0.310
780271.691 0.319
766347.152 0.328
752421.850 0.338
738495.800 0.348
724569.015 0.359
710641.508 0.370
696713.294 0.381
682784.387 0.393
668854.801 0.406
654924.549 0.419
640993.645 0.433
627062.103 0.447
613129.937 0.461
599197.161 0.477
585263.788 0.492
571329.833 0.509
557395.310 0.526
543460.231 0.544
529524.612 0.562
515588.466 0.581
501651.807 0.601
487714.649 0.621
473777.005 0.642
459838.890 0.664
445900.317 0.686
431961.300 0.708
418021.854 0.731
404081.991 0.754
390141.726 0.777
376201.073 0.800
362260.046 0.823
348318.658 0.846
334376.924 0.867
320434.857 0.888
306492.470 0.908
292549.779 0.926
278606.797 0.943
264663.537 0.957
250720.014 0.969
236776.242 0.979
222832.234 0.987
208888.004 0.992
194943.566 0.996
180998.934 0.998
167054.123 0.999
153109.144 1.000
139164.014 1.000
125218.745 1.000
111273.351 1.000
97327.847 1.000
83382.246 1.000
69436.562 1.000
55490.808 1.000
41545.000 1.000
27599.150 1.000
13653.273 1.000
292.618 1.000
14238.509 1.000
28184.385 1.000
42130.234 1.000
56076.040 1.000
70021.791 1.000
83967.472 1.000
97913.069 1.000
111858.569 1.000
125803.958 1.000
139749.221 1.000
153694.346 1.000
167639.317 0.999
181584.122 0.998
195528.745 0.996
209473.175 0.992
223417.396 0.987
237361.394 0.979
251305.157 0.969
265248.669 0.957
279191.917 0.942
293134.887 0.926
307077.566 0.907
321019.939 0.888
334961.993 0.867
348903.713 0.845
362845.086 0.822
376786.098 0.799
390726.735 0.776
404666.984 0.753
418606.829 0.730
432546.258 0.707
446485.256 0.685
460423.811 0.663
474361.907 0.641
488299.531 0.620
502236.668 0.600
516173.307 0.580
530109.431 0.561
544045.028 0.543
557980.084 0.525
571914.584 0.508
585848.515 0.492
599781.863 0.476
613714.615 0.461
627646.755 0.446
641578.271 0.432
655509.149 0.418
669439.374 0.405
683368.933 0.393
697297.812 0.381
711225.997 0.369
725153.474 0.358
739080.230 0.348
753006.250 0.338
766931.521 0.328
780856.028 0.318
794779.759 0.309
808702.698 0.301
822624.833 0.292
836546.149 0.284
850466.633 0.276
864386.271 0.269
878305.048 0.262
892222.951 0.255
906139.966 0.248
920056.080 0.242
933971.278 0.235
947885.547 0.229
961798.872 0.224
975711.240 0.218
989622.638 0.213
1003533.050 0.208
1017442.464 0.203
1031350.865 0.198
1045258.240 0.193
1059164.575 0.189
1073069.856 0.184
1086974.069 0.180
1100877.200 0.176
1114779.236 0.172
1128680.163 0.168
1142579.966 0.164
1156478.632 0.161
1170376.148 0.157
1184272.499 0.154
1198167.671 0.151
1212061.651 0.148
1225954.425 0.145
1239845.979 0.142
1253736.299 0.139
1267625.372 0.136
1281513.183 0.133
1295399.718 0.131
1309284.965 0.128
1323168.909 0.126
1337051.536 0.123
1350932.833 0.121
1364812.785 0.118
1378691.379 0.116
1392568.602 0.114
1406444.438 0.112
1420318.875 0.110
1434191.898 0.108
1448063.495 0.106
1461933.650 0.104
1475802.351 0.102
1489669.583 0.100
1503535.332 0.099
1517399.586 0.097
1531262.329 0.095
1545123.549 0.094
1558983.231 0.092
1572841.362 0.091
1586697.928 0.089
1600552.914 0.088
1614406.309 0.086
1628258.096 0.085
1642108.263 0.083
1655956.797 0.082
1669803.682 0.081
1683648.906 0.080
1697492.454 0.078
1711334.313 0.077
1725174.469 0.076
1739012.909 0.075
1752849.618 0.074
1766684.583 0.073
1780517.789 0.071
1794349.224 0.070
1808178.874 0.069
1822006.724 0.068
1835832.761 0.067
1849656.971 0.066
1863479.341 0.065
1877299.856 0.065
1891118.504 0.064
1904935.269 0.063
1918750.139 0.062
1932563.099 0.061
1946374.137 0.060
1960183.238 0.059
1973990.388 0.059
1987795.573 0.058
2001598.781 0.057
2015399.997 0.056
2029199.208 0.056
2042996.399 0.055
2056791.557 0.054
2070584.669 0.053
2084375.720 0.053
2098164.698 0.052
2111951.587 0.051
2125736.375 0.051
2139519.047 0.050
2153299.591 0.049
2167077.991 0.049
2180854.236 0.048
2194628.310 0.048
2208400.201 0.047
2222169.893 0.047
2235937.375 0.046
2249702.632 0.045
2263465.650 0.045
2277226.416 0.044
2290984.916 0.044
2304741.136 0.043
2318495.063 0.043
2332246.682 0.042
2345995.981 0.042
2359742.946 0.041
2373487.562 0.041
2387229.817 0.040
2400969.696 0.040
2414707.186 0.040
2428442.273 0.039
2442174.944 0.039
2455905.185 0.038
2469632.981 0.038
2483358.321 0.037
2497081.189 0.037
2510801.573 0.037
2524519.458 0.036
2538234.831 0.036
2551947.678 0.035
2565657.987 0.035
2579365.742 0.035
2593070.930 0.034
2606773.538 0.034
2620473.553 0.034
2634170.959 0.033
2647865.745 0.033
2661557.896 0.033
2675247.398 0.032
2688934.239 0.032
2702618.403 0.032
2716299.879 0.031
2729978.652 0.031
2743654.708 0.031
2757328.034 0.030
2770998.616 0.030
2784666.441 0.030
2798331.496 0.030
2811993.765 0.029
2825653.237 0.029
2839309.897 0.029
2852963.732 0.028
2866614.728 0.028
2880262.871 0.028
2893908.149 0.028
2907550.547 0.027
2921190.052 0.027
2934826.650 0.027
2948460.327 0.027
2962091.071 0.026
2975718.868 0.026
2989343.703 0.026
3002965.564 0.026
3016584.437 0.026
3030200.309 0.025
3043813.165 0.025
3057422.992 0.025
3071029.777 0.025
3084633.507 0.024
3098234.167 0.024
3111831.744 0.024
3125426.225 0.024
3139017.596 0.024
3152605.843 0.023
3166190.954 0.023
3179772.914 0.023
3193351.710 0.023
3206927.328 0.023
3220499.756 0.022
3234068.979 0.022
3247634.984 0.022
3261197.757 0.022
3274757.286 0.022
3288313.556 0.022
3301866.554 0.021
3315416.266 0.021
3328962.680 0.021
3342505.781 0.021
3356045.557 0.021
3369581.993 0.021
3383115.076 0.020
3396644.793 0.020
3410171.130 0.020
3423694.074 0.020
3437213.611 0.020
3450729.728 0.020
3464242.412 0.019
3477751.648 0.019
3491257.424 0.019
3504759.727 0.019
3518258.542 0.019
3531753.856 0.019
3545245.656 0.019
3558733.928 0.018
3572218.660 0.018
3585699.837 0.018
3599177.446 0.018
3612651.474 0.018
3626121.907 0.018
3639588.732 0.018
3653051.936 0.017
3666511.505 0.017
3679967.426 0.017
3693419.685 0.017
3706868.269 0.017
3720313.164 0.017
3733754.358 0.017
3747191.837 0.017
3760625.587 0.017
3774055.596 0.016
3787481.849 0.016
3800904.333 0.016
3814323.036 0.016
3827737.944 0.016
3841149.042 0.016
3854556.319 0.016
3867959.761 0.016
3881359.353 0.016
3894755.084 0.015
3908146.940 0.015
3921534.907 0.015
3934918.972 0.015
3948299.121 0.015
3961675.342 0.015
3975047.622 0.015
3988415.946 0.015
4001780.301 0.015
4015140.675 0.014
4028497.054 0.014
4041849.424 0.014
4055197.773 0.014
4068542.087 0.014
4081882.352 0.014
4095218.556 0.014
4108550.686 0.014
4121878.727 0.014
4135202.667 0.014
4148522.493 0.014
4161838.191 0.013
4175149.748 0.013
4188457.150 0.013
4201760.385 0.013
4215059.440 0.013
4228354.300 0.013
4241644.954 0.013
4254931.386 0.013
4268213.586 0.013
4281491.538 0.013
4294765.230 0.013
4308034.650 0.013
4321299.782 0.013
4334560.615 0.012
4347817.136 0.012
4361069.330 0.012
4374317.185 0.012
4387560.687 0.012
4400799.824 0.012
4414034.582 0.012
4427264.949 0.012
4440490.910 0.012
4453712.453 0.012
4466929.565 0.012
4480142.232 0.012
4493350.442 0.012
4506554.181 0.012
4519753.435 0.011
4532948.193 0.011
4546138.441 0.011
4559324.165 0.011
4572505.353 0.011
4585681.991 0.011
4598854.066 0.011
4612021.566 0.011
4625184.477 0.011
4638342.786 0.011
4651496.480 0.011
4664645.546 0.011
4677789.971 0.011
4690929.741 0.011
4704064.844 0.011
4717195.267 0.011
4730320.996 0.010
4743442.019 0.010
4756558.322 0.010
4769669.892 0.010
4782776.717 0.010
4795878.783 0.010
4808976.077 0.010
4822068.586 0.010
4835156.298 0.010
4848239.199 0.010
4861317.275 0.010
4874390.516 0.010
4887458.906 0.010
4900522.433 0.010
4913581.085 0.010
4926634.847 0.010
4939683.708 0.010
4952727.654 0.010
4965766.672 0.010
4978800.750 0.009
4991829.874 0.009
5004854.031 0.009
5017873.208 0.009
5030887.393 0.009
5043896.573 0.009
5056900.733 0.009
5069899.863 0.009
5082893.948 0.009
5095882.976 0.009
5108866.934 0.009
5121845.808 0.009
5134819.587 0.009
5147788.256 0.009
5160751.804 0.009
5173710.217 0.009
5186663.483 0.009
5199611.588 0.009
5212554.519 0.009
5225492.264 0.009
5238424.811 0.009
5251352.145 0.009
5264274.254 0.008
5277191.126 0.008
5290102.747 0.008
5303009.105 0.008
5315910.187 0.008
5328805.979 0.008
5341696.470 0.008
0.0 0.0 0.0
0.0 0.0 0.0
0.0 0.0 0.0
0.0 0.0 0.0
0.0 0.0 0.0
0.0 0.0 0.0
0.0 0.0 0.0
0.0 0.0 0.0
0.0 0.0 0.0
0.0 0.0 0.0
0.0 0.0 0.0
0.0 0.0 0.0
0.0 0.0 0.0
0.0 0.0 0.0
0.0 0.0 0.0
0.0 0.0 0.0
0.0 0.0 0.0
0.0 0.0 0.0
0.0 0.0 0.0
0.0 0.0 0.0
0.0 0.0 0.0
0.0 0.0 0.0
0.0 0.0 0.0
0.0 0.0 0.0
0.0 0.0 0.0
0.0 0.0 0.0
0.0 0.0 0.0
0.0 0.0 0.0
0.0 0.0 0.0
0.0 0.0 0.0
0.0 0.0 0.0
0.0 0.0 0.0
0.0 0.0 0.0
0.0 0.0 0.0
0.0 0.0 0.0
0.0 0.0 0.0
0.0 0.0 0.0
0.0 0.0 0.0
0.0 0.0 0.0
0.0 0.0 0.0
0.0 0.0 0.0
0.0 0.0 0.0
0.0 0.0 0.0
0.0 0.0 0.0
0.0 0.0 0.0
0.0 0.0 0.0
0.0 0.0 0.0
0.0 0.0 0.0
0.0 0.0 0.0
0.0 0.0 0.0
0.0 0.0 0.0
0.0 0.0 0.0
0.0 0.0 0.0
0.0 0.0 0.0
0.0 0.0 0.0
0.0 0.0 0.0
0.0 0.0 0.0
0.0 0.0 0.0
0.0 0.0 0.0
0.0 0.0 0.0
0.0 0.0 0.0
0.0 0.0 0.0
0.0 0.0 0.0
0.0 0.0 0.0
0.0 0.0 0.0
0.0 0.0 0.0
0.0 0.0 0.0
0.0 0.0 0.0
0.0 0.0 0.0
0.0 0.0 0.0
0.0 0.0 0.0
0.0 0.0 0.0
0.0 0.0 0.0
0.0 0.0 0.0
0.0 0.0 0.0
0.0 0.0 0.0
0.0 0.0 0.0
0.0 0.0 0.0
0.0 0.0 0.0
0.0 0.0 0.0
0.0 0.0 0.0
0.0 0.0 0.0
0.0 0.0 0.0
0.0 0.0 0.0
0.0 0.0 0.0
0.0 0.0 0.0
0.0 0.0 0.0
0.0 0.0 0.0
0.0 0.0 0.0
0.0 0.0 0.0
0.0 0.0 0.0
0.0 0.0 0.0
0.0 0.0 0.0
0.0 0.0 0.0
0.0 0.0 0.0
0.0 0.0 0.0
0.0 0.0 0.0
0.0 0.0 0.0
0.0 0.0 0.0
0.0 0.0 0.0
0.0 0.0 0.0
0.0 0.0 0.0
0.0 0.0 0.0
0.0 0.0 0.0
0.0 0.0 0.0
0.0 0.0 0.0
0.0 0.0 0.0
0.0 0.0 0.0
0.0 0.0 0.0
0.0 0.0 0.0
0.0 0.0 0.0
0.0 0.0 0.0
0.0 0.0 0.0
0.0 0.0 0.0
0.0 0.0 0.0
0.0 0.0 0.0
0.0 0.0 0.0
0.0 0.0 0.0
0.0 0.0 0.0
0.0 0.0 0.0
0.0 0.0 0.0
0.0 0.0 0.0
0.0 0.0 0.0
0.0 0.0 0.0
0.0 0.0 0.0
0.0 0.0 0.0
0.0 0.0 0.0
0.0 0.0 0.0
0.0 0.0 0.0
0.0 0.0 0.0
0.0 0.0 0.0
0.0 0.0 0.0
0.0 0.0 0.0
0.0 0.0 0.0
0.0 0.0 0.0
0.0 0.0 0.0
0.0 0.0 0.0
0.0 0.0 0.0
0.0 0.0 0.0
0.0 0.0 0.0
0.0 0.0 0.0
0.0 0.0 0.0
0.0 0.0 0.0
0.0 0.0 0.0
0.0 0.0 0.0
0.0 0.0 0.0
0.0 0.0 0.0
0.0 0.0 0.0
0.0 0.0 0.0
0.0 0.0 0.0
0.0 0.0 0.0
0.0 0.0 0.0
0.0 0.0 0.0
0.0 0.0 0.0
0.0 0.0 0.0
0.0 0.0 0.0
0.0 0.0 0.0
0.0 0.0 0.0
0.0 0.0 0.0
0.0 0.0 0.0
0.0 0.0 0.0
0.0 0.0 0.0
0.0 0.0 0.0
0.0 0.0 0.0
0.0 0.0 0.0
0.0 0.0 0.0
0.0 0.0 0.0
0.0 0.0 0.0
0.0 0.0 0.0
0.0 0.0 0.0
0.0 0.0 0.0
0.0 0.0 0.0
0.0 0.0 0.0
0.0 0.0 0.0
0.0 0.0 0.0
0.0 0.0 0.0
0.0 0.0 0.0
0.0 0.0 0.0
0.0 0.0 0.0
0.0 0.0 0.0
0.0 0.0 0.0
0.0 0.0 0.0
0.0 0.0 0.0
0.0 0.0 0.0
0.0 0.0 0.0
0.0 0.0 0.0
0.0 0.0 0.0
0.0 0.0 0.0
0.0 0.0 0.0
0.0 0.0 0.0
0.0 0.0 0.0
0.0 0.0 0.0
0.0 0.0 0.0
0.0 0.0 0.0
0.0 0.0 0.0
0.0 0.0 0.0
0.0 0.0 0.0
0.0 0.0 0.0
0.0 0.0 0.0
0.0 0.0 0.0
0.0 0.0 0.0
0.0 0.0 0.0
0.0 0.0 0.0
0.0 0.0 0.0
0.0 0.0 0.0
0.0 0.0 0.0
0.0 0.0 0.0
0.0 0.0 0.0
0.0 0.0 0.0
0.0 0.0 0.0
0.0 0.0 0.0
0.0 0.0 0.0
0.0 0.0 0.0
0.0 0.0 0.0
0.0 0.0 0.0
0.0 0.0 0.0
0.0 0.0 0.0
0.0 0.0 0.0
0.0 0.0 0.0
0.0 0.0 0.0
0.0 0.0 0.0
0.0 0.0 0.0
0.0 0.0 0.0
0.0 0.0 0.0
0.0 0.0 0.0
0.0 0.0 0.0
0.0 0.0 0.0
0.0 0.0 0.0
0.0 0.0 0.0
0.0 0.0 0.0
0.0 0.0 0.0
0.0 0.0 0.0
0.0 0.0 0.0
0.0 0.0 0.0
0.0 0.0 0.0
0.0 0.0 0.0
0.0 0.0 0.0
0.0 0.0 0.0
0.0 0.0 0.0
0.0 0.0 0.0
0.0 0.0 0.0
0.0 0.0 0.0
0.0 0.0 0.0
0.0 0.0 0.0
0.0 0.0 0.0
0.0 0.0 0.0
0.0 0.0 0.0
0.0 0.0 0.0
0.0 0.0 0.0
0.0 0.0 0.0
0.0 0.0 0.0
0.0 0.0 0.0
0.0 0.0 0.0
0.0 0.0 0.0
0.0 0.0 0.0
0.0 0.0 0.0
0.0 0.0 0.0
0.0 0.0 0.0
0.0 0.0 0.0
0.0 0.0 0.0
0.0 0.0 0.0
0.0 0.0 0.0
0.0 0.0 0.0
0.0 0.0 0.0
0.0 0.0 0.0
0.0 0.0 0.0
0.0 0.0 0.0
0.0 0.0 0.0
0.0 0.0 0.0
0.0 0.0 0.0
0.0 0.0 0.0
0.0 0.0 0.0
0.0 0.0 0.0
0.0 0.0 0.0
0.0 0.0 0.0
0.0 0.0 0.0
0.0 0.0 0.0
0.0 0.0 0.0
0.0 0.0 0.0
0.0 0.0 0.0
0.0 0.0 0.0
0.0 0.0 0.0
0.0 0.0 0.0
0.0 0.0 0.0
0.0 0.0 0.0
0.0 0.0 0.0
0.0 0.0 0.0
0.0 0.0 0.0
0.0 0.0 0.0
0.0 0.0 0.0
0.0 0.0 0.0
0.0 0.0 0.0
0.0 0.0 0.0
0.0 0.0 0.0
0.0 0.0 0.0
0.0 0.0 0.0
0.0 0.0 0.0
0.0 0.0 0.0
0.0 0.0 0.0
0.0 0.0 0.0
0.0 0.0 0.0
0.0 0.0 0.0
0.0 0.0 0.0
0.0 0.0 0.0
0.0 0.0 0.0
0.0 0.0 0.0
0.0 0.0 0.0
0.0 0.0 0.0
0.0 0.0 0.0
0.0 0.0 0.0
0.0 0.0 0.0
0.0 0.0 0.0
0.0 0.0 0.0
0.0 0.0 0.0
0.0 0.0 0.0
0.0 0.0 0.0
0.0 0.0 0.0
0.0 0.0 0.0
0.0 0.0 0.0
0.0 0.0 0.0
0.0 0.0 0.0
0.0 0.0 0.0
0.0 0.0 0.0
0.0 0.0 0.0
0.0 0.0 0.0
0.0 0.0 0.0
0.0 0.0 0.0
0.0 0.0 0.0
0.0 0.0 0.0
0.0 0.0 0.0
0.0 0.0 0.0
0.0 0.0 0.0
0.0 0.0 0.0
0.0 0.0 0.0
0.0 0.0 0.0
0.0 0.0 0.0
0.0 0.0 0.0
0.0 0.0 0.0
0.0 0.0 0.0
0.0 0.0 0.0
0.0 0.0 0.0
0.0 0.0 0.0
0.0 0.0 0.0
0.0 0.0 0.0
0.0 0.0 0.0
0.0 0.0 0.0
0.0 0.0 0.0
0.0 0.0 0.0
0.0 0.0 0.0
0.0 0.0 0.0
0.0 0.0 0.0
0.0 0.0 0.0
0.0 0.0 0.0
0.0 0.0 0.0
0.0 0.0 0.0
0.0 0.0 0.0
0.0 0.0 0.0
0.0 0.0 0.0
0.0 0.0 0.0
0.0 0.0 0.0
0.0 0.0 0.0
0.0 0.0 0.0
0.0 0.0 0.0
0.0 0.0 0.0
0.0 0.0 0.0
0.0 0.0 0.0
0.0 0.0 0.0
0.0 0.0 0.0
0.0 0.0 0.0
0.0 0.0 0.0
0.0 0.0 0.0
0.0 0.0 0.0
0.0 0.0 0.0
0.0 0.0 0.0
0.0 0.0 0.0
0.0 0.0 0.0
0.0 0.0 0.0
0.0 0.0 0.0
0.0 0.0 0.0
0.0 0.0 0.0
0.0 0.0 0.0
0.0 0.0 0.0
0.0 0.0 0.0
0.0 0.0 0.0
0.0 0.0 0.0
0.0 0.0 0.0
0.0 0.0 0.0
0.0 0.0 0.0
0.0 0.0 0.0
0.0 0.0 0.0
0.0 0.0 0.0
0.0 0.0 0.0
0.0 0.0 0.0
0.0 0.0 0.0
0.0 0.0 0.0
0.0 0.0 0.0
0.0 0.0 0.0
0.0 0.0 0.0
0.0 0.0 0.0
0.0 0.0 0.0
0.0 0.0 0.0
0.0 0.0 0.0
0.0 0.0 0.0
0.0 0.0 0.0
0.0 0.0 0.0
0.0 0.0 0.0
0.0 0.0 0.0
0.0 0.0 0.0
0.0 0.0 0.0
0.0 0.0 0.0
0.0 0.0 0.0
0.0 0.0 0.0
0.0 0.0 0.0
0.0 0.0 0.0
0.0 0.0 0.0
0.0 0.0 0.0
0.0 0.0 0.0
0.0 0.0 0.0
0.0 0.0 0.0
0.0 0.0 0.0
0.0 0.0 0.0
0.0 0.0 0.0
0.0 0.0 0.0
0.0 0.0 0.0
0.0 0.0 0.0
0.0 0.0 0.0
0.0 0.0 0.0
0.0 0.0 0.0
0.0 0.0 0.0
0.0 0.0 0.0
0.0 0.0 0.0
0.0 0.0 0.0
0.0 0.0 0.0
0.0 0.0 0.0
0.0 0.0 0.0
0.0 0.0 0.0
0.0 0.0 0.0
0.0 0.0 0.0
0.0 0.0 0.0
0.0 0.0 0.0
0.0 0.0 0.0
0.0 0.0 0.0
0.0 0.0 0.0
0.0 0.0 0.0
0.0 0.0 0.0
0.0 0.0 0.0
0.0 0.0 0.0
0.0 0.0 0.0
0.0 0.0 0.0
0.0 0.0 0.0
0.0 0.0 0.0
0.0 0.0 0.0
0.0 0.0 0.0
0.0 0.0 0.0
0.0 0.0 0.0
0.0 0.0 0.0
0.0 0.0 0.0
0.0 0.0 0.0
0.0 0.0 0.0
0.0 0.0 0.0
0.0 0.0 0.0
0.0 0.0 0.0
0.0 0.0 0.0
0.0 0.0 0.0
0.0 0.0 0.0
0.0 0.0 0.0
0.0 0.0 0.0
0.0 0.0 0.0
0.0 0.0 0.0
0.0 0.0 0.0
0.0 0.0 0.0
0.0 0.0 0.0
0.0 0.0 0.0
0.0 0.0 0.0
0.0 0.0 0.0
0.0 0.0 0.0
0.0 0.0 0.0
0.0 0.0 0.0
0.0 0.0 0.0
0.0 0.0 0.0
0.0 0.0 0.0
0.0 0.0 0.0
0.0 0.0 0.0
0.0 0.0 0.0
0.0 0.0 0.0
0.0 0.0 0.0
0.0 0.0 0.0
0.0 0.0 0.0
0.0 0.0 0.0
0.0 0.0 0.0
0.0 0.0 0.0
0.0 0.0 0.0
0.0 0.0 0.0
0.0 0.0 0.0
0.0 0.0 0.0
0.0 0.0 0.0
0.0 0.0 0.0
0.0 0.0 0.0
0.0 0.0 0.0
0.0 0.0 0.0
0.0 0.0 0.0
0.0 0.0 0.0
0.0 0.0 0.0
0.0 0.0 0.0
0.0 0.0 0.0
0.0 0.0 0.0
0.0 0.0 0.0
0.0 0.0 0.0
0.0 0.0 0.0
0.0 0.0 0.0
0.0 0.0 0.0
0.0 0.0 0.0
0.0 0.0 0.0
0.0 0.0 0.0
0.0 0.0 0.0
0.0 0.0 0.0
0.0 0.0 0.0
0.0 0.0 0.0
0.0 0.0 0.0
0.0 0.0 0.0
0.0 0.0 0.0
0.0 0.0 0.0
0.0 0.0 0.0
0.0 0.0 0.0
0.0 0.0 0.0
0.0 0.0 0.0
0.0 0.0 0.0
0.0 0.0 0.0
0.0 0.0 0.0
0.0 0.0 0.0
0.0 0.0 0.0
0.0 0.0 0.0
0.0 0.0 0.0
0.0 0.0 0.0
0.0 0.0 0.0
0.0 0.0 0.0
0.0 0.0 0.0
0.0 0.0 0.0
0.0 0.0 0.0
0.0 0.0 0.0
0.0 0.0 0.0
0.0 0.0 0.0
0.0 0.0 0.0
0.0 0.0 0.0
0.0 0.0 0.0
0.0 0.0 0.0
0.0 0.0 0.0
0.0 0.0 0.0
0.0 0.0 0.0
0.0 0.0 0.0
0.0 0.0 0.0
0.0 0.0 0.0
0.0 0.0 0.0
0.0 0.0 0.0
0.0 0.0 0.0
0.0 0.0 0.0
0.0 0.0 0.0
0.0 0.0 0.0
0.0 0.0 0.0
0.0 0.0 0.0
0.0 0.0 0.0
0.0 0.0 0.0
0.0 0.0 0.0
0.0 0.0 0.0
0.0 0.0 0.0
0.0 0.0 0.0
0.0 0.0 0.0
0.0 0.0 0.0
0.0 0.0 0.0
0.0 0.0 0.0
0.0 0.0 0.0
0.0 0.0 0.0
0.0 0.0 0.0
0.0 0.0 0.0
0.0 0.0 0.0
0.0 0.0 0.0
0.0 0.0 0.0
0.0 0.0 0.0
0.0 0.0 0.0
0.0 0.0 0.0
0.0 0.0 0.0
0.0 0.0 0.0
0.0 0.0 0.0
0.0 0.0 0.0
0.0 0.0 0.0
0.0 0.0 0.0
0.0 0.0 0.0
0.0 0.0 0.0
0.0 0.0 0.0
0.0 0.0 0.0
0.0 0.0 0.0
0.0 0.0 0.0
0.0 0.0 0.0
0.0 0.0 0.0
0.0 0.0 0.0
0.0 0.0 0.0
0.0 0.0 0.0
0.0 0.0 0.0
0.0 0.0 0.0
0.0 0.0 0.0
0.0 0.0 0.0
0.0 0.0 0.0
0.0 0.0 0.0
0.0 0.0 0.0
0.0 0.0 0.0
0.0 0.0 0.0
0.0 0.0 0.0
0.0 0.0 0.0
0.0 0.0 0.0
0.0 0.0 0.0
0.0 0.0 0.0
0.0 0.0 0.0
0.0 0.0 0.0
0.0 0.0 0.0
0.0 0.0 0.0
0.0 0.0 0.0
0.0 0.0 0.0
0.0 0.0 0.0
0.0 0.0 0.0
0.0 0.0 0.0
0.0 0.0 0.0
0.0 0.0 0.0
0.0 0.0 0.0
0.0 0.0 0.0
0.0 0.0 0.0
0.0 0.0 0.0
0.0 0.0 0.0
0.0 0.0 0.0
0.0 0.0 0.0
0.0 0.0 0.0
0.0 0.0 0.0
0.0 0.0 0.0
0.0 0.0 0.0
0.0 0.0 0.0
0.0 0.0 0.0
0.0 0.0 0.0
0.0 0.0 0.0
0.0 0.0 0.0
0.0 0.0 0.0
0.0 0.0 0.0
0.0 0.0 0.0
0.0 0.0 0.0
0.0 0.0 0.0
0.0 0.0 0.0
0.0 0.0 0.0
0.0 0.0 0.0
0.0 0.0 0.0
0.0 0.0 0.0
0.0 0.0 0.0
0.0 0.0 0.0
0.0 0.0 0.0
0.0 0.0 0.0
0.0 0.0 0.0
0.0 0.0 0.0
0.0 0.0 0.0
0.0 0.0 0.0
0.0 0.0 0.0
0.0 0.0 0.0
0.0 0.0 0.0
0.0 0.0 0.0
0.0 0.0 0.0
0.0 0.0 0.0
0.0 0.0 0.0
0.0 0.0 0.0
0.0 0.0 0.0
0.0 0.0 0.0
0.0 0.0 0.0
0.0 0.0 0.0
0.0 0.0 0.0
0.0 0.0 0.0
0.0 0.0 0.0
0.0 0.0 0.0
0.0 0.0 0.0
0.0 0.0 0.0
0.0 0.0 0.0
0.0 0.0 0.0
0.0 0.0 0.0
0.0 0.0 0.0
0.0 0.0 0.0
0.0 0.0 0.0
0.0 0.0 0.0
0.0 0.0 0.0
0.0 0.0 0.0
0.0 0.0 0.0
0.0 0.0 0.0
0.0 0.0 0.0
0.0 0.0 0.0
0.0 0.0 0.0
0.0 0.0 0.0
0.0 0.0 0.0
0.0 0.0 0.0
0.0 0.0 0.0
0.0 0.0 0.0
0.0 0.0 0.0
0.0 0.0 0.0
0.0 0.0 0.0
0.0 0.0 0.0
0.0 0.0 0.0
0.0 0.0 0.0
0.0 0.0 0.0
0.0 0.0 0.0
0.0 0.0 0.0
0.0 0.0 0.0
0.0 0.0 0.0
0.0 0.0 0.0
0.0 0.0 0.0
0.0 0.0 0.0
0.0 0.0 0.0
0.0 0.0 0.0
0.0 0.0 0.0
0.0 0.0 0.0
0.0 0.0 0.0
0.0 0.0 0.0
0.0 0.0 0.0
0.0 0.0 0.0
0.0 0.0 0.0
0.0 0.0 0.0
0.0 0.0 0.0
0.0 0.0 0.0
0.0 0.0 0.0
0.0 0.0 0.0
0.0 0.0 0.0
0.0 0.0 0.0
0.0 0.0 0.0
0.0 0.0 0.0
0.0 0.0 0.0
0.0 0.0 0.0
0.0 0.0 0.0
0.0 0.0 0.0
0.0 0.0 0.0
0.0 0.0 0.0
0.0 0.0 0.0
0.0 0.0 0.0
0.0 0.0 0.0
0.0 0.0 0.0
0.0 0.0 0.0
0.0 0.0 0.0
0.0 0.0 0.0
0.0 0.0 0.0
0.0 0.0 0.0
0.0 0.0 0.0
0.0 0.0 0.0
0.0 0.0 0.0
0.0 0.0 0.0
0.0 0.0 0.0
0.0 0.0 0.0
0.0 0.0 0.0
0.0 0.0 0.0
0.0 0.0 0.0
0.0 0.0 0.0
0.0 0.0 0.0
0.0 0.0 0.0
0.0 0.0 0.0
0.0 0.0 0.0
0.0 0.0 0.0
0.0 0.0 0.0
0.0 0.0 0.0
0.0 0.0 0.0
0.0 0.0 0.0
0.0 0.0 0.0
0.0 0.0 0.0
0.0 0.0 0.0
0.0 0.0 0.0
0.0 0.0 0.0
0.0 0.0 0.0
0.0 0.0 0.0
0.0 0.0 0.0
0.0 0.0 0.0
0.0 0.0 0.0
0.0 0.0 0.0
0.0 0.0 0.0
0.0 0.0 0.0
0.0 0.0 0.0
0.0 0.0 0.0
0.0 0.0 0.0
0.0 0.0 0.0
0.0 0.0 0.0
0.0 0.0 0.0
0.0 0.0 0.0
0.0 0.0 0.0
0.0 0.0 0.0
0.0 0.0 0.0
0.0 0.0 0.0
0.0 0.0 0.0
0.0 0.0 0.0
0.0 0.0 0.0
0.0 0.0 0.0
0.0 0.0 0.0
0.0 0.0 0.0
0.0 0.0 0.0
0.0 0.0 0.0
0.0 0.0 0.0
0.0 0.0 0.0
0.0 0.0 0.0
0.0 0.0 0.0
0.0 0.0 0.0
0.0 0.0 0.0
0.0 0.0 0.0
0.0 0.0 0.0
0.0 0.0 0.0
0.0 0.0 0.0
0.0 0.0 0.0
0.0 0.0 0.0
0.0 0.0 0.0
0.0 0.0 0.0
0.0 0.0 0.0
0.0 0.0 0.0
0.0 0.0 0.0
0.0 0.0 0.0
0.0 0.0 0.0
0.0 0.0 0.0
0.0 0.0 0.0
0.0 0.0 0.0
0.0 0.0 0.0
0.0 0.0 0.0
0.0 0.0 0.0
0.0 0.0 0.0
0.0 0.0 0.0
0.0 0.0 0.0
0.0 0.0 0.0
0.0 0.0 0.0
0.0 0.0 0.0
0.0 0.0 0.0
0.0 0.0 0.0
0.0 0.0 0.0
0.0 0.0 0.0
0.0 0.0 0.0
0.0 0.0 0.0
0.0 0.0 0.0
0.0 0.0 0.0
0.0 0.0 0.0
0.0 0.0 0.0
0.0 0.0 0.0
0.0 0.0 0.0
0.0 0.0 0.0
0.0 0.0 0.0
0.0 0.0 0.0
0.0 0.0 0.0
40.032 1420212.840 0.098760161
40.255 1415342.737 0.099199648
40.480 1410491.484 0.099641985
40.706 1405659.280 0.100087155
40.933 1400846.329 0.100535140
41.161 1396052.834 0.100985920
41.390 1391279.001 0.101439474
41.621 1386525.040 0.101895780
41.853 1381791.159 0.102354814
42.086 1377077.571 0.102816553
42.321 1372384.491 0.103280970
42.556 1367712.133 0.103748038
42.793 1363060.717 0.104217727
43.031 1358430.462 0.104690007
43.271 1353821.591 0.105164847
43.511 1349234.326 0.105642213
43.753 1344668.896 0.106122071
43.996 1340125.526 0.106604383
44.241 1335604.448 0.107089111
44.486 1331105.893 0.107576217
44.733 1326630.095 0.108065657
44.982 1322177.290 0.108557390
45.231 1317747.716 0.109051370
45.482 1313341.613 0.109547550
45.734 1308959.221 0.110045882
45.987 1304600.786 0.110546315
46.242 1300266.551 0.111048798
46.497 1295956.765 0.111553275
46.754 1291671.678 0.112059690
47.013 1287411.539 0.112567986
47.272 1283176.602 0.113078103
47.533 1278967.123 0.113589977
47.795 1274783.356 0.114103544
48.058 1270625.562 0.114618739
48.323 1266494.000 0.115135493
48.588 1262388.931 0.115653735
48.855 1258310.621 0.116173392
49.123 1254259.333 0.116694389
49.392 1250235.335 0.117216649
49.663 1246238.895 0.117740092
49.934 1242270.285 0.118264637
50.207 1238329.774 0.118790199
50.481 1234417.637 0.119316692
50.756 1230534.148 0.119844028
51.032 1226679.584 0.120372115
51.310 1222854.222 0.120900860
51.588 1219058.341 0.121430168
51.867 1215292.221 0.121959939
52.148 1211556.143 0.122490074
52.429 1207850.391 0.123020470
52.712 1204175.248 0.123551022
52.996 1200530.999 0.124081621
53.280 1196917.930 0.124612159
53.566 1193336.328 0.125142522
53.852 1189786.481 0.125672596
54.140 1186268.677 0.126202264
54.428 1182783.207 0.126731406
54.717 1179330.361 0.127259900
55.007 1175910.429 0.127787623
55.298 1172523.704 0.128314448
55.589 1169170.476 0.128840247
55.881 1165851.039 0.129364887
56.174 1162565.686 0.129888237
56.468 1159314.710 0.130410161
56.762 1156098.404 0.130930521
57.057 1152917.061 0.131449178
57.352 1149770.975 0.131965991
57.648 1146660.441 0.132480814
57.944 1143585.749 0.132993504
58.241 1140547.195 0.133503912
58.538 1137545.071 0.134011890
58.835 1134579.668 0.134517285
59.133 1131651.279 0.135019945
59.430 1128760.195 0.135519715
59.728 1125906.705 0.136016440
60.026 1123091.100 0.136509961
60.324 1120313.668 0.137000120
60.622 1117574.697 0.137486756
60.919 1114874.472 0.137969707
61.216 1112213.279 0.138448811
61.513 1109591.401 0.138923904
61.810 1107009.120 0.139394821
62.106 1104466.717 0.139861396
62.402 1101964.469 0.140323463
62.696 1099502.655 0.140780854
62.990 1097081.548 0.141233403
63.284 1094701.421 0.141680941
63.576 1092362.544 0.142123300
63.867 1090065.186 0.142560311
64.157 1087809.611 0.142991806
64.445 1085596.082 0.143417616
64.733 1083424.859 0.143837574
65.018 1081296.199 0.144251512
65.302 1079210.356 0.144659262
65.584 1077167.581 0.145060658
65.864 1075168.122 0.145455534
66.142 1073212.221 0.145843725
66.417 1071300.121 0.146225067
66.690 1069432.058 0.146599399
66.960 1067608.264 0.146966559
67.228 1065828.968 0.147326387
67.492 1064094.397 0.147678725
67.754 1062404.770 0.148023418
68.011 1060760.303 0.148360311
68.266 1059161.210 0.148689253
68.516 1057607.696 0.149010094
68.763 1056099.965 0.149322688
69.005 1054638.214 0.149626889
69.242 1053222.637 0.149922557
69.475 1051853.421 0.150209552
69.704 1050530.748 0.150487739
69.926 1049254.796 0.150756985
70.144 1048025.737 0.151017163
70.356 1046843.736 0.151268146
70.562 1045708.955 0.151509812
70.761 1044621.548 0.151742044
70.954 1043581.665 0.151964728
71.141 1042589.448 0.152177753
71.320 1041645.035 0.152381015
71.492 1040748.556 0.152574411
71.657 1039900.136 0.152757845
71.814 1039099.895 0.152931225
71.963 1038347.943 0.153094463
72.103 1037644.386 0.153247475
72.235 1036989.323 0.153390186
72.359 1036382.848 0.153522520
72.473 1035825.044 0.153644411
72.578 1035315.993 0.153755795
72.673 1034855.765 0.153856616
72.759 1034444.426 0.153946821
72.835 1034082.035 0.154026364
72.902 1033768.644 0.154095203
72.958 1033504.297 0.154153302
73.004 1033289.031 0.154200631
73.039 1033122.878 0.154237166
73.064 1033005.862 0.154262887
73.079 1032937.998 0.154277781
73.084 1032919.296 0.154281841
73.077 1032949.759 0.154275063
73.061 1033029.382 0.154257453
73.034 1033158.153 0.154229018
72.996 1033336.054 0.154189774
72.948 1033563.059 0.154139741
72.890 1033839.135 0.154078946
72.822 1034164.242 0.154007420
72.745 1034538.334 0.153925200
72.657 1034961.356 0.153832330
72.560 1035433.248 0.153728856
72.453 1035953.943 0.153614833
72.337 1036523.365 0.153490320
72.212 1037141.435 0.153355380
72.079 1037808.063 0.153210083
71.937 1038523.156 0.153054503
71.786 1039286.613 0.152888718
71.628 1040098.326 0.152712814
71.462 1040958.180 0.152526879
71.289 1041866.057 0.152331007
71.108 1042821.828 0.152125294
70.920 1043825.362 0.151909845
70.726 1044876.518 0.151684766
70.525 1045975.153 0.151450167
70.319 1047121.115 0.151206164
70.106 1048314.248 0.150952876
69.887 1049554.389 0.150690425
69.664 1050841.371 0.150418938
69.435 1052175.019 0.150138544
69.201 1053555.155 0.149849376
68.962 1054981.594 0.149551572
68.720 1056454.148 0.149245270
68.472 1057972.622 0.148930613
68.221 1059536.816 0.148607746
67.967 1061146.527 0.148276816
67.708 1062801.545 0.147937973
67.446 1064501.658 0.147591371
67.181 1066246.647 0.147237163
66.914 1068036.291 0.146875505
66.643 1069870.362 0.146506557
66.370 1071748.632 0.146130478
66.094 1073670.865 0.145747429
65.816 1075636.823 0.145357574
65.536 1077646.266 0.144961076
65.253 1079698.947 0.144558101
64.969 1081794.618 0.144148814
64.684 1083933.028 0.143733382
64.396 1086113.920 0.143311972
64.108 1088337.038 0.142884753
63.818 1090602.120 0.142451893
63.526 1092908.903 0.142013559
63.234 1095257.121 0.141569921
62.941 1097646.504 0.141121146
62.647 1100076.782 0.140667404
62.352 1102547.681 0.140208861
62.057 1105058.927 0.139745685
61.761 1107610.241 0.139278044
61.464 1110201.344 0.138806103
61.167 1112831.956 0.138330028
60.870 1115501.794 0.137849983
60.572 1118210.574 0.137366132
60.275 1120958.010 0.136878638
59.977 1123743.815 0.136387662
59.680 1126567.702 0.135893363
59.382 1129429.382 0.135395901
59.084 1132328.564 0.134895432
58.787 1135264.959 0.134392113
58.490 1138238.274 0.133886098
58.193 1141248.218 0.133377538
57.897 1144294.499 0.132866586
57.601 1147376.822 0.132353388
57.305 1150494.895 0.131838094
57.010 1153648.425 0.131320847
56.716 1156837.118 0.130801790
56.422 1160060.680 0.130281066
56.129 1163318.817 0.129758813
55.836 1166611.237 0.129235167
55.544 1169937.645 0.128710264
55.253 1173297.750 0.128184235
54.962 1176691.258 0.127657212
54.673 1180117.878 0.127129323
54.384 1183577.317 0.126600693
54.096 1187069.286 0.126071445
53.809 1190593.493 0.125541702
53.523 1194149.650 0.125011581
53.238 1197737.467 0.124481199
52.953 1201356.657 0.123950670
52.670 1205006.933 0.123420107
52.388 1208688.009 0.122889618
52.107 1212399.601 0.122359310
51.827 1216141.425 0.121829288
51.547 1219913.198 0.121299654
51.269 1223714.639 0.120770509
50.992 1227545.468 0.120241948
50.717 1231405.407 0.119714069
50.442 1235294.178 0.119186962
50.168 1239211.506 0.118660720
49.896 1243157.115 0.118135429
49.625 1247130.734 0.117611176
49.355 1251132.090 0.117088044
49.086 1255160.914 0.116566114
48.818 1259216.937 0.116045465
48.552 1263299.894 0.115526174
48.287 1267409.518 0.115008315
48.023 1271545.548 0.114491961
47.760 1275707.721 0.113977182
47.498 1279895.777 0.113464045
47.238 1284109.459 0.112952616
46.979 1288348.510 0.112442960
46.721 1292612.676 0.111935138
46.464 1296901.705 0.111429209
46.209 1301215.345 0.110925232
45.955 1305553.348 0.110423261
45.702 1309915.467 0.109923352
45.450 1314301.456 0.109425554
45.200 1318711.074 0.108929919
44.951 1323144.078 0.108436495
44.703 1327600.229 0.107945327
44.456 1332079.290 0.107456461
44.211 1336581.025 0.106969939
43.967 1341105.201 0.106485802
43.724 1345651.588 0.106004089
43.483 1350219.954 0.105524839
43.242 1354810.073 0.105048087
43.003 1359421.719 0.104573868
42.766 1364054.668 0.104102214
42.529 1368708.700 0.103633157
42.294 1373383.594 0.103166728
42.060 1378079.133 0.102702954
41.827 1382795.101 0.102241863
41.595 1387531.285 0.101783480
41.365 1392287.473 0.101327831
41.136 1397063.455 0.100874936
40.908 1401859.024 0.100424820
40.682 1406673.974 0.099977501
40.456 1411508.101 0.099533000
40.232 1416361.204 0.099091334
40.009 1421233.082 0.098652521
39.787 1426123.538 0.098216575
39.567 1431032.376 0.097783513
39.348 1435959.401 0.097353346
39.129 1440904.422 0.096926089
38.912 1445867.249 0.096501752
38.697 1450847.693 0.096080347
38.482 1455845.567 0.095661882
38.269 1460860.688 0.095246366
38.056 1465892.872 0.094833808
37.845 1470941.939 0.094424214
37.635 1476007.710 0.094017590
37.427 1481090.008 0.093613942
37.219 1486188.658 0.093213274
37.012 1491303.485 0.092815589
36.807 1496434.320 0.092420891
36.603 1501580.991 0.092029182
36.400 1506743.330 0.091640464
36.198 1511921.173 0.091254737
35.997 1517114.353 0.090872001
35.797 1522322.708 0.090492257
35.598 1527546.077 0.090115503
35.400 1532784.301 0.089741737
35.204 1538037.222 0.089370958
35.008 1543304.684 0.089003163
34.814 1548586.533 0.088638348
34.621 1553882.617 0.088276510
34.428 1559192.783 0.087917645
34.237 1564516.884 0.087561748
34.047 1569854.771 0.087208814
33.858 1575206.298 0.086858837
33.670 1580571.320 0.086511812
33.482 1585949.695 0.086167732
33.296 1591341.282 0.085826590
33.111 1596745.940 0.085488380
32.927 1602163.531 0.085153094
32.744 1607593.918 0.084820725
32.562 1613036.966 0.084491264
32.381 1618492.542 0.084164703
32.201 1623960.512 0.083841033
32.021 1629440.746 0.083520246
31.843 1634933.115 0.083202333
31.666 1640437.491 0.082887284
31.489 1645953.746 0.082575090
31.314 1651481.756 0.082265740
31.140 1657021.397 0.081959226
30.966 1662572.546 0.081655536
30.793 1668135.083 0.081354660
30.622 1673708.888 0.081056589
30.451 1679293.841 0.080761310
30.281 1684889.827 0.080468814
30.112 1690496.730 0.080179090
29.944 1696114.434 0.079892126
29.777 1701742.827 0.079607911
29.610 1707381.796 0.079326434
29.445 1713031.231 0.079047684
29.280 1718691.023 0.078771649
29.117 1724361.063 0.078498318
28.954 1730041.245 0.078227679
28.792 1735731.461 0.077959721
28.630 1741431.608 0.077694431
28.470 1747141.582 0.077431798
28.310 1752861.280 0.077171811
28.152 1758590.602 0.076914457
27.994 1764329.447 0.076659725
27.837 1770077.716 0.076407603
27.680 1775835.312 0.076158079
27.525 1781602.137 0.075911141
27.370 1787378.095 0.075666778
27.216 1793163.093 0.075424978
27.063 1798957.036 0.075185728
26.910 1804759.832 0.074949018
26.759 1810571.390 0.074714835
26.608 1816391.617 0.074483168
26.458 1822220.427 0.074254005
26.308 1828057.728 0.074027334
26.160 1833903.435 0.073803145
26.012 1839757.460 0.073581425
25.865 1845619.718 0.073362164
25.718 1851490.123 0.073145349
25.572 1857368.593 0.072930970
25.427 1863255.045 0.072719016
25.283 1869149.396 0.072509475
25.139 1875051.565 0.072302336
24.997 1880961.472 0.072097589
24.854 1886879.039 0.071895222
24.713 1892804.186 0.071695226
24.572 1898736.836 0.071497588
24.432 1904676.912 0.071302299
24.292 1910624.339 0.071109349
24.153 1916579.042 0.070918727
24.015 1922540.945 0.070730422
23.878 1928509.977 0.070544426
23.741 1934486.063 0.070360727
23.605 1940469.133 0.070179317
23.469 1946459.116 0.070000184
23.334 1952455.940 0.069823321
23.200 1958459.537 0.069648717
23.066 1964469.838 0.069476363
22.933 1970486.775 0.069306251
22.801 1976510.281 0.069138370
22.669 1982540.288 0.068972712
22.538 1988576.732 0.068809269
22.407 1994619.547 0.068648032
22.277 2000668.668 0.068488993
22.148 2006724.032 0.068332143
22.019 2012785.576 0.068177474
21.891 2018853.238 0.068024978
21.763 2024926.955 0.067874648
21.636 2031006.667 0.067726477
21.509 2037092.313 0.067580455
21.383 2043183.834 0.067436577
21.258 2049281.170 0.067294836
21.133 2055384.263 0.067155224
21.009 2061493.055 0.067017734
20.885 2067607.489 0.066882361
20.762 2073727.507 0.066749097
20.639 2079853.055 0.066617937
20.517 2085984.076 0.066488875
20.395 2092120.515 0.066361905
20.274 2098262.319 0.066237021
20.154 2104409.433 0.066114217
20.034 2110561.805 0.065993490
