20.075 2103273.006 0.066292259
20.173 2098277.918 0.066391268
20.271 2093290.776 0.066491569
20.369 2088311.640 0.066593160
20.468 2083340.573 0.066696040
20.567 2078377.635 0.066800207
20.666 2073422.890 0.066905658
20.766 2068476.402 0.067012393
20.866 2063538.232 0.067120409
20.966 2058608.447 0.067229705
21.066 2053687.109 0.067340279
21.167 2048774.285 0.067452130
21.268 2043870.039 0.067565255
21.369 2038974.438 0.067679653
21.470 2034087.548 0.067795323
21.572 2029209.437 0.067912262
21.674 2024340.171 0.068030469
21.776 2019479.820 0.068149942
21.878 2014628.451 0.068270680
21.981 2009786.134 0.068392679
22.084 2004952.939 0.068515940
22.187 2000128.935 0.068640459
22.291 1995314.193 0.068766235
22.395 1990508.786 0.068893266
22.499 1985712.784 0.069021550
22.603 1980926.259 0.069151085
22.708 1976149.286 0.069281869
22.812 1971381.936 0.069413900
22.917 1966624.285 0.069547176
23.023 1961876.407 0.069681694
23.128 1957138.376 0.069817453
23.234 1952410.269 0.069954449
23.340 1947692.162 0.070092682
23.447 1942984.131 0.070232147
23.553 1938286.254 0.070372843
23.660 1933598.610 0.070514768
23.767 1928921.275 0.070657918
23.875 1924254.330 0.070802291
23.983 1919597.854 0.070947885
24.091 1914951.928 0.071094695
24.199 1910316.632 0.071242720
24.307 1905692.048 0.071391956
24.416 1901078.257 0.071542400
24.525 1896475.343 0.071694049
24.634 1891883.388 0.071846900
24.744 1887302.477 0.072000949
24.853 1882732.694 0.072156192
24.963 1878174.123 0.072312627
25.074 1873626.851 0.072470248
25.184 1869090.964 0.072629053
25.295 1864566.548 0.072789037
25.406 1860053.692 0.072950197
25.517 1855552.482 0.073112527
25.628 1851063.009 0.073276025
25.740 1846585.360 0.073440684
25.852 1842119.627 0.073606500
25.964 1837665.899 0.073773470
26.077 1833224.268 0.073941586
26.189 1828794.826 0.074110846
26.302 1824377.665 0.074281243
26.415 1819972.878 0.074452771
26.529 1815580.559 0.074625427
26.642 1811200.802 0.074799202
26.756 1806833.702 0.074974093
26.870 1802479.354 0.075150092
26.985 1798137.856 0.075327193
27.099 1793809.303 0.075505390
27.214 1789493.794 0.075684677
27.329 1785191.426 0.075865046
27.444 1780902.298 0.076046491
27.559 1776626.510 0.076229004
27.675 1772364.161 0.076412577
27.791 1768115.353 0.076597204
27.907 1763880.186 0.076782876
28.023 1759658.763 0.076969586
28.139 1755451.186 0.077157325
28.256 1751257.558 0.077346084
28.373 1747077.984 0.077535855
28.490 1742912.567 0.077726629
28.607 1738761.413 0.077918397
28.724 1734624.628 0.078111149
28.842 1730502.318 0.078304875
28.959 1726394.590 0.078499567
29.077 1722301.552 0.078695212
29.195 1718223.311 0.078891802
29.313 1714159.978 0.079089326
29.432 1710111.661 0.079287771
29.550 1706078.471 0.079487128
29.669 1702060.518 0.079687385
29.788 1698057.913 0.079888529
29.907 1694070.770 0.080090550
30.026 1690099.200 0.080293433
30.145 1686143.317 0.080497168
30.264 1682203.235 0.080701741
30.384 1678279.067 0.080907138
30.504 1674370.929 0.081113346
30.623 1670478.937 0.081320352
30.743 1666603.207 0.081528141
30.863 1662743.855 0.081736698
30.983 1658901.000 0.081946010
31.103 1655074.758 0.082156060
31.224 1651265.249 0.082366833
31.344 1647472.592 0.082578314
31.464 1643696.906 0.082790487
31.585 1639938.311 0.083003334
31.705 1636196.929 0.083216840
31.826 1632472.880 0.083430987
31.947 1628766.286 0.083645757
32.067 1625077.270 0.083861134
32.188 1621405.955 0.084077098
32.309 1617752.464 0.084293631
32.430 1614116.921 0.084510715
32.550 1610499.450 0.084728330
32.671 1606900.176 0.084946456
32.792 1603319.225 0.085165074
32.913 1599756.722 0.085384163
33.034 1596212.794 0.085603702
33.154 1592687.567 0.085823671
33.275 1589181.169 0.086044048
33.396 1585693.727 0.086264811
33.517 1582225.369 0.086485938
33.637 1578776.224 0.086707406
33.758 1575346.421 0.086929193
33.878 1571936.088 0.087151274
33.999 1568545.356 0.087373627
34.119 1565174.354 0.087596227
34.239 1561823.213 0.087819050
34.359 1558492.064 0.088042071
34.479 1555181.037 0.088265264
34.599 1551890.264 0.088488605
34.719 1548619.876 0.088712066
34.839 1545370.006 0.088935621
34.958 1542140.785 0.089159244
35.077 1538932.346 0.089382908
35.196 1535744.821 0.089606584
35.315 1532578.344 0.089830246
35.434 1529433.048 0.090053863
35.552 1526309.066 0.090277409
35.671 1523206.530 0.090500854
35.822 1518560.734 0.090859313
35.698 1521802.413 0.090623133
35.574 1525065.025 0.090387022
35.450 1528348.434 0.090151009
35.326 1531652.503 0.089915121
35.202 1534977.093 0.089679388
35.077 1538322.069 0.089443836
34.953 1541687.294 0.089208493
34.828 1545072.632 0.088973384
34.704 1548477.948 0.088738537
34.579 1551903.107 0.088503978
34.454 1555347.973 0.088269730
34.329 1558812.413 0.088035820
34.204 1562296.292 0.087802272
34.080 1565799.478 0.087569110
33.955 1569321.836 0.087336357
33.830 1572863.234 0.087104037
33.705 1576423.541 0.086872173
33.580 1580002.624 0.086640787
33.455 1583600.353 0.086409901
33.330 1587216.596 0.086179537
33.205 1590851.225 0.085949716
33.080 1594504.108 0.085720458
32.955 1598175.118 0.085491784
32.831 1601864.125 0.085263714
32.706 1605571.002 0.085036268
32.581 1609295.621 0.084809464
32.457 1613037.855 0.084583322
32.332 1616797.578 0.084357860
32.208 1620574.665 0.084133096
32.083 1624368.990 0.083909048
31.959 1628180.429 0.083685732
31.835 1632008.857 0.083463167
31.711 1635854.153 0.083241367
31.587 1639716.191 0.083020351
31.463 1643594.852 0.082800132
31.340 1647490.013 0.082580728
31.216 1651401.553 0.082362153
31.093 1655329.352 0.082144421
30.969 1659273.291 0.081927547
30.846 1663233.251 0.081711546
30.723 1667209.112 0.081496431
30.601 1671200.759 0.081282216
30.478 1675208.073 0.081068913
30.356 1679230.939 0.080856535
30.233 1683269.240 0.080645096
30.111 1687322.861 0.080434606
29.989 1691391.689 0.080225079
29.867 1695475.609 0.080016525
29.746 1699574.509 0.079808956
29.625 1703688.276 0.079602383
29.503 1707816.798 0.079396816
29.382 1711959.965 0.079192266
29.262 1716117.665 0.078988743
29.141 1720289.789 0.078786257
29.021 1724476.229 0.078584818
28.901 1728676.876 0.078384434
28.781 1732891.622 0.078185115
28.661 1737120.360 0.077986870
28.541 1741362.984 0.077789708
28.422 1745619.388 0.077593636
28.303 1749889.468 0.077398663
28.184 1754173.118 0.077204796
28.066 1758470.236 0.077012044
27.947 1762780.719 0.076820413
27.829 1767104.464 0.076629911
27.711 1771441.369 0.076440545
27.594 1775791.335 0.076252322
27.476 1780154.260 0.076065247
27.359 1784530.045 0.075879328
27.242 1788918.591 0.075694571
27.126 1793319.800 0.075510981
27.009 1797733.575 0.075328565
26.893 1802159.818 0.075147327
26.777 1806598.434 0.074967273
26.662 1811049.327 0.074788409
26.546 1815512.402 0.074610740
26.431 1819987.564 0.074434270
26.316 1824474.722 0.074259004
26.202 1828973.780 0.074084947
26.087 1833484.648 0.073912102
25.973 1838007.233 0.073740475
25.860 1842541.445 0.073570070
25.746 1847087.194 0.073400890
25.633 1851644.390 0.073232939
25.520 1856212.944 0.073066221
25.407 1860792.767 0.072900739
25.295 1865383.772 0.072736497
25.183 1869985.873 0.072573499
25.071 1874598.981 0.072411746
24.959 1879223.013 0.072251243
24.848 1883857.882 0.072091992
24.737 1888503.505 0.071933997
24.626 1893159.796 0.071777259
24.516 1897826.674 0.071621782
24.405 1902504.055 0.071467568
24.295 1907191.857 0.071314620
24.186 1911889.999 0.071162939
24.076 1916598.400 0.071012529
23.967 1921316.981 0.070863391
23.859 1926045.660 0.070715527
23.750 1930784.360 0.070568940
23.642 1935533.001 0.070423632
23.534 1940291.507 0.070279603
23.426 1945059.800 0.070136857
23.319 1949837.803 0.069995394
23.212 1954625.440 0.069855217
23.105 1959422.636 0.069716328
22.998 1964229.316 0.069578727
22.892 1969045.405 0.069442416
22.786 1973870.830 0.069307397
22.680 1978705.518 0.069173671
22.575 1983549.396 0.069041240
22.470 1988402.392 0.068910105
22.365 1993264.434 0.068780267
22.260 1998135.452 0.068651728
22.156 2003015.376 0.068524489
22.052 2007904.134 0.068398550
21.948 2012801.659 0.068273914
21.845 2017707.881 0.068150581
21.741 2022622.731 0.068028553
21.638 2027546.144 0.067907830
21.536 2032478.050 0.067788415
21.433 2037418.384 0.067670307
21.331 2042367.080 0.067553508
21.230 2047324.071 0.067438020
21.128 2052289.293 0.067323843
21.027 2057262.681 0.067210978
20.926 2062244.171 0.067099427
20.825 2067233.700 0.066989191
20.725 2072231.204 0.066880270
20.625 2077236.621 0.066772666
20.525 2082249.889 0.066666380
20.425 2087270.946 0.066561413
20.326 2092299.731 0.066457767
20.227 2097336.183 0.066355442
20.128 2102380.243 0.066254440
20.030 2107431.850 0.066154763
