20.063 2108333.276 0.066059357
20.173 2102695.147 0.066170144
20.284 2097065.249 0.066282604
20.395 2091443.653 0.066396735
20.506 2085830.435 0.066512538
20.618 2080225.668 0.066630013
20.730 2074629.427 0.066749158
20.843 2069041.787 0.066869974
20.956 2063462.825 0.066992461
21.069 2057892.617 0.067116618
21.183 2052331.242 0.067242446
21.297 2046778.778 0.067369944
21.412 2041235.304 0.067499113
21.527 2035700.899 0.067629953
21.642 2030175.643 0.067762463
21.757 2024659.620 0.067896644
21.873 2019152.909 0.068032496
21.990 2013655.594 0.068170019
22.107 2008167.759 0.068309213
22.224 2002689.487 0.068450078
22.341 1997220.863 0.068592614
22.459 1991761.974 0.068736822
22.577 1986312.905 0.068882702
22.696 1980873.745 0.069030254
22.815 1975444.580 0.069179477
22.935 1970025.500 0.069330372
23.055 1964616.595 0.069482939
23.175 1959217.955 0.069637178
23.296 1953829.671 0.069793089
23.417 1948451.835 0.069950671
23.538 1943084.541 0.070109926
23.660 1937727.881 0.070270851
23.782 1932381.951 0.070433449
23.905 1927046.846 0.070597717
24.028 1921722.663 0.070763656
24.152 1916409.498 0.070931265
24.275 1911107.449 0.071100544
24.400 1905816.615 0.071271493
24.524 1900537.097 0.071444110
24.650 1895268.994 0.071618395
24.775 1890012.408 0.071794346
24.901 1884767.441 0.071971964
25.027 1879534.197 0.072151247
25.154 1874312.781 0.072332194
25.281 1869103.296 0.072514803
25.409 1863905.850 0.072699074
25.536 1858720.548 0.072885004
25.665 1853547.499 0.073072592
25.793 1848386.813 0.073261837
25.923 1843238.597 0.073452735
26.052 1838102.965 0.073645286
26.182 1832980.025 0.073839486
26.312 1827869.893 0.074035334
26.443 1822772.680 0.074232827
26.574 1817688.503 0.074431961
26.706 1812617.475 0.074632734
26.838 1807559.714 0.074835144
26.970 1802515.338 0.075039185
27.103 1797484.464 0.075244855
27.236 1792467.212 0.075452151
27.370 1787463.703 0.075661067
27.504 1782474.059 0.075871600
27.638 1777498.401 0.076083745
27.773 1772536.853 0.076297497
27.908 1767589.540 0.076512852
28.043 1762656.587 0.076729804
28.179 1757738.122 0.076948347
28.316 1752834.270 0.077168477
28.452 1747945.163 0.077390186
28.589 1743070.928 0.077613468
28.727 1738211.696 0.077838318
28.865 1733367.601 0.078064727
29.003 1728538.773 0.078292688
29.141 1723725.348 0.078522194
29.280 1718927.460 0.078753237
29.420 1714145.245 0.078985809
29.560 1709378.841 0.079219900
29.700 1704628.385 0.079455503
29.840 1699894.016 0.079692607
29.981 1695175.876 0.079931202
30.122 1690474.105 0.080171280
30.264 1685788.845 0.080412828
30.406 1681120.241 0.080655837
30.548 1676468.437 0.080900294
30.690 1671833.577 0.081146189
30.833 1667215.810 0.081393509
30.977 1662615.283 0.081642241
31.120 1658032.144 0.081892372
31.264 1653466.544 0.082143889
31.408 1648918.634 0.082396778
31.553 1644388.565 0.082651024
31.698 1639876.491 0.082906612
31.843 1635382.566 0.083163527
31.988 1630906.946 0.083421753
32.134 1626449.786 0.083681274
32.280 1622011.244 0.083942072
32.427 1617591.478 0.084204131
32.573 1613190.648 0.084467431
32.720 1608808.914 0.084731955
32.868 1604446.439 0.084997682
33.015 1600103.384 0.085264595
33.163 1595779.913 0.085532672
33.311 1591476.191 0.085801892
33.459 1587192.383 0.086072234
33.607 1582928.657 0.086343676
33.756 1578685.180 0.086616195
33.905 1574462.120 0.086889769
34.054 1570259.648 0.087164372
34.203 1566077.933 0.087439981
34.353 1561917.148 0.087716570
34.502 1557777.465 0.087994113
34.652 1553659.058 0.088272585
34.802 1549562.101 0.088551957
34.952 1545486.770 0.088832202
35.103 1541433.240 0.089113291
35.253 1537401.689 0.089395196
35.404 1533392.296 0.089677886
35.554 1529405.239 0.089961331
35.705 1525440.697 0.090245500
35.856 1521498.853 0.090530360
36.007 1517579.886 0.090815878
36.158 1513683.980 0.091102022
36.309 1509811.318 0.091388756
36.460 1505962.083 0.091676047
36.611 1502136.460 0.091963859
36.762 1498334.635 0.092252154
36.914 1494556.793 0.092540896
37.065 1490803.121 0.092830048
37.216 1487073.808 0.093119569
37.367 1483369.040 0.093409422
37.518 1479689.007 0.093699566
37.669 1476033.899 0.093989959
37.820 1472403.904 0.094280561
37.970 1468799.214 0.094571329
38.121 1465220.020 0.094862219
38.272 1461666.512 0.095153188
38.422 1458138.884 0.095444191
38.572 1454637.328 0.095735183
38.722 1451162.036 0.096026117
38.872 1447713.202 0.096316947
39.021 1444291.020 0.096607624
39.171 1440895.683 0.096898100
39.320 1437527.386 0.097188327
39.468 1434186.323 0.097478254
39.617 1430872.689 0.097767830
39.765 1427586.680 0.098057005
39.913 1424328.489 0.098345726
40.060 1421098.313 0.098633940
40.207 1417896.347 0.098921594
40.354 1414722.786 0.099208634
40.500 1411577.826 0.099495005
40.645 1408461.662 0.099780651
40.791 1405374.489 0.100065517
40.935 1402316.502 0.100349545
41.080 1399287.897 0.100632678
41.223 1396288.869 0.100914859
41.366 1393319.611 0.101196028
41.509 1390380.319 0.101476126
41.651 1387471.186 0.101755095
41.792 1384592.406 0.102032872
41.932 1381744.172 0.102309398
42.072 1378926.677 0.102584611
42.211 1376140.113 0.102858450
42.350 1373384.672 0.103130852
42.487 1370660.546 0.103401755
42.624 1367967.923 0.103671094
42.760 1365306.994 0.103938808
42.895 1362677.949 0.104204832
43.029 1360080.974 0.104469101
43.162 1357516.258 0.104731552
43.294 1354983.987 0.104992119
43.426 1352484.345 0.105250737
43.556 1350017.518 0.105507341
43.685 1347583.689 0.105761865
43.813 1345183.040 0.106014245
43.940 1342815.751 0.106264413
44.066 1340482.002 0.106512304
44.191 1338181.973 0.106757851
44.314 1335915.839 0.107000990
44.436 1333683.776 0.107241653
44.557 1331485.960 0.107479775
44.677 1329322.561 0.107715289
44.796 1327193.752 0.107948130
44.913 1325099.701 0.108178232
45.028 1323040.577 0.108405529
45.142 1321016.545 0.108629956
45.255 1319027.769 0.108851448
45.367 1317074.413 0.109069940
45.476 1315156.635 0.109285367
45.584 1313274.594 0.109497666
45.691 1311428.447 0.109706771
45.796 1309618.348 0.109912621
45.899 1307844.448 0.110115153
46.001 1306106.899 0.110314303
46.101 1304405.846 0.110510011
46.199 1302741.435 0.110702215
46.296 1301113.810 0.110890854
46.391 1299523.110 0.111075870
46.483 1297969.474 0.111257203
46.574 1296453.036 0.111434794
46.663 1294973.929 0.111608586
46.750 1293532.284 0.111778524
46.836 1292128.228 0.111944550
46.919 1290761.885 0.112106611
47.000 1289433.377 0.112264652
47.079 1288142.822 0.112418621
47.156 1286890.338 0.112568466
47.231 1285676.037 0.112714137
47.304 1284500.028 0.112855585
47.375 1283362.419 0.112992760
47.443 1282263.314 0.113125616
47.510 1281202.813 0.113254108
47.574 1280181.014 0.113378190
47.635 1279198.011 0.113497821
47.695 1278253.895 0.113612957
47.752 1277348.753 0.113723558
47.807 1276482.670 0.113829587
47.860 1275655.726 0.113931004
47.910 1274868.000 0.114027775
47.958 1274119.565 0.114119864
48.003 1273410.491 0.114207239
48.046 1272740.846 0.114289869
48.087 1272110.692 0.114367724
48.125 1271520.090 0.114440775
48.161 1270969.096 0.114508996
48.194 1270457.762 0.114572363
48.224 1269986.137 0.114630852
48.253 1269554.267 0.114684442
48.278 1269162.192 0.114733113
48.301 1268809.950 0.114776849
48.322 1268497.575 0.114815631
48.340 1268225.098 0.114849447
48.356 1267992.545 0.114878284
48.368 1267799.938 0.114902131
48.379 1267647.297 0.114920978
48.387 1267534.635 0.114934820
48.392 1267461.965 0.114943651
48.394 1267429.293 0.114947468
48.394 1267436.624 0.114946268
48.392 1267483.956 0.114940052
48.387 1267571.286 0.114928823
48.379 1267698.605 0.114912585
48.369 1267865.902 0.114891342
48.356 1268073.162 0.114865104
48.341 1268320.364 0.114833878
48.323 1268607.485 0.114797677
48.302 1268934.499 0.114756514
48.279 1269301.375 0.114710403
48.254 1269708.077 0.114659362
48.226 1270154.568 0.114603408
48.195 1270640.806 0.114542561
48.162 1271166.744 0.114476845
48.127 1271732.334 0.114406281
48.089 1272337.522 0.114330896
48.048 1272982.252 0.114250717
48.005 1273666.462 0.114165772
47.960 1274390.089 0.114076091
47.912 1275153.066 0.113981706
47.862 1275955.322 0.113882651
47.810 1276796.781 0.113778961
47.755 1277677.366 0.113670672
47.698 1278596.996 0.113557821
47.638 1279555.585 0.113440449
47.577 1280553.045 0.113318597
47.513 1281589.286 0.113192306
47.446 1282664.212 0.113061620
47.378 1283777.724 0.112926584
47.308 1284929.723 0.112787244
47.235 1286120.104 0.112643647
47.160 1287348.759 0.112495843
47.083 1288615.577 0.112343881
47.004 1289920.446 0.112187811
46.923 1291263.249 0.112027686
46.840 1292643.866 0.111863559
46.755 1294062.176 0.111695484
46.668 1295518.053 0.111523516
46.579 1297011.370 0.111347711
46.488 1298541.996 0.111168126
46.396 1300109.798 0.110984819
46.301 1301714.640 0.110797847
46.205 1303356.385 0.110607271
46.107 1305034.891 0.110413150
46.007 1306750.016 0.110215546
45.905 1308501.613 0.110014518
45.802 1310289.535 0.109810130
45.697 1312113.633 0.109602444
45.591 1313973.753 0.109391522
45.483 1315869.741 0.109177429
45.373 1317801.440 0.108960228
45.262 1319768.693 0.108739983
45.150 1321771.338 0.108516759
45.036 1323809.213 0.108290622
44.920 1325882.154 0.108061636
44.803 1327989.994 0.107829866
44.685 1330132.566 0.107595379
44.566 1332309.701 0.107358241
44.445 1334521.226 0.107118516
44.323 1336766.969 0.106876272
44.200 1339046.756 0.106631575
44.075 1341360.412 0.106384490
43.949 1343707.758 0.106135083
43.823 1346088.617 0.105883421
43.695 1348502.809 0.105629570
43.566 1350950.153 0.105373596
43.436 1353430.466 0.105115563
43.305 1355943.566 0.104855538
43.173 1358489.267 0.104593586
43.040 1361067.385 0.104329771
42.906 1363677.734 0.104064160
42.771 1366320.125 0.103796815
42.635 1368994.371 0.103527802
42.499 1371700.284 0.103257184
42.362 1374437.672 0.102985024
42.224 1377206.347 0.102711386
42.085 1380006.117 0.102436332
41.945 1382836.790 0.102159923
41.805 1385698.174 0.101882223
41.664 1388590.077 0.101603292
41.522 1391512.305 0.101323190
41.380 1394464.666 0.101041978
41.237 1397446.965 0.100759716
41.094 1400459.007 0.100476461
40.950 1403500.599 0.100192274
40.805 1406571.546 0.099907211
40.660 1409671.653 0.099621330
40.515 1412800.724 0.099334687
40.369 1415958.566 0.099047338
40.223 1419144.981 0.098759339
40.076 1422359.777 0.098470744
39.929 1425602.756 0.098181607
39.781 1428873.725 0.097891982
39.633 1432172.488 0.097601920
39.485 1435498.850 0.097311474
39.337 1438852.616 0.097020695
39.188 1442233.592 0.096729634
39.039 1445641.584 0.096438339
38.890 1449076.397 0.096146860
38.740 1452537.839 0.095855245
38.590 1456025.715 0.095563542
38.441 1459539.832 0.095271797
38.290 1463079.998 0.094980056
38.140 1466646.021 0.094688364
37.990 1470237.709 0.094396767
37.839 1473854.871 0.094105306
37.689 1477497.316 0.093814027
37.538 1481164.854 0.093522970
37.387 1484857.295 0.093232177
37.237 1488574.450 0.092941689
37.086 1492316.130 0.092651545
36.935 1496082.149 0.092361785
36.784 1499872.319 0.092072447
36.633 1503686.452 0.091783569
36.482 1507524.365 0.091495188
36.331 1511385.871 0.091207340
36.181 1515270.786 0.090920059
36.030 1519178.927 0.090633382
35.879 1523110.111 0.090347341
35.729 1527064.156 0.090061971
35.578 1531040.880 0.089777302
35.428 1535040.105 0.089493369
35.277 1539061.649 0.089210200
35.127 1543105.335 0.088927827
34.977 1547170.985 0.088646280
34.827 1551258.422 0.088365587
34.677 1555367.470 0.088085776
34.528 1559497.953 0.087806875
34.378 1563649.699 0.087528912
34.229 1567822.533 0.087251912
34.080 1572016.284 0.086975900
33.931 1576230.780 0.086700903
33.783 1580465.852 0.086426944
33.634 1584721.329 0.086154047
33.486 1588997.043 0.085882234
33.338 1593292.828 0.085611529
33.190 1597608.516 0.085341954
33.043 1601943.943 0.085073528
32.896 1606298.944 0.084806274
32.749 1610673.357 0.084540211
32.602 1615067.018 0.084275359
32.455 1619479.766 0.084011736
32.309 1623911.442 0.083749361
32.164 1628361.887 0.083488251
32.018 1632830.942 0.083228425
31.873 1637318.450 0.082969899
31.728 1641824.256 0.082712689
31.583 1646348.204 0.082456810
31.439 1650890.141 0.082202279
31.295 1655449.914 0.081949109
31.151 1660027.371 0.081697315
31.008 1664622.362 0.081446911
30.865 1669234.737 0.081197911
30.722 1673864.347 0.080950326
30.580 1678511.046 0.080704170
30.438 1683174.687 0.080459454
30.296 1687855.125 0.080216191
30.155 1692552.215 0.079974390
30.014 1697265.815 0.079734064
29.873 1701995.782 0.079495221
29.733 1706741.975 0.079257873
29.593 1711504.255 0.079022029
29.453 1716282.483 0.078787698
29.314 1721076.520 0.078554889
29.175 1725886.231 0.078323610
29.037 1730711.479 0.078093869
28.899 1735552.129 0.077865675
28.761 1740408.050 0.077639034
28.624 1745279.107 0.077413954
28.487 1750165.169 0.077190442
28.351 1755066.107 0.076968504
28.215 1759981.790 0.076748146
28.079 1764912.090 0.076529375
27.944 1769856.881 0.076312195
27.809 1774816.035 0.076096613
27.674 1779789.428 0.075882634
27.540 1784776.935 0.075670261
27.406 1789778.434 0.075459501
27.273 1794793.801 0.075250357
27.140 1799822.917 0.075042833
27.007 1804865.660 0.074836934
26.875 1809921.911 0.074632663
26.743 1814991.553 0.074430023
26.612 1820074.468 0.074229017
26.481 1825170.540 0.074029650
26.350 1830279.654 0.073831923
26.220 1835401.695 0.073635839
26.091 1840536.551 0.073441401
25.961 1845684.108 0.073248611
25.832 1850844.257 0.073057472
25.704 1856016.885 0.072867984
25.576 1861201.884 0.072680151
25.448 1866399.145 0.072493974
25.320 1871608.561 0.072309453
25.193 1876830.025 0.072126592
25.067 1882063.431 0.071945390
24.941 1887308.675 0.071765850
24.815 1892565.652 0.071587972
24.690 1897834.259 0.071411757
24.565 1903114.395 0.071237206
24.440 1908405.958 0.071064319
24.316 1913708.848 0.070893098
24.192 1919022.966 0.070723543
24.069 1924348.212 0.070555654
23.946 1929684.489 0.070389432
23.824 1935031.701 0.070224877
23.702 1940389.751 0.070061989
23.580 1945758.544 0.069900768
23.459 1951137.985 0.069741215
23.338 1956527.983 0.069583329
23.217 1961928.442 0.069427111
23.097 1967339.273 0.069272561
22.977 1972760.383 0.069119678
22.858 1978191.683 0.068968462
22.739 1983633.083 0.068818913
22.620 1989084.495 0.068671031
22.502 1994545.831 0.068524816
22.384 2000017.003 0.068380268
22.267 2005497.926 0.068237386
22.150 2010988.514 0.068096170
22.033 2016488.682 0.067956620
21.917 2021998.347 0.067818735
21.801 2027517.424 0.067682516
21.686 2033045.833 0.067547962
21.571 2038583.490 0.067415073
21.456 2044130.315 0.067283849
21.342 2049686.228 0.067154289
21.228 2055251.149 0.067026394
21.114 2060825.000 0.066900163
21.001 2066407.701 0.066775596
20.888 2071999.177 0.066652693
20.775 2077599.349 0.066531455
20.663 2083208.143 0.066411880
20.552 2088825.482 0.066293970
20.440 2094451.292 0.066177724
20.329 2100085.499 0.066063142
20.219 2105728.029 0.065950225
20.108 2111378.811 0.065838973
425708.682 0.718
416272.859 0.734
406836.623 0.749
397399.982 0.765
387962.946 0.781
378525.524 0.796
369087.725 0.812
359649.559 0.827
350211.036 0.843
340772.164 0.858
331332.953 0.872
321893.412 0.886
312453.551 0.900
303013.379 0.913
293572.906 0.925
284132.141 0.936
274691.093 0.947
265249.772 0.957
255808.187 0.965
246366.347 0.973
236924.263 0.979
227481.943 0.985
218039.396 0.989
208596.633 0.992
199153.662 0.995
189710.493 0.997
180267.135 0.998
170823.598 0.999
161379.891 1.000
151936.023 1.000
142492.004 1.000
133047.844 1.000
123603.551 1.000
114159.135 1.000
104714.606 1.000
95269.972 1.000
85825.244 1.000
76380.430 1.000
66935.540 1.000
57490.584 1.000
48045.571 1.000
38600.509 1.000
29155.410 1.000
19710.281 1.000
10265.133 1.000
819.974 1.000
8625.185 1.000
18070.336 1.000
27515.469 1.000
36960.574 1.000
46405.643 1.000
55850.665 1.000
65295.632 1.000
74740.534 1.000
84185.362 1.000
93630.105 1.000
103074.756 1.000
112519.304 1.000
121963.740 1.000
131408.055 1.000
140852.239 1.000
150296.283 1.000
159740.178 1.000
169183.914 0.999
178627.481 0.998
188070.871 0.997
197514.073 0.995
206957.079 0.993
216399.879 0.990
225842.464 0.985
235284.824 0.980
244726.950 0.974
254168.833 0.967
263610.463 0.958
273051.830 0.949
282492.926 0.938
291933.741 0.927
301374.266 0.915
310814.490 0.902
320254.406 0.889
329694.003 0.875
339133.271 0.860
348572.203 0.845
358010.788 0.830
367449.016 0.815
376886.879 0.799
386324.367 0.783
395761.471 0.768
405198.181 0.752
414634.488 0.736
424070.382 0.721
433505.855 0.705
442940.896 0.690
452375.497 0.675
461809.648 0.660
471243.339 0.646
480676.561 0.632
490109.305 0.618
499541.562 0.604
508973.322 0.590
518404.575 0.577
527835.313 0.564
537265.525 0.552
546695.203 0.540
556124.337 0.528
565552.918 0.516
574980.936 0.505
584408.383 0.493
593835.247 0.483
603261.522 0.472
612687.196 0.462
622112.260 0.452
631536.705 0.442
640960.523 0.433
650383.702 0.423
659806.235 0.414
669228.111 0.406
678649.321 0.397
688069.857 0.389
697489.707 0.381
706908.864 0.373
716327.318 0.365
725745.059 0.358
735162.078 0.351
744578.365 0.344
753993.912 0.337
763408.709 0.330
772822.746 0.324
782236.015 0.317
791648.505 0.311
801060.208 0.305
810471.113 0.299
819881.213 0.294
829290.497 0.288
838698.955 0.283
848106.580 0.278
857513.361 0.273
866919.288 0.268
876324.353 0.263
885728.547 0.258
895131.859 0.253
904534.280 0.249
913935.802 0.244
923336.415 0.240
932736.109 0.236
942134.875 0.232
951532.703 0.228
960929.586 0.224
970325.512 0.220
979720.473 0.217
989114.459 0.213
998507.461 0.209
1007899.470 0.206
1017290.476 0.203
1026680.470 0.199
1036069.442 0.196
1045457.384 0.193
1054844.286 0.190
1064230.138 0.187
1073614.932 0.184
1082998.657 0.181
1092381.305 0.178
1101762.867 0.176
1111143.332 0.173
1120522.692 0.170
1129900.937 0.168
1139278.058 0.165
1148654.045 0.163
1158028.890 0.161
1167402.583 0.158
1176775.114 0.156
1186146.475 0.154
1195516.655 0.151
1204885.646 0.149
1214253.439 0.147
1223620.023 0.145
1232985.390 0.143
1242349.531 0.141
1251712.435 0.139
1261074.095 0.137
1270434.499 0.135
1279793.640 0.134
1289151.508 0.132
1298508.093 0.130
1307863.386 0.128
1317217.378 0.127
1326570.059 0.125
1335921.421 0.123
1345271.454 0.122
1354620.148 0.120
1363967.495 0.119
1373313.484 0.117
1382658.108 0.116
1392001.356 0.114
1401343.219 0.113
1410683.687 0.111
1420022.753 0.110
1429360.406 0.109
1438696.636 0.107
1448031.436 0.106
1457364.794 0.105
1466696.703 0.103
1476027.153 0.102
1485356.134 0.101
1494683.637 0.100
1504009.654 0.099
1513334.174 0.098
1522657.188 0.096
1531978.688 0.095
1541298.664 0.094
1550617.106 0.093
1559934.005 0.092
1569249.353 0.091
1578563.139 0.090
1587875.355 0.089
1597185.991 0.088
1606495.038 0.087
1615802.487 0.086
1625108.328 0.085
1634412.553 0.084
1643715.151 0.083
1653016.115 0.082
1662315.433 0.082
1671613.098 0.081
1680909.100 0.080
1690203.429 0.079
1699496.077 0.078
1708787.034 0.077
1718076.291 0.077
1727363.839 0.076
1736649.668 0.075
1745933.770 0.074
1755216.134 0.073
1764496.752 0.073
1773775.615 0.072
1783052.713 0.071
1792328.037 0.071
1801601.578 0.070
1810873.326 0.069
1820143.273 0.069
1829411.409 0.068
1838677.725 0.067
1847942.212 0.067
1857204.860 0.066
1866465.661 0.065
1875724.604 0.065
1884981.682 0.064
1894236.884 0.063
1903490.201 0.063
1912741.625 0.062
1921991.146 0.062
1931238.754 0.061
1940484.441 0.061
1949728.198 0.060
1958970.015 0.059
1968209.883 0.059
1977447.792 0.058
1986683.735 0.058
1995917.701 0.057
2005149.681 0.057
2014379.666 0.056
2023607.647 0.056
2032833.614 0.055
2042057.560 0.055
2051279.473 0.054
2060499.346 0.054
2069717.169 0.053
2078932.932 0.053
2088146.628 0.053
2097358.246 0.052
2106567.777 0.052
2115775.212 0.051
2124980.542 0.051
2134183.758 0.050
2143384.851 0.050
2152583.811 0.049
2161780.630 0.049
2170975.298 0.049
2180167.806 0.048
2189358.145 0.048
2198546.306 0.048
2207732.279 0.047
2216916.056 0.047
2226097.627 0.046
2235276.984 0.046
2244454.117 0.046
2253629.016 0.045
2262801.674 0.045
2271972.080 0.045
2281140.225 0.044
2290306.102 0.044
2299469.699 0.044
2308631.009 0.043
2317790.022 0.043
2326946.728 0.043
2336101.120 0.042
2345253.188 0.042
2354402.922 0.042
2363550.314 0.041
2372695.354 0.041
2381838.033 0.041
2390978.343 0.040
2400116.274 0.040
2409251.817 0.040
2418384.963 0.039
2427515.703 0.039
2436644.028 0.039
2445769.928 0.039
2454893.396 0.038
2464014.420 0.038
2473132.993 0.038
2482249.106 0.037
2491362.749 0.037
2500473.913 0.037
2509582.590 0.037
2518688.769 0.036
2527792.443 0.036
2536893.602 0.036
2545992.237 0.036
2555088.338 0.035
2564181.898 0.035
2573272.906 0.035
2582361.354 0.035
2591447.233 0.034
2600530.533 0.034
2609611.247 0.034
2618689.363 0.034
2627764.875 0.034
2636837.772 0.033
2645908.045 0.033
2654975.686 0.033
2664040.686 0.033
2673103.034 0.032
2682162.724 0.032
2691219.745 0.032
2700274.088 0.032
2709325.744 0.032
2718374.705 0.031
2727420.962 0.031
2736464.504 0.031
2745505.324 0.031
2754543.413 0.031
2763578.761 0.030
2772611.359 0.030
2781641.199 0.030
2790668.271 0.030
2799692.567 0.030
2808714.077 0.029
2817732.792 0.029
2826748.704 0.029
2835761.804 0.029
2844772.082 0.029
2853779.530 0.028
2862784.138 0.028
2871785.899 0.028
2880784.801 0.028
2889780.838 0.028
2898774.000 0.028
2907764.277 0.027
2916751.661 0.027
2925736.143 0.027
2934717.715 0.027
2943696.366 0.027
2952672.089 0.027
2961644.874 0.026
2970614.712 0.026
2979581.594 0.026
2988545.512 0.026
2997506.457 0.026
3006464.419 0.026
3015419.390 0.026
3024371.360 0.025
3033320.322 0.025
3042266.265 0.025
3051209.182 0.025
3060149.063 0.025
3069085.899 0.025
3078019.681 0.025
3086950.401 0.024
3095878.050 0.024
3104802.618 0.024
3113724.097 0.024
3122642.478 0.024
3131557.752 0.024
3140469.911 0.024
3149378.945 0.023
3158284.845 0.023
3167187.603 0.023
3176087.209 0.023
3184983.656 0.023
3193876.934 0.023
3202767.034 0.023
3211653.947 0.023
3220537.664 0.022
3229418.178 0.022
3238295.478 0.022
3247169.556 0.022
3256040.404 0.022
3264908.012 0.022
3273772.371 0.022
3282633.473 0.022
3291491.309 0.021
3300345.870 0.021
3309197.147 0.021
3318045.131 0.021
3326889.815 0.021
3335731.188 0.021
3344569.242 0.021
3353403.968 0.021
3362235.358 0.021
3371063.403 0.020
3379888.093 0.020
3388709.421 0.020
3397527.376 0.020
3406341.952 0.020
3415153.138 0.020
3423960.926 0.020
3432765.307 0.020
3441566.273 0.020
3450363.815 0.020
3459157.923 0.019
3467948.590 0.019
3476735.806 0.019
3485519.563 0.019
3494299.852 0.019
3503076.664 0.019
3511849.990 0.019
3520619.823 0.019
3529386.152 0.019
3538148.970 0.019
3546908.267 0.019
3555664.035 0.018
3564416.266 0.018
3573164.949 0.018
3581910.078 0.018
3590651.643 0.018
3599389.635 0.018
3608124.045 0.018
3616854.866 0.018
3625582.087 0.018
3634305.702 0.018
3643025.700 0.018
3651742.074 0.017
3660454.814 0.017
3669163.912 0.017
3677869.359 0.017
3686571.147 0.017
3695269.266 0.017
3703963.709 0.017
3712654.466 0.017
3721341.530 0.017
3730024.890 0.017
3738704.540 0.017
3747380.469 0.017
3756052.670 0.017
3764721.133 0.016
3773385.850 0.016
3782046.813 0.016
3790704.013 0.016
3799357.441 0.016
3808007.089 0.016
3816652.948 0.016
3825295.009 0.016
3833933.264 0.016
3842567.704 0.016
3851198.321 0.016
3859825.106 0.016
3868448.050 0.016
3877067.145 0.016
3885682.383 0.015
3894293.754 0.015
3902901.250 0.015
3911504.863 0.015
3920104.584 0.015
3928700.405 0.015
3937292.316 0.015
3945880.310 0.015
3954464.377 0.015
3963044.510 0.015
3971620.700 0.015
3980192.937 0.015
3988761.215 0.015
3997325.523 0.015
4005885.854 0.015
4014442.199 0.015
4022994.550 0.014
4031542.898 0.014
4040087.235 0.014
4048627.551 0.014
4057163.839 0.014
4065696.090 0.014
4074224.296 0.014
4082748.447 0.014
4091268.537 0.014
4099784.555 0.014
4108296.494 0.014
4116804.345 0.014
4125308.100 0.014
4133807.750 0.014
4142303.287 0.014
4150794.702 0.014
4159281.987 0.014
4167765.134 0.013
4176244.133 0.013
4184718.977 0.013
4193189.657 0.013
4201656.165 0.013
4210118.492 0.013
4218576.630 0.013
4227030.570 0.013
4235480.304 0.013
4243925.824 0.013
4252367.121 0.013
4260804.187 0.013
4269237.013 0.013
4277665.591 0.013
4286089.912 0.013
4294509.969 0.013
4302925.753 0.013
4311337.255 0.013
4319744.467 0.013
4328147.381 0.012
4336545.988 0.012
4344940.281 0.012
4353330.249 0.012
4361715.887 0.012
4370097.184 0.012
4378474.132 0.012
4386846.724 0.012
4395214.951 0.012
4403578.804 0.012
4411938.276 0.012
4420293.358 0.012
4428644.041 0.012
4436990.318 0.012
4445332.179 0.012
4453669.617 0.012
4462002.624 0.012
4470331.191 0.012
4478655.310 0.012
4486974.972 0.012
4495290.169 0.012
4503600.894 0.012
4511907.137 0.011
4520208.890 0.011
4528506.146 0.011
4536798.896 0.011
4545087.131 0.011
4553370.844 0.011
4561650.026 0.011
4569924.668 0.011
4578194.764 0.011
4586460.304 0.011
4594721.280 0.011
4602977.684 0.011
4611229.508 0.011
4619476.744 0.011
4627719.383 0.011
4635957.417 0.011
4644190.838 0.011
4652419.638 0.011
4660643.809 0.011
4668863.341 0.011
4677078.228 0.011
4685288.461 0.011
4693494.032 0.011
4701694.933 0.011
4709891.155 0.011
4718082.691 0.011
4726269.532 0.010
4734451.669 0.010
4742629.096 0.010
4750801.804 0.010
4758969.784 0.010
4767133.029 0.010
4775291.530 0.010
4783445.279 0.010
4791594.269 0.010
4799738.490 0.010
4807877.936 0.010
4816012.597 0.010
4824142.466 0.010
4832267.535 0.010
4840387.795 0.010
4848503.239 0.010
4856613.858 0.010
4864719.645 0.010
4872820.591 0.010
4880916.688 0.010
4889007.928 0.010
4897094.303 0.010
4905175.805 0.010
4913252.426 0.010
4921324.158 0.010
4929390.993 0.010
4937452.923 0.010
4945509.940 0.010
4953562.036 0.010
4961609.202 0.010
4969651.431 0.009
4977688.716 0.009
4985721.046 0.009
4993748.416 0.009
5001770.817 0.009
5009788.240 0.009
5017800.678 0.009
5025808.123 0.009
5033810.567 0.009
5041808.002 0.009
5049800.420 0.009
5057787.813 0.009
5065770.173 0.009
5073747.492 0.009
5081719.762 0.009
5089686.975 0.009
5097649.124 0.009
5105606.200 0.009
5113558.196 0.009
5121505.103 0.009
5129446.914 0.009
5137383.621 0.009
5145315.215 0.009
5153241.690 0.009
5161163.036 0.009
5169079.247 0.009
5176990.314 0.009
5184896.229 0.009
5192796.985 0.009
5200692.573 0.009
5208582.986 0.009
5216468.217 0.009
5224348.256 0.009
5232223.097 0.009
5240092.731 0.009
5247957.150 0.009
5255816.348 0.008
5263670.315 0.008
5271519.045 0.008
5279362.528 0.008
5287200.759 0.008
5295033.728 0.008
5302861.428 0.008
5310683.851 0.008
5318500.989 0.008
5326312.835 0.008
5334119.380 0.008
0.0 0.0 0.0
0.0 0.0 0.0
0.0 0.0 0.0
0.0 0.0 0.0
0.0 0.0 0.0
0.0 0.0 0.0
0.0 0.0 0.0
0.0 0.0 0.0
0.0 0.0 0.0
0.0 0.0 0.0
0.0 0.0 0.0
0.0 0.0 0.0
0.0 0.0 0.0
0.0 0.0 0.0
0.0 0.0 0.0
0.0 0.0 0.0
0.0 0.0 0.0
0.0 0.0 0.0
0.0 0.0 0.0
0.0 0.0 0.0
0.0 0.0 0.0
0.0 0.0 0.0
0.0 0.0 0.0
0.0 0.0 0.0
0.0 0.0 0.0
0.0 0.0 0.0
0.0 0.0 0.0
0.0 0.0 0.0
0.0 0.0 0.0
0.0 0.0 0.0
0.0 0.0 0.0
0.0 0.0 0.0
0.0 0.0 0.0
0.0 0.0 0.0
0.0 0.0 0.0
0.0 0.0 0.0
0.0 0.0 0.0
0.0 0.0 0.0
0.0 0.0 0.0
0.0 0.0 0.0
0.0 0.0 0.0
0.0 0.0 0.0
0.0 0.0 0.0
0.0 0.0 0.0
0.0 0.0 0.0
0.0 0.0 0.0
0.0 0.0 0.0
0.0 0.0 0.0
0.0 0.0 0.0
0.0 0.0 0.0
0.0 0.0 0.0
0.0 0.0 0.0
0.0 0.0 0.0
0.0 0.0 0.0
0.0 0.0 0.0
0.0 0.0 0.0
0.0 0.0 0.0
0.0 0.0 0.0
0.0 0.0 0.0
0.0 0.0 0.0
0.0 0.0 0.0
0.0 0.0 0.0
0.0 0.0 0.0
0.0 0.0 0.0
0.0 0.0 0.0
0.0 0.0 0.0
0.0 0.0 0.0
0.0 0.0 0.0
0.0 0.0 0.0
0.0 0.0 0.0
0.0 0.0 0.0
0.0 0.0 0.0
0.0 0.0 0.0
0.0 0.0 0.0
0.0 0.0 0.0
0.0 0.0 0.0
0.0 0.0 0.0
0.0 0.0 0.0
0.0 0.0 0.0
0.0 0.0 0.0
0.0 0.0 0.0
0.0 0.0 0.0
0.0 0.0 0.0
0.0 0.0 0.0
0.0 0.0 0.0
0.0 0.0 0.0
0.0 0.0 0.0
0.0 0.0 0.0
0.0 0.0 0.0
0.0 0.0 0.0
0.0 0.0 0.0
0.0 0.0 0.0
0.0 0.0 0.0
0.0 0.0 0.0
0.0 0.0 0.0
0.0 0.0 0.0
0.0 0.0 0.0
0.0 0.0 0.0
0.0 0.0 0.0
0.0 0.0 0.0
0.0 0.0 0.0
0.0 0.0 0.0
0.0 0.0 0.0
0.0 0.0 0.0
0.0 0.0 0.0
0.0 0.0 0.0
0.0 0.0 0.0
0.0 0.0 0.0
0.0 0.0 0.0
0.0 0.0 0.0
0.0 0.0 0.0
0.0 0.0 0.0
0.0 0.0 0.0
0.0 0.0 0.0
0.0 0.0 0.0
0.0 0.0 0.0
0.0 0.0 0.0
0.0 0.0 0.0
0.0 0.0 0.0
0.0 0.0 0.0
0.0 0.0 0.0
0.0 0.0 0.0
0.0 0.0 0.0
0.0 0.0 0.0
0.0 0.0 0.0
0.0 0.0 0.0
0.0 0.0 0.0
0.0 0.0 0.0
0.0 0.0 0.0
0.0 0.0 0.0
0.0 0.0 0.0
0.0 0.0 0.0
0.0 0.0 0.0
0.0 0.0 0.0
0.0 0.0 0.0
0.0 0.0 0.0
0.0 0.0 0.0
0.0 0.0 0.0
0.0 0.0 0.0
0.0 0.0 0.0
0.0 0.0 0.0
0.0 0.0 0.0
0.0 0.0 0.0
0.0 0.0 0.0
0.0 0.0 0.0
0.0 0.0 0.0
0.0 0.0 0.0
0.0 0.0 0.0
0.0 0.0 0.0
0.0 0.0 0.0
0.0 0.0 0.0
0.0 0.0 0.0
0.0 0.0 0.0
0.0 0.0 0.0
0.0 0.0 0.0
0.0 0.0 0.0
0.0 0.0 0.0
0.0 0.0 0.0
0.0 0.0 0.0
0.0 0.0 0.0
0.0 0.0 0.0
0.0 0.0 0.0
0.0 0.0 0.0
0.0 0.0 0.0
0.0 0.0 0.0
0.0 0.0 0.0
0.0 0.0 0.0
0.0 0.0 0.0
0.0 0.0 0.0
0.0 0.0 0.0
5326554.148 0.008
5313656.307 0.008
5300753.178 0.008
5287844.774 0.008
5274931.107 0.008
5262012.191 0.008
5249088.037 0.009
5236158.660 0.009
5223224.072 0.009
5210284.285 0.009
5197339.313 0.009
5184389.169 0.009
5171433.865 0.009
5158473.414 0.009
5145507.829 0.009
5132537.124 0.009
5119561.311 0.009
5106580.402 0.009
5093594.412 0.009
5080603.352 0.009
5067607.235 0.009
5054606.076 0.009
5041599.886 0.009
5028588.678 0.009
5015572.466 0.009
5002551.262 0.009
4989525.080 0.009
4976493.932 0.009
4963457.831 0.010
4950416.790 0.010
4937370.823 0.010
4924319.942 0.010
4911264.160 0.010
4898203.490 0.010
4885137.945 0.010
4872067.538 0.010
4858992.283 0.010
4845912.192 0.010
4832827.278 0.010
4819737.554 0.010
4806643.034 0.010
4793543.729 0.010
4780439.654 0.010
4767330.822 0.010
4754217.245 0.010
4741098.936 0.010
4727975.908 0.010
4714848.176 0.011
4701715.750 0.011
4688578.646 0.011
4675436.875 0.011
4662290.451 0.011
4649139.387 0.011
4635983.696 0.011
4622823.391 0.011
4609658.485 0.011
4596488.992 0.011
4583314.924 0.011
4570136.294 0.011
4556953.116 0.011
4543765.403 0.011
4530573.167 0.011
4517376.423 0.011
4504175.182 0.012
4490969.459 0.012
4477759.266 0.012
4464544.617 0.012
4451325.524 0.012
4438102.001 0.012
4424874.061 0.012
4411641.717 0.012
4398404.983 0.012
4385163.871 0.012
4371918.395 0.012
4358668.567 0.012
4345414.402 0.012
4332155.911 0.012
4318893.110 0.013
4305626.009 0.013
4292354.624 0.013
4279078.966 0.013
4265799.050 0.013
4252514.888 0.013
4239226.494 0.013
4225933.881 0.013
4212637.061 0.013
4199336.050 0.013
4186030.858 0.013
4172721.501 0.013
4159407.990 0.014
4146090.340 0.014
4132768.563 0.014
4119442.673 0.014
4106112.684 0.014
4092778.607 0.014
4079440.457 0.014
4066098.247 0.014
4052751.990 0.014
4039401.700 0.014
4026047.389 0.014
4012689.071 0.015
3999326.760 0.015
3985960.468 0.015
3972590.209 0.015
3959215.996 0.015
3945837.843 0.015
3932455.762 0.015
3919069.768 0.015
3905679.873 0.015
3892286.091 0.015
3878888.435 0.016
3865486.918 0.016
3852081.554 0.016
3838672.356 0.016
3825259.338 0.016
3811842.513 0.016
3798421.893 0.016
3784997.493 0.016
3771569.326 0.016
3758137.406 0.017
3744701.745 0.017
3731262.356 0.017
3717819.254 0.017
3704372.452 0.017
3690921.963 0.017
3677467.801 0.017
3664009.978 0.017
3650548.508 0.018
3637083.406 0.018
3623614.683 0.018
3610142.354 0.018
3596666.431 0.018
3583186.929 0.018
3569703.861 0.018
3556217.239 0.018
3542727.078 0.019
3529233.392 0.019
3515736.192 0.019
3502235.493 0.019
3488731.309 0.019
3475223.652 0.019
3461712.536 0.019
3448197.975 0.020
3434679.982 0.020
3421158.571 0.020
3407633.754 0.020
3394105.546 0.020
3380573.959 0.020
3367039.008 0.021
3353500.706 0.021
3339959.066 0.021
3326414.102 0.021
3312865.827 0.021
3299314.254 0.021
3285759.398 0.022
3272201.271 0.022
3258639.888 0.022
3245075.261 0.022
3231507.405 0.022
3217936.332 0.022
3204362.056 0.023
3190784.591 0.023
3177203.950 0.023
3163620.147 0.023
3150033.195 0.023
3136443.107 0.024
3122849.898 0.024
3109253.581 0.024
3095654.169 0.024
3082051.676 0.024
3068446.116 0.025
3054837.501 0.025
3041225.846 0.025
3027611.164 0.025
3013993.468 0.026
3000372.773 0.026
2986749.091 0.026
2973122.436 0.026
2959492.822 0.027
2945860.263 0.027
2932224.771 0.027
2918586.361 0.027
2904945.046 0.028
2891300.840 0.028
2877653.756 0.028
2864003.808 0.028
2850351.009 0.029
2836695.373 0.029
2823036.914 0.029
2809375.644 0.029
2795711.579 0.030
2782044.731 0.030
2768375.114 0.030
2754702.741 0.031
2741027.627 0.031
2727349.784 0.031
2713669.227 0.031
2699985.969 0.032
2686300.023 0.032
2672611.404 0.032
2658920.124 0.033
2645226.198 0.033
2631529.639 0.033
2617830.461 0.034
2604128.678 0.034
2590424.302 0.034
2576717.348 0.035
2563007.829 0.035
2549295.759 0.036
2535581.152 0.036
2521864.021 0.036
2508144.380 0.037
2494422.242 0.037
2480697.622 0.038
2466970.532 0.038
2453240.987 0.038
2439509.000 0.039
2425774.586 0.039
2412037.756 0.040
2398298.526 0.040
2384556.908 0.041
2370812.918 0.041
2357066.567 0.041
2343317.870 0.042
2329566.841 0.042
2315813.493 0.043
2302057.840 0.043
2288299.896 0.044
2274539.674 0.044
2260777.188 0.045
2247012.452 0.046
2233245.480 0.046
2219476.284 0.047
2205704.879 0.047
2191931.279 0.048
2178155.497 0.048
2164377.547 0.049
2150597.443 0.050
2136815.198 0.050
2123030.826 0.051
2109244.341 0.051
2095455.757 0.052
2081665.087 0.053
2067872.344 0.054
2054077.544 0.054
2040280.699 0.055
2026481.823 0.056
2012680.930 0.056
1998878.034 0.057
1985073.148 0.058
1971266.287 0.059
1957457.463 0.060
1943646.691 0.060
1929833.984 0.061
1916019.356 0.062
1902202.821 0.063
1888384.393 0.064
1874564.085 0.065
1860741.911 0.066
1846917.885 0.067
1833092.021 0.068
1819264.332 0.069
1805434.832 0.070
1791603.535 0.071
1777770.455 0.072
1763935.606 0.073
1750099.000 0.074
1736260.653 0.075
1722420.577 0.076
1708578.787 0.077
1694735.296 0.079
1680890.118 0.080
1667043.268 0.081
1653194.757 0.082
1639344.602 0.084
1625492.814 0.085
1611639.409 0.087
1597784.399 0.088
1583927.799 0.089
1570069.622 0.091
1556209.883 0.092
1542348.594 0.094
1528485.771 0.096
1514621.425 0.097
1500755.573 0.099
1486888.226 0.101
1473019.399 0.103
1459149.106 0.104
1445277.361 0.106
1431404.177 0.108
1417529.569 0.110
1403653.549 0.112
1389776.132 0.115
1375897.332 0.117
1362017.162 0.119
1348135.636 0.121
1334252.769 0.124
1320368.573 0.126
1306483.063 0.129
1292596.253 0.131
1278708.156 0.134
1264818.786 0.136
1250928.157 0.139
1237036.283 0.142
1223143.178 0.145
1209248.855 0.148
1195353.329 0.151
1181456.612 0.155
1167558.720 0.158
1153659.666 0.162
1139759.463 0.165
1125858.125 0.169
1111955.667 0.173
1098052.102 0.177
1084147.444 0.181
1070241.707 0.185
1056334.905 0.190
1042427.051 0.194
1028518.159 0.199
1014608.244 0.204
1000697.318 0.209
986785.397 0.214
972872.493 0.219
958958.621 0.225
945043.795 0.231
931128.027 0.237
917211.333 0.243
903293.726 0.249
889375.220 0.256
875455.828 0.263
861535.565 0.270
847614.444 0.278
833692.480 0.286
819769.686 0.294
805846.075 0.302
791921.663 0.311
777996.462 0.320
764070.487 0.330
750143.751 0.340
736216.269 0.350
722288.054 0.361
708359.119 0.372
694429.480 0.383
680499.150 0.396
666568.142 0.408
652636.470 0.421
638704.149 0.435
624771.192 0.449
610837.613 0.464
596903.426 0.479
582968.645 0.495
569033.284 0.512
555097.356 0.529
541160.876 0.547
527223.857 0.565
513286.313 0.584
499348.258 0.604
485409.706 0.625
471470.671 0.646
457531.167 0.667
443591.207 0.689
429650.806 0.712
415709.977 0.735
401768.734 0.758
387827.091 0.781
373885.062 0.804
359942.661 0.827
345999.902 0.849
332056.798 0.871
318113.364 0.892
304169.613 0.911
290225.559 0.929
276281.216 0.945
262336.599 0.959
248391.720 0.971
234446.594 0.981
220501.234 0.988
206555.655 0.993
192609.871 0.996
178663.894 0.998
164717.740 0.999
150771.422 1.000
136824.954 1.000
122878.350 1.000
108931.623 1.000
94984.788 1.000
81037.858 1.000
67090.848 1.000
53143.771 1.000
39196.641 1.000
25249.471 1.000
11302.277 1.000
2644.928 1.000
16592.131 1.000
30539.317 1.000
44486.473 1.000
58433.585 1.000
72380.638 1.000
86327.620 1.000
100274.515 1.000
114221.311 1.000
128167.993 1.000
142114.547 1.000
156060.960 1.000
170007.218 0.999
183953.306 0.998
197899.211 0.995
211844.919 0.991
225790.417 0.985
239735.689 0.977
253680.723 0.967
267625.504 0.954
281570.019 0.939
295514.254 0.923
309458.194 0.904
323401.827 0.884
337345.137 0.863
351288.112 0.841
365230.737 0.818
379172.998 0.795
393114.882 0.772
407056.375 0.749
420997.462 0.726
434938.131 0.703
448878.366 0.681
462818.154 0.659
476757.482 0.638
490696.335 0.617
504634.700 0.597
518572.563 0.577
532509.909 0.558
546446.725 0.540
560382.997 0.522
574318.711 0.505
588253.853 0.489
602188.410 0.473
616122.368 0.458
630055.712 0.444
643988.429 0.430
657920.505 0.416
671851.925 0.403
685782.677 0.391
699712.747 0.379
713642.120 0.368
727570.782 0.357
741498.720 0.346
755425.920 0.336
769352.368 0.326
783278.050 0.317
797202.952 0.308
811127.061 0.299
825050.362 0.291
838972.842 0.283
852894.487 0.275
866815.283 0.268
880735.216 0.260
894654.272 0.254
908572.437 0.247
922489.698 0.241
936406.041 0.234
950321.451 0.228
964235.915 0.223
978149.420 0.217
992061.951 0.212
1005973.494 0.207
1019884.036 0.202
1033793.562 0.197
1047702.059 0.192
1061609.514 0.188
1075515.911 0.184
1089421.238 0.179
1103325.480 0.175
1117228.624 0.171
1131130.656 0.168
1145031.562 0.164
1158931.327 0.160
1172829.940 0.157
1186727.384 0.153
1200623.647 0.150
1214518.715 0.147
1228412.574 0.144
1242305.210 0.141
1256196.609 0.138
1270086.758 0.135
1283975.642 0.133
1297863.248 0.130
1311749.563 0.128
1325634.571 0.125
1339518.259 0.123
1353400.614 0.120
1367281.622 0.118
1381161.269 0.116
1395039.540 0.114
1408916.423 0.112
1422791.903 0.110
1436665.967 0.108
1450538.601 0.106
1464409.791 0.104
1478279.522 0.102
1492147.782 0.100
1506014.557 0.098
1519879.833 0.097
1533743.595 0.095
1547605.830 0.093
1561466.525 0.092
1575325.665 0.090
1589183.238 0.089
1603039.228 0.087
1616893.622 0.086
1630746.406 0.085
1644597.567 0.083
1658447.091 0.082
1672294.964 0.081
1686141.172 0.079
1699985.701 0.078
1713828.538 0.077
1727669.669 0.076
1741509.080 0.075
1755346.757 0.073
1769182.687 0.072
1783016.855 0.071
1796849.249 0.070
1810679.853 0.069
1824508.655 0.068
1838335.641 0.067
1852160.797 0.066
1865984.108 0.065
1879805.562 0.064
1893625.145 0.063
1907442.842 0.063
1921258.641 0.062
1935072.527 0.061
1948884.486 0.060
1962694.505 0.059
1976502.571 0.058
1990308.668 0.058
2004112.784 0.057
2017914.905 0.056
2031715.017 0.055
2045513.107 0.055
2059309.160 0.054
2073103.163 0.053
2086895.102 0.053
2100684.964 0.052
2114472.734 0.051
2128258.399 0.051
2142041.945 0.050
2155823.359 0.049
2169602.627 0.049
2183379.735 0.048
2197154.669 0.048
2210927.415 0.047
2224697.961 0.046
2238466.292 0.046
2252232.394 0.045
2265996.254 0.045
2279757.859 0.044
2293517.193 0.044
2307274.244 0.043
2321028.999 0.043
2334781.442 0.042
2348531.562 0.042
2362279.343 0.041
2376024.772 0.041
2389767.836 0.040
2403508.521 0.040
2417246.813 0.039
2430982.698 0.039
2444716.163 0.039
2458447.195 0.038
2472175.779 0.038
2485901.901 0.037
2499625.549 0.037
2513346.709 0.037
2527065.366 0.036
2540781.507 0.036
2554495.119 0.035
2568206.188 0.035
2581914.699 0.035
2595620.641 0.034
2609323.998 0.034
2623024.758 0.034
2636722.906 0.033
2650418.429 0.033
2664111.313 0.033
2677801.546 0.032
2691489.112 0.032
2705173.999 0.032
2718856.192 0.031
2732535.679 0.031
2746212.445 0.031
2759886.477 0.030
2773557.762 0.030
2787226.285 0.030
2800892.034 0.030
2814554.994 0.029
2828215.152 0.029
2841872.494 0.029
2855527.007 0.028
2869178.677 0.028
2882827.490 0.028
2896473.434 0.028
2910116.494 0.027
2923756.656 0.027
2937393.908 0.027
2951028.235 0.027
2964659.625 0.026
2978288.063 0.026
2991913.535 0.026
3005536.029 0.026
3019155.531 0.025
3032772.027 0.025
3046385.504 0.025
3059995.948 0.025
3073603.345 0.025
3087207.682 0.024
3100808.946 0.024
3114407.122 0.024
3128002.198 0.024
3141594.160 0.024
3155182.994 0.023
3168768.686 0.023
3182351.224 0.023
3195930.594 0.023
3209506.782 0.023
3223079.774 0.022
3236649.558 0.022
3250216.119 0.022
3263779.445 0.022
3277339.521 0.022
3290896.334 0.021
3304449.870 0.021
3318000.117 0.021
3331547.061 0.021
3345090.687 0.021
3358630.984 0.021
3372167.936 0.020
3385701.531 0.020
3399231.755 0.020
3412758.595 0.020
3426282.038 0.020
3439802.069 0.020
3453318.675 0.020
3466831.844 0.019
3480341.561 0.019
3493847.812 0.019
3507350.586 0.019
3520849.867 0.019
3534345.643 0.019
3547837.900 0.019
3561326.626 0.018
3574811.805 0.018
3588293.425 0.018
3601771.473 0.018
3615245.935 0.018
3628716.797 0.018
3642184.047 0.018
3655647.670 0.017
3669107.654 0.017
3682563.985 0.017
3696016.650 0.017
3709465.635 0.017
3722910.926 0.017
3736352.511 0.017
3749790.377 0.017
3763224.508 0.016
3776654.893 0.016
3790081.519 0.016
3803504.370 0.016
3816923.435 0.016
3830338.699 0.016
3843750.151 0.016
3857157.775 0.016
3870561.559 0.016
3883961.489 0.015
3897357.552 0.015
3910749.736 0.015
3924138.025 0.015
3937522.408 0.015
3950902.870 0.015
3964279.399 0.015
3977651.981 0.015
3991020.602 0.015
4004385.250 0.015
4017745.912 0.014
4031102.573 0.014
4044455.220 0.014
4057803.841 0.014
4071148.422 0.014
4084488.950 0.014
4097825.411 0.014
4111157.792 0.014
4124486.080 0.014
4137810.261 0.014
4151130.323 0.014
4164446.252 0.013
4177758.034 0.013
4191065.657 0.013
4204369.108 0.013
4217668.372 0.013
4230963.437 0.013
4244254.290 0.013
4257540.917 0.013
4270823.305 0.013
4284101.440 0.013
4297375.311 0.013
4310644.903 0.013
4323910.203 0.013
4337171.198 0.012
4350427.875 0.012
4363680.220 0.012
4376928.221 0.012
4390171.864 0.012
4403411.135 0.012
4416646.023 0.012
4429876.514 0.012
4443102.593 0.012
4456324.249 0.012
4469541.469 0.012
4482754.238 0.012
4495962.544 0.012
4509166.373 0.012
4522365.713 0.011
4535560.551 0.011
4548750.872 0.011
4561936.665 0.011
4575117.916 0.011
4588294.611 0.011
4601466.738 0.011
4614634.284 0.011
4627797.235 0.011
4640955.579 0.011
4654109.302 0.011
4667258.391 0.011
4680402.833 0.011
4693542.615 0.011
4706677.724 0.011
4719808.146 0.011
4732933.870 0.010
4746054.881 0.010
4759171.167 0.010
4772282.714 0.010
4785389.510 0.010
4798491.541 0.010
4811588.794 0.010
4824681.257 0.010
4837768.916 0.010
4850851.759 0.010
4863929.771 0.010
4877002.941 0.010
4890071.255 0.010
4903134.700 0.010
4916193.264 0.010
4929246.932 0.010
4942295.693 0.010
4955339.533 0.010
4968378.439 0.009
4981412.398 0.009
4994441.398 0.009
5007465.424 0.009
5020484.465 0.009
5033498.508 0.009
5046507.538 0.009
5059511.544 0.009
5072510.513 0.009
5085504.431 0.009
5098493.285 0.009
5111477.063 0.009
5124455.752 0.009
5137429.339 0.009
5150397.810 0.009
5163361.153 0.009
5176319.356 0.009
5189272.404 0.009
5202220.286 0.009
5215162.988 0.009
5228100.497 0.009
5241032.801 0.009
5253959.887 0.008
5266881.741 0.008
5279798.352 0.008
5292709.705 0.008
5305615.789 0.008
5318516.590 0.008
5331412.095 0.008
0.0 0.0 0.0
0.0 0.0 0.0
0.0 0.0 0.0
0.0 0.0 0.0
0.0 0.0 0.0
0.0 0.0 0.0
0.0 0.0 0.0
0.0 0.0 0.0
0.0 0.0 0.0
0.0 0.0 0.0
0.0 0.0 0.0
0.0 0.0 0.0
0.0 0.0 0.0
0.0 0.0 0.0
0.0 0.0 0.0
0.0 0.0 0.0
0.0 0.0 0.0
0.0 0.0 0.0
0.0 0.0 0.0
0.0 0.0 0.0
0.0 0.0 0.0
0.0 0.0 0.0
0.0 0.0 0.0
0.0 0.0 0.0
0.0 0.0 0.0
0.0 0.0 0.0
0.0 0.0 0.0
0.0 0.0 0.0
0.0 0.0 0.0
0.0 0.0 0.0
0.0 0.0 0.0
0.0 0.0 0.0
0.0 0.0 0.0
0.0 0.0 0.0
0.0 0.0 0.0
0.0 0.0 0.0
0.0 0.0 0.0
0.0 0.0 0.0
0.0 0.0 0.0
0.0 0.0 0.0
0.0 0.0 0.0
0.0 0.0 0.0
0.0 0.0 0.0
0.0 0.0 0.0
0.0 0.0 0.0
0.0 0.0 0.0
0.0 0.0 0.0
0.0 0.0 0.0
0.0 0.0 0.0
0.0 0.0 0.0
0.0 0.0 0.0
0.0 0.0 0.0
0.0 0.0 0.0
0.0 0.0 0.0
0.0 0.0 0.0
0.0 0.0 0.0
0.0 0.0 0.0
0.0 0.0 0.0
0.0 0.0 0.0
0.0 0.0 0.0
0.0 0.0 0.0
0.0 0.0 0.0
0.0 0.0 0.0
0.0 0.0 0.0
0.0 0.0 0.0
0.0 0.0 0.0
0.0 0.0 0.0
0.0 0.0 0.0
0.0 0.0 0.0
0.0 0.0 0.0
0.0 0.0 0.0
0.0 0.0 0.0
0.0 0.0 0.0
0.0 0.0 0.0
0.0 0.0 0.0
0.0 0.0 0.0
0.0 0.0 0.0
0.0 0.0 0.0
0.0 0.0 0.0
0.0 0.0 0.0
0.0 0.0 0.0
0.0 0.0 0.0
0.0 0.0 0.0
0.0 0.0 0.0
0.0 0.0 0.0
0.0 0.0 0.0
0.0 0.0 0.0
0.0 0.0 0.0
0.0 0.0 0.0
0.0 0.0 0.0
0.0 0.0 0.0
0.0 0.0 0.0
0.0 0.0 0.0
0.0 0.0 0.0
0.0 0.0 0.0
0.0 0.0 0.0
0.0 0.0 0.0
0.0 0.0 0.0
0.0 0.0 0.0
0.0 0.0 0.0
0.0 0.0 0.0
0.0 0.0 0.0
0.0 0.0 0.0
0.0 0.0 0.0
0.0 0.0 0.0
0.0 0.0 0.0
0.0 0.0 0.0
0.0 0.0 0.0
0.0 0.0 0.0
0.0 0.0 0.0
0.0 0.0 0.0
0.0 0.0 0.0
0.0 0.0 0.0
0.0 0.0 0.0
0.0 0.0 0.0
0.0 0.0 0.0
0.0 0.0 0.0
0.0 0.0 0.0
0.0 0.0 0.0
0.0 0.0 0.0
0.0 0.0 0.0
0.0 0.0 0.0
0.0 0.0 0.0
0.0 0.0 0.0
0.0 0.0 0.0
0.0 0.0 0.0
0.0 0.0 0.0
0.0 0.0 0.0
0.0 0.0 0.0
0.0 0.0 0.0
0.0 0.0 0.0
0.0 0.0 0.0
0.0 0.0 0.0
0.0 0.0 0.0
0.0 0.0 0.0
0.0 0.0 0.0
0.0 0.0 0.0
0.0 0.0 0.0
0.0 0.0 0.0
0.0 0.0 0.0
0.0 0.0 0.0
0.0 0.0 0.0
0.0 0.0 0.0
0.0 0.0 0.0
0.0 0.0 0.0
0.0 0.0 0.0
0.0 0.0 0.0
0.0 0.0 0.0
0.0 0.0 0.0
0.0 0.0 0.0
0.0 0.0 0.0
0.0 0.0 0.0
0.0 0.0 0.0
0.0 0.0 0.0
0.0 0.0 0.0
0.0 0.0 0.0
0.0 0.0 0.0
0.0 0.0 0.0
0.0 0.0 0.0
0.0 0.0 0.0
0.0 0.0 0.0
0.0 0.0 0.0
0.0 0.0 0.0
0.0 0.0 0.0
0.0 0.0 0.0
0.0 0.0 0.0
0.0 0.0 0.0
0.0 0.0 0.0
0.0 0.0 0.0
0.0 0.0 0.0
0.0 0.0 0.0
0.0 0.0 0.0
0.0 0.0 0.0
0.0 0.0 0.0
0.0 0.0 0.0
0.0 0.0 0.0
0.0 0.0 0.0
0.0 0.0 0.0
0.0 0.0 0.0
0.0 0.0 0.0
0.0 0.0 0.0
0.0 0.0 0.0
0.0 0.0 0.0
0.0 0.0 0.0
0.0 0.0 0.0
0.0 0.0 0.0
0.0 0.0 0.0
0.0 0.0 0.0
0.0 0.0 0.0
0.0 0.0 0.0
0.0 0.0 0.0
0.0 0.0 0.0
0.0 0.0 0.0
0.0 0.0 0.0
0.0 0.0 0.0
0.0 0.0 0.0
0.0 0.0 0.0
0.0 0.0 0.0
0.0 0.0 0.0
0.0 0.0 0.0
0.0 0.0 0.0
0.0 0.0 0.0
0.0 0.0 0.0
0.0 0.0 0.0
0.0 0.0 0.0
0.0 0.0 0.0
0.0 0.0 0.0
0.0 0.0 0.0
0.0 0.0 0.0
0.0 0.0 0.0
0.0 0.0 0.0
0.0 0.0 0.0
0.0 0.0 0.0
0.0 0.0 0.0
0.0 0.0 0.0
0.0 0.0 0.0
0.0 0.0 0.0
0.0 0.0 0.0
0.0 0.0 0.0
0.0 0.0 0.0
0.0 0.0 0.0
0.0 0.0 0.0
0.0 0.0 0.0
0.0 0.0 0.0
0.0 0.0 0.0
0.0 0.0 0.0
0.0 0.0 0.0
0.0 0.0 0.0
0.0 0.0 0.0
0.0 0.0 0.0
0.0 0.0 0.0
0.0 0.0 0.0
0.0 0.0 0.0
0.0 0.0 0.0
0.0 0.0 0.0
0.0 0.0 0.0
0.0 0.0 0.0
0.0 0.0 0.0
0.0 0.0 0.0
0.0 0.0 0.0
0.0 0.0 0.0
0.0 0.0 0.0
0.0 0.0 0.0
0.0 0.0 0.0
0.0 0.0 0.0
0.0 0.0 0.0
0.0 0.0 0.0
0.0 0.0 0.0
0.0 0.0 0.0
0.0 0.0 0.0
0.0 0.0 0.0
0.0 0.0 0.0
0.0 0.0 0.0
0.0 0.0 0.0
0.0 0.0 0.0
0.0 0.0 0.0
0.0 0.0 0.0
0.0 0.0 0.0
0.0 0.0 0.0
0.0 0.0 0.0
0.0 0.0 0.0
0.0 0.0 0.0
0.0 0.0 0.0
0.0 0.0 0.0
0.0 0.0 0.0
0.0 0.0 0.0
0.0 0.0 0.0
0.0 0.0 0.0
0.0 0.0 0.0
0.0 0.0 0.0
0.0 0.0 0.0
0.0 0.0 0.0
0.0 0.0 0.0
0.0 0.0 0.0
0.0 0.0 0.0
0.0 0.0 0.0
0.0 0.0 0.0
0.0 0.0 0.0
0.0 0.0 0.0
0.0 0.0 0.0
0.0 0.0 0.0
0.0 0.0 0.0
0.0 0.0 0.0
0.0 0.0 0.0
0.0 0.0 0.0
0.0 0.0 0.0
0.0 0.0 0.0
0.0 0.0 0.0
0.0 0.0 0.0
0.0 0.0 0.0
0.0 0.0 0.0
0.0 0.0 0.0
0.0 0.0 0.0
0.0 0.0 0.0
0.0 0.0 0.0
0.0 0.0 0.0
0.0 0.0 0.0
0.0 0.0 0.0
0.0 0.0 0.0
0.0 0.0 0.0
0.0 0.0 0.0
0.0 0.0 0.0
0.0 0.0 0.0
0.0 0.0 0.0
0.0 0.0 0.0
0.0 0.0 0.0
0.0 0.0 0.0
0.0 0.0 0.0
0.0 0.0 0.0
0.0 0.0 0.0
0.0 0.0 0.0
0.0 0.0 0.0
0.0 0.0 0.0
0.0 0.0 0.0
0.0 0.0 0.0
0.0 0.0 0.0
0.0 0.0 0.0
0.0 0.0 0.0
0.0 0.0 0.0
0.0 0.0 0.0
0.0 0.0 0.0
0.0 0.0 0.0
0.0 0.0 0.0
0.0 0.0 0.0
0.0 0.0 0.0
0.0 0.0 0.0
0.0 0.0 0.0
0.0 0.0 0.0
0.0 0.0 0.0
0.0 0.0 0.0
0.0 0.0 0.0
0.0 0.0 0.0
0.0 0.0 0.0
0.0 0.0 0.0
0.0 0.0 0.0
0.0 0.0 0.0
0.0 0.0 0.0
0.0 0.0 0.0
0.0 0.0 0.0
0.0 0.0 0.0
0.0 0.0 0.0
0.0 0.0 0.0
0.0 0.0 0.0
0.0 0.0 0.0
0.0 0.0 0.0
0.0 0.0 0.0
0.0 0.0 0.0
0.0 0.0 0.0
0.0 0.0 0.0
0.0 0.0 0.0
0.0 0.0 0.0
0.0 0.0 0.0
0.0 0.0 0.0
0.0 0.0 0.0
0.0 0.0 0.0
0.0 0.0 0.0
0.0 0.0 0.0
0.0 0.0 0.0
0.0 0.0 0.0
0.0 0.0 0.0
0.0 0.0 0.0
0.0 0.0 0.0
0.0 0.0 0.0
0.0 0.0 0.0
0.0 0.0 0.0
0.0 0.0 0.0
0.0 0.0 0.0
0.0 0.0 0.0
0.0 0.0 0.0
0.0 0.0 0.0
0.0 0.0 0.0
0.0 0.0 0.0
0.0 0.0 0.0
0.0 0.0 0.0
0.0 0.0 0.0
0.0 0.0 0.0
0.0 0.0 0.0
0.0 0.0 0.0
0.0 0.0 0.0
0.0 0.0 0.0
0.0 0.0 0.0
0.0 0.0 0.0
0.0 0.0 0.0
0.0 0.0 0.0
0.0 0.0 0.0
0.0 0.0 0.0
0.0 0.0 0.0
0.0 0.0 0.0
0.0 0.0 0.0
0.0 0.0 0.0
0.0 0.0 0.0
0.0 0.0 0.0
0.0 0.0 0.0
0.0 0.0 0.0
0.0 0.0 0.0
0.0 0.0 0.0
0.0 0.0 0.0
0.0 0.0 0.0
0.0 0.0 0.0
0.0 0.0 0.0
0.0 0.0 0.0
0.0 0.0 0.0
0.0 0.0 0.0
0.0 0.0 0.0
0.0 0.0 0.0
0.0 0.0 0.0
0.0 0.0 0.0
0.0 0.0 0.0
0.0 0.0 0.0
0.0 0.0 0.0
0.0 0.0 0.0
0.0 0.0 0.0
0.0 0.0 0.0
0.0 0.0 0.0
0.0 0.0 0.0
0.0 0.0 0.0
0.0 0.0 0.0
0.0 0.0 0.0
0.0 0.0 0.0
0.0 0.0 0.0
0.0 0.0 0.0
0.0 0.0 0.0
0.0 0.0 0.0
0.0 0.0 0.0
0.0 0.0 0.0
0.0 0.0 0.0
0.0 0.0 0.0
0.0 0.0 0.0
0.0 0.0 0.0
0.0 0.0 0.0
0.0 0.0 0.0
0.0 0.0 0.0
0.0 0.0 0.0
0.0 0.0 0.0
0.0 0.0 0.0
0.0 0.0 0.0
0.0 0.0 0.0
0.0 0.0 0.0
0.0 0.0 0.0
0.0 0.0 0.0
0.0 0.0 0.0
0.0 0.0 0.0
0.0 0.0 0.0
0.0 0.0 0.0
0.0 0.0 0.0
0.0 0.0 0.0
0.0 0.0 0.0
0.0 0.0 0.0
0.0 0.0 0.0
0.0 0.0 0.0
0.0 0.0 0.0
0.0 0.0 0.0
0.0 0.0 0.0
0.0 0.0 0.0
0.0 0.0 0.0
0.0 0.0 0.0
0.0 0.0 0.0
0.0 0.0 0.0
0.0 0.0 0.0
0.0 0.0 0.0
0.0 0.0 0.0
0.0 0.0 0.0
0.0 0.0 0.0
0.0 0.0 0.0
0.0 0.0 0.0
0.0 0.0 0.0
0.0 0.0 0.0
0.0 0.0 0.0
0.0 0.0 0.0
0.0 0.0 0.0
0.0 0.0 0.0
0.0 0.0 0.0
0.0 0.0 0.0
0.0 0.0 0.0
0.0 0.0 0.0
0.0 0.0 0.0
0.0 0.0 0.0
0.0 0.0 0.0
0.0 0.0 0.0
0.0 0.0 0.0
0.0 0.0 0.0
0.0 0.0 0.0
0.0 0.0 0.0
0.0 0.0 0.0
0.0 0.0 0.0
0.0 0.0 0.0
0.0 0.0 0.0
0.0 0.0 0.0
0.0 0.0 0.0
0.0 0.0 0.0
0.0 0.0 0.0
0.0 0.0 0.0
0.0 0.0 0.0
0.0 0.0 0.0
0.0 0.0 0.0
0.0 0.0 0.0
0.0 0.0 0.0
0.0 0.0 0.0
0.0 0.0 0.0
0.0 0.0 0.0
0.0 0.0 0.0
0.0 0.0 0.0
5320699.352 0.008
5309708.717 0.008
5298712.794 0.008
5287711.594 0.008
5276705.128 0.008
5265693.407 0.008
5254676.443 0.008
5243654.245 0.009
5232626.825 0.009
5221594.195 0.009
5210556.364 0.009
5199513.344 0.009
5188465.146 0.009
5177411.781 0.009
5166353.260 0.009
5155289.594 0.009
5144220.794 0.009
5133146.871 0.009
5122067.835 0.009
5110983.699 0.009
5099894.473 0.009
5088800.169 0.009
5077700.796 0.009
5066596.366 0.009
5055486.891 0.009
5044372.381 0.009
5033252.848 0.009
5022128.302 0.009
5010998.755 0.009
4999864.217 0.009
4988724.700 0.009
4977580.215 0.009
4966430.773 0.009
4955276.385 0.010
4944117.062 0.010
4932952.815 0.010
4921783.655 0.010
4910609.594 0.010
4899430.643 0.010
4888246.812 0.010
4877058.114 0.010
4865864.558 0.010
4854666.156 0.010
4843462.920 0.010
4832254.860 0.010
4821041.988 0.010
4809824.315 0.010
4798601.852 0.010
4787374.610 0.010
4776142.600 0.010
4764905.833 0.010
4753664.322 0.010
4742418.076 0.010
4731167.107 0.010
4719911.427 0.011
4708651.046 0.011
4697385.976 0.011
4686116.228 0.011
4674841.813 0.011
4663562.742 0.011
4652279.027 0.011
4640990.679 0.011
4629697.709 0.011
4618400.128 0.011
4607097.948 0.011
4595791.179 0.011
4584479.834 0.011
4573163.923 0.011
4561843.458 0.011
4550518.450 0.011
4539188.910 0.011
4527854.849 0.011
4516516.279 0.011
4505173.211 0.012
4493825.657 0.012
4482473.627 0.012
4471117.133 0.012
4459756.186 0.012
4448390.798 0.012
4437020.980 0.012
4425646.743 0.012
4414268.098 0.012
4402885.058 0.012
4391497.632 0.012
4380105.833 0.012
4368709.672 0.012
4357309.161 0.012
4345904.309 0.012
4334495.130 0.012
4323081.634 0.013
4311663.833 0.013
4300241.738 0.013
4288815.360 0.013
4277384.711 0.013
4265949.802 0.013
4254510.644 0.013
4243067.250 0.013
4231619.630 0.013
4220167.796 0.013
4208711.759 0.013
4197251.530 0.013
4185787.121 0.013
4174318.544 0.013
4162845.810 0.013
4151368.930 0.014
4139887.915 0.014
4128402.778 0.014
4116913.529 0.014
4105420.180 0.014
4093922.743 0.014
4082421.228 0.014
4070915.648 0.014
4059406.013 0.014
4047892.336 0.014
4036374.627 0.014
4024852.899 0.014
4013327.162 0.015
4001797.428 0.015
3990263.709 0.015
3978726.017 0.015
3967184.361 0.015
3955638.755 0.015
3944089.209 0.015
3932535.736 0.015
3920978.346 0.015
3909417.051 0.015
3897851.862 0.015
3886282.792 0.015
3874709.852 0.016
3863133.052 0.016
3851552.406 0.016
3839967.923 0.016
3828379.616 0.016
3816787.497 0.016
3805191.576 0.016
3793591.866 0.016
3781988.378 0.016
3770381.123 0.016
3758770.114 0.017
3747155.361 0.017
3735536.876 0.017
3723914.671 0.017
3712288.757 0.017
3700659.146 0.017
3689025.850 0.017
3677388.880 0.017
3665748.247 0.017
3654103.964 0.017
3642456.041 0.018
3630804.491 0.018
3619149.325 0.018
3607490.555 0.018
3595828.192 0.018
3584162.248 0.018
3572492.734 0.018
3560819.663 0.018
3549143.045 0.019
3537462.893 0.019
3525779.217 0.019
3514092.031 0.019
3502401.344 0.019
3490707.170 0.019
3479009.519 0.019
3467308.403 0.019
3455603.834 0.020
3443895.824 0.020
3432184.384 0.020
3420469.526 0.020
3408751.261 0.020
3397029.602 0.020
3385304.559 0.020
3373576.145 0.020
3361844.371 0.021
3350109.249 0.021
3338370.791 0.021
3326629.007 0.021
3314883.911 0.021
3303135.514 0.021
3291383.827 0.021
3279628.862 0.022
3267870.630 0.022
3256109.145 0.022
3244344.416 0.022
3232576.457 0.022
3220805.278 0.022
3209030.891 0.023
3197253.308 0.023
3185472.542 0.023
3173688.602 0.023
3161901.502 0.023
3150111.254 0.023
3138317.867 0.024
3126521.356 0.024
3114721.730 0.024
3102919.003 0.024
3091113.185 0.024
3079304.289 0.025
3067492.327 0.025
3055677.309 0.025
3043859.248 0.025
3032038.155 0.025
3020214.043 0.025
3008386.923 0.026
2996556.807 0.026
2984723.707 0.026
2972887.634 0.026
2961048.600 0.026
2949206.618 0.027
2937361.698 0.027
2925513.853 0.027
2913663.094 0.027
2901809.434 0.028
2889952.883 0.028
2878093.455 0.028
2866231.160 0.028
2854366.011 0.028
2842498.018 0.029
2830627.195 0.029
2818753.553 0.029
2806877.104 0.029
2794997.859 0.030
2783115.831 0.030
2771231.031 0.030
2759343.471 0.030
2747453.163 0.031
2735560.118 0.031
2723664.349 0.031
2711765.868 0.031
2699864.686 0.032
2687960.815 0.032
2676054.267 0.032
2664145.054 0.033
2652233.188 0.033
2640318.681 0.033
2628401.543 0.033
2616481.788 0.034
2604559.428 0.034
2592634.473 0.034
2580706.936 0.035
2568776.830 0.035
2556844.164 0.035
2544908.953 0.036
2532971.207 0.036
2521030.938 0.036
2509088.158 0.037
2497142.880 0.037
2485195.115 0.037
2473244.874 0.038
2461292.171 0.038
2449337.016 0.038
2437379.422 0.039
2425419.400 0.039
2413456.963 0.040
2401492.123 0.040
2389524.890 0.040
2377555.278 0.041
2365583.298 0.041
2353608.962 0.042
2341632.282 0.042
2329653.270 0.042
2317671.938 0.043
2305688.297 0.043
2293702.360 0.044
2281714.139 0.044
2269723.646 0.045
2257730.892 0.045
2245735.889 0.046
2233738.650 0.046
2221739.186 0.047
2209737.510 0.047
2197733.633 0.048
2185727.567 0.048
2173719.324 0.049
2161708.916 0.049
2149696.356 0.050
2137681.654 0.050
2125664.824 0.051
2113645.877 0.051
2101624.824 0.052
2089601.679 0.052
2077576.452 0.053
2065549.156 0.054
2053519.803 0.054
2041488.405 0.055
2029454.974 0.056
2017419.522 0.056
2005382.060 0.057
1993342.602 0.057
1981301.158 0.058
1969257.740 0.059
1957212.362 0.060
1945165.034 0.060
1933115.769 0.061
1921064.579 0.062
1909011.476 0.062
1896956.471 0.063
1884899.577 0.064
1872840.806 0.065
1860780.170 0.066
1848717.680 0.066
1836653.349 0.067
1824587.189 0.068
1812519.212 0.069
1800449.430 0.070
1788377.855 0.071
1776304.499 0.072
1764229.373 0.073
1752152.491 0.074
1740073.863 0.075
1727993.502 0.076
1715911.421 0.077
1703827.631 0.078
1691742.143 0.079
1679654.971 0.080
1667566.126 0.081
1655475.620 0.082
1643383.466 0.083
1631289.675 0.085
1619194.259 0.086
1607097.230 0.087
1594998.601 0.088
1582898.384 0.090
1570796.590 0.091
1558693.232 0.092
1546588.321 0.094
1534481.870 0.095
1522373.891 0.096
1510264.395 0.098
1498153.396 0.099
1486040.904 0.101
1473926.933 0.103
1461811.493 0.104
1449694.598 0.106
1437576.259 0.107
1425456.488 0.109
1413335.297 0.111
1401212.699 0.113
1389088.706 0.115
1376963.328 0.117
1364836.580 0.118
1352708.472 0.120
1340579.017 0.123
1328448.227 0.125
1316316.114 0.127
1304182.690 0.129
1292047.967 0.131
1279911.958 0.134
1267774.673 0.136
1255636.126 0.138
1243496.329 0.141
1231355.293 0.143
1219213.030 0.146
1207069.554 0.149
1194924.875 0.152
1182779.006 0.154
1170631.959 0.157
1158483.747 0.160
1146334.380 0.164
1134183.872 0.167
1122032.235 0.170
1109879.479 0.173
1097725.619 0.177
1085570.665 0.180
1073414.630 0.184
1061257.526 0.188
1049099.365 0.192
1036940.160 0.196
1024779.921 0.200
1012618.662 0.204
1000456.395 0.209
988293.131 0.213
976128.882 0.218
963963.662 0.223
951797.482 0.228
939630.353 0.233
927462.289 0.238
915293.301 0.244
903123.402 0.250
890952.603 0.255
878780.917 0.261
866608.355 0.268
854434.931 0.274
842260.655 0.281
830085.541 0.288
817909.600 0.295
805732.845 0.302
793555.287 0.310
781376.938 0.318
769197.812 0.326
757017.919 0.335
744837.272 0.344
732655.884 0.353
720473.766 0.362
708290.930 0.372
696107.389 0.382
683923.155 0.392
671738.240 0.403
659552.655 0.415
647366.414 0.426
635179.528 0.438
622992.009 0.451
610803.870 0.464
598615.123 0.477
586425.779 0.491
574235.852 0.505
562045.352 0.520
549854.293 0.536
537662.686 0.551
525470.543 0.568
513277.878 0.584
501084.701 0.602
488891.025 0.619
476696.862 0.638
464502.224 0.656
452307.124 0.675
440111.573 0.695
427915.584 0.715
415719.169 0.735
403522.340 0.755
391325.109 0.775
379127.488 0.795
366929.489 0.815
354731.125 0.835
342532.408 0.855
330333.350 0.874
318133.963 0.892
305934.259 0.909
293734.250 0.925
281533.948 0.939
269333.367 0.953
257132.517 0.964
244931.411 0.974
232730.061 0.982
220528.479 0.988
208326.677 0.993
196124.668 0.996
183922.464 0.998
171720.077 0.999
159517.518 1.000
147314.801 1.000
135111.937 1.000
122908.938 1.000
110705.817 1.000
98502.586 1.000
86299.257 1.000
74095.841 1.000
61892.352 1.000
49688.802 1.000
37485.201 1.000
25281.564 1.000
13077.901 1.000
874.225 1.000
11329.451 1.000
23533.117 1.000
35736.759 1.000
47940.365 1.000
20.079 2100574.361 0.066419853
20.201 2094380.106 0.066543690
20.323 2088190.963 0.066669667
20.446 2082006.985 0.066797791
20.569 2075828.223 0.066928067
20.693 2069654.732 0.067060502
20.817 2063486.566 0.067195101
20.942 2057323.778 0.067331873
21.067 2051166.425 0.067470823
21.193 2045014.561 0.067611959
21.320 2038868.243 0.067755288
21.447 2032727.529 0.067900817
21.575 2026592.475 0.068048555
21.703 2020463.140 0.068198508
21.832 2014339.582 0.068350686
21.962 2008221.861 0.068505096
22.092 2002110.038 0.068661748
22.223 1996004.172 0.068820648
22.354 1989904.326 0.068981807
22.486 1983810.561 0.069145233
22.619 1977722.941 0.069310936
22.752 1971641.528 0.069478924
22.886 1965566.386 0.069649208
23.020 1959497.582 0.069821797
23.156 1953435.179 0.069996700
23.291 1947379.246 0.070173929
23.428 1941329.848 0.070353492
23.565 1935287.053 0.070535401
23.703 1929250.931 0.070719665
23.841 1923221.549 0.070906296
23.980 1917198.980 0.071095305
24.120 1911183.292 0.071286701
24.261 1905174.558 0.071480497
24.402 1899172.851 0.071676704
24.544 1893178.244 0.071875332
24.687 1887190.810 0.072076394
24.830 1881210.625 0.072279901
24.974 1875237.765 0.072485865
25.119 1869272.305 0.072694297
25.264 1863314.325 0.072905211
25.410 1857363.901 0.073118617
25.557 1851421.113 0.073334529
25.705 1845486.042 0.073552958
25.854 1839558.769 0.073773917
26.003 1833639.375 0.073997418
26.153 1827727.943 0.074223475
26.304 1821824.558 0.074452100
26.455 1815929.304 0.074683306
26.607 1810042.266 0.074917106
26.761 1804163.533 0.075153513
26.914 1798293.190 0.075392540
27.069 1792431.328 0.075634200
27.225 1786578.035 0.075878506
27.381 1780733.403 0.076125473
27.538 1774897.524 0.076375112
27.696 1769070.490 0.076627438
27.855 1763252.395 0.076882464
28.015 1757443.335 0.077140203
28.175 1751643.405 0.077400670
28.336 1745852.703 0.077663877
28.499 1740071.327 0.077929838
28.662 1734299.376 0.078198567
28.826 1728536.952 0.078470077
28.991 1722784.155 0.078744382
29.156 1717041.089 0.079021496
29.323 1711307.858 0.079301432
29.491 1705584.567 0.079584203
29.659 1699871.323 0.079869823
29.828 1694168.233 0.080158305
29.999 1688475.407 0.080449664
30.170 1682792.955 0.080743912
30.342 1677120.988 0.081041062
30.515 1671459.620 0.081341128
30.690 1665808.963 0.081644122
30.865 1660169.134 0.081950059
31.041 1654540.250 0.082258950
31.218 1648922.428 0.082570808
31.396 1643315.789 0.082885647
31.575 1637720.452 0.083203478
31.755 1632136.540 0.083524314
31.936 1626564.177 0.083848166
32.118 1621003.488 0.084175048
32.301 1615454.599 0.084504971
32.485 1609917.638 0.084837946
32.670 1604392.735 0.085173984
32.856 1598880.021 0.085513097
33.044 1593379.627 0.085855297
33.232 1587891.689 0.086200592
33.421 1582416.340 0.086548994
33.612 1576953.719 0.086900512
33.803 1571503.964 0.087255157
33.996 1566067.215 0.087612938
34.190 1560643.614 0.087973863
34.385 1555233.303 0.088337942
34.581 1549836.429 0.088705183
34.778 1544453.137 0.089075593
34.976 1539083.576 0.089449181
35.176 1533727.896 0.089825953
35.376 1528386.249 0.090205915
35.578 1523058.787 0.090589075
35.781 1517745.666 0.090975437
35.985 1512447.043 0.091365006
36.190 1507163.076 0.091757788
36.397 1501893.925 0.092153786
36.605 1496639.753 0.092553004
36.814 1491400.724 0.092955444
37.024 1486177.003 0.093361108
37.235 1480968.758 0.093769999
37.448 1475776.157 0.094182116
37.662 1470599.374 0.094597461
37.877 1465438.580 0.095016032
38.094 1460293.950 0.095437828
38.311 1455165.662 0.095862847
38.530 1450053.894 0.096291085
38.751 1444958.827 0.096722540
38.972 1439880.644 0.097157206
39.195 1434819.530 0.097595078
39.419 1429775.670 0.098036149
39.645 1424749.254 0.098480412
39.872 1419740.473 0.098927859
40.100 1414749.518 0.099378479
40.330 1409776.585 0.099832262
40.561 1404821.870 0.100289197
40.793 1399885.571 0.100749271
41.027 1394967.891 0.101212470
41.262 1390069.031 0.101678779
41.498 1385189.196 0.102148181
41.736 1380328.593 0.102620659
41.975 1375487.431 0.103096195
42.216 1370665.922 0.103574767
42.458 1365864.279 0.104056355
42.701 1361082.716 0.104540935
42.946 1356321.451 0.105028483
43.193 1351580.705 0.105518974
43.441 1346860.698 0.106012379
43.690 1342161.654 0.106508670
43.941 1337483.800 0.107007816
44.193 1332827.363 0.107509786
44.446 1328192.573 0.108014546
44.702 1323579.663 0.108522059
44.958 1318988.867 0.109032289
45.216 1314420.422 0.109545197
45.476 1309874.566 0.110060742
45.737 1305351.541 0.110578881
46.000 1300851.588 0.111099571
46.264 1296374.954 0.111622763
46.529 1291921.884 0.112148410
46.796 1287492.629 0.112676462
47.065 1283087.440 0.113206866
47.335 1278706.570 0.113739566
47.607 1274350.274 0.114274508
47.880 1270018.810 0.114811631
48.155 1265712.437 0.115350875
48.431 1261431.417 0.115892176
48.709 1257176.013 0.116435469
48.988 1252946.491 0.116980686
49.269 1248743.118 0.117527756
49.552 1244566.164 0.118076608
49.835 1240415.899 0.118627166
50.121 1236292.598 0.119179353
50.408 1232196.534 0.119733089
50.696 1228127.984 0.120288292
50.986 1224087.229 0.120844876
51.278 1220074.546 0.121402756
51.571 1216090.220 0.121961840
51.866 1212134.532 0.122522035
52.162 1208207.770 0.123083248
52.460 1204310.220 0.123645381
52.759 1200442.170 0.124208332
53.059 1196603.911 0.124771999
53.361 1192795.734 0.125336276
53.665 1189017.931 0.125901054
53.970 1185270.799 0.126466224
54.277 1181554.632 0.127031670
54.584 1177869.726 0.127597277
54.894 1174216.381 0.128162925
55.205 1170594.896 0.128728492
55.517 1167005.570 0.129293854
55.831 1163448.706 0.129858884
56.146 1159924.605 0.130423451
56.462 1156433.570 0.130987423
56.780 1152975.906 0.131550665
57.099 1149551.918 0.132113039
57.419 1146161.910 0.132674404
57.741 1142806.188 0.133234618
58.064 1139485.060 0.133793534
58.388 1136198.830 0.134351005
58.713 1132947.808 0.134906881
59.040 1129732.299 0.135461007
59.367 1126552.612 0.136013230
59.696 1123409.053 0.136563390
60.026 1120301.930 0.137111329
60.357 1117231.550 0.137656884
60.689 1114198.220 0.138199891
61.022 1111202.247 0.138740184
61.356 1108243.936 0.139277593
61.690 1105323.594 0.139811949
62.026 1102441.523 0.140343080
62.362 1099598.030 0.140870812
62.699 1096793.415 0.141394968
63.037 1094027.982 0.141915373
63.376 1091302.030 0.142431847
63.715 1088615.860 0.142944211
64.054 1085969.768 0.143452283
64.394 1083364.052 0.143955880
64.735 1080799.006 0.144454821
65.076 1078274.923 0.144948919
65.417 1075792.093 0.145437991
65.758 1073350.805 0.145921850
66.099 1070951.346 0.146400311
66.440 1068594.001 0.146873186
66.781 1066279.050 0.147340289
67.122 1064006.772 0.147801433
67.462 1061777.444 0.148256432
67.802 1059591.339 0.148705098
68.141 1057448.728 0.149147246
68.480 1055349.877 0.149582690
68.818 1053295.049 0.150011245
69.154 1051284.506 0.150432727
69.490 1049318.503 0.150846953
69.824 1047397.293 0.151253742
70.157 1045521.125 0.151652912
70.488 1043690.244 0.152044286
70.818 1041904.890 0.152427686
71.145 1040165.299 0.152802937
71.470 1038471.703 0.153169866
71.793 1036824.329 0.153528303
72.113 1035223.398 0.153878078
72.430 1033669.129 0.154219027
72.743 1032161.734 0.154550986
73.053 1030701.419 0.154873796
73.359 1029288.386 0.155187300
73.662 1027922.832 0.155491345
73.959 1026604.947 0.155785780
74.252 1025334.916 0.156070461
74.539 1024112.919 0.156345245
74.821 1022939.128 0.156609992
75.097 1021813.710 0.156864571
75.366 1020736.827 0.157108850
75.628 1019708.634 0.157342705
75.883 1018729.278 0.157566015
76.130 1017798.901 0.157778665
76.368 1016917.639 0.157980544
76.598 1016085.620 0.158171547
76.818 1015302.965 0.158351572
77.027 1014569.790 0.158520526
77.226 1013886.202 0.158678318
77.414 1013252.302 0.158824865
77.590 1012668.185 0.158960088
77.753 1012133.935 0.159083915
77.903 1011649.634 0.159196280
78.040 1011215.352 0.159297122
78.163 1010831.154 0.159386386
78.271 1010497.098 0.159464025
78.364 1010213.234 0.159529996
78.442 1009979.604 0.159584263
78.504 1009796.242 0.159626796
78.550 1009663.176 0.159657573
78.580 1009580.426 0.159676577
78.593 1009548.004 0.159683797
78.590 1009565.914 0.159679229
78.570 1009634.154 0.159662875
78.534 1009752.713 0.159634744
78.482 1009921.573 0.159594852
78.415 1010140.707 0.159543220
78.331 1010410.084 0.159479876
78.232 1010729.662 0.159404854
78.119 1011099.393 0.159318194
77.991 1011519.221 0.159219944
77.849 1011989.083 0.159110156
77.693 1012508.909 0.158988890
77.525 1013078.621 0.158856209
77.345 1013698.134 0.158712185
77.153 1014367.355 0.158556895
76.950 1015086.186 0.158390421
76.737 1015854.520 0.158212851
76.514 1016672.243 0.158024279
76.281 1017539.236 0.157824804
76.040 1018455.372 0.157614530
75.790 1019420.516 0.157393566
75.532 1020434.528 0.157162026
75.268 1021497.261 0.156920030
74.996 1022608.562 0.156667702
74.718 1023768.271 0.156405170
74.435 1024976.223 0.156132567
74.146 1026232.246 0.155850030
73.851 1027536.160 0.155557701
73.552 1028887.784 0.155255723
73.249 1030286.927 0.154944247
72.942 1031733.394 0.154623425
72.631 1033226.984 0.154293411
72.316 1034767.492 0.153954366
71.999 1036354.706 0.153606452
71.678 1037988.410 0.153249832
71.355 1039668.383 0.152884676
71.030 1041394.399 0.152511152
70.702 1043166.227 0.152129434
70.372 1044983.632 0.151739696
70.041 1046846.374 0.151342114
69.708 1048754.209 0.150936867
69.373 1050706.890 0.150524135
69.038 1052704.164 0.150104098
68.701 1054745.776 0.149676941
68.364 1056831.466 0.149242846
68.025 1058960.971 0.148801998
67.686 1061134.025 0.148354582
67.347 1063350.358 0.147900785
67.007 1065609.698 0.147440794
66.667 1067911.768 0.146974793
66.326 1070256.290 0.146502971
65.986 1072642.984 0.146025515
65.645 1075071.565 0.145542610
65.305 1077541.747 0.145054444
64.964 1080053.242 0.144561201
64.624 1082605.759 0.144063067
64.285 1085199.005 0.143560227
63.945 1087832.687 0.143052865
63.607 1090506.509 0.142541162
63.268 1093220.172 0.142025300
62.931 1095973.377 0.141505460
62.594 1098765.824 0.140981820
62.258 1101597.212 0.140454558
61.922 1104467.236 0.139923850
61.588 1107375.594 0.139389870
61.254 1110321.982 0.138852791
60.921 1113306.092 0.138312783
60.589 1116327.620 0.137770016
60.258 1119386.259 0.137224656
59.928 1122481.702 0.136676868
59.600 1125613.641 0.136126815
59.272 1128781.770 0.135574657
58.945 1131985.781 0.135020552
58.620 1135225.365 0.134464656
58.296 1138500.216 0.133907123
57.973 1141810.027 0.133348105
57.651 1145154.490 0.132787749
57.331 1148533.298 0.132226202
57.011 1151946.147 0.131663607
56.694 1155392.729 0.131100106
56.377 1158872.740 0.130535837
56.062 1162385.877 0.129970936
55.748 1165931.834 0.129405537
55.436 1169510.310 0.128839769
55.125 1173121.003 0.128273761
54.815 1176763.612 0.127707638
54.507 1180437.838 0.127141523
54.200 1184143.381 0.126575535
53.895 1187879.945 0.126009791
53.591 1191647.234 0.125444406
53.289 1195444.952 0.124879492
52.988 1199272.806 0.124315158
52.689 1203130.504 0.123751510
52.391 1207017.756 0.123188652
52.094 1210934.273 0.122626684
51.800 1214879.766 0.122065706
51.506 1218853.951 0.121505813
51.214 1222856.542 0.120947098
50.924 1226887.257 0.120389651
50.635 1230945.815 0.119833561
50.348 1235031.938 0.119278914
50.062 1239145.347 0.118725791
49.778 1243285.767 0.118174274
49.495 1247452.925 0.117624440
49.214 1251646.548 0.117076366
48.935 1255866.368 0.116530123
48.657 1260112.114 0.115985784
48.380 1264383.523 0.115443415
48.105 1268680.329 0.114903084
47.831 1273002.271 0.114364855
47.559 1277349.088 0.113828788
47.289 1281720.523 0.113294943
47.020 1286116.319 0.112763378
46.753 1290536.222 0.112234148
46.487 1294979.981 0.111707305
46.222 1299447.346 0.111182901
45.959 1303938.069 0.110660984
45.698 1308451.905 0.110141602
45.438 1312988.610 0.109624799
45.180 1317547.942 0.109110619
44.923 1322129.662 0.108599102
44.667 1326733.534 0.108090289
44.413 1331359.322 0.107584217
44.161 1336006.793 0.107080921
43.910 1340675.717 0.106580437
43.660 1345365.864 0.106082796
43.412 1350077.009 0.105588029
43.166 1354808.927 0.105096166
42.920 1359561.395 0.104607234
42.676 1364334.194 0.104121260
42.434 1369127.106 0.103638268
42.193 1373939.914 0.103158282
41.954 1378772.405 0.102681323
41.715 1383624.368 0.102207412
41.479 1388495.591 0.101736568
41.243 1393385.869 0.101268809
41.009 1398294.996 0.100804152
40.777 1403222.767 0.100342611
40.546 1408168.983 0.099884202
40.316 1413133.443 0.099428937
40.087 1418115.950 0.098976828
39.860 1423116.310 0.098527885
39.634 1428134.329 0.098082119
39.410 1433169.816 0.097639538
39.186 1438222.581 0.097200150
38.965 1443292.438 0.096763962
38.744 1448379.202 0.096330979
38.525 1453482.689 0.095901206
38.307 1458602.718 0.095474648
38.090 1463739.109 0.095051307
37.875 1468891.685 0.094631185
37.660 1474060.271 0.094214285
37.447 1479244.693 0.093800607
37.236 1484444.779 0.093390150
37.025 1489660.359 0.092982916
36.816 1494891.266 0.092578901
36.608 1500137.332 0.092178104
36.401 1505398.395 0.091780522
36.196 1510674.290 0.091386152
35.991 1515964.858 0.090994989
35.788 1521269.938 0.090607031
35.586 1526589.375 0.090222271
35.385 1531923.013 0.089840704
35.186 1537270.697 0.089462323
34.987 1542632.275 0.089087123
34.790 1548007.598 0.088715097
34.593 1553396.516 0.088346236
34.398 1558798.883 0.087980534
34.204 1564214.553 0.087617981
34.011 1569643.381 0.087258569
33.819 1575085.227 0.086902290
33.629 1580539.950 0.086549133
33.439 1586007.410 0.086199090
33.250 1591487.470 0.085852149
33.063 1596979.995 0.085508301
32.877 1602484.850 0.085167536
32.691 1608001.901 0.084829841
32.507 1613531.019 0.084495207
32.324 1619072.073 0.084163621
32.141 1624624.934 0.083835073
31.960 1630189.476 0.083509550
31.780 1635765.574 0.083187040
31.601 1641353.103 0.082867531
31.422 1646951.941 0.082551012
31.245 1652561.967 0.082237468
31.069 1658183.060 0.081926888
30.894 1663815.102 0.081619259
30.719 1669457.977 0.081314567
30.546 1675111.569 0.081012801
30.374 1680775.762 0.080713946
30.202 1686450.444 0.080417989
30.032 1692135.503 0.080124918
29.862 1697830.828 0.079834718
29.693 1703536.310 0.079547376
29.526 1709251.841 0.079262878
29.359 1714977.314 0.078981212
29.193 1720712.624 0.078702363
29.028 1726457.666 0.078426318
28.864 1732212.336 0.078153063
28.700 1737976.533 0.077882585
28.538 1743750.156 0.077614869
28.376 1749533.104 0.077349902
28.216 1755325.280 0.077087670
28.056 1761126.586 0.076828160
27.897 1766936.925 0.076571358
27.739 1772756.203 0.076317251
27.581 1778584.324 0.076065824
27.425 1784421.196 0.075817065
27.269 1790266.727 0.075570959
27.114 1796120.825 0.075327493
26.960 1801983.401 0.075086655
26.807 1807854.366 0.074848430
26.655 1813733.631 0.074612805
26.503 1819621.109 0.074379768
26.352 1825516.715 0.074149305
26.202 1831420.364 0.073921402
26.052 1837331.970 0.073696048
25.904 1843251.452 0.073473229
25.756 1849178.727 0.073252932
25.609 1855113.713 0.073035145
25.462 1861056.331 0.072819855
25.317 1867006.501 0.072607050
25.172 1872964.143 0.072396718
25.028 1878929.181 0.072188846
24.884 1884901.538 0.071983422
24.741 1890881.137 0.071780434
24.599 1896867.904 0.071579871
24.458 1902861.763 0.071381720
24.317 1908862.643 0.071185971
24.177 1914870.469 0.070992611
24.038 1920885.170 0.070801629
23.899 1926906.676 0.070613014
23.762 1932934.915 0.070426756
23.624 1938969.818 0.070242842
23.488 1945011.317 0.070061264
23.352 1951059.343 0.069882009
23.216 1957113.829 0.069705067
23.082 1963174.709 0.069530429
22.948 1969241.917 0.069358084
22.814 1975315.388 0.069188022
22.682 1981395.057 0.069020234
22.549 1987480.862 0.068854709
22.418 1993572.738 0.068691439
22.287 1999670.624 0.068530414
22.157 2005774.458 0.068371625
22.027 2011884.179 0.068215063
21.898 2017999.727 0.068060720
21.770 2024121.042 0.067908586
21.642 2030248.066 0.067758653
21.514 2036380.739 0.067610914
21.388 2042519.005 0.067465361
21.262 2048662.806 0.067321984
21.136 2054812.086 0.067180778
21.011 2060966.788 0.067041734
20.887 2067126.858 0.066904845
20.763 2073292.241 0.066770104
20.639 2079462.883 0.066637505
20.517 2085638.730 0.066507040
20.394 2091819.729 0.066378704
20.273 2098005.828 0.066252490
20.152 2104196.975 0.066128391
20.031 2110393.119 0.066006403
