20.058 2109963.787 0.065986519
20.125 2106489.615 0.066055229
20.192 2103032.679 0.066124288
20.259 2099593.067 0.066193686
20.326 2096170.870 0.066263412
20.393 2092766.178 0.066333458
20.459 2089379.080 0.066403812
20.526 2086009.666 0.066474465
20.592 2082658.026 0.066545406
20.658 2079324.252 0.066616625
20.724 2076008.432 0.066688112
20.790 2072710.658 0.066759856
20.855 2069431.019 0.066831847
20.921 2066169.608 0.066904074
20.986 2062926.513 0.066976527
21.051 2059701.826 0.067049196
21.116 2056495.638 0.067122069
21.181 2053308.040 0.067195136
21.245 2050139.122 0.067268386
21.309 2046988.974 0.067341808
21.373 2043857.689 0.067415392
21.437 2040745.357 0.067489126
21.501 2037652.068 0.067563000
21.564 2034577.915 0.067637003
21.627 2031522.986 0.067711123
21.690 2028487.374 0.067785349
21.753 2025471.170 0.067859670
21.815 2022474.463 0.067934076
21.877 2019497.345 0.068008554
21.939 2016539.906 0.068083093
22.001 2013602.238 0.068157683
22.062 2010684.429 0.068232311
22.123 2007786.572 0.068306966
22.184 2004908.756 0.068381636
22.245 2002051.071 0.068456311
22.305 1999213.608 0.068530978
22.365 1996396.457 0.068605626
22.425 1993599.706 0.068680244
22.485 1990823.447 0.068754818
22.544 1988067.769 0.068829339
22.603 1985332.760 0.068903793
22.661 1982618.511 0.068978169
22.720 1979925.110 0.069052456
22.778 1977252.646 0.069126641
22.835 1974601.208 0.069200712
22.893 1971970.883 0.069274658
22.950 1969361.761 0.069348467
23.007 1966773.928 0.069422126
23.063 1964207.474 0.069495623
23.119 1961662.484 0.069568947
23.175 1959139.047 0.069642085
23.230 1956637.248 0.069715026
23.285 1954157.176 0.069787756
23.340 1951698.914 0.069860265
23.394 1949262.551 0.069932540
23.448 1946848.170 0.070004569
23.501 1944455.858 0.070076339
23.555 1942085.699 0.070147839
23.607 1939737.778 0.070219056
23.660 1937412.179 0.070289978
23.712 1935108.985 0.070360593
23.763 1932828.280 0.070430890
23.814 1930570.146 0.070500855
23.865 1928334.667 0.070570476
23.916 1926121.924 0.070639742
23.966 1923931.998 0.070708641
24.015 1921764.971 0.070777159
24.064 1919620.924 0.070845286
24.113 1917499.936 0.070913009
24.161 1915402.087 0.070980316
24.209 1913327.457 0.071047194
24.256 1911276.123 0.071113633
24.303 1909248.164 0.071179620
24.350 1907243.657 0.071245144
24.396 1905262.679 0.071310191
24.441 1903305.307 0.071374751
24.486 1901371.616 0.071438812
24.531 1899461.682 0.071502362
24.575 1897575.579 0.071565388
24.619 1895713.380 0.071627881
24.662 1893875.159 0.071689827
24.705 1892060.989 0.071751216
24.747 1890270.942 0.071812036
24.788 1888505.088 0.071872276
24.830 1886763.499 0.071931924
24.870 1885046.244 0.071990969
24.910 1883353.393 0.072049400
24.950 1881685.013 0.072107205
24.989 1880041.173 0.072164374
25.028 1878421.940 0.072220896
25.066 1876827.379 0.072276760
25.103 1875257.556 0.072331955
25.140 1873712.535 0.072386471
25.176 1872192.381 0.072440296
25.212 1870697.157 0.072493421
25.248 1869226.924 0.072545835
25.282 1867781.744 0.072597528
25.317 1866361.677 0.072648490
25.350 1864966.784 0.072698710
25.383 1863597.122 0.072748180
25.416 1862252.751 0.072796888
25.448 1860933.725 0.072844825
25.479 1859640.103 0.072891982
25.510 1858371.939 0.072938350
25.540 1857129.286 0.072983919
25.569 1855912.200 0.073028679
25.598 1854720.731 0.073072623
25.627 1853554.932 0.073115740
25.654 1852414.853 0.073158023
25.682 1851300.543 0.073199463
25.708 1850212.050 0.073240052
25.734 1849149.424 0.073279780
25.759 1848112.709 0.073318640
25.784 1847101.951 0.073356625
25.808 1846117.195 0.073393726
25.832 1845158.484 0.073429936
25.854 1844225.861 0.073465247
25.877 1843319.367 0.073499652
25.898 1842439.043 0.073533144
25.919 1841584.926 0.073565716
25.939 1840757.057 0.073597361
25.959 1839955.471 0.073628074
25.978 1839180.204 0.073657846
25.996 1838431.293 0.073686673
26.014 1837708.769 0.073714548
26.031 1837012.667 0.073741465
26.047 1836343.017 0.073767419
26.063 1835699.850 0.073792405
26.078 1835083.195 0.073816417
26.092 1834493.080 0.073839450
26.106 1833929.533 0.073861499
26.119 1833392.579 0.073882560
26.132 1832882.243 0.073902629
26.143 1832398.548 0.073921701
26.154 1831941.518 0.073939772
26.165 1831511.172 0.073956838
26.174 1831107.531 0.073972896
26.183 1830730.614 0.073987943
26.192 1830380.438 0.074001975
26.200 1830057.021 0.074014990
26.207 1829760.377 0.074026985
26.213 1829490.520 0.074037957
26.218 1829247.463 0.074047904
26.223 1829031.218 0.074056824
26.228 1828841.796 0.074064715
26.231 1828679.206 0.074071576
26.234 1828543.455 0.074077405
26.236 1828434.550 0.074082201
26.238 1828352.499 0.074085964
26.239 1828297.303 0.074088692
26.239 1828268.968 0.074090385
26.239 1828267.495 0.074091042
26.237 1828292.885 0.074090665
26.236 1828345.137 0.074089253
26.233 1828424.249 0.074086805
26.230 1828530.220 0.074083324
26.226 1828663.045 0.074078810
26.221 1828822.718 0.074073264
26.216 1829009.234 0.074066687
26.210 1829222.583 0.074059081
26.203 1829462.759 0.074050448
26.196 1829729.750 0.074040789
26.188 1830023.546 0.074030107
26.179 1830344.133 0.074018404
26.170 1830691.498 0.074005683
26.160 1831065.627 0.073991947
26.149 1831466.502 0.073977199
26.138 1831894.108 0.073961442
26.126 1832348.425 0.073944680
26.113 1832829.434 0.073926916
26.100 1833337.114 0.073908155
26.086 1833871.443 0.073888400
26.071 1834432.398 0.073867656
26.056 1835019.955 0.073845927
26.040 1835634.088 0.073823219
26.023 1836274.770 0.073799535
26.005 1836941.975 0.073774882
25.987 1837635.672 0.073749265
25.969 1838355.832 0.073722689
25.949 1839102.425 0.073695160
25.929 1839875.417 0.073666685
25.909 1840674.775 0.073637268
25.888 1841500.465 0.073606917
25.866 1842352.452 0.073575638
25.843 1843230.697 0.073543438
25.820 1844135.165 0.073510323
25.796 1845065.816 0.073476302
25.772 1846022.610 0.073441380
25.747 1847005.506 0.073405565
25.721 1848014.463 0.073368866
25.695 1849049.437 0.073331290
25.668 1850110.383 0.073292844
25.640 1851197.259 0.073253537
25.612 1852310.016 0.073213377
25.583 1853448.608 0.073172373
25.554 1854612.986 0.073130532
25.524 1855803.103 0.073087865
25.494 1857018.907 0.073044379
25.463 1858260.348 0.073000083
25.431 1859527.374 0.072954988
25.399 1860819.932 0.072909101
25.366 1862137.967 0.072862433
25.332 1863481.426 0.072814993
25.298 1864850.252 0.072766791
25.264 1866244.390 0.072717836
25.228 1867663.781 0.072668139
25.193 1869108.367 0.072617709
25.156 1870578.089 0.072566557
25.120 1872072.887 0.072514693
25.082 1873592.699 0.072462127
25.044 1875137.466 0.072408870
25.006 1876707.122 0.072354933
24.967 1878301.606 0.072300326
24.927 1879920.853 0.072245060
24.887 1881564.798 0.072189145
24.847 1883233.376 0.072132594
24.806 1884926.519 0.072075417
24.764 1886644.161 0.072017624
24.722 1888386.234 0.071959228
24.679 1890152.668 0.071900240
24.636 1891943.395 0.071840671
24.593 1893758.345 0.071780532
24.548 1895597.445 0.071719836
24.504 1897460.626 0.071658593
24.459 1899347.815 0.071596815
24.413 1901258.938 0.071534514
24.367 1903193.923 0.071471702
24.321 1905152.695 0.071408391
24.274 1907135.181 0.071344592
24.226 1909141.303 0.071280318
24.179 1911170.987 0.071215580
24.130 1913224.156 0.071150390
24.081 1915300.733 0.071084761
24.032 1917400.641 0.071018705
23.983 1919523.800 0.070952233
23.933 1921670.133 0.070885357
23.882 1923839.561 0.070818091
23.831 1926032.003 0.070750445
23.780 1928247.380 0.070682433
23.728 1930485.611 0.070614067
23.676 1932746.614 0.070545358
23.624 1935030.308 0.070476319
23.571 1937336.612 0.070406963
23.517 1939665.442 0.070337301
23.464 1942016.716 0.070267346
23.410 1944390.351 0.070197110
23.355 1946786.263 0.070126605
23.300 1949204.367 0.070055844
23.245 1951644.580 0.069984840
23.190 1954106.816 0.069913603
23.134 1956590.991 0.069842147
23.077 1959097.019 0.069770483
23.021 1961624.814 0.069698625
22.964 1964174.290 0.069626583
22.907 1966745.361 0.069554372
22.849 1969337.941 0.069482001
22.791 1971951.941 0.069409485
22.733 1974587.275 0.069336834
22.674 1977243.856 0.069264062
22.615 1979921.595 0.069191180
22.556 1982620.405 0.069118200
22.497 1985340.198 0.069045134
22.437 1988080.885 0.068971995
22.377 1990842.378 0.068898793
22.316 1993624.587 0.068825543
22.256 1996427.425 0.068752254
22.195 1999250.801 0.068678939
22.134 2002094.627 0.068605610
22.072 2004958.812 0.068532279
22.010 2007843.269 0.068458958
21.948 2010747.906 0.068385657
21.886 2013672.634 0.068312390
21.823 2016617.363 0.068239166
21.761 2019582.003 0.068166000
21.697 2022566.465 0.068092900
21.634 2025570.657 0.068019880
21.571 2028594.489 0.067946951
21.507 2031637.872 0.067874124
21.443 2034700.715 0.067801410
21.379 2037782.928 0.067728821
21.314 2040884.419 0.067656368
21.250 2044005.099 0.067584062
21.185 2047144.877 0.067511915
21.120 2050303.663 0.067439937
21.054 2053481.365 0.067368141
20.989 2056677.895 0.067296535
20.923 2059893.161 0.067225133
20.858 2063127.072 0.067153944
20.791 2066379.539 0.067082980
20.725 2069650.471 0.067012251
20.659 2072939.778 0.066941768
20.592 2076247.369 0.066871541
20.526 2079573.155 0.066801583
20.459 2082917.044 0.066731902
20.392 2086278.948 0.066662511
20.324 2089658.777 0.066593418
20.257 2093056.439 0.066524635
20.189 2096471.846 0.066456172
20.122 2099904.908 0.066388040
20.054 2103355.536 0.066320248
2603806.991 0.034
2591882.604 0.034
2579955.636 0.035
2568026.099 0.035
2556094.004 0.035
2544159.364 0.036
2532222.191 0.036
2520282.495 0.036
2508340.290 0.037
2496395.587 0.037
2484448.398 0.037
2472498.735 0.038
2460546.610 0.038
2448592.035 0.038
2436635.021 0.039
2424675.580 0.039
2412713.726 0.040
2400749.468 0.040
2388782.820 0.040
2376813.792 0.041
2364842.398 0.041
2352868.649 0.042
2340892.557 0.042
2328914.134 0.042
2316933.392 0.043
2304950.342 0.043
2292964.997 0.044
2280977.369 0.044
2268987.469 0.045
2256995.309 0.045
2245000.902 0.046
2233004.260 0.046
2221005.394 0.047
2209004.316 0.047
2197001.038 0.048
2184995.572 0.048
2172987.931 0.049
2160978.125 0.049
2148966.168 0.050
2136952.071 0.050
2124935.845 0.051
2112917.504 0.051
2100897.059 0.052
2088874.521 0.052
2076849.903 0.053
2064823.217 0.054
2052794.475 0.054
2040763.689 0.055
2028730.870 0.056
2016696.031 0.056
2004659.184 0.057
1992620.341 0.058
1980579.513 0.058
1968536.713 0.059
1956491.953 0.060
1944445.245 0.060
1932396.600 0.061
1920346.031 0.062
1908293.549 0.063
1896239.167 0.063
1884182.897 0.064
1872124.751 0.065
1860064.740 0.066
1848002.877 0.067
1835939.174 0.067
1823873.643 0.068
1811806.295 0.069
1799737.143 0.070
1787666.199 0.071
1775593.475 0.072
1763518.982 0.073
1751442.734 0.074
1739364.741 0.075
1727285.016 0.076
1715203.571 0.077
1703120.419 0.078
1691035.570 0.079
1678949.037 0.080
1666860.832 0.081
1654770.968 0.082
1642679.455 0.083
1630586.307 0.085
1618491.535 0.086
1606395.152 0.087
1594297.168 0.088
1582197.598 0.090
1570096.451 0.091
1557993.741 0.092
1545889.480 0.094
1533783.679 0.095
1521676.351 0.097
1509567.507 0.098
1497457.161 0.099
1485345.323 0.101
1473232.006 0.103
1461117.222 0.104
1449000.983 0.106
1436883.301 0.108
1424764.188 0.109
1412643.657 0.111
1400521.718 0.113
1388398.385 0.115
1376273.670 0.117
1364147.584 0.119
1352020.140 0.121
1339891.349 0.123
1327761.224 0.125
1315629.777 0.127
1303497.020 0.129
1291362.964 0.131
1279227.623 0.134
1267091.008 0.136
1254953.131 0.138
1242814.005 0.141
1230673.641 0.144
1218532.051 0.146
1206389.248 0.149
1194245.244 0.152
1182100.050 0.155
1169953.680 0.158
1157806.144 0.161
1145657.455 0.164
1133507.626 0.167
1121356.668 0.170
1109204.593 0.174
1097051.414 0.177
1084897.142 0.181
1072741.790 0.184
1060585.369 0.188
1048427.893 0.192
1036269.372 0.196
1024109.820 0.200
1011949.248 0.205
999787.668 0.209
987625.093 0.214
975461.534 0.218
963297.004 0.223
951131.514 0.228
938965.077 0.233
926797.706 0.239
914629.411 0.244
902460.206 0.250
890290.102 0.256
878119.112 0.262
865947.247 0.268
853774.520 0.275
841600.942 0.281
829426.527 0.288
817251.286 0.295
805075.231 0.303
792898.374 0.310
780720.727 0.318
768542.304 0.327
756363.115 0.335
744183.172 0.344
732002.489 0.353
719821.077 0.363
707638.948 0.372
695456.114 0.383
683272.588 0.393
671088.382 0.404
658903.507 0.415
646717.976 0.427
634531.801 0.439
622344.994 0.452
610157.568 0.465
597969.534 0.478
585780.904 0.492
573591.691 0.506
561401.908 0.521
549211.565 0.536
537020.675 0.552
524829.250 0.569
512637.303 0.585
500444.845 0.603
488251.889 0.620
476058.447 0.639
463864.531 0.657
451670.153 0.676
439475.325 0.696
427280.059 0.716
415084.368 0.736
402888.264 0.756
390691.758 0.776
378494.864 0.796
366297.592 0.816
354099.956 0.836
341901.967 0.856
329703.638 0.875
317504.981 0.893
305306.007 0.910
293106.729 0.926
280907.160 0.940
268707.310 0.953
256507.193 0.965
244306.821 0.974
232106.206 0.982
219905.359 0.988
207704.293 0.993
195503.021 0.996
183301.554 0.998
171099.904 0.999
158898.084 1.000
21.060 2051907.419 0.067442207
21.182 2045961.999 0.067578271
21.304 2040023.345 0.067716345
21.427 2034091.522 0.067856432
21.550 2028166.595 0.067998538
21.674 2022248.632 0.068142668
21.799 2016337.701 0.068288826
21.923 2010433.869 0.068437017
22.049 2004537.206 0.068587247
22.175 1998647.781 0.068739521
22.301 1992765.664 0.068893845
22.428 1986890.927 0.069050224
22.556 1981023.642 0.069208664
22.684 1975163.880 0.069369170
22.812 1969311.717 0.069531749
22.942 1963467.224 0.069696406
23.071 1957630.478 0.069863147
23.202 1951801.555 0.070031979
23.332 1945980.529 0.070202907
23.464 1940167.480 0.070375939
23.596 1934362.484 0.070551080
23.728 1928565.620 0.070728336
23.861 1922776.969 0.070907715
23.995 1916996.610 0.071089222
24.129 1911224.626 0.071272865
24.264 1905461.097 0.071458649
24.400 1899706.108 0.071646582
24.536 1893959.742 0.071836670
24.672 1888222.083 0.072028921
24.810 1882493.218 0.072223340
24.947 1876773.233 0.072419935
25.086 1871062.215 0.072618713
25.225 1865360.254 0.072819680
25.365 1859667.437 0.073022844
25.505 1853983.856 0.073228210
25.646 1848309.601 0.073435787
25.787 1842644.764 0.073645581
25.930 1836989.439 0.073857599
26.072 1831343.720 0.074071848
26.216 1825707.702 0.074288334
26.360 1820081.480 0.074507065
26.505 1814465.152 0.074728047
26.650 1808858.816 0.074951287
26.796 1803262.571 0.075176792
26.943 1797676.516 0.075404569
27.090 1792100.754 0.075634624
27.238 1786535.386 0.075866963
27.387 1780980.515 0.076101594
27.536 1775436.246 0.076338522
27.686 1769902.685 0.076577754
27.837 1764379.937 0.076819297
27.988 1758868.111 0.077063155
28.140 1753367.315 0.077309336
28.293 1747877.659 0.077557845
28.447 1742399.255 0.077808688
28.601 1736932.213 0.078061871
28.756 1731476.648 0.078317399
28.911 1726032.674 0.078575278
29.067 1720600.407 0.078835513
29.224 1715179.964 0.079098108
29.382 1709771.463 0.079363069
29.540 1704375.022 0.079630400
29.700 1698990.764 0.079900106
29.859 1693618.809 0.080172191
30.020 1688259.280 0.080446660
30.181 1682912.302 0.080723515
30.343 1677578.001 0.081002761
30.506 1672256.502 0.081284401
30.670 1666947.935 0.081568438
30.834 1661652.429 0.081854875
30.999 1656370.115 0.082143714
31.165 1651101.124 0.082434958
31.331 1645845.590 0.082728608
31.498 1640603.648 0.083024667
31.666 1635375.435 0.083323134
31.835 1630161.086 0.083624012
32.005 1624960.743 0.083927301
32.175 1619774.543 0.084233001
32.346 1614602.631 0.084541111
32.518 1609445.147 0.084851632
32.690 1604302.238 0.085164562
32.864 1599174.048 0.085479900
33.038 1594060.726 0.085797643
33.213 1588962.419 0.086117790
33.388 1583879.279 0.086440338
33.565 1578811.457 0.086765283
33.742 1573759.107 0.087092621
33.920 1568722.382 0.087422349
34.099 1563701.439 0.087754460
34.278 1558696.436 0.088088951
34.459 1553707.533 0.088425814
34.640 1548734.889 0.088765043
34.822 1543778.667 0.089106632
35.005 1538839.030 0.089450571
35.188 1533916.145 0.089796853
35.373 1529010.178 0.090145468
35.558 1524121.297 0.090496406
35.744 1519249.672 0.090849658
35.930 1514395.476 0.091205211
36.118 1509558.880 0.091563054
36.306 1504740.060 0.091923174
36.495 1499939.192 0.092285557
36.685 1495156.453 0.092650189
36.876 1490392.024 0.093017055
37.067 1485646.085 0.093386139
37.259 1480918.819 0.093757424
37.452 1476210.409 0.094130893
37.646 1471521.043 0.094506526
37.841 1466850.907 0.094884304
38.036 1462200.191 0.095264206
38.232 1457569.084 0.095646212
38.429 1452957.779 0.096030298
38.627 1448366.471 0.096416442
38.825 1443795.354 0.096804618
39.024 1439244.625 0.097194801
39.224 1434714.484 0.097586965
39.425 1430205.130 0.097981082
39.626 1425716.765 0.098377123
39.828 1421249.593 0.098775058
40.031 1416803.819 0.099174856
40.235 1412379.648 0.099576485
40.439 1407977.290 0.099979911
40.644 1403596.954 0.100385100
40.850 1399238.851 0.100792015
41.057 1394903.195 0.101200620
41.264 1390590.198 0.101610876
41.472 1386300.078 0.102022743
41.680 1382033.051 0.102436180
41.889 1377789.337 0.102851144
42.099 1373569.156 0.103267593
42.310 1369372.729 0.103685480
42.521 1365200.280 0.104104759
42.732 1361052.034 0.104525382
42.945 1356928.217 0.104947300
43.158 1352829.055 0.105370461
43.371 1348754.779 0.105794813
43.585 1344705.619 0.106220303
43.800 1340681.805 0.106646875
44.015 1336683.572 0.107074473
44.231 1332711.153 0.107503037
44.447 1328764.783 0.107932508
44.664 1324844.700 0.108362824
44.881 1320951.141 0.108793923
45.099 1317084.345 0.109225739
45.317 1313244.553 0.109658207
45.536 1309432.007 0.110091258
45.754 1305646.947 0.110524824
45.974 1301889.619 0.110958833
46.193 1298160.266 0.111393212
46.413 1294459.135 0.111827887
46.634 1290786.470 0.112262783
46.854 1287142.520 0.112697822
47.075 1283527.533 0.113132925
47.296 1279941.758 0.113568010
47.518 1276385.444 0.114002996
47.739 1272858.843 0.114437799
47.961 1269362.204 0.114872332
48.183 1265895.780 0.115306510
48.404 1262459.823 0.115740243
48.626 1259054.585 0.116173440
48.848 1255680.321 0.116606010
49.070 1252337.283 0.117037859
49.292 1249025.726 0.117468893
49.514 1245745.903 0.117899014
49.736 1242498.070 0.118328125
49.957 1239282.481 0.118756126
50.179 1236099.391 0.119182916
50.400 1232949.054 0.119608393
50.621 1229831.726 0.120032453
50.841 1226747.660 0.120454991
51.061 1223697.111 0.120875900
51.281 1220680.334 0.121295073
51.500 1217697.582 0.121712401
51.719 1214749.109 0.122127773
51.937 1211835.168 0.122541078
52.155 1208956.011 0.122952203
52.372 1206111.890 0.123361035
52.588 1203303.056 0.123767459
52.803 1200529.760 0.124171359
53.018 1197792.251 0.124572619
53.232 1195090.777 0.124971121
53.445 1192425.586 0.125366747
53.656 1189796.924 0.125759378
53.867 1187205.036 0.126148894
54.077 1184650.166 0.126535174
54.285 1182132.556 0.126918099
54.492 1179652.448 0.127297546
54.698 1177210.080 0.127673393
54.903 1174805.690 0.128045518
55.106 1172439.514 0.128413799
55.307 1170111.786 0.128778113
55.507 1167822.738 0.129138338
55.705 1165572.600 0.129494349
55.901 1163361.599 0.129846026
56.096 1161189.961 0.130193244
56.289 1159057.910 0.130535882
56.479 1156965.666 0.130873818
56.668 1154913.447 0.131206929
56.854 1152901.468 0.131535095
57.038 1150929.943 0.131858195
57.220 1148999.081 0.132176109
57.399 1147109.090 0.132488718
57.576 1145260.173 0.132795903
57.751 1143452.531 0.133097548
57.922 1141686.362 0.133393536
58.091 1139961.860 0.133683752
58.257 1138279.216 0.133968082
58.420 1136638.616 0.134246414
58.581 1135040.246 0.134518637
58.737 1133484.283 0.134784642
58.891 1131970.906 0.135044320
59.042 1130500.285 0.135297566
59.189 1129072.589 0.135544275
59.332 1127687.983 0.135784346
59.473 1126346.625 0.136017679
59.609 1125048.673 0.136244175
59.742 1123794.276 0.136463739
59.870 1122583.583 0.136676278
59.995 1121416.735 0.136881700
60.116 1120293.870 0.137079918
60.233 1119215.122 0.137270845
60.346 1118180.619 0.137454399
60.454 1117190.484 0.137630499
60.559 1116244.835 0.137799068
60.658 1115343.788 0.137960031
60.754 1114487.450 0.138113318
60.844 1113675.925 0.138258859
60.930 1112909.311 0.138396590
61.012 1112187.702 0.138526449
61.089 1111511.185 0.138648378
61.161 1110879.844 0.138762321
61.228 1110293.755 0.138868226
61.290 1109752.991 0.138966046
61.347 1109257.617 0.139055735
61.399 1108807.695 0.139137254
61.446 1108403.280 0.139210563
61.488 1108044.422 0.139275630
61.525 1107731.164 0.139332425
61.557 1107463.546 0.139380921
61.584 1107241.601 0.139421096
61.605 1107065.355 0.139452931
61.621 1106934.830 0.139476412
61.632 1106850.043 0.139491527
61.638 1106811.002 0.139498270
61.638 1106817.713 0.139496637
61.633 1106870.174 0.139486630
61.623 1106968.379 0.139468251
61.608 1107112.313 0.139441511
61.587 1107301.960 0.139406421
61.561 1107537.294 0.139362997
61.530 1107818.286 0.139311260
61.494 1108144.901 0.139251232
61.453 1108517.097 0.139182942
61.407 1108934.827 0.139106422
61.355 1109398.039 0.139021704
61.299 1109906.675 0.138928830
61.238 1110460.671 0.138827840
61.171 1111059.960 0.138718781
61.100 1111704.465 0.138601702
61.024 1112394.108 0.138476656
60.944 1113128.804 0.138343699
60.858 1113908.461 0.138202892
60.768 1114732.985 0.138054296
60.674 1115602.274 0.137897978
60.575 1116516.223 0.137734008
60.472 1117474.719 0.137562458
60.364 1118477.648 0.137383403
60.252 1119524.889 0.137196922
60.136 1120616.315 0.137003096
60.016 1121751.795 0.136802008
59.892 1122931.195 0.136593746
59.763 1124154.375 0.136378399
59.632 1125421.189 0.136156058
59.496 1126731.490 0.135926818
59.357 1128085.122 0.135690775
59.214 1129481.929 0.135448028
59.067 1130921.749 0.135198677
58.918 1132404.416 0.134942825
58.765 1133929.759 0.134680578
58.609 1135497.604 0.134412040
58.449 1137107.774 0.134137322
58.287 1138760.086 0.133856533
58.122 1140454.355 0.133569783
57.954 1142190.392 0.133277187
57.783 1143968.004 0.132978858
57.609 1145786.997 0.132674911
57.433 1147647.169 0.132365464
57.254 1149548.320 0.132050634
57.073 1151490.243 0.131730539
56.890 1153472.730 0.131405298
56.704 1155495.570 0.131075033
56.517 1157558.548 0.130739864
56.327 1159661.448 0.130399911
56.135 1161804.049 0.130055298
55.941 1163986.130 0.129706145
55.746 1166207.467 0.129352576
55.548 1168467.832 0.128994713
55.349 1170766.997 0.128632678
55.148 1173104.730 0.128266596
54.946 1175480.799 0.127896587
54.743 1177894.968 0.127522776
54.538 1180347.001 0.127145283
54.331 1182836.659 0.126764232
54.123 1185363.701 0.126379744
53.915 1187927.887 0.125991941
53.705 1190528.972 0.125600942
53.494 1193166.712 0.125206867
53.282 1195840.861 0.124809838
53.069 1198551.172 0.124409971
52.855 1201297.397 0.124007386
52.640 1204079.288 0.123602199
52.425 1206896.592 0.123194527
52.208 1209749.061 0.122784484
51.991 1212636.441 0.122372186
51.774 1215558.482 0.121957744
51.556 1218514.929 0.121541273
51.337 1221505.529 0.121122881
51.118 1224530.028 0.120702680
50.899 1227588.173 0.120280777
50.679 1230679.707 0.119857280
50.459 1233804.378 0.119432295
50.239 1236961.929 0.119005927
50.018 1240152.106 0.118578278
49.797 1243374.653 0.118149451
49.576 1246629.316 0.117719546
49.355 1249915.840 0.117288661
49.134 1253233.970 0.116856895
48.913 1256583.452 0.116424344
48.692 1259964.031 0.115991101
48.471 1263375.454 0.115557259
48.249 1266817.468 0.115122911
48.028 1270289.819 0.114688145
47.807 1273792.256 0.114253050
47.587 1277324.527 0.113817713
47.366 1280886.380 0.113382218
47.146 1284477.565 0.112946648
46.926 1288097.833 0.112511086
46.706 1291746.935 0.112075612
46.486 1295424.622 0.111640304
46.267 1299130.647 0.111205239
46.048 1302864.765 0.110770492
45.829 1306626.730 0.110336137
45.611 1310416.297 0.109902246
45.393 1314233.223 0.109468890
45.176 1318077.267 0.109036136
44.959 1321948.186 0.108604053
44.742 1325845.741 0.108172706
44.526 1329769.693 0.107742159
44.310 1333719.804 0.107312475
44.095 1337695.838 0.106883714
43.881 1341697.560 0.106455935
43.667 1345724.736 0.106029197
43.453 1349777.132 0.105603556
43.241 1353854.519 0.105179066
43.028 1357956.665 0.104755782
42.817 1362083.343 0.104333754
42.606 1366234.325 0.103913033
42.395 1370409.386 0.103493668
42.185 1374608.300 0.103075706
41.976 1378830.846 0.102659194
41.768 1383076.802 0.102244175
41.560 1387345.947 0.101830694
41.352 1391638.064 0.101418793
41.146 1395952.935 0.101008511
40.940 1400290.346 0.100599888
40.735 1404650.081 0.100192963
40.531 1409031.930 0.099787771
40.327 1413435.680 0.099384349
40.124 1417861.123 0.098982730
39.922 1422308.052 0.098582947
39.720 1426776.259 0.098185033
39.519 1431265.540 0.097789018
39.319 1435775.694 0.097394931
39.120 1440306.517 0.097002801
38.921 1444857.811 0.096612655
38.723 1449429.377 0.096224519
38.526 1454021.018 0.095838419
38.330 1458632.541 0.095454378
38.135 1463263.751 0.095072420
37.940 1467914.456 0.094692566
37.746 1472584.467 0.094314837
37.553 1477273.595 0.093939254
37.360 1481981.653 0.093565837
37.169 1486708.456 0.093194602
36.978 1491453.820 0.092825568
36.788 1496217.563 0.092458751
36.598 1500999.504 0.092094166
36.410 1505799.465 0.091731829
36.222 1510617.268 0.091371754
36.035 1515452.737 0.091013953
35.849 1520305.698 0.090658439
35.664 1525175.979 0.090305224
35.479 1530063.408 0.089954319
35.295 1534967.817 0.089605734
35.112 1539889.037 0.089259479
34.930 1544826.901 0.088915562
34.749 1549781.246 0.088573992
34.568 1554751.907 0.088234775
34.388 1559738.723 0.087897920
34.209 1564741.534 0.087563433
34.031 1569760.181 0.087231319
33.853 1574794.507 0.086901583
33.676 1579844.356 0.086574231
33.500 1584909.574 0.086249265
33.325 1589990.008 0.085926691
33.151 1595085.507 0.085606510
32.977 1600195.921 0.085288726
32.804 1605321.102 0.084973340
32.632 1610460.903 0.084660355
32.461 1615615.179 0.084349772
32.290 1620783.785 0.084041590
32.121 1625966.578 0.083735811
31.951 1631163.419 0.083432435
31.783 1636374.166 0.083131462
31.616 1641598.682 0.082832889
31.449 1646836.829 0.082536718
31.283 1652088.472 0.082242945
31.118 1657353.477 0.081951569
30.953 1662631.709 0.081662588
30.789 1667923.039 0.081376000
30.626 1673227.335 0.081091802
30.464 1678544.468 0.080809991
30.302 1683874.311 0.080530563
30.142 1689216.738 0.080253515
29.981 1694571.622 0.079978844
29.822 1699938.841 0.079706545
29.663 1705318.272 0.079436615
29.505 1710709.793 0.079169048
29.348 1716113.284 0.078903840
29.192 1721528.626 0.078640986
29.036 1726955.702 0.078380481
28.881 1732394.395 0.078122320
28.726 1737844.590 0.077866498
28.572 1743306.173 0.077613009
28.419 1748779.031 0.077361847
28.267 1754263.051 0.077113006
28.115 1759758.125 0.076866482
27.964 1765264.140 0.076622266
27.814 1770780.991 0.076380354
27.665 1776308.569 0.076140739
27.516 1781846.768 0.075903415
27.367 1787395.483 0.075668374
27.220 1792954.610 0.075435612
27.073 1798524.046 0.075205120
26.926 1804103.690 0.074976892
26.781 1809693.441 0.074750922
26.636 1815293.198 0.074527203
26.491 1820902.864 0.074305727
26.348 1826522.340 0.074086488
26.205 1832151.530 0.073869478
26.062 1837790.339 0.073654692
25.920 1843438.670 0.073442121
25.779 1849096.432 0.073231759
25.639 1854763.531 0.073023598
25.499 1860439.875 0.072817633
25.359 1866125.373 0.072613855
25.221 1871819.936 0.072412257
25.083 1877523.475 0.072212833
24.945 1883235.901 0.072015575
24.808 1888957.128 0.071820476
24.672 1894687.069 0.071627530
24.536 1900425.639 0.071436729
24.401 1906172.753 0.071248067
24.267 1911928.329 0.071061536
24.133 1917692.282 0.070877130
23.999 1923464.532 0.070694842
23.867 1929244.997 0.070514665
23.734 1935033.597 0.070336592
23.603 1940830.253 0.070160617
23.472 1946634.887 0.069986734
23.341 1952447.419 0.069814934
23.211 1958267.775 0.069645213
23.082 1964095.876 0.069477564
22.953 1969931.649 0.069311980
22.825 1975775.018 0.069148455
22.697 1981625.910 0.068986983
22.570 1987484.252 0.068827558
22.443 1993349.971 0.068670175
22.317 1999222.995 0.068514826
22.191 2005103.254 0.068361507
22.066 2010990.678 0.068210211
21.942 2016885.197 0.068060934
21.818 2022786.743 0.067913669
21.694 2028695.248 0.067768411
21.571 2034610.644 0.067625156
21.449 2040532.864 0.067483897
21.327 2046461.843 0.067344631
21.205 2052397.516 0.067207351
21.084 2058339.817 0.067072054
20.964 2064288.684 0.066938734
20.844 2070244.052 0.066807387
20.724 2076205.858 0.066678009
20.605 2082174.042 0.066550596
20.487 2088148.541 0.066425143
20.369 2094129.295 0.066301647
20.251 2100116.243 0.066180103
20.134 2106109.325 0.066060508
20.017 2112108.484 0.065942859
