20.006 2109724.706 0.066077285
20.029 2108560.347 0.066100718
20.050 2107418.309 0.066123790
20.072 2106298.632 0.066146498
20.093 2105201.351 0.066168835
20.113 2104126.505 0.066190798
20.133 2103074.129 0.066212381
20.153 2102044.260 0.066233579
20.172 2101036.932 0.066254388
20.191 2100052.180 0.066274804
20.209 2099090.037 0.066294822
20.227 2098150.535 0.066314437
20.245 2097233.709 0.066333645
20.262 2096339.587 0.066352443
20.278 2095468.203 0.066370825
20.295 2094619.585 0.066388789
20.310 2093793.764 0.066406329
20.326 2092990.767 0.066423443
20.341 2092210.622 0.066440127
20.355 2091453.358 0.066456376
20.369 2090718.999 0.066472188
20.383 2090007.573 0.066487558
20.396 2089319.104 0.066502485
20.408 2088653.616 0.066516963
20.421 2088011.132 0.066530991
20.432 2087391.676 0.066544566
20.444 2086795.269 0.066557683
20.455 2086221.932 0.066570341
20.465 2085671.686 0.066582537
20.475 2085144.551 0.066594269
20.485 2084640.545 0.066605533
20.494 2084159.687 0.066616327
20.502 2083701.993 0.066626649
20.510 2083267.481 0.066636497
20.518 2082856.166 0.066645869
20.525 2082468.063 0.066654762
20.532 2082103.186 0.066663176
20.538 2081761.549 0.066671107
20.544 2081443.164 0.066678556
20.550 2081148.042 0.066685519
20.554 2080876.196 0.066691996
20.559 2080627.635 0.066697985
20.563 2080402.368 0.066703485
20.566 2080200.405 0.066708495
20.569 2080021.752 0.066713015
20.572 2079866.418 0.066717042
20.574 2079734.407 0.066720577
20.576 2079625.726 0.066723619
20.577 2079540.378 0.066726167
20.578 2079478.368 0.066728221
20.578 2079439.699 0.066729780
20.578 2079424.373 0.066730845
20.577 2079432.390 0.066731416
20.576 2079463.752 0.066731492
20.575 2079518.459 0.066731073
20.572 2079596.508 0.066730160
20.570 2079697.898 0.066728754
20.567 2079822.627 0.066726854
20.564 2079970.691 0.066724462
20.560 2080142.085 0.066721577
20.555 2080336.804 0.066718202
20.550 2080554.842 0.066714337
20.545 2080796.193 0.066709983
20.539 2081060.849 0.066705140
20.533 2081348.801 0.066699812
20.526 2081660.040 0.066693998
20.519 2081994.557 0.066687701
20.512 2082352.340 0.066680921
20.504 2082733.378 0.066673662
20.495 2083137.658 0.066665924
20.486 2083565.167 0.066657710
20.477 2084015.892 0.066649021
20.467 2084489.817 0.066639861
20.456 2084986.927 0.066630230
20.446 2085507.205 0.066620132
20.434 2086050.635 0.066609569
20.423 2086617.198 0.066598544
20.410 2087206.876 0.066587059
20.398 2087819.650 0.066575117
20.385 2088455.498 0.066562722
20.371 2089114.401 0.066549875
20.357 2089796.336 0.066536581
20.343 2090501.280 0.066522843
20.328 2091229.212 0.066508663
20.313 2091980.106 0.066494046
20.297 2092753.938 0.066478994
20.281 2093550.682 0.066463512
20.264 2094370.312 0.066447603
20.247 2095212.801 0.066431271
20.230 2096078.121 0.066414521
20.212 2096966.245 0.066397355
20.193 2097877.142 0.066379778
20.174 2098810.783 0.066361795
20.155 2099767.137 0.066343409
20.136 2100746.173 0.066324625
20.115 2101747.860 0.066305448
20.095 2102772.163 0.066285882
20.074 2103819.051 0.066265932
20.053 2104888.488 0.066245602
20.031 2105980.440 0.066224898
20.009 2107094.872 0.066203823
3432184.384 0.020
3420469.526 0.020
3408751.261 0.020
3397029.602 0.020
3385304.559 0.020
3373576.145 0.020
3361844.371 0.021
3350109.249 0.021
3338370.791 0.021
3326629.007 0.021
3314883.911 0.021
3303135.514 0.021
3291383.827 0.021
3279628.862 0.022
3267870.630 0.022
3256109.145 0.022
3244344.416 0.022
3232576.457 0.022
3220805.278 0.022
3209030.891 0.023
3197253.308 0.023
3185472.542 0.023
3173688.602 0.023
3161901.502 0.023
3150111.254 0.023
3138317.867 0.024
3126521.356 0.024
3114721.730 0.024
3102919.003 0.024
3091113.185 0.024
3079304.289 0.025
3067492.327 0.025
3055677.309 0.025
3043859.248 0.025
3032038.155 0.025
3020214.043 0.025
3008386.923 0.026
2996556.807 0.026
2984723.707 0.026
2972887.634 0.026
2961048.600 0.026
2949206.618 0.027
2937361.698 0.027
2925513.853 0.027
2913663.094 0.027
2901809.434 0.028
2889952.883 0.028
2878093.455 0.028
2866231.160 0.028
2854366.011 0.028
2842498.018 0.029
2830627.195 0.029
2818753.553 0.029
2806877.104 0.029
2794997.859 0.030
2783115.831 0.030
2771231.031 0.030
2759343.471 0.030
2747453.163 0.031
2735560.118 0.031
2723664.349 0.031
2711765.868 0.031
2699864.686 0.032
2687960.815 0.032
2676054.267 0.032
2664145.054 0.033
2652233.188 0.033
2640318.681 0.033
2628401.543 0.033
2616481.788 0.034
2604559.428 0.034
2592634.473 0.034
2580706.936 0.035
2568776.830 0.035
2556844.164 0.035
2544908.953 0.036
2532971.207 0.036
2521030.938 0.036
2509088.158 0.037
2497142.880 0.037
2485195.115 0.037
2473244.874 0.038
2461292.171 0.038
2449337.016 0.038
2437379.422 0.039
2425419.400 0.039
2413456.963 0.040
2401492.123 0.040
2389524.890 0.040
2377555.278 0.041
2365583.298 0.041
2353608.962 0.042
2341632.282 0.042
2329653.270 0.042
2317671.938 0.043
2305688.297 0.043
2293702.360 0.044
2281714.139 0.044
2269723.646 0.045
2257730.892 0.045
2245735.889 0.046
2233738.650 0.046
2221739.186 0.047
2209737.510 0.047
2197733.633 0.048
2185727.567 0.048
2173719.324 0.049
2161708.916 0.049
2149696.356 0.050
2137681.654 0.050
2125664.824 0.051
2113645.877 0.051
2101624.824 0.052
2089601.679 0.052
2077576.452 0.053
2065549.156 0.054
2053519.803 0.054
2041488.405 0.055
2029454.974 0.056
2017419.522 0.056
2005382.060 0.057
1993342.602 0.057
1981301.158 0.058
1969257.740 0.059
1957212.362 0.060
1945165.034 0.060
1933115.769 0.061
1921064.579 0.062
1909011.476 0.062
1896956.471 0.063
1884899.577 0.064
1872840.806 0.065
1860780.170 0.066
1848717.680 0.066
1836653.349 0.067
1824587.189 0.068
1812519.212 0.069
1800449.430 0.070
1788377.855 0.071
1776304.499 0.072
1764229.373 0.073
1752152.491 0.074
1740073.863 0.075
1727993.502 0.076
1715911.421 0.077
1703827.631 0.078
1691742.143 0.079
1679654.971 0.080
1667566.126 0.081
1655475.620 0.082
1643383.466 0.083
1631289.675 0.085
1619194.259 0.086
1607097.230 0.087
1594998.601 0.088
1582898.384 0.090
1570796.590 0.091
1558693.232 0.092
1546588.321 0.094
1534481.870 0.095
1522373.891 0.096
1510264.395 0.098
1498153.396 0.099
1486040.904 0.101
1473926.933 0.103
1461811.493 0.104
1449694.598 0.106
1437576.259 0.107
1425456.488 0.109
1413335.297 0.111
1401212.699 0.113
1389088.706 0.115
1376963.328 0.117
1364836.580 0.118
1352708.472 0.120
1340579.017 0.123
1328448.227 0.125
1316316.114 0.127
1304182.690 0.129
1292047.967 0.131
1279911.958 0.134
1267774.673 0.136
1255636.126 0.138
1243496.329 0.141
1231355.293 0.143
1219213.030 0.146
1207069.554 0.149
1194924.875 0.152
1182779.006 0.154
1170631.959 0.157
1158483.747 0.160
1146334.380 0.164
1134183.872 0.167
1122032.235 0.170
1109879.479 0.173
1097725.619 0.177
1085570.665 0.180
1073414.630 0.184
1061257.526 0.188
1049099.365 0.192
1036940.160 0.196
1024779.921 0.200
1012618.662 0.204
1000456.395 0.209
988293.131 0.213
976128.882 0.218
963963.662 0.223
951797.482 0.228
939630.353 0.233
927462.289 0.238
915293.301 0.244
903123.402 0.250
890952.603 0.255
878780.917 0.261
866608.355 0.268
854434.931 0.274
842260.655 0.281
830085.541 0.288
817909.600 0.295
805732.845 0.302
793555.287 0.310
781376.938 0.318
769197.812 0.326
757017.919 0.335
744837.272 0.344
732655.884 0.353
720473.766 0.362
708290.930 0.372
696107.389 0.382
683923.155 0.392
671738.240 0.403
659552.655 0.415
647366.414 0.426
635179.528 0.438
622992.009 0.451
610803.870 0.464
598615.123 0.477
586425.779 0.491
574235.852 0.505
562045.352 0.520
549854.293 0.536
537662.686 0.551
525470.543 0.568
513277.878 0.584
501084.701 0.602
488891.025 0.619
476696.862 0.638
464502.224 0.656
452307.124 0.675
440111.573 0.695
427915.584 0.715
415719.169 0.735
403522.340 0.755
391325.109 0.775
379127.488 0.795
366929.489 0.815
354731.125 0.835
342532.408 0.855
330333.350 0.874
318133.963 0.892
305934.259 0.909
293734.250 0.925
281533.948 0.939
269333.367 0.953
257132.517 0.964
244931.411 0.974
232730.061 0.982
220528.479 0.988
208326.677 0.993
196124.668 0.996
183922.464 0.998
171720.077 0.999
159517.518 1.000
147314.801 1.000
135111.937 1.000
122908.938 1.000
110705.817 1.000
98502.586 1.000
86299.257 1.000
74095.841 1.000
61892.352 1.000
49688.802 1.000
37485.201 1.000
25281.564 1.000
13077.901 1.000
874.225 1.000
11329.451 1.000
23533.117 1.000
35736.759 1.000
47940.365 1.000
60143.923 1.000
72347.422 1.000
84550.849 1.000
96754.191 1.000
108957.437 1.000
121160.575 1.000
133363.592 1.000
145566.476 1.000
157769.215 1.000
169971.797 0.999
182174.209 0.998
194376.441 0.996
206578.478 0.993
218780.310 0.989
230981.924 0.983
243183.308 0.975
255384.450 0.966
267585.337 0.954
279785.958 0.941
291986.301 0.927
304186.352 0.911
316386.101 0.894
328585.534 0.876
340784.640 0.858
352983.407 0.838
365181.822 0.818
377379.874 0.798
389577.549 0.778
401774.837 0.758
413971.725 0.737
426168.200 0.717
438364.251 0.698
450559.865 0.678
462755.031 0.659
474949.735 0.640
487143.967 0.622
499337.713 0.604
511530.963 0.587
523723.702 0.570
535915.920 0.554
548107.605 0.538
560298.743 0.522
572489.324 0.508
584679.334 0.493
596868.762 0.479
609057.596 0.466
621245.823 0.453
633433.431 0.440
645620.408 0.428
657806.743 0.416
669992.422 0.405
682177.434 0.394
694361.767 0.383
706545.408 0.373
718728.345 0.363
730910.567 0.354
743092.061 0.345
755272.814 0.336
767452.816 0.327
779632.053 0.319
791810.513 0.311
803988.185 0.303
816165.056 0.296
828341.115 0.289
840516.348 0.282
852690.745 0.275
864864.292 0.269
877036.978 0.262
889208.790 0.256
901379.717 0.250
913549.746 0.245
925718.865 0.239
937887.062 0.234
950054.325 0.229
962220.642 0.224
974386.001 0.219
986550.389 0.214
998713.795 0.209
1010876.206 0.205
1023037.610 0.201
1035197.996 0.196
1047357.350 0.192
1059515.662 0.189
1071672.918 0.185
1083829.107 0.181
1095984.216 0.177
1108138.234 0.174
1120291.148 0.170
1132442.947 0.167
1144593.617 0.164
1156743.148 0.161
1168891.527 0.158
1181038.741 0.155
1193184.780 0.152
1205329.630 0.149
1217473.279 0.146
1229615.716 0.144
1241756.929 0.141
1253896.904 0.139
1266035.631 0.136
1278173.097 0.134
1290309.290 0.132
1302444.198 0.129
1314577.809 0.127
1326710.111 0.125
1338841.091 0.123
1350970.738 0.121
1363099.040 0.119
1375225.984 0.117
1387351.558 0.115
1399475.750 0.113
1411598.549 0.111
1423719.942 0.109
1435839.917 0.108
1447958.462 0.106
1460075.565 0.104
1472191.214 0.103
1484305.397 0.101
1496418.101 0.100
1508529.315 0.098
1520639.027 0.097
1532747.224 0.095
1544853.895 0.094
20.017 2104292.381 0.066330966
20.138 2098086.862 0.066453585
20.260 2091886.366 0.066578347
20.383 2085690.944 0.066705261
20.506 2079500.648 0.066834330
20.630 2073315.530 0.066965563
20.754 2067135.643 0.067098964
20.879 2060961.042 0.067234541
21.005 2054791.780 0.067372301
21.131 2048627.913 0.067512250
21.257 2042469.495 0.067654397
21.384 2036316.584 0.067798748
21.512 2030169.235 0.067945311
21.641 2024027.506 0.068094095
21.769 2017891.454 0.068245106
21.899 2011761.140 0.068398355
22.029 2005636.620 0.068553848
22.160 1999517.956 0.068711595
22.291 1993405.208 0.068871604
22.423 1987298.437 0.069033886
22.556 1981197.705 0.069198447
22.689 1975103.074 0.069365299
22.823 1969014.608 0.069534451
22.958 1962932.370 0.069705913
23.093 1956856.426 0.069879694
23.229 1950786.839 0.070055804
23.365 1944723.678 0.070234254
23.503 1938667.007 0.070415055
23.640 1932616.895 0.070598216
23.779 1926573.411 0.070783750
23.918 1920536.622 0.070971665
24.058 1914506.600 0.071161974
24.199 1908483.414 0.071354689
24.340 1902467.135 0.071549819
24.482 1896457.837 0.071747377
24.624 1890455.593 0.071947374
24.768 1884460.475 0.072149823
24.912 1878472.559 0.072354735
25.057 1872491.920 0.072562122
25.202 1866518.634 0.072771996
25.349 1860552.779 0.072984371
25.496 1854594.433 0.073199257
25.644 1848643.675 0.073416668
25.792 1842700.585 0.073636617
25.941 1836765.243 0.073859116
26.092 1830837.732 0.074084178
26.242 1824918.133 0.074311816
26.394 1819006.531 0.074542044
26.546 1813103.010 0.074774874
26.700 1807207.656 0.075010320
26.854 1801320.554 0.075248395
27.009 1795441.793 0.075489113
27.164 1789571.462 0.075732487
27.321 1783709.648 0.075978531
27.478 1777856.444 0.076227259
27.636 1772011.941 0.076478684
27.795 1766176.231 0.076732820
27.955 1760349.407 0.076989680
28.116 1754531.566 0.077249280
28.277 1748722.802 0.077511632
28.440 1742923.213 0.077776751
28.603 1737132.897 0.078044651
28.767 1731351.952 0.078315345
28.932 1725580.480 0.078588848
29.098 1719818.581 0.078865173
29.265 1714066.359 0.079144336
29.433 1708323.918 0.079426348
29.601 1702591.362 0.079711226
29.771 1696868.798 0.079998982
29.942 1691156.333 0.080289630
30.113 1685454.077 0.080583185
30.286 1679762.139 0.080879660
30.459 1674080.630 0.081179068
30.634 1668409.663 0.081481424
30.809 1662749.353 0.081786741
30.985 1657099.814 0.082095033
31.163 1651461.163 0.082406312
31.341 1645833.517 0.082720593
31.520 1640216.997 0.083037887
31.701 1634611.723 0.083358209
31.882 1629017.816 0.083681571
32.064 1623435.401 0.084007986
32.248 1617864.601 0.084337466
32.432 1612305.545 0.084670023
32.618 1606758.359 0.085005670
32.805 1601223.172 0.085344419
32.992 1595700.116 0.085686280
33.181 1590189.323 0.086031266
33.371 1584690.926 0.086379388
33.562 1579205.061 0.086730656
33.754 1573731.865 0.087085082
33.947 1568271.476 0.087442674
34.142 1562824.034 0.087803444
34.337 1557389.681 0.088167401
34.534 1551968.560 0.088534555
34.731 1546560.816 0.088904913
34.930 1541166.596 0.089278485
35.130 1535786.048 0.089655278
35.332 1530419.322 0.090035300
35.534 1525066.569 0.090418559
35.738 1519727.943 0.090805061
35.943 1514403.599 0.091194812
36.149 1509093.693 0.091587818
36.356 1503798.385 0.091984084
36.564 1498517.834 0.092383615
36.774 1493252.203 0.092786414
36.985 1488001.656 0.093192485
37.197 1482766.358 0.093601831
37.411 1477546.478 0.094014454
37.626 1472342.184 0.094430355
37.842 1467153.648 0.094849534
38.059 1461981.044 0.095271993
38.278 1456824.547 0.095697730
38.498 1451684.333 0.096126743
38.719 1446560.581 0.096559031
38.942 1441453.474 0.096994589
39.166 1436363.193 0.097433414
39.391 1431289.923 0.097875501
39.618 1426233.852 0.098320843
39.846 1421195.168 0.098769434
40.076 1416174.063 0.099221267
40.306 1411170.728 0.099676330
40.539 1406185.360 0.100134616
40.772 1401218.155 0.100596113
41.007 1396269.312 0.101060808
41.244 1391339.033 0.101528688
41.482 1386427.520 0.101999738
41.721 1381534.979 0.102473944
41.962 1376661.618 0.102951286
42.204 1371807.646 0.103431748
42.448 1366973.274 0.103915309
42.693 1362158.717 0.104401949
42.939 1357364.190 0.104891644
43.188 1352589.912 0.105384371
43.437 1347836.102 0.105880104
43.688 1343102.983 0.106378816
43.941 1338390.780 0.106880479
44.195 1333699.719 0.107385063
44.451 1329030.028 0.107892535
44.708 1324381.939 0.108402862
44.967 1319755.686 0.108916010
45.227 1315151.502 0.109431940
45.489 1310569.627 0.109950614
45.752 1306010.298 0.110471992
46.017 1301473.759 0.110996031
46.284 1296960.252 0.111522686
46.552 1292470.024 0.112051912
46.822 1288003.324 0.112583659
47.093 1283560.401 0.113117877
47.366 1279141.507 0.113654515
47.641 1274746.898 0.114193516
47.917 1270376.830 0.114734825
48.194 1266031.562 0.115278382
48.474 1261711.354 0.115824127
48.755 1257416.469 0.116371995
49.037 1253147.172 0.116921920
49.322 1248903.730 0.117473836
49.607 1244686.412 0.118027670
49.895 1240495.488 0.118583351
50.184 1236331.232 0.119140803
50.475 1232193.918 0.119699947
50.767 1228083.822 0.120260704
51.061 1224001.224 0.120822991
51.357 1219946.403 0.121386722
51.654 1215919.641 0.121951809
51.953 1211921.223 0.122518162
52.254 1207951.434 0.123085686
52.556 1204010.562 0.123654287
52.860 1200098.894 0.124223865
53.165 1196216.722 0.124794320
53.472 1192364.339 0.125365546
53.781 1188542.036 0.125937437
54.091 1184750.111 0.126509884
54.403 1180988.858 0.127082773
54.717 1177258.577 0.127655991
55.032 1173559.565 0.128229419
55.349 1169892.124 0.128802936
55.667 1166256.556 0.129376420
55.987 1162653.162 0.129949743
56.308 1159082.247 0.130522776
56.631 1155544.116 0.131095389
56.956 1152039.073 0.131667446
57.282 1148567.427 0.132238811
57.610 1145129.483 0.132809343
57.939 1141725.550 0.133378901
58.270 1138355.936 0.133947337
58.602 1135020.951 0.134514506
58.935 1131720.905 0.135080256
59.270 1128456.106 0.135644434
59.607 1125226.865 0.136206886
59.944 1122033.493 0.136767452
60.284 1118876.299 0.137325973
60.624 1115755.594 0.137882285
60.966 1112671.689 0.138436225
61.309 1109624.892 0.138987624
61.654 1106615.515 0.139536313
61.999 1103643.865 0.140082122
62.346 1100710.251 0.140624875
62.694 1097814.982 0.141164398
63.043 1094958.365 0.141700514
63.393 1092140.704 0.142233044
63.744 1089362.307 0.142761807
64.097 1086623.475 0.143286621
64.450 1083924.513 0.143807302
64.804 1081265.722 0.144323666
65.159 1078647.400 0.144835525
65.514 1076069.847 0.145342695
65.871 1073533.358 0.145844985
66.228 1071038.227 0.146342207
66.586 1068584.748 0.146834171
66.944 1066173.209 0.147320687
67.302 1063803.898 0.147801565
67.661 1061477.100 0.148276613
68.021 1059193.099 0.148745641
68.380 1056952.172 0.149208457
68.740 1054754.598 0.149664871
69.099 1052600.650 0.150114692
69.459 1050490.598 0.150557730
69.818 1048424.709 0.150993796
70.177 1046403.247 0.151422702
70.536 1044426.472 0.151844260
70.894 1042494.640 0.152258285
71.251 1040608.003 0.152664590
71.607 1038766.808 0.153062995
71.962 1036971.300 0.153453316
72.316 1035221.719 0.153835374
72.668 1033518.298 0.154208993
73.019 1031861.269 0.154573996
73.368 1030250.856 0.154930212
73.714 1028687.280 0.155277471
74.059 1027170.757 0.155615605
74.400 1025701.495 0.155944451
74.739 1024279.701 0.156263848
75.074 1022905.573 0.156573638
75.406 1021579.305 0.156873668
75.734 1020301.084 0.157163787
76.057 1019071.093 0.157443851
76.376 1017889.507 0.157713716
76.689 1016756.496 0.157973245
76.997 1015672.224 0.158222305
77.298 1014636.847 0.158460767
77.592 1013650.517 0.158688508
77.879 1012713.377 0.158905409
78.158 1011825.566 0.159111355
78.428 1010987.212 0.159306238
78.688 1010198.441 0.159489956
78.938 1009459.369 0.159662409
79.177 1008770.106 0.159823507
79.404 1008130.755 0.159973162
79.618 1007541.410 0.160111294
79.819 1007002.160 0.160237829
80.005 1006513.085 0.160352697
80.175 1006074.260 0.160455837
80.329 1005685.751 0.160547192
80.465 1005347.614 0.160626713
80.584 1005059.902 0.160694355
80.683 1004822.658 0.160750081
80.764 1004635.918 0.160793861
80.824 1004499.709 0.160825672
80.864 1004414.052 0.160845494
80.883 1004378.960 0.160853317
80.881 1004394.438 0.160849137
80.859 1004460.482 0.160832955
80.815 1004577.084 0.160804781
80.752 1004744.224 0.160764630
80.669 1004961.877 0.160712523
80.566 1005230.010 0.160648489
80.444 1005548.581 0.160572563
80.305 1005917.543 0.160484785
80.149 1006336.838 0.160385204
79.976 1006806.404 0.160273874
79.788 1007326.170 0.160150855
79.585 1007896.055 0.160016213
79.369 1008515.976 0.159870020
79.140 1009185.838 0.159712356
78.900 1009905.542 0.159543304
78.648 1010674.979 0.159362955
78.386 1011494.035 0.159171404
78.115 1012362.588 0.158968752
77.836 1013280.511 0.158755107
77.548 1014247.666 0.158530581
77.253 1015263.913 0.158295289
76.951 1016329.103 0.158049356
76.642 1017443.081 0.157792906
76.329 1018605.685 0.157526073
76.010 1019816.746 0.157248991
75.686 1021076.092 0.156961802
75.358 1022383.542 0.156664650
75.026 1023738.910 0.156357683
74.691 1025142.004 0.156041055
74.352 1026592.626 0.155714920
74.010 1028090.574 0.155379439
73.666 1029635.639 0.155034775
73.320 1031227.608 0.154681092
72.971 1032866.260 0.154318562
72.621 1034551.374 0.153947353
72.269 1036282.719 0.153567642
71.915 1038060.062 0.153179605
71.561 1039883.165 0.152783419
71.205 1041751.786 0.152379267
70.848 1043665.677 0.151967330
70.491 1045624.589 0.151547793
70.133 1047628.265 0.151120841
69.775 1049676.447 0.150686661
69.416 1051768.873 0.150245441
69.057 1053905.276 0.149797370
68.699 1056085.387 0.149342638
68.340 1058308.933 0.148881435
67.981 1060575.638 0.148413951
67.623 1062885.224 0.147940378
67.264 1065237.408 0.147460907
66.907 1067631.906 0.146975728
66.549 1070068.432 0.146485032
66.192 1072546.695 0.145989010
65.836 1075066.405 0.145487851
65.481 1077627.267 0.144981745
65.126 1080228.986 0.144470880
64.772 1082871.264 0.143955444
64.419 1085553.802 0.143435622
64.067 1088276.299 0.142911601
63.716 1091038.453 0.142383565
63.366 1093839.959 0.141851696
63.017 1096680.513 0.141316174
62.668 1099559.809 0.140777181
62.322 1102477.540 0.140234893
61.976 1105433.398 0.139689487
61.631 1108427.075 0.139141136
61.288 1111458.262 0.138590013
60.946 1114526.648 0.138036288
60.605 1117631.924 0.137480129
60.266 1120773.780 0.136921702
59.928 1123951.905 0.136361170
59.591 1127165.989 0.135798694
59.256 1130415.721 0.135234433
58.922 1133700.791 0.134668543
58.590 1137020.888 0.134101179
58.259 1140375.703 0.133532491
57.929 1143764.927 0.132962629
57.601 1147188.251 0.132391738
57.275 1150645.365 0.131819962
56.950 1154135.963 0.131247441
56.626 1157659.738 0.130674315
56.304 1161216.383 0.130100717
55.984 1164805.593 0.129526782
55.665 1168427.064 0.128952638
55.348 1172080.493 0.128378413
55.033 1175765.578 0.127804232
54.719 1179482.017 0.127230216
54.406 1183229.511 0.126656483
54.096 1187007.761 0.126083150
53.786 1190816.471 0.125510330
53.479 1194655.344 0.124938134
53.173 1198524.087 0.124366670
52.869 1202422.406 0.123796041
52.566 1206350.010 0.123226352
52.265 1210306.610 0.122657701
51.966 1214291.918 0.122090186
51.668 1218305.647 0.121523900
51.372 1222347.513 0.120958935
51.077 1226417.233 0.120395380
50.784 1230514.525 0.119833322
50.493 1234639.112 0.119272843
50.204 1238790.715 0.118714027
49.916 1242969.058 0.118156950
49.629 1247173.869 0.117601690
49.345 1251404.876 0.117048320
49.062 1255661.809 0.116496911
48.780 1259944.400 0.115947533
48.500 1264252.384 0.115400251
48.222 1268585.497 0.114855131
47.946 1272943.477 0.114312234
47.671 1277326.066 0.113771620
47.397 1281733.006 0.113233347
47.125 1286164.040 0.112697469
46.855 1290618.917 0.112164040
46.587 1295097.385 0.111633112
46.319 1299599.195 0.111104733
46.054 1304124.100 0.110578950
45.790 1308671.855 0.110055809
45.528 1313242.218 0.109535352
45.267 1317834.949 0.109017620
45.008 1322449.808 0.108502655
44.750 1327086.561 0.107990491
44.494 1331744.973 0.107481167
44.239 1336424.813 0.106974715
43.986 1341125.850 0.106471168
43.735 1345847.857 0.105970556
43.485 1350590.609 0.105472910
43.236 1355353.883 0.104978255
42.989 1360137.458 0.104486619
42.743 1364941.115 0.103998026
42.499 1369764.637 0.103512498
42.256 1374607.809 0.103030058
42.015 1379470.420 0.102550725
41.775 1384352.258 0.102074518
41.537 1389253.117 0.101601455
41.300 1394172.788 0.101131552
41.065 1399111.069 0.100664824
40.831 1404067.758 0.100201284
40.598 1409042.654 0.099740947
40.367 1414035.560 0.099283821
40.137 1419046.280 0.098829919
39.908 1424074.621 0.098379250
39.681 1429120.390 0.097931821
39.455 1434183.399 0.097487640
39.231 1439263.459 0.097046713
39.008 1444360.384 0.096609045
38.786 1449473.992 0.096174641
38.566 1454604.100 0.095743505
38.347 1459750.529 0.095315638
38.129 1464913.101 0.094891044
37.912 1470091.640 0.094469722
37.697 1475285.972 0.094051672
37.483 1480495.925 0.093636896
37.271 1485721.328 0.093225390
37.059 1490962.014 0.092817154
36.849 1496217.816 0.092412185
36.640 1501488.569 0.092010479
36.432 1506774.110 0.091612032
36.226 1512074.279 0.091216841
36.021 1517388.916 0.090824900
35.817 1522717.864 0.090436204
35.614 1528060.967 0.090050746
35.412 1533418.071 0.089668520
35.212 1538789.023 0.089289519
35.013 1544173.674 0.088913735
34.814 1549571.874 0.088541160
34.617 1554983.477 0.088171786
34.422 1560408.336 0.087805605
34.227 1565846.308 0.087442606
34.033 1571297.251 0.087082780
33.841 1576761.023 0.086726118
33.650 1582237.487 0.086372609
33.459 1587726.503 0.086022242
33.270 1593227.938 0.085675008
33.082 1598741.655 0.085330893
32.895 1604267.523 0.084989888
32.709 1609805.410 0.084651981
32.525 1615355.187 0.084317159
32.341 1620916.724 0.083985410
32.158 1626489.895 0.083656723
31.976 1632074.574 0.083331084
31.796 1637670.639 0.083008481
31.616 1643277.965 0.082688901
31.437 1648896.432 0.082372331
31.260 1654525.920 0.082058758
31.083 1660166.311 0.081748168
30.907 1665817.487 0.081440548
30.733 1671479.334 0.081135885
30.559 1677151.735 0.080834164
30.386 1682834.579 0.080535373
30.214 1688527.754 0.080239496
30.043 1694231.149 0.079946521
29.874 1699944.654 0.079656434
29.705 1705668.163 0.079369220
29.536 1711401.567 0.079084865
29.369 1717144.763 0.078803355
29.203 1722897.644 0.078524676
29.038 1728660.108 0.078248815
28.873 1734432.054 0.077975756
28.710 1740213.380 0.077705486
28.547 1746003.987 0.077437990
28.385 1751803.776 0.077173255
28.224 1757612.649 0.076911266
28.064 1763430.512 0.076652009
27.905 1769257.268 0.076395470
27.747 1775092.823 0.076141636
27.589 1780937.084 0.075890491
27.432 1786789.960 0.075642023
27.276 1792651.359 0.075396217
27.121 1798521.192 0.075153060
26.967 1804399.370 0.074912537
26.814 1810285.805 0.074674636
26.661 1816180.409 0.074439342
26.509 1822083.098 0.074206642
26.358 1827993.786 0.073976523
26.208 1833912.390 0.073748971
26.058 1839838.825 0.073523973
25.909 1845773.012 0.073301516
25.761 1851714.867 0.073081587
25.614 1857664.311 0.072864172
25.467 1863621.266 0.072649260
25.322 1869585.651 0.072436837
25.177 1875557.390 0.072226891
25.032 1881536.406 0.072019409
24.889 1887522.623 0.071814379
24.746 1893515.967 0.071611789
24.603 1899516.363 0.071411627
24.462 1905523.737 0.071213880
24.321 1911538.018 0.071018537
24.181 1917559.134 0.070825587
24.042 1923587.014 0.070635017
23.903 1929621.587 0.070446817
23.765 1935662.784 0.070260975
23.628 1941710.538 0.070077480
23.491 1947764.779 0.069896321
23.355 1953825.442 0.069717488
23.219 1959892.459 0.069540969
23.085 1965965.765 0.069366755
22.951 1972045.295 0.069194835
22.817 1978130.986 0.069025199
22.684 1984222.773 0.068857837
22.552 1990320.594 0.068692739
22.421 1996424.387 0.068529896
22.290 2002534.090 0.068369298
22.159 2008649.643 0.068210937
22.030 2014770.986 0.068054802
21.900 2020898.059 0.067900886
21.772 2027030.803 0.067749179
21.644 2033169.161 0.067599673
21.517 2039313.074 0.067452360
21.390 2045462.487 0.067307231
21.264 2051617.342 0.067164279
21.138 2057777.584 0.067023496
21.013 2063943.158 0.066884874
20.889 2070114.009 0.066748406
20.765 2076290.084 0.066614085
20.641 2082471.329 0.066481903
20.518 2088657.691 0.066351855
20.396 2094849.119 0.066223934
20.274 2101045.560 0.066098133
20.153 2107246.963 0.065974446
20.033 2113453.279 0.065852868
