20.044 2122542.166 0.065390474
20.142 2117498.510 0.065487491
20.240 2112462.169 0.065585800
20.338 2107433.201 0.065685400
20.437 2102411.662 0.065786289
20.536 2097397.612 0.065888466
20.635 2092391.110 0.065991931
20.734 2087392.214 0.066096683
20.834 2082400.984 0.066202720
20.933 2077417.482 0.066310041
21.034 2072441.766 0.066418646
21.134 2067473.899 0.066528534
21.235 2062513.943 0.066639703
21.336 2057561.958 0.066752154
21.437 2052618.009 0.066865884
21.539 2047682.158 0.066980893
21.641 2042754.469 0.067097180
21.743 2037835.006 0.067214745
21.845 2032923.833 0.067333585
21.948 2028021.016 0.067453701
22.051 2023126.621 0.067575091
22.154 2018240.713 0.067697755
22.257 2013363.359 0.067821691
22.361 2008494.627 0.067946899
22.465 2003634.584 0.068073376
22.570 1998783.298 0.068201124
22.674 1993940.838 0.068330139
22.779 1989107.274 0.068460422
22.884 1984282.676 0.068591971
22.990 1979467.113 0.068724785
23.096 1974660.657 0.068858862
23.202 1969863.379 0.068994202
23.308 1965075.352 0.069130803
23.415 1960296.647 0.069268664
23.521 1955527.339 0.069407784
23.629 1950767.500 0.069548160
23.736 1946017.205 0.069689792
23.844 1941276.529 0.069832678
23.952 1936545.547 0.069976817
24.060 1931824.336 0.070122206
24.169 1927112.971 0.070268844
24.277 1922411.531 0.070416729
24.386 1917720.092 0.070565860
24.496 1913038.733 0.070716234
24.606 1908367.534 0.070867849
24.715 1903706.572 0.071020703
24.826 1899055.930 0.071174794
24.936 1894415.686 0.071330120
25.047 1889785.924 0.071486678
25.158 1885166.723 0.071644466
25.269 1880558.168 0.071803481
25.381 1875960.341 0.071963720
25.493 1871373.326 0.072125181
25.605 1866797.207 0.072287861
25.718 1862232.069 0.072451757
25.830 1857677.998 0.072616865
25.943 1853135.079 0.072783182
26.056 1848603.401 0.072950705
26.170 1844083.050 0.073119430
26.284 1839574.115 0.073289354
26.398 1835076.684 0.073460473
26.512 1830590.846 0.073632783
26.627 1826116.692 0.073806280
26.742 1821654.312 0.073980959
26.857 1817203.797 0.074156817
26.972 1812765.240 0.074333848
27.088 1808338.733 0.074512049
27.203 1803924.369 0.074691413
27.320 1799522.242 0.074871936
27.436 1795132.447 0.075053614
27.553 1790755.078 0.075236440
27.670 1786390.233 0.075420408
27.787 1782038.006 0.075605514
27.904 1777698.496 0.075791752
28.022 1773371.800 0.075979114
28.140 1769058.016 0.076167595
28.258 1764757.244 0.076357188
28.376 1760469.584 0.076547887
28.495 1756195.135 0.076739684
28.613 1751934.000 0.076932573
28.732 1747686.279 0.077126545
28.852 1743452.076 0.077321594
28.971 1739231.492 0.077517712
29.091 1735024.633 0.077714889
29.211 1730831.602 0.077913119
29.331 1726652.505 0.078112393
29.451 1722487.447 0.078312701
29.572 1718336.534 0.078514035
29.693 1714199.875 0.078716385
29.814 1710077.576 0.078919742
29.935 1705969.745 0.079124096
30.056 1701876.493 0.079329437
30.178 1697797.927 0.079535754
30.299 1693734.160 0.079743037
30.421 1689685.302 0.079951275
30.543 1685651.464 0.080160456
30.666 1681632.759 0.080370570
30.788 1677629.299 0.080581604
30.911 1673641.199 0.080793546
31.034 1669668.573 0.081006384
31.157 1665711.534 0.081220104
31.280 1661770.200 0.081434695
31.403 1657844.685 0.081650142
31.526 1653935.108 0.081866432
31.650 1650041.584 0.082083551
31.773 1646164.233 0.082301485
31.897 1642303.172 0.082520218
32.021 1638458.521 0.082739736
32.145 1634630.400 0.082960024
32.269 1630818.929 0.083181065
32.394 1627024.229 0.083402844
32.518 1623246.422 0.083625344
32.642 1619485.630 0.083848549
32.767 1615741.976 0.084072441
32.891 1612015.583 0.084297002
33.016 1608306.575 0.084522216
33.141 1604615.077 0.084748063
33.266 1600941.213 0.084974525
33.390 1597285.110 0.085201583
33.515 1593646.892 0.085429217
33.640 1590026.688 0.085657409
33.765 1586424.624 0.085886136
33.890 1582840.827 0.086115380
34.015 1579275.427 0.086345119
34.140 1575728.551 0.086575332
34.265 1572200.328 0.086805997
34.390 1568690.890 0.087037091
34.515 1565200.364 0.087268593
34.640 1561728.883 0.087500478
34.765 1558276.577 0.087732725
34.890 1554843.577 0.087965309
35.015 1551430.016 0.088198205
35.139 1548036.025 0.088431390
35.264 1544661.737 0.088664837
35.388 1541307.286 0.088898523
35.513 1537972.805 0.089132420
35.637 1534658.427 0.089366503
35.762 1531364.286 0.089600745
35.886 1528090.518 0.089835118
36.010 1524837.257 0.090069596
36.133 1521604.637 0.090304150
36.257 1518392.795 0.090538751
36.381 1515201.865 0.090773372
36.504 1512031.985 0.091007983
36.627 1508883.289 0.091242554
36.750 1505755.914 0.091477055
36.873 1502649.997 0.091711456
36.995 1499565.675 0.091945726
37.117 1496503.084 0.092179834
37.239 1493462.362 0.092413748
37.361 1490443.645 0.092647436
37.483 1487447.071 0.092880865
37.604 1484472.778 0.093114004
37.725 1481520.902 0.093346818
37.845 1478591.582 0.093579274
37.965 1475684.955 0.093811338
38.085 1472801.158 0.094042976
38.204 1469940.329 0.094274153
38.323 1467102.607 0.094504833
38.442 1464288.127 0.094734982
38.560 1461497.028 0.094964564
38.678 1458729.447 0.095193542
38.796 1455985.521 0.095421881
38.913 1453265.388 0.095649542
39.029 1450569.184 0.095876490
39.145 1447897.045 0.096102687
39.261 1445249.110 0.096328094
39.376 1442625.513 0.096552674
39.490 1440026.390 0.096776389
39.604 1437451.878 0.096999200
39.717 1434902.112 0.097221068
39.830 1432377.227 0.097441954
39.942 1429877.358 0.097661818
40.054 1427402.638 0.097880622
40.165 1424953.203 0.098098324
40.275 1422529.184 0.098314886
40.384 1420130.716 0.098530266
40.493 1417757.931 0.098744424
40.601 1415410.960 0.098957321
40.709 1413089.936 0.099168914
40.816 1410794.988 0.099379163
40.922 1408526.247 0.099588027
41.027 1406283.843 0.099795464
41.131 1404067.904 0.100001434
41.235 1401878.558 0.100205895
41.337 1399715.933 0.100408805
41.439 1397580.156 0.100610123
41.540 1395471.352 0.100809807
41.640 1393389.646 0.101007816
41.740 1391335.162 0.101204108
41.838 1389308.024 0.101398642
41.935 1387308.355 0.101591375
42.031 1385336.274 0.101782266
42.127 1383391.904 0.101971274
42.221 1381475.362 0.102158357
42.315 1379586.768 0.102343474
42.407 1377726.239 0.102526584
42.498 1375893.891 0.102707645
42.588 1374089.838 0.102886617
42.677 1372314.196 0.103063458
42.765 1370567.076 0.103238128
42.852 1368848.590 0.103410587
42.938 1367158.848 0.103580795
43.022 1365497.959 0.103748711
43.105 1363866.030 0.103914295
43.187 1362263.168 0.104077509
43.268 1360689.477 0.104238314
43.348 1359145.061 0.104396670
43.426 1357630.022 0.104552539
43.503 1356144.461 0.104705883
43.578 1354688.475 0.104856664
43.653 1353262.163 0.105004846
43.726 1351865.621 0.105150390
43.797 1350498.942 0.105293261
43.868 1349162.219 0.105433423
43.936 1347855.544 0.105570841
44.004 1346579.005 0.105705479
44.070 1345332.691 0.105837302
44.134 1344116.686 0.105966278
44.197 1342931.076 0.106092373
44.259 1341775.941 0.106215553
44.319 1340651.364 0.106335788
44.378 1339557.422 0.106453044
44.435 1338494.192 0.106567293
44.490 1337461.749 0.106678502
44.544 1336460.166 0.106786643
44.596 1335489.514 0.106891687
44.647 1334549.862 0.106993606
44.696 1333641.276 0.107092372
44.744 1332763.823 0.107187959
44.790 1331917.564 0.107280340
44.834 1331102.561 0.107369492
44.877 1330318.872 0.107455388
44.918 1329566.555 0.107538007
44.957 1328845.664 0.107617324
44.994 1328156.250 0.107693320
45.030 1327498.366 0.107765971
45.064 1326872.058 0.107835259
45.097 1326277.373 0.107901164
45.127 1325714.354 0.107963668
45.156 1325183.043 0.108022753
45.183 1324683.480 0.108078404
45.209 1324215.700 0.108130603
45.232 1323779.740 0.108179337
45.254 1323375.631 0.108224593
45.274 1323003.403 0.108266356
45.293 1322663.085 0.108304617
45.309 1322354.702 0.108339363
45.324 1322078.277 0.108370585
45.337 1321833.831 0.108398274
45.348 1321621.384 0.108422423
45.357 1321440.950 0.108443025
45.365 1321292.544 0.108460073
45.370 1321176.178 0.108473564
45.374 1321091.861 0.108483493
45.376 1321039.599 0.108489857
45.376 1321019.397 0.108492656
45.375 1321031.257 0.108491887
45.371 1321075.180 0.108487552
45.366 1321151.162 0.108479651
45.359 1321259.198 0.108468188
45.350 1321399.281 0.108453165
45.339 1321571.401 0.108434587
45.327 1321775.547 0.108412459
45.313 1322011.703 0.108386788
45.296 1322279.854 0.108357581
45.279 1322579.980 0.108324846
45.259 1322912.059 0.108288593
45.237 1323276.068 0.108248832
45.214 1323671.981 0.108205574
45.189 1324099.770 0.108158832
45.162 1324559.404 0.108108620
45.134 1325050.849 0.108054950
45.103 1325574.071 0.107997840
45.071 1326129.033 0.107937303
45.037 1326715.694 0.107873359
45.002 1327334.012 0.107806024
44.965 1327983.944 0.107735318
44.926 1328665.443 0.107661259
44.885 1329378.461 0.107583870
44.843 1330122.946 0.107503171
44.799 1330898.846 0.107419185
44.753 1331706.106 0.107331935
44.706 1332544.669 0.107241444
44.657 1333414.476 0.107147738
44.607 1334315.465 0.107050843
44.554 1335247.573 0.106950784
44.501 1336210.734 0.106847588
44.445 1337204.882 0.106741285
44.389 1338229.947 0.106631901
44.330 1339285.857 0.106519467
44.270 1340372.540 0.106404012
44.209 1341489.920 0.106285568
44.146 1342637.920 0.106164164
44.082 1343816.462 0.106039834
44.016 1345025.463 0.105912610
43.948 1346264.843 0.105782524
43.880 1347534.517 0.105649611
43.809 1348834.398 0.105513905
43.738 1350164.398 0.105375441
43.665 1351524.429 0.105234253
43.591 1352914.399 0.105090378
43.515 1354334.215 0.104943852
43.438 1355783.782 0.104794712
43.360 1357263.005 0.104642994
43.280 1358771.786 0.104488737
43.199 1360310.026 0.104331979
43.117 1361877.625 0.104172757
43.034 1363474.479 0.104011110
42.949 1365100.486 0.103847078
42.864 1366755.541 0.103680699
42.777 1368439.537 0.103512014
42.689 1370152.367 0.103341062
42.599 1371893.922 0.103167884
42.509 1373664.092 0.102992519
42.418 1375462.764 0.102815009
42.325 1377289.827 0.102635394
42.232 1379145.166 0.102453715
42.137 1381028.666 0.102270013
42.042 1382940.212 0.102084330
41.945 1384879.686 0.101896707
41.847 1386846.969 0.101707185
41.749 1388841.942 0.101515806
41.649 1390864.485 0.101322612
687643.909 0.389
697064.198 0.381
706483.793 0.373
715902.686 0.366
725320.866 0.358
734738.324 0.351
744155.051 0.344
753571.038 0.337
762986.276 0.331
772400.754 0.324
781814.463 0.318
791227.395 0.312
800639.539 0.306
810050.887 0.300
819461.429 0.294
828871.155 0.289
838280.057 0.283
847688.124 0.278
857095.348 0.273
866501.720 0.268
875907.229 0.263
885311.867 0.258
894715.623 0.254
904118.490 0.249
913520.457 0.245
922921.515 0.240
932321.655 0.236
941720.867 0.232
951119.142 0.228
960516.471 0.224
969912.844 0.220
979308.252 0.217
988702.685 0.213
998096.135 0.210
1007488.592 0.206
1016880.046 0.203
1026270.489 0.200
1035659.910 0.196
1045048.301 0.193
1054435.652 0.190
1063821.954 0.187
1073207.197 0.184
1082591.373 0.181
1091974.471 0.179
1101356.483 0.176
1110737.399 0.173
1120117.210 0.171
1129495.907 0.168
1138873.479 0.165
1148249.918 0.163
1157625.215 0.161
1166999.360 0.158
1176372.344 0.156
1185744.157 0.154
1195114.791 0.152
1204484.235 0.149
1213852.481 0.147
1223219.519 0.145
1232585.340 0.143
1241949.934 0.141
1251313.293 0.139
1260675.407 0.137
1270036.266 0.135
1279395.862 0.134
1288754.184 0.132
1298111.225 0.130
1307466.973 0.128
1316821.421 0.127
1326174.558 0.125
1335526.376 0.123
1344876.865 0.122
1354226.016 0.120
1363573.820 0.119
1372920.266 0.117
1382265.347 0.116
1391609.052 0.114
1400951.372 0.113
1410292.299 0.111
1419631.822 0.110
1428969.933 0.109
1438306.622 0.107
1447641.879 0.106
1456975.696 0.105
1466308.064 0.104
1475638.973 0.102
1484968.413 0.101
1494296.375 0.100
1503622.851 0.099
1512947.831 0.098
1522271.305 0.096
1531593.265 0.095
1540913.700 0.094
1550232.603 0.093
1559549.962 0.092
1568865.770 0.091
1578180.017 0.090
1587492.694 0.089
1596803.791 0.088
1606113.299 0.087
1615421.209 0.086
1624727.512 0.085
1634032.198 0.084
1643335.258 0.083
1652636.683 0.082
1661936.463 0.082
1671234.590 0.081
1680531.054 0.080
1689825.846 0.079
1699118.956 0.078
1708410.375 0.077
1717700.095 0.077
1726988.105 0.076
1736274.397 0.075
1745558.962 0.074
1754841.789 0.074
1764122.871 0.073
1773402.197 0.072
1782679.758 0.071
1791955.546 0.071
1801229.550 0.070
1810501.762 0.069
1819772.173 0.069
1829040.773 0.068
1838307.553 0.067
1847572.503 0.067
1856835.616 0.066
1866096.880 0.065
1875356.288 0.065
1884613.830 0.064
1893869.497 0.063
1903123.279 0.063
1912375.167 0.062
1921625.152 0.062
1930873.226 0.061
1940119.378 0.061
1949363.599 0.060
1958605.881 0.059
1967846.214 0.059
1977084.588 0.058
1986320.996 0.058
1995555.427 0.057
2004787.872 0.057
2014018.322 0.056
2023246.769 0.056
2032473.202 0.055
2041697.612 0.055
2050919.991 0.054
2060140.330 0.054
2069358.618 0.053
2078574.847 0.053
2087789.008 0.053
2097001.092 0.052
2106211.088 0.052
2115418.989 0.051
2124624.785 0.051
2133828.467 0.050
2143030.026 0.050
2152229.452 0.050
2161426.737 0.049
2170621.870 0.049
2179814.844 0.048
2189005.649 0.048
2198194.276 0.048
2207380.715 0.047
2216564.958 0.047
2225746.995 0.046
2234926.817 0.046
2244104.416 0.046
2253279.781 0.045
2262452.904 0.045
2271623.776 0.045
2280792.388 0.044
2289958.730 0.044
2299122.793 0.044
2308284.569 0.043
2317444.048 0.043
2326601.220 0.043
2335756.078 0.042
2344908.611 0.042
2354058.811 0.042
2363206.668 0.041
2372352.174 0.041
2381495.319 0.041
2390636.094 0.040
2399774.491 0.040
2408910.500 0.040
2418044.111 0.039
2427175.316 0.039
2436304.107 0.039
2445430.472 0.039
2454554.405 0.038
2463675.895 0.038
2472794.933 0.038
2481911.511 0.037
2491025.619 0.037
2500137.248 0.037
2509246.390 0.037
2518353.034 0.036
2527457.173 0.036
2536558.796 0.036
2545657.895 0.036
2554754.462 0.035
2563848.486 0.035
2572939.958 0.035
2582028.871 0.035
2591115.214 0.034
2600198.979 0.034
2609280.156 0.034
2618358.737 0.034
2627434.712 0.034
2636508.073 0.033
2645578.810 0.033
2654646.915 0.033
2663712.378 0.033
2672775.190 0.032
2681835.343 0.032
2690892.827 0.032
2699947.633 0.032
2708999.753 0.032
2718049.176 0.031
2727095.896 0.031
2736139.901 0.031
47.406 1281881.197 0.113205270
47.469 1280859.352 0.113329976
47.529 1279875.947 0.113450279
47.587 1278931.072 0.113566139
47.642 1278024.814 0.113677515
47.696 1277157.257 0.113784369
47.747 1276328.482 0.113886664
47.795 1275538.566 0.113984364
47.842 1274787.582 0.114077435
47.886 1274075.601 0.114165844
47.927 1273402.690 0.114249560
47.966 1272768.912 0.114328553
48.003 1272174.326 0.114402796
48.037 1271618.990 0.114472262
48.069 1271102.955 0.114536926
48.099 1270626.271 0.114596765
48.126 1270188.983 0.114651758
48.150 1269791.134 0.114701885
48.172 1269432.761 0.114747129
48.191 1269113.898 0.114787472
48.208 1268834.577 0.114822901
48.223 1268594.824 0.114853403
48.234 1268394.663 0.114878966
48.244 1268234.114 0.114899582
48.251 1268113.192 0.114915244
48.255 1268031.909 0.114925945
48.256 1267990.274 0.114931682
48.256 1267988.292 0.114932453
48.252 1268025.962 0.114928257
48.246 1268103.283 0.114919097
48.238 1268220.248 0.114904976
48.227 1268376.845 0.114885899
48.213 1268573.062 0.114861872
48.197 1268808.879 0.114832906
48.179 1269084.275 0.114799010
48.158 1269399.225 0.114760197
48.134 1269753.700 0.114716481
48.108 1270147.667 0.114667878
48.079 1270581.089 0.114614405
48.048 1271053.926 0.114556082
48.015 1271566.134 0.114492930
47.979 1272117.666 0.114424972
47.940 1272708.471 0.114352232
47.899 1273338.493 0.114274736
47.856 1274007.675 0.114192511
47.811 1274715.956 0.114105588
47.763 1275463.268 0.114013997
47.712 1276249.545 0.113917770
47.660 1277074.714 0.113816941
47.605 1277938.699 0.113711546
47.548 1278841.420 0.113601622
47.488 1279782.797 0.113487206
47.426 1280762.743 0.113368339
47.362 1281781.169 0.113245062
47.296 1282837.983 0.113117418
47.228 1283933.091 0.112985449
47.157 1285066.392 0.112849201
47.085 1286237.787 0.112708721
47.010 1287447.169 0.112564055
46.933 1288694.433 0.112415253
46.854 1289979.466 0.112262364
46.773 1291302.155 0.112105439
46.691 1292662.385 0.111944530
46.606 1294060.035 0.111779689
46.519 1295494.984 0.111610972
46.430 1296967.107 0.111438431
46.340 1298476.277 0.111262124
46.248 1300022.363 0.111082107
46.153 1301605.234 0.110898436
46.057 1303224.753 0.110711171
45.960 1304880.783 0.110520369
45.860 1306573.184 0.110326091
45.759 1308301.815 0.110128397
45.656 1310066.529 0.109927348
45.552 1311867.181 0.109723004
45.446 1313703.620 0.109515428
45.338 1315575.697 0.109304682
45.229 1317483.257 0.109090829
45.119 1319426.145 0.108873932
45.007 1321404.204 0.108654055
44.893 1323417.275 0.108431261
44.778 1325465.196 0.108205616
44.662 1327547.804 0.107977182
44.544 1329664.936 0.107746026
44.425 1331816.424 0.107512211
44.305 1334002.101 0.107275804
44.184 1336221.796 0.107036868
44.061 1338475.340 0.106795469
43.937 1340762.559 0.106551673
43.812 1343083.280 0.106305544
43.686 1345437.327 0.106057147
43.559 1347824.524 0.105806548
43.430 1350244.692 0.105553812
43.301 1352697.653 0.105299004
43.171 1355183.228 0.105042188
43.039 1357701.233 0.104783428
42.907 1360251.488 0.104522789
42.774 1362833.809 0.104260336
42.640 1365448.011 0.103996131
42.505 1368093.911 0.103730239
42.369 1370771.321 0.103462721
42.232 1373480.056 0.103193642
42.095 1376219.928 0.102923064
41.956 1378990.750 0.102651047
41.818 1381792.331 0.102377655
41.678 1384624.484 0.102102948
41.538 1387487.019 0.101826987
41.397 1390379.745 0.101549832
41.255 1393302.472 0.101271542
41.113 1396255.008 0.100992176
40.970 1399237.163 0.100711794
40.827 1402248.745 0.100430453
40.683 1405289.562 0.100148211
40.539 1408359.422 0.099865124
40.394 1411458.132 0.099581249
40.249 1414585.501 0.099296641
40.103 1417741.335 0.099011355
39.957 1420925.443 0.098725446
39.811 1424137.631 0.098438967
39.664 1427377.707 0.098151971
39.517 1430645.479 0.097864510
39.369 1433940.755 0.097576637
39.221 1437263.341 0.097288401
39.073 1440613.047 0.096999854
38.925 1443989.680 0.096711045
38.776 1447393.049 0.096422022
38.627 1450822.962 0.096132834
38.478 1454279.229 0.095843528
38.329 1457761.659 0.095554151
38.179 1461270.061 0.095264748
38.030 1464804.246 0.094975365
37.880 1468364.025 0.094686046
37.730 1471949.207 0.094396834
37.580 1475559.605 0.094107774
37.430 1479195.031 0.093818906
37.280 1482855.297 0.093530272
37.130 1486540.217 0.093241914
36.980 1490249.603 0.092953870
36.829 1493983.270 0.092666181
36.679 1497741.034 0.092378884
36.529 1501522.709 0.092092018
36.378 1505328.112 0.091805619
36.228 1509157.060 0.091519724
36.078 1513009.370 0.091234367
35.928 1516884.861 0.090949585
35.777 1520783.352 0.090665411
35.627 1524704.662 0.090381878
35.477 1528648.613 0.090099019
35.327 1532615.026 0.089816867
35.178 1536603.722 0.089535451
35.028 1540614.526 0.089254804
34.878 1544647.261 0.088974954
34.729 1548701.752 0.088695931
34.580 1552777.825 0.088417763
34.431 1556875.306 0.088140478
34.282 1560994.022 0.087864104
34.133 1565133.803 0.087588667
33.984 1569294.477 0.087314192
33.836 1573475.875 0.087040705
33.688 1577677.828 0.086768231
33.540 1581900.167 0.086496793
33.392 1586142.727 0.086226415
33.244 1590405.341 0.085957120
33.097 1594687.845 0.085688929
32.950 1598990.073 0.085421864
32.803 1603311.864 0.085155946
32.657 1607653.055 0.084891196
32.511 1612013.486 0.084627633
32.364 1616392.996 0.084365277
32.219 1620791.427 0.084104146
32.073 1625208.621 0.083844258
31.928 1629644.420 0.083585631
31.783 1634098.669 0.083328282
31.639 1638571.214 0.083072228
31.494 1643061.900 0.082817484
31.350 1647570.574 0.082564067
31.207 1652097.085 0.082311990
31.063 1656641.283 0.082061270
30.920 1661203.017 0.081811920
30.778 1665782.140 0.081563953
30.635 1670378.503 0.081317384
30.493 1674991.961 0.081072224
30.352 1679622.367 0.080828486
30.210 1684269.578 0.080586182
30.069 1688933.450 0.080345323
29.929 1693613.841 0.080105921
29.788 1698310.610 0.079867986
29.648 1703023.617 0.079631529
29.509 1707752.722 0.079396558
29.370 1712497.787 0.079163085
29.231 1717258.676 0.078931118
29.092 1722035.253 0.078700666
28.954 1726827.383 0.078471737
28.816 1731634.931 0.078244339
28.679 1736457.765 0.078018481
28.542 1741295.754 0.077794170
28.405 1746148.766 0.077571412
28.269 1751016.672 0.077350216
28.133 1755899.342 0.077130586
27.998 1760796.650 0.076912530
27.863 1765708.469 0.076696054
27.728 1770634.673 0.076481163
27.594 1775575.138 0.076267863
27.460 1780529.739 0.076056159
27.326 1785498.354 0.075846055
27.193 1790480.862 0.075637557
27.060 1795477.142 0.075430669
26.928 1800487.074 0.075225395
26.796 1805510.540 0.075021740
26.664 1810547.422 0.074819706
26.533 1815597.603 0.074619298
26.403 1820660.967 0.074420518
26.272 1825737.401 0.074223371
26.142 1830826.790 0.074027859
26.013 1835929.021 0.073833984
25.883 1841043.982 0.073641750
25.755 1846171.563 0.073451159
25.626 1851311.653 0.073262213
25.498 1856464.143 0.073074915
25.371 1861628.926 0.072889266
25.244 1866805.894 0.072705268
25.117 1871994.941 0.072522923
24.990 1877195.961 0.072342232
24.865 1882408.849 0.072163197
24.739 1887633.504 0.071985820
24.614 1892869.821 0.071810101
24.489 1898117.698 0.071636042
24.365 1903377.036 0.071463643
24.241 1908647.734 0.071292906
24.117 1913929.692 0.071123831
23.994 1919222.813 0.070956419
23.871 1924526.999 0.070790671
23.749 1929842.153 0.070626587
23.627 1935168.180 0.070464168
23.505 1940504.985 0.070303415
23.384 1945852.474 0.070144327
23.263 1951210.553 0.069986904
23.143 1956579.131 0.069831149
23.023 1961958.115 0.069677059
22.903 1967347.414 0.069524636
22.784 1972746.939 0.069373880
22.665 1978156.601 0.069224791
22.547 1983576.311 0.069077369
22.428 1989005.981 0.068931614
22.311 1994445.525 0.068787526
22.193 1999894.857 0.068645106
22.077 2005353.890 0.068504352
21.960 2010822.542 0.068365266
21.844 2016300.727 0.068227847
21.728 2021788.363 0.068092095
21.613 2027285.368 0.067958010
21.498 2032791.660 0.067825593
21.383 2038307.157 0.067694843
21.269 2043831.781 0.067565760
21.155 2049365.451 0.067438345
21.041 2054908.089 0.067312598
20.928 2060459.617 0.067188518
20.816 2066019.957 0.067066106
20.703 2071589.033 0.066945363
20.591 2077166.769 0.066826288
20.479 2082753.090 0.066708882
20.368 2088347.921 0.066593145
20.257 2093951.188 0.066479077
20.147 2099562.818 0.066366680
20.036 2105182.738 0.066255953
