20.050 2104139.981 0.066287531
20.149 2099077.732 0.066387915
20.248 2094023.180 0.066489633
20.347 2088976.385 0.066592684
20.447 2083937.407 0.066697067
20.547 2078906.307 0.066802780
20.648 2073883.148 0.066909822
20.748 2068867.991 0.067018191
20.849 2063860.899 0.067127887
20.951 2058861.936 0.067238908
21.052 2053871.164 0.067351253
21.154 2048888.649 0.067464921
21.256 2043914.454 0.067579910
21.358 2038948.646 0.067696219
21.461 2033991.289 0.067813848
21.564 2029042.450 0.067932794
21.667 2024102.195 0.068053057
21.770 2019170.593 0.068174636
21.874 2014247.710 0.068297528
21.978 2009333.615 0.068421734
22.082 2004428.377 0.068547251
22.187 1999532.065 0.068674078
22.292 1994644.750 0.068802215
22.397 1989766.501 0.068931659
22.502 1984897.390 0.069062409
22.608 1980037.488 0.069194464
22.714 1975186.868 0.069327823
22.820 1970345.601 0.069462483
22.927 1965513.763 0.069598444
23.034 1960691.425 0.069735704
23.141 1955878.663 0.069874261
23.248 1951075.552 0.070014113
23.356 1946282.167 0.070155260
23.464 1941498.585 0.070297698
23.572 1936724.881 0.070441427
23.681 1931961.134 0.070586443
23.789 1927207.421 0.070732747
23.898 1922463.821 0.070880334
24.008 1917730.413 0.071029204
24.117 1913007.276 0.071179354
24.227 1908294.492 0.071330782
24.338 1903592.140 0.071483485
24.448 1898900.302 0.071637461
24.559 1894219.060 0.071792708
24.670 1889548.498 0.071949222
24.781 1884888.698 0.072107002
24.893 1880239.745 0.072266044
25.005 1875601.722 0.072426346
25.117 1870974.716 0.072587903
25.229 1866358.812 0.072750714
25.342 1861754.097 0.072914776
25.455 1857160.657 0.073080083
25.568 1852578.581 0.073246634
25.682 1848007.957 0.073414425
25.795 1843448.873 0.073583451
25.910 1838901.421 0.073753709
26.024 1834365.689 0.073925195
26.138 1829841.769 0.074097904
26.253 1825329.753 0.074271833
26.368 1820829.733 0.074446977
26.484 1816341.802 0.074623331
26.600 1811866.053 0.074800890
26.715 1807402.581 0.074979650
26.832 1802951.481 0.075159606
26.948 1798512.848 0.075340751
27.065 1794086.779 0.075523081
27.182 1789673.370 0.075706590
27.299 1785272.719 0.075891272
27.416 1780884.924 0.076077122
27.534 1776510.085 0.076264132
27.652 1772148.301 0.076452297
27.770 1767799.672 0.076641609
27.888 1763464.299 0.076832063
28.007 1759142.284 0.077023650
28.126 1754833.729 0.077216365
28.245 1750538.737 0.077410198
28.364 1746257.412 0.077605143
28.484 1741989.857 0.077801192
28.604 1737736.179 0.077998336
28.724 1733496.483 0.078196567
28.844 1729270.875 0.078395877
28.965 1725059.462 0.078596256
29.085 1720862.352 0.078797695
29.206 1716679.653 0.079000185
29.327 1712511.474 0.079203716
29.448 1708357.926 0.079408279
29.570 1704219.118 0.079613863
29.692 1700095.162 0.079820457
29.814 1695986.169 0.080028051
29.936 1691892.252 0.080236634
30.058 1687813.523 0.080446194
30.180 1683750.097 0.080656719
30.303 1679702.088 0.080868199
30.426 1675669.611 0.081080619
30.549 1671652.782 0.081293969
30.672 1667651.717 0.081508235
30.795 1663666.533 0.081723403
30.918 1659697.348 0.081939461
31.042 1655744.280 0.082156394
31.166 1651807.448 0.082374188
31.290 1647886.972 0.082592829
31.414 1643982.971 0.082812302
31.538 1640095.567 0.083032591
31.662 1636224.882 0.083253681
31.786 1632371.036 0.083475556
31.911 1628534.154 0.083698201
32.035 1624714.358 0.083921597
32.160 1620911.772 0.084145728
32.285 1617126.520 0.084370577
32.409 1613358.728 0.084596126
32.534 1609608.522 0.084822357
32.659 1605876.027 0.085049252
32.784 1602161.370 0.085276791
32.909 1598464.679 0.085504955
33.035 1594786.082 0.085733724
33.160 1591125.707 0.085963079
33.285 1587483.683 0.086192998
33.410 1583860.139 0.086423462
33.536 1580255.206 0.086654448
33.661 1576669.015 0.086885936
33.786 1573101.695 0.087117902
33.911 1569553.379 0.087350325
34.037 1566024.199 0.087583181
34.162 1562514.287 0.087816447
34.287 1559023.777 0.088050100
34.412 1555552.800 0.088284115
34.537 1552101.493 0.088518467
34.662 1548669.987 0.088753132
34.787 1545258.419 0.088988084
34.912 1541866.923 0.089223297
35.037 1538495.634 0.089458744
35.162 1535144.689 0.089694400
35.287 1531814.224 0.089930237
35.411 1528504.375 0.090166227
35.535 1525215.278 0.090402343
35.660 1521947.071 0.090638555
35.784 1518699.892 0.090874835
35.908 1515473.877 0.091111154
36.031 1512269.166 0.091347482
36.155 1509085.896 0.091583788
36.278 1505924.206 0.091820043
36.401 1502784.233 0.092056214
36.524 1499666.118 0.092292271
36.647 1496569.999 0.092528183
36.769 1493496.016 0.092763915
36.892 1490444.307 0.092999437
37.013 1487415.012 0.093234715
37.135 1484408.271 0.093469714
37.256 1481424.222 0.093704403
37.377 1478463.007 0.093938745
37.498 1475524.765 0.094172707
37.618 1472609.634 0.094406254
37.738 1469717.756 0.094639349
37.858 1466849.270 0.094871958
37.977 1464004.315 0.095104044
38.096 1461183.031 0.095335571
38.214 1458385.557 0.095566500
38.332 1455612.033 0.095796797
38.450 1452862.599 0.096026422
38.567 1450137.392 0.096255338
38.683 1447436.553 0.096483507
38.799 1444760.219 0.096710889
38.915 1442108.529 0.096937447
39.030 1439481.621 0.097163141
39.144 1436879.633 0.097387931
39.258 1434302.703 0.097611778
39.371 1431750.967 0.097834642
39.484 1429224.563 0.098056482
39.596 1426723.627 0.098277259
39.708 1424248.295 0.098496930
39.819 1421798.701 0.098715456
39.929 1419374.982 0.098932795
40.038 1416977.272 0.099148906
40.147 1414605.705 0.099363746
40.255 1412260.414 0.099577275
40.363 1409941.531 0.099789451
40.469 1407649.190 0.100000231
40.575 1405383.521 0.100209574
40.680 1403144.655 0.100417436
40.784 1400932.723 0.100623777
40.888 1398747.853 0.100828552
40.990 1396590.174 0.101031720
41.092 1394459.814 0.101233238
41.193 1392356.899 0.101433064
41.293 1390281.556 0.101631155
41.392 1388233.910 0.101827468
41.490 1386214.084 0.102021960
41.587 1384222.201 0.102214590
41.683 1382258.385 0.102405314
41.778 1380322.756 0.102594091
41.872 1378415.433 0.102780877
41.965 1376536.536 0.102965631
42.057 1374686.183 0.103148310
42.148 1372864.490 0.103328873
42.237 1371071.572 0.103507278
42.326 1369307.544 0.103683482
42.414 1367572.518 0.103857446
42.500 1365866.607 0.104029127
42.585 1364189.919 0.104198485
42.669 1362542.565 0.104365479
42.752 1360924.651 0.104530069
42.834 1359336.285 0.104692215
42.914 1357777.569 0.104851877
42.993 1356248.608 0.105009015
43.071 1354749.503 0.105163592
43.147 1353280.354 0.105315567
43.222 1351841.259 0.105464904
43.296 1350432.316 0.105611563
43.368 1349053.620 0.105755509
43.440 1347705.263 0.105896705
43.509 1346387.339 0.106035113
43.577 1345099.936 0.106170699
43.644 1343843.144 0.106303426
43.710 1342617.049 0.106433262
43.773 1341421.735 0.106560170
43.836 1340257.286 0.106684119
43.897 1339123.783 0.106805074
43.956 1338021.305 0.106923004
44.014 1336949.928 0.107037878
44.070 1335909.728 0.107149664
44.125 1334900.779 0.107258333
44.178 1333923.152 0.107363854
44.230 1332976.915 0.107466200
44.280 1332062.137 0.107565342
44.328 1331178.881 0.107661253
44.375 1330327.213 0.107753907
44.420 1329507.191 0.107843277
44.463 1328718.875 0.107929341
44.505 1327962.322 0.108012072
44.545 1327237.585 0.108091449
44.584 1326544.718 0.108167449
44.620 1325883.771 0.108240051
44.655 1325254.790 0.108309235
44.688 1324657.822 0.108374981
44.720 1324092.909 0.108437270
44.750 1323560.093 0.108496084
44.778 1323059.413 0.108551408
44.804 1322590.905 0.108603225
44.829 1322154.603 0.108651521
44.851 1321750.538 0.108696282
44.872 1321378.740 0.108737494
44.891 1321039.236 0.108775147
44.909 1320732.051 0.108809229
44.924 1320457.206 0.108839731
44.938 1320214.723 0.108866644
44.950 1320004.617 0.108889960
44.960 1319826.905 0.108909673
44.968 1319681.598 0.108925776
44.975 1319568.708 0.108938266
44.980 1319488.242 0.108947138
44.983 1319440.205 0.108952391
44.984 1319424.600 0.108954022
44.983 1319441.428 0.108952031
44.980 1319490.688 0.108946419
44.976 1319572.374 0.108937187
44.970 1319686.480 0.108924339
44.962 1319832.998 0.108907878
44.952 1320011.915 0.108887808
44.940 1320223.217 0.108864136
44.927 1320466.889 0.108836868
44.911 1320742.911 0.108806012
44.894 1321051.263 0.108771578
44.876 1321391.920 0.108733575
44.855 1321764.858 0.108692014
44.833 1322170.047 0.108646907
44.808 1322607.457 0.108598267
44.782 1323077.056 0.108546108
44.755 1323578.807 0.108490445
44.725 1324112.673 0.108431294
44.694 1324678.615 0.108368671
44.661 1325276.590 0.108302595
44.626 1325906.553 0.108233083
44.590 1326568.459 0.108160157
44.552 1327262.257 0.108083836
44.512 1327987.897 0.108004141
44.471 1328745.325 0.107921096
44.428 1329534.486 0.107834723
44.383 1330355.321 0.107745046
44.336 1331207.771 0.107652091
44.288 1332091.775 0.107555882
44.239 1333007.266 0.107456447
44.187 1333954.180 0.107353812
44.135 1334932.448 0.107248006
44.080 1335942.000 0.107139058
44.024 1336982.763 0.107026997
43.967 1338054.662 0.106911853
43.908 1339157.622 0.106793658
43.847 1340291.565 0.106672442
43.785 1341456.409 0.106548239
43.721 1342652.073 0.106421080
43.656 1343878.473 0.106291001
43.590 1345135.523 0.106158034
43.522 1346423.136 0.106022215
43.453 1347741.222 0.105883578
43.382 1349089.690 0.105742160
43.310 1350468.446 0.105597997
43.236 1351877.398 0.105451126
43.162 1353316.448 0.105301584
43.086 1354785.499 0.105149409
43.008 1356284.451 0.104994639
42.929 1357813.202 0.104837312
42.849 1359371.652 0.104677468
42.768 1360959.695 0.104515146
42.686 1362577.226 0.104350386
42.602 1364224.139 0.104183227
42.517 1365900.324 0.104013711
42.431 1367605.672 0.103841877
42.344 1369340.071 0.103667767
42.256 1371103.410 0.103491422
42.166 1372895.575 0.103312882
42.076 1374716.451 0.103132191
41.984 1376565.921 0.102949389
41.891 1378443.868 0.102764518
41.798 1380350.173 0.102577621
41.703 1382284.718 0.102388740
41.607 1384247.380 0.102197917
41.510 1386238.039 0.102005194
41.413 1388256.572 0.101810614
41.314 1390302.854 0.101614219
41.215 1392376.760 0.101416053
41.114 1394478.166 0.101216157
41.013 1396606.944 0.101014574
40.911 1398762.968 0.100811347
40.807 1400946.107 0.100606518
40.704 1403156.234 0.100400130
40.599 1405393.219 0.100192225
40.493 1407656.930 0.099982845
40.387 1409947.236 0.099772033
40.280 1412264.006 0.099559830
40.172 1414607.107 0.099346279
40.064 1416976.404 0.099131422
39.955 1419371.765 0.098915300
39.845 1421793.055 0.098697954
39.734 1424240.138 0.098479426
39.623 1426712.880 0.098259757
39.512 1429211.143 0.098038988
39.399 1431734.793 0.097817160
39.286 1434283.691 0.097594313
39.173 1436857.700 0.097370486
39.058 1439456.684 0.097145721
38.944 1442080.503 0.096920056
38.829 1444729.020 0.096693532
38.713 1447402.095 0.096466187
38.597 1450099.591 0.096238059
38.480 1452821.368 0.096009188
38.363 1455567.287 0.095779611
38.245 1458337.208 0.095549367
38.127 1461130.992 0.095318493
38.009 1463948.498 0.095087025
37.890 1466789.588 0.094855001
37.771 1469654.121 0.094622457
37.651 1472541.957 0.094389430
37.531 1475452.956 0.094155954
37.411 1478386.978 0.093922066
37.290 1481343.884 0.093687800
37.169 1484323.532 0.093453191
37.048 1487325.783 0.093218272
36.927 1490350.497 0.092983078
36.805 1493397.534 0.092747642
36.683 1496466.755 0.092511998
36.560 1499558.020 0.092276176
36.438 1502671.189 0.092040211
36.315 1505806.123 0.091804132
36.192 1508962.684 0.091567973
36.069 1512140.732 0.091331763
35.945 1515340.128 0.091095533
35.822 1518560.734 0.090859313
35.698 1521802.413 0.090623133
35.574 1525065.025 0.090387022
35.450 1528348.434 0.090151009
35.326 1531652.503 0.089915121
35.202 1534977.093 0.089679388
35.077 1538322.069 0.089443836
34.953 1541687.294 0.089208493
34.828 1545072.632 0.088973384
34.704 1548477.948 0.088738537
34.579 1551903.107 0.088503978
34.454 1555347.973 0.088269730
34.329 1558812.413 0.088035820
34.204 1562296.292 0.087802272
34.080 1565799.478 0.087569110
33.955 1569321.836 0.087336357
33.830 1572863.234 0.087104037
33.705 1576423.541 0.086872173
33.580 1580002.624 0.086640787
33.455 1583600.353 0.086409901
33.330 1587216.596 0.086179537
33.205 1590851.225 0.085949716
33.080 1594504.108 0.085720458
32.955 1598175.118 0.085491784
32.831 1601864.125 0.085263714
32.706 1605571.002 0.085036268
32.581 1609295.621 0.084809464
32.457 1613037.855 0.084583322
32.332 1616797.578 0.084357860
32.208 1620574.665 0.084133096
32.083 1624368.990 0.083909048
31.959 1628180.429 0.083685732
31.835 1632008.857 0.083463167
31.711 1635854.153 0.083241367
31.587 1639716.191 0.083020351
31.463 1643594.852 0.082800132
31.340 1647490.013 0.082580728
31.216 1651401.553 0.082362153
31.093 1655329.352 0.082144421
30.969 1659273.291 0.081927547
30.846 1663233.251 0.081711546
30.723 1667209.112 0.081496431
30.601 1671200.759 0.081282216
30.478 1675208.073 0.081068913
30.356 1679230.939 0.080856535
30.233 1683269.240 0.080645096
30.111 1687322.861 0.080434606
29.989 1691391.689 0.080225079
29.867 1695475.609 0.080016525
29.746 1699574.509 0.079808956
29.625 1703688.276 0.079602383
29.503 1707816.798 0.079396816
29.382 1711959.965 0.079192266
29.262 1716117.665 0.078988743
29.141 1720289.789 0.078786257
29.021 1724476.229 0.078584818
28.901 1728676.876 0.078384434
28.781 1732891.622 0.078185115
28.661 1737120.360 0.077986870
28.541 1741362.984 0.077789708
28.422 1745619.388 0.077593636
28.303 1749889.468 0.077398663
28.184 1754173.118 0.077204796
28.066 1758470.236 0.077012044
27.947 1762780.719 0.076820413
27.829 1767104.464 0.076629911
27.711 1771441.369 0.076440545
27.594 1775791.335 0.076252322
27.476 1780154.260 0.076065247
27.359 1784530.045 0.075879328
27.242 1788918.591 0.075694571
27.126 1793319.800 0.075510981
27.009 1797733.575 0.075328565
26.893 1802159.818 0.075147327
26.777 1806598.434 0.074967273
26.662 1811049.327 0.074788409
26.546 1815512.402 0.074610740
26.431 1819987.564 0.074434270
26.316 1824474.722 0.074259004
26.202 1828973.780 0.074084947
26.087 1833484.648 0.073912102
25.973 1838007.233 0.073740475
25.860 1842541.445 0.073570070
25.746 1847087.194 0.073400890
25.633 1851644.390 0.073232939
25.520 1856212.944 0.073066221
25.407 1860792.767 0.072900739
25.295 1865383.772 0.072736497
25.183 1869985.873 0.072573499
25.071 1874598.981 0.072411746
24.959 1879223.013 0.072251243
24.848 1883857.882 0.072091992
24.737 1888503.505 0.071933997
24.626 1893159.796 0.071777259
24.516 1897826.674 0.071621782
24.405 1902504.055 0.071467568
24.295 1907191.857 0.071314620
24.186 1911889.999 0.071162939
24.076 1916598.400 0.071012529
23.967 1921316.981 0.070863391
23.859 1926045.660 0.070715527
23.750 1930784.360 0.070568940
23.642 1935533.001 0.070423632
23.534 1940291.507 0.070279603
23.426 1945059.800 0.070136857
23.319 1949837.803 0.069995394
23.212 1954625.440 0.069855217
23.105 1959422.636 0.069716328
22.998 1964229.316 0.069578727
22.892 1969045.405 0.069442416
22.786 1973870.830 0.069307397
22.680 1978705.518 0.069173671
22.575 1983549.396 0.069041240
22.470 1988402.392 0.068910105
22.365 1993264.434 0.068780267
22.260 1998135.452 0.068651728
22.156 2003015.376 0.068524489
22.052 2007904.134 0.068398550
21.948 2012801.659 0.068273914
21.845 2017707.881 0.068150581
21.741 2022622.731 0.068028553
21.638 2027546.144 0.067907830
21.536 2032478.050 0.067788415
21.433 2037418.384 0.067670307
21.331 2042367.080 0.067553508
21.230 2047324.071 0.067438020
21.128 2052289.293 0.067323843
21.027 2057262.681 0.067210978
20.926 2062244.171 0.067099427
20.825 2067233.700 0.066989191
20.725 2072231.204 0.066880270
20.625 2077236.621 0.066772666
20.525 2082249.889 0.066666380
20.425 2087270.946 0.066561413
20.326 2092299.731 0.066457767
20.227 2097336.183 0.066355442
20.128 2102380.243 0.066254440
20.030 2107431.850 0.066154763
0.0 0.0 0.0
0.0 0.0 0.0
0.0 0.0 0.0
0.0 0.0 0.0
0.0 0.0 0.0
0.0 0.0 0.0
0.0 0.0 0.0
0.0 0.0 0.0
0.0 0.0 0.0
0.0 0.0 0.0
0.0 0.0 0.0
0.0 0.0 0.0
0.0 0.0 0.0
0.0 0.0 0.0
0.0 0.0 0.0
0.0 0.0 0.0
0.0 0.0 0.0
0.0 0.0 0.0
0.0 0.0 0.0
0.0 0.0 0.0
0.0 0.0 0.0
0.0 0.0 0.0
0.0 0.0 0.0
0.0 0.0 0.0
0.0 0.0 0.0
0.0 0.0 0.0
0.0 0.0 0.0
0.0 0.0 0.0
0.0 0.0 0.0
0.0 0.0 0.0
0.0 0.0 0.0
0.0 0.0 0.0
0.0 0.0 0.0
0.0 0.0 0.0
0.0 0.0 0.0
0.0 0.0 0.0
0.0 0.0 0.0
0.0 0.0 0.0
0.0 0.0 0.0
0.0 0.0 0.0
0.0 0.0 0.0
0.0 0.0 0.0
0.0 0.0 0.0
0.0 0.0 0.0
0.0 0.0 0.0
0.0 0.0 0.0
0.0 0.0 0.0
0.0 0.0 0.0
0.0 0.0 0.0
0.0 0.0 0.0
0.0 0.0 0.0
0.0 0.0 0.0
0.0 0.0 0.0
0.0 0.0 0.0
0.0 0.0 0.0
0.0 0.0 0.0
0.0 0.0 0.0
0.0 0.0 0.0
0.0 0.0 0.0
0.0 0.0 0.0
0.0 0.0 0.0
0.0 0.0 0.0
0.0 0.0 0.0
0.0 0.0 0.0
0.0 0.0 0.0
0.0 0.0 0.0
0.0 0.0 0.0
0.0 0.0 0.0
0.0 0.0 0.0
0.0 0.0 0.0
0.0 0.0 0.0
0.0 0.0 0.0
0.0 0.0 0.0
0.0 0.0 0.0
0.0 0.0 0.0
0.0 0.0 0.0
0.0 0.0 0.0
0.0 0.0 0.0
0.0 0.0 0.0
0.0 0.0 0.0
0.0 0.0 0.0
0.0 0.0 0.0
0.0 0.0 0.0
0.0 0.0 0.0
0.0 0.0 0.0
0.0 0.0 0.0
0.0 0.0 0.0
0.0 0.0 0.0
0.0 0.0 0.0
0.0 0.0 0.0
0.0 0.0 0.0
0.0 0.0 0.0
0.0 0.0 0.0
0.0 0.0 0.0
0.0 0.0 0.0
0.0 0.0 0.0
0.0 0.0 0.0
0.0 0.0 0.0
0.0 0.0 0.0
0.0 0.0 0.0
0.0 0.0 0.0
0.0 0.0 0.0
0.0 0.0 0.0
0.0 0.0 0.0
0.0 0.0 0.0
0.0 0.0 0.0
0.0 0.0 0.0
0.0 0.0 0.0
0.0 0.0 0.0
0.0 0.0 0.0
0.0 0.0 0.0
0.0 0.0 0.0
0.0 0.0 0.0
0.0 0.0 0.0
0.0 0.0 0.0
0.0 0.0 0.0
0.0 0.0 0.0
0.0 0.0 0.0
0.0 0.0 0.0
0.0 0.0 0.0
0.0 0.0 0.0
0.0 0.0 0.0
0.0 0.0 0.0
0.0 0.0 0.0
0.0 0.0 0.0
0.0 0.0 0.0
0.0 0.0 0.0
0.0 0.0 0.0
0.0 0.0 0.0
0.0 0.0 0.0
0.0 0.0 0.0
0.0 0.0 0.0
0.0 0.0 0.0
0.0 0.0 0.0
0.0 0.0 0.0
0.0 0.0 0.0
0.0 0.0 0.0
0.0 0.0 0.0
0.0 0.0 0.0
0.0 0.0 0.0
0.0 0.0 0.0
0.0 0.0 0.0
0.0 0.0 0.0
0.0 0.0 0.0
0.0 0.0 0.0
0.0 0.0 0.0
0.0 0.0 0.0
0.0 0.0 0.0
0.0 0.0 0.0
0.0 0.0 0.0
0.0 0.0 0.0
0.0 0.0 0.0
0.0 0.0 0.0
0.0 0.0 0.0
0.0 0.0 0.0
0.0 0.0 0.0
0.0 0.0 0.0
0.0 0.0 0.0
0.0 0.0 0.0
5329484.371 0.008
5322788.411 0.008
5316088.129 0.008
5309383.534 0.008
5302674.637 0.008
5295961.449 0.008
5289243.980 0.008
5282522.239 0.008
5275796.239 0.008
5269065.989 0.008
5262331.500 0.008
5255592.782 0.008
5248849.847 0.009
5242102.704 0.009
5235351.365 0.009
5228595.839 0.009
5221836.138 0.009
5215072.273 0.009
5208304.254 0.009
5201532.092 0.009
5194755.798 0.009
5187975.383 0.009
5181190.857 0.009
5174402.232 0.009
5167609.518 0.009
5160812.726 0.009
5154011.868 0.009
5147206.954 0.009
5140397.996 0.009
5133585.004 0.009
5126767.989 0.009
5119946.964 0.009
5113121.938 0.009
5106292.923 0.009
5099459.931 0.009
5092622.972 0.009
5085782.058 0.009
5078937.201 0.009
5072088.410 0.009
5065235.699 0.009
5058379.078 0.009
5051518.559 0.009
5044654.153 0.009
5037785.871 0.009
5030913.726 0.009
5024037.729 0.009
5017157.891 0.009
5010274.224 0.009
5003386.740 0.009
4996495.450 0.009
4989600.367 0.009
4982701.501 0.009
4975798.865 0.009
4968892.471 0.009
4961982.329 0.010
4955068.454 0.010
4948150.855 0.010
4941229.546 0.010
4934304.538 0.010
4927375.843 0.010
4920443.473 0.010
4913507.441 0.010
4906567.759 0.010
4899624.438 0.010
4892677.491 0.010
4885726.931 0.010
4878772.769 0.010
4871815.017 0.010
4864853.690 0.010
4857888.797 0.010
4850920.353 0.010
4843948.369 0.010
4836972.859 0.010
4829993.834 0.010
4823011.307 0.010
4816025.291 0.010
4809035.799 0.010
4802042.842 0.010
4795046.435 0.010
4788046.590 0.010
4781043.319 0.010
4774036.636 0.010
4767026.553 0.010
4760013.083 0.010
4752996.240 0.010
4745976.037 0.010
4738952.485 0.010
4731925.600 0.010
4724895.393 0.010
4717861.878 0.011
4710825.068 0.011
4703784.977 0.011
4696741.618 0.011
4689695.004 0.011
4682645.149 0.011
4675592.066 0.011
4668535.768 0.011
4661476.270 0.011
4654413.585 0.011
4647347.726 0.011
4640278.708 0.011
4633206.543 0.011
4626131.246 0.011
4619052.831 0.011
4611971.312 0.011
4604886.701 0.011
4597799.015 0.011
4590708.265 0.011
4583614.468 0.011
4576517.636 0.011
4569417.784 0.011
4562314.926 0.011
4555209.076 0.011
4548100.249 0.011
4540988.460 0.011
4533873.722 0.011
4526756.050 0.011
4519635.458 0.011
4512511.962 0.011
4505385.576 0.012
4498256.314 0.012
4491124.192 0.012
4483989.224 0.012
4476851.425 0.012
4469710.810 0.012
4462567.394 0.012
4455421.192 0.012
4448272.219 0.012
4441120.490 0.012
4433966.021 0.012
4426808.826 0.012
4419648.922 0.012
4412486.323 0.012
4405321.045 0.012
4398153.103 0.012
4390982.514 0.012
4383809.292 0.012
4376633.453 0.012
4369455.013 0.012
4362273.988 0.012
4355090.394 0.012
4347904.247 0.012
4340715.562 0.012
4333524.356 0.012
4326330.645 0.012
4319134.444 0.013
4311935.772 0.013
4304734.643 0.013
4297531.074 0.013
4290325.081 0.013
4283116.682 0.013
4275905.892 0.013
4268692.729 0.013
4261477.209 0.013
4254259.348 0.013
4247039.165 0.013
4239816.675 0.013
4232591.896 0.013
4225364.845 0.013
4218135.539 0.013
4210903.995 0.013
4203670.231 0.013
4196434.263 0.013
4189196.111 0.013
4181955.790 0.013
4174713.319 0.013
4167468.715 0.013
4160221.996 0.014
4152973.181 0.014
4145722.286 0.014
4138469.330 0.014
4131214.331 0.014
4123957.308 0.014
4116698.278 0.014
4109437.260 0.014
4102174.272 0.014
4094909.333 0.014
4087642.461 0.014
4080373.675 0.014
4073102.994 0.014
4065830.437 0.014
4058556.023 0.014
4051279.770 0.014
4044001.698 0.014
4036721.826 0.014
4029440.173 0.014
4022156.760 0.014
4014871.604 0.014
4007584.726 0.015
4000296.146 0.015
3993005.883 0.015
3985713.957 0.015
3978420.388 0.015
3971125.197 0.015
3963828.403 0.015
3956530.026 0.015
3949230.088 0.015
3941928.608 0.015
3934625.607 0.015
3927321.106 0.015
3920015.125 0.015
3912707.686 0.015
3905398.809 0.015
3898088.515 0.015
3890776.827 0.015
3883463.764 0.015
3876149.348 0.016
3868833.602 0.016
3861516.546 0.016
3854198.203 0.016
3846878.593 0.016
3839557.740 0.016
3832235.666 0.016
3824912.391 0.016
3817587.940 0.016
3810262.334 0.016
3802935.596 0.016
3795607.749 0.016
3788278.815 0.016
3780948.817 0.016
3773617.779 0.016
3766285.723 0.016
3758952.674 0.017
3751618.654 0.017
3744283.687 0.017
3736947.797 0.017
3729611.007 0.017
3722273.342 0.017
3714934.825 0.017
3707595.482 0.017
3700255.336 0.017
3692914.411 0.017
3685572.734 0.017
3678230.327 0.017
3670887.217 0.017
3663543.428 0.017
3656198.986 0.017
3648853.916 0.018
3641508.243 0.018
3634161.993 0.018
3626815.193 0.018
3619467.867 0.018
3612120.043 0.018
3604771.746 0.018
3597423.003 0.018
3590073.841 0.018
3582724.286 0.018
3575374.365 0.018
3568024.105 0.018
3560673.534 0.018
3553322.679 0.018
3545971.568 0.019
3538620.228 0.019
3531268.687 0.019
3523916.974 0.019
3516565.116 0.019
3509213.143 0.019
3501861.082 0.019
3494508.963 0.019
3487156.814 0.019
3479804.665 0.019
3472452.545 0.019
3465100.484 0.019
3457748.511 0.019
3450396.657 0.020
3443044.951 0.020
3435693.424 0.020
3428342.106 0.020
3420991.028 0.020
3413640.221 0.020
3406289.716 0.020
3398939.545 0.020
3391589.738 0.020
3384240.328 0.020
3376891.346 0.020
3369542.826 0.021
3362194.798 0.021
3354847.296 0.021
3347500.352 0.021
3340154.000 0.021
3332808.273 0.021
3325463.204 0.021
3318118.828 0.021
3310775.177 0.021
3303432.286 0.021
3296090.189 0.021
3288748.922 0.022
3281408.519 0.022
3274069.015 0.022
3266730.446 0.022
3259392.847 0.022
3252056.254 0.022
3244720.703 0.022
3237386.230 0.022
3230052.874 0.022
3222720.669 0.022
3215389.653 0.023
3208059.865 0.023
3200731.340 0.023
3193404.119 0.023
3186078.238 0.023
3178753.736 0.023
3171430.653 0.023
3164109.026 0.023
3156788.896 0.023
3149470.303 0.023
3142153.286 0.024
3134837.885 0.024
3127524.141 0.024
3120212.096 0.024
3112901.789 0.024
3105593.263 0.024
3098286.560 0.024
3090981.721 0.024
3083678.789 0.024
3076377.807 0.025
3069078.817 0.025
3061781.864 0.025
3054486.991 0.025
3047194.242 0.025
3039903.661 0.025
3032615.294 0.025
3025329.185 0.025
3018045.380 0.026
3010763.925 0.026
3003484.865 0.026
2996208.248 0.026
2988934.121 0.026
2981662.530 0.026
2974393.523 0.026
2967127.148 0.026
2959863.455 0.027
2952602.491 0.027
2945344.305 0.027
2938088.948 0.027
2930836.470 0.027
2923586.920 0.027
2916340.349 0.027
2909096.810 0.027
2901856.353 0.028
2894619.030 0.028
2887384.894 0.028
2880153.999 0.028
2872926.396 0.028
2865702.141 0.028
2858481.287 0.028
2851263.889 0.029
2844050.002 0.029
2836839.682 0.029
2829632.985 0.029
2822429.967 0.029
2815230.686 0.029
2808035.199 0.029
2800843.563 0.030
2793655.838 0.030
2786472.083 0.030
2779292.356 0.030
2772116.719 0.030
2764945.231 0.030
2757777.953 0.030
2750614.948 0.031
2743456.276 0.031
2736302.002 0.031
2729152.187 0.031
2722006.896 0.031
2714866.193 0.031
2707730.142 0.032
2700598.810 0.032
2693472.262 0.032
2686350.565 0.032
2679233.785 0.032
2672121.991 0.032
2665015.251 0.033
2657913.634 0.033
2650817.210 0.033
2643726.048 0.033
2636640.219 0.033
2629559.796 0.033
2622484.849 0.034
2615415.452 0.034
2608351.678 0.034
2601293.601 0.034
2594241.296 0.034
2587194.838 0.035
2580154.304 0.035
2573119.769 0.035
2566091.312 0.035
2559069.011 0.035
2552052.944 0.035
2545043.192 0.036
2538039.834 0.036
2531042.951 0.036
2524052.626 0.036
2517068.941 0.036
2510091.980 0.037
2503121.826 0.037
2496158.564 0.037
2489202.280 0.037
2482253.061 0.037
2475310.993 0.038
2468376.166 0.038
2461448.667 0.038
2454528.586 0.038
2447616.015 0.039
2440711.045 0.039
2433813.767 0.039
2426924.275 0.039
2420042.664 0.039
2413169.027 0.040
2406303.461 0.040
2399446.063 0.040
2392596.930 0.040
2385756.161 0.040
2378923.854 0.041
2372100.112 0.041
2365285.035 0.041
2358478.725 0.041
2351681.286 0.042
2344892.823 0.042
2338113.439 0.042
2331343.243 0.042
2324582.340 0.043
2317830.840 0.043
2311088.852 0.043
2304356.487 0.043
2297633.855 0.044
2290921.069 0.044
2284218.244 0.044
2277525.493 0.044
2270842.933 0.045
2264170.681 0.045
2257508.854 0.045
2250857.572 0.045
2244216.956 0.046
2237587.126 0.046
2230968.205 0.046
2224360.318 0.046
2217763.589 0.047
2211178.144 0.047
2204604.112 0.047
2198041.620 0.048
2191490.799 0.048
2184951.780 0.048
2178424.695 0.048
2171909.678 0.049
2165406.863 0.049
2158916.388 0.049
2152438.390 0.050
2145973.007 0.050
2139520.380 0.050
2133080.651 0.050
2126653.961 0.051
2120240.457 0.051
2113840.282 0.051
2107453.585 0.052
2101080.514 0.052
2094721.218 0.052
2088375.850 0.053
2082044.561 0.053
2075727.505 0.053
2069424.839 0.053
2063136.719 0.054
2056863.305 0.054
2050604.755 0.054
2044361.232 0.055
2038132.899 0.055
2031919.920 0.055
2025722.461 0.056
2019540.690 0.056
2013374.777 0.056
2007224.891 0.057
2001091.206 0.057
1994973.896 0.057
1988873.135 0.058
1982789.102 0.058
1976721.974 0.058
1970671.933 0.059
1964639.160 0.059
1958623.839 0.059
1952626.155 0.060
1946646.296 0.060
1940684.450 0.061
1934740.807 0.061
1928815.560 0.061
1922908.902 0.062
1917021.028 0.062
1911152.137 0.062
1905302.426 0.063
1899472.097 0.063
1893661.351 0.063
1887870.393 0.064
1882099.429 0.064
1876348.665 0.065
1870618.312 0.065
1864908.581 0.065
1859219.684 0.066
1853551.835 0.066
1847905.252 0.067
1842280.153 0.067
1836676.756 0.067
1831095.285 0.068
1825535.961 0.068
1819999.011 0.069
1814484.662 0.069
1808993.142 0.069
1803524.681 0.070
1798079.513 0.070
1792657.870 0.071
1787259.989 0.071
1781886.108 0.071
1776536.465 0.072
1771211.301 0.072
1765910.860 0.073
1760635.386 0.073
1755385.125 0.073
1750160.324 0.074
1744961.234 0.074
1739788.106 0.075
1734641.193 0.075
1729520.748 0.076
1724427.030 0.076
1719360.295 0.076
1714320.803 0.077
1709308.815 0.077
1704324.594 0.078
1699368.404 0.078
1694440.511 0.079
1689541.182 0.079
1684670.686 0.079
1679829.293 0.080
1675017.276 0.080
1670234.906 0.081
1665482.458 0.081
1660760.210 0.082
1656068.437 0.082
1651407.418 0.083
1646777.433 0.083
1642178.763 0.083
1637611.690 0.084
1633076.497 0.084
1628573.470 0.085
1624102.893 0.085
1619665.053 0.086
1615260.238 0.086
1610888.736 0.087
1606550.836 0.087
1602246.829 0.087
1597977.007 0.088
1593741.660 0.088
1589541.081 0.089
1585375.563 0.089
1581245.401 0.090
1577150.888 0.090
1573092.319 0.091
1569069.990 0.091
1565084.195 0.091
1561135.230 0.092
1557223.392 0.092
1553348.977 0.093
1549512.280 0.093
1545713.599 0.094
1541953.228 0.094
1538231.465 0.095
1534548.604 0.095
1530904.942 0.095
1527300.773 0.096
1523736.393 0.096
1520212.094 0.097
1516728.171 0.097
1513284.917 0.098
1509882.623 0.098
1506521.581 0.098
1503202.080 0.099
1499924.411 0.099
1496688.859 0.100
1493495.713 0.100
1490345.258 0.100
1487237.777 0.101
1484173.554 0.101
1481152.867 0.102
1478175.997 0.102
1475243.221 0.102
1472354.814 0.103
1469511.049 0.103
1466712.197 0.103
1463958.526 0.104
1461250.304 0.104
1458587.794 0.105
1455971.258 0.105
1453400.954 0.105
1450877.139 0.106
1448400.064 0.106
1445969.982 0.106
1443587.138 0.107
1441251.776 0.107
1438964.137 0.107
1436724.458 0.108
1434532.972 0.108
1432389.910 0.108
1430295.498 0.108
1428249.957 0.109
1426253.507 0.109
1424306.362 0.109
1422408.732 0.110
1420560.824 0.110
1418762.838 0.110
1417014.971 0.110
1415317.418 0.111
1413670.365 0.111
1412073.996 0.111
1410528.490 0.111
1409034.019 0.112
1407590.753 0.112
1406198.855 0.112
1404858.482 0.112
1403569.789 0.112
1402332.922 0.113
1401148.025 0.113
1400015.232 0.113
1398934.677 0.113
1397906.483 0.113
1396930.771 0.113
1396007.655 0.114
1395137.243 0.114
1394319.636 0.114
1393554.932 0.114
1392843.220 0.114
1392184.584 0.114
1391579.103 0.114
1391026.848 0.114
1390527.885 0.114
1390082.273 0.114
1389690.065 0.115
1389351.309 0.115
1389066.044 0.115
1388834.304 0.115
1388656.119 0.115
1388531.508 0.115
1388460.486 0.115
1388443.063 0.115
1388479.240 0.115
1388569.012 0.115
1388712.370 0.115
1388909.296 0.115
1389159.767 0.115
1389463.751 0.115
1389821.214 0.115
1390232.113 0.114
1390696.398 0.114
1391214.014 0.114
1391784.899 0.114
1392408.987 0.114
1393086.202 0.114
1393816.465 0.114
1394599.690 0.114
1395435.784 0.114
1396324.648 0.114
1397266.180 0.113
1398260.268 0.113
1399306.796 0.113
1400405.643 0.113
1401556.682 0.113
1402759.779 0.113
1404014.795 0.112
1405321.587 0.112
1406680.006 0.112
1408089.896 0.112
1409551.097 0.112
1411063.444 0.111
1412626.767 0.111
1414240.891 0.111
1415905.634 0.111
1417620.814 0.110
1419386.239 0.110
1421201.716 0.110
1423067.045 0.110
1424982.024 0.109
1426946.446 0.109
1428960.097 0.109
1431022.763 0.108
1433134.224 0.108
1435294.256 0.108
1437502.631 0.107
1439759.119 0.107
1442063.484 0.107
1444415.488 0.106
1446814.890 0.106
1449261.444 0.106
1451754.902 0.105
1454295.014 0.105
1456881.525 0.105
1459514.178 0.104
1462192.714 0.104
1464916.870 0.104
1467686.382 0.103
1470500.981 0.103
1473360.399 0.103
1476264.364 0.102
1479212.602 0.102
1482204.837 0.101
1485240.791 0.101
1488320.185 0.101
1491442.737 0.100
1494608.164 0.100
1497816.183 0.099
1501066.507 0.099
1504358.849 0.099
1507692.921 0.098
1511068.433 0.098
1514485.095 0.097
1517942.616 0.097
1521440.703 0.097
1524979.063 0.096
1528557.402 0.096
1532175.427 0.095
1535832.842 0.095
1539529.353 0.094
1543264.662 0.094
1547038.476 0.094
1550850.497 0.093
1554700.430 0.093
1558587.977 0.092
1562512.844 0.092
1566474.735 0.091
1570473.352 0.091
1574508.400 0.090
1578579.585 0.090
1582686.611 0.090
1586829.183 0.089
1591007.008 0.089
1595219.791 0.088
1599467.241 0.088
1603749.064 0.087
1608064.969 0.087
1612414.666 0.086
1616797.864 0.086
1621214.274 0.086
1625663.609 0.085
1630145.580 0.085
1634659.902 0.084
1639206.289 0.084
1643784.458 0.083
1648394.125 0.083
1653035.009 0.082
1657706.829 0.082
1662409.306 0.082
1667142.161 0.081
1671905.119 0.081
1676697.903 0.080
1681520.239 0.080
1686371.856 0.079
1691252.481 0.079
1696161.845 0.078
1701099.680 0.078
1706065.718 0.078
1711059.695 0.077
1716081.347 0.077
1721130.412 0.076
1726206.630 0.076
1731309.740 0.075
1736439.486 0.075
1741595.613 0.075
1746777.866 0.074
1751985.993 0.074
1757219.743 0.073
1762478.868 0.073
1767763.119 0.072
1773072.251 0.072
1778406.021 0.072
1783764.186 0.071
1789146.506 0.071
1794552.742 0.070
1799982.658 0.070
1805436.018 0.070
1810912.588 0.069
1816412.138 0.069
1821934.436 0.068
1827479.256 0.068
1833046.371 0.068
1838635.555 0.067
1844246.588 0.067
1849879.246 0.066
1855533.312 0.066
1861208.567 0.066
1866904.796 0.065
1872621.785 0.065
1878359.322 0.064
1884117.196 0.064
1889895.198 0.064
1895693.122 0.063
1901510.763 0.063
1907347.917 0.063
1913204.381 0.062
1919079.957 0.062
1924974.446 0.061
1930887.652 0.061
1936819.379 0.061
1942769.434 0.060
1948737.627 0.060
1954723.766 0.060
1960727.665 0.059
1966749.136 0.059
1972787.995 0.059
1978844.059 0.058
1984917.147 0.058
1991007.078 0.058
1997113.674 0.057
2003236.759 0.057
2009376.157 0.057
2015531.696 0.056
2021703.203 0.056
2027890.508 0.056
2034093.443 0.055
2040311.841 0.055
2046545.535 0.055
2052794.362 0.054
2059058.160 0.054
2065336.766 0.054
2071630.023 0.053
2077937.771 0.053
2084259.854 0.053
2090596.117 0.052
2096946.407 0.052
2103310.570 0.052
2109688.458 0.051
2116079.919 0.051
2122484.806 0.051
2128902.973 0.051
2135334.275 0.050
2141778.567 0.050
2148235.707 0.050
2154705.554 0.049
2161187.968 0.049
2167682.811 0.049
2174189.947 0.049
2180709.238 0.048
2187240.550 0.048
2193783.751 0.048
2200338.708 0.047
2206905.290 0.047
2213483.368 0.047
2220072.814 0.047
2226673.501 0.046
2233285.303 0.046
2239908.094 0.046
2246541.753 0.046
2253186.156 0.045
2259841.183 0.045
2266506.713 0.045
2273182.628 0.045
2279868.810 0.044
2286565.143 0.044
2293271.510 0.044
2299987.799 0.043
2306713.894 0.043
2313449.685 0.043
2320195.060 0.043
2326949.909 0.043
2333714.123 0.042
2340487.594 0.042
2347270.215 0.042
2354061.880 0.042
2360862.484 0.041
2367671.923 0.041
2374490.094 0.041
2381316.895 0.041
2388152.225 0.040
2394995.985 0.040
2401848.074 0.040
2408708.394 0.040
2415576.849 0.040
2422453.341 0.039
2429337.776 0.039
2436230.058 0.039
2443130.095 0.039
2450037.792 0.038
2456953.058 0.038
2463875.803 0.038
2470805.935 0.038
2477743.365 0.038
2484688.005 0.037
2491639.767 0.037
2498598.563 0.037
2505564.308 0.037
2512536.916 0.037
2519516.303 0.036
2526502.385 0.036
2533495.078 0.036
2540494.301 0.036
2547499.971 0.036
2554512.008 0.035
2561530.333 0.035
2568554.865 0.035
2575585.526 0.035
2582622.237 0.035
2589664.923 0.034
2596713.506 0.034
2603767.910 0.034
2610828.061 0.034
2617893.884 0.034
2624965.304 0.034
2632042.250 0.033
2639124.648 0.033
2646212.426 0.033
2653305.514 0.033
2660403.840 0.033
2667507.335 0.033
2674615.930 0.032
2681729.556 0.032
2688848.144 0.032
2695971.627 0.032
2703099.938 0.032
2710233.011 0.032
2717370.780 0.031
2724513.180 0.031
2731660.146 0.031
2738811.614 0.031
2745967.520 0.031
2753127.803 0.031
2760292.398 0.030
2767461.245 0.030
2774634.281 0.030
2781811.447 0.030
2788992.681 0.030
2796177.924 0.030
2803367.117 0.030
2810560.201 0.029
2817757.117 0.029
2824957.807 0.029
2832162.215 0.029
2839370.284 0.029
2846581.956 0.029
2853797.177 0.028
2861015.890 0.028
2868238.042 0.028
2875463.576 0.028
2882692.439 0.028
2889924.578 0.028
2897159.939 0.028
2904398.470 0.028
2911640.118 0.027
2918884.831 0.027
2926132.558 0.027
2933383.247 0.027
2940636.849 0.027
2947893.312 0.027
2955152.587 0.027
2962414.625 0.026
2969679.376 0.026
2976946.792 0.026
2984216.824 0.026
2991489.425 0.026
2998764.546 0.026
3006042.142 0.026
3013322.165 0.026
3020604.568 0.025
3027889.306 0.025
3035176.333 0.025
3042465.604 0.025
3049757.073 0.025
3057050.696 0.025
3064346.429 0.025
3071644.228 0.025
3078944.048 0.025
3086245.848 0.024
3093549.583 0.024
3100855.211 0.024
3108162.691 0.024
3115471.979 0.024
3122783.034 0.024
3130095.815 0.024
3137410.281 0.024
3144726.390 0.024
3152044.103 0.023
3159363.380 0.023
3166684.180 0.023
3174006.464 0.023
3181330.192 0.023
3188655.327 0.023
3195981.828 0.023
3203309.657 0.023
3210638.777 0.023
3217969.149 0.022
3225300.737 0.022
3232633.501 0.022
3239967.406 0.022
3247302.415 0.022
3254638.490 0.022
3261975.597 0.022
3269313.698 0.022
3276652.758 0.022
3283992.742 0.022
3291333.613 0.021
3298675.338 0.021
3306017.881 0.021
3313361.207 0.021
3320705.283 0.021
3328050.074 0.021
3335395.547 0.021
3342741.667 0.021
3350088.402 0.021
3357435.718 0.021
3364783.583 0.021
3372131.963 0.020
3379480.826 0.020
3386830.139 0.020
3394179.872 0.020
3401529.991 0.020
3408880.465 0.020
3416231.263 0.020
3423582.354 0.020
3430933.706 0.020
3438285.288 0.020
3445637.071 0.020
3452989.023 0.020
3460341.114 0.019
3467693.315 0.019
3475045.595 0.019
3482397.924 0.019
3489750.274 0.019
3497102.615 0.019
3504454.917 0.019
3511807.153 0.019
3519159.292 0.019
3526511.307 0.019
3533863.170 0.019
3541214.851 0.019
3548566.323 0.019
3555917.559 0.018
3563268.529 0.018
3570619.208 0.018
3577969.567 0.018
3585319.579 0.018
3592669.218 0.018
3600018.456 0.018
3607367.267 0.018
3614715.624 0.018
3622063.501 0.018
3629410.871 0.018
3636757.709 0.018
3644103.988 0.018
3651449.683 0.017
3658794.768 0.017
3666139.217 0.017
3673483.006 0.017
3680826.110 0.017
3688168.502 0.017
3695510.158 0.017
3702851.054 0.017
3710191.165 0.017
3717530.467 0.017
3724868.934 0.017
3732206.543 0.017
3739543.270 0.017
3746879.091 0.017
3754213.981 0.017
3761547.919 0.016
3768880.879 0.016
3776212.839 0.016
3783543.774 0.016
3790873.663 0.016
3798202.482 0.016
3805530.208 0.016
3812856.819 0.016
3820182.291 0.016
3827506.602 0.016
3834829.730 0.016
3842151.653 0.016
3849472.348 0.016
3856791.793 0.016
3864109.966 0.016
3871426.846 0.016
3878742.411 0.016
3886056.639 0.015
3893369.509 0.015
3900680.999 0.015
3907991.088 0.015
3915299.754 0.015
3922606.978 0.015
3929912.738 0.015
3937217.012 0.015
3944519.781 0.015
3951821.024 0.015
3959120.719 0.015
3966418.848 0.015
3973715.389 0.015
3981010.322 0.015
3988303.627 0.015
3995595.284 0.015
4002885.273 0.015
4010173.574 0.015
4017460.168 0.014
4024745.035 0.014
4032028.155 0.014
4039309.509 0.014
4046589.078 0.014
4053866.841 0.014
4061142.781 0.014
4068416.878 0.014
4075689.113 0.014
4082959.467 0.014
4090227.921 0.014
4097494.457 0.014
4104759.055 0.014
4112021.698 0.014
4119282.367 0.014
4126541.043 0.014
4133797.708 0.014
4141052.344 0.014
4148304.933 0.014
4155555.456 0.014
4162803.896 0.013
4170050.235 0.013
4177294.455 0.013
4184536.538 0.013
4191776.467 0.013
4199014.224 0.013
4206249.791 0.013
4213483.151 0.013
4220714.287 0.013
4227943.181 0.013
4235169.816 0.013
4242394.175 0.013
4249616.242 0.013
4256835.998 0.013
4264053.427 0.013
4271268.513 0.013
4278481.237 0.013
4285691.585 0.013
4292899.539 0.013
4300105.082 0.013
4307308.198 0.013
4314508.870 0.013
4321707.083 0.013
4328902.820 0.012
4336096.064 0.012
4343286.800 0.012
4350475.011 0.012
4357660.682 0.012
4364843.796 0.012
4372024.337 0.012
4379202.290 0.012
4386377.639 0.012
4393550.368 0.012
4400720.461 0.012
4407887.903 0.012
4415052.679 0.012
4422214.772 0.012
4429374.168 0.012
4436530.851 0.012
4443684.805 0.012
4450836.016 0.012
4457984.469 0.012
4465130.147 0.012
4472273.037 0.012
4479413.123 0.012
4486550.390 0.012
4493684.823 0.012
4500816.408 0.012
4507945.129 0.012
4515070.972 0.011
4522193.922 0.011
4529313.965 0.011
4536431.086 0.011
4543545.271 0.011
4550656.504 0.011
4557764.772 0.011
4564870.061 0.011
4571972.355 0.011
4579071.641 0.011
4586167.904 0.011
4593261.131 0.011
4600351.306 0.011
4607438.417 0.011
4614522.449 0.011
4621603.388 0.011
4628681.221 0.011
4635755.932 0.011
4642827.510 0.011
4649895.938 0.011
4656961.205 0.011
4664023.297 0.011
4671082.199 0.011
4678137.898 0.011
4685190.381 0.011
4692239.634 0.011
4699285.643 0.011
4706328.396 0.011
4713367.879 0.011
4720404.078 0.011
4727436.980 0.010
4734466.573 0.010
4741492.842 0.010
4748515.775 0.010
4755535.359 0.010
4762551.580 0.010
4769564.426 0.010
4776573.884 0.010
4783579.940 0.010
4790582.582 0.010
4797581.796 0.010
4804577.571 0.010
4811569.893 0.010
4818558.750 0.010
4825544.128 0.010
4832526.016 0.010
4839504.401 0.010
4846479.269 0.010
4853450.609 0.010
4860418.408 0.010
4867382.654 0.010
4874343.334 0.010
4881300.435 0.010
4888253.946 0.010
4895203.854 0.010
4902150.147 0.010
4909092.812 0.010
4916031.838 0.010
358015.502 0.830
367453.731 0.815
376891.594 0.799
386329.082 0.783
395766.185 0.768
405202.895 0.752
414639.202 0.736
424075.097 0.721
433510.569 0.705
442945.611 0.690
452380.211 0.675
461814.362 0.660
471248.053 0.646
480681.276 0.632
490114.020 0.618
499546.277 0.604
508978.036 0.590
518409.290 0.577
527840.028 0.564
537270.240 0.552
546699.918 0.540
556129.053 0.528
565557.634 0.516
574985.652 0.505
584413.099 0.493
593839.964 0.483
603266.238 0.472
612691.913 0.462
622116.977 0.452
631541.423 0.442
640965.241 0.433
650388.421 0.423
659810.954 0.414
669232.831 0.406
678654.042 0.397
688074.577 0.389
697494.429 0.381
706913.586 0.373
716332.040 0.365
725749.782 0.358
735166.802 0.351
744583.090 0.344
753998.638 0.337
763413.435 0.330
772827.473 0.324
782240.743 0.317
791653.234 0.311
801064.938 0.305
810475.845 0.299
819885.945 0.294
829295.230 0.288
838703.690 0.283
848111.316 0.278
857518.098 0.273
866924.027 0.268
876329.093 0.263
885733.288 0.258
895136.602 0.253
904539.025 0.249
913940.548 0.244
923341.162 0.240
932740.858 0.236
942139.626 0.232
951537.457 0.228
960934.341 0.224
970330.269 0.220
979725.232 0.217
989119.220 0.213
998512.224 0.209
1007904.236 0.206
1017295.244 0.203
1026685.240 0.199
1036074.216 0.196
1045462.160 0.193
1054849.064 0.190
1064234.920 0.187
1073619.716 0.184
1083003.445 0.181
1092386.096 0.178
1101767.660 0.176
1111148.129 0.173
1120527.492 0.170
1129905.740 0.168
1139282.865 0.165
1148658.856 0.163
1158033.704 0.161
1167407.401 0.158
1176779.936 0.156
1186151.301 0.154
1195521.485 0.151
1204890.481 0.149
1214258.277 0.147
1223624.866 0.145
1232990.238 0.143
1242354.383 0.141
1251717.292 0.139
1261078.956 0.137
1270439.366 0.135
1279798.512 0.134
1289156.385 0.132
1298512.975 0.130
1307868.274 0.128
1317222.271 0.127
1326574.959 0.125
1335926.326 0.123
1345276.365 0.122
1354625.066 0.120
1363972.419 0.119
1373318.415 0.117
1382663.045 0.116
1392006.299 0.114
1401348.169 0.113
1410688.645 0.111
1420027.718 0.110
1429365.378 0.109
1438701.616 0.107
1448036.423 0.106
1457369.789 0.105
1466701.706 0.103
1476032.164 0.102
1485361.154 0.101
1494688.665 0.100
1504014.691 0.099
1513339.220 0.098
1522662.243 0.096
1531983.752 0.095
1541303.737 0.094
1550622.189 0.093
1559939.098 0.092
1569254.455 0.091
1578568.252 0.090
1587880.478 0.089
1597191.124 0.088
1606500.182 0.087
1615807.642 0.086
1625113.494 0.085
1634417.730 0.084
1643720.340 0.083
1653021.315 0.082
1662320.645 0.082
1671618.322 0.081
1680914.336 0.080
1690208.678 0.079
1699501.339 0.078
1708792.309 0.077
1718081.579 0.077
1727369.140 0.076
1736654.983 0.075
1745939.098 0.074
1755221.477 0.073
1764502.110 0.073
1773780.987 0.072
1783058.100 0.071
1792333.439 0.071
1801606.995 0.070
1810878.759 0.069
1820148.722 0.069
1829416.874 0.068
1838683.206 0.067
1847947.710 0.067
1857210.375 0.066
1866471.192 0.065
1875730.153 0.065
1884987.248 0.064
1894242.468 0.063
1903495.804 0.063
1912747.246 0.062
1921996.786 0.062
1931244.414 0.061
1940490.120 0.061
1949733.896 0.060
1958975.733 0.059
1968215.621 0.059
1977453.551 0.058
1986689.514 0.058
1995923.501 0.057
2005155.503 0.057
2014385.510 0.056
2023613.513 0.056
2032839.503 0.055
2042063.471 0.055
2051285.407 0.054
2060505.304 0.054
2069723.150 0.053
2078938.938 0.053
2088152.657 0.053
2097364.300 0.052
2106573.856 0.052
2115781.316 0.051
2124986.672 0.051
2134189.915 0.050
2143391.034 0.050
2152590.021 0.049
2161786.867 0.049
2170981.562 0.049
2180174.098 0.048
2189364.465 0.048
2198552.655 0.048
2207738.657 0.047
2216922.463 0.047
2226104.064 0.046
2235283.451 0.046
2244460.614 0.046
2253635.544 0.045
2262808.233 0.045
2271978.671 0.045
2281146.848 0.044
2290312.757 0.044
2299476.387 0.044
2308637.730 0.043
2317796.777 0.043
2326953.518 0.043
2336107.944 0.042
2345260.046 0.042
2354409.816 0.042
2363557.243 0.041
2372702.320 0.041
2381845.036 0.041
2390985.383 0.040
2400123.351 0.040
2409258.932 0.040
2418392.117 0.039
2427522.896 0.039
2436651.260 0.039
2445777.200 0.039
2454900.707 0.038
2464021.773 0.038
2473140.387 0.038
2482256.541 0.037
2491370.226 0.037
2500481.433 0.037
2509590.153 0.037
2518696.376 0.036
2527800.094 0.036
2536901.297 0.036
2545999.977 0.036
2555096.124 0.035
2564189.730 0.035
2573280.785 0.035
2582369.280 0.035
2591455.206 0.034
2600538.555 0.034
2609619.317 0.034
2618697.483 0.034
2627773.044 0.034
2636845.991 0.033
2645916.315 0.033
2654984.007 0.033
2664049.059 0.033
2673111.460 0.032
2682171.202 0.032
2691228.277 0.032
2700282.674 0.032
2709334.385 0.032
2718383.401 0.031
2727429.713 0.031
2736473.312 0.031
2745514.189 0.031
2754552.335 0.031
2763587.741 0.030
2772620.398 0.030
2781650.297 0.030
2790677.429 0.030
2799701.786 0.030
2808723.357 0.029
2817742.134 0.029
2826758.108 0.029
2835771.271 0.029
2844781.613 0.029
2853789.125 0.028
2862793.798 0.028
2871795.624 0.028
2880794.593 0.028
2889790.696 0.028
2898783.925 0.028
2907774.270 0.027
2916761.723 0.027
2925746.275 0.027
2934727.916 0.027
2943706.638 0.027
2952682.432 0.027
2961655.289 0.026
2970625.200 0.026
2979592.155 0.026
2988556.147 0.026
2997517.167 0.026
3006475.204 0.026
3015430.251 0.026
3024382.299 0.025
3033331.338 0.025
3042277.360 0.025
3051220.355 0.025
3060160.316 0.025
3069097.232 0.025
3078031.096 0.025
3086961.897 0.024
3095889.629 0.024
3104814.280 0.024
3113735.844 0.024
3122654.309 0.024
3131569.669 0.024
3140481.914 0.024
3149391.035 0.023
3158297.023 0.023
3167199.870 0.023
3176099.566 0.023
3184996.103 0.023
3193889.471 0.023
3202779.663 0.023
3211666.669 0.023
3220550.480 0.022
3229431.087 0.022
3238308.483 0.022
3247182.657 0.022
3256053.601 0.022
3264921.306 0.022
3273785.763 0.022
3282646.964 0.022
3291504.900 0.021
3300359.562 0.021
3309210.941 0.021
3318059.028 0.021
3326903.814 0.021
3335745.292 0.021
3344583.451 0.021
3353418.283 0.021
3362249.779 0.021
3371077.932 0.020
3379902.730 0.020
3388724.167 0.020
3397542.233 0.020
3406356.920 0.020
3415168.218 0.020
3423976.119 0.020
3432780.614 0.020
3441581.695 0.020
3450379.352 0.020
3459173.577 0.019
3467964.361 0.019
3476751.696 0.019
3485535.572 0.019
3494315.981 0.019
3503092.915 0.019
3511866.363 0.019
3520636.319 0.019
3529402.772 0.019
3538165.715 0.019
3546925.139 0.019
3555681.034 0.018
3564433.392 0.018
3573182.205 0.018
3581927.463 0.018
3590669.159 0.018
3599407.283 0.018
3608141.826 0.018
3616872.781 0.018
3625600.138 0.018
3634323.888 0.018
3643044.023 0.018
3651760.535 0.017
3660473.414 0.017
3669182.652 0.017
3677888.240 0.017
3686590.170 0.017
3695288.433 0.017
3703983.020 0.017
3712673.923 0.017
3721361.132 0.017
3730044.640 0.017
3738724.438 0.017
3747400.517 0.017
3756072.868 0.017
3764741.483 0.016
3773406.354 0.016
3782067.470 0.016
3790724.825 0.016
3799378.409 0.016
3808028.214 0.016
3816674.232 0.016
3825316.452 0.016
3833954.868 0.016
3842589.470 0.016
3851220.249 0.016
3859847.198 0.016
3868470.308 0.016
3877089.569 0.016
3885704.974 0.015
3894316.514 0.015
3902924.181 0.015
3911527.965 0.015
3920127.858 0.015
3928723.852 0.015
3937315.937 0.015
3945904.107 0.015
3954488.351 0.015
3963068.662 0.015
3971645.031 0.015
3980217.450 0.015
3988785.909 0.015
3997350.400 0.015
4005910.916 0.015
4014467.446 0.015
4023019.984 0.014
4031568.520 0.014
4040113.045 0.014
4048653.552 0.014
4057190.032 0.014
4065722.476 0.014
4074250.876 0.014
4082775.223 0.014
4091295.509 0.014
4099811.726 0.014
4108323.864 0.014
4116831.916 0.014
4125335.873 0.014
4133835.726 0.014
4142331.468 0.014
4150823.089 0.014
4159310.581 0.014
4167793.936 0.013
4176273.146 0.013
4184748.201 0.013
4193219.094 0.013
4201685.815 0.013
4210148.358 0.013
4218606.712 0.013
4227060.870 0.013
4235510.824 0.013
4243956.565 0.013
4252398.084 0.013
4260835.373 0.013
4269268.424 0.013
4277697.228 0.013
4286121.778 0.013
4294542.064 0.013
4302958.078 0.013
4311369.812 0.013
4319777.258 0.013
4328180.407 0.012
4336579.250 0.012
4344973.780 0.012
4353363.988 0.012
4361749.866 0.012
4370131.405 0.012
4378508.598 0.012
4386881.435 0.012
4395249.908 0.012
4403614.010 0.012
4411973.731 0.012
4420329.063 0.012
4428679.999 0.012
4437026.530 0.012
4445368.647 0.012
4453706.342 0.012
4462039.607 0.012
4470368.434 0.012
4478692.814 0.012
4487012.740 0.012
4495328.202 0.012
4503639.193 0.012
4511945.703 0.011
4520247.726 0.011
4528545.253 0.011
4536838.275 0.011
4545126.785 0.011
4553410.773 0.011
4561690.232 0.011
4569965.154 0.011
4578235.530 0.011
4586501.352 0.011
4594762.612 0.011
4603019.301 0.011
4611271.412 0.011
4619518.936 0.011
4627761.865 0.011
4636000.191 0.011
4644233.906 0.011
4652463.000 0.011
4660687.468 0.011
4668907.299 0.011
4677122.486 0.011
4685333.021 0.011
4693538.895 0.011
4701740.101 0.011
4709936.630 0.011
4718128.474 0.011
4726315.625 0.010
4734498.075 0.010
4742675.815 0.010
4750848.838 0.010
4759017.135 0.010
4767180.699 0.010
4775339.520 0.010
4783493.592 0.010
4791642.905 0.010
4799787.453 0.010
4807927.226 0.010
4816062.216 0.010
4824192.417 0.010
4832317.818 0.010
4840438.413 0.010
4848554.193 0.010
4856665.151 0.010
4864771.277 0.010
4872872.565 0.010
4880969.005 0.010
4889060.591 0.010
4897147.313 0.010
4905229.165 0.010
4913306.137 0.010
4921378.222 0.010
4929445.411 0.010
4937507.698 0.010
4945565.073 0.010
4953617.529 0.010
4961665.057 0.010
4969707.650 0.009
4977745.300 0.009
4985777.999 0.009
4993805.738 0.009
5001828.510 0.009
5009846.307 0.009
5017859.120 0.009
5025866.943 0.009
5033869.766 0.009
5041867.582 0.009
5049860.383 0.009
5057848.161 0.009
5065830.907 0.009
5073808.615 0.009
5081781.277 0.009
5089748.883 0.009
5097711.426 0.009
5105668.899 0.009
5113621.294 0.009
5121568.602 0.009
5129510.815 0.009
5137447.927 0.009
5145379.928 0.009
5153306.811 0.009
5161228.568 0.009
5169145.192 0.009
5177056.673 0.009
5184963.006 0.009
5192864.180 0.009
5200760.190 0.009
5208651.026 0.009
5216536.681 0.009
5224417.148 0.009
5232292.418 0.009
5240162.483 0.009
5248027.336 0.009
5255886.969 0.008
5263741.374 0.008
5271590.543 0.008
5279434.469 0.008
5287273.143 0.008
5295106.558 0.008
5302934.706 0.008
5310757.579 0.008
5318575.170 0.008
5326387.470 0.008
5334194.473 0.008
5341996.169 0.008
464490.216 0.656
452300.208 0.675
440109.750 0.695
427918.855 0.715
415727.534 0.735
403535.799 0.755
391343.664 0.775
379151.138 0.795
366958.236 0.815
354764.969 0.835
342571.349 0.855
330377.388 0.874
318183.098 0.892
305988.492 0.909
293793.581 0.925
281598.379 0.939
269402.896 0.952
257207.145 0.964
245011.139 0.974
232814.888 0.982
220618.407 0.988
208421.705 0.992
196224.797 0.996
184027.693 0.998
171830.406 0.999
159632.948 1.000
147435.332 1.000
135237.568 1.000
123039.671 1.000
110841.651 1.000
98643.520 1.000
86445.292 1.000
74246.977 1.000
62048.589 1.000
49850.139 1.000
37651.639 1.000
25453.102 1.000
13254.540 1.000
1055.964 1.000
11142.613 1.000
23341.178 1.000
35539.720 1.000
47738.227 1.000
59936.687 1.000
72135.087 1.000
84333.415 1.000
96531.659 1.000
108729.807 1.000
120927.847 1.000
133125.767 1.000
145323.555 1.000
157521.197 1.000
169718.684 0.999
181916.001 0.998
194113.137 0.996
206310.081 0.993
218506.819 0.989
230703.339 0.983
242899.631 0.975
255095.680 0.966
267291.476 0.955
279487.006 0.942
291682.258 0.927
303877.220 0.912
316071.880 0.895
328266.225 0.877
340460.244 0.858
352653.924 0.839
364847.253 0.819
377040.219 0.799
389232.811 0.779
401425.015 0.758
413616.820 0.738
425808.213 0.718
437999.183 0.698
450189.718 0.679
462379.804 0.660
474569.430 0.641
486758.585 0.623
498947.255 0.605
511135.429 0.587
523323.095 0.571
535510.240 0.554
547696.852 0.538
559882.920 0.523
572068.431 0.508
584253.372 0.494
596437.733 0.480
608621.500 0.466
620804.662 0.453
632987.206 0.441
645169.121 0.428
657350.394 0.417
669531.013 0.405
681710.966 0.394
693890.241 0.384
706068.826 0.374
718246.709 0.364
730423.877 0.354
742600.318 0.345
754776.021 0.336
766950.973 0.328
779125.163 0.319
791298.577 0.312
803471.204 0.304
815643.032 0.296
827814.049 0.289
839984.242 0.282
852153.600 0.275
864322.110 0.269
876489.760 0.263
888656.539 0.257
900822.433 0.251
912987.432 0.245
925151.522 0.239
937314.692 0.234
949476.930 0.229
961638.224 0.224
973798.561 0.219
985957.929 0.214
998116.316 0.210
1010273.711 0.205
1022430.101 0.201
1034585.474 0.197
1046739.817 0.193
1058893.120 0.189
1071045.369 0.185
1083196.553 0.181
1095346.660 0.178
1107495.677 0.174
1119643.592 0.171
1131790.394 0.167
1143936.070 0.164
1156080.607 0.161
1168223.996 0.158
1180366.222 0.155
1192507.274 0.152
1204647.139 0.149
1216785.807 0.147
1228923.264 0.144
1241059.499 0.141
1253194.499 0.139
1265328.253 0.136
1277460.748 0.134
1289591.973 0.132
1301721.914 0.129
1313850.561 0.127
1325977.901 0.125
1338103.922 0.123
1350228.613 0.121
1362351.960 0.119
1374473.952 0.117
1386594.576 0.115
1398713.822 0.113
1410831.676 0.111
1422948.127 0.110
1435063.163 0.108
20.063 2108333.276 0.066059357
20.173 2102695.147 0.066170144
20.284 2097065.249 0.066282604
20.395 2091443.653 0.066396735
20.506 2085830.435 0.066512538
20.618 2080225.668 0.066630013
20.730 2074629.427 0.066749158
20.843 2069041.787 0.066869974
20.956 2063462.825 0.066992461
21.069 2057892.617 0.067116618
21.183 2052331.242 0.067242446
21.297 2046778.778 0.067369944
21.412 2041235.304 0.067499113
21.527 2035700.899 0.067629953
21.642 2030175.643 0.067762463
21.757 2024659.620 0.067896644
21.873 2019152.909 0.068032496
21.990 2013655.594 0.068170019
22.107 2008167.759 0.068309213
22.224 2002689.487 0.068450078
22.341 1997220.863 0.068592614
22.459 1991761.974 0.068736822
22.577 1986312.905 0.068882702
22.696 1980873.745 0.069030254
22.815 1975444.580 0.069179477
22.935 1970025.500 0.069330372
23.055 1964616.595 0.069482939
23.175 1959217.955 0.069637178
23.296 1953829.671 0.069793089
23.417 1948451.835 0.069950671
23.538 1943084.541 0.070109926
23.660 1937727.881 0.070270851
23.782 1932381.951 0.070433449
23.905 1927046.846 0.070597717
24.028 1921722.663 0.070763656
24.152 1916409.498 0.070931265
24.275 1911107.449 0.071100544
24.400 1905816.615 0.071271493
24.524 1900537.097 0.071444110
24.650 1895268.994 0.071618395
24.775 1890012.408 0.071794346
24.901 1884767.441 0.071971964
25.027 1879534.197 0.072151247
25.154 1874312.781 0.072332194
25.281 1869103.296 0.072514803
25.409 1863905.850 0.072699074
25.536 1858720.548 0.072885004
25.665 1853547.499 0.073072592
25.793 1848386.813 0.073261837
25.923 1843238.597 0.073452735
26.052 1838102.965 0.073645286
26.182 1832980.025 0.073839486
26.312 1827869.893 0.074035334
26.443 1822772.680 0.074232827
26.574 1817688.503 0.074431961
26.706 1812617.475 0.074632734
26.838 1807559.714 0.074835144
26.970 1802515.338 0.075039185
27.103 1797484.464 0.075244855
27.236 1792467.212 0.075452151
27.370 1787463.703 0.075661067
27.504 1782474.059 0.075871600
27.638 1777498.401 0.076083745
27.773 1772536.853 0.076297497
27.908 1767589.540 0.076512852
28.043 1762656.587 0.076729804
28.179 1757738.122 0.076948347
28.316 1752834.270 0.077168477
28.452 1747945.163 0.077390186
28.589 1743070.928 0.077613468
28.727 1738211.696 0.077838318
28.865 1733367.601 0.078064727
29.003 1728538.773 0.078292688
29.141 1723725.348 0.078522194
29.280 1718927.460 0.078753237
29.420 1714145.245 0.078985809
29.560 1709378.841 0.079219900
29.700 1704628.385 0.079455503
29.840 1699894.016 0.079692607
29.981 1695175.876 0.079931202
30.122 1690474.105 0.080171280
30.264 1685788.845 0.080412828
30.406 1681120.241 0.080655837
30.548 1676468.437 0.080900294
30.690 1671833.577 0.081146189
30.833 1667215.810 0.081393509
30.977 1662615.283 0.081642241
31.120 1658032.144 0.081892372
31.264 1653466.544 0.082143889
31.408 1648918.634 0.082396778
31.553 1644388.565 0.082651024
31.698 1639876.491 0.082906612
31.843 1635382.566 0.083163527
31.988 1630906.946 0.083421753
32.134 1626449.786 0.083681274
32.280 1622011.244 0.083942072
32.427 1617591.478 0.084204131
32.573 1613190.648 0.084467431
32.720 1608808.914 0.084731955
32.868 1604446.439 0.084997682
33.015 1600103.384 0.085264595
33.163 1595779.913 0.085532672
33.311 1591476.191 0.085801892
33.459 1587192.383 0.086072234
33.607 1582928.657 0.086343676
33.756 1578685.180 0.086616195
33.905 1574462.120 0.086889769
34.054 1570259.648 0.087164372
34.203 1566077.933 0.087439981
34.353 1561917.148 0.087716570
34.502 1557777.465 0.087994113
34.652 1553659.058 0.088272585
34.802 1549562.101 0.088551957
34.952 1545486.770 0.088832202
35.103 1541433.240 0.089113291
35.253 1537401.689 0.089395196
35.404 1533392.296 0.089677886
35.554 1529405.239 0.089961331
35.705 1525440.697 0.090245500
35.856 1521498.853 0.090530360
36.007 1517579.886 0.090815878
36.158 1513683.980 0.091102022
36.309 1509811.318 0.091388756
36.460 1505962.083 0.091676047
36.611 1502136.460 0.091963859
36.762 1498334.635 0.092252154
36.914 1494556.793 0.092540896
37.065 1490803.121 0.092830048
37.216 1487073.808 0.093119569
37.367 1483369.040 0.093409422
37.518 1479689.007 0.093699566
37.669 1476033.899 0.093989959
37.820 1472403.904 0.094280561
37.970 1468799.214 0.094571329
38.121 1465220.020 0.094862219
38.272 1461666.512 0.095153188
38.422 1458138.884 0.095444191
38.572 1454637.328 0.095735183
38.722 1451162.036 0.096026117
38.872 1447713.202 0.096316947
39.021 1444291.020 0.096607624
39.171 1440895.683 0.096898100
39.320 1437527.386 0.097188327
39.468 1434186.323 0.097478254
39.617 1430872.689 0.097767830
39.765 1427586.680 0.098057005
39.913 1424328.489 0.098345726
40.060 1421098.313 0.098633940
40.207 1417896.347 0.098921594
40.354 1414722.786 0.099208634
40.500 1411577.826 0.099495005
40.645 1408461.662 0.099780651
40.791 1405374.489 0.100065517
40.935 1402316.502 0.100349545
41.080 1399287.897 0.100632678
41.223 1396288.869 0.100914859
41.366 1393319.611 0.101196028
41.509 1390380.319 0.101476126
41.651 1387471.186 0.101755095
41.792 1384592.406 0.102032872
41.932 1381744.172 0.102309398
42.072 1378926.677 0.102584611
42.211 1376140.113 0.102858450
42.350 1373384.672 0.103130852
42.487 1370660.546 0.103401755
42.624 1367967.923 0.103671094
42.760 1365306.994 0.103938808
42.895 1362677.949 0.104204832
43.029 1360080.974 0.104469101
43.162 1357516.258 0.104731552
43.294 1354983.987 0.104992119
43.426 1352484.345 0.105250737
43.556 1350017.518 0.105507341
43.685 1347583.689 0.105761865
43.813 1345183.040 0.106014245
43.940 1342815.751 0.106264413
44.066 1340482.002 0.106512304
44.191 1338181.973 0.106757851
44.314 1335915.839 0.107000990
44.436 1333683.776 0.107241653
44.557 1331485.960 0.107479775
44.677 1329322.561 0.107715289
44.796 1327193.752 0.107948130
44.913 1325099.701 0.108178232
45.028 1323040.577 0.108405529
45.142 1321016.545 0.108629956
45.255 1319027.769 0.108851448
45.367 1317074.413 0.109069940
45.476 1315156.635 0.109285367
45.584 1313274.594 0.109497666
45.691 1311428.447 0.109706771
45.796 1309618.348 0.109912621
45.899 1307844.448 0.110115153
46.001 1306106.899 0.110314303
46.101 1304405.846 0.110510011
46.199 1302741.435 0.110702215
46.296 1301113.810 0.110890854
46.391 1299523.110 0.111075870
46.483 1297969.474 0.111257203
46.574 1296453.036 0.111434794
46.663 1294973.929 0.111608586
46.750 1293532.284 0.111778524
46.836 1292128.228 0.111944550
46.919 1290761.885 0.112106611
47.000 1289433.377 0.112264652
47.079 1288142.822 0.112418621
47.156 1286890.338 0.112568466
47.231 1285676.037 0.112714137
47.304 1284500.028 0.112855585
47.375 1283362.419 0.112992760
47.443 1282263.314 0.113125616
47.510 1281202.813 0.113254108
47.574 1280181.014 0.113378190
47.635 1279198.011 0.113497821
47.695 1278253.895 0.113612957
47.752 1277348.753 0.113723558
47.807 1276482.670 0.113829587
47.860 1275655.726 0.113931004
47.910 1274868.000 0.114027775
47.958 1274119.565 0.114119864
48.003 1273410.491 0.114207239
48.046 1272740.846 0.114289869
48.087 1272110.692 0.114367724
48.125 1271520.090 0.114440775
48.161 1270969.096 0.114508996
48.194 1270457.762 0.114572363
48.224 1269986.137 0.114630852
48.253 1269554.267 0.114684442
48.278 1269162.192 0.114733113
48.301 1268809.950 0.114776849
48.322 1268497.575 0.114815631
48.340 1268225.098 0.114849447
48.356 1267992.545 0.114878284
48.368 1267799.938 0.114902131
48.379 1267647.297 0.114920978
48.387 1267534.635 0.114934820
48.392 1267461.965 0.114943651
48.394 1267429.293 0.114947468
48.394 1267436.624 0.114946268
48.392 1267483.956 0.114940052
48.387 1267571.286 0.114928823
48.379 1267698.605 0.114912585
48.369 1267865.902 0.114891342
48.356 1268073.162 0.114865104
48.341 1268320.364 0.114833878
48.323 1268607.485 0.114797677
48.302 1268934.499 0.114756514
48.279 1269301.375 0.114710403
48.254 1269708.077 0.114659362
48.226 1270154.568 0.114603408
48.195 1270640.806 0.114542561
48.162 1271166.744 0.114476845
48.127 1271732.334 0.114406281
48.089 1272337.522 0.114330896
48.048 1272982.252 0.114250717
48.005 1273666.462 0.114165772
47.960 1274390.089 0.114076091
47.912 1275153.066 0.113981706
47.862 1275955.322 0.113882651
47.810 1276796.781 0.113778961
47.755 1277677.366 0.113670672
47.698 1278596.996 0.113557821
47.638 1279555.585 0.113440449
47.577 1280553.045 0.113318597
47.513 1281589.286 0.113192306
47.446 1282664.212 0.113061620
47.378 1283777.724 0.112926584
47.308 1284929.723 0.112787244
47.235 1286120.104 0.112643647
47.160 1287348.759 0.112495843
47.083 1288615.577 0.112343881
47.004 1289920.446 0.112187811
46.923 1291263.249 0.112027686
46.840 1292643.866 0.111863559
46.755 1294062.176 0.111695484
46.668 1295518.053 0.111523516
46.579 1297011.370 0.111347711
46.488 1298541.996 0.111168126
46.396 1300109.798 0.110984819
46.301 1301714.640 0.110797847
46.205 1303356.385 0.110607271
46.107 1305034.891 0.110413150
46.007 1306750.016 0.110215546
45.905 1308501.613 0.110014518
45.802 1310289.535 0.109810130
45.697 1312113.633 0.109602444
45.591 1313973.753 0.109391522
45.483 1315869.741 0.109177429
45.373 1317801.440 0.108960228
45.262 1319768.693 0.108739983
45.150 1321771.338 0.108516759
45.036 1323809.213 0.108290622
44.920 1325882.154 0.108061636
44.803 1327989.994 0.107829866
44.685 1330132.566 0.107595379
44.566 1332309.701 0.107358241
44.445 1334521.226 0.107118516
44.323 1336766.969 0.106876272
44.200 1339046.756 0.106631575
44.075 1341360.412 0.106384490
43.949 1343707.758 0.106135083
43.823 1346088.617 0.105883421
43.695 1348502.809 0.105629570
43.566 1350950.153 0.105373596
43.436 1353430.466 0.105115563
43.305 1355943.566 0.104855538
43.173 1358489.267 0.104593586
43.040 1361067.385 0.104329771
42.906 1363677.734 0.104064160
42.771 1366320.125 0.103796815
42.635 1368994.371 0.103527802
42.499 1371700.284 0.103257184
42.362 1374437.672 0.102985024
42.224 1377206.347 0.102711386
42.085 1380006.117 0.102436332
41.945 1382836.790 0.102159923
41.805 1385698.174 0.101882223
41.664 1388590.077 0.101603292
41.522 1391512.305 0.101323190
41.380 1394464.666 0.101041978
41.237 1397446.965 0.100759716
41.094 1400459.007 0.100476461
40.950 1403500.599 0.100192274
40.805 1406571.546 0.099907211
40.660 1409671.653 0.099621330
40.515 1412800.724 0.099334687
40.369 1415958.566 0.099047338
40.223 1419144.981 0.098759339
40.076 1422359.777 0.098470744
39.929 1425602.756 0.098181607
39.781 1428873.725 0.097891982
39.633 1432172.488 0.097601920
39.485 1435498.850 0.097311474
39.337 1438852.616 0.097020695
39.188 1442233.592 0.096729634
39.039 1445641.584 0.096438339
38.890 1449076.397 0.096146860
38.740 1452537.839 0.095855245
38.590 1456025.715 0.095563542
38.441 1459539.832 0.095271797
38.290 1463079.998 0.094980056
38.140 1466646.021 0.094688364
37.990 1470237.709 0.094396767
37.839 1473854.871 0.094105306
37.689 1477497.316 0.093814027
37.538 1481164.854 0.093522970
37.387 1484857.295 0.093232177
37.237 1488574.450 0.092941689
37.086 1492316.130 0.092651545
36.935 1496082.149 0.092361785
36.784 1499872.319 0.092072447
36.633 1503686.452 0.091783569
36.482 1507524.365 0.091495188
36.331 1511385.871 0.091207340
36.181 1515270.786 0.090920059
36.030 1519178.927 0.090633382
35.879 1523110.111 0.090347341
35.729 1527064.156 0.090061971
35.578 1531040.880 0.089777302
35.428 1535040.105 0.089493369
35.277 1539061.649 0.089210200
35.127 1543105.335 0.088927827
34.977 1547170.985 0.088646280
34.827 1551258.422 0.088365587
34.677 1555367.470 0.088085776
34.528 1559497.953 0.087806875
34.378 1563649.699 0.087528912
34.229 1567822.533 0.087251912
34.080 1572016.284 0.086975900
33.931 1576230.780 0.086700903
33.783 1580465.852 0.086426944
33.634 1584721.329 0.086154047
33.486 1588997.043 0.085882234
33.338 1593292.828 0.085611529
33.190 1597608.516 0.085341954
33.043 1601943.943 0.085073528
32.896 1606298.944 0.084806274
32.749 1610673.357 0.084540211
32.602 1615067.018 0.084275359
32.455 1619479.766 0.084011736
32.309 1623911.442 0.083749361
32.164 1628361.887 0.083488251
32.018 1632830.942 0.083228425
31.873 1637318.450 0.082969899
31.728 1641824.256 0.082712689
31.583 1646348.204 0.082456810
31.439 1650890.141 0.082202279
31.295 1655449.914 0.081949109
31.151 1660027.371 0.081697315
31.008 1664622.362 0.081446911
30.865 1669234.737 0.081197911
30.722 1673864.347 0.080950326
30.580 1678511.046 0.080704170
30.438 1683174.687 0.080459454
30.296 1687855.125 0.080216191
30.155 1692552.215 0.079974390
30.014 1697265.815 0.079734064
29.873 1701995.782 0.079495221
29.733 1706741.975 0.079257873
29.593 1711504.255 0.079022029
29.453 1716282.483 0.078787698
29.314 1721076.520 0.078554889
29.175 1725886.231 0.078323610
29.037 1730711.479 0.078093869
28.899 1735552.129 0.077865675
28.761 1740408.050 0.077639034
28.624 1745279.107 0.077413954
28.487 1750165.169 0.077190442
28.351 1755066.107 0.076968504
28.215 1759981.790 0.076748146
28.079 1764912.090 0.076529375
27.944 1769856.881 0.076312195
27.809 1774816.035 0.076096613
27.674 1779789.428 0.075882634
27.540 1784776.935 0.075670261
27.406 1789778.434 0.075459501
27.273 1794793.801 0.075250357
27.140 1799822.917 0.075042833
27.007 1804865.660 0.074836934
26.875 1809921.911 0.074632663
26.743 1814991.553 0.074430023
26.612 1820074.468 0.074229017
26.481 1825170.540 0.074029650
26.350 1830279.654 0.073831923
26.220 1835401.695 0.073635839
26.091 1840536.551 0.073441401
25.961 1845684.108 0.073248611
25.832 1850844.257 0.073057472
25.704 1856016.885 0.072867984
25.576 1861201.884 0.072680151
25.448 1866399.145 0.072493974
25.320 1871608.561 0.072309453
25.193 1876830.025 0.072126592
25.067 1882063.431 0.071945390
24.941 1887308.675 0.071765850
24.815 1892565.652 0.071587972
24.690 1897834.259 0.071411757
24.565 1903114.395 0.071237206
24.440 1908405.958 0.071064319
24.316 1913708.848 0.070893098
24.192 1919022.966 0.070723543
24.069 1924348.212 0.070555654
23.946 1929684.489 0.070389432
23.824 1935031.701 0.070224877
23.702 1940389.751 0.070061989
23.580 1945758.544 0.069900768
23.459 1951137.985 0.069741215
23.338 1956527.983 0.069583329
23.217 1961928.442 0.069427111
23.097 1967339.273 0.069272561
22.977 1972760.383 0.069119678
22.858 1978191.683 0.068968462
22.739 1983633.083 0.068818913
22.620 1989084.495 0.068671031
22.502 1994545.831 0.068524816
22.384 2000017.003 0.068380268
22.267 2005497.926 0.068237386
22.150 2010988.514 0.068096170
22.033 2016488.682 0.067956620
21.917 2021998.347 0.067818735
21.801 2027517.424 0.067682516
21.686 2033045.833 0.067547962
21.571 2038583.490 0.067415073
21.456 2044130.315 0.067283849
21.342 2049686.228 0.067154289
21.228 2055251.149 0.067026394
21.114 2060825.000 0.066900163
21.001 2066407.701 0.066775596
20.888 2071999.177 0.066652693
20.775 2077599.349 0.066531455
20.663 2083208.143 0.066411880
20.552 2088825.482 0.066293970
20.440 2094451.292 0.066177724
20.329 2100085.499 0.066063142
20.219 2105728.029 0.065950225
20.108 2111378.811 0.065838973
