20.059 2106005.318 0.066179686
20.125 2102660.270 0.066245709
20.190 2099329.780 0.066312087
20.255 2096013.919 0.066378814
20.320 2092712.758 0.066445880
20.385 2089426.372 0.066513278
20.450 2086154.831 0.066580999
20.514 2082898.207 0.066649036
20.579 2079656.575 0.066717380
20.643 2076430.005 0.066786023
20.708 2073218.572 0.066854957
20.772 2070022.347 0.066924173
20.836 2066841.404 0.066993663
20.900 2063675.816 0.067063418
20.964 2060525.655 0.067133431
21.027 2057390.996 0.067203692
21.091 2054271.910 0.067274193
21.154 2051168.473 0.067344925
21.217 2048080.756 0.067415881
21.280 2045008.834 0.067487050
21.343 2041952.781 0.067558424
21.406 2038912.668 0.067629995
21.469 2035888.572 0.067701754
21.531 2032880.564 0.067773691
21.593 2029888.719 0.067845798
21.655 2026913.110 0.067918066
21.717 2023953.811 0.067990486
21.779 2021010.897 0.068063048
21.841 2018084.440 0.068135745
21.902 2015174.515 0.068208566
21.963 2012281.196 0.068281502
22.024 2009404.556 0.068354544
22.085 2006544.668 0.068427683
22.145 2003701.608 0.068500910
22.206 2000875.448 0.068574214
22.266 1998066.263 0.068647588
22.326 1995274.125 0.068721021
22.386 1992499.109 0.068794503
22.445 1989741.288 0.068868026
22.505 1987000.736 0.068941579
22.564 1984277.527 0.069015154
22.622 1981571.732 0.069088740
22.681 1978883.427 0.069162328
22.740 1976212.684 0.069235907
22.798 1973559.577 0.069309470
22.856 1970924.178 0.069383004
22.913 1968306.560 0.069456501
22.971 1965706.796 0.069529951
23.028 1963124.960 0.069603344
23.085 1960561.123 0.069676670
23.141 1958015.357 0.069749919
23.198 1955487.736 0.069823081
23.254 1952978.332 0.069896146
23.310 1950487.216 0.069969104
23.365 1948014.460 0.070041945
23.421 1945560.137 0.070114659
23.476 1943124.316 0.070187235
23.530 1940707.071 0.070259664
23.585 1938308.471 0.070331936
23.639 1935928.588 0.070404039
23.693 1933567.492 0.070475965
23.746 1931225.255 0.070547703
23.799 1928901.945 0.070619242
23.852 1926597.633 0.070690573
23.905 1924312.390 0.070761684
23.957 1922046.283 0.070832567
24.009 1919799.383 0.070903210
24.060 1917571.759 0.070973604
24.112 1915363.478 0.071043737
24.163 1913174.611 0.071113600
24.213 1911005.224 0.071183183
24.263 1908855.385 0.071252475
24.313 1906725.162 0.071321465
24.363 1904614.622 0.071390144
24.412 1902523.832 0.071458502
24.461 1900452.858 0.071526527
24.509 1898401.767 0.071594210
24.557 1896370.624 0.071661541
24.605 1894359.494 0.071728509
24.652 1892368.443 0.071795103
24.699 1890397.535 0.071861315
24.746 1888446.835 0.071927133
24.792 1886516.406 0.071992547
24.837 1884606.311 0.072057548
24.883 1882716.615 0.072122125
24.928 1880847.378 0.072186267
24.972 1878998.664 0.072249966
25.016 1877170.534 0.072313211
25.060 1875363.050 0.072375991
25.103 1873576.271 0.072438297
25.146 1871810.259 0.072500120
25.189 1870065.073 0.072561448
25.231 1868340.772 0.072622273
25.272 1866637.416 0.072682584
25.313 1864955.062 0.072742372
25.354 1863293.768 0.072801626
25.394 1861653.592 0.072860338
25.434 1860034.591 0.072918498
25.473 1858436.820 0.072976096
25.512 1856860.335 0.073033123
25.551 1855305.191 0.073089569
25.589 1853771.443 0.073145425
25.626 1852259.144 0.073200681
25.663 1850768.348 0.073255329
25.700 1849299.107 0.073309359
25.736 1847851.475 0.073362763
25.771 1846425.501 0.073415530
25.806 1845021.237 0.073467654
25.841 1843638.733 0.073519123
25.875 1842278.039 0.073569930
25.909 1840939.204 0.073620066
25.942 1839622.276 0.073669523
25.974 1838327.303 0.073718292
26.006 1837054.331 0.073766364
26.038 1835803.406 0.073813732
26.069 1834574.576 0.073860387
26.100 1833367.883 0.073906321
26.130 1832183.373 0.073951526
26.159 1831021.089 0.073995994
26.188 1829881.073 0.074039718
26.216 1828763.368 0.074082689
26.244 1827668.015 0.074124901
26.272 1826595.055 0.074166345
26.298 1825544.526 0.074207015
26.325 1824516.469 0.074246903
26.350 1823510.922 0.074286003
26.376 1822527.921 0.074324306
26.400 1821567.505 0.074361807
26.424 1820629.708 0.074398499
26.448 1819714.566 0.074434375
26.471 1818822.113 0.074469428
26.493 1817952.383 0.074503653
26.515 1817105.408 0.074537043
26.536 1816281.221 0.074569593
26.557 1815479.852 0.074601296
26.577 1814701.332 0.074632146
26.597 1813945.690 0.074662139
26.615 1813212.955 0.074691268
26.634 1812503.155 0.074719529
26.652 1811816.316 0.074746916
26.669 1811152.464 0.074773423
26.685 1810511.626 0.074799048
26.702 1809893.824 0.074823784
26.717 1809299.083 0.074847627
26.732 1808727.425 0.074870572
26.746 1808178.872 0.074892617
26.760 1807653.445 0.074913755
26.773 1807151.164 0.074933985
26.785 1806672.047 0.074953301
26.797 1806216.113 0.074971701
26.809 1805783.380 0.074989180
26.819 1805373.862 0.075005737
26.829 1804987.577 0.075021367
26.839 1804624.539 0.075036068
26.848 1804284.761 0.075049836
26.856 1803968.256 0.075062671
26.864 1803675.036 0.075074568
26.871 1803405.111 0.075085527
26.877 1803158.493 0.075095544
26.883 1802935.189 0.075104619
26.888 1802735.208 0.075112749
26.893 1802558.558 0.075119933
26.897 1802405.244 0.075126169
26.900 1802275.273 0.075131457
26.903 1802168.647 0.075135796
26.905 1802085.372 0.075139184
26.907 1802025.449 0.075141621
26.908 1801988.881 0.075143108
26.908 1801975.668 0.075143642
26.908 1801985.809 0.075143225
26.907 1802019.305 0.075141856
26.906 1802076.152 0.075139536
26.904 1802156.347 0.075136266
26.901 1802259.888 0.075132045
26.898 1802386.768 0.075126875
26.894 1802536.983 0.075120756
26.889 1802710.526 0.075113691
26.884 1802907.388 0.075105679
26.878 1803127.562 0.075096723
26.872 1803371.037 0.075086825
26.865 1803637.805 0.075075986
26.857 1803927.852 0.075064209
26.849 1804241.168 0.075051495
26.840 1804577.739 0.075037847
26.831 1804937.550 0.075023267
26.821 1805320.588 0.075007759
26.810 1805726.836 0.074991325
26.799 1806156.277 0.074973969
26.787 1806608.894 0.074955693
26.775 1807084.668 0.074936501
26.762 1807583.580 0.074916396
26.748 1808105.610 0.074895383
26.734 1808650.736 0.074873465
26.719 1809218.936 0.074850647
26.704 1809810.187 0.074826932
26.688 1810424.466 0.074802325
26.671 1811061.747 0.074776830
26.654 1811722.005 0.074750453
26.637 1812405.214 0.074723197
26.618 1813111.346 0.074695069
26.599 1813840.374 0.074666073
26.580 1814592.268 0.074636214
26.560 1815366.998 0.074605499
26.539 1816164.534 0.074573932
26.518 1816984.845 0.074541519
26.497 1817827.897 0.074508267
26.474 1818693.658 0.074474181
26.451 1819582.095 0.074439268
26.428 1820493.171 0.074403533
26.404 1821426.853 0.074366984
26.380 1822383.102 0.074329626
26.355 1823361.883 0.074291467
26.329 1824363.158 0.074252514
26.303 1825386.887 0.074212772
26.276 1826433.032 0.074172251
26.249 1827501.552 0.074130955
26.221 1828592.406 0.074088894
26.193 1829705.553 0.074046074
26.164 1830840.950 0.074002503
26.135 1831998.554 0.073958188
26.105 1833178.321 0.073913138
26.074 1834380.208 0.073867360
26.043 1835604.167 0.073820863
26.012 1836850.155 0.073773653
25.980 1838118.123 0.073725741
25.948 1839408.024 0.073677133
25.915 1840719.811 0.073627838
25.881 1842053.435 0.073577865
25.847 1843408.846 0.073527222
25.813 1844785.995 0.073475918
25.778 1846184.831 0.073423962
25.742 1847605.303 0.073371362
25.706 1849047.358 0.073318127
25.670 1850510.945 0.073264267
25.633 1851996.010 0.073209791
25.596 1853502.499 0.073154706
25.558 1855030.359 0.073099024
25.520 1856579.534 0.073042753
25.481 1858149.969 0.072985902
25.442 1859741.607 0.072928480
25.402 1861354.393 0.072870498
25.362 1862988.270 0.072811965
25.322 1864643.179 0.072752890
25.281 1866319.062 0.072693283
25.239 1868015.861 0.072633153
25.197 1869733.517 0.072572511
25.155 1871471.969 0.072511366
25.112 1873231.158 0.072449728
25.069 1875011.023 0.072387607
25.026 1876811.503 0.072325013
24.982 1878632.536 0.072261955
24.937 1880474.060 0.072198444
24.892 1882336.013 0.072134490
24.847 1884218.331 0.072070102
24.802 1886120.951 0.072005291
24.756 1888043.809 0.071940067
24.709 1889986.842 0.071874440
24.663 1891949.984 0.071808421
24.616 1893933.171 0.071742018
24.568 1895936.336 0.071675243
24.520 1897959.415 0.071608106
24.472 1900002.341 0.071540616
24.423 1902065.047 0.071472785
24.374 1904147.467 0.071404622
24.325 1906249.534 0.071336137
24.275 1908371.179 0.071267341
24.225 1910512.336 0.071198245
24.175 1912672.935 0.071128858
24.124 1914852.909 0.071059190
24.073 1917052.188 0.070989252
24.022 1919270.704 0.070919054
23.970 1921508.387 0.070848607
23.918 1923765.167 0.070777920
23.866 1926040.975 0.070707003
23.813 1928335.741 0.070635868
23.760 1930649.394 0.070564524
23.707 1932981.863 0.070492981
23.653 1935333.077 0.070421250
23.599 1937702.967 0.070349341
23.545 1940091.459 0.070277263
23.490 1942498.483 0.070205028
23.436 1944923.968 0.070132644
23.381 1947367.840 0.070060123
23.325 1949830.028 0.069987474
23.270 1952310.461 0.069914707
23.214 1954809.064 0.069841832
23.158 1957325.767 0.069768860
23.101 1959860.496 0.069695800
23.044 1962413.178 0.069622662
22.987 1964983.740 0.069549456
22.930 1967572.110 0.069476191
22.873 1970178.213 0.069402879
22.815 1972801.977 0.069329528
22.757 1975443.329 0.069256148
22.699 1978102.194 0.069182750
22.641 1980778.498 0.069109342
22.582 1983472.169 0.069035934
22.523 1986183.133 0.068962537
22.464 1988911.315 0.068889159
22.405 1991656.642 0.068815810
22.345 1994419.039 0.068742499
22.285 1997198.433 0.068669237
22.225 1999994.750 0.068596032
22.165 2002807.915 0.068522894
22.105 2005637.854 0.068449832
22.044 2008484.493 0.068376856
21.984 2011347.758 0.068303974
21.923 2014227.575 0.068231197
21.862 2017123.870 0.068158533
21.800 2020036.568 0.068085990
21.739 2022965.595 0.068013580
21.677 2025910.876 0.067941309
21.615 2028872.339 0.067869188
21.553 2031849.909 0.067797225
21.491 2034843.511 0.067725429
21.429 2037853.071 0.067653810
21.366 2040878.516 0.067582375
21.304 2043919.772 0.067511134
21.241 2046976.764 0.067440095
21.178 2050049.419 0.067369267
21.115 2053137.663 0.067298659
21.052 2056241.422 0.067228279
20.988 2059360.623 0.067158136
20.925 2062495.191 0.067088237
20.861 2065645.055 0.067018593
20.797 2068810.139 0.066949211
20.733 2071990.371 0.066880098
20.669 2075185.678 0.066811265
20.605 2078395.986 0.066742719
20.541 2081621.223 0.066674467
20.476 2084861.316 0.066606519
20.412 2088116.191 0.066538883
20.347 2091385.777 0.066471566
20.283 2094670.000 0.066404577
20.218 2097968.788 0.066337923
20.153 2101282.070 0.066271613
20.088 2104609.772 0.066205654
20.023 2107951.824 0.066140054
0.0 0.0 0.0
0.0 0.0 0.0
0.0 0.0 0.0
0.0 0.0 0.0
0.0 0.0 0.0
0.0 0.0 0.0
0.0 0.0 0.0
0.0 0.0 0.0
0.0 0.0 0.0
0.0 0.0 0.0
0.0 0.0 0.0
0.0 0.0 0.0
0.0 0.0 0.0
0.0 0.0 0.0
0.0 0.0 0.0
0.0 0.0 0.0
0.0 0.0 0.0
0.0 0.0 0.0
0.0 0.0 0.0
0.0 0.0 0.0
0.0 0.0 0.0
0.0 0.0 0.0
0.0 0.0 0.0
0.0 0.0 0.0
0.0 0.0 0.0
0.0 0.0 0.0
0.0 0.0 0.0
0.0 0.0 0.0
0.0 0.0 0.0
0.0 0.0 0.0
0.0 0.0 0.0
0.0 0.0 0.0
0.0 0.0 0.0
0.0 0.0 0.0
0.0 0.0 0.0
0.0 0.0 0.0
0.0 0.0 0.0
0.0 0.0 0.0
0.0 0.0 0.0
0.0 0.0 0.0
0.0 0.0 0.0
0.0 0.0 0.0
0.0 0.0 0.0
0.0 0.0 0.0
0.0 0.0 0.0
0.0 0.0 0.0
0.0 0.0 0.0
0.0 0.0 0.0
0.0 0.0 0.0
0.0 0.0 0.0
0.0 0.0 0.0
0.0 0.0 0.0
0.0 0.0 0.0
0.0 0.0 0.0
0.0 0.0 0.0
0.0 0.0 0.0
0.0 0.0 0.0
0.0 0.0 0.0
0.0 0.0 0.0
0.0 0.0 0.0
0.0 0.0 0.0
0.0 0.0 0.0
0.0 0.0 0.0
0.0 0.0 0.0
0.0 0.0 0.0
0.0 0.0 0.0
0.0 0.0 0.0
0.0 0.0 0.0
0.0 0.0 0.0
0.0 0.0 0.0
0.0 0.0 0.0
0.0 0.0 0.0
0.0 0.0 0.0
0.0 0.0 0.0
0.0 0.0 0.0
0.0 0.0 0.0
0.0 0.0 0.0
0.0 0.0 0.0
0.0 0.0 0.0
0.0 0.0 0.0
0.0 0.0 0.0
0.0 0.0 0.0
0.0 0.0 0.0
0.0 0.0 0.0
0.0 0.0 0.0
0.0 0.0 0.0
0.0 0.0 0.0
0.0 0.0 0.0
0.0 0.0 0.0
0.0 0.0 0.0
0.0 0.0 0.0
0.0 0.0 0.0
0.0 0.0 0.0
0.0 0.0 0.0
0.0 0.0 0.0
0.0 0.0 0.0
0.0 0.0 0.0
0.0 0.0 0.0
0.0 0.0 0.0
0.0 0.0 0.0
0.0 0.0 0.0
0.0 0.0 0.0
0.0 0.0 0.0
0.0 0.0 0.0
0.0 0.0 0.0
0.0 0.0 0.0
0.0 0.0 0.0
0.0 0.0 0.0
0.0 0.0 0.0
0.0 0.0 0.0
0.0 0.0 0.0
0.0 0.0 0.0
0.0 0.0 0.0
0.0 0.0 0.0
0.0 0.0 0.0
0.0 0.0 0.0
0.0 0.0 0.0
0.0 0.0 0.0
0.0 0.0 0.0
0.0 0.0 0.0
0.0 0.0 0.0
0.0 0.0 0.0
0.0 0.0 0.0
0.0 0.0 0.0
0.0 0.0 0.0
0.0 0.0 0.0
0.0 0.0 0.0
0.0 0.0 0.0
0.0 0.0 0.0
0.0 0.0 0.0
0.0 0.0 0.0
0.0 0.0 0.0
0.0 0.0 0.0
0.0 0.0 0.0
0.0 0.0 0.0
0.0 0.0 0.0
0.0 0.0 0.0
0.0 0.0 0.0
0.0 0.0 0.0
0.0 0.0 0.0
0.0 0.0 0.0
0.0 0.0 0.0
0.0 0.0 0.0
0.0 0.0 0.0
0.0 0.0 0.0
0.0 0.0 0.0
0.0 0.0 0.0
0.0 0.0 0.0
0.0 0.0 0.0
0.0 0.0 0.0
0.0 0.0 0.0
0.0 0.0 0.0
0.0 0.0 0.0
0.0 0.0 0.0
0.0 0.0 0.0
0.0 0.0 0.0
0.0 0.0 0.0
0.0 0.0 0.0
0.0 0.0 0.0
0.0 0.0 0.0
0.0 0.0 0.0
0.0 0.0 0.0
0.0 0.0 0.0
0.0 0.0 0.0
0.0 0.0 0.0
0.0 0.0 0.0
0.0 0.0 0.0
0.0 0.0 0.0
0.0 0.0 0.0
0.0 0.0 0.0
0.0 0.0 0.0
0.0 0.0 0.0
0.0 0.0 0.0
0.0 0.0 0.0
0.0 0.0 0.0
0.0 0.0 0.0
0.0 0.0 0.0
0.0 0.0 0.0
0.0 0.0 0.0
0.0 0.0 0.0
0.0 0.0 0.0
0.0 0.0 0.0
0.0 0.0 0.0
0.0 0.0 0.0
0.0 0.0 0.0
0.0 0.0 0.0
0.0 0.0 0.0
0.0 0.0 0.0
0.0 0.0 0.0
0.0 0.0 0.0
0.0 0.0 0.0
0.0 0.0 0.0
0.0 0.0 0.0
0.0 0.0 0.0
0.0 0.0 0.0
0.0 0.0 0.0
0.0 0.0 0.0
0.0 0.0 0.0
0.0 0.0 0.0
0.0 0.0 0.0
0.0 0.0 0.0
0.0 0.0 0.0
0.0 0.0 0.0
0.0 0.0 0.0
0.0 0.0 0.0
0.0 0.0 0.0
0.0 0.0 0.0
0.0 0.0 0.0
0.0 0.0 0.0
0.0 0.0 0.0
0.0 0.0 0.0
0.0 0.0 0.0
0.0 0.0 0.0
0.0 0.0 0.0
0.0 0.0 0.0
0.0 0.0 0.0
0.0 0.0 0.0
0.0 0.0 0.0
0.0 0.0 0.0
0.0 0.0 0.0
0.0 0.0 0.0
0.0 0.0 0.0
0.0 0.0 0.0
0.0 0.0 0.0
0.0 0.0 0.0
0.0 0.0 0.0
0.0 0.0 0.0
0.0 0.0 0.0
0.0 0.0 0.0
0.0 0.0 0.0
0.0 0.0 0.0
0.0 0.0 0.0
0.0 0.0 0.0
0.0 0.0 0.0
0.0 0.0 0.0
0.0 0.0 0.0
0.0 0.0 0.0
0.0 0.0 0.0
0.0 0.0 0.0
0.0 0.0 0.0
0.0 0.0 0.0
0.0 0.0 0.0
0.0 0.0 0.0
0.0 0.0 0.0
0.0 0.0 0.0
0.0 0.0 0.0
0.0 0.0 0.0
0.0 0.0 0.0
0.0 0.0 0.0
0.0 0.0 0.0
0.0 0.0 0.0
0.0 0.0 0.0
0.0 0.0 0.0
0.0 0.0 0.0
0.0 0.0 0.0
0.0 0.0 0.0
0.0 0.0 0.0
0.0 0.0 0.0
0.0 0.0 0.0
0.0 0.0 0.0
0.0 0.0 0.0
0.0 0.0 0.0
0.0 0.0 0.0
0.0 0.0 0.0
0.0 0.0 0.0
0.0 0.0 0.0
0.0 0.0 0.0
0.0 0.0 0.0
0.0 0.0 0.0
0.0 0.0 0.0
0.0 0.0 0.0
0.0 0.0 0.0
0.0 0.0 0.0
0.0 0.0 0.0
0.0 0.0 0.0
0.0 0.0 0.0
0.0 0.0 0.0
0.0 0.0 0.0
0.0 0.0 0.0
0.0 0.0 0.0
0.0 0.0 0.0
0.0 0.0 0.0
0.0 0.0 0.0
0.0 0.0 0.0
0.0 0.0 0.0
0.0 0.0 0.0
0.0 0.0 0.0
0.0 0.0 0.0
0.0 0.0 0.0
0.0 0.0 0.0
0.0 0.0 0.0
0.0 0.0 0.0
0.0 0.0 0.0
0.0 0.0 0.0
0.0 0.0 0.0
0.0 0.0 0.0
0.0 0.0 0.0
0.0 0.0 0.0
0.0 0.0 0.0
0.0 0.0 0.0
0.0 0.0 0.0
0.0 0.0 0.0
0.0 0.0 0.0
0.0 0.0 0.0
0.0 0.0 0.0
0.0 0.0 0.0
0.0 0.0 0.0
0.0 0.0 0.0
0.0 0.0 0.0
0.0 0.0 0.0
0.0 0.0 0.0
0.0 0.0 0.0
0.0 0.0 0.0
0.0 0.0 0.0
0.0 0.0 0.0
0.0 0.0 0.0
0.0 0.0 0.0
0.0 0.0 0.0
0.0 0.0 0.0
0.0 0.0 0.0
0.0 0.0 0.0
0.0 0.0 0.0
0.0 0.0 0.0
0.0 0.0 0.0
0.0 0.0 0.0
0.0 0.0 0.0
0.0 0.0 0.0
0.0 0.0 0.0
0.0 0.0 0.0
0.0 0.0 0.0
0.0 0.0 0.0
0.0 0.0 0.0
0.0 0.0 0.0
0.0 0.0 0.0
0.0 0.0 0.0
0.0 0.0 0.0
0.0 0.0 0.0
0.0 0.0 0.0
0.0 0.0 0.0
0.0 0.0 0.0
0.0 0.0 0.0
0.0 0.0 0.0
0.0 0.0 0.0
0.0 0.0 0.0
0.0 0.0 0.0
0.0 0.0 0.0
0.0 0.0 0.0
0.0 0.0 0.0
0.0 0.0 0.0
0.0 0.0 0.0
0.0 0.0 0.0
0.0 0.0 0.0
0.0 0.0 0.0
0.0 0.0 0.0
0.0 0.0 0.0
0.0 0.0 0.0
0.0 0.0 0.0
0.0 0.0 0.0
0.0 0.0 0.0
0.0 0.0 0.0
0.0 0.0 0.0
0.0 0.0 0.0
0.0 0.0 0.0
0.0 0.0 0.0
0.0 0.0 0.0
0.0 0.0 0.0
0.0 0.0 0.0
0.0 0.0 0.0
0.0 0.0 0.0
0.0 0.0 0.0
0.0 0.0 0.0
0.0 0.0 0.0
0.0 0.0 0.0
0.0 0.0 0.0
0.0 0.0 0.0
0.0 0.0 0.0
0.0 0.0 0.0
0.0 0.0 0.0
0.0 0.0 0.0
0.0 0.0 0.0
0.0 0.0 0.0
0.0 0.0 0.0
0.0 0.0 0.0
0.0 0.0 0.0
0.0 0.0 0.0
0.0 0.0 0.0
0.0 0.0 0.0
0.0 0.0 0.0
0.0 0.0 0.0
0.0 0.0 0.0
0.0 0.0 0.0
0.0 0.0 0.0
0.0 0.0 0.0
0.0 0.0 0.0
0.0 0.0 0.0
0.0 0.0 0.0
0.0 0.0 0.0
0.0 0.0 0.0
0.0 0.0 0.0
0.0 0.0 0.0
0.0 0.0 0.0
0.0 0.0 0.0
0.0 0.0 0.0
0.0 0.0 0.0
0.0 0.0 0.0
0.0 0.0 0.0
0.0 0.0 0.0
0.0 0.0 0.0
0.0 0.0 0.0
0.0 0.0 0.0
0.0 0.0 0.0
0.0 0.0 0.0
0.0 0.0 0.0
0.0 0.0 0.0
0.0 0.0 0.0
0.0 0.0 0.0
0.0 0.0 0.0
0.0 0.0 0.0
0.0 0.0 0.0
0.0 0.0 0.0
0.0 0.0 0.0
0.0 0.0 0.0
0.0 0.0 0.0
0.0 0.0 0.0
0.0 0.0 0.0
0.0 0.0 0.0
0.0 0.0 0.0
0.0 0.0 0.0
0.0 0.0 0.0
0.0 0.0 0.0
0.0 0.0 0.0
0.0 0.0 0.0
0.0 0.0 0.0
0.0 0.0 0.0
0.0 0.0 0.0
0.0 0.0 0.0
0.0 0.0 0.0
0.0 0.0 0.0
0.0 0.0 0.0
0.0 0.0 0.0
0.0 0.0 0.0
0.0 0.0 0.0
0.0 0.0 0.0
0.0 0.0 0.0
0.0 0.0 0.0
0.0 0.0 0.0
0.0 0.0 0.0
0.0 0.0 0.0
0.0 0.0 0.0
0.0 0.0 0.0
0.0 0.0 0.0
0.0 0.0 0.0
0.0 0.0 0.0
0.0 0.0 0.0
0.0 0.0 0.0
0.0 0.0 0.0
0.0 0.0 0.0
0.0 0.0 0.0
0.0 0.0 0.0
0.0 0.0 0.0
0.0 0.0 0.0
0.0 0.0 0.0
0.0 0.0 0.0
0.0 0.0 0.0
0.0 0.0 0.0
0.0 0.0 0.0
0.0 0.0 0.0
0.0 0.0 0.0
0.0 0.0 0.0
0.0 0.0 0.0
0.0 0.0 0.0
0.0 0.0 0.0
0.0 0.0 0.0
0.0 0.0 0.0
0.0 0.0 0.0
0.0 0.0 0.0
0.0 0.0 0.0
0.0 0.0 0.0
0.0 0.0 0.0
0.0 0.0 0.0
0.0 0.0 0.0
0.0 0.0 0.0
0.0 0.0 0.0
0.0 0.0 0.0
0.0 0.0 0.0
0.0 0.0 0.0
0.0 0.0 0.0
0.0 0.0 0.0
0.0 0.0 0.0
0.0 0.0 0.0
0.0 0.0 0.0
0.0 0.0 0.0
0.0 0.0 0.0
0.0 0.0 0.0
0.0 0.0 0.0
0.0 0.0 0.0
0.0 0.0 0.0
0.0 0.0 0.0
0.0 0.0 0.0
0.0 0.0 0.0
0.0 0.0 0.0
0.0 0.0 0.0
0.0 0.0 0.0
0.0 0.0 0.0
0.0 0.0 0.0
0.0 0.0 0.0
0.0 0.0 0.0
0.0 0.0 0.0
0.0 0.0 0.0
0.0 0.0 0.0
0.0 0.0 0.0
0.0 0.0 0.0
0.0 0.0 0.0
0.0 0.0 0.0
0.0 0.0 0.0
0.0 0.0 0.0
0.0 0.0 0.0
0.0 0.0 0.0
0.0 0.0 0.0
0.0 0.0 0.0
0.0 0.0 0.0
0.0 0.0 0.0
0.0 0.0 0.0
0.0 0.0 0.0
0.0 0.0 0.0
0.0 0.0 0.0
0.0 0.0 0.0
0.0 0.0 0.0
0.0 0.0 0.0
0.0 0.0 0.0
0.0 0.0 0.0
0.0 0.0 0.0
0.0 0.0 0.0
0.0 0.0 0.0
0.0 0.0 0.0
0.0 0.0 0.0
0.0 0.0 0.0
0.0 0.0 0.0
0.0 0.0 0.0
0.0 0.0 0.0
0.0 0.0 0.0
0.0 0.0 0.0
0.0 0.0 0.0
0.0 0.0 0.0
0.0 0.0 0.0
0.0 0.0 0.0
0.0 0.0 0.0
0.0 0.0 0.0
0.0 0.0 0.0
0.0 0.0 0.0
0.0 0.0 0.0
0.0 0.0 0.0
0.0 0.0 0.0
0.0 0.0 0.0
0.0 0.0 0.0
0.0 0.0 0.0
0.0 0.0 0.0
0.0 0.0 0.0
0.0 0.0 0.0
0.0 0.0 0.0
0.0 0.0 0.0
0.0 0.0 0.0
0.0 0.0 0.0
0.0 0.0 0.0
0.0 0.0 0.0
0.0 0.0 0.0
0.0 0.0 0.0
0.0 0.0 0.0
0.0 0.0 0.0
0.0 0.0 0.0
0.0 0.0 0.0
0.0 0.0 0.0
0.0 0.0 0.0
0.0 0.0 0.0
0.0 0.0 0.0
0.0 0.0 0.0
0.0 0.0 0.0
0.0 0.0 0.0
0.0 0.0 0.0
0.0 0.0 0.0
0.0 0.0 0.0
0.0 0.0 0.0
0.0 0.0 0.0
0.0 0.0 0.0
0.0 0.0 0.0
0.0 0.0 0.0
0.0 0.0 0.0
0.0 0.0 0.0
0.0 0.0 0.0
0.0 0.0 0.0
0.0 0.0 0.0
0.0 0.0 0.0
0.0 0.0 0.0
0.0 0.0 0.0
0.0 0.0 0.0
0.0 0.0 0.0
0.0 0.0 0.0
0.0 0.0 0.0
0.0 0.0 0.0
0.0 0.0 0.0
0.0 0.0 0.0
0.0 0.0 0.0
0.0 0.0 0.0
0.0 0.0 0.0
0.0 0.0 0.0
0.0 0.0 0.0
0.0 0.0 0.0
0.0 0.0 0.0
0.0 0.0 0.0
0.0 0.0 0.0
0.0 0.0 0.0
0.0 0.0 0.0
0.0 0.0 0.0
0.0 0.0 0.0
0.0 0.0 0.0
0.0 0.0 0.0
0.0 0.0 0.0
0.0 0.0 0.0
0.0 0.0 0.0
0.0 0.0 0.0
0.0 0.0 0.0
0.0 0.0 0.0
0.0 0.0 0.0
0.0 0.0 0.0
0.0 0.0 0.0
0.0 0.0 0.0
0.0 0.0 0.0
0.0 0.0 0.0
0.0 0.0 0.0
0.0 0.0 0.0
0.0 0.0 0.0
0.0 0.0 0.0
0.0 0.0 0.0
0.0 0.0 0.0
0.0 0.0 0.0
0.0 0.0 0.0
0.0 0.0 0.0
0.0 0.0 0.0
0.0 0.0 0.0
0.0 0.0 0.0
0.0 0.0 0.0
0.0 0.0 0.0
0.0 0.0 0.0
0.0 0.0 0.0
0.0 0.0 0.0
0.0 0.0 0.0
0.0 0.0 0.0
0.0 0.0 0.0
0.0 0.0 0.0
0.0 0.0 0.0
0.0 0.0 0.0
0.0 0.0 0.0
0.0 0.0 0.0
0.0 0.0 0.0
0.0 0.0 0.0
0.0 0.0 0.0
0.0 0.0 0.0
0.0 0.0 0.0
0.0 0.0 0.0
0.0 0.0 0.0
0.0 0.0 0.0
0.0 0.0 0.0
0.0 0.0 0.0
0.0 0.0 0.0
0.0 0.0 0.0
0.0 0.0 0.0
0.0 0.0 0.0
0.0 0.0 0.0
0.0 0.0 0.0
0.0 0.0 0.0
0.0 0.0 0.0
0.0 0.0 0.0
0.0 0.0 0.0
0.0 0.0 0.0
0.0 0.0 0.0
0.0 0.0 0.0
0.0 0.0 0.0
0.0 0.0 0.0
0.0 0.0 0.0
0.0 0.0 0.0
0.0 0.0 0.0
0.0 0.0 0.0
0.0 0.0 0.0
0.0 0.0 0.0
0.0 0.0 0.0
0.0 0.0 0.0
0.0 0.0 0.0
0.0 0.0 0.0
0.0 0.0 0.0
0.0 0.0 0.0
0.0 0.0 0.0
0.0 0.0 0.0
0.0 0.0 0.0
0.0 0.0 0.0
0.0 0.0 0.0
0.0 0.0 0.0
0.0 0.0 0.0
0.0 0.0 0.0
0.0 0.0 0.0
0.0 0.0 0.0
0.0 0.0 0.0
0.0 0.0 0.0
0.0 0.0 0.0
0.0 0.0 0.0
0.0 0.0 0.0
0.0 0.0 0.0
0.0 0.0 0.0
0.0 0.0 0.0
0.0 0.0 0.0
0.0 0.0 0.0
0.0 0.0 0.0
0.0 0.0 0.0
0.0 0.0 0.0
0.0 0.0 0.0
0.0 0.0 0.0
0.0 0.0 0.0
0.0 0.0 0.0
0.0 0.0 0.0
0.0 0.0 0.0
0.0 0.0 0.0
0.0 0.0 0.0
0.0 0.0 0.0
0.0 0.0 0.0
0.0 0.0 0.0
0.0 0.0 0.0
0.0 0.0 0.0
0.0 0.0 0.0
0.0 0.0 0.0
0.0 0.0 0.0
0.0 0.0 0.0
0.0 0.0 0.0
0.0 0.0 0.0
0.0 0.0 0.0
0.0 0.0 0.0
0.0 0.0 0.0
0.0 0.0 0.0
0.0 0.0 0.0
0.0 0.0 0.0
0.0 0.0 0.0
0.0 0.0 0.0
0.0 0.0 0.0
0.0 0.0 0.0
0.0 0.0 0.0
0.0 0.0 0.0
0.0 0.0 0.0
0.0 0.0 0.0
0.0 0.0 0.0
0.0 0.0 0.0
0.0 0.0 0.0
0.0 0.0 0.0
0.0 0.0 0.0
0.0 0.0 0.0
0.0 0.0 0.0
0.0 0.0 0.0
0.0 0.0 0.0
0.0 0.0 0.0
0.0 0.0 0.0
0.0 0.0 0.0
0.0 0.0 0.0
0.0 0.0 0.0
0.0 0.0 0.0
0.0 0.0 0.0
0.0 0.0 0.0
0.0 0.0 0.0
0.0 0.0 0.0
0.0 0.0 0.0
0.0 0.0 0.0
0.0 0.0 0.0
0.0 0.0 0.0
0.0 0.0 0.0
0.0 0.0 0.0
0.0 0.0 0.0
0.0 0.0 0.0
0.0 0.0 0.0
0.0 0.0 0.0
0.0 0.0 0.0
0.0 0.0 0.0
0.0 0.0 0.0
0.0 0.0 0.0
0.0 0.0 0.0
0.0 0.0 0.0
0.0 0.0 0.0
0.0 0.0 0.0
0.0 0.0 0.0
0.0 0.0 0.0
0.0 0.0 0.0
0.0 0.0 0.0
0.0 0.0 0.0
0.0 0.0 0.0
0.0 0.0 0.0
0.0 0.0 0.0
0.0 0.0 0.0
0.0 0.0 0.0
0.0 0.0 0.0
0.0 0.0 0.0
0.0 0.0 0.0
0.0 0.0 0.0
0.0 0.0 0.0
0.0 0.0 0.0
0.0 0.0 0.0
0.0 0.0 0.0
0.0 0.0 0.0
0.0 0.0 0.0
0.0 0.0 0.0
0.0 0.0 0.0
0.0 0.0 0.0
0.0 0.0 0.0
0.0 0.0 0.0
0.0 0.0 0.0
0.0 0.0 0.0
0.0 0.0 0.0
0.0 0.0 0.0
0.0 0.0 0.0
0.0 0.0 0.0
0.0 0.0 0.0
0.0 0.0 0.0
0.0 0.0 0.0
0.0 0.0 0.0
0.0 0.0 0.0
0.0 0.0 0.0
0.0 0.0 0.0
0.0 0.0 0.0
0.0 0.0 0.0
0.0 0.0 0.0
0.0 0.0 0.0
0.0 0.0 0.0
0.0 0.0 0.0
0.0 0.0 0.0
0.0 0.0 0.0
0.0 0.0 0.0
0.0 0.0 0.0
0.0 0.0 0.0
0.0 0.0 0.0
0.0 0.0 0.0
0.0 0.0 0.0
0.0 0.0 0.0
0.0 0.0 0.0
0.0 0.0 0.0
0.0 0.0 0.0
0.0 0.0 0.0
0.0 0.0 0.0
0.0 0.0 0.0
0.0 0.0 0.0
0.0 0.0 0.0
0.0 0.0 0.0
0.0 0.0 0.0
0.0 0.0 0.0
0.0 0.0 0.0
0.0 0.0 0.0
0.0 0.0 0.0
0.0 0.0 0.0
0.0 0.0 0.0
0.0 0.0 0.0
0.0 0.0 0.0
0.0 0.0 0.0
0.0 0.0 0.0
0.0 0.0 0.0
0.0 0.0 0.0
0.0 0.0 0.0
0.0 0.0 0.0
0.0 0.0 0.0
0.0 0.0 0.0
0.0 0.0 0.0
0.0 0.0 0.0
0.0 0.0 0.0
0.0 0.0 0.0
0.0 0.0 0.0
0.0 0.0 0.0
0.0 0.0 0.0
0.0 0.0 0.0
0.0 0.0 0.0
0.0 0.0 0.0
0.0 0.0 0.0
0.0 0.0 0.0
0.0 0.0 0.0
0.0 0.0 0.0
0.0 0.0 0.0
0.0 0.0 0.0
0.0 0.0 0.0
0.0 0.0 0.0
0.0 0.0 0.0
0.0 0.0 0.0
0.0 0.0 0.0
0.0 0.0 0.0
0.0 0.0 0.0
0.0 0.0 0.0
0.0 0.0 0.0
0.0 0.0 0.0
0.0 0.0 0.0
0.0 0.0 0.0
0.0 0.0 0.0
0.0 0.0 0.0
0.0 0.0 0.0
0.0 0.0 0.0
0.0 0.0 0.0
0.0 0.0 0.0
0.0 0.0 0.0
0.0 0.0 0.0
0.0 0.0 0.0
0.0 0.0 0.0
0.0 0.0 0.0
0.0 0.0 0.0
0.0 0.0 0.0
0.0 0.0 0.0
0.0 0.0 0.0
0.0 0.0 0.0
0.0 0.0 0.0
0.0 0.0 0.0
0.0 0.0 0.0
0.0 0.0 0.0
0.0 0.0 0.0
0.0 0.0 0.0
0.0 0.0 0.0
0.0 0.0 0.0
0.0 0.0 0.0
0.0 0.0 0.0
0.0 0.0 0.0
0.0 0.0 0.0
0.0 0.0 0.0
0.0 0.0 0.0
0.0 0.0 0.0
0.0 0.0 0.0
0.0 0.0 0.0
0.0 0.0 0.0
0.0 0.0 0.0
0.0 0.0 0.0
0.0 0.0 0.0
0.0 0.0 0.0
0.0 0.0 0.0
0.0 0.0 0.0
0.0 0.0 0.0
0.0 0.0 0.0
0.0 0.0 0.0
0.0 0.0 0.0
0.0 0.0 0.0
0.0 0.0 0.0
0.0 0.0 0.0
0.0 0.0 0.0
0.0 0.0 0.0
0.0 0.0 0.0
0.0 0.0 0.0
0.0 0.0 0.0
0.0 0.0 0.0
0.0 0.0 0.0
0.0 0.0 0.0
0.0 0.0 0.0
0.0 0.0 0.0
0.0 0.0 0.0
0.0 0.0 0.0
0.0 0.0 0.0
0.0 0.0 0.0
0.0 0.0 0.0
0.0 0.0 0.0
0.0 0.0 0.0
0.0 0.0 0.0
0.0 0.0 0.0
0.0 0.0 0.0
0.0 0.0 0.0
0.0 0.0 0.0
0.0 0.0 0.0
0.0 0.0 0.0
0.0 0.0 0.0
0.0 0.0 0.0
0.0 0.0 0.0
0.0 0.0 0.0
0.0 0.0 0.0
0.0 0.0 0.0
0.0 0.0 0.0
0.0 0.0 0.0
0.0 0.0 0.0
0.0 0.0 0.0
0.0 0.0 0.0
0.0 0.0 0.0
0.0 0.0 0.0
0.0 0.0 0.0
0.0 0.0 0.0
0.0 0.0 0.0
0.0 0.0 0.0
0.0 0.0 0.0
0.0 0.0 0.0
0.0 0.0 0.0
0.0 0.0 0.0
0.0 0.0 0.0
0.0 0.0 0.0
0.0 0.0 0.0
0.0 0.0 0.0
0.0 0.0 0.0
0.0 0.0 0.0
0.0 0.0 0.0
0.0 0.0 0.0
0.0 0.0 0.0
0.0 0.0 0.0
0.0 0.0 0.0
0.0 0.0 0.0
0.0 0.0 0.0
0.0 0.0 0.0
0.0 0.0 0.0
0.0 0.0 0.0
0.0 0.0 0.0
0.0 0.0 0.0
0.0 0.0 0.0
0.0 0.0 0.0
0.0 0.0 0.0
0.0 0.0 0.0
0.0 0.0 0.0
0.0 0.0 0.0
0.0 0.0 0.0
0.0 0.0 0.0
0.0 0.0 0.0
0.0 0.0 0.0
0.0 0.0 0.0
0.0 0.0 0.0
0.0 0.0 0.0
0.0 0.0 0.0
0.0 0.0 0.0
0.0 0.0 0.0
0.0 0.0 0.0
0.0 0.0 0.0
0.0 0.0 0.0
0.0 0.0 0.0
0.0 0.0 0.0
0.0 0.0 0.0
0.0 0.0 0.0
0.0 0.0 0.0
0.0 0.0 0.0
0.0 0.0 0.0
0.0 0.0 0.0
0.0 0.0 0.0
0.0 0.0 0.0
0.0 0.0 0.0
0.0 0.0 0.0
0.0 0.0 0.0
0.0 0.0 0.0
0.0 0.0 0.0
0.0 0.0 0.0
0.0 0.0 0.0
0.0 0.0 0.0
0.0 0.0 0.0
0.0 0.0 0.0
0.0 0.0 0.0
0.0 0.0 0.0
0.0 0.0 0.0
0.0 0.0 0.0
0.0 0.0 0.0
0.0 0.0 0.0
0.0 0.0 0.0
0.0 0.0 0.0
0.0 0.0 0.0
0.0 0.0 0.0
0.0 0.0 0.0
0.0 0.0 0.0
0.0 0.0 0.0
0.0 0.0 0.0
0.0 0.0 0.0
0.0 0.0 0.0
0.0 0.0 0.0
0.0 0.0 0.0
0.0 0.0 0.0
0.0 0.0 0.0
0.0 0.0 0.0
0.0 0.0 0.0
0.0 0.0 0.0
0.0 0.0 0.0
0.0 0.0 0.0
0.0 0.0 0.0
0.0 0.0 0.0
0.0 0.0 0.0
0.0 0.0 0.0
0.0 0.0 0.0
0.0 0.0 0.0
0.0 0.0 0.0
0.0 0.0 0.0
0.0 0.0 0.0
0.0 0.0 0.0
0.0 0.0 0.0
0.0 0.0 0.0
0.0 0.0 0.0
0.0 0.0 0.0
0.0 0.0 0.0
0.0 0.0 0.0
0.0 0.0 0.0
0.0 0.0 0.0
0.0 0.0 0.0
0.0 0.0 0.0
0.0 0.0 0.0
0.0 0.0 0.0
0.0 0.0 0.0
0.0 0.0 0.0
0.0 0.0 0.0
0.0 0.0 0.0
0.0 0.0 0.0
0.0 0.0 0.0
0.0 0.0 0.0
0.0 0.0 0.0
0.0 0.0 0.0
0.0 0.0 0.0
0.0 0.0 0.0
0.0 0.0 0.0
0.0 0.0 0.0
0.0 0.0 0.0
0.0 0.0 0.0
0.0 0.0 0.0
0.0 0.0 0.0
0.0 0.0 0.0
0.0 0.0 0.0
0.0 0.0 0.0
0.0 0.0 0.0
0.0 0.0 0.0
0.0 0.0 0.0
0.0 0.0 0.0
0.0 0.0 0.0
0.0 0.0 0.0
0.0 0.0 0.0
0.0 0.0 0.0
0.0 0.0 0.0
0.0 0.0 0.0
0.0 0.0 0.0
0.0 0.0 0.0
0.0 0.0 0.0
0.0 0.0 0.0
0.0 0.0 0.0
0.0 0.0 0.0
0.0 0.0 0.0
0.0 0.0 0.0
0.0 0.0 0.0
0.0 0.0 0.0
0.0 0.0 0.0
0.0 0.0 0.0
0.0 0.0 0.0
0.0 0.0 0.0
0.0 0.0 0.0
0.0 0.0 0.0
0.0 0.0 0.0
0.0 0.0 0.0
0.0 0.0 0.0
0.0 0.0 0.0
0.0 0.0 0.0
0.0 0.0 0.0
0.0 0.0 0.0
0.0 0.0 0.0
0.0 0.0 0.0
0.0 0.0 0.0
0.0 0.0 0.0
0.0 0.0 0.0
0.0 0.0 0.0
0.0 0.0 0.0
0.0 0.0 0.0
0.0 0.0 0.0
0.0 0.0 0.0
0.0 0.0 0.0
0.0 0.0 0.0
0.0 0.0 0.0
0.0 0.0 0.0
0.0 0.0 0.0
0.0 0.0 0.0
0.0 0.0 0.0
5340693.050 0.008
5327804.143 0.008
5314909.936 0.008
5302010.443 0.008
5289105.676 0.008
5276195.648 0.008
5263280.371 0.008
5250359.860 0.009
5237434.125 0.009
5224503.181 0.009
5211567.041 0.009
5198625.716 0.009
5185679.220 0.009
5172727.567 0.009
5159770.768 0.009
5146808.836 0.009
5133841.785 0.009
5120869.628 0.009
5107892.376 0.009
5094910.044 0.009
5081922.644 0.009
5068930.189 0.009
5055932.692 0.009
5042930.166 0.009
5029922.624 0.009
5016910.079 0.009
5003892.543 0.009
4990870.030 0.009
4977842.553 0.009
4964810.124 0.010
4951772.757 0.010
4938730.464 0.010
4925683.259 0.010
4912631.154 0.010
4899574.162 0.010
4886512.298 0.010
4873445.572 0.010
4860373.999 0.010
4847297.591 0.010
4834216.362 0.010
4821130.324 0.010
4808039.491 0.010
4794943.875 0.010
4781843.490 0.010
4768738.348 0.010
4755628.463 0.010
4742513.847 0.010
4729394.514 0.010
4716270.477 0.011
4703141.749 0.011
4690008.342 0.011
4676870.270 0.011
4663727.547 0.011
4650580.184 0.011
4637428.195 0.011
4624271.594 0.011
4611110.393 0.011
4597944.605 0.011
4584774.244 0.011
4571599.322 0.011
4558419.853 0.011
4545235.850 0.011
4532047.325 0.011
4518854.293 0.011
4505656.766 0.012
4492454.757 0.012
4479248.279 0.012
4466037.346 0.012
4452821.971 0.012
4439602.166 0.012
4426377.946 0.012
4413149.323 0.012
4399916.310 0.012
4386678.920 0.012
4373437.167 0.012
4360191.064 0.012
4346940.623 0.012
4333685.859 0.012
4320426.784 0.013
4307163.412 0.013
4293895.756 0.013
4280623.828 0.013
4267347.642 0.013
4254067.212 0.013
4240782.551 0.013
4227493.671 0.013
4214200.586 0.013
4200903.309 0.013
4187601.853 0.013
4174296.233 0.013
4160986.460 0.014
4147672.548 0.014
4134354.511 0.014
4121032.361 0.014
4107706.112 0.014
4094375.777 0.014
4081041.370 0.014
4067702.903 0.014
4054360.390 0.014
4041013.844 0.014
4027663.279 0.014
4014308.707 0.015
4000950.143 0.015
3987587.599 0.015
3974221.088 0.015
3960850.624 0.015
3947476.221 0.015
3934097.891 0.015
3920715.647 0.015
3907329.504 0.015
3893939.475 0.015
3880545.572 0.016
3867147.809 0.016
3853746.199 0.016
3840340.757 0.016
3826931.494 0.016
3813518.425 0.016
3800101.562 0.016
3786680.919 0.016
3773256.510 0.016
3759828.348 0.017
3746396.446 0.017
3732960.817 0.017
3719521.476 0.017
3706078.434 0.017
3692631.706 0.017
3679181.306 0.017
3665727.245 0.017
3652269.538 0.017
3638808.199 0.018
3625343.240 0.018
3611874.674 0.018
3598402.516 0.018
3584926.779 0.018
3571447.476 0.018
3557964.621 0.018
3544478.226 0.019
3530988.306 0.019
3517494.874 0.019
3503997.942 0.019
3490497.526 0.019
3476993.637 0.019
3463486.290 0.019
3449975.498 0.020
3436461.274 0.020
3422943.632 0.020
3409422.585 0.020
3395898.147 0.020
3382370.331 0.020
3368839.151 0.021
3355304.619 0.021
3341766.751 0.021
3328225.558 0.021
3314681.055 0.021
3301133.254 0.021
3287582.170 0.022
3274027.816 0.022
3260470.205 0.022
3246909.352 0.022
3233345.268 0.022
3219777.968 0.022
3206207.466 0.023
3192633.775 0.023
3179056.907 0.023
3165476.878 0.023
3151893.700 0.023
3138307.387 0.024
3124717.952 0.024
3111125.409 0.024
3097529.772 0.024
3083931.053 0.024
3070329.267 0.025
3056724.427 0.025
3043116.546 0.025
3029505.639 0.025
3015891.718 0.026
3002274.797 0.026
2988654.890 0.026
2975032.010 0.026
2961406.170 0.026
2947777.386 0.027
2934145.669 0.027
2920511.033 0.027
2906873.493 0.027
2893233.061 0.028
2879589.751 0.028
2865943.577 0.028
2852294.552 0.029
2838642.690 0.029
2824988.005 0.029
2811330.509 0.029
2797670.217 0.030
2784007.143 0.030
2770341.299 0.030
2756672.699 0.030
2743001.358 0.031
2729327.288 0.031
2715650.503 0.031
2701971.017 0.032
2688288.843 0.032
2674603.996 0.032
2660916.488 0.033
2647226.333 0.033
2633533.545 0.033
2619838.137 0.034
2606140.124 0.034
2592439.518 0.034
2578736.334 0.035
2565030.584 0.035
2551322.284 0.036
2537611.445 0.036
2523898.082 0.036
2510182.209 0.037
2496463.839 0.037
2482742.986 0.037
2469019.663 0.038
2455293.884 0.038
2441565.663 0.039
2427835.014 0.039
2414101.949 0.040
2400366.484 0.040
2386628.630 0.040
2372888.403 0.041
2359145.815 0.041
2345400.881 0.042
2331653.614 0.042
2317904.027 0.043
2304152.135 0.043
2290397.951 0.044
2276641.489 0.044
2262882.763 0.045
2249121.785 0.045
2235358.570 0.046
2221593.132 0.047
2207825.484 0.047
2194055.640 0.048
2180283.613 0.048
2166509.418 0.049
2152733.068 0.049
2138954.576 0.050
2125173.957 0.051
2111391.224 0.051
2097606.391 0.052
2083819.471 0.053
2070030.479 0.053
2056239.428 0.054
2042446.331 0.055
2028651.202 0.056
2014854.056 0.056
2001054.906 0.057
1987253.765 0.058
1973450.648 0.059
1959645.567 0.059
1945838.537 0.060
1932029.572 0.061
1918218.685 0.062
1904405.890 0.063
1890591.201 0.064
1876774.631 0.065
1862956.194 0.066
1849135.905 0.066
1835313.776 0.067
1821489.821 0.068
1807664.055 0.069
1793836.490 0.070
1780007.141 0.072
1766176.022 0.073
1752343.146 0.074
1738508.527 0.075
1724672.178 0.076
1710834.114 0.077
1696994.348 0.078
1683152.895 0.080
1669309.767 0.081
1655464.978 0.082
1641618.543 0.084
1627770.475 0.085
1613920.788 0.086
1600069.496 0.088
1586216.612 0.089
1572362.150 0.091
1558506.124 0.092
1544648.548 0.094
1530789.436 0.095
1516928.801 0.097
1503066.657 0.099
1489203.017 0.101
1475337.897 0.102
1461471.309 0.104
1447603.268 0.106
1433733.786 0.108
1419862.878 0.110
1405990.558 0.112
1392116.840 0.114
1378241.737 0.116
1364365.262 0.119
1350487.431 0.121
1336608.256 0.123
1322727.752 0.126
1308845.932 0.128
1294962.811 0.131
1281078.401 0.133
1267192.717 0.136
1253305.772 0.139
1239417.581 0.142
1225528.157 0.145
1211637.514 0.148
1197745.666 0.151
1183852.626 0.154
1169958.409 0.158
1156063.028 0.161
1142166.497 0.165
1128268.830 0.168
1114370.040 0.172
1100470.143 0.176
1086569.150 0.180
1072667.077 0.184
1058763.937 0.189
1044859.743 0.193
1030954.511 0.198
1017048.253 0.203
1003140.983 0.208
989232.715 0.213
975323.464 0.218
961413.242 0.224
947502.064 0.230
933589.943 0.236
919676.894 0.242
905762.930 0.248
891848.065 0.255
877932.313 0.262
864015.688 0.269
850098.203 0.277
836179.873 0.284
822260.711 0.292
808340.731 0.301
794419.947 0.310
780498.373 0.319
766576.022 0.328
752652.909 0.338
738729.047 0.348
724804.451 0.359
710879.133 0.370
696953.109 0.381
683026.391 0.393
669098.993 0.406
655170.931 0.419
641242.216 0.432
627312.864 0.446
613382.887 0.461
599452.301 0.476
585521.118 0.492
571589.353 0.509
557657.019 0.526
543724.131 0.543
529790.701 0.562
515856.745 0.581
501922.276 0.600
487987.307 0.621
474051.853 0.642
460115.927 0.663
446179.544 0.685
432242.717 0.708
418305.460 0.730
404367.787 0.753
390429.712 0.777
376491.248 0.800
362552.410 0.823
348613.211 0.845
334673.665 0.867
320733.787 0.888
306793.589 0.908
292853.087 0.926
278912.293 0.942
264971.221 0.957
251029.886 0.969
237088.301 0.979
223146.481 0.987
209204.438 0.992
195262.188 0.996
181319.743 0.998
167377.118 0.999
153434.326 1.000
139491.382 1.000
125548.299 1.000
111605.091 1.000
97661.772 1.000
83718.356 1.000
69774.857 1.000
55831.288 1.000
41887.663 1.000
27943.998 1.000
14000.304 1.000
56.596 1.000
13887.112 1.000
27830.806 1.000
41774.472 1.000
55718.096 1.000
69661.666 1.000
83605.166 1.000
97548.583 1.000
111491.902 1.000
125435.111 1.000
139378.195 1.000
153321.141 1.000
167263.934 0.999
181206.560 0.998
195149.007 0.996
209091.259 0.992
223033.303 0.987
236975.125 0.979
250916.712 0.969
264858.049 0.957
278799.123 0.943
292739.919 0.926
306680.424 0.908
320620.624 0.888
334560.505 0.867
348500.054 0.845
362439.255 0.823
376378.097 0.800
390316.563 0.777
404254.642 0.754
418192.318 0.730
432129.579 0.708
446066.409 0.685
460002.796 0.663
473938.725 0.642
487874.183 0.621
501809.156 0.601
515743.629 0.581
529677.590 0.562
543611.023 0.544
557543.916 0.526
571476.254 0.509
585408.024 0.492
599339.212 0.476
613269.803 0.461
627199.784 0.447
641129.142 0.432
655057.861 0.419
668985.929 0.406
682913.332 0.393
696840.055 0.381
710766.085 0.370
724691.408 0.359
738616.011 0.348
752539.878 0.338
766462.997 0.328
780385.354 0.319
794306.934 0.310
808227.724 0.301
822147.711 0.292
836066.879 0.284
849985.216 0.277
863902.707 0.269
877819.339 0.262
891735.098 0.255
905649.970 0.248
919563.941 0.242
933476.997 0.236
947389.125 0.230
961300.310 0.224
975210.539 0.218
989119.799 0.213
1003028.074 0.208
1016935.351 0.203
1030841.617 0.198
1044746.857 0.193
1058651.059 0.189
1072554.207 0.184
1086456.288 0.180
1100357.289 0.176
1114257.195 0.172
1128155.993 0.168
1142053.668 0.165
1155950.208 0.161
1169845.597 0.158
1183739.823 0.154
1197632.872 0.151
1211524.729 0.148
1225415.381 0.145
1239304.814 0.142
1253193.014 0.139
1267079.968 0.136
1280965.662 0.133
1294850.081 0.131
1308733.212 0.128
1322615.041 0.126
1336495.555 0.123
1350374.739 0.121
1364252.580 0.119
1378129.064 0.116
1392004.178 0.114
1405877.906 0.112
1419750.236 0.110
1433621.154 0.108
1447490.646 0.106
1461358.698 0.104
1475225.296 0.102
1489090.427 0.101
1502954.076 0.099
1516816.231 0.097
1530676.876 0.095
1544536.000 0.094
1558393.586 0.092
1572249.623 0.091
1586104.096 0.089
1599956.991 0.088
1613808.294 0.086
1627657.992 0.085
1641506.071 0.084
1655352.517 0.082
1669197.317 0.081
1683040.456 0.080
1696881.921 0.078
1710721.698 0.077
1724559.774 0.076
1738396.134 0.075
1752230.764 0.074
1766063.652 0.073
1779894.783 0.072
1793724.143 0.070
1807551.720 0.069
1821377.498 0.068
1835201.464 0.067
1849023.605 0.066
1862843.907 0.066
1876662.355 0.065
1890478.937 0.064
1904293.639 0.063
1918106.446 0.062
1931917.345 0.061
1945726.322 0.060
1959533.364 0.059
1973338.457 0.059
1987141.586 0.058
2000942.739 0.057
2014741.902 0.056
2028539.061 0.056
2042334.201 0.055
2056127.311 0.054
2069918.374 0.053
2083707.379 0.053
2097494.311 0.052
2111279.157 0.051
2125061.903 0.051
2138842.534 0.050
2152621.038 0.049
2166397.401 0.049
2180171.609 0.048
2193943.648 0.048
2207713.505 0.047
2221481.165 0.047
2235246.616 0.046
2249009.844 0.045
2262770.834 0.045
2276529.573 0.044
2290286.048 0.044
2304040.245 0.043
2317792.149 0.043
2331541.749 0.042
2345289.028 0.042
2359033.975 0.041
2372776.576 0.041
2386516.816 0.040
2400254.682 0.040
2413990.160 0.040
2427723.237 0.039
2441453.900 0.039
2455182.133 0.038
2468907.925 0.038
2482631.260 0.037
2496352.126 0.037
2510070.509 0.037
2523786.394 0.036
2537499.770 0.036
2551210.621 0.036
2564918.934 0.035
2578624.696 0.035
2592327.893 0.034
2606028.511 0.034
2619726.537 0.034
2633421.957 0.033
2647114.757 0.033
2660804.924 0.033
2674492.445 0.032
2688177.305 0.032
2701859.491 0.032
2715538.989 0.031
2729215.786 0.031
2742889.868 0.031
2756561.222 0.030
2770229.833 0.030
2783895.689 0.030
2797558.776 0.030
2811219.080 0.029
2824876.587 0.029
2838531.284 0.029
2852183.158 0.029
2865832.194 0.028
2879478.380 0.028
2893121.702 0.028
2906762.145 0.027
2920399.697 0.027
2934034.344 0.027
2947666.072 0.027
2961294.869 0.026
2974920.719 0.026
2988543.610 0.026
3002163.528 0.026
3015780.460 0.026
3029394.392 0.025
3043005.311 0.025
3056613.202 0.025
3070218.053 0.025
3083819.850 0.024
3097418.579 0.024
3111014.227 0.024
3124606.780 0.024
3138196.225 0.024
3151782.549 0.023
3165365.737 0.023
3178945.777 0.023
3192522.654 0.023
3206096.355 0.023
3219666.867 0.022
3233234.177 0.022
3246798.270 0.022
3260359.133 0.022
3273916.753 0.022
3287471.117 0.022
3301022.210 0.021
3314570.019 0.021
3328114.531 0.021
3341655.733 0.021
3355193.610 0.021
3368728.150 0.021
3382259.339 0.020
3395787.164 0.020
3409311.610 0.020
3422832.665 0.020
3436350.315 0.020
3449864.547 0.020
3463375.346 0.019
3476882.701 0.019
3490386.597 0.019
3503887.021 0.019
3517383.960 0.019
3530877.399 0.019
3544367.326 0.019
3557853.728 0.018
3571336.590 0.018
3584815.899 0.018
3598291.643 0.018
3611763.807 0.018
3625232.378 0.018
3638697.343 0.018
3652158.689 0.017
3665616.401 0.017
3679070.467 0.017
3692520.873 0.017
3705967.606 0.017
3719410.652 0.017
3732849.999 0.017
3746285.632 0.017
3759717.539 0.017
3773145.705 0.016
3786570.118 0.016
3799990.765 0.016
3813407.631 0.016
3826820.704 0.016
3840229.970 0.016
3853635.416 0.016
3867037.028 0.016
3880434.794 0.016
3893828.699 0.015
3907218.731 0.015
3920604.877 0.015
3933987.122 0.015
3947365.454 0.015
3960739.859 0.015
3974110.324 0.015
3987476.836 0.015
4000839.381 0.015
4014197.946 0.015
4027552.519 0.014
4040903.084 0.014
4054249.630 0.014
4067592.143 0.014
4080930.609 0.014
4094265.016 0.014
4107595.350 0.014
4120921.598 0.014
4134243.747 0.014
4147561.783 0.014
4160875.693 0.014
4174185.464 0.013
4187491.082 0.013
4200792.535 0.013
4214089.809 0.013
4227382.891 0.013
4240671.768 0.013
4253956.426 0.013
4267236.853 0.013
4280513.034 0.013
4293784.958 0.013
4307052.610 0.013
4320315.977 0.013
4333575.047 0.012
4346829.806 0.012
4360080.241 0.012
4373326.338 0.012
4386568.085 0.012
4399805.469 0.012
4413038.475 0.012
4426267.092 0.012
4439491.305 0.012
4452711.102 0.012
4465926.469 0.012
4479137.394 0.012
4492343.864 0.012
4505545.864 0.012
4518743.382 0.011
4531936.405 0.011
4545124.920 0.011
4558308.913 0.011
4571488.372 0.011
4584663.284 0.011
4597833.634 0.011
4610999.411 0.011
4624160.600 0.011
4637317.190 0.011
4650469.167 0.011
4663616.517 0.011
4676759.228 0.011
4689897.287 0.011
4703030.680 0.011
4716159.395 0.011
4729283.418 0.010
4742402.737 0.010
4755517.337 0.010
4768627.208 0.010
4781732.334 0.010
4794832.703 0.010
4807928.303 0.010
4821019.120 0.010
4834105.141 0.010
4847186.353 0.010
4860262.743 0.010
4873334.298 0.010
4886401.006 0.010
4899462.852 0.010
4912519.824 0.010
4925571.910 0.010
4938619.095 0.010
4951661.368 0.010
4964698.715 0.010
4977731.123 0.009
4990758.579 0.009
5003781.070 0.009
5016798.584 0.009
5029811.107 0.009
5042818.626 0.009
5055821.129 0.009
5068818.602 0.009
5081811.033 0.009
5094798.408 0.009
5107780.715 0.009
5120757.941 0.009
5133730.073 0.009
5146697.098 0.009
5159659.003 0.009
5172615.775 0.009
5185567.401 0.009
5198513.869 0.009
5211455.165 0.009
5224391.277 0.009
5237322.192 0.009
5250247.897 0.009
5263168.379 0.008
5276083.624 0.008
5288993.622 0.008
5301898.358 0.008
5314797.819 0.008
5327691.993 0.008
5340580.867 0.008
0.0 0.0 0.0
0.0 0.0 0.0
0.0 0.0 0.0
0.0 0.0 0.0
0.0 0.0 0.0
0.0 0.0 0.0
0.0 0.0 0.0
0.0 0.0 0.0
0.0 0.0 0.0
0.0 0.0 0.0
0.0 0.0 0.0
0.0 0.0 0.0
0.0 0.0 0.0
0.0 0.0 0.0
0.0 0.0 0.0
0.0 0.0 0.0
0.0 0.0 0.0
0.0 0.0 0.0
0.0 0.0 0.0
0.0 0.0 0.0
0.0 0.0 0.0
0.0 0.0 0.0
0.0 0.0 0.0
0.0 0.0 0.0
0.0 0.0 0.0
0.0 0.0 0.0
0.0 0.0 0.0
0.0 0.0 0.0
0.0 0.0 0.0
0.0 0.0 0.0
0.0 0.0 0.0
0.0 0.0 0.0
0.0 0.0 0.0
0.0 0.0 0.0
0.0 0.0 0.0
0.0 0.0 0.0
0.0 0.0 0.0
0.0 0.0 0.0
0.0 0.0 0.0
0.0 0.0 0.0
0.0 0.0 0.0
0.0 0.0 0.0
0.0 0.0 0.0
0.0 0.0 0.0
0.0 0.0 0.0
0.0 0.0 0.0
0.0 0.0 0.0
0.0 0.0 0.0
0.0 0.0 0.0
0.0 0.0 0.0
0.0 0.0 0.0
0.0 0.0 0.0
0.0 0.0 0.0
0.0 0.0 0.0
0.0 0.0 0.0
0.0 0.0 0.0
0.0 0.0 0.0
0.0 0.0 0.0
0.0 0.0 0.0
0.0 0.0 0.0
0.0 0.0 0.0
0.0 0.0 0.0
0.0 0.0 0.0
0.0 0.0 0.0
0.0 0.0 0.0
0.0 0.0 0.0
0.0 0.0 0.0
0.0 0.0 0.0
0.0 0.0 0.0
0.0 0.0 0.0
0.0 0.0 0.0
0.0 0.0 0.0
0.0 0.0 0.0
0.0 0.0 0.0
0.0 0.0 0.0
0.0 0.0 0.0
0.0 0.0 0.0
0.0 0.0 0.0
0.0 0.0 0.0
0.0 0.0 0.0
0.0 0.0 0.0
0.0 0.0 0.0
0.0 0.0 0.0
0.0 0.0 0.0
0.0 0.0 0.0
0.0 0.0 0.0
0.0 0.0 0.0
0.0 0.0 0.0
0.0 0.0 0.0
0.0 0.0 0.0
0.0 0.0 0.0
0.0 0.0 0.0
0.0 0.0 0.0
0.0 0.0 0.0
0.0 0.0 0.0
0.0 0.0 0.0
0.0 0.0 0.0
0.0 0.0 0.0
0.0 0.0 0.0
0.0 0.0 0.0
0.0 0.0 0.0
0.0 0.0 0.0
0.0 0.0 0.0
0.0 0.0 0.0
0.0 0.0 0.0
0.0 0.0 0.0
0.0 0.0 0.0
0.0 0.0 0.0
0.0 0.0 0.0
0.0 0.0 0.0
0.0 0.0 0.0
0.0 0.0 0.0
0.0 0.0 0.0
0.0 0.0 0.0
0.0 0.0 0.0
0.0 0.0 0.0
0.0 0.0 0.0
0.0 0.0 0.0
0.0 0.0 0.0
0.0 0.0 0.0
0.0 0.0 0.0
0.0 0.0 0.0
0.0 0.0 0.0
0.0 0.0 0.0
0.0 0.0 0.0
0.0 0.0 0.0
0.0 0.0 0.0
0.0 0.0 0.0
0.0 0.0 0.0
0.0 0.0 0.0
0.0 0.0 0.0
0.0 0.0 0.0
0.0 0.0 0.0
0.0 0.0 0.0
0.0 0.0 0.0
0.0 0.0 0.0
0.0 0.0 0.0
0.0 0.0 0.0
0.0 0.0 0.0
0.0 0.0 0.0
0.0 0.0 0.0
0.0 0.0 0.0
0.0 0.0 0.0
0.0 0.0 0.0
0.0 0.0 0.0
0.0 0.0 0.0
0.0 0.0 0.0
0.0 0.0 0.0
0.0 0.0 0.0
0.0 0.0 0.0
0.0 0.0 0.0
0.0 0.0 0.0
0.0 0.0 0.0
0.0 0.0 0.0
0.0 0.0 0.0
0.0 0.0 0.0
0.0 0.0 0.0
0.0 0.0 0.0
0.0 0.0 0.0
0.0 0.0 0.0
0.0 0.0 0.0
0.0 0.0 0.0
0.0 0.0 0.0
0.0 0.0 0.0
0.0 0.0 0.0
0.0 0.0 0.0
0.0 0.0 0.0
0.0 0.0 0.0
0.0 0.0 0.0
0.0 0.0 0.0
0.0 0.0 0.0
0.0 0.0 0.0
0.0 0.0 0.0
0.0 0.0 0.0
0.0 0.0 0.0
0.0 0.0 0.0
0.0 0.0 0.0
0.0 0.0 0.0
0.0 0.0 0.0
0.0 0.0 0.0
0.0 0.0 0.0
0.0 0.0 0.0
0.0 0.0 0.0
0.0 0.0 0.0
0.0 0.0 0.0
0.0 0.0 0.0
0.0 0.0 0.0
0.0 0.0 0.0
0.0 0.0 0.0
0.0 0.0 0.0
0.0 0.0 0.0
0.0 0.0 0.0
0.0 0.0 0.0
0.0 0.0 0.0
0.0 0.0 0.0
0.0 0.0 0.0
0.0 0.0 0.0
0.0 0.0 0.0
0.0 0.0 0.0
0.0 0.0 0.0
0.0 0.0 0.0
0.0 0.0 0.0
0.0 0.0 0.0
0.0 0.0 0.0
0.0 0.0 0.0
0.0 0.0 0.0
0.0 0.0 0.0
0.0 0.0 0.0
0.0 0.0 0.0
0.0 0.0 0.0
0.0 0.0 0.0
0.0 0.0 0.0
0.0 0.0 0.0
0.0 0.0 0.0
0.0 0.0 0.0
0.0 0.0 0.0
0.0 0.0 0.0
0.0 0.0 0.0
0.0 0.0 0.0
0.0 0.0 0.0
0.0 0.0 0.0
0.0 0.0 0.0
0.0 0.0 0.0
0.0 0.0 0.0
0.0 0.0 0.0
0.0 0.0 0.0
0.0 0.0 0.0
0.0 0.0 0.0
0.0 0.0 0.0
0.0 0.0 0.0
0.0 0.0 0.0
0.0 0.0 0.0
0.0 0.0 0.0
0.0 0.0 0.0
0.0 0.0 0.0
0.0 0.0 0.0
0.0 0.0 0.0
0.0 0.0 0.0
0.0 0.0 0.0
0.0 0.0 0.0
0.0 0.0 0.0
0.0 0.0 0.0
0.0 0.0 0.0
0.0 0.0 0.0
0.0 0.0 0.0
0.0 0.0 0.0
0.0 0.0 0.0
0.0 0.0 0.0
0.0 0.0 0.0
0.0 0.0 0.0
0.0 0.0 0.0
0.0 0.0 0.0
0.0 0.0 0.0
0.0 0.0 0.0
0.0 0.0 0.0
0.0 0.0 0.0
0.0 0.0 0.0
0.0 0.0 0.0
0.0 0.0 0.0
0.0 0.0 0.0
0.0 0.0 0.0
0.0 0.0 0.0
0.0 0.0 0.0
0.0 0.0 0.0
0.0 0.0 0.0
0.0 0.0 0.0
0.0 0.0 0.0
0.0 0.0 0.0
0.0 0.0 0.0
0.0 0.0 0.0
0.0 0.0 0.0
0.0 0.0 0.0
0.0 0.0 0.0
0.0 0.0 0.0
0.0 0.0 0.0
0.0 0.0 0.0
0.0 0.0 0.0
0.0 0.0 0.0
0.0 0.0 0.0
0.0 0.0 0.0
0.0 0.0 0.0
0.0 0.0 0.0
0.0 0.0 0.0
0.0 0.0 0.0
0.0 0.0 0.0
0.0 0.0 0.0
0.0 0.0 0.0
0.0 0.0 0.0
0.0 0.0 0.0
0.0 0.0 0.0
0.0 0.0 0.0
0.0 0.0 0.0
0.0 0.0 0.0
0.0 0.0 0.0
0.0 0.0 0.0
0.0 0.0 0.0
0.0 0.0 0.0
0.0 0.0 0.0
0.0 0.0 0.0
0.0 0.0 0.0
0.0 0.0 0.0
0.0 0.0 0.0
0.0 0.0 0.0
0.0 0.0 0.0
0.0 0.0 0.0
0.0 0.0 0.0
0.0 0.0 0.0
0.0 0.0 0.0
0.0 0.0 0.0
0.0 0.0 0.0
0.0 0.0 0.0
0.0 0.0 0.0
0.0 0.0 0.0
0.0 0.0 0.0
0.0 0.0 0.0
0.0 0.0 0.0
0.0 0.0 0.0
0.0 0.0 0.0
0.0 0.0 0.0
0.0 0.0 0.0
0.0 0.0 0.0
0.0 0.0 0.0
0.0 0.0 0.0
0.0 0.0 0.0
0.0 0.0 0.0
0.0 0.0 0.0
0.0 0.0 0.0
0.0 0.0 0.0
0.0 0.0 0.0
0.0 0.0 0.0
0.0 0.0 0.0
0.0 0.0 0.0
0.0 0.0 0.0
0.0 0.0 0.0
0.0 0.0 0.0
0.0 0.0 0.0
0.0 0.0 0.0
0.0 0.0 0.0
0.0 0.0 0.0
0.0 0.0 0.0
0.0 0.0 0.0
0.0 0.0 0.0
0.0 0.0 0.0
0.0 0.0 0.0
0.0 0.0 0.0
0.0 0.0 0.0
0.0 0.0 0.0
0.0 0.0 0.0
0.0 0.0 0.0
0.0 0.0 0.0
0.0 0.0 0.0
0.0 0.0 0.0
0.0 0.0 0.0
0.0 0.0 0.0
0.0 0.0 0.0
0.0 0.0 0.0
0.0 0.0 0.0
0.0 0.0 0.0
0.0 0.0 0.0
0.0 0.0 0.0
0.0 0.0 0.0
0.0 0.0 0.0
0.0 0.0 0.0
0.0 0.0 0.0
0.0 0.0 0.0
0.0 0.0 0.0
0.0 0.0 0.0
0.0 0.0 0.0
0.0 0.0 0.0
0.0 0.0 0.0
0.0 0.0 0.0
0.0 0.0 0.0
0.0 0.0 0.0
0.0 0.0 0.0
0.0 0.0 0.0
0.0 0.0 0.0
0.0 0.0 0.0
0.0 0.0 0.0
0.0 0.0 0.0
0.0 0.0 0.0
0.0 0.0 0.0
0.0 0.0 0.0
0.0 0.0 0.0
0.0 0.0 0.0
0.0 0.0 0.0
0.0 0.0 0.0
0.0 0.0 0.0
0.0 0.0 0.0
0.0 0.0 0.0
0.0 0.0 0.0
0.0 0.0 0.0
0.0 0.0 0.0
0.0 0.0 0.0
0.0 0.0 0.0
0.0 0.0 0.0
0.0 0.0 0.0
0.0 0.0 0.0
0.0 0.0 0.0
0.0 0.0 0.0
0.0 0.0 0.0
0.0 0.0 0.0
0.0 0.0 0.0
0.0 0.0 0.0
0.0 0.0 0.0
0.0 0.0 0.0
0.0 0.0 0.0
0.0 0.0 0.0
0.0 0.0 0.0
0.0 0.0 0.0
0.0 0.0 0.0
0.0 0.0 0.0
0.0 0.0 0.0
0.0 0.0 0.0
0.0 0.0 0.0
0.0 0.0 0.0
0.0 0.0 0.0
0.0 0.0 0.0
0.0 0.0 0.0
0.0 0.0 0.0
0.0 0.0 0.0
0.0 0.0 0.0
0.0 0.0 0.0
0.0 0.0 0.0
0.0 0.0 0.0
0.0 0.0 0.0
0.0 0.0 0.0
0.0 0.0 0.0
0.0 0.0 0.0
0.0 0.0 0.0
0.0 0.0 0.0
0.0 0.0 0.0
0.0 0.0 0.0
0.0 0.0 0.0
0.0 0.0 0.0
0.0 0.0 0.0
0.0 0.0 0.0
0.0 0.0 0.0
0.0 0.0 0.0
0.0 0.0 0.0
0.0 0.0 0.0
0.0 0.0 0.0
0.0 0.0 0.0
0.0 0.0 0.0
0.0 0.0 0.0
0.0 0.0 0.0
0.0 0.0 0.0
0.0 0.0 0.0
0.0 0.0 0.0
0.0 0.0 0.0
0.0 0.0 0.0
0.0 0.0 0.0
0.0 0.0 0.0
0.0 0.0 0.0
0.0 0.0 0.0
0.0 0.0 0.0
0.0 0.0 0.0
0.0 0.0 0.0
0.0 0.0 0.0
0.0 0.0 0.0
0.0 0.0 0.0
0.0 0.0 0.0
0.0 0.0 0.0
0.0 0.0 0.0
0.0 0.0 0.0
0.0 0.0 0.0
0.0 0.0 0.0
0.0 0.0 0.0
0.0 0.0 0.0
0.0 0.0 0.0
0.0 0.0 0.0
0.0 0.0 0.0
0.0 0.0 0.0
0.0 0.0 0.0
0.0 0.0 0.0
0.0 0.0 0.0
0.0 0.0 0.0
0.0 0.0 0.0
0.0 0.0 0.0
0.0 0.0 0.0
0.0 0.0 0.0
0.0 0.0 0.0
0.0 0.0 0.0
0.0 0.0 0.0
0.0 0.0 0.0
0.0 0.0 0.0
0.0 0.0 0.0
0.0 0.0 0.0
0.0 0.0 0.0
0.0 0.0 0.0
0.0 0.0 0.0
0.0 0.0 0.0
0.0 0.0 0.0
0.0 0.0 0.0
0.0 0.0 0.0
0.0 0.0 0.0
0.0 0.0 0.0
0.0 0.0 0.0
0.0 0.0 0.0
0.0 0.0 0.0
0.0 0.0 0.0
0.0 0.0 0.0
0.0 0.0 0.0
0.0 0.0 0.0
0.0 0.0 0.0
0.0 0.0 0.0
0.0 0.0 0.0
0.0 0.0 0.0
0.0 0.0 0.0
0.0 0.0 0.0
0.0 0.0 0.0
0.0 0.0 0.0
0.0 0.0 0.0
0.0 0.0 0.0
0.0 0.0 0.0
0.0 0.0 0.0
0.0 0.0 0.0
0.0 0.0 0.0
0.0 0.0 0.0
0.0 0.0 0.0
0.0 0.0 0.0
0.0 0.0 0.0
0.0 0.0 0.0
0.0 0.0 0.0
0.0 0.0 0.0
0.0 0.0 0.0
0.0 0.0 0.0
0.0 0.0 0.0
0.0 0.0 0.0
0.0 0.0 0.0
0.0 0.0 0.0
0.0 0.0 0.0
0.0 0.0 0.0
0.0 0.0 0.0
0.0 0.0 0.0
0.0 0.0 0.0
0.0 0.0 0.0
0.0 0.0 0.0
0.0 0.0 0.0
0.0 0.0 0.0
0.0 0.0 0.0
0.0 0.0 0.0
0.0 0.0 0.0
0.0 0.0 0.0
0.0 0.0 0.0
0.0 0.0 0.0
0.0 0.0 0.0
0.0 0.0 0.0
0.0 0.0 0.0
0.0 0.0 0.0
0.0 0.0 0.0
0.0 0.0 0.0
0.0 0.0 0.0
0.0 0.0 0.0
0.0 0.0 0.0
0.0 0.0 0.0
0.0 0.0 0.0
0.0 0.0 0.0
0.0 0.0 0.0
0.0 0.0 0.0
0.0 0.0 0.0
0.0 0.0 0.0
0.0 0.0 0.0
0.0 0.0 0.0
0.0 0.0 0.0
0.0 0.0 0.0
0.0 0.0 0.0
0.0 0.0 0.0
0.0 0.0 0.0
0.0 0.0 0.0
0.0 0.0 0.0
0.0 0.0 0.0
0.0 0.0 0.0
0.0 0.0 0.0
0.0 0.0 0.0
0.0 0.0 0.0
0.0 0.0 0.0
0.0 0.0 0.0
0.0 0.0 0.0
0.0 0.0 0.0
0.0 0.0 0.0
0.0 0.0 0.0
0.0 0.0 0.0
0.0 0.0 0.0
0.0 0.0 0.0
0.0 0.0 0.0
0.0 0.0 0.0
0.0 0.0 0.0
0.0 0.0 0.0
0.0 0.0 0.0
0.0 0.0 0.0
0.0 0.0 0.0
0.0 0.0 0.0
0.0 0.0 0.0
0.0 0.0 0.0
0.0 0.0 0.0
0.0 0.0 0.0
0.0 0.0 0.0
0.0 0.0 0.0
0.0 0.0 0.0
0.0 0.0 0.0
0.0 0.0 0.0
0.0 0.0 0.0
0.0 0.0 0.0
0.0 0.0 0.0
0.0 0.0 0.0
0.0 0.0 0.0
0.0 0.0 0.0
0.0 0.0 0.0
0.0 0.0 0.0
0.0 0.0 0.0
0.0 0.0 0.0
0.0 0.0 0.0
0.0 0.0 0.0
0.0 0.0 0.0
0.0 0.0 0.0
0.0 0.0 0.0
0.0 0.0 0.0
0.0 0.0 0.0
0.0 0.0 0.0
0.0 0.0 0.0
0.0 0.0 0.0
0.0 0.0 0.0
0.0 0.0 0.0
0.0 0.0 0.0
0.0 0.0 0.0
0.0 0.0 0.0
0.0 0.0 0.0
0.0 0.0 0.0
0.0 0.0 0.0
0.0 0.0 0.0
0.0 0.0 0.0
0.0 0.0 0.0
0.0 0.0 0.0
0.0 0.0 0.0
0.0 0.0 0.0
0.0 0.0 0.0
0.0 0.0 0.0
0.0 0.0 0.0
0.0 0.0 0.0
0.0 0.0 0.0
0.0 0.0 0.0
0.0 0.0 0.0
0.0 0.0 0.0
0.0 0.0 0.0
0.0 0.0 0.0
0.0 0.0 0.0
0.0 0.0 0.0
0.0 0.0 0.0
0.0 0.0 0.0
0.0 0.0 0.0
0.0 0.0 0.0
0.0 0.0 0.0
0.0 0.0 0.0
0.0 0.0 0.0
0.0 0.0 0.0
0.0 0.0 0.0
0.0 0.0 0.0
0.0 0.0 0.0
0.0 0.0 0.0
0.0 0.0 0.0
0.0 0.0 0.0
0.0 0.0 0.0
0.0 0.0 0.0
0.0 0.0 0.0
0.0 0.0 0.0
0.0 0.0 0.0
0.0 0.0 0.0
0.0 0.0 0.0
0.0 0.0 0.0
0.0 0.0 0.0
0.0 0.0 0.0
0.0 0.0 0.0
0.0 0.0 0.0
0.0 0.0 0.0
0.0 0.0 0.0
0.0 0.0 0.0
0.0 0.0 0.0
0.0 0.0 0.0
0.0 0.0 0.0
0.0 0.0 0.0
0.0 0.0 0.0
0.0 0.0 0.0
0.0 0.0 0.0
0.0 0.0 0.0
0.0 0.0 0.0
0.0 0.0 0.0
0.0 0.0 0.0
0.0 0.0 0.0
0.0 0.0 0.0
0.0 0.0 0.0
0.0 0.0 0.0
0.0 0.0 0.0
0.0 0.0 0.0
0.0 0.0 0.0
0.0 0.0 0.0
0.0 0.0 0.0
0.0 0.0 0.0
0.0 0.0 0.0
0.0 0.0 0.0
0.0 0.0 0.0
0.0 0.0 0.0
0.0 0.0 0.0
0.0 0.0 0.0
0.0 0.0 0.0
0.0 0.0 0.0
0.0 0.0 0.0
0.0 0.0 0.0
0.0 0.0 0.0
0.0 0.0 0.0
0.0 0.0 0.0
0.0 0.0 0.0
0.0 0.0 0.0
0.0 0.0 0.0
0.0 0.0 0.0
0.0 0.0 0.0
0.0 0.0 0.0
0.0 0.0 0.0
0.0 0.0 0.0
0.0 0.0 0.0
0.0 0.0 0.0
0.0 0.0 0.0
0.0 0.0 0.0
0.0 0.0 0.0
0.0 0.0 0.0
0.0 0.0 0.0
0.0 0.0 0.0
0.0 0.0 0.0
0.0 0.0 0.0
0.0 0.0 0.0
0.0 0.0 0.0
0.0 0.0 0.0
0.0 0.0 0.0
0.0 0.0 0.0
0.0 0.0 0.0
0.0 0.0 0.0
0.0 0.0 0.0
0.0 0.0 0.0
0.0 0.0 0.0
0.0 0.0 0.0
0.0 0.0 0.0
0.0 0.0 0.0
0.0 0.0 0.0
0.0 0.0 0.0
0.0 0.0 0.0
0.0 0.0 0.0
0.0 0.0 0.0
0.0 0.0 0.0
0.0 0.0 0.0
0.0 0.0 0.0
0.0 0.0 0.0
0.0 0.0 0.0
0.0 0.0 0.0
0.0 0.0 0.0
0.0 0.0 0.0
0.0 0.0 0.0
0.0 0.0 0.0
0.0 0.0 0.0
0.0 0.0 0.0
0.0 0.0 0.0
0.0 0.0 0.0
0.0 0.0 0.0
0.0 0.0 0.0
0.0 0.0 0.0
0.0 0.0 0.0
0.0 0.0 0.0
0.0 0.0 0.0
0.0 0.0 0.0
0.0 0.0 0.0
0.0 0.0 0.0
0.0 0.0 0.0
0.0 0.0 0.0
0.0 0.0 0.0
0.0 0.0 0.0
0.0 0.0 0.0
0.0 0.0 0.0
0.0 0.0 0.0
0.0 0.0 0.0
0.0 0.0 0.0
0.0 0.0 0.0
0.0 0.0 0.0
0.0 0.0 0.0
0.0 0.0 0.0
0.0 0.0 0.0
0.0 0.0 0.0
0.0 0.0 0.0
0.0 0.0 0.0
0.0 0.0 0.0
0.0 0.0 0.0
0.0 0.0 0.0
0.0 0.0 0.0
0.0 0.0 0.0
0.0 0.0 0.0
0.0 0.0 0.0
0.0 0.0 0.0
0.0 0.0 0.0
0.0 0.0 0.0
0.0 0.0 0.0
0.0 0.0 0.0
0.0 0.0 0.0
0.0 0.0 0.0
0.0 0.0 0.0
0.0 0.0 0.0
0.0 0.0 0.0
0.0 0.0 0.0
0.0 0.0 0.0
0.0 0.0 0.0
0.0 0.0 0.0
0.0 0.0 0.0
0.0 0.0 0.0
0.0 0.0 0.0
0.0 0.0 0.0
0.0 0.0 0.0
0.0 0.0 0.0
0.0 0.0 0.0
0.0 0.0 0.0
0.0 0.0 0.0
0.0 0.0 0.0
0.0 0.0 0.0
0.0 0.0 0.0
0.0 0.0 0.0
0.0 0.0 0.0
0.0 0.0 0.0
0.0 0.0 0.0
0.0 0.0 0.0
0.0 0.0 0.0
0.0 0.0 0.0
0.0 0.0 0.0
0.0 0.0 0.0
0.0 0.0 0.0
0.0 0.0 0.0
0.0 0.0 0.0
0.0 0.0 0.0
0.0 0.0 0.0
0.0 0.0 0.0
0.0 0.0 0.0
0.0 0.0 0.0
0.0 0.0 0.0
0.0 0.0 0.0
0.0 0.0 0.0
0.0 0.0 0.0
0.0 0.0 0.0
0.0 0.0 0.0
0.0 0.0 0.0
0.0 0.0 0.0
0.0 0.0 0.0
0.0 0.0 0.0
0.0 0.0 0.0
0.0 0.0 0.0
0.0 0.0 0.0
0.0 0.0 0.0
0.0 0.0 0.0
0.0 0.0 0.0
0.0 0.0 0.0
0.0 0.0 0.0
0.0 0.0 0.0
0.0 0.0 0.0
0.0 0.0 0.0
0.0 0.0 0.0
0.0 0.0 0.0
0.0 0.0 0.0
0.0 0.0 0.0
0.0 0.0 0.0
0.0 0.0 0.0
0.0 0.0 0.0
0.0 0.0 0.0
0.0 0.0 0.0
0.0 0.0 0.0
0.0 0.0 0.0
0.0 0.0 0.0
0.0 0.0 0.0
0.0 0.0 0.0
0.0 0.0 0.0
0.0 0.0 0.0
0.0 0.0 0.0
0.0 0.0 0.0
0.0 0.0 0.0
0.0 0.0 0.0
0.0 0.0 0.0
0.0 0.0 0.0
0.0 0.0 0.0
0.0 0.0 0.0
0.0 0.0 0.0
0.0 0.0 0.0
0.0 0.0 0.0
0.0 0.0 0.0
0.0 0.0 0.0
0.0 0.0 0.0
0.0 0.0 0.0
0.0 0.0 0.0
0.0 0.0 0.0
0.0 0.0 0.0
0.0 0.0 0.0
0.0 0.0 0.0
0.0 0.0 0.0
0.0 0.0 0.0
0.0 0.0 0.0
0.0 0.0 0.0
0.0 0.0 0.0
0.0 0.0 0.0
0.0 0.0 0.0
0.0 0.0 0.0
0.0 0.0 0.0
0.0 0.0 0.0
0.0 0.0 0.0
0.0 0.0 0.0
0.0 0.0 0.0
0.0 0.0 0.0
0.0 0.0 0.0
0.0 0.0 0.0
0.0 0.0 0.0
0.0 0.0 0.0
0.0 0.0 0.0
0.0 0.0 0.0
0.0 0.0 0.0
0.0 0.0 0.0
0.0 0.0 0.0
0.0 0.0 0.0
0.0 0.0 0.0
0.0 0.0 0.0
0.0 0.0 0.0
0.0 0.0 0.0
0.0 0.0 0.0
0.0 0.0 0.0
0.0 0.0 0.0
0.0 0.0 0.0
0.0 0.0 0.0
0.0 0.0 0.0
0.0 0.0 0.0
0.0 0.0 0.0
0.0 0.0 0.0
0.0 0.0 0.0
0.0 0.0 0.0
0.0 0.0 0.0
0.0 0.0 0.0
0.0 0.0 0.0
0.0 0.0 0.0
0.0 0.0 0.0
0.0 0.0 0.0
0.0 0.0 0.0
0.0 0.0 0.0
0.0 0.0 0.0
0.0 0.0 0.0
0.0 0.0 0.0
0.0 0.0 0.0
0.0 0.0 0.0
0.0 0.0 0.0
0.0 0.0 0.0
0.0 0.0 0.0
0.0 0.0 0.0
0.0 0.0 0.0
0.0 0.0 0.0
0.0 0.0 0.0
0.0 0.0 0.0
0.0 0.0 0.0
0.0 0.0 0.0
0.0 0.0 0.0
0.0 0.0 0.0
0.0 0.0 0.0
0.0 0.0 0.0
0.0 0.0 0.0
0.0 0.0 0.0
0.0 0.0 0.0
0.0 0.0 0.0
0.0 0.0 0.0
0.0 0.0 0.0
0.0 0.0 0.0
0.0 0.0 0.0
0.0 0.0 0.0
0.0 0.0 0.0
0.0 0.0 0.0
0.0 0.0 0.0
0.0 0.0 0.0
0.0 0.0 0.0
0.0 0.0 0.0
0.0 0.0 0.0
0.0 0.0 0.0
0.0 0.0 0.0
0.0 0.0 0.0
0.0 0.0 0.0
0.0 0.0 0.0
0.0 0.0 0.0
0.0 0.0 0.0
0.0 0.0 0.0
0.0 0.0 0.0
0.0 0.0 0.0
0.0 0.0 0.0
0.0 0.0 0.0
0.0 0.0 0.0
0.0 0.0 0.0
0.0 0.0 0.0
0.0 0.0 0.0
0.0 0.0 0.0
0.0 0.0 0.0
0.0 0.0 0.0
0.0 0.0 0.0
0.0 0.0 0.0
0.0 0.0 0.0
0.0 0.0 0.0
0.0 0.0 0.0
0.0 0.0 0.0
0.0 0.0 0.0
0.0 0.0 0.0
0.0 0.0 0.0
0.0 0.0 0.0
0.0 0.0 0.0
0.0 0.0 0.0
0.0 0.0 0.0
0.0 0.0 0.0
0.0 0.0 0.0
0.0 0.0 0.0
0.0 0.0 0.0
0.0 0.0 0.0
0.0 0.0 0.0
0.0 0.0 0.0
0.0 0.0 0.0
0.0 0.0 0.0
0.0 0.0 0.0
0.0 0.0 0.0
0.0 0.0 0.0
0.0 0.0 0.0
0.0 0.0 0.0
0.0 0.0 0.0
0.0 0.0 0.0
0.0 0.0 0.0
0.0 0.0 0.0
0.0 0.0 0.0
0.0 0.0 0.0
0.0 0.0 0.0
0.0 0.0 0.0
0.0 0.0 0.0
0.0 0.0 0.0
0.0 0.0 0.0
0.0 0.0 0.0
0.0 0.0 0.0
0.0 0.0 0.0
0.0 0.0 0.0
0.0 0.0 0.0
0.0 0.0 0.0
0.0 0.0 0.0
0.0 0.0 0.0
0.0 0.0 0.0
0.0 0.0 0.0
0.0 0.0 0.0
0.0 0.0 0.0
0.0 0.0 0.0
0.0 0.0 0.0
0.0 0.0 0.0
0.0 0.0 0.0
0.0 0.0 0.0
0.0 0.0 0.0
0.0 0.0 0.0
0.0 0.0 0.0
0.0 0.0 0.0
0.0 0.0 0.0
0.0 0.0 0.0
0.0 0.0 0.0
0.0 0.0 0.0
0.0 0.0 0.0
0.0 0.0 0.0
0.0 0.0 0.0
0.0 0.0 0.0
0.0 0.0 0.0
0.0 0.0 0.0
0.0 0.0 0.0
0.0 0.0 0.0
0.0 0.0 0.0
0.0 0.0 0.0
0.0 0.0 0.0
0.0 0.0 0.0
0.0 0.0 0.0
0.0 0.0 0.0
0.0 0.0 0.0
0.0 0.0 0.0
0.0 0.0 0.0
0.0 0.0 0.0
0.0 0.0 0.0
0.0 0.0 0.0
0.0 0.0 0.0
0.0 0.0 0.0
0.0 0.0 0.0
0.0 0.0 0.0
0.0 0.0 0.0
0.0 0.0 0.0
0.0 0.0 0.0
0.0 0.0 0.0
0.0 0.0 0.0
0.0 0.0 0.0
0.0 0.0 0.0
0.0 0.0 0.0
0.0 0.0 0.0
0.0 0.0 0.0
0.0 0.0 0.0
0.0 0.0 0.0
0.0 0.0 0.0
0.0 0.0 0.0
0.0 0.0 0.0
0.0 0.0 0.0
0.0 0.0 0.0
0.0 0.0 0.0
0.0 0.0 0.0
0.0 0.0 0.0
0.0 0.0 0.0
0.0 0.0 0.0
0.0 0.0 0.0
0.0 0.0 0.0
0.0 0.0 0.0
0.0 0.0 0.0
0.0 0.0 0.0
0.0 0.0 0.0
0.0 0.0 0.0
0.0 0.0 0.0
0.0 0.0 0.0
0.0 0.0 0.0
0.0 0.0 0.0
0.0 0.0 0.0
0.0 0.0 0.0
0.0 0.0 0.0
0.0 0.0 0.0
0.0 0.0 0.0
0.0 0.0 0.0
0.0 0.0 0.0
0.0 0.0 0.0
0.0 0.0 0.0
0.0 0.0 0.0
0.0 0.0 0.0
0.0 0.0 0.0
0.0 0.0 0.0
0.0 0.0 0.0
0.0 0.0 0.0
0.0 0.0 0.0
0.0 0.0 0.0
0.0 0.0 0.0
0.0 0.0 0.0
0.0 0.0 0.0
0.0 0.0 0.0
0.0 0.0 0.0
0.0 0.0 0.0
0.0 0.0 0.0
0.0 0.0 0.0
0.0 0.0 0.0
0.0 0.0 0.0
0.0 0.0 0.0
0.0 0.0 0.0
0.0 0.0 0.0
0.0 0.0 0.0
0.0 0.0 0.0
0.0 0.0 0.0
0.0 0.0 0.0
0.0 0.0 0.0
0.0 0.0 0.0
0.0 0.0 0.0
0.0 0.0 0.0
0.0 0.0 0.0
0.0 0.0 0.0
0.0 0.0 0.0
0.0 0.0 0.0
0.0 0.0 0.0
0.0 0.0 0.0
0.0 0.0 0.0
0.0 0.0 0.0
0.0 0.0 0.0
0.0 0.0 0.0
0.0 0.0 0.0
0.0 0.0 0.0
57.189 1150138.561 0.131957380
57.509 1146762.155 0.132515749
57.830 1143420.131 0.133072914
58.152 1140112.795 0.133628730
58.475 1136840.454 0.134183047
58.800 1133603.414 0.134735716
59.126 1130401.982 0.135286584
59.452 1127236.465 0.135835495
59.780 1124107.171 0.136382292
60.109 1121014.405 0.136926815
60.439 1117958.474 0.137468903
60.770 1114939.685 0.138008390
61.102 1111958.344 0.138545112
61.435 1109014.756 0.139078899
61.769 1106109.225 0.139609583
62.103 1103242.055 0.140136991
62.438 1100413.551 0.140660949
62.774 1097624.012 0.141181284
63.111 1094873.742 0.141697818
63.448 1092163.038 0.142210373
63.785 1089492.201 0.142718770
64.123 1086861.525 0.143222829
64.462 1084271.308 0.143722367
64.800 1081721.842 0.144217204
65.139 1079213.418 0.144707154
65.479 1076746.327 0.145192034
65.818 1074320.856 0.145671659
66.157 1071937.291 0.146145844
66.496 1069595.913 0.146614404
66.835 1067297.004 0.147077153
67.173 1065040.841 0.147533905
67.511 1062827.699 0.147984475
67.849 1060657.849 0.148428678
68.186 1058531.560 0.148866329
68.522 1056449.097 0.149297243
68.857 1054410.723 0.149721238
69.191 1052416.696 0.150138131
69.524 1050467.271 0.150547740
69.855 1048562.698 0.150949885
70.185 1046703.225 0.151344389
70.512 1044889.095 0.151731073
70.838 1043120.545 0.152109763
71.162 1041397.811 0.152480285
71.483 1039721.122 0.152842468
71.802 1038090.703 0.153196144
72.118 1036506.774 0.153541146
72.431 1034969.550 0.153877311
72.740 1033479.242 0.154204478
73.045 1032036.054 0.154522489
73.347 1030640.186 0.154831190
73.644 1029291.833 0.155130429
73.936 1027991.182 0.155420060
74.224 1026738.416 0.155699938
74.506 1025533.713 0.155969923
74.782 1024377.242 0.156229880
75.051 1023269.170 0.156479678
75.315 1022209.655 0.156719188
75.570 1021198.848 0.156948288
75.819 1020236.896 0.157166860
76.059 1019323.939 0.157374791
76.290 1018460.109 0.157571973
76.513 1017645.532 0.157758302
76.725 1016880.328 0.157933682
76.927 1016164.608 0.158098018
77.119 1015498.479 0.158251225
77.299 1014882.039 0.158393220
77.467 1014315.379 0.158523928
77.622 1013798.584 0.158643280
77.765 1013331.729 0.158751210
77.894 1012914.885 0.158847661
78.009 1012548.115 0.158932581
78.109 1012231.472 0.159005924
78.194 1011965.005 0.159067650
78.265 1011748.753 0.159117726
78.319 1011582.749 0.159156123
78.358 1011467.017 0.159182822
78.381 1011401.576 0.159197808
78.388 1011386.435 0.159201072
78.378 1011421.597 0.159192613
78.353 1011507.055 0.159172435
78.312 1011642.798 0.159140548
78.254 1011828.805 0.159096970
78.182 1012065.048 0.159041725
78.094 1012351.492 0.158974842
77.991 1012688.094 0.158896357
77.874 1013074.804 0.158806313
77.743 1013511.563 0.158704757
77.599 1013998.307 0.158591745
77.441 1014534.964 0.158467337
77.271 1015121.452 0.158331599
77.089 1015757.687 0.158184603
76.896 1016443.573 0.158026428
76.692 1017179.010 0.157857158
76.478 1017963.889 0.157676881
76.255 1018798.095 0.157485692
76.022 1019681.507 0.157283692
75.781 1020613.995 0.157070985
75.531 1021595.425 0.156847681
75.274 1022625.653 0.156613896
75.010 1023704.533 0.156369750
74.740 1024831.908 0.156115367
74.463 1026007.619 0.155850876
74.180 1027231.497 0.155576410
73.892 1028503.370 0.155292108
73.599 1029823.059 0.154998110
73.301 1031190.378 0.154694561
73.000 1032605.136 0.154381612
72.694 1034067.138 0.154059413
72.384 1035576.182 0.153728121
72.071 1037132.061 0.153387896
71.755 1038734.563 0.153038898
71.436 1040383.470 0.152681292
71.115 1042078.562 0.152315247
70.791 1043819.609 0.151940930
70.465 1045606.383 0.151558516
70.137 1047438.645 0.151168176
69.808 1049316.157 0.150770088
69.476 1051238.674 0.150364429
69.144 1053205.947 0.149951379
68.810 1055217.724 0.149531118
68.475 1057273.748 0.149103827
68.139 1059373.761 0.148669690
67.802 1061517.497 0.148228890
67.465 1063704.692 0.147781613
67.127 1065935.074 0.147328042
66.789 1068208.372 0.146868363
66.451 1070524.308 0.146402762
66.112 1072882.606 0.145931424
65.773 1075282.982 0.145454536
65.434 1077725.154 0.144972281
65.096 1080208.836 0.144484846
64.757 1082733.739 0.143992415
64.419 1085299.573 0.143495171
64.081 1087906.044 0.142993298
63.743 1090552.861 0.142486978
63.406 1093239.725 0.141976392
63.069 1095966.340 0.141461720
62.733 1098732.408 0.140943141
62.398 1101537.627 0.140420832
62.063 1104381.696 0.139894969
61.729 1107264.314 0.139365727
61.396 1110185.176 0.138833278
61.064 1113143.979 0.138297794
60.733 1116140.417 0.137759444
60.402 1119174.185 0.137218394
60.073 1122244.977 0.136674811
59.744 1125352.487 0.136128857
59.417 1128496.407 0.135580693
59.091 1131676.432 0.135030479
58.766 1134892.254 0.134478371
58.442 1138143.566 0.133924523
58.119 1141430.061 0.133369088
57.797 1144751.433 0.132812215
57.477 1148107.376 0.132254050
57.158 1151497.584 0.131694740
56.840 1154921.751 0.131134425
56.524 1158379.572 0.130573245
56.208 1161870.744 0.130011338
55.895 1165394.962 0.129448838
55.582 1168951.924 0.128885876
55.271 1172541.329 0.128322582
54.961 1176162.875 0.127759082
54.653 1179816.262 0.127195500
54.346 1183501.192 0.126631957
54.040 1187217.367 0.126068571
53.736 1190964.490 0.125505458
53.434 1194742.267 0.124942732
53.133 1198550.402 0.124380502
52.833 1202388.605 0.123818876
52.535 1206256.583 0.123257960
52.238 1210154.046 0.122697856
51.943 1214080.708 0.122138664
51.649 1218036.280 0.121580480
51.357 1222020.479 0.121023400
51.066 1226033.020 0.120467515
50.777 1230073.622 0.119912915
50.489 1234142.004 0.119359686
50.203 1238237.890 0.118807913
49.918 1242361.002 0.118257678
49.635 1246511.065 0.117709060
49.353 1250687.807 0.117162136
49.073 1254890.958 0.116616980
48.795 1259120.247 0.116073665
48.518 1263375.408 0.115532261
48.242 1267656.175 0.114992835
47.968 1271962.286 0.114455452
47.695 1276293.480 0.113920175
47.424 1280649.497 0.113387064
47.155 1285030.079 0.112856180
46.887 1289434.973 0.112327577
46.620 1293863.925 0.111801310
46.355 1298316.683 0.111277431
46.092 1302792.999 0.110755991
45.830 1307292.627 0.110237038
45.569 1311815.320 0.109720618
45.310 1316360.838 0.109206775
45.053 1320928.938 0.108695552
44.797 1325519.384 0.108186989
44.542 1330131.938 0.107681126
44.289 1334766.366 0.107177999
44.037 1339422.436 0.106677643
43.787 1344099.918 0.106180093
43.538 1348798.585 0.105685380
43.291 1353518.210 0.105193534
43.045 1358258.571 0.104704585
42.800 1363019.445 0.104218559
42.557 1367800.613 0.103735483
42.316 1372601.858 0.103255380
42.076 1377422.965 0.102778274
41.837 1382263.721 0.102304186
41.599 1387123.915 0.101833136
41.363 1392003.338 0.101365142
41.129 1396901.783 0.100900223
40.895 1401819.045 0.100438395
40.664 1406754.923 0.099979672
40.433 1411709.214 0.099524069
40.204 1416681.721 0.099071598
39.976 1421672.248 0.098622271
39.749 1426680.599 0.098176099
39.524 1431706.582 0.097733090
39.300 1436750.006 0.097293254
39.078 1441810.684 0.096856597
38.857 1446888.429 0.096423127
38.637 1451983.056 0.095992849
38.418 1457094.382 0.095565767
38.201 1462222.227 0.095141886
37.984 1467366.412 0.094721208
37.770 1472526.761 0.094303736
37.556 1477703.098 0.093889471
37.344 1482895.250 0.093478413
37.133 1488103.046 0.093070563
36.923 1493326.317 0.092665920
36.714 1498564.895 0.092264482
36.507 1503818.616 0.091866247
36.300 1509087.314 0.091471212
36.095 1514370.827 0.091079375
35.891 1519668.997 0.090690730
35.689 1524981.663 0.090305275
35.487 1530308.670 0.089923002
35.287 1535649.862 0.089543908
35.088 1541005.086 0.089167985
34.890 1546374.191 0.088795227
34.693 1551757.026 0.088425628
34.497 1557153.443 0.088059180
34.302 1562563.296 0.087695874
34.109 1567986.440 0.087335704
33.916 1573422.731 0.086978659
33.725 1578872.028 0.086624732
33.535 1584334.191 0.086273912
33.345 1589809.081 0.085926191
33.157 1595296.561 0.085581557
32.970 1600796.496 0.085240002
32.784 1606308.751 0.084901514
32.599 1611833.195 0.084566082
32.415 1617369.697 0.084233695
32.233 1622918.127 0.083904343
32.051 1628478.357 0.083578013
31.870 1634050.260 0.083254695
31.690 1639633.713 0.082934375
31.511 1645228.590 0.082617042
31.334 1650834.770 0.082302683
31.157 1656452.132 0.081991286
30.981 1662080.557 0.081682839
30.806 1667719.926 0.081377329
30.632 1673370.123 0.081074743
30.459 1679031.031 0.080775068
30.287 1684702.538 0.080478290
30.116 1690384.530 0.080184398
29.946 1696076.896 0.079893377
29.777 1701779.525 0.079605214
29.608 1707492.308 0.079319896
29.441 1713215.138 0.079037410
29.274 1718947.908 0.078757741
29.109 1724690.513 0.078480877
28.944 1730442.848 0.078206805
28.780 1736204.811 0.077935509
28.617 1741976.300 0.077666978
28.455 1747757.214 0.077401197
28.294 1753547.453 0.077138153
28.134 1759346.920 0.076877832
27.974 1765155.517 0.076620220
27.815 1770973.148 0.076365305
27.657 1776799.717 0.076113072
27.500 1782635.132 0.075863509
27.344 1788479.298 0.075616602
27.189 1794332.125 0.075372337
27.034 1800193.521 0.075130701
26.880 1806063.396 0.074891681
26.727 1811941.663 0.074655264
26.575 1817828.232 0.074421437
26.424 1823723.017 0.074190186
26.273 1829625.932 0.073961499
26.123 1835536.894 0.073735363
25.974 1841455.816 0.073511764
25.826 1847382.617 0.073290691
25.678 1853317.215 0.073072131
25.531 1859259.529 0.072856071
25.385 1865209.478 0.072642498
25.240 1871166.982 0.072431401
25.095 1877131.965 0.072222768
24.951 1883104.347 0.072016585
24.808 1889084.053 0.071812842
24.665 1895071.006 0.071611527
24.524 1901065.132 0.071412627
24.382 1907066.357 0.071216132
24.242 1913074.606 0.071022029
24.102 1919089.809 0.070830308
23.963 1925111.892 0.070640957
23.825 1931140.785 0.070453966
23.687 1937176.418 0.070269323
23.550 1943218.721 0.070087019
23.414 1949267.627 0.069907041
23.278 1955323.066 0.069729380
23.143 1961384.973 0.069554026
23.008 1967453.280 0.069380969
22.875 1973527.922 0.069210198
22.741 1979608.834 0.069041704
22.609 1985695.952 0.068875477
22.477 1991789.213 0.068711507
22.346 1997888.553 0.068549787
22.215 2003993.910 0.068390305
22.085 2010105.223 0.068233055
21.955 2016222.431 0.068078025
21.826 2022345.475 0.067925210
21.698 2028474.293 0.067774599
21.570 2034608.829 0.067626184
21.443 2040749.023 0.067479958
21.317 2046894.817 0.067335913
21.191 2053046.156 0.067194041
21.065 2059202.982 0.067054335
20.941 2065365.240 0.066916787
20.816 2071532.874 0.066781391
20.693 2077705.830 0.066648139
20.569 2083884.054 0.066517025
20.447 2090067.493 0.066388043
20.325 2096256.093 0.066261186
20.203 2102449.803 0.066136448
20.082 2108648.570 0.066013824
