20.031 2107473.825 0.066150976
20.094 2104210.951 0.066215101
20.158 2100966.388 0.066279476
20.221 2097740.226 0.066344091
20.284 2094532.552 0.066408935
20.347 2091343.457 0.066473998
20.410 2088173.030 0.066539269
20.472 2085021.360 0.066604739
20.534 2081888.536 0.066670395
20.597 2078774.647 0.066736228
20.658 2075679.783 0.066802227
20.720 2072604.033 0.066868381
20.781 2069547.486 0.066934680
20.843 2066510.231 0.067001113
20.903 2063492.357 0.067067668
20.964 2060493.954 0.067134335
21.025 2057515.110 0.067201104
21.085 2054555.914 0.067267963
21.145 2051616.456 0.067334901
21.205 2048696.823 0.067401907
21.264 2045797.106 0.067468970
21.323 2042917.391 0.067536080
21.382 2040057.768 0.067603224
21.441 2037218.326 0.067670392
21.499 2034399.152 0.067737573
21.557 2031600.334 0.067804756
21.615 2028821.960 0.067871928
21.673 2026064.118 0.067939080
21.730 2023326.896 0.068006199
21.787 2020610.382 0.068073275
21.844 2017914.661 0.068140296
21.900 2015239.822 0.068207250
21.956 2012585.951 0.068274127
22.012 2009953.134 0.068340914
22.068 2007341.459 0.068407601
22.123 2004751.011 0.068474176
22.178 2002181.876 0.068540628
22.232 1999634.139 0.068606944
22.286 1997107.886 0.068673115
22.340 1994603.202 0.068739127
22.394 1992120.172 0.068804970
22.447 1989658.880 0.068870631
22.500 1987219.410 0.068936101
22.552 1984801.846 0.069001366
22.604 1982406.271 0.069066416
22.656 1980032.769 0.069131239
22.707 1977681.421 0.069195823
22.758 1975352.311 0.069260157
22.809 1973045.520 0.069324230
22.859 1970761.130 0.069388029
22.909 1968499.222 0.069451544
22.958 1966259.877 0.069514762
23.007 1964043.175 0.069577673
23.056 1961849.195 0.069640265
23.104 1959678.017 0.069702526
23.152 1957529.721 0.069764446
23.199 1955404.383 0.069826012
23.246 1953302.083 0.069887213
23.293 1951222.898 0.069948039
23.339 1949166.904 0.070008477
23.385 1947134.178 0.070068516
23.430 1945124.796 0.070128146
23.475 1943138.832 0.070187354
23.519 1941176.362 0.070246131
23.563 1939237.460 0.070304464
23.607 1937322.199 0.070362343
23.650 1935430.653 0.070419756
23.692 1933562.893 0.070476693
23.734 1931718.991 0.070533143
23.776 1929899.018 0.070589095
23.817 1928103.045 0.070644538
23.858 1926331.141 0.070699461
23.898 1924583.375 0.070753854
23.938 1922859.816 0.070807706
23.977 1921160.532 0.070861007
24.016 1919485.589 0.070913746
24.054 1917835.054 0.070965913
24.091 1916208.992 0.071017498
24.129 1914607.468 0.071068489
24.165 1913030.545 0.071118879
24.201 1911478.288 0.071168655
24.237 1909950.759 0.071217809
24.272 1908448.019 0.071266330
24.307 1906970.130 0.071314209
24.341 1905517.151 0.071361436
24.374 1904089.141 0.071408001
24.407 1902686.160 0.071453896
24.440 1901308.264 0.071499111
24.472 1899955.510 0.071543636
24.503 1898627.955 0.071587463
24.534 1897325.653 0.071630583
24.564 1896048.658 0.071672986
24.594 1894797.024 0.071714664
24.623 1893570.803 0.071755609
24.651 1892370.046 0.071795812
24.679 1891194.804 0.071835265
24.707 1890045.126 0.071873959
24.734 1888921.061 0.071911887
24.760 1887822.656 0.071949040
24.785 1886749.958 0.071985411
24.810 1885703.014 0.072020992
24.835 1884681.866 0.072055776
24.859 1883686.561 0.072089755
24.882 1882717.139 0.072122922
24.905 1881773.642 0.072155271
24.927 1880856.112 0.072186794
24.948 1879964.588 0.072217485
24.969 1879099.109 0.072247337
24.989 1878259.712 0.072276343
25.009 1877446.434 0.072304499
25.028 1876659.310 0.072331797
25.046 1875898.376 0.072358231
25.064 1875163.663 0.072383797
25.081 1874455.204 0.072408489
25.098 1873773.032 0.072432300
25.114 1873117.175 0.072455227
25.129 1872487.662 0.072477264
25.144 1871884.523 0.072498407
25.158 1871307.783 0.072518650
25.171 1870757.468 0.072537990
25.184 1870233.603 0.072556422
25.196 1869736.211 0.072573942
25.207 1869265.314 0.072590547
25.218 1868820.935 0.072606233
25.228 1868403.092 0.072620996
25.238 1868011.805 0.072634834
25.247 1867647.091 0.072647742
25.255 1867308.968 0.072659719
25.263 1866997.450 0.072670762
25.270 1866712.552 0.072680868
25.276 1866454.287 0.072690035
25.282 1866222.667 0.072698261
25.287 1866017.703 0.072705544
25.291 1865839.404 0.072711883
25.295 1865687.779 0.072717276
25.298 1865562.836 0.072721722
25.300 1865464.580 0.072725220
25.302 1865393.016 0.072727769
25.303 1865348.149 0.072729369
25.303 1865329.981 0.072730020
25.303 1865338.512 0.072729720
25.302 1865373.745 0.072728471
25.301 1865435.677 0.072726271
25.299 1865524.307 0.072723123
25.296 1865639.631 0.072719027
25.292 1865781.644 0.072713982
25.288 1865950.343 0.072707992
25.283 1866145.718 0.072701056
25.278 1866367.764 0.072693176
25.272 1866616.469 0.072684354
25.265 1866891.825 0.072674592
25.258 1867193.820 0.072663893
25.250 1867522.441 0.072652257
25.241 1867877.674 0.072639688
25.232 1868259.505 0.072626189
25.222 1868667.916 0.072611762
25.211 1869102.893 0.072596411
25.200 1869564.414 0.072580138
25.188 1870052.462 0.072562948
25.176 1870567.016 0.072544844
25.162 1871108.053 0.072525830
25.149 1871675.552 0.072505910
25.134 1872269.487 0.072485088
25.119 1872889.834 0.072463369
25.103 1873536.566 0.072440758
25.087 1874209.656 0.072417258
25.070 1874909.076 0.072392877
25.053 1875634.796 0.072367617
25.034 1876386.785 0.072341486
25.016 1877165.011 0.072314488
24.996 1877969.443 0.072286629
24.976 1878800.045 0.072257916
24.955 1879656.783 0.072228354
24.934 1880539.620 0.072197949
24.912 1881448.521 0.072166708
24.890 1882383.446 0.072134638
24.867 1883344.357 0.072101745
24.843 1884331.213 0.072068037
24.819 1885343.973 0.072033520
24.794 1886382.595 0.071998201
24.768 1887447.036 0.071962088
24.742 1888537.251 0.071925189
24.716 1889653.196 0.071887511
24.689 1890794.824 0.071849062
24.661 1891962.088 0.071809850
24.632 1893154.940 0.071769884
24.604 1894373.331 0.071729170
24.574 1895617.211 0.071687719
24.544 1896886.530 0.071645538
24.513 1898181.235 0.071602635
24.482 1899501.274 0.071559021
24.450 1900846.592 0.071514703
24.418 1902217.137 0.071469691
24.385 1903612.852 0.071423994
24.352 1905033.681 0.071377621
24.318 1906479.567 0.071330581
24.284 1907950.452 0.071282884
24.249 1909446.277 0.071234540
24.213 1910966.983 0.071185558
24.177 1912512.509 0.071135949
24.140 1914082.795 0.071085721
24.103 1915677.778 0.071034885
24.066 1917297.395 0.070983451
24.028 1918941.583 0.070931429
23.989 1920610.277 0.070878830
23.950 1922303.414 0.070825664
23.910 1924020.926 0.070771940
23.870 1925762.747 0.070717671
23.830 1927528.811 0.070662866
23.789 1929319.048 0.070607535
23.747 1931133.392 0.070551691
23.705 1932971.772 0.070495342
23.663 1934834.118 0.070438501
23.620 1936720.361 0.070381178
23.576 1938630.428 0.070323385
23.533 1940564.248 0.070265131
23.488 1942521.748 0.070206429
23.443 1944502.856 0.070147288
23.398 1946507.498 0.070087722
23.353 1948535.599 0.070027740
23.307 1950587.085 0.069967354
23.260 1952661.881 0.069906575
23.213 1954759.910 0.069845415
23.166 1956881.096 0.069783884
23.118 1959025.363 0.069721995
23.070 1961192.632 0.069659759
23.021 1963382.826 0.069597186
22.972 1965595.867 0.069534290
22.923 1967831.675 0.069471080
22.873 1970090.171 0.069407569
22.823 1972371.275 0.069343768
22.772 1974674.908 0.069279689
22.721 1977000.987 0.069215343
22.670 1979349.434 0.069150742
22.618 1981720.165 0.069085897
22.566 1984113.098 0.069020820
22.514 1986528.153 0.068955522
22.461 1988965.246 0.068890015
22.408 1991424.294 0.068824311
22.354 1993905.213 0.068758421
22.301 1996407.921 0.068692357
22.247 1998932.332 0.068626131
22.192 2001478.364 0.068559753
22.137 2004045.931 0.068493235
22.082 2006634.948 0.068426589
22.027 2009245.330 0.068359827
21.971 2011876.992 0.068292960
21.915 2014529.848 0.068225999
21.858 2017203.812 0.068158956
21.801 2019898.798 0.068091843
21.744 2022614.719 0.068024670
21.687 2025351.489 0.067957450
21.630 2028109.022 0.067890193
21.572 2030887.229 0.067822910
21.513 2033686.025 0.067755615
21.455 2036505.321 0.067688316
21.396 2039345.030 0.067621027
21.337 2042205.064 0.067553758
21.278 2045085.336 0.067486520
21.218 2047985.757 0.067419324
21.159 2050906.240 0.067352182
21.099 2053846.696 0.067285105
21.038 2056807.037 0.067218104
20.978 2059787.174 0.067151189
20.917 2062787.020 0.067084373
20.856 2065806.485 0.067017665
20.795 2068845.480 0.066951077
20.733 2071903.918 0.066884620
20.672 2074981.710 0.066818305
20.610 2078078.765 0.066752142
20.548 2081194.997 0.066686142
20.485 2084330.315 0.066620316
20.423 2087484.632 0.066554675
20.360 2090657.857 0.066489229
20.297 2093849.903 0.066423989
20.234 2097060.680 0.066358965
20.170 2100290.100 0.066294169
20.107 2103538.073 0.066229611
20.043 2106804.511 0.066165300
0.0 0.0 0.0
0.0 0.0 0.0
0.0 0.0 0.0
0.0 0.0 0.0
0.0 0.0 0.0
0.0 0.0 0.0
0.0 0.0 0.0
0.0 0.0 0.0
0.0 0.0 0.0
0.0 0.0 0.0
0.0 0.0 0.0
0.0 0.0 0.0
0.0 0.0 0.0
0.0 0.0 0.0
0.0 0.0 0.0
0.0 0.0 0.0
0.0 0.0 0.0
0.0 0.0 0.0
0.0 0.0 0.0
0.0 0.0 0.0
0.0 0.0 0.0
0.0 0.0 0.0
0.0 0.0 0.0
0.0 0.0 0.0
0.0 0.0 0.0
0.0 0.0 0.0
0.0 0.0 0.0
0.0 0.0 0.0
0.0 0.0 0.0
0.0 0.0 0.0
0.0 0.0 0.0
0.0 0.0 0.0
0.0 0.0 0.0
0.0 0.0 0.0
0.0 0.0 0.0
0.0 0.0 0.0
0.0 0.0 0.0
0.0 0.0 0.0
0.0 0.0 0.0
0.0 0.0 0.0
0.0 0.0 0.0
0.0 0.0 0.0
0.0 0.0 0.0
0.0 0.0 0.0
0.0 0.0 0.0
0.0 0.0 0.0
0.0 0.0 0.0
0.0 0.0 0.0
0.0 0.0 0.0
0.0 0.0 0.0
0.0 0.0 0.0
0.0 0.0 0.0
0.0 0.0 0.0
0.0 0.0 0.0
0.0 0.0 0.0
0.0 0.0 0.0
0.0 0.0 0.0
0.0 0.0 0.0
0.0 0.0 0.0
0.0 0.0 0.0
0.0 0.0 0.0
0.0 0.0 0.0
0.0 0.0 0.0
0.0 0.0 0.0
0.0 0.0 0.0
0.0 0.0 0.0
0.0 0.0 0.0
0.0 0.0 0.0
0.0 0.0 0.0
0.0 0.0 0.0
0.0 0.0 0.0
0.0 0.0 0.0
0.0 0.0 0.0
0.0 0.0 0.0
0.0 0.0 0.0
0.0 0.0 0.0
0.0 0.0 0.0
0.0 0.0 0.0
0.0 0.0 0.0
0.0 0.0 0.0
0.0 0.0 0.0
0.0 0.0 0.0
0.0 0.0 0.0
0.0 0.0 0.0
0.0 0.0 0.0
0.0 0.0 0.0
0.0 0.0 0.0
0.0 0.0 0.0
0.0 0.0 0.0
0.0 0.0 0.0
0.0 0.0 0.0
0.0 0.0 0.0
0.0 0.0 0.0
0.0 0.0 0.0
0.0 0.0 0.0
0.0 0.0 0.0
0.0 0.0 0.0
0.0 0.0 0.0
0.0 0.0 0.0
0.0 0.0 0.0
0.0 0.0 0.0
0.0 0.0 0.0
0.0 0.0 0.0
0.0 0.0 0.0
0.0 0.0 0.0
0.0 0.0 0.0
0.0 0.0 0.0
0.0 0.0 0.0
0.0 0.0 0.0
0.0 0.0 0.0
0.0 0.0 0.0
0.0 0.0 0.0
0.0 0.0 0.0
0.0 0.0 0.0
0.0 0.0 0.0
0.0 0.0 0.0
0.0 0.0 0.0
0.0 0.0 0.0
0.0 0.0 0.0
0.0 0.0 0.0
0.0 0.0 0.0
0.0 0.0 0.0
0.0 0.0 0.0
0.0 0.0 0.0
0.0 0.0 0.0
0.0 0.0 0.0
0.0 0.0 0.0
0.0 0.0 0.0
0.0 0.0 0.0
0.0 0.0 0.0
0.0 0.0 0.0
0.0 0.0 0.0
0.0 0.0 0.0
0.0 0.0 0.0
0.0 0.0 0.0
0.0 0.0 0.0
0.0 0.0 0.0
0.0 0.0 0.0
0.0 0.0 0.0
0.0 0.0 0.0
0.0 0.0 0.0
0.0 0.0 0.0
0.0 0.0 0.0
0.0 0.0 0.0
0.0 0.0 0.0
0.0 0.0 0.0
0.0 0.0 0.0
0.0 0.0 0.0
0.0 0.0 0.0
0.0 0.0 0.0
0.0 0.0 0.0
0.0 0.0 0.0
0.0 0.0 0.0
0.0 0.0 0.0
0.0 0.0 0.0
0.0 0.0 0.0
0.0 0.0 0.0
0.0 0.0 0.0
0.0 0.0 0.0
0.0 0.0 0.0
0.0 0.0 0.0
0.0 0.0 0.0
0.0 0.0 0.0
0.0 0.0 0.0
0.0 0.0 0.0
0.0 0.0 0.0
0.0 0.0 0.0
0.0 0.0 0.0
0.0 0.0 0.0
0.0 0.0 0.0
0.0 0.0 0.0
0.0 0.0 0.0
0.0 0.0 0.0
0.0 0.0 0.0
0.0 0.0 0.0
0.0 0.0 0.0
0.0 0.0 0.0
0.0 0.0 0.0
0.0 0.0 0.0
0.0 0.0 0.0
0.0 0.0 0.0
0.0 0.0 0.0
0.0 0.0 0.0
0.0 0.0 0.0
0.0 0.0 0.0
0.0 0.0 0.0
0.0 0.0 0.0
0.0 0.0 0.0
0.0 0.0 0.0
0.0 0.0 0.0
0.0 0.0 0.0
0.0 0.0 0.0
0.0 0.0 0.0
0.0 0.0 0.0
0.0 0.0 0.0
0.0 0.0 0.0
0.0 0.0 0.0
0.0 0.0 0.0
0.0 0.0 0.0
0.0 0.0 0.0
0.0 0.0 0.0
0.0 0.0 0.0
0.0 0.0 0.0
0.0 0.0 0.0
0.0 0.0 0.0
0.0 0.0 0.0
0.0 0.0 0.0
0.0 0.0 0.0
0.0 0.0 0.0
0.0 0.0 0.0
0.0 0.0 0.0
0.0 0.0 0.0
0.0 0.0 0.0
0.0 0.0 0.0
0.0 0.0 0.0
0.0 0.0 0.0
0.0 0.0 0.0
0.0 0.0 0.0
0.0 0.0 0.0
0.0 0.0 0.0
0.0 0.0 0.0
0.0 0.0 0.0
0.0 0.0 0.0
0.0 0.0 0.0
0.0 0.0 0.0
0.0 0.0 0.0
0.0 0.0 0.0
0.0 0.0 0.0
0.0 0.0 0.0
0.0 0.0 0.0
0.0 0.0 0.0
0.0 0.0 0.0
0.0 0.0 0.0
0.0 0.0 0.0
0.0 0.0 0.0
0.0 0.0 0.0
0.0 0.0 0.0
0.0 0.0 0.0
0.0 0.0 0.0
0.0 0.0 0.0
0.0 0.0 0.0
0.0 0.0 0.0
0.0 0.0 0.0
0.0 0.0 0.0
0.0 0.0 0.0
0.0 0.0 0.0
0.0 0.0 0.0
0.0 0.0 0.0
0.0 0.0 0.0
0.0 0.0 0.0
0.0 0.0 0.0
0.0 0.0 0.0
0.0 0.0 0.0
0.0 0.0 0.0
0.0 0.0 0.0
0.0 0.0 0.0
0.0 0.0 0.0
0.0 0.0 0.0
0.0 0.0 0.0
0.0 0.0 0.0
0.0 0.0 0.0
0.0 0.0 0.0
0.0 0.0 0.0
0.0 0.0 0.0
0.0 0.0 0.0
0.0 0.0 0.0
0.0 0.0 0.0
0.0 0.0 0.0
0.0 0.0 0.0
0.0 0.0 0.0
0.0 0.0 0.0
0.0 0.0 0.0
0.0 0.0 0.0
0.0 0.0 0.0
0.0 0.0 0.0
0.0 0.0 0.0
0.0 0.0 0.0
0.0 0.0 0.0
0.0 0.0 0.0
0.0 0.0 0.0
0.0 0.0 0.0
0.0 0.0 0.0
0.0 0.0 0.0
0.0 0.0 0.0
0.0 0.0 0.0
0.0 0.0 0.0
0.0 0.0 0.0
0.0 0.0 0.0
0.0 0.0 0.0
0.0 0.0 0.0
0.0 0.0 0.0
0.0 0.0 0.0
0.0 0.0 0.0
0.0 0.0 0.0
0.0 0.0 0.0
0.0 0.0 0.0
0.0 0.0 0.0
0.0 0.0 0.0
0.0 0.0 0.0
0.0 0.0 0.0
0.0 0.0 0.0
0.0 0.0 0.0
0.0 0.0 0.0
0.0 0.0 0.0
0.0 0.0 0.0
0.0 0.0 0.0
0.0 0.0 0.0
0.0 0.0 0.0
0.0 0.0 0.0
0.0 0.0 0.0
0.0 0.0 0.0
0.0 0.0 0.0
0.0 0.0 0.0
0.0 0.0 0.0
0.0 0.0 0.0
0.0 0.0 0.0
0.0 0.0 0.0
0.0 0.0 0.0
0.0 0.0 0.0
0.0 0.0 0.0
0.0 0.0 0.0
0.0 0.0 0.0
0.0 0.0 0.0
0.0 0.0 0.0
0.0 0.0 0.0
0.0 0.0 0.0
0.0 0.0 0.0
0.0 0.0 0.0
0.0 0.0 0.0
0.0 0.0 0.0
0.0 0.0 0.0
0.0 0.0 0.0
0.0 0.0 0.0
0.0 0.0 0.0
0.0 0.0 0.0
0.0 0.0 0.0
0.0 0.0 0.0
0.0 0.0 0.0
0.0 0.0 0.0
0.0 0.0 0.0
0.0 0.0 0.0
0.0 0.0 0.0
0.0 0.0 0.0
0.0 0.0 0.0
0.0 0.0 0.0
0.0 0.0 0.0
0.0 0.0 0.0
0.0 0.0 0.0
0.0 0.0 0.0
0.0 0.0 0.0
0.0 0.0 0.0
0.0 0.0 0.0
0.0 0.0 0.0
0.0 0.0 0.0
0.0 0.0 0.0
0.0 0.0 0.0
0.0 0.0 0.0
0.0 0.0 0.0
0.0 0.0 0.0
0.0 0.0 0.0
0.0 0.0 0.0
0.0 0.0 0.0
0.0 0.0 0.0
0.0 0.0 0.0
0.0 0.0 0.0
0.0 0.0 0.0
0.0 0.0 0.0
0.0 0.0 0.0
0.0 0.0 0.0
0.0 0.0 0.0
0.0 0.0 0.0
0.0 0.0 0.0
0.0 0.0 0.0
0.0 0.0 0.0
0.0 0.0 0.0
0.0 0.0 0.0
0.0 0.0 0.0
0.0 0.0 0.0
0.0 0.0 0.0
0.0 0.0 0.0
0.0 0.0 0.0
0.0 0.0 0.0
0.0 0.0 0.0
0.0 0.0 0.0
0.0 0.0 0.0
0.0 0.0 0.0
0.0 0.0 0.0
0.0 0.0 0.0
0.0 0.0 0.0
0.0 0.0 0.0
0.0 0.0 0.0
0.0 0.0 0.0
0.0 0.0 0.0
0.0 0.0 0.0
0.0 0.0 0.0
0.0 0.0 0.0
0.0 0.0 0.0
0.0 0.0 0.0
0.0 0.0 0.0
0.0 0.0 0.0
0.0 0.0 0.0
0.0 0.0 0.0
0.0 0.0 0.0
0.0 0.0 0.0
0.0 0.0 0.0
0.0 0.0 0.0
0.0 0.0 0.0
0.0 0.0 0.0
0.0 0.0 0.0
0.0 0.0 0.0
0.0 0.0 0.0
0.0 0.0 0.0
0.0 0.0 0.0
0.0 0.0 0.0
0.0 0.0 0.0
0.0 0.0 0.0
0.0 0.0 0.0
0.0 0.0 0.0
0.0 0.0 0.0
0.0 0.0 0.0
0.0 0.0 0.0
0.0 0.0 0.0
0.0 0.0 0.0
0.0 0.0 0.0
0.0 0.0 0.0
0.0 0.0 0.0
0.0 0.0 0.0
0.0 0.0 0.0
0.0 0.0 0.0
0.0 0.0 0.0
0.0 0.0 0.0
0.0 0.0 0.0
0.0 0.0 0.0
0.0 0.0 0.0
0.0 0.0 0.0
0.0 0.0 0.0
0.0 0.0 0.0
0.0 0.0 0.0
0.0 0.0 0.0
0.0 0.0 0.0
0.0 0.0 0.0
0.0 0.0 0.0
0.0 0.0 0.0
0.0 0.0 0.0
0.0 0.0 0.0
0.0 0.0 0.0
0.0 0.0 0.0
0.0 0.0 0.0
0.0 0.0 0.0
0.0 0.0 0.0
0.0 0.0 0.0
0.0 0.0 0.0
0.0 0.0 0.0
0.0 0.0 0.0
0.0 0.0 0.0
0.0 0.0 0.0
0.0 0.0 0.0
0.0 0.0 0.0
0.0 0.0 0.0
0.0 0.0 0.0
0.0 0.0 0.0
0.0 0.0 0.0
0.0 0.0 0.0
0.0 0.0 0.0
0.0 0.0 0.0
0.0 0.0 0.0
0.0 0.0 0.0
0.0 0.0 0.0
0.0 0.0 0.0
0.0 0.0 0.0
0.0 0.0 0.0
0.0 0.0 0.0
0.0 0.0 0.0
0.0 0.0 0.0
0.0 0.0 0.0
0.0 0.0 0.0
0.0 0.0 0.0
0.0 0.0 0.0
0.0 0.0 0.0
0.0 0.0 0.0
0.0 0.0 0.0
0.0 0.0 0.0
0.0 0.0 0.0
0.0 0.0 0.0
0.0 0.0 0.0
0.0 0.0 0.0
0.0 0.0 0.0
0.0 0.0 0.0
0.0 0.0 0.0
0.0 0.0 0.0
0.0 0.0 0.0
0.0 0.0 0.0
0.0 0.0 0.0
0.0 0.0 0.0
0.0 0.0 0.0
0.0 0.0 0.0
0.0 0.0 0.0
0.0 0.0 0.0
0.0 0.0 0.0
0.0 0.0 0.0
0.0 0.0 0.0
0.0 0.0 0.0
0.0 0.0 0.0
0.0 0.0 0.0
0.0 0.0 0.0
0.0 0.0 0.0
0.0 0.0 0.0
0.0 0.0 0.0
0.0 0.0 0.0
0.0 0.0 0.0
0.0 0.0 0.0
0.0 0.0 0.0
0.0 0.0 0.0
0.0 0.0 0.0
0.0 0.0 0.0
0.0 0.0 0.0
0.0 0.0 0.0
0.0 0.0 0.0
0.0 0.0 0.0
0.0 0.0 0.0
0.0 0.0 0.0
0.0 0.0 0.0
0.0 0.0 0.0
0.0 0.0 0.0
0.0 0.0 0.0
0.0 0.0 0.0
0.0 0.0 0.0
0.0 0.0 0.0
0.0 0.0 0.0
0.0 0.0 0.0
0.0 0.0 0.0
0.0 0.0 0.0
0.0 0.0 0.0
0.0 0.0 0.0
0.0 0.0 0.0
0.0 0.0 0.0
0.0 0.0 0.0
0.0 0.0 0.0
0.0 0.0 0.0
0.0 0.0 0.0
0.0 0.0 0.0
0.0 0.0 0.0
0.0 0.0 0.0
0.0 0.0 0.0
0.0 0.0 0.0
0.0 0.0 0.0
0.0 0.0 0.0
0.0 0.0 0.0
0.0 0.0 0.0
0.0 0.0 0.0
0.0 0.0 0.0
0.0 0.0 0.0
0.0 0.0 0.0
0.0 0.0 0.0
0.0 0.0 0.0
0.0 0.0 0.0
0.0 0.0 0.0
0.0 0.0 0.0
0.0 0.0 0.0
0.0 0.0 0.0
0.0 0.0 0.0
0.0 0.0 0.0
0.0 0.0 0.0
0.0 0.0 0.0
0.0 0.0 0.0
0.0 0.0 0.0
0.0 0.0 0.0
0.0 0.0 0.0
0.0 0.0 0.0
0.0 0.0 0.0
0.0 0.0 0.0
0.0 0.0 0.0
0.0 0.0 0.0
0.0 0.0 0.0
0.0 0.0 0.0
0.0 0.0 0.0
0.0 0.0 0.0
0.0 0.0 0.0
0.0 0.0 0.0
0.0 0.0 0.0
0.0 0.0 0.0
0.0 0.0 0.0
0.0 0.0 0.0
0.0 0.0 0.0
0.0 0.0 0.0
0.0 0.0 0.0
0.0 0.0 0.0
0.0 0.0 0.0
0.0 0.0 0.0
0.0 0.0 0.0
0.0 0.0 0.0
0.0 0.0 0.0
0.0 0.0 0.0
0.0 0.0 0.0
0.0 0.0 0.0
0.0 0.0 0.0
0.0 0.0 0.0
0.0 0.0 0.0
0.0 0.0 0.0
0.0 0.0 0.0
0.0 0.0 0.0
0.0 0.0 0.0
0.0 0.0 0.0
0.0 0.0 0.0
0.0 0.0 0.0
0.0 0.0 0.0
0.0 0.0 0.0
0.0 0.0 0.0
0.0 0.0 0.0
0.0 0.0 0.0
0.0 0.0 0.0
0.0 0.0 0.0
0.0 0.0 0.0
0.0 0.0 0.0
0.0 0.0 0.0
0.0 0.0 0.0
0.0 0.0 0.0
0.0 0.0 0.0
0.0 0.0 0.0
0.0 0.0 0.0
0.0 0.0 0.0
0.0 0.0 0.0
0.0 0.0 0.0
0.0 0.0 0.0
0.0 0.0 0.0
0.0 0.0 0.0
0.0 0.0 0.0
0.0 0.0 0.0
0.0 0.0 0.0
0.0 0.0 0.0
0.0 0.0 0.0
0.0 0.0 0.0
0.0 0.0 0.0
0.0 0.0 0.0
0.0 0.0 0.0
0.0 0.0 0.0
0.0 0.0 0.0
0.0 0.0 0.0
0.0 0.0 0.0
0.0 0.0 0.0
0.0 0.0 0.0
0.0 0.0 0.0
0.0 0.0 0.0
0.0 0.0 0.0
0.0 0.0 0.0
0.0 0.0 0.0
0.0 0.0 0.0
0.0 0.0 0.0
0.0 0.0 0.0
0.0 0.0 0.0
0.0 0.0 0.0
0.0 0.0 0.0
0.0 0.0 0.0
0.0 0.0 0.0
0.0 0.0 0.0
0.0 0.0 0.0
0.0 0.0 0.0
0.0 0.0 0.0
0.0 0.0 0.0
0.0 0.0 0.0
0.0 0.0 0.0
0.0 0.0 0.0
0.0 0.0 0.0
0.0 0.0 0.0
0.0 0.0 0.0
0.0 0.0 0.0
0.0 0.0 0.0
0.0 0.0 0.0
0.0 0.0 0.0
0.0 0.0 0.0
0.0 0.0 0.0
0.0 0.0 0.0
0.0 0.0 0.0
0.0 0.0 0.0
0.0 0.0 0.0
0.0 0.0 0.0
0.0 0.0 0.0
0.0 0.0 0.0
0.0 0.0 0.0
0.0 0.0 0.0
0.0 0.0 0.0
0.0 0.0 0.0
0.0 0.0 0.0
0.0 0.0 0.0
0.0 0.0 0.0
0.0 0.0 0.0
0.0 0.0 0.0
0.0 0.0 0.0
0.0 0.0 0.0
0.0 0.0 0.0
0.0 0.0 0.0
0.0 0.0 0.0
0.0 0.0 0.0
0.0 0.0 0.0
0.0 0.0 0.0
0.0 0.0 0.0
0.0 0.0 0.0
0.0 0.0 0.0
0.0 0.0 0.0
0.0 0.0 0.0
0.0 0.0 0.0
0.0 0.0 0.0
0.0 0.0 0.0
0.0 0.0 0.0
0.0 0.0 0.0
0.0 0.0 0.0
0.0 0.0 0.0
0.0 0.0 0.0
0.0 0.0 0.0
0.0 0.0 0.0
0.0 0.0 0.0
0.0 0.0 0.0
0.0 0.0 0.0
0.0 0.0 0.0
0.0 0.0 0.0
0.0 0.0 0.0
0.0 0.0 0.0
0.0 0.0 0.0
0.0 0.0 0.0
0.0 0.0 0.0
0.0 0.0 0.0
0.0 0.0 0.0
0.0 0.0 0.0
0.0 0.0 0.0
0.0 0.0 0.0
0.0 0.0 0.0
0.0 0.0 0.0
0.0 0.0 0.0
0.0 0.0 0.0
0.0 0.0 0.0
0.0 0.0 0.0
0.0 0.0 0.0
0.0 0.0 0.0
0.0 0.0 0.0
0.0 0.0 0.0
0.0 0.0 0.0
0.0 0.0 0.0
0.0 0.0 0.0
0.0 0.0 0.0
0.0 0.0 0.0
0.0 0.0 0.0
0.0 0.0 0.0
0.0 0.0 0.0
0.0 0.0 0.0
0.0 0.0 0.0
0.0 0.0 0.0
0.0 0.0 0.0
0.0 0.0 0.0
0.0 0.0 0.0
0.0 0.0 0.0
0.0 0.0 0.0
0.0 0.0 0.0
0.0 0.0 0.0
0.0 0.0 0.0
0.0 0.0 0.0
0.0 0.0 0.0
0.0 0.0 0.0
0.0 0.0 0.0
0.0 0.0 0.0
0.0 0.0 0.0
0.0 0.0 0.0
0.0 0.0 0.0
0.0 0.0 0.0
0.0 0.0 0.0
0.0 0.0 0.0
0.0 0.0 0.0
0.0 0.0 0.0
0.0 0.0 0.0
0.0 0.0 0.0
0.0 0.0 0.0
0.0 0.0 0.0
0.0 0.0 0.0
0.0 0.0 0.0
0.0 0.0 0.0
0.0 0.0 0.0
0.0 0.0 0.0
0.0 0.0 0.0
0.0 0.0 0.0
0.0 0.0 0.0
0.0 0.0 0.0
0.0 0.0 0.0
0.0 0.0 0.0
0.0 0.0 0.0
0.0 0.0 0.0
0.0 0.0 0.0
0.0 0.0 0.0
0.0 0.0 0.0
0.0 0.0 0.0
0.0 0.0 0.0
0.0 0.0 0.0
0.0 0.0 0.0
0.0 0.0 0.0
0.0 0.0 0.0
0.0 0.0 0.0
0.0 0.0 0.0
0.0 0.0 0.0
0.0 0.0 0.0
0.0 0.0 0.0
0.0 0.0 0.0
0.0 0.0 0.0
0.0 0.0 0.0
0.0 0.0 0.0
0.0 0.0 0.0
0.0 0.0 0.0
0.0 0.0 0.0
0.0 0.0 0.0
0.0 0.0 0.0
0.0 0.0 0.0
0.0 0.0 0.0
0.0 0.0 0.0
0.0 0.0 0.0
0.0 0.0 0.0
0.0 0.0 0.0
0.0 0.0 0.0
0.0 0.0 0.0
0.0 0.0 0.0
0.0 0.0 0.0
0.0 0.0 0.0
0.0 0.0 0.0
0.0 0.0 0.0
0.0 0.0 0.0
0.0 0.0 0.0
0.0 0.0 0.0
0.0 0.0 0.0
0.0 0.0 0.0
0.0 0.0 0.0
0.0 0.0 0.0
0.0 0.0 0.0
0.0 0.0 0.0
0.0 0.0 0.0
0.0 0.0 0.0
0.0 0.0 0.0
0.0 0.0 0.0
0.0 0.0 0.0
0.0 0.0 0.0
0.0 0.0 0.0
0.0 0.0 0.0
0.0 0.0 0.0
0.0 0.0 0.0
0.0 0.0 0.0
0.0 0.0 0.0
0.0 0.0 0.0
0.0 0.0 0.0
0.0 0.0 0.0
0.0 0.0 0.0
0.0 0.0 0.0
0.0 0.0 0.0
0.0 0.0 0.0
0.0 0.0 0.0
0.0 0.0 0.0
0.0 0.0 0.0
0.0 0.0 0.0
0.0 0.0 0.0
0.0 0.0 0.0
0.0 0.0 0.0
0.0 0.0 0.0
0.0 0.0 0.0
0.0 0.0 0.0
0.0 0.0 0.0
0.0 0.0 0.0
0.0 0.0 0.0
0.0 0.0 0.0
0.0 0.0 0.0
0.0 0.0 0.0
0.0 0.0 0.0
0.0 0.0 0.0
0.0 0.0 0.0
0.0 0.0 0.0
0.0 0.0 0.0
0.0 0.0 0.0
0.0 0.0 0.0
0.0 0.0 0.0
0.0 0.0 0.0
0.0 0.0 0.0
0.0 0.0 0.0
0.0 0.0 0.0
0.0 0.0 0.0
0.0 0.0 0.0
0.0 0.0 0.0
0.0 0.0 0.0
0.0 0.0 0.0
0.0 0.0 0.0
0.0 0.0 0.0
0.0 0.0 0.0
0.0 0.0 0.0
0.0 0.0 0.0
0.0 0.0 0.0
0.0 0.0 0.0
0.0 0.0 0.0
0.0 0.0 0.0
0.0 0.0 0.0
0.0 0.0 0.0
0.0 0.0 0.0
0.0 0.0 0.0
0.0 0.0 0.0
0.0 0.0 0.0
0.0 0.0 0.0
0.0 0.0 0.0
0.0 0.0 0.0
0.0 0.0 0.0
0.0 0.0 0.0
0.0 0.0 0.0
0.0 0.0 0.0
0.0 0.0 0.0
0.0 0.0 0.0
0.0 0.0 0.0
0.0 0.0 0.0
0.0 0.0 0.0
0.0 0.0 0.0
0.0 0.0 0.0
0.0 0.0 0.0
0.0 0.0 0.0
0.0 0.0 0.0
0.0 0.0 0.0
0.0 0.0 0.0
0.0 0.0 0.0
0.0 0.0 0.0
0.0 0.0 0.0
0.0 0.0 0.0
0.0 0.0 0.0
0.0 0.0 0.0
0.0 0.0 0.0
0.0 0.0 0.0
0.0 0.0 0.0
0.0 0.0 0.0
0.0 0.0 0.0
0.0 0.0 0.0
0.0 0.0 0.0
0.0 0.0 0.0
0.0 0.0 0.0
0.0 0.0 0.0
0.0 0.0 0.0
0.0 0.0 0.0
0.0 0.0 0.0
0.0 0.0 0.0
0.0 0.0 0.0
0.0 0.0 0.0
0.0 0.0 0.0
0.0 0.0 0.0
0.0 0.0 0.0
0.0 0.0 0.0
0.0 0.0 0.0
0.0 0.0 0.0
0.0 0.0 0.0
0.0 0.0 0.0
0.0 0.0 0.0
0.0 0.0 0.0
0.0 0.0 0.0
0.0 0.0 0.0
0.0 0.0 0.0
0.0 0.0 0.0
0.0 0.0 0.0
0.0 0.0 0.0
0.0 0.0 0.0
0.0 0.0 0.0
0.0 0.0 0.0
0.0 0.0 0.0
0.0 0.0 0.0
0.0 0.0 0.0
0.0 0.0 0.0
0.0 0.0 0.0
0.0 0.0 0.0
0.0 0.0 0.0
0.0 0.0 0.0
0.0 0.0 0.0
0.0 0.0 0.0
0.0 0.0 0.0
0.0 0.0 0.0
0.0 0.0 0.0
0.0 0.0 0.0
0.0 0.0 0.0
0.0 0.0 0.0
0.0 0.0 0.0
0.0 0.0 0.0
0.0 0.0 0.0
0.0 0.0 0.0
0.0 0.0 0.0
0.0 0.0 0.0
0.0 0.0 0.0
0.0 0.0 0.0
0.0 0.0 0.0
0.0 0.0 0.0
0.0 0.0 0.0
0.0 0.0 0.0
0.0 0.0 0.0
0.0 0.0 0.0
0.0 0.0 0.0
0.0 0.0 0.0
0.0 0.0 0.0
0.0 0.0 0.0
0.0 0.0 0.0
0.0 0.0 0.0
0.0 0.0 0.0
0.0 0.0 0.0
0.0 0.0 0.0
0.0 0.0 0.0
0.0 0.0 0.0
0.0 0.0 0.0
0.0 0.0 0.0
0.0 0.0 0.0
0.0 0.0 0.0
0.0 0.0 0.0
0.0 0.0 0.0
0.0 0.0 0.0
0.0 0.0 0.0
0.0 0.0 0.0
5326229.823 0.008
5313966.891 0.008
5301702.893 0.008
5289437.870 0.008
5277171.865 0.008
5264904.919 0.008
5252637.076 0.008
5240368.377 0.009
5228098.866 0.009
5215828.585 0.009
5203557.580 0.009
5191285.893 0.009
5179013.569 0.009
5166740.653 0.009
5154467.189 0.009
5142193.221 0.009
5129918.797 0.009
5117643.962 0.009
5105368.761 0.009
5093093.241 0.009
5080817.449 0.009
5068541.432 0.009
5056265.238 0.009
5043988.913 0.009
5031712.507 0.009
5019436.068 0.009
5007159.645 0.009
4994883.286 0.009
4982607.042 0.009
4970330.963 0.009
4958055.098 0.010
4945779.498 0.010
4933504.215 0.010
4921229.300 0.010
4908954.804 0.010
4896680.781 0.010
4884407.282 0.010
4872134.361 0.010
4859862.071 0.010
4847590.465 0.010
4835319.599 0.010
4823049.527 0.010
4810780.305 0.010
4798511.986 0.010
4786244.629 0.010
4773978.289 0.010
4761713.023 0.010
4749448.888 0.010
4737185.942 0.010
4724924.245 0.010
4712663.853 0.011
4700404.827 0.011
4688147.227 0.011
4675891.112 0.011
4663636.543 0.011
4651383.582 0.011
4639132.291 0.011
4626882.731 0.011
4614634.965 0.011
4602389.057 0.011
4590145.070 0.011
4577903.069 0.011
4565663.120 0.011
4553425.286 0.011
4541189.635 0.011
4528956.233 0.011
4516725.147 0.011
4504496.445 0.012
4492270.195 0.012
4480046.467 0.012
4467825.330 0.012
4455606.854 0.012
4443391.110 0.012
4431178.169 0.012
4418968.104 0.012
4406760.987 0.012
4394556.892 0.012
4382355.893 0.012
4370158.064 0.012
4357963.482 0.012
4345772.221 0.012
4333584.359 0.012
4321399.973 0.013
4309219.142 0.013
4297041.945 0.013
4284868.461 0.013
4272698.770 0.013
4260532.955 0.013
4248371.096 0.013
4236213.277 0.013
4224059.581 0.013
4211910.092 0.013
4199764.896 0.013
4187624.078 0.013
4175487.726 0.013
4163355.926 0.013
4151228.768 0.014
4139106.341 0.014
4126988.734 0.014
4114876.039 0.014
4102768.348 0.014
4090665.754 0.014
4078568.351 0.014
4066476.232 0.014
4054389.495 0.014
4042308.235 0.014
4030232.551 0.014
4018162.540 0.014
4006098.303 0.015
3994039.940 0.015
3981987.552 0.015
3969941.242 0.015
3957901.115 0.015
3945867.274 0.015
3933839.826 0.015
3921818.877 0.015
3909804.536 0.015
3897796.912 0.015
3885796.115 0.015
3873802.256 0.016
3861815.449 0.016
3849835.807 0.016
3837863.444 0.016
3825898.479 0.016
3813941.027 0.016
3801991.207 0.016
3790049.141 0.016
3778114.948 0.016
3766188.752 0.016
3754270.677 0.017
3742360.847 0.017
3730459.390 0.017
3718566.433 0.017
3706682.106 0.017
3694806.540 0.017
3682939.867 0.017
3671082.221 0.017
3659233.737 0.017
3647394.551 0.018
3635564.803 0.018
3623744.631 0.018
3611934.178 0.018
3600133.585 0.018
3588342.998 0.018
3576562.563 0.018
3564792.427 0.018
3553032.741 0.018
3541283.654 0.019
3529545.320 0.019
3517817.895 0.019
3506101.533 0.019
3494396.394 0.019
3482702.636 0.019
3471020.424 0.019
3459349.919 0.019
3447691.287 0.020
3436044.697 0.020
3424410.317 0.020
3412788.319 0.020
3401178.877 0.020
3389582.166 0.020
3377998.363 0.020
3366427.649 0.021
3354870.204 0.021
3343326.214 0.021
3331795.863 0.021
3320279.340 0.021
3308776.837 0.021
3297288.544 0.021
3285814.658 0.022
3274355.376 0.022
3262910.898 0.022
3251481.426 0.022
3240067.164 0.022
3228668.319 0.022
3217285.102 0.022
3205917.723 0.023
3194566.399 0.023
3183231.345 0.023
3171912.781 0.023
3160610.931 0.023
3149326.019 0.023
3138058.274 0.024
3126807.925 0.024
3115575.207 0.024
3104360.356 0.024
3093163.611 0.024
3081985.215 0.024
3070825.412 0.025
3059684.450 0.025
3048562.582 0.025
3037460.061 0.025
3026377.144 0.025
3015314.092 0.026
3004271.169 0.026
2993248.642 0.026
2982246.781 0.026
2971265.860 0.026
2960306.156 0.026
2949367.949 0.027
2938451.524 0.027
2927557.167 0.027
2916685.169 0.027
2905835.825 0.027
2895009.434 0.028
2884206.296 0.028
2873426.718 0.028
2862671.009 0.028
2851939.482 0.029
2841232.454 0.029
2830550.246 0.029
2819893.183 0.029
2809261.593 0.029
2798655.810 0.030
2788076.170 0.030
2777523.016 0.030
2766996.691 0.030
2756497.546 0.030
2746025.934 0.031
2735582.214 0.031
2725166.747 0.031
2714779.902 0.031
2704422.049 0.032
2694093.564 0.032
2683794.828 0.032
2673526.226 0.032
2663288.147 0.033
2653080.986 0.033
2642905.142 0.033
2632761.019 0.033
2622649.025 0.034
2612569.574 0.034
2602523.085 0.034
2592509.982 0.034
2582530.692 0.035
2572585.648 0.035
2562675.291 0.035
2552800.063 0.035
2542960.413 0.036
2533156.795 0.036
2523389.668 0.036
2513659.497 0.037
2503966.752 0.037
2494311.908 0.037
2484695.445 0.037
2475117.849 0.038
2465579.612 0.038
2456081.230 0.038
2446623.206 0.039
2437206.047 0.039
2427830.267 0.039
2418496.384 0.039
2409204.923 0.040
2399956.413 0.040
2390751.391 0.040
2381590.397 0.041
2372473.978 0.041
2363402.686 0.041
2354377.080 0.042
2345397.723 0.042
2336465.184 0.042
2327580.038 0.042
2318742.865 0.043
2309954.252 0.043
2301214.789 0.043
2292525.075 0.044
2283885.711 0.044
2275297.307 0.044
2266760.474 0.045
2258275.834 0.045
2249844.009 0.045
2241465.631 0.046
2233141.333 0.046
2224871.757 0.046
2216657.548 0.047
2208499.357 0.047
2200397.838 0.047
2192353.654 0.048
2184367.470 0.048
2176439.956 0.048
2168571.788 0.049
2160763.645 0.049
2153016.211 0.049
2145330.176 0.050
2137706.232 0.050
2130145.076 0.051
2122647.411 0.051
2115213.940 0.051
2107845.374 0.052
2100542.424 0.052
2093305.807 0.052
2086136.241 0.053
2079034.450 0.053
2072001.158 0.053
2065037.094 0.054
2058142.988 0.054
2051319.573 0.054
2044567.584 0.055
2037887.759 0.055
2031280.835 0.055
2024747.554 0.056
2018288.655 0.056
2011904.883 0.056
2005596.978 0.057
1999365.686 0.057
1993211.748 0.057
1987135.910 0.058
1981138.912 0.058
1975221.499 0.058
1969384.409 0.059
1963628.385 0.059
1957954.162 0.060
1952362.477 0.060
1946854.064 0.060
1941429.654 0.060
1936089.974 0.061
1930835.749 0.061
1925667.699 0.061
1920586.540 0.062
1915592.985 0.062
1910687.739 0.062
1905871.506 0.063
1901144.979 0.063
1896508.850 0.063
1891963.800 0.064
1887510.507 0.064
1883149.638 0.064
1878881.855 0.064
1874707.811 0.065
1870628.150 0.065
1866643.506 0.065
1862754.506 0.066
1858961.766 0.066
1855265.891 0.066
1851667.475 0.066
1848167.103 0.067
1844765.346 0.067
1841462.765 0.067
1838259.907 0.067
1835157.308 0.067
1832155.488 0.068
1829254.956 0.068
1826456.207 0.068
1823759.720 0.068
1821165.959 0.068
1818675.376 0.069
1816288.404 0.069
1814005.461 0.069
1811826.951 0.069
1809753.258 0.069
1807784.753 0.069
1805921.786 0.070
1804164.693 0.070
1802513.789 0.070
1800969.374 0.070
1799531.727 0.070
1798201.111 0.070
1796977.769 0.070
1795861.924 0.070
1794853.782 0.070
1793953.528 0.070
1793161.328 0.071
1792477.330 0.071
1791901.658 0.071
1791434.421 0.071
1791075.704 0.071
1790825.575 0.071
1790684.080 0.071
1790651.246 0.071
1790727.077 0.071
1790911.561 0.071
1791204.663 0.071
1791606.329 0.071
1792116.483 0.071
1792735.032 0.071
1793461.860 0.070
1794296.833 0.070
1795239.798 0.070
1796290.579 0.070
1797448.985 0.070
1798714.801 0.070
1800087.798 0.070
1801567.723 0.070
1803154.309 0.070
1804847.267 0.070
1806646.291 0.070
1808551.059 0.069
1810561.228 0.069
1812676.440 0.069
1814896.320 0.069
1817220.474 0.069
1819648.495 0.069
1822179.956 0.068
1824814.419 0.068
1827551.426 0.068
1830390.507 0.068
1833331.177 0.068
1836372.935 0.067
1839515.268 0.067
1842757.650 0.067
1846099.540 0.067
1849540.385 0.066
1853079.620 0.066
1856716.670 0.066
1860450.945 0.066
1864281.846 0.065
1868208.765 0.065
1872231.081 0.065
1876348.165 0.065
1880559.378 0.064
1884864.072 0.064
1889261.591 0.064
1893751.272 0.063
1898332.442 0.063
1903004.422 0.063
1907766.528 0.063
1912618.066 0.062
1917558.339 0.062
1922586.642 0.062
1927702.268 0.061
1932904.503 0.061
1938192.628 0.061
1943565.922 0.060
1949023.658 0.060
1954565.108 0.060
1960189.540 0.059
1965896.219 0.059
1971684.409 0.059
1977553.370 0.058
1983502.363 0.058
1989530.646 0.058
1995637.477 0.057
2001822.112 0.057
2008083.808 0.057
2014421.822 0.056
2020835.410 0.056
2027323.830 0.056
2033886.340 0.055
2040522.199 0.055
2047230.668 0.055
2054011.007 0.054
2060862.482 0.054
2067784.358 0.054
2074775.903 0.053
2081836.387 0.053
2088965.083 0.052
2096161.267 0.052
2103424.218 0.052
2110753.218 0.051
2118147.552 0.051
2125606.509 0.051
2133129.382 0.050
2140715.467 0.050
2148364.064 0.050
2156074.477 0.049
2163846.016 0.049
2171677.993 0.049
2179569.726 0.048
2187520.537 0.048
2195529.752 0.048
2203596.703 0.047
2211720.727 0.047
2219901.163 0.047
2228137.359 0.046
2236428.666 0.046
2244774.441 0.046
2253174.045 0.045
2261626.844 0.045
2270132.213 0.045
2278689.527 0.044
2287298.170 0.044
2295957.531 0.044
2304667.004 0.043
2313425.988 0.043
2322233.888 0.043
2331090.115 0.042
2339994.085 0.042
2348945.220 0.042
2357942.947 0.041
2366986.700 0.041
2376075.916 0.041
2385210.041 0.041
2394388.524 0.040
2403610.820 0.040
2412876.392 0.040
2422184.704 0.039
2431535.230 0.039
2440927.448 0.039
2450360.841 0.038
2459834.897 0.038
2469349.112 0.038
2478902.984 0.038
2488496.021 0.037
2498127.731 0.037
2507797.633 0.037
2517505.246 0.036
2527250.099 0.036
2537031.723 0.036
2546849.657 0.036
2556703.442 0.035
2566592.627 0.035
2576516.766 0.035
2586475.416 0.035
2596468.140 0.034
2606494.509 0.034
2616554.094 0.034
2626646.475 0.034
2636771.235 0.033
2646927.963 0.033
2657116.251 0.033
2667335.697 0.033
2677585.905 0.032
2687866.481 0.032
2698177.038 0.032
2708517.194 0.032
2718886.568 0.031
2729284.787 0.031
2739711.481 0.031
2750166.285 0.031
2760648.839 0.030
2771158.786 0.030
2781695.773 0.030
2792259.454 0.030
2802849.484 0.030
2813465.523 0.029
2824107.237 0.029
2834774.295 0.029
2845466.368 0.029
2856183.133 0.028
2866924.272 0.028
2877689.469 0.028
2888478.412 0.028
2899290.793 0.028
2910126.308 0.027
2920984.657 0.027
2931865.543 0.027
2942768.673 0.027
2953693.758 0.027
2964640.511 0.026
2975608.651 0.026
2986597.897 0.026
2997607.974 0.026
3008638.610 0.026
3019689.537 0.025
3030760.487 0.025
3041851.199 0.025
3052961.414 0.025
3064090.875 0.025
3075239.329 0.025
3086406.526 0.024
3097592.220 0.024
3108796.166 0.024
3120018.123 0.024
3131257.853 0.024
3142515.121 0.024
3153789.695 0.023
3165081.344 0.023
3176389.843 0.023
3187714.966 0.023
3199056.493 0.023
3210414.205 0.023
3221787.885 0.022
3233177.320 0.022
3244582.299 0.022
3256002.613 0.022
3267438.057 0.022
3278888.426 0.022
3290353.520 0.022
3301833.140 0.021
3313327.088 0.021
3324835.172 0.021
3336357.199 0.021
3347892.980 0.021
3359442.326 0.021
3371005.054 0.020
3382580.979 0.020
3394169.922 0.020
3405771.703 0.020
3417386.145 0.020
3429013.074 0.020
3440652.317 0.020
3452303.703 0.020
3463967.064 0.019
3475642.233 0.019
3487329.045 0.019
3499027.337 0.019
3510736.949 0.019
3522457.719 0.019
3534189.492 0.019
3545932.112 0.019
3557685.423 0.018
3569449.276 0.018
3581223.518 0.018
3593008.000 0.018
3604802.577 0.018
3616607.102 0.018
3628421.432 0.018
3640245.424 0.018
3652078.937 0.017
3663921.832 0.017
3675773.972 0.017
3687635.221 0.017
3699505.443 0.017
3711384.506 0.017
3723272.278 0.017
3735168.629 0.017
3747073.430 0.017
3758986.553 0.017
3770907.872 0.016
3782837.263 0.016
3794774.602 0.016
3806719.766 0.016
3818672.636 0.016
3830633.092 0.016
3842601.015 0.016
3854576.289 0.016
3866558.797 0.016
3878548.425 0.016
3890545.060 0.015
3902548.590 0.015
3914558.903 0.015
3926575.889 0.015
3938599.441 0.015
3950629.449 0.015
3962665.809 0.015
3974708.414 0.015
3986757.160 0.015
3998811.943 0.015
4010872.662 0.015
4022939.215 0.014
4035011.503 0.014
4047089.425 0.014
4059172.884 0.014
4071261.782 0.014
4083356.024 0.014
4095455.513 0.014
4107560.156 0.014
4119669.859 0.014
4131784.530 0.014
4143904.077 0.014
4156028.409 0.014
4168157.436 0.013
4180291.070 0.013
4192429.222 0.013
4204571.805 0.013
4216718.733 0.013
4228869.920 0.013
4241025.281 0.013
4253184.732 0.013
4265348.190 0.013
4277515.573 0.013
4289686.799 0.013
4301861.786 0.013
4314040.456 0.013
4326222.728 0.012
4338408.523 0.012
4350597.765 0.012
4362790.375 0.012
4374986.277 0.012
4387185.396 0.012
4399387.655 0.012
4411592.982 0.012
4423801.301 0.012
4436012.539 0.012
4448226.625 0.012
4460443.487 0.012
4472663.052 0.012
4484885.251 0.012
4497110.014 0.012
4509337.271 0.012
4521566.953 0.011
4533798.993 0.011
4546033.323 0.011
4558269.875 0.011
4570508.584 0.011
4582749.383 0.011
4594992.208 0.011
4607236.994 0.011
4619483.676 0.011
4631732.191 0.011
4643982.475 0.011
4656234.467 0.011
4668488.103 0.011
4680743.324 0.011
4693000.066 0.011
4705258.271 0.011
4717517.878 0.011
4729778.827 0.010
4742041.059 0.010
4754304.517 0.010
4766569.141 0.010
4778834.873 0.010
4791101.658 0.010
4803369.438 0.010
4815638.157 0.010
4827907.758 0.010
4840178.187 0.010
4852449.389 0.010
4864721.308 0.010
4876993.892 0.010
4889267.086 0.010
4901540.837 0.010
4913815.091 0.010
4926089.798 0.010
4938364.904 0.010
4950640.357 0.010
4962916.108 0.010
4975192.103 0.009
4987468.294 0.009
4999744.630 0.009
5012021.061 0.009
5024297.537 0.009
5036574.011 0.009
5048850.432 0.009
5061126.753 0.009
5073402.925 0.009
5085678.901 0.009
5097954.634 0.009
5110230.077 0.009
5122505.183 0.009
5134779.906 0.009
5147054.199 0.009
5159328.017 0.009
5171601.316 0.009
5183874.049 0.009
5196146.172 0.009
5208417.640 0.009
5220688.411 0.009
5232958.439 0.009
5245227.681 0.009
5257496.094 0.008
5269763.636 0.008
5282030.263 0.008
5294295.934 0.008
5306560.605 0.008
5318824.236 0.008
0.0 0.0 0.0
0.0 0.0 0.0
0.0 0.0 0.0
0.0 0.0 0.0
0.0 0.0 0.0
0.0 0.0 0.0
0.0 0.0 0.0
0.0 0.0 0.0
0.0 0.0 0.0
0.0 0.0 0.0
0.0 0.0 0.0
0.0 0.0 0.0
0.0 0.0 0.0
0.0 0.0 0.0
0.0 0.0 0.0
0.0 0.0 0.0
0.0 0.0 0.0
0.0 0.0 0.0
0.0 0.0 0.0
0.0 0.0 0.0
0.0 0.0 0.0
0.0 0.0 0.0
0.0 0.0 0.0
0.0 0.0 0.0
0.0 0.0 0.0
0.0 0.0 0.0
0.0 0.0 0.0
0.0 0.0 0.0
0.0 0.0 0.0
0.0 0.0 0.0
0.0 0.0 0.0
0.0 0.0 0.0
0.0 0.0 0.0
0.0 0.0 0.0
0.0 0.0 0.0
0.0 0.0 0.0
0.0 0.0 0.0
0.0 0.0 0.0
0.0 0.0 0.0
0.0 0.0 0.0
0.0 0.0 0.0
0.0 0.0 0.0
0.0 0.0 0.0
0.0 0.0 0.0
0.0 0.0 0.0
0.0 0.0 0.0
0.0 0.0 0.0
0.0 0.0 0.0
0.0 0.0 0.0
0.0 0.0 0.0
0.0 0.0 0.0
0.0 0.0 0.0
0.0 0.0 0.0
0.0 0.0 0.0
0.0 0.0 0.0
0.0 0.0 0.0
0.0 0.0 0.0
0.0 0.0 0.0
0.0 0.0 0.0
0.0 0.0 0.0
0.0 0.0 0.0
0.0 0.0 0.0
0.0 0.0 0.0
0.0 0.0 0.0
0.0 0.0 0.0
0.0 0.0 0.0
0.0 0.0 0.0
0.0 0.0 0.0
0.0 0.0 0.0
0.0 0.0 0.0
0.0 0.0 0.0
0.0 0.0 0.0
0.0 0.0 0.0
0.0 0.0 0.0
0.0 0.0 0.0
0.0 0.0 0.0
0.0 0.0 0.0
0.0 0.0 0.0
0.0 0.0 0.0
0.0 0.0 0.0
0.0 0.0 0.0
0.0 0.0 0.0
0.0 0.0 0.0
0.0 0.0 0.0
0.0 0.0 0.0
0.0 0.0 0.0
0.0 0.0 0.0
0.0 0.0 0.0
0.0 0.0 0.0
0.0 0.0 0.0
0.0 0.0 0.0
0.0 0.0 0.0
0.0 0.0 0.0
0.0 0.0 0.0
0.0 0.0 0.0
0.0 0.0 0.0
0.0 0.0 0.0
0.0 0.0 0.0
0.0 0.0 0.0
0.0 0.0 0.0
0.0 0.0 0.0
0.0 0.0 0.0
0.0 0.0 0.0
0.0 0.0 0.0
0.0 0.0 0.0
0.0 0.0 0.0
0.0 0.0 0.0
0.0 0.0 0.0
0.0 0.0 0.0
0.0 0.0 0.0
0.0 0.0 0.0
0.0 0.0 0.0
0.0 0.0 0.0
0.0 0.0 0.0
0.0 0.0 0.0
0.0 0.0 0.0
0.0 0.0 0.0
0.0 0.0 0.0
0.0 0.0 0.0
0.0 0.0 0.0
0.0 0.0 0.0
0.0 0.0 0.0
0.0 0.0 0.0
0.0 0.0 0.0
0.0 0.0 0.0
0.0 0.0 0.0
0.0 0.0 0.0
0.0 0.0 0.0
0.0 0.0 0.0
0.0 0.0 0.0
0.0 0.0 0.0
0.0 0.0 0.0
0.0 0.0 0.0
0.0 0.0 0.0
0.0 0.0 0.0
0.0 0.0 0.0
0.0 0.0 0.0
0.0 0.0 0.0
0.0 0.0 0.0
0.0 0.0 0.0
0.0 0.0 0.0
0.0 0.0 0.0
0.0 0.0 0.0
0.0 0.0 0.0
0.0 0.0 0.0
0.0 0.0 0.0
0.0 0.0 0.0
0.0 0.0 0.0
0.0 0.0 0.0
0.0 0.0 0.0
0.0 0.0 0.0
0.0 0.0 0.0
0.0 0.0 0.0
0.0 0.0 0.0
0.0 0.0 0.0
0.0 0.0 0.0
0.0 0.0 0.0
0.0 0.0 0.0
0.0 0.0 0.0
0.0 0.0 0.0
0.0 0.0 0.0
0.0 0.0 0.0
0.0 0.0 0.0
0.0 0.0 0.0
0.0 0.0 0.0
0.0 0.0 0.0
0.0 0.0 0.0
0.0 0.0 0.0
0.0 0.0 0.0
0.0 0.0 0.0
0.0 0.0 0.0
0.0 0.0 0.0
0.0 0.0 0.0
0.0 0.0 0.0
0.0 0.0 0.0
0.0 0.0 0.0
0.0 0.0 0.0
0.0 0.0 0.0
0.0 0.0 0.0
0.0 0.0 0.0
0.0 0.0 0.0
0.0 0.0 0.0
0.0 0.0 0.0
0.0 0.0 0.0
0.0 0.0 0.0
0.0 0.0 0.0
0.0 0.0 0.0
0.0 0.0 0.0
0.0 0.0 0.0
0.0 0.0 0.0
0.0 0.0 0.0
0.0 0.0 0.0
0.0 0.0 0.0
0.0 0.0 0.0
0.0 0.0 0.0
0.0 0.0 0.0
0.0 0.0 0.0
0.0 0.0 0.0
0.0 0.0 0.0
0.0 0.0 0.0
0.0 0.0 0.0
0.0 0.0 0.0
0.0 0.0 0.0
0.0 0.0 0.0
0.0 0.0 0.0
0.0 0.0 0.0
0.0 0.0 0.0
0.0 0.0 0.0
0.0 0.0 0.0
0.0 0.0 0.0
0.0 0.0 0.0
0.0 0.0 0.0
0.0 0.0 0.0
0.0 0.0 0.0
0.0 0.0 0.0
0.0 0.0 0.0
0.0 0.0 0.0
0.0 0.0 0.0
0.0 0.0 0.0
0.0 0.0 0.0
0.0 0.0 0.0
0.0 0.0 0.0
0.0 0.0 0.0
0.0 0.0 0.0
0.0 0.0 0.0
0.0 0.0 0.0
0.0 0.0 0.0
0.0 0.0 0.0
0.0 0.0 0.0
0.0 0.0 0.0
0.0 0.0 0.0
0.0 0.0 0.0
0.0 0.0 0.0
0.0 0.0 0.0
0.0 0.0 0.0
0.0 0.0 0.0
0.0 0.0 0.0
0.0 0.0 0.0
0.0 0.0 0.0
0.0 0.0 0.0
0.0 0.0 0.0
0.0 0.0 0.0
0.0 0.0 0.0
0.0 0.0 0.0
0.0 0.0 0.0
0.0 0.0 0.0
0.0 0.0 0.0
0.0 0.0 0.0
0.0 0.0 0.0
0.0 0.0 0.0
0.0 0.0 0.0
0.0 0.0 0.0
0.0 0.0 0.0
0.0 0.0 0.0
0.0 0.0 0.0
0.0 0.0 0.0
0.0 0.0 0.0
0.0 0.0 0.0
0.0 0.0 0.0
0.0 0.0 0.0
0.0 0.0 0.0
0.0 0.0 0.0
0.0 0.0 0.0
0.0 0.0 0.0
0.0 0.0 0.0
0.0 0.0 0.0
0.0 0.0 0.0
0.0 0.0 0.0
0.0 0.0 0.0
0.0 0.0 0.0
0.0 0.0 0.0
0.0 0.0 0.0
0.0 0.0 0.0
0.0 0.0 0.0
0.0 0.0 0.0
0.0 0.0 0.0
0.0 0.0 0.0
0.0 0.0 0.0
0.0 0.0 0.0
0.0 0.0 0.0
0.0 0.0 0.0
0.0 0.0 0.0
0.0 0.0 0.0
0.0 0.0 0.0
0.0 0.0 0.0
0.0 0.0 0.0
0.0 0.0 0.0
0.0 0.0 0.0
0.0 0.0 0.0
0.0 0.0 0.0
0.0 0.0 0.0
0.0 0.0 0.0
0.0 0.0 0.0
0.0 0.0 0.0
0.0 0.0 0.0
0.0 0.0 0.0
0.0 0.0 0.0
0.0 0.0 0.0
0.0 0.0 0.0
0.0 0.0 0.0
0.0 0.0 0.0
0.0 0.0 0.0
0.0 0.0 0.0
0.0 0.0 0.0
0.0 0.0 0.0
0.0 0.0 0.0
0.0 0.0 0.0
0.0 0.0 0.0
0.0 0.0 0.0
0.0 0.0 0.0
0.0 0.0 0.0
0.0 0.0 0.0
0.0 0.0 0.0
0.0 0.0 0.0
0.0 0.0 0.0
0.0 0.0 0.0
0.0 0.0 0.0
0.0 0.0 0.0
0.0 0.0 0.0
0.0 0.0 0.0
0.0 0.0 0.0
0.0 0.0 0.0
0.0 0.0 0.0
0.0 0.0 0.0
0.0 0.0 0.0
0.0 0.0 0.0
0.0 0.0 0.0
0.0 0.0 0.0
0.0 0.0 0.0
0.0 0.0 0.0
0.0 0.0 0.0
0.0 0.0 0.0
0.0 0.0 0.0
0.0 0.0 0.0
0.0 0.0 0.0
0.0 0.0 0.0
0.0 0.0 0.0
0.0 0.0 0.0
0.0 0.0 0.0
0.0 0.0 0.0
0.0 0.0 0.0
0.0 0.0 0.0
0.0 0.0 0.0
0.0 0.0 0.0
0.0 0.0 0.0
0.0 0.0 0.0
0.0 0.0 0.0
0.0 0.0 0.0
0.0 0.0 0.0
0.0 0.0 0.0
0.0 0.0 0.0
0.0 0.0 0.0
0.0 0.0 0.0
0.0 0.0 0.0
0.0 0.0 0.0
0.0 0.0 0.0
0.0 0.0 0.0
0.0 0.0 0.0
0.0 0.0 0.0
0.0 0.0 0.0
0.0 0.0 0.0
0.0 0.0 0.0
0.0 0.0 0.0
0.0 0.0 0.0
0.0 0.0 0.0
0.0 0.0 0.0
0.0 0.0 0.0
0.0 0.0 0.0
0.0 0.0 0.0
0.0 0.0 0.0
0.0 0.0 0.0
0.0 0.0 0.0
0.0 0.0 0.0
0.0 0.0 0.0
0.0 0.0 0.0
0.0 0.0 0.0
0.0 0.0 0.0
0.0 0.0 0.0
0.0 0.0 0.0
0.0 0.0 0.0
0.0 0.0 0.0
0.0 0.0 0.0
0.0 0.0 0.0
0.0 0.0 0.0
0.0 0.0 0.0
0.0 0.0 0.0
0.0 0.0 0.0
0.0 0.0 0.0
0.0 0.0 0.0
0.0 0.0 0.0
0.0 0.0 0.0
0.0 0.0 0.0
0.0 0.0 0.0
0.0 0.0 0.0
0.0 0.0 0.0
0.0 0.0 0.0
0.0 0.0 0.0
0.0 0.0 0.0
0.0 0.0 0.0
0.0 0.0 0.0
0.0 0.0 0.0
0.0 0.0 0.0
0.0 0.0 0.0
0.0 0.0 0.0
0.0 0.0 0.0
0.0 0.0 0.0
0.0 0.0 0.0
0.0 0.0 0.0
0.0 0.0 0.0
0.0 0.0 0.0
0.0 0.0 0.0
0.0 0.0 0.0
0.0 0.0 0.0
0.0 0.0 0.0
0.0 0.0 0.0
0.0 0.0 0.0
0.0 0.0 0.0
0.0 0.0 0.0
0.0 0.0 0.0
0.0 0.0 0.0
0.0 0.0 0.0
0.0 0.0 0.0
0.0 0.0 0.0
0.0 0.0 0.0
0.0 0.0 0.0
0.0 0.0 0.0
0.0 0.0 0.0
0.0 0.0 0.0
0.0 0.0 0.0
0.0 0.0 0.0
0.0 0.0 0.0
0.0 0.0 0.0
0.0 0.0 0.0
0.0 0.0 0.0
0.0 0.0 0.0
0.0 0.0 0.0
0.0 0.0 0.0
0.0 0.0 0.0
0.0 0.0 0.0
0.0 0.0 0.0
0.0 0.0 0.0
0.0 0.0 0.0
0.0 0.0 0.0
0.0 0.0 0.0
0.0 0.0 0.0
0.0 0.0 0.0
0.0 0.0 0.0
0.0 0.0 0.0
0.0 0.0 0.0
0.0 0.0 0.0
0.0 0.0 0.0
0.0 0.0 0.0
0.0 0.0 0.0
0.0 0.0 0.0
0.0 0.0 0.0
0.0 0.0 0.0
0.0 0.0 0.0
0.0 0.0 0.0
0.0 0.0 0.0
0.0 0.0 0.0
0.0 0.0 0.0
0.0 0.0 0.0
0.0 0.0 0.0
0.0 0.0 0.0
0.0 0.0 0.0
0.0 0.0 0.0
0.0 0.0 0.0
0.0 0.0 0.0
0.0 0.0 0.0
0.0 0.0 0.0
0.0 0.0 0.0
0.0 0.0 0.0
0.0 0.0 0.0
0.0 0.0 0.0
0.0 0.0 0.0
0.0 0.0 0.0
0.0 0.0 0.0
0.0 0.0 0.0
0.0 0.0 0.0
0.0 0.0 0.0
0.0 0.0 0.0
0.0 0.0 0.0
0.0 0.0 0.0
0.0 0.0 0.0
0.0 0.0 0.0
0.0 0.0 0.0
0.0 0.0 0.0
0.0 0.0 0.0
0.0 0.0 0.0
0.0 0.0 0.0
0.0 0.0 0.0
0.0 0.0 0.0
0.0 0.0 0.0
0.0 0.0 0.0
0.0 0.0 0.0
0.0 0.0 0.0
0.0 0.0 0.0
0.0 0.0 0.0
0.0 0.0 0.0
0.0 0.0 0.0
0.0 0.0 0.0
0.0 0.0 0.0
0.0 0.0 0.0
0.0 0.0 0.0
0.0 0.0 0.0
0.0 0.0 0.0
0.0 0.0 0.0
0.0 0.0 0.0
0.0 0.0 0.0
0.0 0.0 0.0
0.0 0.0 0.0
0.0 0.0 0.0
0.0 0.0 0.0
0.0 0.0 0.0
0.0 0.0 0.0
0.0 0.0 0.0
0.0 0.0 0.0
0.0 0.0 0.0
0.0 0.0 0.0
0.0 0.0 0.0
0.0 0.0 0.0
0.0 0.0 0.0
0.0 0.0 0.0
0.0 0.0 0.0
0.0 0.0 0.0
0.0 0.0 0.0
0.0 0.0 0.0
0.0 0.0 0.0
0.0 0.0 0.0
0.0 0.0 0.0
0.0 0.0 0.0
0.0 0.0 0.0
0.0 0.0 0.0
0.0 0.0 0.0
0.0 0.0 0.0
0.0 0.0 0.0
0.0 0.0 0.0
0.0 0.0 0.0
0.0 0.0 0.0
0.0 0.0 0.0
0.0 0.0 0.0
0.0 0.0 0.0
0.0 0.0 0.0
0.0 0.0 0.0
0.0 0.0 0.0
0.0 0.0 0.0
0.0 0.0 0.0
0.0 0.0 0.0
0.0 0.0 0.0
0.0 0.0 0.0
0.0 0.0 0.0
0.0 0.0 0.0
0.0 0.0 0.0
0.0 0.0 0.0
0.0 0.0 0.0
0.0 0.0 0.0
0.0 0.0 0.0
0.0 0.0 0.0
0.0 0.0 0.0
0.0 0.0 0.0
0.0 0.0 0.0
0.0 0.0 0.0
0.0 0.0 0.0
0.0 0.0 0.0
0.0 0.0 0.0
0.0 0.0 0.0
0.0 0.0 0.0
0.0 0.0 0.0
0.0 0.0 0.0
0.0 0.0 0.0
0.0 0.0 0.0
0.0 0.0 0.0
0.0 0.0 0.0
0.0 0.0 0.0
0.0 0.0 0.0
0.0 0.0 0.0
0.0 0.0 0.0
0.0 0.0 0.0
0.0 0.0 0.0
0.0 0.0 0.0
0.0 0.0 0.0
0.0 0.0 0.0
0.0 0.0 0.0
0.0 0.0 0.0
0.0 0.0 0.0
0.0 0.0 0.0
0.0 0.0 0.0
0.0 0.0 0.0
0.0 0.0 0.0
0.0 0.0 0.0
0.0 0.0 0.0
0.0 0.0 0.0
0.0 0.0 0.0
0.0 0.0 0.0
0.0 0.0 0.0
0.0 0.0 0.0
0.0 0.0 0.0
0.0 0.0 0.0
0.0 0.0 0.0
0.0 0.0 0.0
0.0 0.0 0.0
0.0 0.0 0.0
0.0 0.0 0.0
0.0 0.0 0.0
0.0 0.0 0.0
0.0 0.0 0.0
0.0 0.0 0.0
0.0 0.0 0.0
0.0 0.0 0.0
0.0 0.0 0.0
0.0 0.0 0.0
0.0 0.0 0.0
0.0 0.0 0.0
0.0 0.0 0.0
0.0 0.0 0.0
0.0 0.0 0.0
0.0 0.0 0.0
0.0 0.0 0.0
0.0 0.0 0.0
0.0 0.0 0.0
0.0 0.0 0.0
0.0 0.0 0.0
0.0 0.0 0.0
0.0 0.0 0.0
0.0 0.0 0.0
0.0 0.0 0.0
0.0 0.0 0.0
0.0 0.0 0.0
0.0 0.0 0.0
0.0 0.0 0.0
0.0 0.0 0.0
0.0 0.0 0.0
0.0 0.0 0.0
0.0 0.0 0.0
0.0 0.0 0.0
0.0 0.0 0.0
0.0 0.0 0.0
0.0 0.0 0.0
0.0 0.0 0.0
0.0 0.0 0.0
0.0 0.0 0.0
0.0 0.0 0.0
0.0 0.0 0.0
0.0 0.0 0.0
0.0 0.0 0.0
0.0 0.0 0.0
0.0 0.0 0.0
0.0 0.0 0.0
0.0 0.0 0.0
0.0 0.0 0.0
0.0 0.0 0.0
0.0 0.0 0.0
0.0 0.0 0.0
0.0 0.0 0.0
0.0 0.0 0.0
0.0 0.0 0.0
0.0 0.0 0.0
0.0 0.0 0.0
0.0 0.0 0.0
0.0 0.0 0.0
0.0 0.0 0.0
0.0 0.0 0.0
0.0 0.0 0.0
0.0 0.0 0.0
0.0 0.0 0.0
0.0 0.0 0.0
0.0 0.0 0.0
0.0 0.0 0.0
0.0 0.0 0.0
0.0 0.0 0.0
0.0 0.0 0.0
0.0 0.0 0.0
0.0 0.0 0.0
0.0 0.0 0.0
0.0 0.0 0.0
0.0 0.0 0.0
0.0 0.0 0.0
0.0 0.0 0.0
0.0 0.0 0.0
0.0 0.0 0.0
0.0 0.0 0.0
0.0 0.0 0.0
0.0 0.0 0.0
0.0 0.0 0.0
0.0 0.0 0.0
0.0 0.0 0.0
0.0 0.0 0.0
0.0 0.0 0.0
0.0 0.0 0.0
0.0 0.0 0.0
0.0 0.0 0.0
0.0 0.0 0.0
0.0 0.0 0.0
0.0 0.0 0.0
0.0 0.0 0.0
0.0 0.0 0.0
0.0 0.0 0.0
0.0 0.0 0.0
0.0 0.0 0.0
0.0 0.0 0.0
0.0 0.0 0.0
0.0 0.0 0.0
0.0 0.0 0.0
0.0 0.0 0.0
0.0 0.0 0.0
0.0 0.0 0.0
0.0 0.0 0.0
0.0 0.0 0.0
0.0 0.0 0.0
0.0 0.0 0.0
0.0 0.0 0.0
0.0 0.0 0.0
0.0 0.0 0.0
0.0 0.0 0.0
0.0 0.0 0.0
0.0 0.0 0.0
0.0 0.0 0.0
0.0 0.0 0.0
0.0 0.0 0.0
0.0 0.0 0.0
0.0 0.0 0.0
0.0 0.0 0.0
0.0 0.0 0.0
0.0 0.0 0.0
0.0 0.0 0.0
0.0 0.0 0.0
0.0 0.0 0.0
0.0 0.0 0.0
0.0 0.0 0.0
0.0 0.0 0.0
0.0 0.0 0.0
0.0 0.0 0.0
0.0 0.0 0.0
0.0 0.0 0.0
0.0 0.0 0.0
0.0 0.0 0.0
0.0 0.0 0.0
0.0 0.0 0.0
0.0 0.0 0.0
0.0 0.0 0.0
0.0 0.0 0.0
0.0 0.0 0.0
0.0 0.0 0.0
0.0 0.0 0.0
0.0 0.0 0.0
0.0 0.0 0.0
0.0 0.0 0.0
0.0 0.0 0.0
0.0 0.0 0.0
0.0 0.0 0.0
0.0 0.0 0.0
0.0 0.0 0.0
0.0 0.0 0.0
0.0 0.0 0.0
0.0 0.0 0.0
0.0 0.0 0.0
0.0 0.0 0.0
0.0 0.0 0.0
0.0 0.0 0.0
0.0 0.0 0.0
0.0 0.0 0.0
0.0 0.0 0.0
0.0 0.0 0.0
0.0 0.0 0.0
0.0 0.0 0.0
0.0 0.0 0.0
0.0 0.0 0.0
0.0 0.0 0.0
0.0 0.0 0.0
0.0 0.0 0.0
0.0 0.0 0.0
0.0 0.0 0.0
0.0 0.0 0.0
0.0 0.0 0.0
0.0 0.0 0.0
0.0 0.0 0.0
0.0 0.0 0.0
0.0 0.0 0.0
0.0 0.0 0.0
0.0 0.0 0.0
0.0 0.0 0.0
0.0 0.0 0.0
0.0 0.0 0.0
0.0 0.0 0.0
0.0 0.0 0.0
0.0 0.0 0.0
0.0 0.0 0.0
0.0 0.0 0.0
0.0 0.0 0.0
0.0 0.0 0.0
0.0 0.0 0.0
0.0 0.0 0.0
0.0 0.0 0.0
0.0 0.0 0.0
0.0 0.0 0.0
0.0 0.0 0.0
0.0 0.0 0.0
0.0 0.0 0.0
3588762.350 0.018
3580018.949 0.018
3571271.984 0.018
3562521.465 0.018
3553767.399 0.018
3545009.795 0.019
3536248.662 0.019
3527484.010 0.019
3518715.845 0.019
3509944.178 0.019
3501169.017 0.019
3492390.371 0.019
3483608.249 0.019
3474822.658 0.019
3466033.609 0.019
3457241.109 0.019
3448445.168 0.020
3439645.794 0.020
3430842.996 0.020
3422036.782 0.020
3413227.163 0.020
3404414.145 0.020
3395597.739 0.020
3386777.953 0.020
3377954.795 0.020
3369128.274 0.021
3360298.400 0.021
3351465.181 0.021
3342628.626 0.021
3333788.743 0.021
3324945.542 0.021
3316099.031 0.021
3307249.219 0.021
3298396.114 0.021
3289539.727 0.022
3280680.065 0.022
3271817.137 0.022
3262950.952 0.022
3254081.519 0.022
3245208.847 0.022
3236332.945 0.022
3227453.821 0.022
3218571.484 0.022
3209685.943 0.023
3200797.208 0.023
3191905.286 0.023
3183010.187 0.023
3174111.919 0.023
3165210.492 0.023
3156305.914 0.023
3147398.194 0.023
3138487.341 0.024
3129573.365 0.024
3120656.272 0.024
3111736.074 0.024
3102812.777 0.024
3093886.393 0.024
3084956.928 0.024
3076024.393 0.025
3067088.796 0.025
3058150.145 0.025
3049208.451 0.025
3040263.721 0.025
3031315.965 0.025
3022365.191 0.025
3013411.409 0.026
3004454.628 0.026
2995494.855 0.026
2986532.101 0.026
2977566.374 0.026
2968597.683 0.026
2959626.037 0.027
2950651.445 0.027
2941673.916 0.027
2932693.459 0.027
2923710.082 0.027
2914723.796 0.027
2905734.607 0.027
2896742.527 0.028
2887747.563 0.028
2878749.724 0.028
2869749.020 0.028
2860745.460 0.028
2851739.051 0.029
2842729.804 0.029
2833717.728 0.029
2824702.830 0.029
2815685.121 0.029
2806664.610 0.029
2797641.304 0.030
2788615.214 0.030
2779586.348 0.030
2770554.715 0.030
2761520.324 0.030
2752483.184 0.031
2743443.305 0.031
2734400.695 0.031
2725355.363 0.031
2716307.318 0.031
2707256.569 0.032
2698203.126 0.032
2689146.996 0.032
2680088.190 0.032
2671026.716 0.032
2661962.584 0.033
2652895.802 0.033
2643826.379 0.033
2634754.324 0.033
2625679.647 0.034
2616602.356 0.034
2607522.461 0.034
2598439.970 0.034
2589354.892 0.034
2580267.238 0.035
2571177.015 0.035
2562084.232 0.035
2552988.899 0.035
2543891.026 0.036
2534790.619 0.036
2525687.690 0.036
2516582.247 0.036
2507474.299 0.037
2498363.855 0.037
2489250.924 0.037
2480135.515 0.038
2471017.638 0.038
2461897.301 0.038
2452774.513 0.038
2443649.284 0.039
2434521.623 0.039
2425391.538 0.039
2416259.040 0.039
2407124.136 0.040
2397986.836 0.040
2388847.149 0.040
2379705.084 0.041
2370560.651 0.041
2361413.858 0.041
2352264.715 0.042
2343113.230 0.042
2333959.413 0.042
2324803.273 0.043
2315644.819 0.043
2306484.059 0.043
2297321.004 0.044
2288155.663 0.044
2278988.043 0.044
2269818.156 0.045
2260646.009 0.045
2251471.612 0.045
2242294.973 0.046
2233116.103 0.046
2223935.010 0.046
2214751.704 0.047
2205566.193 0.047
2196378.486 0.048
2187188.594 0.048
2177996.524 0.048
2168802.287 0.049
2159605.890 0.049
2150407.345 0.050
2141206.658 0.050
2132003.841 0.050
2122798.901 0.051
2113591.849 0.051
2104382.692 0.052
2095171.441 0.052
2085958.105 0.053
2076742.692 0.053
2067525.212 0.054
2058305.674 0.054
2049084.088 0.054
2039860.462 0.055
2030634.805 0.055
2021407.128 0.056
2012177.438 0.056
2002945.746 0.057
1993712.060 0.057
1984476.389 0.058
1975238.743 0.058
1965999.131 0.059
1956757.563 0.060
1947514.046 0.060
1938268.591 0.061
1929021.207 0.061
1919771.903 0.062
1910520.688 0.062
1901267.572 0.063
1892012.563 0.064
1882755.670 0.064
1873496.904 0.065
1864236.273 0.065
1854973.787 0.066
1845709.454 0.067
1836443.284 0.067
1827175.286 0.068
1817905.470 0.069
1808633.844 0.069
1799360.418 0.070
1790085.200 0.071
1780808.202 0.071
1771529.430 0.072
1762248.896 0.073
1752966.607 0.074
1743682.574 0.074
1734396.805 0.075
1725109.309 0.076
1715820.097 0.077
1706529.177 0.078
1697236.558 0.078
1687942.250 0.079
1678646.262 0.080
1669348.603 0.081
1660049.283 0.082
1650748.310 0.083
1641445.694 0.084
1632141.444 0.084
1622835.570 0.085
1613528.081 0.086
1604218.986 0.087
1594908.294 0.088
1585596.014 0.089
1576282.157 0.090
1566966.730 0.091
1557649.744 0.092
1548331.207 0.093
1539011.130 0.094
1529689.520 0.096
1520366.388 0.097
1511041.743 0.098
1501715.594 0.099
1492387.950 0.100
1483058.820 0.101
1473728.215 0.103
1464396.143 0.104
1455062.613 0.105
1445727.635 0.106
1436391.218 0.108
1427053.371 0.109
1417714.104 0.110
1408373.426 0.112
1399031.346 0.113
1389687.874 0.115
1380343.019 0.116
1370996.789 0.117
1361649.195 0.119
1352300.246 0.121
1342949.951 0.122
1333598.319 0.124
1324245.360 0.125
1314891.083 0.127
1305535.497 0.129
1296178.612 0.130
1286820.437 0.132
1277460.980 0.134
1268100.253 0.136
1258738.263 0.138
1249375.020 0.140
1240010.534 0.142
1230644.814 0.144
1221277.869 0.146
1211909.708 0.148
1202540.341 0.150
1193169.778 0.152
1183798.026 0.154
1174425.097 0.156
1165050.998 0.159
1155675.740 0.161
1146299.332 0.164
1136921.783 0.166
1127543.102 0.169
1118163.299 0.171
1108782.383 0.174
1099400.364 0.176
1090017.250 0.179
1080633.052 0.182
1071247.778 0.185
1061861.437 0.188
1052474.040 0.191
1043085.596 0.194
1033696.113 0.197
1024305.601 0.200
1014914.070 0.204
1005521.529 0.207
996127.987 0.210
986733.453 0.214
977337.938 0.218
967941.449 0.221
958543.998 0.225
949145.592 0.229
939746.242 0.233
930345.956 0.237
920944.745 0.241
911542.616 0.246
902139.581 0.250
892735.648 0.255
883330.826 0.259
873925.125 0.264
864518.554 0.269
855111.123 0.274
845702.840 0.279
836293.716 0.284
826883.760 0.290
817472.981 0.295
808061.388 0.301
798648.991 0.307
789235.799 0.313
779821.821 0.319
770407.067 0.325
760991.547 0.332
751575.269 0.339
742158.243 0.345
732740.479 0.353
723321.985 0.360
713902.771 0.367
704482.847 0.375
695062.222 0.383
685640.905 0.391
676218.905 0.399
666796.233 0.408
657372.896 0.417
647948.906 0.426
638524.271 0.435
629099.000 0.445
619673.103 0.454
610246.589 0.464
600819.468 0.475
591391.749 0.485
581963.442 0.496
572534.555 0.507
563105.099 0.519
553675.082 0.531
544244.513 0.543
534813.404 0.555
525381.762 0.568
515949.597 0.581
506516.919 0.594
497083.736 0.607
487650.059 0.621
478215.896 0.635
468781.258 0.650
459346.153 0.664
449910.590 0.679
440474.580 0.694
431038.132 0.709
421601.255 0.725
412163.958 0.740
402726.251 0.756
393288.143 0.772
383849.643 0.787
374410.762 0.803
364971.508 0.819
355531.890 0.834
346091.919 0.849
336651.604 0.864
327210.953 0.878
317769.977 0.892
308328.684 0.906
298887.085 0.918
289445.188 0.930
280003.003 0.941
270560.540 0.951
261117.807 0.960
251674.814 0.969
242231.571 0.976
232788.087 0.982
223344.371 0.987
213900.432 0.991
204456.281 0.994
195011.927 0.996
185567.378 0.998
176122.645 0.999
166677.736 0.999
157232.661 1.000
147787.430 1.000
138342.052 1.000
128896.536 1.000
119450.892 1.000
110005.129 1.000
100559.257 1.000
91113.285 1.000
81667.221 1.000
72221.077 1.000
62774.861 1.000
53328.582 1.000
43882.250 1.000
34435.874 1.000
24989.464 1.000
15543.030 1.000
6096.580 1.000
3349.877 1.000
12796.330 1.000
22242.770 1.000
31689.188 1.000
41135.574 1.000
50581.920 1.000
60028.215 1.000
69474.451 1.000
78920.617 1.000
88366.705 1.000
97812.704 1.000
107258.607 1.000
116704.403 1.000
126150.082 1.000
135595.636 1.000
145041.056 1.000
154486.330 1.000
163931.451 0.999
173376.409 0.999
182821.195 0.998
192265.798 0.996
201710.210 0.994
211154.421 0.992
220598.422 0.988
230042.204 0.983
239485.757 0.977
248929.071 0.971
258372.138 0.963
267814.947 0.954
277257.490 0.944
286699.757 0.933
296141.739 0.922
305583.426 0.909
315024.809 0.896
324465.878 0.882
333906.624 0.868
343347.039 0.853
352787.111 0.838
362226.832 0.823
371666.193 0.808
381105.184 0.792
390543.796 0.776
399982.019 0.761
409419.844 0.745
418857.261 0.729
428294.262 0.714
437730.837 0.699
447166.975 0.684
456602.669 0.669
466037.909 0.654
475472.684 0.640
484906.987 0.625
494340.806 0.611
503774.134 0.598
513206.961 0.585
522639.277 0.571
532071.072 0.559
541502.339 0.546
550933.066 0.534
560363.245 0.522
569792.866 0.511
579221.920 0.499
588650.398 0.489
598078.290 0.478
607505.587 0.467
616932.279 0.457
626358.358 0.447
635783.813 0.438
645208.635 0.428
654632.815 0.419
664056.344 0.410
673479.212 0.402
682901.409 0.393
692322.927 0.385
701743.756 0.377
711163.887 0.370
720583.310 0.362
730002.016 0.355
739419.995 0.348
748837.238 0.341
758253.737 0.334
767669.480 0.327
777084.460 0.321
786498.667 0.315
795912.090 0.309
805324.722 0.303
814736.552 0.297
824147.571 0.291
833557.771 0.286
842967.140 0.280
852375.671 0.275
861783.354 0.270
871190.179 0.265
880596.137 0.261
890001.218 0.256
899405.414 0.251
908808.715 0.247
918211.112 0.243
927612.594 0.238
937013.154 0.234
946412.781 0.230
955811.466 0.226
965209.200 0.222
974605.974 0.219
984001.778 0.215
993396.602 0.211
1002790.438 0.208
1012183.276 0.204
1021575.106 0.201
1030965.921 0.198
1040355.709 0.195
1049744.461 0.192
1059132.169 0.189
1068518.824 0.186
1077904.414 0.183
1087288.932 0.180
1096672.368 0.177
1106054.713 0.174
1115435.957 0.172
1124816.091 0.169
1134195.106 0.167
1143572.992 0.164
1152949.740 0.162
1162325.340 0.159
1171699.784 0.157
1181073.062 0.155
1190445.165 0.153
1199816.083 0.150
1209185.807 0.148
1218554.327 0.146
1227921.635 0.144
1237287.721 0.142
1246652.576 0.140
1256016.190 0.138
1265378.554 0.136
1274739.659 0.135
1284099.496 0.133
1293458.054 0.131
1302815.326 0.129
1312171.301 0.127
1321525.970 0.126
1330879.324 0.124
1340231.354 0.123
1349582.050 0.121
1358931.403 0.119
1368279.403 0.118
1377626.043 0.116
1386971.311 0.115
1396315.199 0.114
1405657.697 0.112
1414998.797 0.111
1424338.488 0.109
1433676.762 0.108
1443013.610 0.107
1452349.021 0.105
1461682.987 0.104
1471015.499 0.103
1480346.546 0.102
1489676.121 0.100
1499004.213 0.099
1508330.814 0.098
1517655.913 0.097
1526979.503 0.096
1536301.572 0.095
1545622.113 0.094
1554941.116 0.093
1564258.572 0.092
1573574.471 0.091
1582888.804 0.090
1592201.562 0.089
1601512.735 0.088
0.0 0.0 0.0
0.0 0.0 0.0
0.0 0.0 0.0
0.0 0.0 0.0
0.0 0.0 0.0
0.0 0.0 0.0
0.0 0.0 0.0
0.0 0.0 0.0
0.0 0.0 0.0
0.0 0.0 0.0
0.0 0.0 0.0
0.0 0.0 0.0
0.0 0.0 0.0
0.0 0.0 0.0
0.0 0.0 0.0
0.0 0.0 0.0
0.0 0.0 0.0
0.0 0.0 0.0
0.0 0.0 0.0
0.0 0.0 0.0
0.0 0.0 0.0
0.0 0.0 0.0
0.0 0.0 0.0
0.0 0.0 0.0
0.0 0.0 0.0
0.0 0.0 0.0
0.0 0.0 0.0
0.0 0.0 0.0
0.0 0.0 0.0
0.0 0.0 0.0
0.0 0.0 0.0
0.0 0.0 0.0
0.0 0.0 0.0
0.0 0.0 0.0
0.0 0.0 0.0
0.0 0.0 0.0
0.0 0.0 0.0
0.0 0.0 0.0
0.0 0.0 0.0
0.0 0.0 0.0
0.0 0.0 0.0
0.0 0.0 0.0
0.0 0.0 0.0
0.0 0.0 0.0
0.0 0.0 0.0
0.0 0.0 0.0
0.0 0.0 0.0
0.0 0.0 0.0
0.0 0.0 0.0
0.0 0.0 0.0
0.0 0.0 0.0
0.0 0.0 0.0
0.0 0.0 0.0
0.0 0.0 0.0
0.0 0.0 0.0
0.0 0.0 0.0
0.0 0.0 0.0
0.0 0.0 0.0
0.0 0.0 0.0
0.0 0.0 0.0
0.0 0.0 0.0
0.0 0.0 0.0
0.0 0.0 0.0
0.0 0.0 0.0
0.0 0.0 0.0
0.0 0.0 0.0
0.0 0.0 0.0
0.0 0.0 0.0
0.0 0.0 0.0
0.0 0.0 0.0
0.0 0.0 0.0
0.0 0.0 0.0
0.0 0.0 0.0
0.0 0.0 0.0
0.0 0.0 0.0
0.0 0.0 0.0
0.0 0.0 0.0
0.0 0.0 0.0
0.0 0.0 0.0
0.0 0.0 0.0
0.0 0.0 0.0
0.0 0.0 0.0
0.0 0.0 0.0
0.0 0.0 0.0
0.0 0.0 0.0
0.0 0.0 0.0
0.0 0.0 0.0
0.0 0.0 0.0
0.0 0.0 0.0
0.0 0.0 0.0
0.0 0.0 0.0
0.0 0.0 0.0
0.0 0.0 0.0
0.0 0.0 0.0
0.0 0.0 0.0
0.0 0.0 0.0
0.0 0.0 0.0
0.0 0.0 0.0
0.0 0.0 0.0
0.0 0.0 0.0
0.0 0.0 0.0
0.0 0.0 0.0
0.0 0.0 0.0
0.0 0.0 0.0
0.0 0.0 0.0
0.0 0.0 0.0
0.0 0.0 0.0
0.0 0.0 0.0
0.0 0.0 0.0
0.0 0.0 0.0
0.0 0.0 0.0
0.0 0.0 0.0
0.0 0.0 0.0
0.0 0.0 0.0
0.0 0.0 0.0
0.0 0.0 0.0
0.0 0.0 0.0
0.0 0.0 0.0
0.0 0.0 0.0
0.0 0.0 0.0
0.0 0.0 0.0
0.0 0.0 0.0
0.0 0.0 0.0
0.0 0.0 0.0
0.0 0.0 0.0
0.0 0.0 0.0
0.0 0.0 0.0
0.0 0.0 0.0
0.0 0.0 0.0
0.0 0.0 0.0
0.0 0.0 0.0
0.0 0.0 0.0
0.0 0.0 0.0
0.0 0.0 0.0
0.0 0.0 0.0
0.0 0.0 0.0
0.0 0.0 0.0
0.0 0.0 0.0
0.0 0.0 0.0
0.0 0.0 0.0
0.0 0.0 0.0
0.0 0.0 0.0
0.0 0.0 0.0
0.0 0.0 0.0
0.0 0.0 0.0
0.0 0.0 0.0
0.0 0.0 0.0
0.0 0.0 0.0
0.0 0.0 0.0
0.0 0.0 0.0
0.0 0.0 0.0
0.0 0.0 0.0
0.0 0.0 0.0
0.0 0.0 0.0
0.0 0.0 0.0
0.0 0.0 0.0
0.0 0.0 0.0
0.0 0.0 0.0
0.0 0.0 0.0
0.0 0.0 0.0
0.0 0.0 0.0
0.0 0.0 0.0
0.0 0.0 0.0
0.0 0.0 0.0
0.0 0.0 0.0
0.0 0.0 0.0
0.0 0.0 0.0
0.0 0.0 0.0
0.0 0.0 0.0
0.0 0.0 0.0
0.0 0.0 0.0
0.0 0.0 0.0
0.0 0.0 0.0
0.0 0.0 0.0
0.0 0.0 0.0
0.0 0.0 0.0
0.0 0.0 0.0
0.0 0.0 0.0
0.0 0.0 0.0
0.0 0.0 0.0
0.0 0.0 0.0
0.0 0.0 0.0
0.0 0.0 0.0
0.0 0.0 0.0
0.0 0.0 0.0
0.0 0.0 0.0
0.0 0.0 0.0
0.0 0.0 0.0
0.0 0.0 0.0
0.0 0.0 0.0
0.0 0.0 0.0
0.0 0.0 0.0
0.0 0.0 0.0
0.0 0.0 0.0
0.0 0.0 0.0
0.0 0.0 0.0
0.0 0.0 0.0
0.0 0.0 0.0
0.0 0.0 0.0
0.0 0.0 0.0
0.0 0.0 0.0
0.0 0.0 0.0
0.0 0.0 0.0
0.0 0.0 0.0
0.0 0.0 0.0
0.0 0.0 0.0
0.0 0.0 0.0
0.0 0.0 0.0
0.0 0.0 0.0
0.0 0.0 0.0
0.0 0.0 0.0
0.0 0.0 0.0
0.0 0.0 0.0
0.0 0.0 0.0
0.0 0.0 0.0
0.0 0.0 0.0
0.0 0.0 0.0
0.0 0.0 0.0
0.0 0.0 0.0
0.0 0.0 0.0
0.0 0.0 0.0
0.0 0.0 0.0
0.0 0.0 0.0
0.0 0.0 0.0
0.0 0.0 0.0
0.0 0.0 0.0
0.0 0.0 0.0
0.0 0.0 0.0
0.0 0.0 0.0
0.0 0.0 0.0
0.0 0.0 0.0
0.0 0.0 0.0
0.0 0.0 0.0
0.0 0.0 0.0
0.0 0.0 0.0
0.0 0.0 0.0
0.0 0.0 0.0
0.0 0.0 0.0
0.0 0.0 0.0
0.0 0.0 0.0
0.0 0.0 0.0
0.0 0.0 0.0
0.0 0.0 0.0
0.0 0.0 0.0
0.0 0.0 0.0
0.0 0.0 0.0
0.0 0.0 0.0
0.0 0.0 0.0
0.0 0.0 0.0
0.0 0.0 0.0
0.0 0.0 0.0
0.0 0.0 0.0
0.0 0.0 0.0
0.0 0.0 0.0
0.0 0.0 0.0
0.0 0.0 0.0
0.0 0.0 0.0
0.0 0.0 0.0
0.0 0.0 0.0
0.0 0.0 0.0
0.0 0.0 0.0
0.0 0.0 0.0
0.0 0.0 0.0
0.0 0.0 0.0
0.0 0.0 0.0
0.0 0.0 0.0
0.0 0.0 0.0
0.0 0.0 0.0
0.0 0.0 0.0
0.0 0.0 0.0
0.0 0.0 0.0
0.0 0.0 0.0
0.0 0.0 0.0
0.0 0.0 0.0
0.0 0.0 0.0
0.0 0.0 0.0
0.0 0.0 0.0
0.0 0.0 0.0
0.0 0.0 0.0
0.0 0.0 0.0
0.0 0.0 0.0
0.0 0.0 0.0
0.0 0.0 0.0
0.0 0.0 0.0
0.0 0.0 0.0
0.0 0.0 0.0
0.0 0.0 0.0
59.393 1128843.089 0.135515943
59.235 1130370.718 0.135251716
59.074 1131940.993 0.134981125
58.909 1133553.735 0.134704280
58.742 1135208.763 0.134421293
58.571 1136905.889 0.134132276
58.398 1138644.925 0.133837344
58.222 1140425.678 0.133536613
58.043 1142247.949 0.133230199
57.861 1144111.541 0.132918222
57.677 1146016.249 0.132600800
57.491 1147961.867 0.132278054
57.302 1149948.185 0.131950105
57.112 1151974.992 0.131617075
56.918 1154042.073 0.131279086
56.723 1156149.209 0.130936261
56.526 1158296.180 0.130588725
56.327 1160482.762 0.130236600
56.127 1162708.732 0.129880011
55.924 1164973.860 0.129519083
55.720 1167277.916 0.129153940
55.514 1169620.670 0.128784706
55.307 1172001.885 0.128411507
55.098 1174421.327 0.128034466
54.888 1176878.757 0.127653707
54.677 1179373.935 0.127269355
54.464 1181906.620 0.126881532
54.250 1184476.570 0.126490362
54.035 1187083.539 0.126095968
53.819 1189727.282 0.125698470
53.603 1192407.551 0.125297990
53.385 1195124.100 0.124894649
53.166 1197876.677 0.124488566
52.947 1200665.033 0.124079860
52.727 1203488.917 0.123668648
52.506 1206348.075 0.123255048
52.284 1209242.256 0.122839176
52.062 1212171.206 0.122421146
51.840 1215134.670 0.122001071
51.617 1218132.394 0.121579065
51.394 1221164.123 0.121155239
51.170 1224229.600 0.120729702
50.946 1227328.571 0.120302563
50.721 1230460.779 0.119873930
50.497 1233625.967 0.119443909
50.272 1236823.881 0.119012603
50.047 1240054.263 0.118580118
49.822 1243316.857 0.118146553
49.597 1246611.407 0.117712009
49.372 1249937.657 0.117276586
49.147 1253295.352 0.116840379
48.921 1256684.236 0.116403486
48.696 1260104.054 0.115965999
48.471 1263554.552 0.115528011
48.246 1267035.476 0.115089613
48.022 1270546.572 0.114650895
47.797 1274087.587 0.114211944
47.573 1277658.270 0.113772845
47.349 1281258.368 0.113333684
47.125 1284887.631 0.112894542
46.902 1288545.808 0.112455502
46.679 1292232.651 0.112016642
46.456 1295947.912 0.111578040
46.234 1299691.342 0.111139772
46.012 1303462.696 0.110701913
45.790 1307261.728 0.110264536
45.569 1311088.193 0.109827711
45.348 1314941.849 0.109391509
45.128 1318822.453 0.108955996
44.908 1322729.764 0.108521240
44.689 1326663.543 0.108087306
44.470 1330623.550 0.107654255
44.252 1334609.549 0.107222150
44.035 1338621.302 0.106791050
43.818 1342658.576 0.106361015
43.601 1346721.136 0.105932100
43.386 1350808.751 0.105504362
43.170 1354921.189 0.105077853
42.956 1359058.221 0.104652626
42.742 1363219.619 0.104228732
42.529 1367405.157 0.103806221
42.316 1371614.609 0.103385139
42.104 1375847.751 0.102965534
41.893 1380104.361 0.102547450
41.683 1384384.219 0.102130931
41.473 1388687.105 0.101716019
41.264 1393012.802 0.101302756
41.055 1397361.092 0.100891180
40.848 1401731.763 0.100481331
40.641 1406124.599 0.100073244
40.434 1410539.391 0.099666956
40.229 1414975.927 0.099262501
40.024 1419434.001 0.098859912
39.820 1423913.404 0.098459221
39.617 1428413.931 0.098060459
39.415 1432935.379 0.097663656
39.213 1437477.547 0.097268840
39.012 1442040.233 0.096876038
38.812 1446623.238 0.096485277
38.613 1451226.367 0.096096583
38.415 1455849.422 0.095709978
38.217 1460492.211 0.095325486
38.020 1465154.540 0.094943130
37.824 1469836.219 0.094562931
37.629 1474537.060 0.094184907
37.434 1479256.874 0.093809080
37.241 1483995.475 0.093435467
37.048 1488752.680 0.093064085
36.856 1493528.306 0.092694951
36.664 1498322.172 0.092328081
36.474 1503134.098 0.091963489
36.284 1507963.907 0.091601190
36.095 1512811.422 0.091241196
35.907 1517676.469 0.090883520
35.720 1522558.875 0.090528173
35.534 1527458.468 0.090175167
35.348 1532375.078 0.089824511
35.163 1537308.537 0.089476216
34.979 1542258.679 0.089130289
34.796 1547225.338 0.088786740
34.614 1552208.350 0.088445575
34.432 1557207.554 0.088106801
34.252 1562222.788 0.087770425
34.072 1567253.894 0.087436452
33.892 1572300.714 0.087104887
33.714 1577363.093 0.086775736
33.537 1582440.875 0.086449001
33.360 1587533.908 0.086124686
33.184 1592642.040 0.085802795
33.009 1597765.121 0.085483330
32.834 1602903.002 0.085166292
32.661 1608055.536 0.084851683
32.488 1613222.578 0.084539505
32.316 1618403.983 0.084229758
32.144 1623599.609 0.083922442
31.974 1628809.313 0.083617558
31.804 1634032.957 0.083315104
31.635 1639270.400 0.083015079
31.467 1644521.507 0.082717483
31.300 1649786.141 0.082422314
31.133 1655064.167 0.082129570
30.967 1660355.452 0.081839249
30.802 1665659.866 0.081551347
30.638 1670977.276 0.081265863
30.474 1676307.554 0.080982793
30.311 1681650.572 0.080702133
30.149 1687006.203 0.080423881
29.988 1692374.323 0.080148032
29.827 1697754.807 0.079874581
29.667 1703147.532 0.079603525
29.508 1708552.376 0.079334860
29.349 1713969.221 0.079068579
29.192 1719397.946 0.078804679
29.035 1724838.434 0.078543153
28.878 1730290.567 0.078283998
28.723 1735754.232 0.078027206
28.568 1741229.313 0.077772773
28.414 1746715.698 0.077520693
28.260 1752213.274 0.077270960
28.107 1757721.931 0.077023567
27.955 1763241.559 0.076778509
27.804 1768772.050 0.076535779
27.653 1774313.297 0.076295371
27.503 1779865.193 0.076057278
27.354 1785427.633 0.075821493
27.205 1791000.513 0.075588011
27.057 1796583.731 0.075356824
26.910 1802177.183 0.075127925
26.763 1807780.771 0.074901308
26.617 1813394.393 0.074676965
26.472 1819017.951 0.074454890
26.327 1824651.347 0.074235075
26.183 1830294.484 0.074017514
26.040 1835947.268 0.073802199
25.897 1841609.602 0.073589123
25.755 1847281.394 0.073378280
25.613 1852962.550 0.073169661
25.472 1858652.979 0.072963261
25.332 1864352.590 0.072759071
25.193 1870061.293 0.072557084
25.054 1875779.000 0.072357294
24.915 1881505.621 0.072159694
24.777 1887241.070 0.071964275
24.640 1892985.260 0.071771032
24.504 1898738.107 0.071579957
24.368 1904499.526 0.071391043
24.232 1910269.433 0.071204284
24.098 1916047.746 0.071019671
23.963 1921834.382 0.070837199
23.830 1927629.261 0.070656861
23.697 1933432.302 0.070478650
23.564 1939243.427 0.070302558
23.432 1945062.556 0.070128581
23.301 1950889.612 0.069956710
23.170 1956724.518 0.069786940
23.040 1962567.198 0.069619263
22.911 1968417.577 0.069453675
22.782 1974275.579 0.069290168
22.653 1980141.131 0.069128737
22.525 1986014.161 0.068969375
22.398 1991894.595 0.068812076
22.271 1997782.363 0.068656835
22.144 2003677.393 0.068503646
22.019 2009579.615 0.068352502
21.893 2015488.961 0.068203399
21.769 2021405.361 0.068056332
21.644 2027328.747 0.067911294
21.521 2033259.052 0.067768281
21.397 2039196.209 0.067627287
21.275 2045140.153 0.067488308
21.153 2051090.819 0.067351338
21.031 2057048.141 0.067216373
20.910 2063012.056 0.067083409
20.789 2068982.500 0.066952441
20.669 2074959.412 0.066823465
20.549 2080942.728 0.066696476
20.430 2086932.388 0.066571471
20.311 2092928.330 0.066448445
20.193 2098930.495 0.066327396
20.075 2104938.824 0.066208319
