20.059 2106005.318 0.066179686
20.125 2102660.270 0.066245709
20.190 2099329.780 0.066312087
20.255 2096013.919 0.066378814
20.320 2092712.758 0.066445880
20.385 2089426.372 0.066513278
20.450 2086154.831 0.066580999
20.514 2082898.207 0.066649036
20.579 2079656.575 0.066717380
20.643 2076430.005 0.066786023
20.708 2073218.572 0.066854957
20.772 2070022.347 0.066924173
20.836 2066841.404 0.066993663
20.900 2063675.816 0.067063418
20.964 2060525.655 0.067133431
21.027 2057390.996 0.067203692
21.091 2054271.910 0.067274193
21.154 2051168.473 0.067344925
21.217 2048080.756 0.067415881
21.280 2045008.834 0.067487050
21.343 2041952.781 0.067558424
21.406 2038912.668 0.067629995
21.469 2035888.572 0.067701754
21.531 2032880.564 0.067773691
21.593 2029888.719 0.067845798
21.655 2026913.110 0.067918066
21.717 2023953.811 0.067990486
21.779 2021010.897 0.068063048
21.841 2018084.440 0.068135745
21.902 2015174.515 0.068208566
21.963 2012281.196 0.068281502
22.024 2009404.556 0.068354544
22.085 2006544.668 0.068427683
22.145 2003701.608 0.068500910
22.206 2000875.448 0.068574214
22.266 1998066.263 0.068647588
22.326 1995274.125 0.068721021
22.386 1992499.109 0.068794503
22.445 1989741.288 0.068868026
22.505 1987000.736 0.068941579
22.564 1984277.527 0.069015154
22.622 1981571.732 0.069088740
22.681 1978883.427 0.069162328
22.740 1976212.684 0.069235907
22.798 1973559.577 0.069309470
22.856 1970924.178 0.069383004
22.913 1968306.560 0.069456501
22.971 1965706.796 0.069529951
23.028 1963124.960 0.069603344
23.085 1960561.123 0.069676670
23.141 1958015.357 0.069749919
23.198 1955487.736 0.069823081
23.254 1952978.332 0.069896146
23.310 1950487.216 0.069969104
23.365 1948014.460 0.070041945
23.421 1945560.137 0.070114659
23.476 1943124.316 0.070187235
23.530 1940707.071 0.070259664
23.585 1938308.471 0.070331936
23.639 1935928.588 0.070404039
23.693 1933567.492 0.070475965
23.746 1931225.255 0.070547703
23.799 1928901.945 0.070619242
23.852 1926597.633 0.070690573
23.905 1924312.390 0.070761684
23.957 1922046.283 0.070832567
24.009 1919799.383 0.070903210
24.060 1917571.759 0.070973604
24.112 1915363.478 0.071043737
24.163 1913174.611 0.071113600
24.213 1911005.224 0.071183183
24.263 1908855.385 0.071252475
24.313 1906725.162 0.071321465
24.363 1904614.622 0.071390144
24.412 1902523.832 0.071458502
24.461 1900452.858 0.071526527
24.509 1898401.767 0.071594210
24.557 1896370.624 0.071661541
24.605 1894359.494 0.071728509
24.652 1892368.443 0.071795103
24.699 1890397.535 0.071861315
24.746 1888446.835 0.071927133
24.792 1886516.406 0.071992547
24.837 1884606.311 0.072057548
24.883 1882716.615 0.072122125
24.928 1880847.378 0.072186267
24.972 1878998.664 0.072249966
25.016 1877170.534 0.072313211
25.060 1875363.050 0.072375991
25.103 1873576.271 0.072438297
25.146 1871810.259 0.072500120
25.189 1870065.073 0.072561448
25.231 1868340.772 0.072622273
25.272 1866637.416 0.072682584
25.313 1864955.062 0.072742372
25.354 1863293.768 0.072801626
25.394 1861653.592 0.072860338
25.434 1860034.591 0.072918498
25.473 1858436.820 0.072976096
25.512 1856860.335 0.073033123
25.551 1855305.191 0.073089569
25.589 1853771.443 0.073145425
25.626 1852259.144 0.073200681
25.663 1850768.348 0.073255329
25.700 1849299.107 0.073309359
25.736 1847851.475 0.073362763
25.771 1846425.501 0.073415530
25.806 1845021.237 0.073467654
25.841 1843638.733 0.073519123
25.875 1842278.039 0.073569930
25.909 1840939.204 0.073620066
25.942 1839622.276 0.073669523
25.974 1838327.303 0.073718292
26.006 1837054.331 0.073766364
26.038 1835803.406 0.073813732
26.069 1834574.576 0.073860387
26.100 1833367.883 0.073906321
26.130 1832183.373 0.073951526
26.159 1831021.089 0.073995994
26.188 1829881.073 0.074039718
26.216 1828763.368 0.074082689
26.244 1827668.015 0.074124901
26.272 1826595.055 0.074166345
26.298 1825544.526 0.074207015
26.325 1824516.469 0.074246903
26.350 1823510.922 0.074286003
26.376 1822527.921 0.074324306
26.400 1821567.505 0.074361807
26.424 1820629.708 0.074398499
26.448 1819714.566 0.074434375
26.471 1818822.113 0.074469428
26.493 1817952.383 0.074503653
26.515 1817105.408 0.074537043
26.536 1816281.221 0.074569593
26.557 1815479.852 0.074601296
26.577 1814701.332 0.074632146
26.597 1813945.690 0.074662139
26.615 1813212.955 0.074691268
26.634 1812503.155 0.074719529
26.652 1811816.316 0.074746916
26.669 1811152.464 0.074773423
26.685 1810511.626 0.074799048
26.702 1809893.824 0.074823784
26.717 1809299.083 0.074847627
26.732 1808727.425 0.074870572
26.746 1808178.872 0.074892617
26.760 1807653.445 0.074913755
26.773 1807151.164 0.074933985
26.785 1806672.047 0.074953301
26.797 1806216.113 0.074971701
26.809 1805783.380 0.074989180
26.819 1805373.862 0.075005737
26.829 1804987.577 0.075021367
26.839 1804624.539 0.075036068
26.848 1804284.761 0.075049836
26.856 1803968.256 0.075062671
26.864 1803675.036 0.075074568
26.871 1803405.111 0.075085527
26.877 1803158.493 0.075095544
26.883 1802935.189 0.075104619
26.888 1802735.208 0.075112749
26.893 1802558.558 0.075119933
26.897 1802405.244 0.075126169
26.900 1802275.273 0.075131457
26.903 1802168.647 0.075135796
26.905 1802085.372 0.075139184
26.907 1802025.449 0.075141621
26.908 1801988.881 0.075143108
26.908 1801975.668 0.075143642
26.908 1801985.809 0.075143225
26.907 1802019.305 0.075141856
26.906 1802076.152 0.075139536
26.904 1802156.347 0.075136266
26.901 1802259.888 0.075132045
26.898 1802386.768 0.075126875
26.894 1802536.983 0.075120756
26.889 1802710.526 0.075113691
26.884 1802907.388 0.075105679
26.878 1803127.562 0.075096723
26.872 1803371.037 0.075086825
26.865 1803637.805 0.075075986
26.857 1803927.852 0.075064209
26.849 1804241.168 0.075051495
26.840 1804577.739 0.075037847
26.831 1804937.550 0.075023267
26.821 1805320.588 0.075007759
26.810 1805726.836 0.074991325
26.799 1806156.277 0.074973969
26.787 1806608.894 0.074955693
26.775 1807084.668 0.074936501
26.762 1807583.580 0.074916396
26.748 1808105.610 0.074895383
26.734 1808650.736 0.074873465
26.719 1809218.936 0.074850647
26.704 1809810.187 0.074826932
26.688 1810424.466 0.074802325
26.671 1811061.747 0.074776830
26.654 1811722.005 0.074750453
26.637 1812405.214 0.074723197
26.618 1813111.346 0.074695069
26.599 1813840.374 0.074666073
26.580 1814592.268 0.074636214
26.560 1815366.998 0.074605499
26.539 1816164.534 0.074573932
26.518 1816984.845 0.074541519
26.497 1817827.897 0.074508267
26.474 1818693.658 0.074474181
26.451 1819582.095 0.074439268
26.428 1820493.171 0.074403533
26.404 1821426.853 0.074366984
26.380 1822383.102 0.074329626
26.355 1823361.883 0.074291467
26.329 1824363.158 0.074252514
26.303 1825386.887 0.074212772
26.276 1826433.032 0.074172251
26.249 1827501.552 0.074130955
26.221 1828592.406 0.074088894
26.193 1829705.553 0.074046074
26.164 1830840.950 0.074002503
26.135 1831998.554 0.073958188
26.105 1833178.321 0.073913138
26.074 1834380.208 0.073867360
26.043 1835604.167 0.073820863
26.012 1836850.155 0.073773653
25.980 1838118.123 0.073725741
25.948 1839408.024 0.073677133
25.915 1840719.811 0.073627838
25.881 1842053.435 0.073577865
25.847 1843408.846 0.073527222
25.813 1844785.995 0.073475918
25.778 1846184.831 0.073423962
25.742 1847605.303 0.073371362
25.706 1849047.358 0.073318127
25.670 1850510.945 0.073264267
25.633 1851996.010 0.073209791
25.596 1853502.499 0.073154706
25.558 1855030.359 0.073099024
25.520 1856579.534 0.073042753
25.481 1858149.969 0.072985902
25.442 1859741.607 0.072928480
25.402 1861354.393 0.072870498
25.362 1862988.270 0.072811965
25.322 1864643.179 0.072752890
25.281 1866319.062 0.072693283
25.239 1868015.861 0.072633153
25.197 1869733.517 0.072572511
25.155 1871471.969 0.072511366
25.112 1873231.158 0.072449728
25.069 1875011.023 0.072387607
25.026 1876811.503 0.072325013
24.982 1878632.536 0.072261955
24.937 1880474.060 0.072198444
24.892 1882336.013 0.072134490
24.847 1884218.331 0.072070102
24.802 1886120.951 0.072005291
24.756 1888043.809 0.071940067
24.709 1889986.842 0.071874440
24.663 1891949.984 0.071808421
24.616 1893933.171 0.071742018
24.568 1895936.336 0.071675243
24.520 1897959.415 0.071608106
24.472 1900002.341 0.071540616
24.423 1902065.047 0.071472785
24.374 1904147.467 0.071404622
24.325 1906249.534 0.071336137
24.275 1908371.179 0.071267341
24.225 1910512.336 0.071198245
24.175 1912672.935 0.071128858
24.124 1914852.909 0.071059190
24.073 1917052.188 0.070989252
24.022 1919270.704 0.070919054
23.970 1921508.387 0.070848607
23.918 1923765.167 0.070777920
23.866 1926040.975 0.070707003
23.813 1928335.741 0.070635868
23.760 1930649.394 0.070564524
23.707 1932981.863 0.070492981
23.653 1935333.077 0.070421250
23.599 1937702.967 0.070349341
23.545 1940091.459 0.070277263
23.490 1942498.483 0.070205028
23.436 1944923.968 0.070132644
23.381 1947367.840 0.070060123
23.325 1949830.028 0.069987474
23.270 1952310.461 0.069914707
23.214 1954809.064 0.069841832
23.158 1957325.767 0.069768860
23.101 1959860.496 0.069695800
23.044 1962413.178 0.069622662
22.987 1964983.740 0.069549456
22.930 1967572.110 0.069476191
22.873 1970178.213 0.069402879
22.815 1972801.977 0.069329528
22.757 1975443.329 0.069256148
22.699 1978102.194 0.069182750
22.641 1980778.498 0.069109342
22.582 1983472.169 0.069035934
22.523 1986183.133 0.068962537
22.464 1988911.315 0.068889159
22.405 1991656.642 0.068815810
22.345 1994419.039 0.068742499
22.285 1997198.433 0.068669237
22.225 1999994.750 0.068596032
22.165 2002807.915 0.068522894
22.105 2005637.854 0.068449832
22.044 2008484.493 0.068376856
21.984 2011347.758 0.068303974
21.923 2014227.575 0.068231197
21.862 2017123.870 0.068158533
21.800 2020036.568 0.068085990
21.739 2022965.595 0.068013580
21.677 2025910.876 0.067941309
21.615 2028872.339 0.067869188
21.553 2031849.909 0.067797225
21.491 2034843.511 0.067725429
21.429 2037853.071 0.067653810
21.366 2040878.516 0.067582375
21.304 2043919.772 0.067511134
21.241 2046976.764 0.067440095
21.178 2050049.419 0.067369267
21.115 2053137.663 0.067298659
21.052 2056241.422 0.067228279
20.988 2059360.623 0.067158136
20.925 2062495.191 0.067088237
20.861 2065645.055 0.067018593
20.797 2068810.139 0.066949211
20.733 2071990.371 0.066880098
20.669 2075185.678 0.066811265
20.605 2078395.986 0.066742719
20.541 2081621.223 0.066674467
20.476 2084861.316 0.066606519
20.412 2088116.191 0.066538883
20.347 2091385.777 0.066471566
20.283 2094670.000 0.066404577
20.218 2097968.788 0.066337923
20.153 2101282.070 0.066271613
20.088 2104609.772 0.066205654
20.023 2107951.824 0.066140054
0.0 0.0 0.0
0.0 0.0 0.0
0.0 0.0 0.0
0.0 0.0 0.0
0.0 0.0 0.0
0.0 0.0 0.0
0.0 0.0 0.0
0.0 0.0 0.0
0.0 0.0 0.0
0.0 0.0 0.0
0.0 0.0 0.0
0.0 0.0 0.0
0.0 0.0 0.0
0.0 0.0 0.0
0.0 0.0 0.0
0.0 0.0 0.0
0.0 0.0 0.0
0.0 0.0 0.0
0.0 0.0 0.0
0.0 0.0 0.0
0.0 0.0 0.0
0.0 0.0 0.0
0.0 0.0 0.0
0.0 0.0 0.0
0.0 0.0 0.0
0.0 0.0 0.0
0.0 0.0 0.0
0.0 0.0 0.0
0.0 0.0 0.0
0.0 0.0 0.0
0.0 0.0 0.0
0.0 0.0 0.0
0.0 0.0 0.0
0.0 0.0 0.0
0.0 0.0 0.0
0.0 0.0 0.0
0.0 0.0 0.0
0.0 0.0 0.0
0.0 0.0 0.0
0.0 0.0 0.0
0.0 0.0 0.0
0.0 0.0 0.0
0.0 0.0 0.0
0.0 0.0 0.0
0.0 0.0 0.0
0.0 0.0 0.0
0.0 0.0 0.0
0.0 0.0 0.0
0.0 0.0 0.0
0.0 0.0 0.0
0.0 0.0 0.0
0.0 0.0 0.0
0.0 0.0 0.0
0.0 0.0 0.0
0.0 0.0 0.0
0.0 0.0 0.0
0.0 0.0 0.0
0.0 0.0 0.0
0.0 0.0 0.0
0.0 0.0 0.0
0.0 0.0 0.0
0.0 0.0 0.0
0.0 0.0 0.0
0.0 0.0 0.0
0.0 0.0 0.0
0.0 0.0 0.0
0.0 0.0 0.0
0.0 0.0 0.0
0.0 0.0 0.0
0.0 0.0 0.0
0.0 0.0 0.0
0.0 0.0 0.0
0.0 0.0 0.0
0.0 0.0 0.0
0.0 0.0 0.0
0.0 0.0 0.0
0.0 0.0 0.0
0.0 0.0 0.0
0.0 0.0 0.0
0.0 0.0 0.0
0.0 0.0 0.0
0.0 0.0 0.0
0.0 0.0 0.0
0.0 0.0 0.0
0.0 0.0 0.0
0.0 0.0 0.0
0.0 0.0 0.0
0.0 0.0 0.0
0.0 0.0 0.0
0.0 0.0 0.0
0.0 0.0 0.0
0.0 0.0 0.0
0.0 0.0 0.0
0.0 0.0 0.0
0.0 0.0 0.0
0.0 0.0 0.0
0.0 0.0 0.0
0.0 0.0 0.0
0.0 0.0 0.0
0.0 0.0 0.0
0.0 0.0 0.0
0.0 0.0 0.0
0.0 0.0 0.0
0.0 0.0 0.0
0.0 0.0 0.0
0.0 0.0 0.0
0.0 0.0 0.0
0.0 0.0 0.0
0.0 0.0 0.0
0.0 0.0 0.0
0.0 0.0 0.0
0.0 0.0 0.0
0.0 0.0 0.0
0.0 0.0 0.0
0.0 0.0 0.0
0.0 0.0 0.0
0.0 0.0 0.0
0.0 0.0 0.0
0.0 0.0 0.0
0.0 0.0 0.0
0.0 0.0 0.0
0.0 0.0 0.0
0.0 0.0 0.0
0.0 0.0 0.0
0.0 0.0 0.0
0.0 0.0 0.0
0.0 0.0 0.0
0.0 0.0 0.0
0.0 0.0 0.0
0.0 0.0 0.0
0.0 0.0 0.0
0.0 0.0 0.0
0.0 0.0 0.0
0.0 0.0 0.0
0.0 0.0 0.0
0.0 0.0 0.0
0.0 0.0 0.0
0.0 0.0 0.0
0.0 0.0 0.0
0.0 0.0 0.0
0.0 0.0 0.0
0.0 0.0 0.0
0.0 0.0 0.0
0.0 0.0 0.0
0.0 0.0 0.0
0.0 0.0 0.0
0.0 0.0 0.0
0.0 0.0 0.0
0.0 0.0 0.0
0.0 0.0 0.0
0.0 0.0 0.0
0.0 0.0 0.0
0.0 0.0 0.0
0.0 0.0 0.0
0.0 0.0 0.0
0.0 0.0 0.0
0.0 0.0 0.0
0.0 0.0 0.0
0.0 0.0 0.0
0.0 0.0 0.0
0.0 0.0 0.0
0.0 0.0 0.0
0.0 0.0 0.0
0.0 0.0 0.0
0.0 0.0 0.0
0.0 0.0 0.0
0.0 0.0 0.0
0.0 0.0 0.0
0.0 0.0 0.0
0.0 0.0 0.0
0.0 0.0 0.0
0.0 0.0 0.0
0.0 0.0 0.0
0.0 0.0 0.0
0.0 0.0 0.0
0.0 0.0 0.0
0.0 0.0 0.0
0.0 0.0 0.0
0.0 0.0 0.0
0.0 0.0 0.0
0.0 0.0 0.0
0.0 0.0 0.0
0.0 0.0 0.0
0.0 0.0 0.0
0.0 0.0 0.0
0.0 0.0 0.0
0.0 0.0 0.0
0.0 0.0 0.0
0.0 0.0 0.0
0.0 0.0 0.0
0.0 0.0 0.0
0.0 0.0 0.0
0.0 0.0 0.0
0.0 0.0 0.0
0.0 0.0 0.0
0.0 0.0 0.0
0.0 0.0 0.0
0.0 0.0 0.0
0.0 0.0 0.0
0.0 0.0 0.0
0.0 0.0 0.0
0.0 0.0 0.0
0.0 0.0 0.0
0.0 0.0 0.0
0.0 0.0 0.0
0.0 0.0 0.0
0.0 0.0 0.0
0.0 0.0 0.0
0.0 0.0 0.0
0.0 0.0 0.0
0.0 0.0 0.0
0.0 0.0 0.0
0.0 0.0 0.0
0.0 0.0 0.0
0.0 0.0 0.0
0.0 0.0 0.0
0.0 0.0 0.0
0.0 0.0 0.0
0.0 0.0 0.0
0.0 0.0 0.0
0.0 0.0 0.0
0.0 0.0 0.0
0.0 0.0 0.0
0.0 0.0 0.0
0.0 0.0 0.0
0.0 0.0 0.0
0.0 0.0 0.0
0.0 0.0 0.0
0.0 0.0 0.0
0.0 0.0 0.0
0.0 0.0 0.0
0.0 0.0 0.0
0.0 0.0 0.0
0.0 0.0 0.0
0.0 0.0 0.0
0.0 0.0 0.0
0.0 0.0 0.0
0.0 0.0 0.0
0.0 0.0 0.0
0.0 0.0 0.0
0.0 0.0 0.0
0.0 0.0 0.0
0.0 0.0 0.0
0.0 0.0 0.0
0.0 0.0 0.0
0.0 0.0 0.0
0.0 0.0 0.0
0.0 0.0 0.0
0.0 0.0 0.0
0.0 0.0 0.0
0.0 0.0 0.0
0.0 0.0 0.0
0.0 0.0 0.0
0.0 0.0 0.0
0.0 0.0 0.0
0.0 0.0 0.0
0.0 0.0 0.0
0.0 0.0 0.0
0.0 0.0 0.0
0.0 0.0 0.0
0.0 0.0 0.0
0.0 0.0 0.0
0.0 0.0 0.0
0.0 0.0 0.0
0.0 0.0 0.0
0.0 0.0 0.0
0.0 0.0 0.0
0.0 0.0 0.0
0.0 0.0 0.0
0.0 0.0 0.0
0.0 0.0 0.0
0.0 0.0 0.0
0.0 0.0 0.0
0.0 0.0 0.0
0.0 0.0 0.0
0.0 0.0 0.0
0.0 0.0 0.0
0.0 0.0 0.0
0.0 0.0 0.0
0.0 0.0 0.0
0.0 0.0 0.0
0.0 0.0 0.0
0.0 0.0 0.0
0.0 0.0 0.0
0.0 0.0 0.0
0.0 0.0 0.0
0.0 0.0 0.0
5338981.488 0.008
5332292.068 0.008
5325598.313 0.008
5318900.233 0.008
5312197.840 0.008
5305491.142 0.008
5298780.151 0.008
5292064.877 0.008
5285345.331 0.008
5278621.522 0.008
5271893.462 0.008
5265161.160 0.008
5258424.629 0.008
5251683.877 0.008
5244938.916 0.009
5238189.756 0.009
5231436.409 0.009
5224678.884 0.009
5217917.192 0.009
5211151.345 0.009
5204381.353 0.009
5197607.226 0.009
5190828.976 0.009
5184046.613 0.009
5177260.149 0.009
5170469.594 0.009
5163674.959 0.009
5156876.255 0.009
5150073.494 0.009
5143266.685 0.009
5136455.841 0.009
5129640.973 0.009
5122822.090 0.009
5115999.205 0.009
5109172.329 0.009
5102341.473 0.009
5095506.649 0.009
5088667.866 0.009
5081825.138 0.009
5074978.474 0.009
5068127.888 0.009
5061273.388 0.009
5054414.989 0.009
5047552.700 0.009
5040686.533 0.009
5033816.500 0.009
5026942.612 0.009
5020064.881 0.009
5013183.318 0.009
5006297.936 0.009
4999408.745 0.009
4992515.758 0.009
4985618.987 0.009
4978718.442 0.009
4971814.136 0.009
4964906.081 0.010
4957994.288 0.010
4951078.770 0.010
4944159.538 0.010
4937236.605 0.010
4930309.983 0.010
4923379.682 0.010
4916445.717 0.010
4909508.098 0.010
4902566.838 0.010
4895621.949 0.010
4888673.443 0.010
4881721.333 0.010
4874765.631 0.010
4867806.349 0.010
4860843.500 0.010
4853877.096 0.010
4846907.149 0.010
4839933.673 0.010
4832956.679 0.010
4825976.180 0.010
4818992.188 0.010
4812004.718 0.010
4805013.780 0.010
4798019.388 0.010
4791021.554 0.010
4784020.292 0.010
4777015.615 0.010
4770007.534 0.010
4762996.064 0.010
4755981.216 0.010
4748963.005 0.010
4741941.442 0.010
4734916.542 0.010
4727888.318 0.010
4720856.781 0.011
4713821.947 0.011
4706783.828 0.011
4699742.437 0.011
4692697.788 0.011
4685649.894 0.011
4678598.768 0.011
4671544.425 0.011
4664486.877 0.011
4657426.138 0.011
4650362.223 0.011
4643295.144 0.011
4636224.915 0.011
4629151.550 0.011
4622075.063 0.011
4614995.467 0.011
4607912.778 0.011
4600827.008 0.011
4593738.171 0.011
4586646.282 0.011
4579551.355 0.011
4572453.404 0.011
4565352.443 0.011
4558248.487 0.011
4551141.549 0.011
4544031.644 0.011
4536918.787 0.011
4529802.992 0.011
4522684.273 0.011
4515562.645 0.011
4508438.123 0.012
4501310.722 0.012
4494180.455 0.012
4487047.338 0.012
4479911.387 0.012
4472772.614 0.012
4465631.037 0.012
4458486.669 0.012
4451339.525 0.012
4444189.622 0.012
4437036.973 0.012
4429881.594 0.012
4422723.502 0.012
4415562.710 0.012
4408399.234 0.012
4401233.090 0.012
4394064.293 0.012
4386892.859 0.012
4379718.804 0.012
4372542.143 0.012
4365362.892 0.012
4358181.067 0.012
4350996.684 0.012
4343809.759 0.012
4336620.307 0.012
4329428.345 0.012
4322233.890 0.013
4315036.957 0.013
4307837.562 0.013
4300635.722 0.013
4293431.454 0.013
4286224.773 0.013
4279015.698 0.013
4271804.243 0.013
4264590.426 0.013
4257374.263 0.013
4250155.772 0.013
4242934.970 0.013
4235711.872 0.013
4228486.498 0.013
4221258.862 0.013
4214028.984 0.013
4206796.879 0.013
4199562.566 0.013
4192326.061 0.013
4185087.383 0.013
4177846.549 0.013
4170603.577 0.013
4163358.483 0.013
4156111.287 0.014
4148862.006 0.014
4141610.658 0.014
4134357.261 0.014
4127101.833 0.014
4119844.393 0.014
4112584.959 0.014
4105323.548 0.014
4098060.180 0.014
4090794.874 0.014
4083527.647 0.014
4076258.518 0.014
4068987.507 0.014
4061714.633 0.014
4054439.913 0.014
4047163.368 0.014
4039885.016 0.014
4032604.878 0.014
4025322.971 0.014
4018039.316 0.014
4010753.932 0.015
4003466.838 0.015
3996178.055 0.015
3988887.603 0.015
3981595.501 0.015
3974301.769 0.015
3967006.427 0.015
3959709.496 0.015
3952410.996 0.015
3945110.947 0.015
3937809.370 0.015
3930506.285 0.015
3923201.714 0.015
3915895.677 0.015
3908588.194 0.015
3901279.288 0.015
3893968.979 0.015
3886657.288 0.015
3879344.237 0.016
3872029.847 0.016
3864714.140 0.016
3857397.138 0.016
3850078.862 0.016
3842759.334 0.016
3835438.577 0.016
3828116.612 0.016
3820793.462 0.016
3813469.150 0.016
3806143.697 0.016
3798817.126 0.016
3791489.460 0.016
3784160.723 0.016
3776830.937 0.016
3769500.124 0.016
3762168.309 0.016
3754835.515 0.017
3747501.766 0.017
3740167.084 0.017
3732831.494 0.017
3725495.020 0.017
3718157.685 0.017
3710819.514 0.017
3703480.532 0.017
3696140.762 0.017
3688800.230 0.017
3681458.960 0.017
3674116.976 0.017
3666774.305 0.017
3659430.970 0.017
3652086.998 0.017
3644742.414 0.018
3637397.244 0.018
3630051.513 0.018
3622705.246 0.018
3615358.471 0.018
3608011.214 0.018
3600663.500 0.018
3593315.357 0.018
3585966.811 0.018
3578617.888 0.018
3571268.617 0.018
3563919.024 0.018
3556569.136 0.018
3549218.981 0.019
3541868.586 0.019
3534517.981 0.019
3527167.191 0.019
3519816.247 0.019
3512465.175 0.019
3505114.005 0.019
3497762.766 0.019
3490411.485 0.019
3483060.193 0.019
3475708.919 0.019
3468357.691 0.019
3461006.541 0.019
3453655.497 0.020
3446304.589 0.020
3438953.849 0.020
3431603.305 0.020
3424252.990 0.020
3416902.933 0.020
3409553.166 0.020
3402203.720 0.020
3394854.626 0.020
3387505.916 0.020
3380157.622 0.020
3372809.776 0.020
3365462.409 0.021
3358115.556 0.021
3350769.248 0.021
3343423.518 0.021
3336078.400 0.021
3328733.926 0.021
3321390.131 0.021
3314047.048 0.021
3306704.711 0.021
3299363.155 0.021
3292022.414 0.021
3284682.523 0.022
3277343.516 0.022
3270005.430 0.022
3262668.300 0.022
3255332.161 0.022
3247997.050 0.022
3240663.002 0.022
3233330.055 0.022
3225998.244 0.022
3218667.608 0.022
3211338.183 0.023
3204010.007 0.023
3196683.118 0.023
3189357.554 0.023
3182033.353 0.023
3174710.554 0.023
3167389.196 0.023
3160069.319 0.023
3152750.961 0.023
3145434.163 0.024
3138118.965 0.024
3130805.407 0.024
3123493.530 0.024
3116183.375 0.024
3108874.983 0.024
3101568.396 0.024
3094263.656 0.024
3086960.806 0.024
3079659.887 0.025
3072360.942 0.025
3065064.016 0.025
3057769.152 0.025
3050476.392 0.025
3043185.783 0.025
3035897.368 0.025
3028611.192 0.025
3021327.301 0.025
3014045.741 0.026
3006766.556 0.026
2999489.795 0.026
2992215.502 0.026
2984943.726 0.026
2977674.514 0.026
2970407.914 0.026
2963143.975 0.026
2955882.743 0.027
2948624.270 0.027
2941368.604 0.027
2934115.794 0.027
2926865.892 0.027
2919618.948 0.027
2912375.012 0.027
2905134.137 0.027
2897896.373 0.028
2890661.774 0.028
2883430.393 0.028
2876202.281 0.028
2868977.493 0.028
2861756.084 0.028
2854538.106 0.028
2847323.616 0.029
2840112.669 0.029
2832905.320 0.029
2825701.626 0.029
2818501.643 0.029
2811305.430 0.029
2804113.043 0.029
2796924.542 0.030
2789739.984 0.030
2782559.429 0.030
2775382.936 0.030
2768210.567 0.030
2761042.382 0.030
2753878.441 0.031
2746718.808 0.031
2739563.544 0.031
2732412.712 0.031
2725266.375 0.031
2718124.599 0.031
2710987.446 0.032
2703854.983 0.032
2696727.275 0.032
2689604.389 0.032
2682486.390 0.032
2675373.348 0.032
2668265.329 0.033
2661162.402 0.033
2654064.637 0.033
2646972.104 0.033
2639884.873 0.033
2632803.014 0.033
2625726.601 0.034
2618655.705 0.034
2611590.400 0.034
2604530.758 0.034
2597476.856 0.034
2590428.766 0.034
2583386.567 0.035
2576350.332 0.035
2569320.141 0.035
2562296.071 0.035
2555278.200 0.035
2548266.607 0.036
2541261.373 0.036
2534262.578 0.036
2527270.304 0.036
2520284.633 0.036
2513305.648 0.037
2506333.432 0.037
2499368.070 0.037
2492409.648 0.037
2485458.252 0.037
2478513.968 0.038
2471576.884 0.038
2464647.088 0.038
2457724.671 0.038
2450809.722 0.038
2443902.332 0.039
2437002.593 0.039
2430110.598 0.039
2423226.440 0.039
2416350.215 0.039
2409482.016 0.040
2402621.942 0.040
2395770.088 0.040
2388926.553 0.040
2382091.436 0.041
2375264.837 0.041
2368446.857 0.041
2361637.597 0.041
2354837.162 0.042
2348045.654 0.042
2341263.178 0.042
2334489.840 0.042
2327725.748 0.042
2320971.008 0.043
2314225.730 0.043
2307490.024 0.043
2300764.001 0.043
2294047.772 0.044
2287341.452 0.044
2280645.153 0.044
2273958.992 0.044
2267283.084 0.045
2260617.548 0.045
2253962.502 0.045
2247318.065 0.046
2240684.360 0.046
2234061.507 0.046
2227449.630 0.046
2220848.854 0.047
2214259.304 0.047
2207681.107 0.047
2201114.391 0.047
2194559.286 0.048
2188015.921 0.048
2181484.430 0.048
2174964.944 0.049
2168457.599 0.049
2161962.530 0.049
2155479.873 0.049
2149009.768 0.050
2142552.353 0.050
2136107.770 0.050
2129676.160 0.051
2123257.668 0.051
2116852.438 0.051
2110460.617 0.051
2104082.353 0.052
2097717.794 0.052
2091367.091 0.052
2085030.396 0.053
2078707.864 0.053
2072399.647 0.053
2066105.904 0.054
2059826.791 0.054
2053562.468 0.054
2047313.096 0.055
2041078.838 0.055
2034859.856 0.055
2028656.316 0.056
2022468.386 0.056
2016296.233 0.056
2010140.028 0.057
2003999.942 0.057
1997876.149 0.057
1991768.823 0.058
1985678.140 0.058
1979604.279 0.058
1973547.419 0.059
1967507.741 0.059
1961485.429 0.059
1955480.666 0.060
1949493.639 0.060
1943524.536 0.060
1937573.546 0.061
1931640.860 0.061
1925726.671 0.061
1919831.175 0.062
1913954.567 0.062
1908097.045 0.063
1902258.809 0.063
1896440.060 0.063
1890641.002 0.064
1884861.839 0.064
1879102.778 0.064
1873364.028 0.065
1867645.799 0.065
1861948.303 0.066
1856271.753 0.066
1850616.364 0.066
1844982.355 0.067
1839369.944 0.067
1833779.351 0.068
1828210.799 0.068
1822664.513 0.068
1817140.719 0.069
1811639.644 0.069
1806161.518 0.070
1800706.572 0.070
1795275.040 0.070
1789867.156 0.071
1784483.156 0.071
1779123.280 0.072
1773787.768 0.072
1768476.860 0.072
1763190.802 0.073
1757929.837 0.073
1752694.213 0.074
1747484.179 0.074
1742299.986 0.075
1737141.884 0.075
1732010.128 0.075
1726904.974 0.076
1721826.678 0.076
1716775.499 0.077
1711751.697 0.077
1706755.534 0.078
1701787.274 0.078
1696847.181 0.078
1691935.522 0.079
1687052.564 0.079
1682198.578 0.080
1677373.835 0.080
1672578.605 0.081
1667813.164 0.081
1663077.787 0.081
1658372.749 0.082
1653698.329 0.082
1649054.806 0.083
1644442.459 0.083
1639861.571 0.084
1635312.424 0.084
1630795.302 0.085
1626310.490 0.085
1621858.273 0.085
1617438.940 0.086
1613052.777 0.086
1608700.073 0.087
1604381.119 0.087
1600096.204 0.088
1595845.621 0.088
1591629.661 0.089
1587448.616 0.089
1583302.781 0.089
1579192.449 0.090
1575117.914 0.090
1571079.471 0.091
1567077.415 0.091
1563112.042 0.092
1559183.648 0.092
1555292.528 0.093
1551438.979 0.093
1547623.296 0.093
1543845.775 0.094
1540106.713 0.094
1536406.405 0.095
1532745.146 0.095
1529123.232 0.096
1525540.957 0.096
1521998.616 0.096
1518496.501 0.097
1515034.907 0.097
1511614.126 0.098
1508234.447 0.098
1504896.163 0.099
1501599.563 0.099
1498344.934 0.099
1495132.564 0.100
1491962.738 0.100
1488835.742 0.101
1485751.857 0.101
1482711.366 0.101
1479714.547 0.102
1476761.679 0.102
1473853.038 0.103
1470988.897 0.103
1468169.529 0.103
1465395.203 0.104
1462666.187 0.104
1459982.745 0.104
1457345.140 0.105
1454753.632 0.105
1452208.477 0.105
1449709.931 0.106
1447258.245 0.106
1444853.666 0.106
1442496.440 0.107
1440186.810 0.107
1437925.013 0.107
1435711.284 0.108
1433545.856 0.108
1431428.955 0.108
1429360.807 0.109
1427341.631 0.109
1425371.643 0.109
1423451.056 0.109
1421580.077 0.110
1419758.910 0.110
1417987.754 0.110
1416266.803 0.111
1414596.249 0.111
1412976.276 0.111
1411407.065 0.111
1409888.791 0.111
1408421.626 0.112
1407005.735 0.112
1405641.279 0.112
1404328.413 0.112
1403067.287 0.112
1401858.046 0.113
1400700.829 0.113
1399595.770 0.113
1398542.997 0.113
1397542.631 0.113
1396594.790 0.113
1395699.585 0.114
1394857.120 0.114
1394067.494 0.114
1393330.801 0.114
1392647.127 0.114
1392016.553 0.114
1391439.154 0.114
1390914.998 0.114
1390444.148 0.114
1390026.659 0.114
1389662.582 0.115
1389351.960 0.115
1389094.830 0.115
1388891.222 0.115
1388741.162 0.115
1388644.666 0.115
1388601.747 0.115
1388612.410 0.115
1388676.653 0.115
1388794.469 0.115
1388965.844 0.115
1389190.756 0.115
1389469.180 0.115
1389801.082 0.115
1390186.422 0.114
1390625.155 0.114
1391117.228 0.114
1391662.582 0.114
1392261.153 0.114
1392912.870 0.114
1393617.656 0.114
1394375.427 0.114
1395186.094 0.114
1396049.561 0.114
1396965.728 0.113
1397934.488 0.113
1398955.726 0.113
1400029.324 0.113
1401155.158 0.113
1402333.097 0.113
1403563.005 0.112
1404844.741 0.112
1406178.158 0.112
1407563.104 0.112
1408999.422 0.112
1410486.948 0.111
1412025.516 0.111
1413614.951 0.111
1415255.078 0.111
1416945.712 0.110
1418686.668 0.110
1420477.752 0.110
1422318.769 0.110
1424209.517 0.109
1426149.791 0.109
1428139.381 0.109
1430178.075 0.109
1432265.654 0.108
1434401.896 0.108
1436586.575 0.108
1438819.463 0.107
1441100.327 0.107
1443428.930 0.107
1445805.032 0.106
1448228.389 0.106
1450698.757 0.106
1453215.884 0.105
1455779.518 0.105
1458389.405 0.105
1461045.285 0.104
1463746.898 0.104
1466493.980 0.103
1469286.266 0.103
1472123.487 0.103
1475005.372 0.102
1477931.649 0.102
1480902.044 0.102
1483916.278 0.101
1486974.075 0.101
1490075.153 0.100
1493219.231 0.100
1496406.024 0.100
1499635.249 0.099
1502906.618 0.099
1506219.845 0.098
1509574.640 0.098
1512970.714 0.098
1516407.775 0.097
1519885.533 0.097
1523403.694 0.096
1526961.966 0.096
1530560.054 0.095
1534197.665 0.095
1537874.502 0.095
1541590.272 0.094
1545344.678 0.094
1549137.424 0.093
1552968.216 0.093
1556836.756 0.092
1560742.749 0.092
1564685.898 0.092
1568665.908 0.091
1572682.483 0.091
1576735.329 0.090
1580824.149 0.090
1584948.649 0.089
1589108.535 0.089
1593303.514 0.088
1597533.292 0.088
1601797.577 0.088
1606096.077 0.087
1610428.501 0.087
1614794.559 0.086
1619193.961 0.086
1623626.420 0.085
1628091.647 0.085
1632589.356 0.084
1637119.261 0.084
1641681.078 0.084
1646274.524 0.083
1650899.316 0.083
1655555.174 0.082
1660241.817 0.082
1664958.967 0.081
1669706.346 0.081
1674483.680 0.080
1679290.692 0.080
1684127.111 0.080
1688992.664 0.079
1693887.081 0.079
1698810.093 0.078
1703761.433 0.078
1708740.835 0.077
1713748.034 0.077
1718782.768 0.076
1723844.775 0.076
1728933.797 0.076
1734049.574 0.075
1739191.851 0.075
1744360.373 0.074
1749554.886 0.074
1754775.140 0.074
1760020.884 0.073
1765291.871 0.073
1770587.855 0.072
1775908.590 0.072
1781253.834 0.071
1786623.345 0.071
1792016.885 0.071
1797434.215 0.070
1802875.101 0.070
1808339.306 0.069
1813826.600 0.069
1819336.751 0.069
1824869.531 0.068
1830424.712 0.068
1836002.070 0.067
1841601.380 0.067
1847222.420 0.067
1852864.972 0.066
1858528.816 0.066
1864213.736 0.065
1869919.517 0.065
1875645.946 0.065
1881392.812 0.064
1887159.906 0.064
1892947.020 0.064
1898753.947 0.063
1904580.485 0.063
1910426.429 0.062
1916291.580 0.062
1922175.737 0.062
1928078.705 0.061
1934000.288 0.061
1939940.291 0.061
1945898.522 0.060
1951874.790 0.060
1957868.908 0.060
1963880.687 0.059
1969909.943 0.059
1975956.491 0.058
1982020.149 0.058
1988100.736 0.058
1994198.074 0.057
2000311.986 0.057
2006442.295 0.057
2012588.827 0.056
2018751.411 0.056
2024929.874 0.056
2031124.048 0.055
2037333.765 0.055
2043558.858 0.055
2049799.163 0.054
2056054.516 0.054
2062324.756 0.054
2068609.723 0.053
2074909.258 0.053
2081223.203 0.053
2087551.403 0.053
2093893.704 0.052
2100249.952 0.052
2106619.997 0.052
2113003.688 0.051
2119400.876 0.051
2125811.415 0.051
2132235.159 0.050
2138671.963 0.050
2145121.684 0.050
2151584.181 0.050
2158059.313 0.049
2164546.941 0.049
2171046.927 0.049
2177559.135 0.048
2184083.430 0.048
2190619.678 0.048
2197167.746 0.048
2203727.504 0.047
2210298.820 0.047
2216881.567 0.047
2223475.616 0.046
2230080.842 0.046
2236697.119 0.046
2243324.322 0.046
2249962.331 0.045
2256611.021 0.045
2263270.274 0.045
2269939.970 0.045
2276619.990 0.044
2283310.218 0.044
2290010.537 0.044
2296720.833 0.044
2303440.993 0.043
2310170.902 0.043
2316910.450 0.043
2323659.526 0.043
2330418.020 0.042
2337185.825 0.042
2343962.832 0.042
2350748.936 0.042
2357544.030 0.041
2364348.010 0.041
2371160.773 0.041
2377982.217 0.041
2384812.240 0.041
2391650.740 0.040
2398497.620 0.040
2405352.779 0.040
2412216.121 0.040
2419087.548 0.039
2425966.965 0.039
2432854.276 0.039
2439749.387 0.039
2446652.206 0.039
2453562.639 0.038
2460480.596 0.038
2467405.984 0.038
2474338.716 0.038
2481278.701 0.037
2488225.851 0.037
2495180.079 0.037
2502141.299 0.037
2509109.424 0.037
2516084.371 0.036
2523066.053 0.036
2530054.389 0.036
2537049.295 0.036
2544050.689 0.036
2551058.491 0.036
2558072.620 0.035
2565092.996 0.035
2572119.540 0.035
2579152.174 0.035
2586190.820 0.035
2593235.402 0.034
2600285.844 0.034
2607342.069 0.034
2614404.004 0.034
2621471.573 0.034
2628544.704 0.033
2635623.324 0.033
2642707.361 0.033
2649796.742 0.033
2656891.398 0.033
2663991.258 0.033
2671096.252 0.032
2678206.311 0.032
2685321.367 0.032
2692441.352 0.032
2699566.200 0.032
2706695.842 0.032
2713830.214 0.031
2720969.249 0.031
2728112.883 0.031
2735261.051 0.031
2742413.690 0.031
2749570.737 0.031
2756732.128 0.030
2763897.802 0.030
2771067.697 0.030
2778241.752 0.030
2785419.906 0.030
2792602.099 0.030
2799788.272 0.030
2806978.366 0.029
2814172.322 0.029
2821370.081 0.029
2828571.588 0.029
2835776.783 0.029
2842985.612 0.029
2850198.016 0.029
2857413.942 0.028
2864633.334 0.028
2871856.137 0.028
2879082.296 0.028
2886311.758 0.028
2893544.470 0.028
2900780.378 0.028
2908019.430 0.027
2915261.574 0.027
2922506.757 0.027
2929754.930 0.027
2937006.041 0.027
2944260.039 0.027
2951516.875 0.027
2958776.498 0.027
2966038.860 0.026
2973303.912 0.026
2980571.605 0.026
2987841.891 0.026
2995114.723 0.026
3002390.052 0.026
3009667.833 0.026
3016948.019 0.026
3024230.563 0.025
3031515.419 0.025
3038802.543 0.025
3046091.888 0.025
3053383.410 0.025
3060677.065 0.025
3067972.808 0.025
3075270.596 0.025
3082570.385 0.024
3089872.132 0.024
3097175.794 0.024
3104481.329 0.024
3111788.695 0.024
3119097.849 0.024
3126408.751 0.024
3133721.359 0.024
3141035.632 0.024
3148351.529 0.023
3155669.011 0.023
3162988.037 0.023
3170308.567 0.023
3177630.562 0.023
3184953.984 0.023
3192278.792 0.023
3199604.949 0.023
3206932.417 0.023
3214261.156 0.023
3221591.130 0.022
3228922.301 0.022
3236254.632 0.022
3243588.085 0.022
3250922.625 0.022
3258258.215 0.022
3265594.818 0.022
3272932.399 0.022
3280270.922 0.022
3287610.351 0.022
3294950.652 0.021
3302291.790 0.021
3309633.729 0.021
3316976.436 0.021
3324319.876 0.021
3331664.015 0.021
3339008.820 0.021
3346354.257 0.021
3353700.292 0.021
3361046.893 0.021
3368394.027 0.021
3375741.661 0.020
3383089.764 0.020
3390438.301 0.020
3397787.243 0.020
3405136.556 0.020
3412486.209 0.020
3419836.172 0.020
3427186.413 0.020
3434536.900 0.020
3441887.604 0.020
3449238.493 0.020
3456589.538 0.020
3463940.707 0.019
3471291.972 0.019
3478643.303 0.019
3485994.670 0.019
3493346.043 0.019
3500697.393 0.019
3508048.691 0.019
3515399.910 0.019
3522751.018 0.019
3530101.990 0.019
3537452.795 0.019
3544803.406 0.019
3552153.796 0.018
3559503.935 0.018
3566853.797 0.018
3574203.354 0.018
3581552.579 0.018
3588901.445 0.018
3596249.925 0.018
3603597.991 0.018
3610945.618 0.018
3618292.779 0.018
3625639.448 0.018
3632985.598 0.018
3640331.204 0.018
3647676.239 0.018
3655020.678 0.017
3662364.496 0.017
3669707.666 0.017
3677050.164 0.017
3684391.965 0.017
3691733.043 0.017
3699073.375 0.017
3706412.934 0.017
3713751.697 0.017
3721089.640 0.017
3728426.737 0.017
3735762.965 0.017
3743098.300 0.017
3750432.718 0.017
3757766.195 0.017
3765098.707 0.016
3772430.232 0.016
3779760.746 0.016
3787090.225 0.016
3794418.647 0.016
3801745.989 0.016
3809072.227 0.016
3816397.340 0.016
3823721.303 0.016
3831044.096 0.016
3838365.696 0.016
3845686.079 0.016
3853005.226 0.016
3860323.112 0.016
3867639.717 0.016
3874955.018 0.016
3882268.995 0.015
3889581.625 0.015
3896892.887 0.015
3904202.759 0.015
3911511.221 0.015
3918818.252 0.015
3926123.829 0.015
3933427.934 0.015
3940730.544 0.015
3948031.639 0.015
3955331.198 0.015
3962629.201 0.015
3969925.628 0.015
3977220.458 0.015
3984513.672 0.015
3991805.248 0.015
3999095.168 0.015
4006383.410 0.015
4013669.956 0.015
4020954.786 0.014
4028237.880 0.014
4035519.218 0.014
4042798.782 0.014
4050076.552 0.014
4057352.508 0.014
4064626.632 0.014
4071898.904 0.014
4079169.306 0.014
4086437.818 0.014
4093704.423 0.014
4100969.100 0.014
4108231.833 0.014
4115492.601 0.014
4122751.387 0.014
4130008.172 0.014
4137262.938 0.014
4144515.667 0.014
4151766.341 0.014
4159014.941 0.014
4166261.451 0.013
4173505.851 0.013
4180748.124 0.013
4187988.253 0.013
4195226.219 0.013
4202462.006 0.013
4209695.595 0.013
4216926.970 0.013
4224156.112 0.013
4231383.006 0.013
4238607.633 0.013
4245829.977 0.013
4253050.020 0.013
4260267.745 0.013
4267483.136 0.013
4274696.176 0.013
4281906.848 0.013
4289115.136 0.013
4296321.022 0.013
4303524.490 0.013
4310725.524 0.013
4317924.108 0.013
4325120.225 0.013
4332313.858 0.012
4339504.992 0.012
4346693.610 0.012
4353879.697 0.012
4361063.236 0.012
4368244.212 0.012
4375422.608 0.012
4382598.408 0.012
4389771.598 0.012
4396942.161 0.012
4404110.082 0.012
4411275.345 0.012
4418437.934 0.012
4425597.834 0.012
4432755.030 0.012
4439909.507 0.012
4447061.248 0.012
4454210.240 0.012
4461356.466 0.012
4468499.912 0.012
4475640.563 0.012
4482778.403 0.012
4489913.418 0.012
4497045.593 0.012
4504174.912 0.012
4511301.362 0.012
4518424.928 0.011
4525545.594 0.011
4532663.347 0.011
4539778.171 0.011
4546890.053 0.011
4553998.977 0.011
4561104.930 0.011
4568207.897 0.011
4575307.864 0.011
4582404.816 0.011
4589498.739 0.011
4596589.620 0.011
4603677.444 0.011
4610762.197 0.011
4617843.865 0.011
4624922.434 0.011
4631997.890 0.011
4639070.220 0.011
4646139.410 0.011
4653205.445 0.011
4660268.312 0.011
4667327.998 0.011
4674384.489 0.011
4681437.771 0.011
4688487.831 0.011
4695534.655 0.011
4702578.231 0.011
4709618.543 0.011
4716655.580 0.011
4723689.328 0.010
4730719.773 0.010
4737746.903 0.010
4744770.704 0.010
4751791.164 0.010
4758808.268 0.010
4765822.004 0.010
4772832.359 0.010
4779839.321 0.010
4786842.875 0.010
4793843.010 0.010
4800839.712 0.010
4807832.969 0.010
4814822.768 0.010
4821809.096 0.010
4828791.940 0.010
4835771.288 0.010
4842747.128 0.010
4849719.446 0.010
4856688.231 0.010
4863653.469 0.010
4870615.148 0.010
4877573.257 0.010
4884527.782 0.010
4891478.711 0.010
4898426.032 0.010
4905369.732 0.010
4912309.801 0.010
4919246.224 0.010
362179.151 0.823
371616.852 0.808
381054.184 0.792
390491.137 0.776
399927.702 0.761
409363.868 0.745
418799.628 0.729
428234.971 0.714
437669.887 0.699
447104.369 0.684
456538.406 0.669
465971.989 0.654
475405.108 0.640
484837.754 0.625
494269.918 0.612
503701.590 0.598
513132.762 0.585
522563.423 0.572
531993.564 0.559
541423.176 0.546
550852.249 0.534
560280.775 0.522
569708.743 0.511
579136.145 0.500
588562.970 0.489
597989.210 0.478
607414.855 0.467
616839.896 0.457
626264.324 0.447
635688.128 0.438
645111.300 0.428
654533.831 0.419
663955.710 0.411
673376.929 0.402
682797.478 0.393
692217.348 0.385
701636.529 0.377
711055.013 0.370
720472.789 0.362
729889.849 0.355
739306.182 0.348
748721.780 0.341
758136.634 0.334
767550.733 0.327
776964.069 0.321
786376.632 0.315
795788.412 0.309
805199.401 0.303
814609.590 0.297
824018.968 0.291
833427.526 0.286
842835.255 0.281
852242.146 0.275
861648.189 0.270
871053.375 0.265
880457.695 0.261
889861.139 0.256
899263.697 0.251
908665.361 0.247
918066.122 0.243
927465.969 0.238
936864.893 0.234
946262.886 0.230
955659.937 0.226
965056.038 0.222
974451.179 0.219
983845.351 0.215
993238.544 0.211
1002630.749 0.208
1012021.956 0.205
1021412.157 0.201
1030801.342 0.198
1040189.502 0.195
1049576.627 0.192
1058962.707 0.189
1068347.735 0.186
1077731.700 0.183
1087114.593 0.180
1096496.404 0.177
1105877.125 0.175
1115256.746 0.172
1124635.257 0.169
1134012.650 0.167
1143388.914 0.164
1152764.042 0.162
1162138.022 0.159
1171510.847 0.157
1180882.506 0.155
1190252.991 0.153
1199622.292 0.150
1208990.400 0.148
1218357.304 0.146
1227722.997 0.144
1237087.469 0.142
1246450.710 0.140
1255812.712 0.138
1265173.464 0.136
1274532.958 0.135
1283891.184 0.133
1293248.133 0.131
1302603.795 0.129
1311958.162 0.128
1321311.223 0.126
1330662.971 0.124
1340013.394 0.123
1349362.485 0.121
1358710.234 0.119
1368056.631 0.118
1377401.667 0.116
1386745.333 0.115
1396087.620 0.114
1405428.518 0.112
1414768.018 0.111
1424106.111 0.109
1433442.787 0.108
1442778.037 0.107
1452111.852 0.105
1461444.223 0.104
1470775.140 0.103
1480104.594 0.102
1489432.575 0.101
1498759.075 0.099
1508084.085 0.098
1517407.594 0.097
1526729.593 0.096
1536050.075 0.095
1545369.028 0.094
1554686.444 0.093
1564002.313 0.092
1573316.627 0.091
1582629.376 0.090
1591940.550 0.089
1601250.141 0.088
1610558.139 0.087
1619864.535 0.086
1629169.320 0.085
1638472.484 0.084
1647774.019 0.083
1657073.914 0.082
1666372.161 0.081
1675668.751 0.080
1684963.673 0.079
1694256.920 0.079
1703548.481 0.078
1712838.348 0.077
1722126.510 0.076
1731412.960 0.075
1740697.688 0.075
1749980.684 0.074
1759261.939 0.073
1768541.445 0.072
1777819.191 0.072
1787095.169 0.071
1796369.369 0.070
1805641.782 0.070
1814912.399 0.069
1824181.211 0.068
1833448.208 0.068
1842713.381 0.067
1851976.722 0.066
1861238.220 0.066
1870497.867 0.065
1879755.653 0.064
1889011.569 0.064
1898265.606 0.063
1907517.755 0.063
1916768.007 0.062
1926016.352 0.061
1935262.781 0.061
1944507.285 0.060
1953749.855 0.060
1962990.481 0.059
1972229.155 0.059
1981465.867 0.058
1990700.607 0.058
1999933.368 0.057
2009164.139 0.057
2018392.912 0.056
2027619.677 0.056
2036844.425 0.055
2046067.147 0.055
2055287.833 0.054
2064506.476 0.054
2073723.064 0.053
2082937.590 0.053
2092150.044 0.052
2101360.416 0.052
2110568.699 0.051
2119774.882 0.051
2128978.956 0.051
2138180.913 0.050
2147380.742 0.050
2156578.436 0.049
2165773.984 0.049
2174967.378 0.049
2184158.609 0.048
2193347.667 0.048
2202534.543 0.047
2211719.228 0.047
2220901.713 0.047
2230081.989 0.046
2239260.046 0.046
2248435.876 0.045
2257609.470 0.045
2266780.818 0.045
2275949.911 0.044
2285116.740 0.044
2294281.296 0.044
2303443.569 0.043
2312603.552 0.043
2321761.234 0.043
2330916.606 0.042
2340069.660 0.042
2349220.386 0.042
2358368.775 0.041
2367514.818 0.041
2376658.506 0.041
2385799.830 0.040
2394938.781 0.040
2404075.349 0.040
2413209.526 0.040
2422341.303 0.039
2431470.670 0.039
2440597.618 0.039
2449722.139 0.038
2458844.222 0.038
2467963.860 0.038
2477081.043 0.038
2486195.762 0.037
2495308.007 0.037
2504417.771 0.037
2513525.043 0.037
2522629.815 0.036
2531732.077 0.036
2540831.821 0.036
2549929.038 0.036
2559023.718 0.035
2568115.853 0.035
2577205.432 0.035
2586292.449 0.035
2595376.892 0.034
2604458.754 0.034
2613538.025 0.034
2622614.697 0.034
2631688.759 0.033
2640760.204 0.033
2649829.021 0.033
2658895.203 0.033
2667958.740 0.033
2677019.623 0.032
2686077.843 0.032
2695133.391 0.032
2704186.258 0.032
2713236.436 0.031
2722283.914 0.031
2731328.684 0.031
2740370.737 0.031
2749410.064 0.031
2758446.657 0.030
2767480.505 0.030
2776511.600 0.030
2785539.934 0.030
2794565.496 0.030
2803588.279 0.029
2812608.273 0.029
2821625.468 0.029
2830639.858 0.029
2839651.431 0.029
2848660.180 0.029
2857666.094 0.028
2866669.167 0.028
2875669.387 0.028
2884666.747 0.028
2893661.238 0.028
2902652.850 0.028
2911641.575 0.027
2920627.403 0.027
2929610.326 0.027
2938590.335 0.027
2947567.420 0.027
2956541.574 0.027
2965512.786 0.026
2974481.049 0.026
2983446.352 0.026
2992408.688 0.026
3001368.047 0.026
3010324.421 0.026
3019277.800 0.025
3028228.175 0.025
3037175.538 0.025
3046119.880 0.025
3055061.192 0.025
3063999.465 0.025
3072934.690 0.025
3081866.858 0.024
3090795.960 0.024
3099721.988 0.024
3108644.932 0.024
3117564.784 0.024
3126481.534 0.024
3135395.175 0.024
3144305.696 0.024
3153213.090 0.023
3162117.347 0.023
3171018.459 0.023
3179916.416 0.023
3188811.210 0.023
3197702.832 0.023
3206591.273 0.023
3215476.524 0.023
3224358.576 0.022
3233237.421 0.022
3242113.050 0.022
3250985.453 0.022
3259854.623 0.022
3268720.549 0.022
3277583.225 0.022
3286442.639 0.022
3295298.785 0.021
3304151.652 0.021
3313001.233 0.021
3321847.518 0.021
3330690.499 0.021
3339530.166 0.021
3348366.511 0.021
3357199.525 0.021
3366029.200 0.021
3374855.527 0.020
3383678.496 0.020
3392498.099 0.020
3401314.327 0.020
3410127.172 0.020
3418936.625 0.020
3427742.676 0.020
3436545.318 0.020
3445344.541 0.020
3454140.337 0.020
3462932.697 0.019
3471721.612 0.019
3480507.074 0.019
3489289.073 0.019
3498067.601 0.019
3506842.649 0.019
3515614.209 0.019
3524382.271 0.019
3533146.828 0.019
3541907.870 0.019
3550665.389 0.018
3559419.375 0.018
3568169.821 0.018
3576916.717 0.018
3585660.055 0.018
3594399.826 0.018
3603136.021 0.018
3611868.632 0.018
3620597.650 0.018
3629323.066 0.018
3638044.873 0.018
3646763.059 0.018
3655477.619 0.017
3664188.542 0.017
3672895.819 0.017
3681599.444 0.017
3690299.405 0.017
3698995.696 0.017
3707688.307 0.017
3716377.230 0.017
3725062.455 0.017
3733743.976 0.017
3742421.781 0.017
3751095.864 0.017
3759766.216 0.017
3768432.827 0.016
3777095.690 0.016
3785754.795 0.016
3794410.134 0.016
3803061.699 0.016
3811709.480 0.016
3820353.470 0.016
3828993.659 0.016
3837630.039 0.016
3846262.601 0.016
3854891.338 0.016
3863516.239 0.016
3872137.297 0.016
3880754.504 0.016
3889367.849 0.015
3897977.326 0.015
3906582.925 0.015
3915184.637 0.015
3923782.455 0.015
3932376.370 0.015
3940966.373 0.015
3949552.455 0.015
3958134.609 0.015
3966712.824 0.015
3975287.094 0.015
3983857.409 0.015
3992423.762 0.015
4000986.142 0.015
4009544.543 0.015
4018098.954 0.014
4026649.369 0.014
4035195.778 0.014
4043738.173 0.014
4052276.545 0.014
4060810.885 0.014
4069341.187 0.014
4077867.440 0.014
4086389.636 0.014
4094907.767 0.014
4103421.825 0.014
4111931.801 0.014
4120437.686 0.014
4128939.472 0.014
4137437.151 0.014
4145930.714 0.014
4154420.152 0.014
4162905.458 0.013
4171386.622 0.013
4179863.637 0.013
4188336.494 0.013
4196805.184 0.013
4205269.699 0.013
4213730.030 0.013
4222186.170 0.013
4230638.110 0.013
4239085.841 0.013
4247529.355 0.013
4255968.644 0.013
4264403.698 0.013
4272834.511 0.013
4281261.073 0.013
4289683.375 0.013
4298101.411 0.013
4306515.171 0.013
4314924.646 0.013
4323329.829 0.013
4331730.712 0.012
4340127.285 0.012
4348519.540 0.012
4356907.469 0.012
4365291.065 0.012
4373670.317 0.012
4382045.219 0.012
4390415.761 0.012
4398781.936 0.012
4407143.735 0.012
4415501.150 0.012
4423854.172 0.012
4432202.793 0.012
4440547.005 0.012
4448886.799 0.012
4457222.168 0.012
4465553.102 0.012
4473879.594 0.012
4482201.636 0.012
4490519.219 0.012
4498832.334 0.012
4507140.974 0.012
4515445.130 0.011
4523744.794 0.011
4532039.958 0.011
4540330.613 0.011
4548616.752 0.011
4556898.365 0.011
4565175.446 0.011
4573447.984 0.011
4581715.973 0.011
4589979.404 0.011
4598238.269 0.011
4606492.560 0.011
4614742.268 0.011
4622987.385 0.011
4631227.903 0.011
4639463.813 0.011
4647695.109 0.011
4655921.781 0.011
4664143.821 0.011
4672361.221 0.011
4680573.973 0.011
4688782.068 0.011
4696985.499 0.011
4705184.257 0.011
4713378.335 0.011
4721567.724 0.011
4729752.415 0.010
4737932.401 0.010
4746107.674 0.010
4754278.226 0.010
4762444.047 0.010
4770605.131 0.010
4778761.469 0.010
4786913.053 0.010
4795059.875 0.010
4803201.926 0.010
4811339.199 0.010
4819471.686 0.010
4827599.378 0.010
4835722.268 0.010
4843840.347 0.010
4851953.607 0.010
4860062.040 0.010
4868165.639 0.010
4876264.394 0.010
4884358.298 0.010
4892447.343 0.010
4900531.521 0.010
4908610.824 0.010
4916685.244 0.010
4924754.772 0.010
4932819.401 0.010
4940879.123 0.010
4948933.929 0.010
4956983.812 0.010
4965028.764 0.010
4973068.776 0.009
4981103.841 0.009
4989133.951 0.009
4997159.097 0.009
5005179.272 0.009
5013194.467 0.009
5021204.676 0.009
5029209.888 0.009
5037210.098 0.009
5045205.297 0.009
5053195.476 0.009
5061180.628 0.009
5069160.745 0.009
5077135.820 0.009
5085105.843 0.009
5093070.807 0.009
5101030.705 0.009
5108985.528 0.009
5116935.268 0.009
5124879.918 0.009
5132819.469 0.009
5140753.914 0.009
5148683.245 0.009
5156607.453 0.009
5164526.532 0.009
5172440.473 0.009
5180349.268 0.009
5188252.909 0.009
5196151.389 0.009
5204044.699 0.009
5211932.832 0.009
5219815.780 0.009
5227693.536 0.009
5235566.090 0.009
5243433.436 0.009
5251295.565 0.009
5259152.471 0.008
5267004.144 0.008
5274850.577 0.008
5282691.763 0.008
5290527.693 0.008
5298358.360 0.008
5306183.755 0.008
5314003.872 0.008
5321818.703 0.008
5329628.239 0.008
5337432.472 0.008
0.0 0.0 0.0
0.0 0.0 0.0
0.0 0.0 0.0
0.0 0.0 0.0
0.0 0.0 0.0
0.0 0.0 0.0
0.0 0.0 0.0
0.0 0.0 0.0
0.0 0.0 0.0
0.0 0.0 0.0
0.0 0.0 0.0
0.0 0.0 0.0
0.0 0.0 0.0
0.0 0.0 0.0
0.0 0.0 0.0
0.0 0.0 0.0
0.0 0.0 0.0
0.0 0.0 0.0
0.0 0.0 0.0
0.0 0.0 0.0
0.0 0.0 0.0
0.0 0.0 0.0
0.0 0.0 0.0
0.0 0.0 0.0
0.0 0.0 0.0
0.0 0.0 0.0
0.0 0.0 0.0
0.0 0.0 0.0
0.0 0.0 0.0
0.0 0.0 0.0
0.0 0.0 0.0
0.0 0.0 0.0
0.0 0.0 0.0
0.0 0.0 0.0
0.0 0.0 0.0
0.0 0.0 0.0
0.0 0.0 0.0
0.0 0.0 0.0
0.0 0.0 0.0
0.0 0.0 0.0
0.0 0.0 0.0
0.0 0.0 0.0
0.0 0.0 0.0
0.0 0.0 0.0
0.0 0.0 0.0
0.0 0.0 0.0
0.0 0.0 0.0
0.0 0.0 0.0
0.0 0.0 0.0
0.0 0.0 0.0
0.0 0.0 0.0
0.0 0.0 0.0
0.0 0.0 0.0
0.0 0.0 0.0
0.0 0.0 0.0
0.0 0.0 0.0
0.0 0.0 0.0
0.0 0.0 0.0
0.0 0.0 0.0
0.0 0.0 0.0
0.0 0.0 0.0
0.0 0.0 0.0
0.0 0.0 0.0
0.0 0.0 0.0
0.0 0.0 0.0
0.0 0.0 0.0
0.0 0.0 0.0
0.0 0.0 0.0
0.0 0.0 0.0
0.0 0.0 0.0
0.0 0.0 0.0
0.0 0.0 0.0
0.0 0.0 0.0
0.0 0.0 0.0
0.0 0.0 0.0
0.0 0.0 0.0
0.0 0.0 0.0
0.0 0.0 0.0
0.0 0.0 0.0
0.0 0.0 0.0
0.0 0.0 0.0
0.0 0.0 0.0
0.0 0.0 0.0
0.0 0.0 0.0
0.0 0.0 0.0
0.0 0.0 0.0
0.0 0.0 0.0
0.0 0.0 0.0
0.0 0.0 0.0
0.0 0.0 0.0
0.0 0.0 0.0
0.0 0.0 0.0
0.0 0.0 0.0
0.0 0.0 0.0
0.0 0.0 0.0
0.0 0.0 0.0
0.0 0.0 0.0
0.0 0.0 0.0
0.0 0.0 0.0
0.0 0.0 0.0
0.0 0.0 0.0
0.0 0.0 0.0
0.0 0.0 0.0
0.0 0.0 0.0
0.0 0.0 0.0
0.0 0.0 0.0
0.0 0.0 0.0
0.0 0.0 0.0
0.0 0.0 0.0
0.0 0.0 0.0
0.0 0.0 0.0
0.0 0.0 0.0
0.0 0.0 0.0
0.0 0.0 0.0
0.0 0.0 0.0
0.0 0.0 0.0
0.0 0.0 0.0
0.0 0.0 0.0
0.0 0.0 0.0
0.0 0.0 0.0
0.0 0.0 0.0
0.0 0.0 0.0
0.0 0.0 0.0
0.0 0.0 0.0
0.0 0.0 0.0
0.0 0.0 0.0
0.0 0.0 0.0
0.0 0.0 0.0
0.0 0.0 0.0
0.0 0.0 0.0
0.0 0.0 0.0
0.0 0.0 0.0
0.0 0.0 0.0
0.0 0.0 0.0
0.0 0.0 0.0
0.0 0.0 0.0
0.0 0.0 0.0
0.0 0.0 0.0
0.0 0.0 0.0
0.0 0.0 0.0
0.0 0.0 0.0
0.0 0.0 0.0
0.0 0.0 0.0
0.0 0.0 0.0
0.0 0.0 0.0
0.0 0.0 0.0
0.0 0.0 0.0
0.0 0.0 0.0
0.0 0.0 0.0
0.0 0.0 0.0
0.0 0.0 0.0
0.0 0.0 0.0
0.0 0.0 0.0
0.0 0.0 0.0
0.0 0.0 0.0
0.0 0.0 0.0
0.0 0.0 0.0
0.0 0.0 0.0
0.0 0.0 0.0
0.0 0.0 0.0
0.0 0.0 0.0
0.0 0.0 0.0
0.0 0.0 0.0
0.0 0.0 0.0
0.0 0.0 0.0
0.0 0.0 0.0
0.0 0.0 0.0
0.0 0.0 0.0
0.0 0.0 0.0
0.0 0.0 0.0
0.0 0.0 0.0
0.0 0.0 0.0
0.0 0.0 0.0
0.0 0.0 0.0
0.0 0.0 0.0
0.0 0.0 0.0
0.0 0.0 0.0
0.0 0.0 0.0
0.0 0.0 0.0
0.0 0.0 0.0
0.0 0.0 0.0
0.0 0.0 0.0
0.0 0.0 0.0
0.0 0.0 0.0
0.0 0.0 0.0
0.0 0.0 0.0
0.0 0.0 0.0
0.0 0.0 0.0
0.0 0.0 0.0
0.0 0.0 0.0
0.0 0.0 0.0
0.0 0.0 0.0
0.0 0.0 0.0
0.0 0.0 0.0
0.0 0.0 0.0
0.0 0.0 0.0
0.0 0.0 0.0
0.0 0.0 0.0
0.0 0.0 0.0
0.0 0.0 0.0
0.0 0.0 0.0
0.0 0.0 0.0
0.0 0.0 0.0
0.0 0.0 0.0
0.0 0.0 0.0
0.0 0.0 0.0
0.0 0.0 0.0
0.0 0.0 0.0
0.0 0.0 0.0
0.0 0.0 0.0
0.0 0.0 0.0
0.0 0.0 0.0
0.0 0.0 0.0
0.0 0.0 0.0
0.0 0.0 0.0
0.0 0.0 0.0
0.0 0.0 0.0
0.0 0.0 0.0
0.0 0.0 0.0
0.0 0.0 0.0
0.0 0.0 0.0
0.0 0.0 0.0
0.0 0.0 0.0
0.0 0.0 0.0
0.0 0.0 0.0
0.0 0.0 0.0
0.0 0.0 0.0
0.0 0.0 0.0
0.0 0.0 0.0
0.0 0.0 0.0
0.0 0.0 0.0
0.0 0.0 0.0
0.0 0.0 0.0
0.0 0.0 0.0
0.0 0.0 0.0
0.0 0.0 0.0
0.0 0.0 0.0
0.0 0.0 0.0
0.0 0.0 0.0
0.0 0.0 0.0
0.0 0.0 0.0
0.0 0.0 0.0
0.0 0.0 0.0
20.097 2104538.435 0.066195308
20.206 2098993.483 0.066304991
20.315 2093457.169 0.066416286
20.425 2087929.568 0.066529192
20.535 2082410.755 0.066643708
20.645 2076900.806 0.066759834
20.756 2071399.797 0.066877567
20.867 2065907.805 0.066996908
20.978 2060424.907 0.067117854
21.090 2054951.183 0.067240406
21.202 2049486.712 0.067364563
21.314 2044031.572 0.067490323
21.427 2038585.845 0.067617685
21.540 2033149.612 0.067746650
21.654 2027722.955 0.067877216
21.767 2022305.956 0.068009382
21.882 2016898.698 0.068143148
21.996 2011501.266 0.068278513
22.111 2006113.745 0.068415475
22.226 2000736.220 0.068554035
22.342 1995368.777 0.068694191
22.458 1990011.504 0.068835943
22.574 1984664.488 0.068979289
22.691 1979327.817 0.069124228
22.808 1974001.582 0.069270760
22.925 1968685.872 0.069418884
23.043 1963380.778 0.069568599
23.161 1958086.392 0.069719903
23.280 1952802.807 0.069872796
23.399 1947530.114 0.070027276
23.518 1942268.410 0.070183342
23.638 1937017.788 0.070340993
23.758 1931778.344 0.070500227
23.878 1926550.175 0.070661043
23.999 1921333.377 0.070823439
24.120 1916128.051 0.070987414
24.241 1910934.293 0.071152967
24.363 1905752.204 0.071320094
24.485 1900581.885 0.071488795
24.608 1895423.437 0.071659067
24.731 1890276.963 0.071830908
24.854 1885142.566 0.072004316
24.978 1880020.350 0.072179289
25.102 1874910.420 0.072355824
25.226 1869812.882 0.072533918
25.351 1864727.843 0.072713569
25.476 1859655.410 0.072894774
25.601 1854595.693 0.073077529
25.727 1849548.799 0.073261832
25.853 1844514.840 0.073447679
25.980 1839493.928 0.073635067
26.107 1834486.173 0.073823992
26.234 1829491.690 0.074014449
26.361 1824510.592 0.074206436
26.489 1819542.994 0.074399947
26.618 1814589.012 0.074594978
26.746 1809648.763 0.074791525
26.875 1804722.365 0.074989582
27.005 1799809.936 0.075189145
27.134 1794911.595 0.075390208
27.265 1790027.465 0.075592765
27.395 1785157.665 0.075796811
27.526 1780302.318 0.076002340
27.657 1775461.549 0.076209345
27.788 1770635.480 0.076417820
27.920 1765824.239 0.076627757
28.052 1761027.950 0.076839151
28.185 1756246.742 0.077051993
28.317 1751480.742 0.077266275
28.451 1746730.079 0.077481990
28.584 1741994.885 0.077699130
28.718 1737275.290 0.077917686
28.852 1732571.426 0.078137648
28.986 1727883.426 0.078359009
29.121 1723211.426 0.078581757
29.256 1718555.559 0.078805884
29.391 1713915.961 0.079031378
29.527 1709292.771 0.079258230
29.663 1704686.126 0.079486428
29.799 1700096.164 0.079715962
29.936 1695523.027 0.079946818
30.073 1690966.855 0.080178986
30.210 1686427.790 0.080412452
30.347 1681905.975 0.080647204
30.485 1677401.554 0.080883228
30.623 1672914.672 0.081120511
30.761 1668445.475 0.081359038
30.900 1663994.110 0.081598796
31.038 1659560.725 0.081839767
31.177 1655145.468 0.082081939
31.317 1650748.489 0.082325293
31.456 1646369.940 0.082569814
31.596 1642009.971 0.082815486
31.736 1637668.736 0.083062290
31.876 1633346.388 0.083310208
32.016 1629043.082 0.083559223
32.157 1624758.973 0.083809315
32.298 1620494.217 0.084060466
32.439 1616248.973 0.084312654
32.580 1612023.398 0.084565860
32.722 1607817.651 0.084820063
32.863 1603631.893 0.085075241
33.005 1599466.285 0.085331373
33.147 1595320.988 0.085588435
33.289 1591196.165 0.085846404
33.431 1587091.981 0.086105257
33.573 1583008.598 0.086364969
33.716 1578946.184 0.086625515
33.858 1574904.903 0.086886871
34.001 1570884.924 0.087149009
34.144 1566886.413 0.087411904
34.286 1562909.539 0.087675527
34.429 1558954.472 0.087939852
34.572 1555021.383 0.088204848
34.715 1551110.441 0.088470488
34.858 1547221.819 0.088736742
35.002 1543355.689 0.089003579
35.145 1539512.224 0.089270968
35.288 1535691.599 0.089538877
35.431 1531893.987 0.089807275
35.574 1528119.564 0.090076128
35.717 1524368.506 0.090345402
35.860 1520640.989 0.090615064
36.003 1516937.190 0.090885078
36.146 1513257.287 0.091155409
36.289 1509601.458 0.091426021
36.432 1505969.883 0.091696877
36.575 1502362.739 0.091967939
36.717 1498780.208 0.092239169
36.860 1495222.469 0.092510528
37.002 1491689.703 0.092781978
37.144 1488182.091 0.093053476
37.286 1484699.815 0.093324984
37.428 1481243.057 0.093596459
37.569 1477811.999 0.093867859
37.710 1474406.824 0.094139142
37.851 1471027.715 0.094410264
37.992 1467674.854 0.094681180
38.132 1464348.425 0.094951847
38.273 1461048.613 0.095222219
38.412 1457775.600 0.095492250
38.552 1454529.570 0.095761894
38.691 1451310.708 0.096031103
38.830 1448119.198 0.096299829
38.968 1444955.224 0.096568025
39.106 1441818.970 0.096835641
39.244 1438710.620 0.097102627
39.381 1435630.359 0.097368934
39.517 1432578.370 0.097634511
39.653 1429554.837 0.097899306
39.789 1426559.943 0.098163269
39.924 1423593.874 0.098426346
40.058 1420656.810 0.098688485
40.192 1417748.936 0.098949633
40.325 1414870.434 0.099209735
40.458 1412021.487 0.099468738
40.590 1409202.275 0.099726588
40.721 1406412.980 0.099983228
40.852 1403653.784 0.100238604
40.982 1400924.866 0.100492659
41.111 1398226.406 0.100745337
41.239 1395558.584 0.100996582
41.367 1392921.577 0.101246337
41.493 1390315.563 0.101494544
41.619 1387740.719 0.101741147
41.744 1385197.221 0.101986086
41.868 1382685.245 0.102229304
41.991 1380204.964 0.102470743
42.114 1377756.552 0.102710344
42.235 1375340.181 0.102948049
42.355 1372956.022 0.103183798
42.474 1370604.246 0.103417533
42.592 1368285.022 0.103649195
42.709 1365998.516 0.103878724
42.825 1363744.896 0.104106063
42.940 1361524.327 0.104331150
43.053 1359336.973 0.104553928
43.166 1357182.996 0.104774338
43.277 1355062.557 0.104992320
43.387 1352975.815 0.105207815
43.495 1350922.928 0.105420765
43.603 1348904.053 0.105631112
43.709 1346919.343 0.105838796
43.813 1344968.953 0.106043761
43.916 1343053.032 0.106245948
44.018 1341171.730 0.106445300
44.119 1339325.195 0.106641759
44.217 1337513.572 0.106835269
44.315 1335737.003 0.107025774
44.411 1333995.632 0.107213218
44.505 1332289.596 0.107397545
44.598 1330619.033 0.107578701
44.689 1328984.079 0.107756631
44.778 1327384.865 0.107931282
44.866 1325821.523 0.108102600
44.952 1324294.180 0.108270533
45.036 1322802.962 0.108435030
45.119 1321347.993 0.108596039
45.200 1319929.393 0.108753511
45.279 1318547.281 0.108907395
45.356 1317201.773 0.109057644
45.431 1315892.981 0.109204209
45.505 1314621.016 0.109347044
45.576 1313385.986 0.109486102
45.646 1312187.996 0.109621340
45.714 1311027.148 0.109752714
45.779 1309903.541 0.109880179
45.843 1308817.273 0.110003695
45.905 1307768.436 0.110123221
45.965 1306757.122 0.110238718
46.022 1305783.418 0.110350147
46.078 1304847.408 0.110457471
46.132 1303949.175 0.110560654
46.183 1303088.796 0.110659661
46.232 1302266.348 0.110754459
46.279 1301481.901 0.110845016
46.324 1300735.526 0.110931301
46.367 1300027.288 0.111013285
46.408 1299357.250 0.111090939
46.446 1298725.470 0.111164238
46.483 1298132.005 0.111233155
46.516 1297576.908 0.111297667
46.548 1297060.227 0.111357751
46.578 1296582.008 0.111413388
46.605 1296142.294 0.111464557
46.630 1295741.125 0.111511240
46.652 1295378.535 0.111553422
46.673 1295054.556 0.111591087
46.691 1294769.219 0.111624223
46.706 1294522.547 0.111652817
46.720 1294314.563 0.111676860
46.731 1294145.284 0.111696343
46.740 1294014.726 0.111711259
46.746 1293922.900 0.111721603
46.750 1293869.813 0.111727371
46.752 1293855.470 0.111728561
46.751 1293879.872 0.111725172
46.749 1293943.015 0.111717207
46.743 1294044.893 0.111704666
46.736 1294185.497 0.111687555
46.726 1294364.813 0.111665879
46.714 1294582.824 0.111639647
46.699 1294839.509 0.111608866
46.682 1295134.846 0.111573548
46.663 1295468.805 0.111533705
46.642 1295841.358 0.111489350
46.618 1296252.468 0.111440500
46.592 1296702.100 0.111387170
46.564 1297190.210 0.111329379
46.533 1297716.756 0.111267148
46.500 1298281.688 0.111200497
46.465 1298884.956 0.111129449
46.428 1299526.505 0.111054028
46.389 1300206.277 0.110974261
46.347 1300924.210 0.110890175
46.303 1301680.241 0.110801797
46.257 1302474.301 0.110709158
46.209 1303306.319 0.110612290
46.159 1304176.222 0.110511224
46.107 1305083.932 0.110405994
46.052 1306029.368 0.110296636
45.996 1307012.447 0.110183187
45.937 1308033.082 0.110065682
45.876 1309091.185 0.109944162
45.814 1310186.662 0.109818666
45.749 1311319.417 0.109689236
45.683 1312489.354 0.109555913
45.614 1313696.369 0.109418740
45.544 1314940.360 0.109277762
45.471 1316221.219 0.109133024
45.397 1317538.838 0.108984572
45.321 1318893.103 0.108832453
45.243 1320283.900 0.108676716
45.163 1321711.112 0.108517408
45.082 1323174.618 0.108354580
44.999 1324674.296 0.108188282
44.914 1326210.021 0.108018565
44.827 1327781.666 0.107845482
44.739 1329389.102 0.107669084
44.649 1331032.195 0.107489426
44.557 1332710.812 0.107306560
44.464 1334424.816 0.107120542
44.370 1336174.069 0.106931426
44.273 1337958.430 0.106739268
44.175 1339777.756 0.106544123
44.076 1341631.903 0.106346050
43.976 1343520.723 0.106145103
43.873 1345444.068 0.105941340
43.770 1347401.787 0.105734819
43.665 1349393.729 0.105525598
43.559 1351419.738 0.105313734
43.451 1353479.660 0.105099287
43.342 1355573.336 0.104882314
43.232 1357700.608 0.104662874
43.121 1359861.315 0.104441026
43.009 1362055.296 0.104216829
42.895 1364282.386 0.103990342
42.780 1366542.421 0.103761624
42.664 1368835.235 0.103530734
42.547 1371160.660 0.103297731
42.429 1373518.527 0.103062674
42.310 1375908.667 0.102825622
42.190 1378330.908 0.102586633
42.068 1380785.078 0.102345768
41.946 1383271.005 0.102103083
41.823 1385788.513 0.101858638
41.699 1388337.428 0.101612490
41.575 1390917.574 0.101364697
41.449 1393528.774 0.101115318
41.322 1396170.851 0.100864408
41.195 1398843.625 0.100612027
41.067 1401546.918 0.100358230
40.938 1404280.551 0.100103073
40.808 1407044.342 0.099846613
40.678 1409838.111 0.099588906
40.547 1412661.676 0.099330006
40.416 1415514.856 0.099069969
40.283 1418397.468 0.098808849
40.150 1421309.330 0.098546699
40.017 1424250.257 0.098283575
39.883 1427220.068 0.098019527
39.748 1430218.578 0.097754610
39.613 1433245.603 0.097488874
39.477 1436300.959 0.097222372
39.341 1439384.462 0.096955154
39.205 1442495.927 0.096687271
39.068 1445635.170 0.096418772
38.930 1448802.007 0.096149707
38.792 1451996.253 0.095880124
38.654 1455217.723 0.095610072
38.516 1458466.233 0.095339598
38.377 1461741.599 0.095068749
38.237 1465043.636 0.094797571
38.098 1468372.161 0.094526110
37.958 1471726.990 0.094254410
37.818 1475107.938 0.093982517
37.678 1478514.823 0.093710473
37.537 1481947.461 0.093438322
37.396 1485405.670 0.093166107
37.255 1488889.267 0.092893868
37.114 1492398.070 0.092621648
36.972 1495931.898 0.092349487
36.831 1499490.569 0.092077425
36.689 1503073.902 0.091805500
36.547 1506681.718 0.091533752
36.405 1510313.835 0.091262217
36.263 1513970.075 0.090990935
36.121 1517650.259 0.090719940
35.979 1521354.208 0.090449269
35.837 1525081.746 0.090178956
35.695 1528832.694 0.089909038
35.552 1532606.877 0.089639547
35.410 1536404.118 0.089370517
35.268 1540224.243 0.089101980
35.125 1544067.077 0.088833969
34.983 1547932.445 0.088566514
34.841 1551820.176 0.088299647
34.698 1555730.097 0.088033397
34.556 1559662.035 0.087767795
34.414 1563615.821 0.087502868
34.272 1567591.284 0.087238645
34.130 1571588.255 0.086975154
33.988 1575606.565 0.086712421
33.846 1579646.046 0.086450473
33.705 1583706.532 0.086189336
33.563 1587787.857 0.085929034
33.422 1591889.856 0.085669594
33.280 1596012.363 0.085411037
33.139 1600155.217 0.085153389
32.998 1604318.253 0.084896671
32.858 1608501.311 0.084640907
32.717 1612704.229 0.084386117
32.576 1616926.848 0.084132323
32.436 1621169.009 0.083879547
32.296 1625430.554 0.083627807
32.156 1629711.324 0.083377123
32.016 1634011.166 0.083127516
31.877 1638329.922 0.082879002
31.738 1642667.438 0.082631601
31.599 1647023.562 0.082385330
31.460 1651398.141 0.082140206
31.321 1655791.023 0.081896245
31.183 1660202.057 0.081653465
31.045 1664631.095 0.081411880
30.907 1669077.988 0.081171505
30.770 1673542.588 0.080932356
30.632 1678024.748 0.080694447
30.495 1682524.322 0.080457792
30.358 1687041.167 0.080222404
30.222 1691575.139 0.079988296
30.086 1696126.094 0.079755482
29.950 1700693.891 0.079523973
29.814 1705278.389 0.079293780
29.679 1709879.448 0.079064917
29.544 1714496.930 0.078837393
29.409 1719130.698 0.078611220
29.275 1723780.613 0.078386407
29.141 1728446.540 0.078162965
29.007 1733128.345 0.077940904
28.873 1737825.894 0.077720233
28.740 1742539.054 0.077500960
28.607 1747267.692 0.077283095
28.475 1752011.678 0.077066646
28.343 1756770.883 0.076851621
28.211 1761545.176 0.076638027
28.079 1766334.431 0.076425873
27.948 1771138.520 0.076215165
27.817 1775957.317 0.076005909
27.687 1780790.697 0.075798114
27.557 1785638.537 0.075591785
27.427 1790500.712 0.075386927
27.297 1795377.101 0.075183548
27.168 1800267.582 0.074981652
27.039 1805172.036 0.074781246
26.911 1810090.343 0.074582333
26.783 1815022.384 0.074384919
26.655 1819968.043 0.074189008
26.528 1824927.202 0.073994606
26.401 1829899.746 0.073801716
26.274 1834885.561 0.073610342
26.148 1839884.533 0.073420488
26.022 1844896.548 0.073232158
25.896 1849921.496 0.073045356
25.771 1854959.265 0.072860083
25.646 1860009.746 0.072676345
25.521 1865072.828 0.072494144
25.397 1870148.404 0.072313482
25.273 1875236.366 0.072134362
25.150 1880336.609 0.071956787
25.027 1885449.025 0.071780759
24.904 1890573.512 0.071606280
24.782 1895709.964 0.071433353
24.660 1900858.279 0.071261979
24.538 1906018.355 0.071092161
24.417 1911190.090 0.070923900
24.296 1916373.385 0.070757198
24.175 1921568.139 0.070592056
24.055 1926774.254 0.070428476
23.935 1931991.632 0.070266459
23.816 1937220.175 0.070106006
23.696 1942459.789 0.069947119
23.578 1947710.377 0.069789799
23.459 1952971.844 0.069634047
23.341 1958244.098 0.069479864
23.224 1963527.044 0.069327250
23.106 1968820.591 0.069176207
22.989 1974124.648 0.069026736
22.873 1979439.123 0.068878836
22.756 1984763.927 0.068732510
22.641 1990098.971 0.068587757
22.525 1995444.167 0.068444578
22.410 2000799.426 0.068302973
22.295 2006164.663 0.068162945
22.181 2011539.792 0.068024492
22.067 2016924.726 0.067887615
21.953 2022319.381 0.067752315
21.839 2027723.674 0.067618593
21.726 2033137.522 0.067486449
21.614 2038560.842 0.067355883
21.501 2043993.552 0.067226896
21.389 2049435.572 0.067099488
21.278 2054886.822 0.066973660
21.166 2060347.221 0.066849412
21.056 2065816.691 0.066726746
20.945 2071295.154 0.066605660
20.835 2076782.533 0.066486157
20.725 2082278.750 0.066368237
20.615 2087783.730 0.066251899
20.506 2093297.396 0.066137146
20.397 2098819.675 0.066023977
20.289 2104350.492 0.065912393
20.181 2109889.774 0.065802396
20.073 2115437.447 0.065693985
