20.030 2105801.008 0.066235757
20.131 2100600.423 0.066338617
20.233 2095410.261 0.066442836
20.335 2090230.605 0.066548409
20.437 2085061.541 0.066655333
20.540 2079903.153 0.066763603
20.642 2074755.526 0.066873216
20.745 2069618.747 0.066984167
20.849 2064492.904 0.067096454
20.952 2059378.083 0.067210070
21.056 2054274.373 0.067325013
21.160 2049181.864 0.067441279
21.264 2044100.644 0.067558863
21.368 2039030.804 0.067677760
21.473 2033972.436 0.067797968
21.578 2028925.631 0.067919481
21.683 2023890.481 0.068042295
21.788 2018867.080 0.068166405
21.894 2013855.521 0.068291808
21.999 2008855.899 0.068418499
22.105 2003868.310 0.068546472
22.212 1998892.848 0.068675724
22.318 1993929.612 0.068806249
22.425 1988978.697 0.068938044
22.532 1984040.203 0.069071102
22.639 1979114.228 0.069205418
22.746 1974200.872 0.069340989
22.854 1969300.235 0.069477808
22.962 1964412.418 0.069615870
23.070 1959537.522 0.069755169
23.178 1954675.650 0.069895701
23.286 1949826.906 0.070037459
23.395 1944991.392 0.070180438
23.504 1940169.215 0.070324631
23.613 1935360.479 0.070470033
23.722 1930565.290 0.070616638
23.832 1925783.755 0.070764439
23.942 1921015.983 0.070913430
24.052 1916262.080 0.071063604
24.162 1911522.157 0.071214954
24.272 1906796.324 0.071367474
24.383 1902084.690 0.071521156
24.493 1897387.367 0.071675993
24.604 1892704.468 0.071831978
24.715 1888036.106 0.071989103
24.826 1883382.393 0.072147361
24.938 1878743.445 0.072306743
25.050 1874119.376 0.072467241
25.161 1869510.303 0.072628848
25.273 1864916.342 0.072791554
25.386 1860337.611 0.072955351
25.498 1855774.227 0.073120229
25.610 1851226.310 0.073286181
25.723 1846693.980 0.073453196
25.836 1842177.357 0.073621264
25.949 1837676.562 0.073790377
26.062 1833191.717 0.073960523
26.175 1828722.944 0.074131693
26.288 1824270.369 0.074303876
26.402 1819834.113 0.074477062
26.516 1815414.303 0.074651239
26.629 1811011.065 0.074826397
26.743 1806624.524 0.075002523
26.857 1802254.808 0.075179606
26.972 1797902.044 0.075357634
27.086 1793566.362 0.075536594
27.200 1789247.891 0.075716474
27.315 1784946.761 0.075897262
27.429 1780663.103 0.076078944
27.544 1776397.048 0.076261506
27.659 1772148.728 0.076444935
27.774 1767918.277 0.076629216
27.889 1763705.829 0.076814337
28.004 1759511.517 0.077000281
28.119 1755335.477 0.077187034
28.234 1751177.844 0.077374580
28.349 1747038.755 0.077562905
28.464 1742918.348 0.077751992
28.579 1738816.759 0.077941825
28.695 1734734.128 0.078132387
28.810 1730670.593 0.078323662
28.926 1726626.294 0.078515632
29.041 1722601.372 0.078708279
29.156 1718595.968 0.078901587
29.272 1714610.222 0.079095536
29.387 1710644.279 0.079290108
29.502 1706698.280 0.079485284
29.618 1702772.368 0.079681044
29.733 1698866.689 0.079877370
29.848 1694981.386 0.080074240
29.964 1691116.606 0.080271635
30.079 1687272.492 0.080469534
30.194 1683449.193 0.080667915
30.309 1679646.854 0.080866757
30.424 1675865.623 0.081066039
30.539 1672105.647 0.081265737
30.654 1668367.076 0.081465829
30.769 1664650.058 0.081666293
30.883 1660954.742 0.081867104
30.998 1657281.278 0.082068239
31.112 1653629.816 0.082269674
31.226 1650000.506 0.082471384
31.340 1646393.500 0.082673344
31.454 1642808.949 0.082875529
31.568 1639247.005 0.083077913
31.682 1635707.820 0.083280470
31.795 1632191.545 0.083483173
31.908 1628698.335 0.083685996
32.021 1625228.342 0.083888912
32.134 1621781.719 0.084091892
32.247 1618358.620 0.084294908
32.359 1614959.199 0.084497933
32.471 1611583.610 0.084700937
32.583 1608232.007 0.084903891
32.694 1604904.544 0.085106766
32.805 1601601.377 0.085309531
32.916 1598322.660 0.085512157
33.027 1595068.548 0.085714612
33.137 1591839.195 0.085916866
33.247 1588634.758 0.086118888
33.356 1585455.390 0.086320644
33.466 1582301.247 0.086522104
33.574 1579172.485 0.086723236
33.683 1576069.258 0.086924005
33.791 1572991.722 0.087124379
33.898 1569940.031 0.087324325
34.006 1566914.340 0.087523808
34.112 1563914.804 0.087722795
34.219 1560941.577 0.087921252
34.324 1557994.815 0.088119143
34.430 1555074.671 0.088316433
34.534 1552181.299 0.088513088
34.639 1549314.852 0.088709071
34.742 1546475.485 0.088904347
34.846 1543663.351 0.089098879
34.948 1540878.601 0.089292632
35.050 1538121.388 0.089485569
35.152 1535391.865 0.089677652
35.253 1532690.182 0.089868845
35.353 1530016.492 0.090059111
35.453 1527370.943 0.090248411
35.552 1524753.686 0.090436708
35.650 1522164.871 0.090623965
35.747 1519604.645 0.090810144
35.844 1517073.158 0.090995205
35.941 1514570.557 0.091179111
36.036 1512096.987 0.091361824
36.131 1509652.596 0.091543305
36.225 1507237.529 0.091723514
36.318 1504851.929 0.091902414
36.410 1502495.941 0.092079965
36.502 1500169.706 0.092256130
36.592 1497873.367 0.092430867
36.682 1495607.065 0.092604140
36.771 1493370.939 0.092775908
36.859 1491165.127 0.092946133
36.947 1488989.769 0.093114776
37.033 1486844.999 0.093281798
37.118 1484730.955 0.093447160
37.203 1482647.769 0.093610824
37.286 1480595.575 0.093772750
37.369 1478574.506 0.093932900
37.450 1476584.690 0.094091236
37.531 1474626.259 0.094247719
37.610 1472699.339 0.094402312
37.689 1470804.057 0.094554975
37.766 1468940.538 0.094705673
37.842 1467108.907 0.094854366
37.917 1465309.284 0.095001017
37.991 1463541.791 0.095145591
38.064 1461806.546 0.095288049
38.136 1460103.668 0.095428355
38.207 1458433.271 0.095566474
38.276 1456795.470 0.095702369
38.344 1455190.378 0.095836005
38.411 1453618.105 0.095967347
38.477 1452078.759 0.096096360
38.542 1450572.449 0.096223010
38.605 1449099.279 0.096347262
38.667 1447659.352 0.096469084
38.728 1446252.770 0.096588443
38.788 1444879.633 0.096705306
38.846 1443540.038 0.096819641
38.903 1442234.080 0.096931417
38.958 1440961.853 0.097040603
39.012 1439723.448 0.097147169
39.065 1438518.955 0.097251084
39.117 1437348.460 0.097352320
39.167 1436212.050 0.097450849
39.215 1435109.805 0.097546642
39.262 1434041.808 0.097639673
39.308 1433008.135 0.097729914
39.352 1432008.865 0.097817341
39.395 1431044.069 0.097901927
39.437 1430113.819 0.097983648
39.477 1429218.185 0.098062482
39.515 1428357.233 0.098138404
39.552 1427531.027 0.098211394
39.588 1426739.630 0.098281428
39.622 1425983.100 0.098348488
39.654 1425261.495 0.098412553
39.685 1424574.868 0.098473604
39.714 1423923.272 0.098531623
39.742 1423306.757 0.098586593
39.768 1422725.368 0.098638498
39.793 1422179.151 0.098687322
39.816 1421668.147 0.098733050
39.838 1421192.395 0.098775670
39.858 1420751.932 0.098815167
39.876 1420346.791 0.098851531
39.893 1419977.004 0.098884750
39.908 1419642.599 0.098914814
39.921 1419343.603 0.098941714
39.933 1419080.038 0.098965442
39.944 1418851.926 0.098985991
39.953 1418659.283 0.099003355
39.960 1418502.126 0.099017527
39.965 1418380.466 0.099028505
39.969 1418294.314 0.099036283
39.971 1418243.677 0.099040862
39.972 1418228.560 0.099042237
39.971 1418248.963 0.099040410
39.969 1418304.886 0.099035381
39.964 1418396.325 0.099027150
39.959 1418523.274 0.099015722
39.951 1418685.724 0.099001098
39.942 1418883.663 0.098983284
39.931 1419117.076 0.098962285
39.919 1419385.946 0.098938106
39.905 1419690.254 0.098910756
39.890 1420029.977 0.098880243
39.873 1420405.089 0.098846575
39.854 1420815.563 0.098809762
39.834 1421261.367 0.098769817
39.812 1421742.470 0.098726750
39.789 1422258.836 0.098680574
39.764 1422810.425 0.098631304
39.737 1423397.196 0.098578954
39.709 1424019.107 0.098523539
39.680 1424676.112 0.098465075
39.648 1425368.160 0.098403581
39.616 1426095.202 0.098339074
39.582 1426857.183 0.098271573
39.546 1427654.048 0.098201097
39.509 1428485.737 0.098127669
39.470 1429352.189 0.098051308
39.430 1430253.342 0.097972037
39.388 1431189.128 0.097889878
39.345 1432159.480 0.097804857
39.300 1433164.326 0.097716997
39.254 1434203.595 0.097626322
39.207 1435277.210 0.097532860
39.158 1436385.093 0.097436637
39.107 1437527.165 0.097337679
39.056 1438703.345 0.097236016
39.003 1439913.546 0.097131674
38.948 1441157.684 0.097024684
38.893 1442435.669 0.096915075
38.835 1443747.410 0.096802878
38.777 1445092.815 0.096688123
38.717 1446471.790 0.096570842
38.656 1447884.236 0.096451067
38.594 1449330.056 0.096328830
38.530 1450809.148 0.096204165
38.465 1452321.409 0.096077104
38.399 1453866.736 0.095947682
38.332 1455445.021 0.095815933
38.263 1457056.157 0.095681892
38.194 1458700.033 0.095545594
38.123 1460376.537 0.095407074
38.051 1462085.556 0.095266368
37.978 1463826.975 0.095123513
37.903 1465600.677 0.094978545
37.828 1467406.543 0.094831500
37.751 1469244.453 0.094682417
37.674 1471114.287 0.094531332
37.595 1473015.920 0.094378282
37.515 1474949.228 0.094223306
37.435 1476914.085 0.094066442
37.353 1478910.364 0.093907728
37.270 1480937.936 0.093747201
37.187 1482996.672 0.093584901
37.102 1485086.439 0.093420867
37.016 1487207.105 0.093255136
36.930 1489358.537 0.093087749
36.842 1491540.599 0.092918743
36.754 1493753.156 0.092748157
36.665 1495996.069 0.092576031
36.574 1498269.202 0.092402404
36.484 1500572.414 0.092227314
36.392 1502905.566 0.092050801
36.299 1505268.516 0.091872903
36.206 1507661.122 0.091693660
36.112 1510083.241 0.091513110
36.017 1512534.728 0.091331292
35.921 1515015.440 0.091148245
35.825 1517525.231 0.090964007
35.727 1520063.954 0.090778618
35.630 1522631.463 0.090592114
35.531 1525227.610 0.090404535
35.432 1527852.246 0.090215919
35.332 1530505.223 0.090026303
35.232 1533186.391 0.089835726
35.130 1535895.600 0.089644224
35.029 1538632.700 0.089451835
34.927 1541397.539 0.089258596
34.824 1544189.967 0.089064544
34.720 1547009.830 0.088869716
34.616 1549856.977 0.088674148
34.512 1552731.255 0.088477877
34.407 1555632.511 0.088280937
34.301 1558560.591 0.088083365
34.195 1561515.343 0.087885196
34.089 1564496.612 0.087686466
33.982 1567504.244 0.087487208
33.874 1570538.085 0.087287457
33.767 1573597.981 0.087087248
33.658 1576683.776 0.086886615
33.550 1579795.317 0.086685589
33.441 1582932.449 0.086484206
33.331 1586095.016 0.086282498
33.222 1589282.865 0.086080496
33.111 1592495.840 0.085878234
33.001 1595733.786 0.085675743
32.890 1598996.549 0.085473055
32.779 1602283.974 0.085270200
32.668 1605595.907 0.085067209
32.556 1608932.192 0.084864113
32.444 1612292.677 0.084660942
32.332 1615677.205 0.084457724
32.219 1619085.624 0.084254490
32.107 1622517.780 0.084051268
31.994 1625973.519 0.083848087
31.881 1629452.688 0.083644974
31.767 1632955.133 0.083441958
31.654 1636480.703 0.083239066
31.540 1640029.243 0.083036324
31.426 1643600.603 0.082833759
31.312 1647194.630 0.082631397
31.197 1650811.174 0.082429265
31.083 1654450.081 0.082227387
30.968 1658111.203 0.082025788
30.854 1661794.389 0.081824493
30.739 1665499.488 0.081623526
30.624 1669226.352 0.081422912
30.509 1672974.830 0.081222672
30.394 1676744.775 0.081022832
30.279 1680536.039 0.080823412
30.163 1684348.473 0.080624436
30.048 1688181.932 0.080425925
29.933 1692036.267 0.080227901
29.817 1695911.333 0.080030385
29.702 1699806.985 0.079833398
29.586 1703723.077 0.079636961
29.471 1707659.465 0.079441093
29.355 1711616.006 0.079245814
29.240 1715592.555 0.079051143
29.124 1719588.970 0.078857100
29.008 1723605.109 0.078663703
28.893 1727640.831 0.078470970
28.777 1731695.995 0.078278919
28.662 1735770.460 0.078087568
28.546 1739864.087 0.077896934
28.431 1743976.736 0.077707035
28.315 1748108.271 0.077517886
28.200 1752258.552 0.077329503
28.085 1756427.443 0.077141903
27.970 1760614.808 0.076955102
27.854 1764820.511 0.076769114
27.739 1769044.418 0.076583955
27.624 1773286.393 0.076399638
27.509 1777546.303 0.076216180
27.394 1781824.016 0.076033593
27.280 1786119.399 0.075851891
27.165 1790432.321 0.075671088
27.050 1794762.651 0.075491197
26.936 1799110.259 0.075312230
26.822 1803475.016 0.075134201
26.707 1807856.794 0.074957122
26.593 1812255.464 0.074781005
26.479 1816670.899 0.074605861
26.366 1821102.974 0.074431702
26.252 1825551.562 0.074258539
26.138 1830016.539 0.074086384
26.025 1834497.781 0.073915247
25.912 1838995.163 0.073745139
25.799 1843508.565 0.073576070
25.686 1848037.863 0.073408049
25.573 1852582.936 0.073241088
25.460 1857143.665 0.073075194
25.348 1861719.929 0.072910379
25.235 1866311.610 0.072746650
25.123 1870918.590 0.072584018
25.011 1875540.751 0.072422490
24.899 1880177.976 0.072262075
24.788 1884830.151 0.072102782
24.676 1889497.159 0.071944619
24.565 1894178.887 0.071787593
24.454 1898875.220 0.071631713
24.343 1903586.047 0.071476985
24.233 1908311.254 0.071323419
24.122 1913050.732 0.071171020
24.012 1917804.368 0.071019796
23.902 1922572.053 0.070869753
23.792 1927353.679 0.070720900
23.682 1932149.137 0.070573241
23.573 1936958.319 0.070426784
23.463 1941781.118 0.070281536
23.354 1946617.429 0.070137501
23.246 1951467.146 0.069994687
23.137 1956330.165 0.069853100
23.028 1961206.381 0.069712744
22.920 1966095.691 0.069573626
22.812 1970997.994 0.069435752
22.705 1975913.187 0.069299127
22.597 1980841.170 0.069163756
22.490 1985781.842 0.069029644
22.383 1990735.104 0.068896797
22.276 1995700.857 0.068765220
22.169 2000679.003 0.068634918
22.063 2005669.444 0.068505895
21.957 2010672.085 0.068378157
21.851 2015686.829 0.068251708
21.745 2020713.581 0.068126553
21.639 2025752.246 0.068002697
21.534 2030802.731 0.067880143
21.429 2035864.943 0.067758897
21.324 2040938.789 0.067638963
21.220 2046024.177 0.067520345
21.116 2051121.016 0.067403047
21.012 2056229.217 0.067287075
20.908 2061348.689 0.067172431
20.804 2066479.344 0.067059121
20.701 2071621.093 0.066947148
20.598 2076773.848 0.066836516
20.495 2081937.523 0.066727230
20.392 2087112.030 0.066619294
20.290 2092297.286 0.066512711
20.188 2097493.204 0.066407486
20.086 2102699.700 0.066303623
3351733.867 0.021
3342896.906 0.021
3334056.618 0.021
3325213.009 0.021
3316366.090 0.021
3307515.869 0.021
3298662.356 0.021
3289805.558 0.022
3280945.484 0.022
3272082.144 0.022
3263215.547 0.022
3254345.700 0.022
3245472.614 0.022
3236596.296 0.022
3227716.756 0.022
3218834.002 0.022
3209948.044 0.023
3201058.890 0.023
3192166.548 0.023
3183271.029 0.023
3174372.340 0.023
3165470.491 0.023
3156565.491 0.023
3147657.348 0.023
3138746.070 0.024
3129831.668 0.024
3120914.150 0.024
3111993.525 0.024
3103069.801 0.024
3094142.988 0.024
3085213.095 0.024
3076280.130 0.025
3067344.102 0.025
3058405.020 0.025
3049462.894 0.025
3040517.731 0.025
3031569.541 0.025
3022618.333 0.025
3013664.116 0.026
3004706.898 0.026
2995746.689 0.026
2986783.497 0.026
2977817.332 0.026
2968848.202 0.026
2959876.116 0.027
2950901.083 0.027
2941923.113 0.027
2932942.213 0.027
2923958.394 0.027
2914971.663 0.027
2905982.031 0.027
2896989.505 0.028
2887994.095 0.028
2878995.810 0.028
2869994.658 0.028
2860990.649 0.028
2851983.792 0.029
2842974.096 0.029
2833961.569 0.029
2824946.220 0.029
2815928.059 0.029
2806907.095 0.029
2797883.336 0.030
2788856.792 0.030
2779827.471 0.030
2770795.382 0.030
2761760.535 0.030
2752722.938 0.031
2743682.601 0.031
2734639.533 0.031
2725593.741 0.031
2716545.237 0.031
2707494.027 0.032
2698440.123 0.032
2689383.531 0.032
2680324.263 0.032
2671262.325 0.032
2662197.729 0.033
2653130.482 0.033
2644060.593 0.033
2634988.072 0.033
2625912.928 0.034
2616835.170 0.034
2607754.806 0.034
2598671.846 0.034
2589586.299 0.034
2580498.174 0.035
2571407.480 0.035
2562314.226 0.035
2553218.421 0.035
2544120.074 0.036
2535019.194 0.036
2525915.791 0.036
2516809.872 0.036
2507701.448 0.037
2498590.528 0.037
2489477.120 0.037
2480361.233 0.038
2471242.877 0.038
2462122.061 0.038
2452998.794 0.038
2443873.085 0.039
2434744.942 0.039
2425614.376 0.039
2416481.395 0.039
2407346.008 0.040
2398208.224 0.040
2389068.053 0.040
2379925.504 0.041
2370780.585 0.041
2361633.306 0.041
2352483.675 0.042
2343331.703 0.042
2334177.398 0.042
2325020.769 0.043
2315861.825 0.043
2306700.576 0.043
2297537.030 0.044
2288371.197 0.044
2279203.086 0.044
2270032.706 0.045
2260860.066 0.045
2251685.175 0.045
2242508.042 0.046
2233328.677 0.046
2224147.089 0.046
2214963.286 0.047
2205777.278 0.047
2196589.075 0.048
2187398.684 0.048
2178206.116 0.048
2169011.379 0.049
2159814.483 0.049
2150615.437 0.050
2141414.250 0.050
2132210.931 0.050
2123005.489 0.051
2113797.933 0.051
2104588.274 0.052
2095376.519 0.052
2086162.678 0.053
2076946.760 0.053
2067728.775 0.054
2058508.731 0.054
2049286.637 0.054
2040062.504 0.055
2030836.340 0.055
2021608.154 0.056
2012377.955 0.056
2003145.753 0.057
1993911.557 0.057
1984675.375 0.058
1975437.218 0.058
1966197.095 0.059
1956955.014 0.060
1947710.984 0.060
1938465.016 0.061
1929217.118 0.061
1919967.299 0.062
1910715.569 0.062
1901461.937 0.063
1892206.412 0.064
1882949.003 0.064
1873689.720 0.065
1864428.571 0.065
1855165.566 0.066
1845900.715 0.067
1836634.026 0.067
1827365.508 0.068
1818095.171 0.069
1808823.024 0.069
1799549.077 0.070
1790273.338 0.071
1780995.817 0.071
1771716.522 0.072
1762435.464 0.073
1753152.652 0.074
1743868.094 0.074
1734581.800 0.075
1725293.779 0.076
1716004.041 0.077
1706712.595 0.078
1697419.449 0.078
1688124.614 0.079
1678828.098 0.080
1669529.910 0.081
1660230.061 0.082
1650928.559 0.083
1641625.414 0.084
1632320.634 0.084
1623014.229 0.085
1613706.209 0.086
1604396.582 0.087
1595085.357 0.088
1585772.545 0.089
1576458.155 0.090
1567142.195 0.091
1557824.674 0.092
1548505.604 0.093
1539184.991 0.094
1529862.846 0.096
1520539.178 0.097
1511213.997 0.098
1501887.311 0.099
1492559.130 0.100
1483229.463 0.101
1473898.320 0.103
1464565.709 0.104
1455231.641 0.105
1445896.123 0.106
1436559.167 0.108
1427220.780 0.109
1417880.972 0.110
1408539.753 0.112
1399197.132 0.113
1389853.118 0.114
1380507.720 0.116
1371160.948 0.117
1361812.811 0.119
1352463.319 0.120
1343112.480 0.122
1333760.304 0.124
1324406.800 0.125
1315051.978 0.127
1305695.846 0.129
1296338.415 0.130
1286979.693 0.132
1277619.691 0.134
1268258.416 0.136
1258895.879 0.138
1249532.088 0.140
1240167.054 0.142
1230800.785 0.144
1221433.291 0.146
1212064.581 0.148
1202694.665 0.150
1193323.551 0.152
1183951.249 0.154
1174577.769 0.156
1165203.119 0.159
1155827.309 0.161
1146450.349 0.163
1137072.248 0.166
1127693.014 0.168
1118312.658 0.171
1108931.189 0.174
1099548.616 0.176
1090164.948 0.179
1080780.195 0.182
1071394.367 0.185
1062007.471 0.188
1052619.519 0.191
1043230.518 0.194
1033840.479 0.197
1024449.411 0.200
1015057.324 0.203
1005664.225 0.207
996270.126 0.210
986875.035 0.214
977478.961 0.217
968081.914 0.221
958683.904 0.225
949284.940 0.229
939885.030 0.233
930484.185 0.237
921082.413 0.241
911679.725 0.246
902276.129 0.250
892871.635 0.254
883466.252 0.259
874059.989 0.264
864652.857 0.269
855244.864 0.274
845836.019 0.279
836426.332 0.284
827015.813 0.290
817604.471 0.295
808192.314 0.301
798779.354 0.307
789365.598 0.313
779951.056 0.319
770535.738 0.325
761119.652 0.332
751702.809 0.339
742285.218 0.345
732866.888 0.352
723447.829 0.360
714028.049 0.367
704607.558 0.375
695186.366 0.383
685764.482 0.391
676341.916 0.399
666918.676 0.408
657494.772 0.417
648070.214 0.426
638645.011 0.435
629219.171 0.444
619792.706 0.454
610365.624 0.464
600937.934 0.475
591509.645 0.485
582080.768 0.496
572651.312 0.507
563221.286 0.519
553790.698 0.531
544359.560 0.543
534927.880 0.555
525495.667 0.568
516062.931 0.581
506629.682 0.594
497195.928 0.607
487761.679 0.621
478326.945 0.635
468891.734 0.650
459456.057 0.664
450019.922 0.679
440583.340 0.694
431146.319 0.709
421708.868 0.725
412270.998 0.740
402832.718 0.756
393394.036 0.772
383954.963 0.787
374515.508 0.803
365075.680 0.818
355635.488 0.834
346194.943 0.849
336754.053 0.864
327312.828 0.878
4892470.023 0.010
4885519.355 0.010
4878565.086 0.010
4871607.228 0.010
4864645.793 0.010
4857680.794 0.010
4850712.244 0.010
4843740.155 0.010
4836764.539 0.010
4829785.410 0.010
4822802.779 0.010
4815816.659 0.010
4808827.063 0.010
4801834.003 0.010
4794837.493 0.010
4787837.545 0.010
4780834.173 0.010
4773827.388 0.010
4766817.203 0.010
4759803.633 0.010
4752786.689 0.010
4745766.386 0.010
4738742.735 0.010
4731715.750 0.010
4724685.444 0.010
4717651.830 0.011
4710614.923 0.011
4703574.734 0.011
4696531.277 0.011
4689484.566 0.011
4682434.614 0.011
4675381.435 0.011
4668325.042 0.011
4661265.449 0.011
4654202.668 0.011
4647136.715 0.011
4640067.602 0.011
4632995.344 0.011
4625919.954 0.011
4618841.446 0.011
4611759.834 0.011
4604675.132 0.011
4597587.353 0.011
4590496.513 0.011
4583402.624 0.011
4576305.702 0.011
4569205.760 0.011
4562102.812 0.011
4554996.874 0.011
4547887.958 0.011
4540776.080 0.011
4533661.254 0.011
4526543.495 0.011
4519422.817 0.011
4512299.234 0.011
4505172.762 0.012
4498043.415 0.012
4490911.207 0.012
4483776.154 0.012
4476638.271 0.012
4469497.572 0.012
4462354.073 0.012
4455207.788 0.012
4448058.732 0.012
4440906.922 0.012
4433752.371 0.012
4426595.095 0.012
4419435.110 0.012
4412272.431 0.012
4405107.073 0.012
4397939.052 0.012
4390768.384 0.012
4383595.083 0.012
4376419.166 0.012
4369240.649 0.012
4362059.547 0.012
4354875.877 0.012
4347689.653 0.012
4340500.893 0.012
4333309.612 0.012
4326115.826 0.012
4318919.552 0.013
4311720.806 0.013
4304519.604 0.013
4297315.962 0.013
4290109.898 0.013
4282901.427 0.013
4275690.566 0.013
4268477.332 0.013
4261261.742 0.013
4254043.812 0.013
4246823.559 0.013
4239601.001 0.013
4232376.154 0.013
4225149.035 0.013
4217919.662 0.013
4210688.051 0.013
4203454.221 0.013
4196218.188 0.013
4188979.970 0.013
4181739.585 0.013
4174497.050 0.013
4167252.383 0.013
4160005.602 0.014
4152756.724 0.014
4145505.767 0.014
4138252.750 0.014
4130997.691 0.014
4123740.607 0.014
4116481.517 0.014
4109220.440 0.014
4101957.393 0.014
4094692.396 0.014
4087425.467 0.014
4080156.625 0.014
4072885.887 0.014
4065613.275 0.014
4058338.805 0.014
4051062.498 0.014
4043784.372 0.014
4036504.446 0.014
4029222.741 0.014
4021939.275 0.014
4014654.067 0.014
4007367.138 0.015
4000078.508 0.015
3992788.195 0.015
3985496.220 0.015
3978202.602 0.015
3970907.363 0.015
3963610.521 0.015
3956312.097 0.015
3949012.113 0.015
3941710.587 0.015
3934407.541 0.015
3927102.995 0.015
3919796.971 0.015
3912489.488 0.015
3905180.569 0.015
3897870.233 0.015
3890558.503 0.015
3883245.400 0.015
3875930.944 0.016
3868615.158 0.016
3861298.064 0.016
3853979.682 0.016
3846660.035 0.016
3839339.145 0.016
3832017.035 0.016
3824693.725 0.016
3817369.239 0.016
3810043.599 0.016
3802716.827 0.016
3795388.947 0.016
3788059.981 0.016
3780729.952 0.016
3773398.883 0.016
3766066.798 0.016
3758733.719 0.017
3751399.670 0.017
3744064.675 0.017
3736728.758 0.017
3729391.942 0.017
3722054.251 0.017
3714715.709 0.017
3707376.341 0.017
3700036.172 0.017
3692695.225 0.017
3685353.525 0.017
3678011.097 0.017
3670667.966 0.017
3663324.157 0.017
3655979.696 0.017
3648634.607 0.018
3641288.917 0.018
3633942.651 0.018
3626595.834 0.018
3619248.493 0.018
3611900.655 0.018
3604552.344 0.018
3597203.588 0.018
3589854.414 0.018
3582504.847 0.018
3575154.916 0.018
3567804.647 0.018
3560454.067 0.018
3553103.204 0.018
3545752.085 0.019
3538400.739 0.019
3531049.192 0.019
3523697.474 0.019
3516345.613 0.019
3508993.636 0.019
3501641.573 0.019
3494289.453 0.019
3486937.303 0.019
3479585.155 0.019
3472233.037 0.019
3464880.978 0.019
3457529.008 0.019
3450177.158 0.020
3442825.457 0.020
3435473.935 0.020
3428122.624 0.020
3420771.554 0.020
3413420.755 0.020
3406070.260 0.020
3398720.099 0.020
3391370.304 0.020
3384020.906 0.020
3376671.938 0.020
3369323.431 0.021
3361975.419 0.021
3354627.933 0.021
3347281.007 0.021
3339934.673 0.021
3332588.965 0.021
3325243.916 0.021
3317899.560 0.021
3310555.931 0.021
3303213.064 0.021
3295870.992 0.021
3288529.750 0.022
3281189.373 0.022
3273849.897 0.022
3266511.356 0.022
3259173.786 0.022
3251837.224 0.022
3244501.704 0.022
3237167.265 0.022
3229833.942 0.022
3222501.772 0.022
3215170.793 0.023
3207841.041 0.023
3200512.555 0.023
3193185.373 0.023
3185859.533 0.023
3178535.073 0.023
3171212.032 0.023
3163890.450 0.023
3156570.366 0.023
3149251.819 0.023
3141934.849 0.024
3134619.497 0.024
3127305.804 0.024
3119993.809 0.024
3112683.555 0.024
3105375.083 0.024
3098068.435 0.024
3090763.652 0.024
3083460.778 0.024
3076159.854 0.025
3068860.925 0.025
3061564.034 0.025
3054269.223 0.025
3046976.538 0.025
3039686.023 0.025
3032397.723 0.025
3025111.682 0.025
3017827.946 0.026
3010546.562 0.026
3003267.575 0.026
2995991.031 0.026
2988716.979 0.026
2981445.464 0.026
2974176.535 0.026
2966910.240 0.026
2959646.627 0.027
2952385.745 0.027
2945127.644 0.027
2937872.372 0.027
2930619.980 0.027
2923370.518 0.027
2916124.038 0.027
2908880.589 0.027
2901640.225 0.028
2894402.997 0.028
2887168.957 0.028
2879938.159 0.028
2872710.656 0.028
2865486.501 0.028
2858265.750 0.028
2851048.456 0.029
2843834.674 0.029
2836624.462 0.029
2829417.874 0.029
2822214.967 0.029
2815015.798 0.029
2807820.425 0.029
2800628.905 0.030
2793441.298 0.030
2786257.662 0.030
2779078.057 0.030
2771902.542 0.030
2764731.179 0.030
2757564.028 0.030
2750401.151 0.031
2743242.610 0.031
2736088.467 0.031
2728938.787 0.031
2721793.632 0.031
2714653.067 0.031
2707517.156 0.032
2700385.966 0.032
2693259.562 0.032
2686138.010 0.032
2679021.378 0.032
2671909.735 0.032
2664803.147 0.033
2657701.684 0.033
2650605.415 0.033
2643514.411 0.033
2636428.743 0.033
2629348.482 0.033
2622273.700 0.034
2615204.470 0.034
2608140.865 0.034
2601082.959 0.034
2594030.828 0.034
2586984.545 0.035
2579944.189 0.035
2572909.835 0.035
2565881.561 0.035
2558859.444 0.035
2551843.565 0.035
2544834.002 0.036
2537830.836 0.036
2530834.149 0.036
2523844.021 0.036
2516860.535 0.036
2509883.776 0.037
2502913.826 0.037
2495950.771 0.037
2488994.697 0.037
2482045.690 0.037
2475103.837 0.038
2468169.227 0.038
2461241.949 0.038
2454322.091 0.038
2447409.746 0.039
2440505.003 0.039
2433607.957 0.039
2426718.699 0.039
2419837.324 0.039
2412963.927 0.040
2406098.604 0.040
2399241.451 0.040
2392392.566 0.040
2385552.048 0.040
2378719.996 0.041
2371896.511 0.041
2365081.694 0.041
2358275.648 0.041
2351478.475 0.042
2344690.281 0.042
2337911.171 0.042
2331141.250 0.042
2324380.627 0.043
2317629.409 0.043
2310887.707 0.043
2304155.630 0.043
2297433.291 0.044
2290720.801 0.044
2284018.275 0.044
2277325.827 0.044
2270643.573 0.045
2263971.630 0.045
2257310.116 0.045
2250659.151 0.045
2244018.854 0.046
2237389.348 0.046
2230770.756 0.046
2224163.200 0.046
2217566.806 0.047
2210981.700 0.047
2204408.011 0.047
2197845.865 0.048
2191295.395 0.048
2184756.730 0.048
2178230.003 0.048
2171715.348 0.049
2165212.900 0.049
2158722.796 0.049
2152245.172 0.050
2145780.168 0.050
2139327.924 0.050
2132888.582 0.050
2126462.284 0.051
2120049.175 0.051
2113649.401 0.051
2107263.109 0.052
2100890.447 0.052
2094531.565 0.052
2088186.614 0.053
2081855.748 0.053
2075539.120 0.053
2069236.886 0.053
2062949.203 0.054
2056676.230 0.054
2050418.126 0.054
2044175.054 0.055
2037947.177 0.055
2031734.659 0.055
2025537.666 0.056
2019356.366 0.056
2013190.929 0.056
2007041.525 0.057
2000908.326 0.057
1994791.507 0.057
1988691.243 0.058
1982607.712 0.058
1976541.092 0.058
1970491.563 0.059
1964459.309 0.059
1958444.512 0.059
1952447.358 0.060
1946468.033 0.060
1940506.728 0.061
1934563.632 0.061
1928638.937 0.061
1922732.837 0.062
1916845.527 0.062
1910977.206 0.062
1905128.071 0.063
1899298.323 0.063
1893488.165 0.063
1887697.801 0.064
1881927.437 0.064
1876177.280 0.065
1870447.539 0.065
1864738.427 0.065
1859050.155 0.066
1853382.939 0.066
1847736.994 0.067
1842112.539 0.067
1836509.794 0.067
1830928.980 0.068
1825370.322 0.068
1819834.043 0.069
1814320.372 0.069
1808829.537 0.069
1803361.769 0.070
1797917.299 0.070
1792496.363 0.071
1787099.195 0.071
1781726.033 0.071
1776377.118 0.072
1771052.689 0.072
1765752.990 0.073
1760478.265 0.073
1755228.760 0.073
1750004.723 0.074
1744806.405 0.074
1739634.056 0.075
1734487.929 0.075
1729368.279 0.076
1724275.362 0.076
1719209.437 0.076
1714170.762 0.077
1709159.600 0.077
1704176.212 0.078
1699220.863 0.078
1694293.819 0.079
1689395.347 0.079
1684525.716 0.080
1679685.196 0.080
1674874.059 0.080
1670092.579 0.081
1665341.029 0.081
1660619.687 0.082
1655928.828 0.082
1651268.731 0.083
1646639.677 0.083
1642041.946 0.083
1637475.821 0.084
1632941.585 0.084
1628439.522 0.085
1623969.918 0.085
1619533.060 0.086
1615129.236 0.086
1610758.733 0.087
1606421.841 0.087
1602118.851 0.088
1597850.053 0.088
1593615.740 0.088
1589416.203 0.089
1585251.737 0.089
1581122.635 0.090
1577029.191 0.090
1572971.700 0.091
1568950.457 0.091
1564965.757 0.091
1561017.897 0.092
1557107.172 0.092
1553233.878 0.093
1549398.313 0.093
1545600.770 0.094
1541841.548 0.094
1538120.942 0.095
1534439.248 0.095
1530796.760 0.095
1527193.775 0.096
1523630.587 0.096
1520107.490 0.097
1516624.777 0.097
1513182.742 0.098
1509781.675 0.098
1506421.869 0.098
1503103.613 0.099
1499827.197 0.099
1496592.907 0.100
1493401.032 0.100
1490251.856 0.100
1487145.662 0.101
1484082.734 0.101
1481063.352 0.102
1478087.795 0.102
1475156.339 0.102
1472269.261 0.103
1469426.833 0.103
1466629.326 0.103
1463877.008 0.104
1461170.147 0.104
1458509.006 0.105
1455893.847 0.105
1453324.927 0.105
1450802.503 0.106
1448326.829 0.106
1445898.153 0.106
1443516.723 0.107
1441182.782 0.107
1438896.572 0.107
1436658.328 0.108
1434468.285 0.108
1432326.672 0.108
1430233.716 0.108
1428189.638 0.109
1426194.657 0.109
1424248.987 0.109
1422352.839 0.110
1420506.418 0.110
1418709.925 0.110
1416963.559 0.110
1415267.510 0.111
1413621.968 0.111
1412027.115 0.111
1410483.130 0.111
1408990.186 0.112
1407548.451 0.112
1406158.089 0.112
1404819.257 0.112
1403532.109 0.112
1402296.792 0.113
1401113.448 0.113
1399982.214 0.113
1398903.219 0.113
1397876.591 0.113
1396902.448 0.113
1395980.904 0.114
1395112.066 0.114
1394296.038 0.114
1393532.914 0.114
1392822.786 0.114
1392165.736 0.114
1391561.843 0.114
1391011.178 0.114
1390513.807 0.114
1390069.789 0.114
1389679.177 0.115
1389342.017 0.115
1389058.349 0.115
1388828.209 0.115
1388651.622 0.115
1388528.611 0.115
1388459.190 0.115
1388443.367 0.115
1388481.144 0.115
1388572.517 0.115
1388717.474 0.115
1388915.999 0.115
1389168.068 0.115
1389473.650 0.115
1389832.709 0.115
1390245.202 0.114
1390711.080 0.114
1391230.287 0.114
1391802.762 0.114
1392428.437 0.114
1393107.238 0.114
1393839.083 0.114
1394623.888 0.114
1395461.559 0.114
1396351.997 0.114
1397295.099 0.113
1398290.754 0.113
1399338.847 0.113
1400439.254 0.113
1401591.849 0.113
1402796.498 0.113
1404053.062 0.112
1405361.398 0.112
1406721.356 0.112
1408132.780 0.112
1409595.511 0.112
1411109.382 0.111
1412674.224 0.111
1414289.862 0.111
1415956.114 0.111
1417672.797 0.110
1419439.719 0.110
1421256.687 0.110
1423123.502 0.110
1425039.960 0.109
1427005.854 0.109
1429020.973 0.109
1431085.099 0.108
1433198.013 0.108
1435359.491 0.108
1437569.307 0.107
1439827.227 0.107
1442133.018 0.107
1444486.441 0.106
1446887.254 0.106
1449335.212 0.106
1451830.067 0.105
1454371.568 0.105
1456959.460 0.105
1459593.487 0.104
1462273.389 0.104
1464998.903 0.104
1467769.764 0.103
1470585.706 0.103
1473446.458 0.103
1476351.749 0.102
1479301.304 0.102
1482294.848 0.101
1485332.104 0.101
1488412.790 0.101
1491536.626 0.100
1494703.329 0.100
1497912.615 0.099
1501164.198 0.099
1504457.790 0.099
1507793.103 0.098
1511169.848 0.098
1514587.735 0.097
1518046.471 0.097
1521545.764 0.097
1525085.322 0.096
1528664.851 0.096
1532284.056 0.095
1535942.643 0.095
1539640.316 0.094
1543376.779 0.094
1547151.738 0.094
1550964.895 0.093
1554815.955 0.093
1558704.622 0.092
1562630.598 0.092
1566593.589 0.091
1570593.298 0.091
1574629.430 0.090
1578701.689 0.090
1582809.780 0.090
1586953.410 0.089
1591132.282 0.089
1595346.105 0.088
1599594.585 0.088
1603877.430 0.087
1608194.348 0.087
1612545.050 0.086
1616929.243 0.086
1621346.641 0.086
1625796.954 0.085
1630279.895 0.085
1634795.179 0.084
1639342.519 0.084
1643921.632 0.083
1648532.236 0.083
1653174.047 0.082
1657846.787 0.082
1662550.174 0.082
1667283.933 0.081
1672047.785 0.081
1676841.455 0.080
1681664.669 0.080
1686517.156 0.079
1691398.643 0.079
1696308.861 0.078
1701247.541 0.078
1706214.418 0.078
1711209.225 0.077
1716231.700 0.077
1721281.579 0.076
1726358.603 0.076
1731462.512 0.075
1736593.050 0.075
1741749.961 0.075
1746932.990 0.074
1752141.885 0.074
1757376.397 0.073
1762636.275 0.073
1767921.272 0.072
1773231.144 0.072
1778565.646 0.072
1783924.535 0.071
1789307.573 0.071
1794714.520 0.070
1800145.138 0.070
1805599.195 0.070
1811076.454 0.069
1816576.686 0.069
1822099.661 0.068
1827645.149 0.068
1833212.926 0.068
1838802.766 0.067
1844414.448 0.067
1850047.748 0.066
1855702.450 0.066
1861378.334 0.066
1867075.186 0.065
1872792.792 0.065
1878530.939 0.064
1884289.417 0.064
1890068.017 0.064
1895866.533 0.063
1901684.759 0.063
1907522.492 0.063
1913379.530 0.062
1919255.674 0.062
1925150.725 0.061
1931064.486 0.061
1936996.763 0.061
1942947.363 0.060
1948916.094 0.060
1954902.766 0.060
1960907.192 0.059
1966929.185 0.059
1972968.561 0.059
1979025.136 0.058
1985098.728 0.058
1991189.159 0.058
1997296.250 0.057
2003419.825 0.057
2009559.708 0.057
2015715.726 0.056
2021887.707 0.056
2028075.482 0.056
2034278.881 0.055
2040497.737 0.055
2046731.886 0.055
2052981.162 0.054
2059245.404 0.054
2065524.450 0.054
2071818.142 0.053
2078126.320 0.053
2084448.829 0.053
2090785.513 0.052
2097136.219 0.052
2103500.795 0.052
2109879.089 0.051
2116270.953 0.051
2122676.239 0.051
2129094.801 0.051
2135526.492 0.050
2141971.169 0.050
2148428.691 0.050
2154898.915 0.049
2161381.703 0.049
2167876.915 0.049
2174384.415 0.049
2180904.067 0.048
2187435.736 0.048
2193979.290 0.048
2200534.596 0.047
2207101.523 0.047
2213679.943 0.047
2220269.726 0.047
2226870.747 0.046
2233482.878 0.046
2240105.996 0.046
2246739.978 0.046
2253384.700 0.045
2260040.042 0.045
2266705.884 0.045
2273382.107 0.044
2280068.594 0.044
2286765.228 0.044
2293471.893 0.044
2300188.476 0.043
2306914.862 0.043
2313650.941 0.043
2320396.600 0.043
2327151.730 0.043
2333916.222 0.042
2340689.968 0.042
2347472.860 0.042
2354264.794 0.042
2361065.663 0.041
2367875.364 0.041
2374693.795 0.041
2381520.852 0.041
2388356.435 0.040
2395200.445 0.040
2402052.781 0.040
2408913.346 0.040
2415782.042 0.040
2422658.773 0.039
2429543.443 0.039
2436435.958 0.039
2443336.225 0.039
2450244.149 0.038
2457159.640 0.038
2464082.607 0.038
2471012.958 0.038
2477950.605 0.038
2484895.458 0.037
2491847.431 0.037
2498806.437 0.037
2505772.388 0.037
2512745.200 0.037
2519724.787 0.036
2526711.068 0.036
2533703.957 0.036
2540703.373 0.036
2547709.235 0.036
2554721.461 0.035
2561739.972 0.035
2568764.688 0.035
2575795.531 0.035
2582832.422 0.035
2589875.285 0.034
2596924.043 0.034
2603978.620 0.034
2611038.941 0.034
2618104.932 0.034
2625176.518 0.034
2632253.628 0.033
2639336.187 0.033
2646424.125 0.033
2653517.370 0.033
2660615.852 0.033
2667719.500 0.033
2674828.246 0.032
2681942.021 0.032
2689060.756 0.032
2696184.384 0.032
2703312.839 0.032
2710446.053 0.032
2717583.961 0.031
2724726.498 0.031
2731873.599 0.031
2739025.201 0.031
2746181.239 0.031
2753341.651 0.031
2760506.374 0.030
2767675.347 0.030
2774848.507 0.030
2782025.795 0.030
2789207.150 0.030
2796392.512 0.030
2803581.822 0.029
2810775.021 0.029
2817972.050 0.029
2825172.853 0.029
2832377.371 0.029
2839585.548 0.029
2846797.327 0.029
2854012.653 0.028
2861231.470 0.028
2868453.723 0.028
2875679.357 0.028
2882908.319 0.028
2890140.555 0.028
2897376.012 0.028
2904614.636 0.028
2911856.376 0.027
2919101.180 0.027
2926348.996 0.027
2933599.773 0.027
2940853.461 0.027
2948110.009 0.027
2955369.367 0.027
2962631.487 0.026
2969896.318 0.026
2977163.813 0.026
2984433.922 0.026
2991706.599 0.026
2998981.795 0.026
3006259.464 0.026
3013539.559 0.026
3020822.032 0.025
3028106.839 0.025
3035393.934 0.025
3042683.271 0.025
3049974.805 0.025
3057268.492 0.025
3064564.287 0.025
3071862.147 0.025
3079162.027 0.025
3086463.885 0.024
3093767.677 0.024
3101073.361 0.024
3108380.895 0.024
3115690.237 0.024
3123001.344 0.024
3130314.176 0.024
3137628.691 0.024
3144944.849 0.024
3152262.610 0.023
3159581.932 0.023
3166902.777 0.023
3174225.105 0.023
3181548.876 0.023
3188874.052 0.023
3196200.593 0.023
3203528.461 0.023
3210857.619 0.023
3218188.028 0.022
3225519.651 0.022
3232852.450 0.022
3240186.389 0.022
3247521.430 0.022
3254857.537 0.022
3262194.674 0.022
3269532.804 0.022
3276871.892 0.022
3284211.902 0.022
3291552.800 0.021
3298894.549 0.021
3306237.116 0.021
3313580.466 0.021
3320924.563 0.021
3328269.375 0.021
3335614.868 0.021
3342961.007 0.021
3350307.760 0.021
3357655.093 0.021
3365002.973 0.021
3372351.368 0.020
3379700.245 0.020
3387049.572 0.020
3394399.316 0.020
3401749.446 0.020
3409099.931 0.020
3416450.738 0.020
3423801.837 0.020
3431153.196 0.020
3438504.785 0.020
3445856.573 0.020
3453208.530 0.020
3460560.625 0.019
3467912.828 0.019
3475265.110 0.019
3482617.440 0.019
3489969.790 0.019
3497322.130 0.019
3504674.431 0.019
3512026.664 0.019
3519378.800 0.019
3526730.811 0.019
3534082.669 0.019
3541434.344 0.019
3548785.810 0.019
3556137.038 0.018
3563488.000 0.018
3570838.670 0.018
3578189.019 0.018
3585539.020 0.018
3592888.647 0.018
3600237.873 0.018
3607586.671 0.018
3614935.014 0.018
3622282.876 0.018
3629630.230 0.018
3636977.052 0.018
3644323.314 0.018
3651668.991 0.017
3659014.057 0.017
3666358.488 0.017
3673702.257 0.017
3681045.339 0.017
3688387.710 0.017
3695729.344 0.017
3703070.217 0.017
3710410.304 0.017
3717749.580 0.017
3725088.022 0.017
3732425.606 0.017
3739762.306 0.017
3747098.099 0.017
3754432.962 0.017
3761766.870 0.016
3769099.801 0.016
3776431.730 0.016
3783762.635 0.016
3791092.493 0.016
3798421.279 0.016
3805748.972 0.016
3813075.549 0.016
3820400.987 0.016
3827725.263 0.016
3835048.356 0.016
3842370.242 0.016
3849690.900 0.016
3857010.307 0.016
3864328.443 0.016
3871645.284 0.016
3878960.809 0.016
3886274.996 0.015
3893587.825 0.015
3900899.273 0.015
3908209.320 0.015
3915517.944 0.015
3922825.125 0.015
3930130.840 0.015
3937435.070 0.015
3944737.794 0.015
3952038.990 0.015
3959338.639 0.015
3966636.721 0.015
3973933.214 0.015
3981228.099 0.015
3988521.355 0.015
3995812.962 0.015
4003102.901 0.015
4010391.152 0.015
4017677.695 0.014
4024962.510 0.014
4032245.577 0.014
4039526.878 0.014
4046806.393 0.014
4054084.103 0.014
4061359.988 0.014
4068634.030 0.014
4075906.208 0.014
4083176.506 0.014
4090444.903 0.014
4097711.381 0.014
4104975.921 0.014
4112238.506 0.014
4119499.115 0.014
4126757.731 0.014
4134014.336 0.014
4141268.911 0.014
4148521.439 0.014
4155771.900 0.014
4163020.278 0.013
4170266.554 0.013
4177510.710 0.013
4184752.729 0.013
4191992.593 0.013
4199230.285 0.013
4206465.786 0.013
4213699.080 0.013
4220930.149 0.013
4228158.976 0.013
4235385.544 0.013
4242609.835 0.013
4249831.833 0.013
4257051.520 0.013
4264268.879 0.013
4271483.894 0.013
4278696.549 0.013
4285906.825 0.013
4293114.707 0.013
4300320.178 0.013
4307523.221 0.013
4314723.820 0.013
4321921.959 0.013
4329117.622 0.012
4336310.792 0.012
4343501.452 0.012
4350689.588 0.012
4357875.182 0.012
4365058.220 0.012
4372238.684 0.012
4379416.559 0.012
4386591.830 0.012
4393764.481 0.012
4400934.495 0.012
4408101.858 0.012
4415266.554 0.012
4422428.567 0.012
4429587.882 0.012
4436744.483 0.012
4443898.356 0.012
4451049.485 0.012
4458197.855 0.012
4465343.450 0.012
4472486.256 0.012
4479626.258 0.012
4486763.441 0.012
4493897.789 0.012
4501029.289 0.012
4508157.924 0.012
4515283.681 0.011
4522406.545 0.011
4529526.501 0.011
4536643.534 0.011
4543757.631 0.011
4550868.776 0.011
4557976.955 0.011
4565082.154 0.011
4572184.359 0.011
4579283.555 0.011
4586379.728 0.011
4593472.863 0.011
4600562.948 0.011
4607649.967 0.011
4614733.907 0.011
4621814.753 0.011
4628892.493 0.011
4635967.111 0.011
4643038.595 0.011
4650106.929 0.011
4657172.102 0.011
4664234.098 0.011
4671292.905 0.011
4678348.508 0.011
4685400.894 0.011
4692450.051 0.011
4699495.963 0.011
4706538.619 0.011
4713578.003 0.011
4720614.104 0.011
4727646.908 0.010
4734676.402 0.010
4741702.572 0.010
4748725.405 0.010
4755744.888 0.010
4762761.009 0.010
4769773.754 0.010
4776783.110 0.010
4783789.064 0.010
4790791.604 0.010
4797790.716 0.010
4804786.388 0.010
4811778.607 0.010
4818767.360 0.010
4825752.635 0.010
4832734.418 0.010
4839712.698 0.010
4846687.461 0.010
4853658.695 0.010
4860626.389 0.010
4867590.528 0.010
4874551.101 0.010
4881508.095 0.010
4888461.499 0.010
4895411.299 0.010
4902357.484 0.010
4909300.041 0.010
4916238.958 0.010
4923174.223 0.010
367735.519 0.814
377173.370 0.799
386610.847 0.783
396047.939 0.767
405484.637 0.751
414920.932 0.736
424356.814 0.720
433792.274 0.705
443227.302 0.690
452661.890 0.675
462096.027 0.660
471529.704 0.646
480962.912 0.631
490395.642 0.617
499827.884 0.604
509259.629 0.590
518690.867 0.577
528121.589 0.564
537551.786 0.551
546981.448 0.539
556410.566 0.527
565839.131 0.516
575267.132 0.504
584694.562 0.493
594121.409 0.482
603547.666 0.472
612973.322 0.461
622398.368 0.451
631822.796 0.442
641246.594 0.432
650669.755 0.423
660092.269 0.414
669514.126 0.405
678935.317 0.397
688355.832 0.389
697775.663 0.381
707194.800 0.373
716613.233 0.365
726030.953 0.358
735447.951 0.351
744864.217 0.343
754279.743 0.337
763694.518 0.330
773108.533 0.324
782521.779 0.317
791934.247 0.311
801345.927 0.305
810756.810 0.299
820166.886 0.294
829576.147 0.288
838984.582 0.283
848392.183 0.277
857798.939 0.272
867204.843 0.267
876609.883 0.263
886014.052 0.258
895417.339 0.253
904819.736 0.249
914221.232 0.244
923621.819 0.240
933021.487 0.236
942420.227 0.232
951818.030 0.228
961214.885 0.224
970610.785 0.220
980005.719 0.216
989399.678 0.213
998792.653 0.209
1008184.634 0.206
1017575.612 0.203
1026965.578 0.199
1036354.523 0.196
1045742.436 0.193
1055129.310 0.190
1064515.133 0.187
1073899.898 0.184
1083283.594 0.181
1092666.213 0.178
1102047.745 0.176
1111428.181 0.173
1120807.511 0.170
1130185.726 0.168
1139562.816 0.165
1148938.774 0.163
1158313.588 0.160
1167687.250 0.158
1177059.750 0.156
1186431.080 0.154
1195801.229 0.151
1205170.189 0.149
1214537.950 0.147
1223904.502 0.145
1233269.837 0.143
1242633.946 0.141
1251996.818 0.139
1261358.445 0.137
1270718.817 0.135
1280077.925 0.133
1289435.759 0.132
1298792.311 0.130
1308147.571 0.128
1317501.530 0.127
1326854.178 0.125
1336205.506 0.123
1345555.505 0.122
1354904.165 0.120
1364251.478 0.119
1373597.434 0.117
1382942.023 0.116
1392285.236 0.114
1401627.064 0.113
1410967.499 0.111
1420306.529 0.110
1429644.147 0.109
1438980.342 0.107
1448315.107 0.106
1457648.430 0.105
1466980.303 0.103
1476310.717 0.102
1485639.663 0.101
1494967.131 0.100
1504293.111 0.099
1513617.595 0.097
1522940.574 0.096
1532262.037 0.095
1541581.976 0.094
1550900.382 0.093
1560217.245 0.092
1569532.556 0.091
1578846.306 0.090
1588158.485 0.089
1597469.084 0.088
1606778.095 0.087
1616085.506 0.086
1625391.311 0.085
1634695.498 0.084
1643998.059 0.083
1653298.985 0.082
1662598.266 0.082
1671895.894 0.081
1681191.858 0.080
1690486.150 0.079
1699778.760 0.078
1709069.680 0.077
1718358.899 0.077
1727646.409 0.076
1736932.200 0.075
1746216.264 0.074
1755498.591 0.073
1764779.171 0.073
1774057.996 0.072
1783335.056 0.071
1792610.342 0.071
1801883.845 0.070
1811155.555 0.069
1820425.464 0.068
1829693.562 0.068
1838959.840 0.067
1848224.288 0.067
1857486.898 0.066
1866747.661 0.065
1876006.566 0.065
1885263.605 0.064
1894518.769 0.063
1903772.048 0.063
1913023.434 0.062
1922272.916 0.062
1931520.487 0.061
1940766.136 0.061
1950009.854 0.060
1959251.633 0.059
1968491.463 0.059
1977729.334 0.058
1986965.239 0.058
1996199.166 0.057
2005431.109 0.057
2014661.056 0.056
2023888.999 0.056
2033114.929 0.055
2042338.836 0.055
2051560.712 0.054
2060780.547 0.054
2069998.332 0.053
2079214.058 0.053
2088427.716 0.053
2097639.296 0.052
2106848.790 0.052
2116056.188 0.051
2125261.481 0.051
2134464.660 0.050
2143665.715 0.050
2152864.639 0.049
2162061.420 0.049
2171256.052 0.049
2180448.523 0.048
2189638.825 0.048
2198826.949 0.047
2208012.886 0.047
2217196.627 0.047
2226378.162 0.046
2235557.482 0.046
2244734.578 0.046
2253909.442 0.045
2263082.064 0.045
2272252.434 0.045
2281420.544 0.044
2290586.385 0.044
2299749.947 0.044
2308911.222 0.043
2318070.199 0.043
2327226.871 0.043
2336381.228 0.042
2345533.261 0.042
2354682.961 0.042
2363830.318 0.041
2372975.325 0.041
2382117.970 0.041
2391258.246 0.040
2400396.143 0.040
2409531.653 0.040
2418664.766 0.039
2427795.473 0.039
2436923.765 0.039
2446049.632 0.039
2455173.067 0.038
2464294.059 0.038
2473412.600 0.038
2482528.681 0.037
2491642.292 0.037
2500753.425 0.037
2509862.070 0.037
2518968.219 0.036
2528071.861 0.036
2537172.990 0.036
2546271.594 0.036
2555367.665 0.035
2564461.195 0.035
2573552.173 0.035
2582640.592 0.035
2591726.442 0.034
2600809.713 0.034
2609890.398 0.034
2618968.486 0.034
2628043.969 0.033
2637116.838 0.033
2646187.084 0.033
2655254.697 0.033
2664319.670 0.033
2673381.992 0.032
2682441.655 0.032
2691498.649 0.032
2700552.966 0.032
2709604.597 0.032
2718653.533 0.031
2727699.764 0.031
2736743.282 0.031
2745784.077 0.031
2754822.142 0.031
2763857.466 0.030
2772890.041 0.030
2781919.857 0.030
2790946.906 0.030
2799971.179 0.030
2808992.667 0.029
2818011.361 0.029
2827027.252 0.029
2836040.330 0.029
2845050.588 0.029
2854058.015 0.028
2863062.603 0.028
2872064.344 0.028
2881063.227 0.028
2890059.245 0.028
2899052.388 0.028
2908042.647 0.027
2917030.013 0.027
2926014.478 0.027
2934996.033 0.027
2943974.667 0.027
2952950.374 0.027
2961923.143 0.026
2970892.965 0.026
2979859.833 0.026
2988823.736 0.026
2997784.667 0.026
3006742.615 0.026
3015697.573 0.026
3024649.530 0.025
3033598.479 0.025
3042544.411 0.025
3051487.316 0.025
3060427.186 0.025
3069364.011 0.025
3078297.784 0.025
3087228.494 0.024
3096156.133 0.024
3105080.693 0.024
3114002.164 0.024
3122920.537 0.024
3131835.804 0.024
3140747.956 0.024
3149656.983 0.023
3158562.878 0.023
3167465.630 0.023
3176365.232 0.023
3185261.674 0.023
3194154.948 0.023
3203045.045 0.023
3211931.956 0.023
3220815.671 0.022
3229696.183 0.022
3238573.482 0.022
3247447.560 0.022
3256318.407 0.022
3265186.016 0.022
3274050.376 0.022
3282911.480 0.022
3291769.318 0.021
3300623.882 0.021
3309475.162 0.021
3318323.151 0.021
3327167.839 0.021
3336009.217 0.021
3344847.277 0.021
3353682.010 0.021
3362513.407 0.021
3371341.459 0.020
3380166.157 0.020
3388987.494 0.020
3397805.459 0.020
3406620.044 0.020
3415431.241 0.020
3424239.041 0.020
3433043.434 0.020
3441844.413 0.020
3450641.968 0.020
3459436.090 0.019
3468226.771 0.019
3477014.003 0.019
3485797.776 0.019
3494578.081 0.019
3503354.911 0.019
3512128.255 0.019
3520898.106 0.019
3529664.455 0.019
3538427.293 0.019
3547186.611 0.019
3555942.401 0.018
3564694.653 0.018
3573443.360 0.018
3582188.512 0.018
3590930.101 0.018
3599668.119 0.018
3608402.555 0.018
3617133.402 0.018
3625860.651 0.018
3634584.294 0.018
3643304.321 0.018
3652020.724 0.017
3660733.495 0.017
3669442.624 0.017
3678148.103 0.017
3686849.924 0.017
3695548.077 0.017
3704242.554 0.017
3712933.347 0.017
3721620.446 0.017
3730303.843 0.017
3738983.530 0.017
3747659.498 0.017
3756331.738 0.017
3765000.241 0.016
3773665.000 0.016
3782326.004 0.016
3790983.247 0.016
3799636.718 0.016
3808286.410 0.016
3816932.314 0.016
3825574.421 0.016
3834212.723 0.016
3842847.211 0.016
3851477.876 0.016
3860104.711 0.016
3868727.706 0.016
3877346.852 0.016
3885962.142 0.015
3894573.566 0.015
3903181.117 0.015
3911784.785 0.015
3920384.561 0.015
3928980.439 0.015
3937572.408 0.015
3946160.460 0.015
3954744.587 0.015
3963324.781 0.015
3971901.032 0.015
3980473.332 0.015
3989041.673 0.015
3997606.046 0.015
4006166.442 0.015
4014722.854 0.014
4023275.272 0.014
4031823.688 0.014
4040368.094 0.014
4048908.481 0.014
4057444.840 0.014
4065977.164 0.014
4074505.443 0.014
4083029.669 0.014
4091549.833 0.014
4100065.928 0.014
4108577.945 0.014
4117085.875 0.014
4125589.709 0.014
4134089.440 0.014
4142585.058 0.014
4151076.556 0.014
4159563.925 0.014
4168047.157 0.013
4176526.242 0.013
4185001.173 0.013
4193471.942 0.013
4201938.539 0.013
4210400.956 0.013
4218859.185 0.013
4227313.218 0.013
4235763.046 0.013
4244208.661 0.013
4252650.054 0.013
4261087.217 0.013
4269520.141 0.013
4277948.819 0.013
4286373.241 0.013
4294793.400 0.013
4303209.286 0.013
4311620.892 0.013
4320028.210 0.013
4328431.230 0.012
4336829.945 0.012
4345224.346 0.012
4353614.425 0.012
4362000.174 0.012
4370381.583 0.012
4378758.645 0.012
4387131.352 0.012
4395499.695 0.012
4403863.666 0.012
4412223.256 0.012
4420578.458 0.012
4428929.262 0.012
4437275.661 0.012
4445617.646 0.012
4453955.209 0.012
4462288.342 0.012
4470617.036 0.012
4478941.284 0.012
4487261.076 0.012
4495576.405 0.012
4503887.262 0.012
4512193.639 0.011
4520495.528 0.011
4528792.920 0.011
4537085.807 0.011
4545374.182 0.011
4553658.035 0.011
4561937.359 0.011
4570212.145 0.011
4578482.385 0.011
4586748.071 0.011
4595009.195 0.011
4603265.747 0.011
4611517.722 0.011
4619765.109 0.011
4628007.900 0.011
4636246.089 0.011
4644479.665 0.011
4652708.622 0.011
4660932.951 0.011
4669152.644 0.011
4677367.692 0.011
4685578.088 0.011
4693783.823 0.011
4701984.889 0.011
4710181.278 0.011
4718372.983 0.011
4726559.993 0.010
4734742.302 0.010
4742919.902 0.010
4751092.784 0.010
4759260.940 0.010
4767424.362 0.010
4775583.042 0.010
4783736.972 0.010
4791886.143 0.010
4800030.548 0.010
4808170.178 0.010
4816305.026 0.010
4824435.083 0.010
4832560.341 0.010
4840680.793 0.010
4848796.429 0.010
4856907.242 0.010
4865013.224 0.010
4873114.367 0.010
4881210.663 0.010
4889302.104 0.010
4897388.681 0.010
4905470.386 0.010
4913547.213 0.010
4921619.152 0.010
4929686.195 0.010
4937748.335 0.010
4945805.563 0.010
4953857.872 0.010
4961905.253 0.010
4969947.699 0.009
4977985.201 0.009
4986017.752 0.009
4994045.343 0.009
5002067.967 0.009
5010085.615 0.009
5018098.279 0.009
5026105.952 0.009
5034108.626 0.009
5042106.292 0.009
5050098.944 0.009
5058086.571 0.009
5066069.168 0.009
5074046.725 0.009
5082019.236 0.009
5089986.691 0.009
5097949.083 0.009
5105906.405 0.009
5113858.647 0.009
5121805.803 0.009
5129747.865 0.009
5137684.823 0.009
5145616.672 0.009
5153543.402 0.009
5161465.006 0.009
5169381.476 0.009
5177292.804 0.009
5185198.983 0.009
5193100.003 0.009
5200995.858 0.009
5208886.540 0.009
5216772.041 0.009
5224652.352 0.009
5232527.467 0.009
5240397.377 0.009
5248262.074 0.009
5256121.551 0.008
5263975.800 0.008
5271824.812 0.008
5279668.581 0.008
5287507.098 0.008
5295340.356 0.008
5303168.347 0.008
5310991.063 0.008
5318808.495 0.008
5326620.638 0.008
5334427.482 0.008
5342229.020 0.008
0.0 0.0 0.0
0.0 0.0 0.0
0.0 0.0 0.0
0.0 0.0 0.0
0.0 0.0 0.0
0.0 0.0 0.0
0.0 0.0 0.0
0.0 0.0 0.0
0.0 0.0 0.0
0.0 0.0 0.0
0.0 0.0 0.0
0.0 0.0 0.0
0.0 0.0 0.0
0.0 0.0 0.0
0.0 0.0 0.0
0.0 0.0 0.0
0.0 0.0 0.0
0.0 0.0 0.0
0.0 0.0 0.0
0.0 0.0 0.0
0.0 0.0 0.0
0.0 0.0 0.0
0.0 0.0 0.0
0.0 0.0 0.0
0.0 0.0 0.0
0.0 0.0 0.0
0.0 0.0 0.0
0.0 0.0 0.0
0.0 0.0 0.0
0.0 0.0 0.0
0.0 0.0 0.0
0.0 0.0 0.0
0.0 0.0 0.0
0.0 0.0 0.0
0.0 0.0 0.0
0.0 0.0 0.0
0.0 0.0 0.0
0.0 0.0 0.0
0.0 0.0 0.0
0.0 0.0 0.0
0.0 0.0 0.0
0.0 0.0 0.0
0.0 0.0 0.0
0.0 0.0 0.0
0.0 0.0 0.0
0.0 0.0 0.0
0.0 0.0 0.0
0.0 0.0 0.0
0.0 0.0 0.0
0.0 0.0 0.0
0.0 0.0 0.0
0.0 0.0 0.0
0.0 0.0 0.0
0.0 0.0 0.0
0.0 0.0 0.0
0.0 0.0 0.0
20.029 2107540.312 0.066151196
20.120 2102857.831 0.066242893
20.212 2098188.229 0.066335602
20.304 2093531.597 0.066429317
20.396 2088888.026 0.066524029
20.488 2084257.608 0.066619732
20.580 2079640.436 0.066716418
20.673 2075036.601 0.066814080
20.765 2070446.199 0.066912711
20.857 2065869.322 0.067012303
20.950 2061306.065 0.067112848
21.043 2056756.524 0.067214339
21.136 2052220.794 0.067316768
21.228 2047698.971 0.067420127
21.321 2043191.153 0.067524409
21.414 2038697.436 0.067629605
21.507 2034217.918 0.067735707
21.601 2029752.697 0.067842707
21.694 2025301.874 0.067950597
21.787 2020865.546 0.068059368
21.881 2016443.814 0.068169013
21.974 2012036.779 0.068279522
22.068 2007644.541 0.068390886
22.161 2003267.202 0.068503098
22.255 1998904.865 0.068616148
22.349 1994557.631 0.068730026
22.442 1990225.605 0.068844725
22.536 1985908.889 0.068960235
22.630 1981607.589 0.069076546
22.724 1977321.808 0.069193648
22.818 1973051.652 0.069311534
22.912 1968797.228 0.069430191
23.006 1964558.640 0.069549612
23.100 1960335.996 0.069669785
23.194 1956129.404 0.069790700
23.288 1951938.971 0.069912348
23.382 1947764.805 0.070034717
23.476 1943607.016 0.070157798
23.571 1939465.712 0.070281579
23.665 1935341.003 0.070406050
23.759 1931233.000 0.070531199
23.853 1927141.813 0.070657016
23.947 1923067.554 0.070783489
24.041 1919010.335 0.070910606
24.135 1914970.267 0.071038356
24.229 1910947.463 0.071166727
24.323 1906942.036 0.071295707
24.417 1902954.100 0.071425285
24.511 1898983.769 0.071555446
24.605 1895031.157 0.071686180
24.699 1891096.378 0.071817473
24.793 1887179.550 0.071949313
24.887 1883280.786 0.072081686
24.981 1879400.203 0.072214579
25.074 1875537.918 0.072347980
25.168 1871694.048 0.072481873
25.262 1867868.709 0.072616246
25.355 1864062.020 0.072751085
25.448 1860274.098 0.072886375
25.542 1856505.063 0.073022103
25.635 1852755.032 0.073158253
25.728 1849024.125 0.073294811
25.821 1845312.462 0.073431762
25.914 1841620.162 0.073569090
26.007 1837947.345 0.073706782
26.099 1834294.132 0.073844821
26.192 1830660.644 0.073983191
26.284 1827047.002 0.074121877
26.377 1823453.326 0.074260863
26.469 1819879.739 0.074400132
26.561 1816326.363 0.074539668
26.652 1812793.319 0.074679454
26.744 1809280.731 0.074819473
26.835 1805788.720 0.074959709
26.927 1802317.409 0.075100144
27.018 1798866.922 0.075240761
27.108 1795437.382 0.075381541
27.199 1792028.911 0.075522468
27.290 1788641.635 0.075663522
27.380 1785275.675 0.075804687
27.470 1781931.157 0.075945943
27.560 1778608.205 0.076087272
27.649 1775306.941 0.076228654
27.738 1772027.492 0.076370072
27.827 1768769.980 0.076511506
27.916 1765534.530 0.076652936
28.005 1762321.267 0.076794342
28.093 1759130.315 0.076935706
28.181 1755961.799 0.077077007
28.268 1752815.843 0.077218224
28.356 1749692.572 0.077359339
28.443 1746592.110 0.077500329
28.529 1743514.581 0.077641175
28.616 1740460.111 0.077781856
28.702 1737428.822 0.077922350
28.787 1734420.841 0.078062637
28.873 1731436.290 0.078202695
28.958 1728475.293 0.078342502
29.042 1725537.975 0.078482037
29.127 1722624.460 0.078621279
29.210 1719734.870 0.078760204
29.294 1716869.329 0.078898792
29.377 1714027.961 0.079037019
29.460 1711210.887 0.079174864
29.542 1708418.231 0.079312303
29.623 1705650.115 0.079449315
29.705 1702906.662 0.079585876
29.786 1700187.992 0.079721963
29.866 1697494.227 0.079857554
29.946 1694825.489 0.079992625
30.025 1692181.898 0.080127154
30.104 1689563.574 0.080261116
30.183 1686970.637 0.080394488
30.261 1684403.206 0.080527247
30.338 1681861.401 0.080659369
30.415 1679345.340 0.080790831
30.492 1676855.141 0.080921608
30.567 1674390.922 0.081051678
30.643 1671952.799 0.081181015
30.717 1669540.888 0.081309596
30.792 1667155.306 0.081437398
30.865 1664796.167 0.081564396
30.938 1662463.587 0.081690566
31.010 1660157.678 0.081815883
31.082 1657878.554 0.081940325
31.153 1655626.328 0.082063867
31.224 1653401.111 0.082186485
31.293 1651203.014 0.082308154
31.363 1649032.148 0.082428851
31.431 1646888.621 0.082548552
31.499 1644772.542 0.082667233
31.566 1642684.020 0.082784869
31.632 1640623.160 0.082901437
31.698 1638590.070 0.083016914
31.763 1636584.853 0.083131274
31.827 1634607.614 0.083244495
31.891 1632658.456 0.083356553
31.954 1630737.481 0.083467425
32.016 1628844.791 0.083577086
32.077 1626980.485 0.083685515
32.138 1625144.663 0.083792687
32.197 1623337.422 0.083898579
32.256 1621558.860 0.084003169
32.314 1619809.072 0.084106434
32.372 1618088.152 0.084208352
32.428 1616396.195 0.084308899
32.484 1614733.291 0.084408054
32.539 1613099.534 0.084505794
32.593 1611495.011 0.084602099
32.646 1609919.812 0.084696945
32.698 1608374.023 0.084790312
32.750 1606857.731 0.084882178
32.800 1605371.020 0.084972523
32.850 1603913.974 0.085061326
32.898 1602486.673 0.085148566
32.946 1601089.200 0.085234223
32.993 1599721.632 0.085318277
33.039 1598384.047 0.085400709
33.084 1597076.521 0.085481499
33.128 1595799.130 0.085560628
33.171 1594551.945 0.085638078
33.213 1593335.039 0.085713830
33.254 1592148.482 0.085787865
33.295 1590992.342 0.085860167
33.334 1589866.686 0.085930718
33.372 1588771.580 0.085999500
33.409 1587707.087 0.086066498
33.446 1586673.269 0.086131694
33.481 1585670.187 0.086195073
33.515 1584697.899 0.086256620
33.548 1583756.463 0.086316319
33.580 1582845.934 0.086374155
33.611 1581966.366 0.086430115
33.642 1581117.810 0.086484184
33.671 1580300.317 0.086536349
33.699 1579513.935 0.086586597
33.725 1578758.711 0.086634915
33.751 1578034.690 0.086681292
33.776 1577341.915 0.086725715
33.800 1576680.426 0.086768173
33.822 1576050.264 0.086808656
33.844 1575451.466 0.086847154
33.864 1574884.068 0.086883656
33.884 1574348.104 0.086918153
33.902 1573843.605 0.086950637
33.919 1573370.602 0.086981099
33.935 1572929.123 0.087009531
33.950 1572519.194 0.087035927
33.964 1572140.840 0.087060279
33.977 1571794.084 0.087082581
33.989 1571478.945 0.087102827
33.999 1571195.443 0.087121012
34.008 1570943.594 0.087137132
34.017 1570723.413 0.087151182
34.024 1570534.913 0.087163158
34.030 1570378.105 0.087173058
34.035 1570252.998 0.087180878
34.039 1570159.599 0.087186617
34.041 1570097.913 0.087190274
34.043 1570067.943 0.087191846
34.043 1570069.690 0.087191334
34.043 1570103.153 0.087188738
34.041 1570168.330 0.087184059
34.038 1570265.216 0.087177296
34.034 1570393.804 0.087168453
34.028 1570554.086 0.087157532
34.022 1570746.050 0.087144534
34.015 1570969.686 0.087129464
34.006 1571224.977 0.087112325
33.996 1571511.908 0.087093122
33.986 1571830.461 0.087071859
33.974 1572180.614 0.087048542
33.961 1572562.346 0.087023176
33.947 1572975.634 0.086995768
33.931 1573420.449 0.086966326
33.915 1573896.766 0.086934856
33.898 1574404.554 0.086901366
33.879 1574943.781 0.086865865
33.859 1575514.414 0.086828361
33.839 1576116.417 0.086788865
33.817 1576749.754 0.086747386
33.794 1577414.384 0.086703934
33.770 1578110.267 0.086658520
33.745 1578837.361 0.086611155
33.719 1579595.620 0.086561852
33.692 1580384.999 0.086510623
33.664 1581205.449 0.086457480
33.634 1582056.920 0.086402435
33.604 1582939.360 0.086345504
33.573 1583852.716 0.086286700
33.540 1584796.934 0.086226037
33.507 1585771.956 0.086163529
33.473 1586777.723 0.086099193
33.437 1587814.175 0.086033044
33.401 1588881.252 0.085965098
33.363 1589978.888 0.085895371
33.325 1591107.019 0.085823880
33.285 1592265.578 0.085750641
33.245 1593454.497 0.085675674
33.204 1594673.706 0.085598994
33.161 1595923.134 0.085520622
33.118 1597202.707 0.085440574
33.074 1598512.351 0.085358869
33.029 1599851.990 0.085275528
32.983 1601221.547 0.085190568
32.936 1602620.943 0.085104011
32.888 1604050.098 0.085015875
32.839 1605508.929 0.084926182
32.790 1606997.354 0.084834951
32.739 1608515.288 0.084742203
32.687 1610062.646 0.084647959
32.635 1611639.340 0.084552241
32.582 1613245.283 0.084455070
32.528 1614880.383 0.084356468
32.473 1616544.551 0.084256456
32.417 1618237.694 0.084155057
32.361 1619959.719 0.084052292
32.304 1621710.531 0.083948185
32.245 1623490.035 0.083842757
32.186 1625298.134 0.083736032
32.127 1627134.729 0.083628032
32.066 1628999.723 0.083518781
32.005 1630893.013 0.083408301
31.943 1632814.501 0.083296616
31.880 1634764.082 0.083183750
31.817 1636741.655 0.083069725
31.752 1638747.114 0.082954565
31.688 1640780.355 0.082838294
31.622 1642841.273 0.082720936
31.556 1644929.759 0.082602514
31.488 1647045.706 0.082483053
31.421 1649189.005 0.082362576
31.352 1651359.548 0.082241107
31.283 1653557.223 0.082118670
31.214 1655781.919 0.081995289
31.143 1658033.526 0.081870988
31.072 1660311.929 0.081745791
31.001 1662617.016 0.081619722
30.929 1664948.673 0.081492805
30.856 1667306.785 0.081365064
30.783 1669691.238 0.081236524
30.709 1672101.914 0.081107207
30.634 1674538.697 0.080977137
30.559 1677001.471 0.080846340
30.483 1679490.117 0.080714838
30.407 1682004.518 0.080582654
30.331 1684544.554 0.080449814
30.253 1687110.107 0.080316340
30.176 1689701.057 0.080182256
30.097 1692317.284 0.080047585
30.019 1694958.667 0.079912350
29.939 1697625.085 0.079776576
29.860 1700316.418 0.079640284
29.780 1703032.542 0.079503498
29.699 1705773.337 0.079366241
29.618 1708538.680 0.079228536
29.537 1711328.448 0.079090405
29.455 1714142.519 0.078951871
29.372 1716980.769 0.078812956
29.290 1719843.074 0.078673683
29.207 1722729.312 0.078534073
29.123 1725639.358 0.078394149
29.039 1728573.088 0.078253932
28.955 1731530.378 0.078113444
28.870 1734511.104 0.077972708
28.785 1737515.142 0.077831743
28.700 1740542.365 0.077690571
28.614 1743592.651 0.077549214
28.528 1746665.874 0.077407691
28.442 1749761.910 0.077266025
28.355 1752880.633 0.077124235
28.269 1756021.918 0.076982342
28.181 1759185.642 0.076840365
28.094 1762371.678 0.076698325
28.006 1765579.902 0.076556242
27.918 1768810.189 0.076414135
27.830 1772062.415 0.076272024
27.741 1775336.454 0.076129928
27.652 1778632.183 0.075987866
27.563 1781949.476 0.075845856
27.474 1785288.209 0.075703918
27.384 1788648.257 0.075562070
27.295 1792029.498 0.075420330
27.205 1795431.806 0.075278716
27.114 1798855.058 0.075137247
27.024 1802299.130 0.074995939
26.933 1805763.899 0.074854810
26.843 1809249.241 0.074713878
26.752 1812755.033 0.074573160
26.661 1816281.153 0.074432672
26.569 1819827.478 0.074292431
26.478 1823393.885 0.074152454
26.386 1826980.253 0.074012757
26.295 1830586.460 0.073873357
26.203 1834212.384 0.073734268
26.111 1837857.904 0.073595506
26.019 1841522.899 0.073457088
25.926 1845207.249 0.073319028
25.834 1848910.832 0.073181342
25.742 1852633.530 0.073044044
25.649 1856375.223 0.072907150
25.556 1860135.790 0.072770673
25.464 1863915.114 0.072634628
25.371 1867713.076 0.072499029
25.278 1871529.558 0.072363891
25.185 1875364.442 0.072229226
25.092 1879217.610 0.072095048
24.999 1883088.946 0.071961372
24.906 1886978.332 0.071828209
24.812 1890885.653 0.071695574
24.719 1894810.794 0.071563478
24.626 1898753.638 0.071431935
24.532 1902714.070 0.071300957
24.439 1906691.977 0.071170557
24.345 1910687.244 0.071040746
24.252 1914699.758 0.070911536
24.158 1918729.405 0.070782940
24.065 1922776.074 0.070654969
23.971 1926839.650 0.070527634
23.878 1930920.024 0.070400946
23.784 1935017.084 0.070274918
23.691 1939130.719 0.070149559
23.597 1943260.818 0.070024881
23.504 1947407.272 0.069900894
23.410 1951569.972 0.069777610
23.317 1955748.808 0.069655037
23.223 1959943.673 0.069533187
23.130 1964154.459 0.069412069
23.036 1968381.058 0.069291694
22.943 1972623.363 0.069172072
22.850 1976881.269 0.069053211
22.756 1981154.670 0.068935121
22.663 1985443.460 0.068817813
22.570 1989747.535 0.068701295
22.477 1994066.790 0.068585576
22.383 1998401.122 0.068470665
22.290 2002750.427 0.068356572
22.197 2007114.604 0.068243304
22.104 2011493.549 0.068130872
22.011 2015887.162 0.068019282
21.918 2020295.342 0.067908544
21.826 2024717.988 0.067798666
21.733 2029155.000 0.067689657
21.640 2033606.278 0.067581523
21.548 2038071.724 0.067474274
21.455 2042551.240 0.067367918
21.363 2047044.728 0.067262461
21.270 2051552.091 0.067157913
21.178 2056073.231 0.067054280
21.086 2060608.054 0.066951570
20.994 2065156.462 0.066849790
20.902 2069718.362 0.066748949
20.810 2074293.659 0.066649053
20.718 2078882.258 0.066550110
20.627 2083484.067 0.066452126
20.535 2088098.993 0.066355109
20.444 2092726.943 0.066259066
20.352 2097367.825 0.066164004
20.261 2102021.549 0.066069930
20.170 2106688.024 0.065976851
20.079 2111367.159 0.065884773
