20.036 2105366.180 0.066248074
20.124 2100854.659 0.066337276
20.212 2096356.815 0.066427384
20.300 2091872.742 0.066518388
20.388 2087402.535 0.066610282
20.477 2082946.288 0.066703057
20.565 2078504.096 0.066796705
20.654 2074076.056 0.066891218
20.742 2069662.262 0.066986587
20.831 2065262.813 0.067082804
20.919 2060877.804 0.067179860
21.008 2056507.334 0.067277747
21.097 2052151.501 0.067376457
21.185 2047810.403 0.067475980
21.274 2043484.140 0.067576308
21.363 2039172.812 0.067677432
21.452 2034876.518 0.067779343
21.541 2030595.359 0.067882032
21.630 2026329.437 0.067985489
21.719 2022078.852 0.068089706
21.808 2017843.708 0.068194673
21.896 2013624.106 0.068300380
21.985 2009420.149 0.068406817
22.074 2005231.942 0.068513976
22.163 2001059.588 0.068621846
22.252 1996903.191 0.068730418
22.341 1992762.857 0.068839681
22.430 1988638.691 0.068949624
22.519 1984530.799 0.069060238
22.608 1980439.286 0.069171513
22.697 1976364.260 0.069283437
22.786 1972305.829 0.069396001
22.875 1968264.098 0.069509192
22.964 1964239.177 0.069623001
23.053 1960231.175 0.069737415
23.141 1956240.199 0.069852425
23.230 1952266.359 0.069968018
23.319 1948309.766 0.070084183
23.408 1944370.528 0.070200908
23.496 1940448.757 0.070318182
23.585 1936544.564 0.070435992
23.673 1932658.060 0.070554327
23.762 1928789.356 0.070673174
23.850 1924938.565 0.070792521
23.938 1921105.799 0.070912355
24.026 1917291.172 0.071032664
24.114 1913494.795 0.071153435
24.202 1909716.784 0.071274654
24.290 1905957.251 0.071396309
24.378 1902216.310 0.071518386
24.466 1898494.078 0.071640872
24.553 1894790.667 0.071763753
24.641 1891106.194 0.071887015
24.728 1887440.774 0.072010645
24.815 1883794.522 0.072134628
24.903 1880167.556 0.072258950
24.990 1876559.990 0.072383597
25.076 1872971.942 0.072508553
25.163 1869403.529 0.072633805
25.249 1865854.867 0.072759336
25.336 1862326.074 0.072885133
25.422 1858817.268 0.073011180
25.508 1855328.566 0.073137460
25.594 1851860.087 0.073263960
25.679 1848411.948 0.073390663
25.765 1844984.268 0.073517552
25.850 1841577.165 0.073644612
25.935 1838190.759 0.073771827
26.020 1834825.167 0.073899181
26.104 1831480.510 0.074026655
26.189 1828156.905 0.074154235
26.273 1824854.473 0.074281903
26.357 1821573.333 0.074409641
26.440 1818313.603 0.074537433
26.524 1815075.405 0.074665261
26.607 1811858.856 0.074793107
26.690 1808664.077 0.074920954
26.772 1805491.187 0.075048785
26.855 1802340.306 0.075176580
26.937 1799211.554 0.075304322
27.019 1796105.050 0.075431992
27.100 1793020.914 0.075559572
27.181 1789959.265 0.075687044
27.262 1786920.223 0.075814388
27.342 1783903.908 0.075941585
27.423 1780910.438 0.076068617
27.502 1777939.933 0.076195465
27.582 1774992.512 0.076322108
27.661 1772068.294 0.076448528
27.740 1769167.398 0.076574704
27.818 1766289.942 0.076700618
27.896 1763436.045 0.076826250
27.974 1760605.826 0.076951578
28.051 1757799.402 0.077076584
28.128 1755016.891 0.077201247
28.204 1752258.410 0.077325547
28.280 1749524.077 0.077449464
28.355 1746814.009 0.077572976
28.431 1744128.323 0.077696063
28.505 1741467.134 0.077818706
28.579 1738830.559 0.077940882
28.653 1736218.713 0.078062571
28.726 1733631.712 0.078183753
28.799 1731069.671 0.078304405
28.871 1728532.703 0.078424508
28.943 1726020.922 0.078544039
29.015 1723534.443 0.078662978
29.085 1721073.378 0.078781303
29.156 1718637.839 0.078898994
29.225 1716227.939 0.079016029
29.295 1713843.789 0.079132386
29.363 1711485.499 0.079248044
29.431 1709153.180 0.079362982
29.499 1706846.942 0.079477178
29.566 1704566.893 0.079590610
29.632 1702313.142 0.079703258
29.698 1700085.796 0.079815100
29.763 1697884.962 0.079926115
29.828 1695710.747 0.080036281
29.892 1693563.256 0.080145576
29.955 1691442.594 0.080253979
30.018 1689348.864 0.080361470
30.080 1687282.171 0.080468026
30.141 1685242.615 0.080573626
30.202 1683230.299 0.080678250
30.262 1681245.323 0.080781876
30.321 1679287.788 0.080884483
30.380 1677357.791 0.080986051
30.438 1675455.431 0.081086557
30.495 1673580.804 0.081185982
30.552 1671734.007 0.081284305
30.608 1669915.134 0.081381506
30.663 1668124.279 0.081477563
30.717 1666361.536 0.081572457
30.771 1664626.996 0.081666167
30.824 1662920.750 0.081758674
30.876 1661242.888 0.081849957
30.927 1659593.497 0.081939997
30.978 1657972.666 0.082028774
31.028 1656380.480 0.082116269
31.077 1654817.025 0.082202463
31.125 1653282.385 0.082287337
31.172 1651776.641 0.082370872
31.219 1650299.876 0.082453049
31.264 1648852.170 0.082533850
31.309 1647433.600 0.082613257
31.353 1646044.246 0.082691252
31.397 1644684.182 0.082767817
31.439 1643353.484 0.082842935
31.480 1642052.225 0.082916589
31.521 1640780.478 0.082988762
31.561 1639538.312 0.083059437
31.600 1638325.797 0.083128598
31.638 1637143.002 0.083196228
31.675 1635989.992 0.083262313
31.711 1634866.832 0.083326837
31.746 1633773.585 0.083389783
31.781 1632710.314 0.083451139
31.814 1631677.079 0.083510889
31.846 1630673.939 0.083569019
31.878 1629700.950 0.083625515
31.909 1628758.169 0.083680363
31.938 1627845.650 0.083733552
31.967 1626963.446 0.083785067
31.995 1626111.606 0.083834896
32.022 1625290.181 0.083883028
32.048 1624499.218 0.083929451
32.072 1623738.763 0.083974153
32.096 1623008.861 0.084017123
32.119 1622309.554 0.084058352
32.141 1621640.883 0.084097829
32.162 1621002.887 0.084135544
32.182 1620395.603 0.084171488
32.201 1619819.069 0.084205652
32.219 1619273.317 0.084238028
32.236 1618758.380 0.084268608
32.252 1618274.289 0.084297384
32.267 1617821.072 0.084324349
32.281 1617398.757 0.084349497
32.294 1617007.369 0.084372820
32.306 1616646.931 0.084394314
32.317 1616317.465 0.084413973
32.327 1616018.990 0.084431792
32.336 1615751.526 0.084447766
32.343 1615515.088 0.084461891
32.350 1615309.691 0.084474165
32.356 1615135.347 0.084484583
32.361 1614992.068 0.084493144
32.365 1614879.861 0.084499845
32.367 1614798.736 0.084504683
32.369 1614748.696 0.084507659
32.370 1614729.746 0.084508771
32.369 1614741.887 0.084508019
32.368 1614785.119 0.084505404
32.365 1614859.440 0.084500924
32.362 1614964.847 0.084494583
32.358 1615101.333 0.084486381
32.352 1615268.892 0.084476320
32.345 1615467.513 0.084464403
32.338 1615697.187 0.084450632
32.329 1615957.900 0.084435012
32.320 1616249.637 0.084417546
32.309 1616572.382 0.084398238
32.297 1616926.117 0.084377093
32.285 1617310.821 0.084354116
32.271 1617726.473 0.084329313
32.256 1618173.048 0.084302689
32.241 1618650.522 0.084274253
32.224 1619158.867 0.084244010
32.206 1619698.054 0.084211967
32.187 1620268.052 0.084178134
32.168 1620868.829 0.084142517
32.147 1621500.351 0.084105127
32.125 1622162.581 0.084065971
32.103 1622855.482 0.084025059
32.079 1623579.014 0.083982402
32.054 1624333.136 0.083938009
32.029 1625117.806 0.083891892
32.002 1625932.979 0.083844061
31.975 1626778.608 0.083794528
31.946 1627654.646 0.083743305
31.917 1628561.044 0.083690404
31.886 1629497.751 0.083635838
31.855 1630464.713 0.083579620
31.823 1631461.876 0.083521763
31.790 1632489.185 0.083462281
31.755 1633546.583 0.083401188
31.720 1634634.010 0.083338499
31.684 1635751.405 0.083274227
31.648 1636898.708 0.083208388
31.610 1638075.853 0.083140998
31.571 1639282.778 0.083072072
31.532 1640519.413 0.083001625
31.491 1641785.693 0.082929675
31.450 1643081.548 0.082856238
31.408 1644406.906 0.082781331
31.365 1645761.696 0.082704970
31.321 1647145.844 0.082627173
31.276 1648559.276 0.082547958
31.231 1650001.915 0.082467342
31.184 1651473.683 0.082385344
31.137 1652974.502 0.082301981
31.089 1654504.292 0.082217273
31.040 1656062.970 0.082131237
30.991 1657650.456 0.082043894
30.940 1659266.664 0.081955262
30.889 1660911.510 0.081865360
30.837 1662584.908 0.081774208
30.784 1664286.769 0.081681826
30.731 1666017.007 0.081588233
30.677 1667775.530 0.081493450
30.622 1669562.249 0.081397496
30.566 1671377.071 0.081300392
30.509 1673219.903 0.081202158
30.452 1675090.653 0.081102815
30.394 1676989.224 0.081002383
30.336 1678915.521 0.080900883
30.277 1680869.447 0.080798337
30.217 1682850.905 0.080694764
30.156 1684859.795 0.080590187
30.095 1686896.018 0.080484625
30.033 1688959.473 0.080378101
29.970 1691050.059 0.080270636
29.907 1693167.674 0.080162250
29.843 1695312.215 0.080052965
29.779 1697483.578 0.079942803
29.714 1699681.658 0.079831785
29.648 1701906.350 0.079719932
29.582 1704157.547 0.079607266
29.515 1706435.144 0.079493809
29.447 1708739.033 0.079379581
29.379 1711069.105 0.079264605
29.311 1713425.251 0.079148901
29.242 1715807.362 0.079032491
29.172 1718215.329 0.078915398
29.102 1720649.040 0.078797641
29.031 1723108.384 0.078679243
28.960 1725593.250 0.078560224
28.888 1728103.526 0.078440607
28.816 1730639.097 0.078320412
28.743 1733199.852 0.078199660
28.670 1735785.677 0.078078373
28.596 1738396.457 0.077956572
28.522 1741032.078 0.077834277
28.447 1743692.424 0.077711510
28.372 1746377.382 0.077588292
28.297 1749086.833 0.077464643
28.221 1751820.664 0.077340583
28.144 1754578.757 0.077216135
28.068 1757360.996 0.077091317
27.990 1760167.263 0.076966150
27.913 1762997.441 0.076840655
27.835 1765851.414 0.076714852
27.756 1768729.062 0.076588760
27.678 1771630.269 0.076462400
27.599 1774554.915 0.076335792
27.519 1777502.883 0.076208955
27.439 1780474.053 0.076081908
27.359 1783468.308 0.075954672
27.279 1786485.529 0.075827265
27.198 1789525.596 0.075699707
27.117 1792588.391 0.075572016
27.035 1795673.794 0.075444211
26.953 1798781.686 0.075316312
26.871 1801911.948 0.075188337
26.789 1805064.461 0.075060304
26.706 1808239.105 0.074932231
26.623 1811435.762 0.074804137
26.540 1814654.311 0.074676040
26.457 1817894.634 0.074547957
26.373 1821156.611 0.074419906
26.289 1824440.123 0.074291905
26.205 1827745.051 0.074163971
26.120 1831071.275 0.074036121
26.036 1834418.678 0.073908372
25.951 1837787.140 0.073780741
25.866 1841176.542 0.073653244
25.780 1844586.766 0.073525900
25.695 1848017.693 0.073398722
25.609 1851469.205 0.073271729
25.523 1854941.183 0.073144936
25.437 1858433.511 0.073018358
25.351 1861946.069 0.072892012
25.264 1865478.740 0.072765913
25.178 1869031.407 0.072640076
25.091 1872603.953 0.072514517
25.004 1876196.260 0.072389250
24.917 1879808.213 0.072264292
24.830 1883439.694 0.072139655
24.743 1887090.587 0.072015356
24.655 1890760.777 0.071891407
24.568 1894450.147 0.071767824
24.480 1898158.583 0.071644621
24.392 1901885.969 0.071521811
24.304 1905632.190 0.071399408
24.216 1909397.133 0.071277426
24.128 1913180.682 0.071155878
24.040 1916982.724 0.071034777
23.951 1920803.146 0.070914137
23.863 1924641.834 0.070793971
23.774 1928498.676 0.070674291
23.686 1932373.559 0.070555109
23.597 1936266.371 0.070436440
23.509 1940177.000 0.070318293
23.420 1944105.336 0.070200683
23.331 1948051.267 0.070083621
23.242 1952014.682 0.069967119
23.153 1955995.472 0.069851188
23.064 1959993.527 0.069735840
22.975 1964008.737 0.069621088
22.886 1968040.994 0.069506941
22.797 1972090.188 0.069393411
22.708 1976156.213 0.069280510
22.619 1980238.960 0.069168248
22.530 1984338.322 0.069056636
22.441 1988454.193 0.068945684
22.352 1992586.465 0.068835404
22.263 1996735.034 0.068725806
22.173 2000899.793 0.068616899
22.084 2005080.638 0.068508694
21.995 2009277.464 0.068401201
21.906 2013490.168 0.068294431
21.817 2017718.645 0.068188392
21.728 2021962.792 0.068083095
21.639 2026222.507 0.067978549
21.550 2030497.688 0.067874763
21.461 2034788.233 0.067771748
21.372 2039094.041 0.067669512
21.283 2043415.010 0.067568064
21.194 2047751.041 0.067467414
21.105 2052102.034 0.067367570
21.016 2056467.890 0.067268542
20.927 2060848.510 0.067170338
20.838 2065243.795 0.067072967
20.749 2069653.648 0.066976438
20.661 2074077.972 0.066880759
20.572 2078516.670 0.066785938
20.483 2082969.645 0.066691984
20.395 2087436.801 0.066598906
20.306 2091918.045 0.066506711
20.218 2096413.279 0.066415408
20.130 2100922.411 0.066325005
20.041 2105445.347 0.066235510
2398466.791 0.040
2389325.092 0.040
2380181.014 0.041
2371034.566 0.041
2361885.756 0.041
2352734.594 0.042
2343581.089 0.042
2334425.250 0.042
2325267.087 0.043
2316106.607 0.043
2306943.821 0.043
2297778.738 0.044
2288611.366 0.044
2279441.715 0.044
2270269.794 0.045
2261095.612 0.045
2251919.178 0.045
2242740.502 0.046
2233559.592 0.046
2224376.458 0.046
2215191.108 0.047
2206003.552 0.047
2196813.800 0.048
2187621.859 0.048
2178427.740 0.048
2169231.452 0.049
2160033.003 0.049
2150832.403 0.050
2141629.661 0.050
2132424.786 0.050
2123217.788 0.051
2114008.675 0.051
2104797.457 0.052
2095584.143 0.052
2086368.741 0.053
2077151.262 0.053
2067931.714 0.054
2058710.107 0.054
2049486.449 0.054
2040260.751 0.055
2031033.020 0.055
2021803.267 0.056
2012571.501 0.056
2003337.730 0.057
1994101.964 0.057
1984864.212 0.058
1975624.483 0.058
1966382.787 0.059
1957139.132 0.060
1947893.529 0.060
1938645.985 0.061
1929396.511 0.061
1920145.115 0.062
1910891.807 0.062
1901636.596 0.063
1892379.491 0.064
1883120.502 0.064
1873859.637 0.065
1864596.906 0.065
1855332.318 0.066
1846065.882 0.067
1836797.608 0.067
1827527.505 0.068
1818255.581 0.069
1808981.847 0.069
1799706.311 0.070
1790428.983 0.071
1781149.872 0.071
1771868.987 0.072
1762586.337 0.073
1753301.932 0.074
1744015.781 0.074
1734727.893 0.075
1725438.277 0.076
1716146.943 0.077
1706853.900 0.078
1697559.157 0.078
1688262.723 0.079
1678964.608 0.080
1669664.821 0.081
1660363.371 0.082
1651060.268 0.083
1641755.520 0.084
1632449.138 0.084
1623141.129 0.085
1613831.504 0.086
1604520.272 0.087
1595207.442 0.088
1585893.023 0.089
1576577.025 0.090
1567259.456 0.091
1557940.327 0.092
1548619.646 0.093
1539297.423 0.094
1529973.667 0.096
1520648.388 0.097
1511321.593 0.098
1501993.294 0.099
1492663.499 0.100
1483332.217 0.101
1473999.458 0.103
1464665.232 0.104
1455329.546 0.105
1445992.411 0.106
1436653.836 0.108
1427313.830 0.109
1417972.403 0.110
1408629.564 0.112
1399285.321 0.113
1389939.685 0.114
1380592.665 0.116
1371244.270 0.117
1361894.510 0.119
1352543.393 0.120
1343190.929 0.122
1333837.127 0.124
1324481.997 0.125
1315125.548 0.127
1305767.789 0.129
1296408.729 0.130
1287048.379 0.132
1277686.747 0.134
1268323.842 0.136
1258959.674 0.138
1249594.253 0.140
1240227.587 0.142
1230859.685 0.144
1221490.558 0.146
1212120.215 0.148
1202748.664 0.150
1193375.915 0.152
1184001.978 0.154
1174626.862 0.156
1165250.576 0.159
1155873.129 0.161
1146494.532 0.163
1137114.792 0.166
1127733.920 0.168
1118351.925 0.171
1108968.816 0.174
1099584.603 0.176
1090199.295 0.179
1080812.900 0.182
1071425.430 0.185
1062036.892 0.188
1052647.297 0.191
1043256.653 0.194
1033864.971 0.197
1024472.259 0.200
1015078.526 0.203
1005683.782 0.207
996288.037 0.210
986891.300 0.214
977493.580 0.217
968094.886 0.221
958695.229 0.225
949294.616 0.229
939893.058 0.233
930490.564 0.237
921087.143 0.241
911682.805 0.246
902277.559 0.250
892871.415 0.254
883464.381 0.259
874056.467 0.264
864647.683 0.269
855238.038 0.274
845827.541 0.279
836416.201 0.284
827004.029 0.290
817591.033 0.295
808177.223 0.301
798762.607 0.307
789347.197 0.313
779931.000 0.319
770514.026 0.325
761096.285 0.332
751677.787 0.339
742258.539 0.345
732838.552 0.352
723417.836 0.360
713996.399 0.367
704574.251 0.375
695151.401 0.383
685727.859 0.391
676303.633 0.399
666878.735 0.408
657453.172 0.417
648026.955 0.426
638600.092 0.435
629172.593 0.444
619744.467 0.454
610315.724 0.464
600886.374 0.475
591456.425 0.485
582025.887 0.496
572594.769 0.507
563163.081 0.519
553730.832 0.531
544298.032 0.543
534864.690 0.555
525430.814 0.568
515996.416 0.581
506561.504 0.594
497126.087 0.607
487690.175 0.621
478253.778 0.635
468816.904 0.650
459379.563 0.664
449941.765 0.679
440503.518 0.694
431064.833 0.709
421625.719 0.725
412186.185 0.740
402746.240 0.756
393305.894 0.772
383865.156 0.787
374424.037 0.803
364982.544 0.819
355540.687 0.834
346098.477 0.849
336655.922 0.864
327213.032 0.878
317769.815 0.892
308326.283 0.906
298882.443 0.918
289438.305 0.930
279993.880 0.941
270549.175 0.951
261104.201 0.960
251658.967 0.969
242213.482 0.976
232767.757 0.982
223321.799 0.987
213875.619 0.991
204429.226 0.994
194982.629 0.996
185535.838 0.998
176088.862 0.999
166641.711 0.999
157194.394 1.000
147746.920 1.000
138299.300 1.000
128851.541 1.000
119403.654 1.000
109955.649 1.000
100507.534 1.000
91059.318 1.000
81611.012 1.000
72162.625 1.000
62714.166 1.000
53265.644 1.000
43817.069 1.000
34368.451 1.000
24919.799 1.000
15471.121 1.000
6022.428 1.000
3426.270 1.000
12874.966 1.000
22323.648 1.000
31772.308 1.000
41220.937 1.000
50669.525 1.000
60118.062 1.000
69566.539 1.000
79014.947 1.000
88463.276 1.000
97911.518 1.000
107359.661 1.000
116807.698 1.000
126255.618 1.000
135703.413 1.000
145151.073 1.000
154598.587 1.000
164045.948 0.999
173493.146 0.999
182940.171 0.998
192387.014 0.996
201833.665 0.994
211280.115 0.992
220726.354 0.988
230172.374 0.983
239618.164 0.977
249063.716 0.971
258509.020 0.963
267954.067 0.954
277398.846 0.944
286843.349 0.933
296287.567 0.922
305731.489 0.909
315175.107 0.896
324618.411 0.882
334061.392 0.868
343504.040 0.853
352946.346 0.838
362388.301 0.823
371829.894 0.807
381271.118 0.792
390711.961 0.776
400152.416 0.760
409592.472 0.745
419032.120 0.729
428471.350 0.714
437910.154 0.698
447348.522 0.683
456786.444 0.668
466223.911 0.654
475660.914 0.639
485097.444 0.625
494533.490 0.611
503969.044 0.598
513404.095 0.584
522838.636 0.571
532272.655 0.558
541706.145 0.546
551139.095 0.534
560571.496 0.522
570003.339 0.511
579434.614 0.499
588865.312 0.488
598295.424 0.478
607724.940 0.467
617153.850 0.457
626582.146 0.447
636009.818 0.438
645436.857 0.428
654863.252 0.419
664288.996 0.410
673714.077 0.402
683138.488 0.393
692562.219 0.385
701985.260 0.377
711407.601 0.369
720829.234 0.362
730250.150 0.354
739670.337 0.347
749089.789 0.340
758508.494 0.334
767926.444 0.327
777343.629 0.321
786760.040 0.314
796175.667 0.308
805590.501 0.302
815004.533 0.297
824417.754 0.291
833830.153 0.286
843241.722 0.280
852652.451 0.275
862062.330 0.270
871471.352 0.265
880879.505 0.260
890286.781 0.256
899693.170 0.251
909098.664 0.247
918503.252 0.242
927906.925 0.238
937309.674 0.234
946711.489 0.230
956112.362 0.226
965512.283 0.222
974911.241 0.218
984309.229 0.215
993706.237 0.211
1003102.255 0.208
1012497.274 0.204
1021891.284 0.201
1031284.277 0.198
1040676.243 0.195
1050067.172 0.192
1059457.055 0.189
1068845.884 0.186
1078233.648 0.183
1087620.338 0.180
1097005.944 0.177
1106390.459 0.174
1115773.871 0.172
1125156.172 0.169
1134537.352 0.167
1143917.403 0.164
1153296.314 0.162
1162674.077 0.159
1172050.682 0.157
1181426.119 0.155
1190800.380 0.153
1200173.455 0.150
1209545.335 0.148
1218916.010 0.146
1228285.471 0.144
1237653.708 0.142
1247020.713 0.140
1256386.477 0.138
1265750.988 0.136
1275114.240 0.134
1284476.221 0.133
1293836.923 0.131
1303196.337 0.129
1312554.452 0.127
1321911.261 0.126
1331266.752 0.124
1340620.918 0.122
1349973.749 0.121
1359325.236 0.119
1368675.368 0.118
1378024.138 0.116
1387371.535 0.115
1396717.550 0.113
1406062.174 0.112
1415405.398 0.111
1424747.212 0.109
1434087.607 0.108
1443426.574 0.107
1452764.104 0.105
1462100.187 0.104
1471434.813 0.103
1480767.974 0.102
1490099.660 0.100
1499429.862 0.099
1508758.571 0.098
1518085.778 0.097
1527411.472 0.096
1536735.645 0.095
1546058.288 0.094
1555379.391 0.093
1564698.944 0.092
1574016.940 0.091
1583333.368 0.089
1592648.219 0.088
1601961.483 0.088
1611273.153 0.087
1620583.217 0.086
1629891.668 0.085
1639198.495 0.084
1648503.690 0.083
1657807.243 0.082
1667109.145 0.081
1676409.387 0.080
1685707.959 0.079
1695004.852 0.079
1704300.057 0.078
1713593.565 0.077
1722885.366 0.076
1732175.451 0.075
1741463.811 0.075
1750750.437 0.074
1760035.319 0.073
1769318.448 0.072
1778599.815 0.072
1787879.411 0.071
1797157.226 0.070
1806433.251 0.070
1815707.477 0.069
1824979.895 0.068
1834250.495 0.068
1843519.268 0.067
1852786.206 0.066
1862051.298 0.066
1871314.536 0.065
1880575.910 0.064
1889835.411 0.064
1899093.030 0.063
1908348.757 0.063
1917602.584 0.062
1926854.501 0.061
1936104.499 0.061
1945352.569 0.060
1954598.702 0.060
1963842.887 0.059
1973085.117 0.059
1982325.382 0.058
1991563.673 0.058
2000799.980 0.057
2010034.294 0.057
2019266.607 0.056
2028496.909 0.056
2037725.190 0.055
2046951.442 0.055
2056175.655 0.054
2065397.820 0.054
2074617.929 0.053
2083835.971 0.053
2093051.938 0.052
2102265.820 0.052
2111477.609 0.051
2120687.295 0.051
2129894.869 0.051
2139100.321 0.050
2148303.643 0.050
2157504.826 0.049
2166703.859 0.049
2175900.735 0.048
2185095.444 0.048
2194287.977 0.048
2203478.324 0.047
2212666.477 0.047
2221852.426 0.047
2231036.162 0.046
2240217.676 0.046
2249396.960 0.045
2258574.002 0.045
2267748.796 0.045
2276921.331 0.044
2286091.598 0.044
2295259.589 0.044
2304425.294 0.043
2313588.703 0.043
2322749.809 0.043
2331908.601 0.042
2341065.071 0.042
2350219.209 0.042
2359371.006 0.041
2368520.454 0.041
2377667.543 0.041
2386812.264 0.040
2395954.608 0.040
2405094.565 0.040
2414232.128 0.040
2423367.285 0.039
2432500.030 0.039
2441630.351 0.039
2450758.242 0.038
2459883.691 0.038
2469006.690 0.038
2478127.231 0.038
2487245.303 0.037
2496360.898 0.037
2505474.007 0.037
2514584.621 0.037
2523692.731 0.036
2532798.327 0.036
2541901.400 0.036
2551001.942 0.036
2560099.944 0.035
2569195.395 0.035
2578288.288 0.035
2587378.613 0.035
2596466.362 0.034
2605551.524 0.034
2614634.091 0.034
2623714.055 0.034
2632791.405 0.033
2641866.134 0.033
2650938.231 0.033
2660007.688 0.033
2669074.496 0.032
2678138.646 0.032
2687200.128 0.032
2696258.935 0.032
2705315.055 0.032
2714368.482 0.031
2723419.205 0.031
2732467.216 0.031
2741512.506 0.031
2750555.065 0.031
2759594.885 0.030
2768631.957 0.030
2777666.271 0.030
2786697.819 0.030
2795726.592 0.030
2804752.580 0.029
2813775.775 0.029
2822796.167 0.029
2831813.749 0.029
2840828.510 0.029
2849840.441 0.029
2858849.535 0.028
2867855.781 0.028
2876859.171 0.028
2885859.696 0.028
2894857.347 0.028
2903852.115 0.028
2912843.991 0.027
2921832.965 0.027
2930819.030 0.027
2939802.176 0.027
2948782.394 0.027
2957759.676 0.027
2966734.011 0.026
2975705.393 0.026
2984673.810 0.026
2993639.255 0.026
3002601.718 0.026
3011561.192 0.026
3020517.665 0.025
3029471.131 0.025
3038421.580 0.025
3047369.002 0.025
3056313.390 0.025
3065254.733 0.025
3074193.024 0.025
3083128.253 0.024
3092060.412 0.024
3100989.491 0.024
3109915.482 0.024
3118838.376 0.024
3127758.163 0.024
3136674.836 0.024
3145588.385 0.024
3154498.800 0.023
3163406.075 0.023
3172310.198 0.023
3181211.163 0.023
3190108.959 0.023
3199003.578 0.023
3207895.011 0.023
3216783.249 0.022
3225668.284 0.022
3234550.106 0.022
3243428.706 0.022
3252304.077 0.022
3261176.208 0.022
3270045.092 0.022
3278910.719 0.022
3287773.080 0.022
3296632.167 0.021
3305487.971 0.021
3314340.483 0.021
3323189.694 0.021
3332035.595 0.021
3340878.178 0.021
3349717.433 0.021
3358553.353 0.021
3367385.928 0.021
3376215.149 0.020
3385041.007 0.020
3393863.495 0.020
3402682.602 0.020
3411498.321 0.020
3420310.642 0.020
3429119.556 0.020
3437925.056 0.020
3446727.132 0.020
3455525.774 0.020
3464320.976 0.019
3473112.727 0.019
3481901.020 0.019
3490685.845 0.019
3499467.193 0.019
3508245.056 0.019
3517019.425 0.019
3525790.292 0.019
3534557.647 0.019
3543321.482 0.019
3552081.788 0.018
3560838.557 0.018
3569591.779 0.018
3578341.446 0.018
3587087.550 0.018
3595830.081 0.018
3604569.031 0.018
3613304.391 0.018
3622036.152 0.018
3630764.307 0.018
3639488.845 0.018
3648209.759 0.018
3656927.039 0.017
3665640.678 0.017
3674350.666 0.017
3683056.994 0.017
3691759.654 0.017
3700458.638 0.017
3709153.937 0.017
3717845.541 0.017
3726533.443 0.017
3735217.633 0.017
3743898.104 0.017
3752574.846 0.017
3761247.850 0.017
3769917.109 0.016
3778582.613 0.016
3787244.355 0.016
3795902.324 0.016
3804556.513 0.016
3813206.913 0.016
3821853.515 0.016
3830496.311 0.016
3839135.293 0.016
3847770.450 0.016
3856401.776 0.016
3865029.261 0.016
3873652.897 0.016
3882272.675 0.015
3890888.587 0.015
3899500.624 0.015
3908108.777 0.015
3916713.038 0.015
3925313.399 0.015
3933909.850 0.015
3942502.383 0.015
3951090.990 0.015
3959675.662 0.015
3968256.390 0.015
3976833.167 0.015
3985405.983 0.015
3993974.830 0.015
4002539.699 0.015
4011100.582 0.015
4019657.470 0.014
4028210.355 0.014
4036759.229 0.014
4045304.082 0.014
4053844.906 0.014
4062381.693 0.014
4070914.435 0.014
4079443.122 0.014
4087967.746 0.014
4096488.299 0.014
4105004.773 0.014
4113517.158 0.014
4122025.447 0.014
4130529.630 0.014
4139029.700 0.014
4147525.647 0.014
4156017.465 0.014
4164505.143 0.013
4172988.674 0.013
4181468.048 0.013
4189943.259 0.013
4198414.296 0.013
4206881.153 0.013
4215343.820 0.013
4223802.288 0.013
4232256.551 0.013
4240706.598 0.013
4249152.422 0.013
4257594.014 0.013
4266031.366 0.013
4274464.470 0.013
4282893.316 0.013
4291317.898 0.013
4299738.205 0.013
4308154.230 0.013
4316565.965 0.013
4324973.401 0.013
4333376.530 0.012
4341775.343 0.012
4350169.832 0.012
4358559.989 0.012
4366945.805 0.012
4375327.272 0.012
4383704.382 0.012
4392077.126 0.012
4400445.496 0.012
4408809.483 0.012
4417169.080 0.012
4425524.278 0.012
4433875.068 0.012
4442221.443 0.012
4450563.394 0.012
4458900.912 0.012
4467233.990 0.012
4475562.618 0.012
4483886.790 0.012
4492206.496 0.012
4500521.729 0.012
4508832.479 0.012
4517138.739 0.011
4525440.500 0.011
4533737.755 0.011
4542030.494 0.011
4550318.710 0.011
4558602.394 0.011
4566881.539 0.011
4575156.135 0.011
4583426.175 0.011
4591691.650 0.011
4599952.553 0.011
4608208.874 0.011
4616460.606 0.011
4624707.741 0.011
4632950.269 0.011
4641188.184 0.011
4649421.477 0.011
4657650.140 0.011
4665874.164 0.011
4674093.541 0.011
4682308.263 0.011
4690518.323 0.011
4698723.711 0.011
4706924.419 0.011
4715120.440 0.011
4723311.766 0.010
4731498.387 0.010
4739680.296 0.010
4747857.485 0.010
4756029.946 0.010
4764197.670 0.010
4772360.650 0.010
4780518.877 0.010
4788672.343 0.010
4796821.040 0.010
4804964.960 0.010
4813104.095 0.010
4821238.436 0.010
4829367.976 0.010
4837492.707 0.010
4845612.620 0.010
4853727.707 0.010
4861837.960 0.010
4869943.372 0.010
4878043.934 0.010
4886139.637 0.010
4894230.475 0.010
4902316.439 0.010
4910397.520 0.010
4918473.711 0.010
4926545.004 0.010
4934611.391 0.010
4942672.863 0.010
4950729.414 0.010
4958781.033 0.010
4966827.715 0.009
4974869.450 0.009
4982906.230 0.009
4990938.048 0.009
4998964.896 0.009
5006986.766 0.009
5015003.649 0.009
5023015.537 0.009
5031022.424 0.009
5039024.300 0.009
5047021.158 0.009
5055012.989 0.009
5062999.786 0.009
5070981.542 0.009
5078958.247 0.009
5086929.894 0.009
5094896.475 0.009
5102857.982 0.009
5110814.407 0.009
5118765.743 0.009
5126711.981 0.009
5134653.113 0.009
5142589.132 0.009
5150520.030 0.009
5158445.798 0.009
5166366.429 0.009
5174281.915 0.009
5182192.248 0.009
5190097.420 0.009
5197997.423 0.009
5205892.250 0.009
5213781.893 0.009
5221666.343 0.009
5229545.593 0.009
5237419.635 0.009
5245288.461 0.009
5253152.064 0.008
5261010.435 0.008
5268863.567 0.008
5276711.451 0.008
5284554.081 0.008
5292391.448 0.008
5300223.544 0.008
5308050.362 0.008
5315871.894 0.008
5323688.132 0.008
0.0 0.0 0.0
0.0 0.0 0.0
0.0 0.0 0.0
0.0 0.0 0.0
0.0 0.0 0.0
0.0 0.0 0.0
0.0 0.0 0.0
0.0 0.0 0.0
0.0 0.0 0.0
0.0 0.0 0.0
0.0 0.0 0.0
0.0 0.0 0.0
0.0 0.0 0.0
0.0 0.0 0.0
0.0 0.0 0.0
0.0 0.0 0.0
0.0 0.0 0.0
0.0 0.0 0.0
0.0 0.0 0.0
0.0 0.0 0.0
0.0 0.0 0.0
0.0 0.0 0.0
0.0 0.0 0.0
0.0 0.0 0.0
0.0 0.0 0.0
0.0 0.0 0.0
0.0 0.0 0.0
0.0 0.0 0.0
0.0 0.0 0.0
0.0 0.0 0.0
0.0 0.0 0.0
0.0 0.0 0.0
0.0 0.0 0.0
0.0 0.0 0.0
0.0 0.0 0.0
0.0 0.0 0.0
0.0 0.0 0.0
0.0 0.0 0.0
0.0 0.0 0.0
0.0 0.0 0.0
0.0 0.0 0.0
0.0 0.0 0.0
0.0 0.0 0.0
0.0 0.0 0.0
0.0 0.0 0.0
0.0 0.0 0.0
0.0 0.0 0.0
0.0 0.0 0.0
0.0 0.0 0.0
0.0 0.0 0.0
0.0 0.0 0.0
0.0 0.0 0.0
0.0 0.0 0.0
0.0 0.0 0.0
0.0 0.0 0.0
0.0 0.0 0.0
0.0 0.0 0.0
0.0 0.0 0.0
0.0 0.0 0.0
0.0 0.0 0.0
0.0 0.0 0.0
0.0 0.0 0.0
0.0 0.0 0.0
0.0 0.0 0.0
0.0 0.0 0.0
0.0 0.0 0.0
0.0 0.0 0.0
0.0 0.0 0.0
0.0 0.0 0.0
0.0 0.0 0.0
0.0 0.0 0.0
0.0 0.0 0.0
0.0 0.0 0.0
0.0 0.0 0.0
0.0 0.0 0.0
0.0 0.0 0.0
0.0 0.0 0.0
0.0 0.0 0.0
0.0 0.0 0.0
0.0 0.0 0.0
0.0 0.0 0.0
0.0 0.0 0.0
0.0 0.0 0.0
0.0 0.0 0.0
0.0 0.0 0.0
0.0 0.0 0.0
0.0 0.0 0.0
0.0 0.0 0.0
0.0 0.0 0.0
0.0 0.0 0.0
0.0 0.0 0.0
0.0 0.0 0.0
0.0 0.0 0.0
0.0 0.0 0.0
0.0 0.0 0.0
0.0 0.0 0.0
0.0 0.0 0.0
0.0 0.0 0.0
0.0 0.0 0.0
0.0 0.0 0.0
0.0 0.0 0.0
0.0 0.0 0.0
0.0 0.0 0.0
0.0 0.0 0.0
0.0 0.0 0.0
0.0 0.0 0.0
0.0 0.0 0.0
0.0 0.0 0.0
0.0 0.0 0.0
0.0 0.0 0.0
0.0 0.0 0.0
0.0 0.0 0.0
0.0 0.0 0.0
0.0 0.0 0.0
0.0 0.0 0.0
0.0 0.0 0.0
0.0 0.0 0.0
0.0 0.0 0.0
0.0 0.0 0.0
0.0 0.0 0.0
0.0 0.0 0.0
0.0 0.0 0.0
0.0 0.0 0.0
0.0 0.0 0.0
0.0 0.0 0.0
0.0 0.0 0.0
0.0 0.0 0.0
0.0 0.0 0.0
0.0 0.0 0.0
0.0 0.0 0.0
0.0 0.0 0.0
0.0 0.0 0.0
0.0 0.0 0.0
0.0 0.0 0.0
0.0 0.0 0.0
0.0 0.0 0.0
0.0 0.0 0.0
0.0 0.0 0.0
0.0 0.0 0.0
0.0 0.0 0.0
0.0 0.0 0.0
0.0 0.0 0.0
0.0 0.0 0.0
0.0 0.0 0.0
0.0 0.0 0.0
0.0 0.0 0.0
0.0 0.0 0.0
0.0 0.0 0.0
0.0 0.0 0.0
0.0 0.0 0.0
0.0 0.0 0.0
0.0 0.0 0.0
0.0 0.0 0.0
0.0 0.0 0.0
0.0 0.0 0.0
0.0 0.0 0.0
0.0 0.0 0.0
0.0 0.0 0.0
0.0 0.0 0.0
0.0 0.0 0.0
0.0 0.0 0.0
0.0 0.0 0.0
0.0 0.0 0.0
0.0 0.0 0.0
0.0 0.0 0.0
0.0 0.0 0.0
0.0 0.0 0.0
0.0 0.0 0.0
0.0 0.0 0.0
0.0 0.0 0.0
0.0 0.0 0.0
5326517.601 0.008
5313619.303 0.008
5300715.714 0.008
5287806.847 0.008
5274892.713 0.008
5261973.327 0.008
5249048.701 0.009
5236118.848 0.009
5223183.781 0.009
5210243.513 0.009
5197298.055 0.009
5184347.423 0.009
5171391.628 0.009
5158430.683 0.009
5145464.601 0.009
5132493.395 0.009
5119517.078 0.009
5106535.664 0.009
5093549.164 0.009
5080557.592 0.009
5067560.960 0.009
5054559.282 0.009
5041552.571 0.009
5028540.840 0.009
5015524.101 0.009
5002502.367 0.009
4989475.652 0.009
4976443.968 0.009
4963407.329 0.010
4950365.747 0.010
4937319.236 0.010
4924267.808 0.010
4911211.476 0.010
4898150.254 0.010
4885084.154 0.010
4872013.190 0.010
4858937.374 0.010
4845856.719 0.010
4832771.239 0.010
4819680.946 0.010
4806585.854 0.010
4793485.976 0.010
4780381.324 0.010
4767271.912 0.010
4754157.752 0.010
4741038.859 0.010
4727915.244 0.010
4714786.921 0.011
4701653.903 0.011
4688516.204 0.011
4675373.835 0.011
4662226.811 0.011
4649075.144 0.011
4635918.848 0.011
4622757.935 0.011
4609592.419 0.011
4596422.312 0.011
4583247.629 0.011
4570068.381 0.011
4556884.583 0.011
4543696.247 0.011
4530503.386 0.011
4517306.014 0.011
4504104.144 0.012
4490897.788 0.012
4477686.960 0.012
4464471.674 0.012
4451251.942 0.012
4438027.777 0.012
4424799.193 0.012
4411566.203 0.012
4398328.820 0.012
4385087.057 0.012
4371840.927 0.012
4358590.444 0.012
4345335.621 0.012
4332076.470 0.012
4318813.006 0.013
4305545.241 0.013
4292273.189 0.013
4278996.863 0.013
4265716.275 0.013
4252431.440 0.013
4239142.371 0.013
4225849.080 0.013
4212551.581 0.013
4199249.887 0.013
4185944.012 0.013
4172633.968 0.013
4159319.770 0.014
4146001.429 0.014
4132678.960 0.014
4119352.376 0.014
4106021.690 0.014
4092686.915 0.014
4079348.065 0.014
4066005.152 0.014
4052658.191 0.014
4039307.194 0.014
4025952.175 0.014
4012593.147 0.015
3999230.123 0.015
3985863.117 0.015
3972492.142 0.015
3959117.211 0.015
3945738.338 0.015
3932355.536 0.015
3918968.818 0.015
3905578.197 0.015
3892183.688 0.015
3878785.303 0.016
3865383.055 0.016
3851976.958 0.016
3838567.026 0.016
3825153.271 0.016
3811735.707 0.016
3798314.348 0.016
3784889.206 0.016
3771460.296 0.016
3758027.630 0.017
3744591.222 0.017
3731151.085 0.017
3717707.232 0.017
3704259.678 0.017
3690808.435 0.017
3677353.517 0.017
3663894.937 0.017
3650432.709 0.018
3636966.846 0.018
3623497.361 0.018
3610024.268 0.018
3596547.581 0.018
3583067.311 0.018
3569583.475 0.018
3556096.083 0.018
3542605.151 0.019
3529110.691 0.019
3515612.717 0.019
3502111.242 0.019
3488606.280 0.019
3475097.844 0.019
3461585.947 0.019
3448070.604 0.020
3434551.827 0.020
3421029.631 0.020
3407504.027 0.020
3393975.031 0.020
3380442.655 0.020
3366906.913 0.021
3353367.818 0.021
3339825.385 0.021
3326279.625 0.021
3312730.554 0.021
3299178.183 0.021
3285622.528 0.022
3272063.601 0.022
3258501.416 0.022
3244935.986 0.022
3231367.325 0.022
3217795.446 0.022
3204220.363 0.023
3190642.089 0.023
3177060.639 0.023
3163476.024 0.023
3149888.260 0.023
3136297.360 0.024
3122703.336 0.024
3109106.203 0.024
3095505.974 0.024
3081902.662 0.024
3068296.282 0.025
3054686.847 0.025
3041074.370 0.025
3027458.864 0.025
3013840.344 0.026
3000218.824 0.026
2986594.315 0.026
2972966.833 0.026
2959336.390 0.027
2945703.001 0.027
2932066.679 0.027
2918427.437 0.027
2904785.288 0.028
2891140.248 0.028
2877492.329 0.028
2863841.544 0.028
2850187.908 0.029
2836531.434 0.029
2822872.135 0.029
2809210.025 0.029
2795545.118 0.030
2781877.428 0.030
2768206.968 0.030
2754533.751 0.031
2740857.791 0.031
2727179.102 0.031
2713497.698 0.031
2699813.591 0.032
2686126.797 0.032
2672437.327 0.032
2658745.197 0.033
2645050.419 0.033
2631353.008 0.033
2617652.976 0.034
2603950.338 0.034
2590245.107 0.034
2576537.297 0.035
2562826.921 0.035
2549113.993 0.036
2535398.527 0.036
2521680.537 0.036
2507960.036 0.037
2494237.037 0.037
2480511.555 0.038
2466783.603 0.038
2453053.194 0.038
2439320.343 0.039
2425585.063 0.039
2411847.368 0.040
2398107.272 0.040
2384364.787 0.041
2370619.929 0.041
2356872.710 0.041
2343123.144 0.042
2329371.245 0.042
2315617.026 0.043
2301860.502 0.043
2288101.686 0.044
2274340.591 0.044
2260577.232 0.045
2246811.622 0.046
2233043.775 0.046
2219273.704 0.047
2205501.424 0.047
2191726.947 0.048
2177950.288 0.048
2164171.461 0.049
2150390.478 0.050
2136607.355 0.050
2122822.104 0.051
2109034.739 0.052
2095245.274 0.052
2081453.723 0.053
2067660.099 0.054
2053864.417 0.054
2040066.690 0.055
2026266.931 0.056
2012465.154 0.056
1998661.374 0.057
1984855.604 0.058
1971047.857 0.059
1957238.148 0.060
1943426.490 0.060
1929612.897 0.061
1915797.382 0.062
1901979.960 0.063
1888160.644 0.064
1874339.448 0.065
1860516.386 0.066
1846691.471 0.067
1832864.717 0.068
1819036.139 0.069
1805205.749 0.070
1791373.562 0.071
1777539.591 0.072
1763703.850 0.073
1749866.353 0.074
1736027.114 0.075
1722186.146 0.076
1708343.463 0.077
1694499.079 0.079
1680653.008 0.080
1666805.264 0.081
1652955.860 0.082
1639104.810 0.084
1625252.128 0.085
1611397.828 0.087
1597541.924 0.088
1583684.428 0.089
1569825.356 0.091
1555964.721 0.093
1542102.536 0.094
1528238.816 0.096
1514373.575 0.097
1500506.825 0.099
1486638.582 0.101
1472768.858 0.103
1458897.668 0.105
1445025.025 0.106
1431150.943 0.108
1417275.437 0.110
1403398.519 0.112
1389520.204 0.115
1375640.505 0.117
1361759.437 0.119
1347877.012 0.121
1333993.246 0.124
1320108.151 0.126
1306221.742 0.129
1292334.033 0.131
1278445.036 0.134
1264554.767 0.137
1250663.239 0.139
1236770.465 0.142
1222876.460 0.145
1208981.237 0.148
1195084.811 0.152
1181187.194 0.155
1167288.402 0.158
1153388.447 0.162
1139487.344 0.165
1125585.106 0.169
1111681.748 0.173
1097777.283 0.177
1083871.724 0.181
1069965.087 0.185
1056057.384 0.190
1042148.629 0.194
1028238.837 0.199
1014328.022 0.204
1000416.196 0.209
986503.374 0.214
972589.570 0.219
958674.797 0.225
944759.070 0.231
930842.403 0.237
916924.808 0.243
903006.301 0.250
889086.894 0.256
875166.602 0.263
861245.439 0.271
847323.418 0.278
833400.554 0.286
819476.860 0.294
805552.350 0.302
791627.038 0.311
777700.937 0.320
763774.063 0.330
749846.427 0.340
735918.046 0.350
721988.931 0.361
708059.098 0.372
694128.559 0.384
680197.330 0.396
666265.423 0.408
652332.853 0.421
638399.634 0.435
624465.778 0.449
610531.301 0.464
596596.217 0.479
582660.538 0.495
568724.279 0.512
554787.453 0.529
540850.076 0.547
526912.160 0.566
512973.719 0.585
499034.767 0.605
485095.319 0.625
471155.388 0.646
457214.987 0.668
443274.131 0.690
429332.834 0.712
415391.110 0.735
401448.972 0.758
387506.434 0.781
373563.510 0.805
359620.215 0.827
345676.561 0.850
331732.563 0.872
317788.235 0.892
303843.590 0.912
289898.643 0.930
275953.408 0.946
262007.897 0.960
248062.126 0.971
234116.108 0.981
220169.856 0.988
206223.386 0.993
192276.710 0.996
178329.842 0.998
164382.798 0.999
150435.589 1.000
136488.231 1.000
122540.736 1.000
108593.120 1.000
94645.396 1.000
80697.577 1.000
66749.678 1.000
52801.713 1.000
38853.695 1.000
24905.638 1.000
10957.557 1.000
2990.536 1.000
16938.625 1.000
30886.698 1.000
44834.740 1.000
58782.737 1.000
72730.675 1.000
86678.542 1.000
100626.322 1.000
114574.001 1.000
128521.567 1.000
142469.005 1.000
156416.300 1.000
170363.441 0.999
184310.411 0.998
198257.198 0.995
212203.788 0.991
226150.166 0.985
240096.319 0.977
254042.233 0.967
267987.894 0.954
281933.289 0.939
295878.402 0.922
309823.221 0.904
323767.732 0.883
337711.920 0.862
351655.772 0.840
365599.274 0.818
379542.412 0.795
393485.172 0.771
407427.540 0.748
421369.503 0.725
435311.046 0.703
449252.156 0.680
463192.818 0.658
477133.019 0.637
491072.745 0.616
505011.983 0.596
518950.717 0.577
532888.935 0.558
546826.622 0.539
560763.765 0.522
574700.349 0.505
588636.362 0.489
602571.788 0.473
616506.614 0.458
630440.827 0.443
644374.412 0.429
658307.355 0.416
672239.643 0.403
686171.261 0.391
700102.197 0.379
714032.435 0.367
727961.963 0.356
741890.765 0.346
755818.829 0.336
769746.141 0.326
783672.686 0.316
797598.451 0.307
811523.422 0.299
825447.585 0.291
839370.926 0.283
853293.431 0.275
867215.087 0.267
881135.880 0.260
895055.795 0.253
908974.819 0.247
922892.938 0.240
936810.138 0.234
950726.406 0.228
964641.727 0.223
978556.087 0.217
992469.474 0.212
1006381.872 0.207
1020293.268 0.202
1034203.649 0.197
1048112.999 0.192
1062021.307 0.188
1075928.557 0.183
1089834.735 0.179
1103739.829 0.175
1117643.824 0.171
1131546.706 0.167
1145448.462 0.164
1159349.077 0.160
1173248.538 0.157
1187146.831 0.153
1201043.942 0.150
1214939.857 0.147
1228834.562 0.144
1242728.045 0.141
1256620.289 0.138
1270511.283 0.135
1284401.012 0.133
1298289.462 0.130
1312176.620 0.127
1326062.471 0.125
1339947.002 0.123
1353830.199 0.120
1367712.048 0.118
1381592.536 0.116
1395471.648 0.114
1409349.370 0.112
1423225.690 0.110
1437100.593 0.108
1450974.064 0.106
1464846.092 0.104
1478716.660 0.102
1492585.757 0.100
1506453.368 0.098
1520319.479 0.097
1534184.076 0.095
1548047.146 0.093
1561908.675 0.092
1575768.648 0.090
1589627.053 0.089
1603483.875 0.087
1617339.101 0.086
1631192.717 0.085
1645044.709 0.083
1658895.063 0.082
1672743.765 0.081
1686590.802 0.079
1700436.160 0.078
1714279.825 0.077
1728121.783 0.076
1741962.021 0.075
1755800.525 0.073
1769637.280 0.072
1783472.274 0.071
1797305.492 0.070
1811136.921 0.069
1824966.547 0.068
1838794.356 0.067
1852620.334 0.066
1866444.468 0.065
1880266.744 0.064
1894087.147 0.063
1907905.665 0.063
1921722.284 0.062
1935536.989 0.061
1949349.768 0.060
1963160.606 0.059
1976969.489 0.058
1990776.404 0.058
2004581.337 0.057
2018384.274 0.056
2032185.202 0.055
2045984.107 0.055
2059780.975 0.054
2073575.793 0.053
2087368.546 0.053
2101159.220 0.052
2114947.804 0.051
2128734.281 0.051
2142518.639 0.050
2156300.864 0.049
2170080.943 0.049
2183858.861 0.048
2197634.605 0.048
2211408.161 0.047
2225179.515 0.046
2238948.655 0.046
2252715.565 0.045
2266480.232 0.045
2280242.643 0.044
2294002.784 0.044
2307760.642 0.043
2321516.201 0.043
2335269.450 0.042
2349020.374 0.042
2362768.959 0.041
2376515.192 0.041
2390259.059 0.040
2404000.546 0.040
2417739.640 0.039
2431476.327 0.039
2445210.594 0.039
2458942.426 0.038
2472671.810 0.038
2486398.732 0.037
2500123.179 0.037
2513845.138 0.037
2527564.593 0.036
2541281.533 0.036
2554995.942 0.035
2568707.808 0.035
2582417.116 0.035
2596123.854 0.034
2609828.007 0.034
2623529.562 0.034
2637228.505 0.033
2650924.822 0.033
2664618.501 0.033
2678309.527 0.032
2691997.886 0.032
2705683.566 0.032
2719366.551 0.031
2733046.830 0.031
2746724.388 0.031
2760399.211 0.030
2774071.287 0.030
2787740.600 0.030
2801407.139 0.030
2815070.888 0.029
2828731.835 0.029
2842389.966 0.029
2856045.267 0.028
2869697.725 0.028
2883347.327 0.028
2896994.057 0.028
2910637.904 0.027
2924278.853 0.027
2937916.891 0.027
2951552.004 0.027
2965184.179 0.026
2978813.402 0.026
2992439.659 0.026
3006062.938 0.026
3019683.223 0.025
3033300.503 0.025
3046914.763 0.025
3060525.990 0.025
3074134.169 0.025
3087739.289 0.024
3101341.335 0.024
3114940.293 0.024
3128536.150 0.024
3142128.893 0.024
3155718.507 0.023
3169304.981 0.023
3182888.299 0.023
3196468.448 0.023
3210045.415 0.023
3223619.187 0.022
3237189.750 0.022
3250757.089 0.022
3264321.193 0.022
3277882.047 0.022
3291439.638 0.021
3304993.952 0.021
3318544.977 0.021
3332092.697 0.021
3345637.100 0.021
3359178.173 0.021
3372715.902 0.020
3386250.273 0.020
3399781.273 0.020
3413308.889 0.020
3426833.107 0.020
3440353.913 0.020
3453871.294 0.020
3467385.237 0.019
3480895.729 0.019
3494402.755 0.019
3507906.302 0.019
3521406.357 0.019
3534902.907 0.019
3548395.938 0.019
3561885.436 0.018
3575371.389 0.018
3588853.782 0.018
3602332.602 0.018
3615807.837 0.018
3629279.472 0.018
3642747.494 0.018
3656211.890 0.017
3669672.646 0.017
3683129.748 0.017
3696583.185 0.017
3710032.941 0.017
3723479.004 0.017
3736921.361 0.017
3750359.997 0.017
3763794.900 0.016
3777226.056 0.016
3790653.452 0.016
3804077.075 0.016
3817496.910 0.016
3830912.945 0.016
3844325.167 0.016
3857733.562 0.016
3871138.116 0.016
3884538.817 0.015
3897935.651 0.015
3911328.604 0.015
3924717.664 0.015
3938102.817 0.015
3951484.049 0.015
3964861.348 0.015
3978234.700 0.015
3991604.092 0.015
4004969.510 0.015
4018330.942 0.014
4031688.373 0.014
4045041.791 0.014
4058391.182 0.014
4071736.533 0.014
4085077.830 0.014
4098415.062 0.014
4111748.213 0.014
4125077.271 0.014
4138402.223 0.014
4151723.055 0.014
4165039.754 0.013
4178352.307 0.013
4191660.701 0.013
4204964.922 0.013
4218264.957 0.013
4231560.793 0.013
4244852.416 0.013
4258139.814 0.013
4271422.973 0.013
4284701.881 0.013
4297976.522 0.013
4311246.886 0.013
4324512.957 0.013
4337774.724 0.012
4351032.173 0.012
4364285.290 0.012
4377534.063 0.012
4390778.479 0.012
4404018.523 0.012
4417254.184 0.012
4430485.447 0.012
4443712.300 0.012
4456934.729 0.012
4470152.722 0.012
4483366.265 0.012
4496575.345 0.012
4509779.948 0.012
4522980.063 0.011
4536175.675 0.011
4549366.772 0.011
4562553.339 0.011
4575735.366 0.011
4588912.837 0.011
4602085.740 0.011
4615254.062 0.011
4628417.790 0.011
4641576.910 0.011
4654731.410 0.011
4667881.277 0.011
4681026.496 0.011
4694167.056 0.011
4707302.944 0.011
4720434.145 0.011
4733560.648 0.010
4746682.438 0.010
4759799.504 0.010
4772911.831 0.010
4786019.408 0.010
4799122.220 0.010
4812220.255 0.010
4825313.499 0.010
4838401.941 0.010
4851485.566 0.010
4864564.361 0.010
4877638.314 0.010
4890707.412 0.010
4903771.642 0.010
4916830.990 0.010
4929885.444 0.010
4942934.990 0.010
4955979.616 0.010
4969019.309 0.009
4982054.055 0.009
4995083.842 0.009
5008108.657 0.009
5021128.487 0.009
5034143.318 0.009
5047153.138 0.009
5060157.935 0.009
5073157.694 0.009
5086152.403 0.009
5099142.049 0.009
5112126.620 0.009
5125106.102 0.009
5138080.482 0.009
5151049.747 0.009
5164013.886 0.009
5176972.883 0.009
5189926.728 0.009
5202875.406 0.009
5215818.905 0.009
5228757.213 0.009
5241690.315 0.009
5254618.200 0.008
5267540.854 0.008
5280458.265 0.008
5293370.420 0.008
5306277.306 0.008
5319178.909 0.008
5332075.218 0.008
0.0 0.0 0.0
0.0 0.0 0.0
0.0 0.0 0.0
0.0 0.0 0.0
0.0 0.0 0.0
0.0 0.0 0.0
0.0 0.0 0.0
0.0 0.0 0.0
0.0 0.0 0.0
0.0 0.0 0.0
0.0 0.0 0.0
0.0 0.0 0.0
0.0 0.0 0.0
0.0 0.0 0.0
0.0 0.0 0.0
0.0 0.0 0.0
0.0 0.0 0.0
0.0 0.0 0.0
0.0 0.0 0.0
0.0 0.0 0.0
0.0 0.0 0.0
0.0 0.0 0.0
0.0 0.0 0.0
0.0 0.0 0.0
0.0 0.0 0.0
0.0 0.0 0.0
0.0 0.0 0.0
0.0 0.0 0.0
0.0 0.0 0.0
0.0 0.0 0.0
0.0 0.0 0.0
0.0 0.0 0.0
0.0 0.0 0.0
0.0 0.0 0.0
0.0 0.0 0.0
0.0 0.0 0.0
0.0 0.0 0.0
0.0 0.0 0.0
0.0 0.0 0.0
0.0 0.0 0.0
0.0 0.0 0.0
0.0 0.0 0.0
0.0 0.0 0.0
0.0 0.0 0.0
0.0 0.0 0.0
0.0 0.0 0.0
0.0 0.0 0.0
0.0 0.0 0.0
0.0 0.0 0.0
0.0 0.0 0.0
0.0 0.0 0.0
0.0 0.0 0.0
0.0 0.0 0.0
0.0 0.0 0.0
0.0 0.0 0.0
0.0 0.0 0.0
0.0 0.0 0.0
0.0 0.0 0.0
0.0 0.0 0.0
0.0 0.0 0.0
0.0 0.0 0.0
0.0 0.0 0.0
0.0 0.0 0.0
0.0 0.0 0.0
0.0 0.0 0.0
0.0 0.0 0.0
0.0 0.0 0.0
0.0 0.0 0.0
0.0 0.0 0.0
0.0 0.0 0.0
0.0 0.0 0.0
0.0 0.0 0.0
0.0 0.0 0.0
0.0 0.0 0.0
0.0 0.0 0.0
0.0 0.0 0.0
0.0 0.0 0.0
0.0 0.0 0.0
0.0 0.0 0.0
0.0 0.0 0.0
0.0 0.0 0.0
0.0 0.0 0.0
0.0 0.0 0.0
0.0 0.0 0.0
0.0 0.0 0.0
0.0 0.0 0.0
0.0 0.0 0.0
0.0 0.0 0.0
0.0 0.0 0.0
0.0 0.0 0.0
0.0 0.0 0.0
0.0 0.0 0.0
0.0 0.0 0.0
0.0 0.0 0.0
0.0 0.0 0.0
0.0 0.0 0.0
0.0 0.0 0.0
0.0 0.0 0.0
0.0 0.0 0.0
0.0 0.0 0.0
0.0 0.0 0.0
0.0 0.0 0.0
0.0 0.0 0.0
0.0 0.0 0.0
0.0 0.0 0.0
0.0 0.0 0.0
0.0 0.0 0.0
0.0 0.0 0.0
0.0 0.0 0.0
0.0 0.0 0.0
0.0 0.0 0.0
0.0 0.0 0.0
0.0 0.0 0.0
0.0 0.0 0.0
0.0 0.0 0.0
0.0 0.0 0.0
0.0 0.0 0.0
0.0 0.0 0.0
0.0 0.0 0.0
0.0 0.0 0.0
0.0 0.0 0.0
0.0 0.0 0.0
0.0 0.0 0.0
0.0 0.0 0.0
0.0 0.0 0.0
0.0 0.0 0.0
0.0 0.0 0.0
0.0 0.0 0.0
0.0 0.0 0.0
0.0 0.0 0.0
0.0 0.0 0.0
0.0 0.0 0.0
0.0 0.0 0.0
0.0 0.0 0.0
0.0 0.0 0.0
0.0 0.0 0.0
0.0 0.0 0.0
0.0 0.0 0.0
0.0 0.0 0.0
0.0 0.0 0.0
0.0 0.0 0.0
0.0 0.0 0.0
0.0 0.0 0.0
0.0 0.0 0.0
0.0 0.0 0.0
0.0 0.0 0.0
0.0 0.0 0.0
0.0 0.0 0.0
0.0 0.0 0.0
0.0 0.0 0.0
0.0 0.0 0.0
0.0 0.0 0.0
0.0 0.0 0.0
0.0 0.0 0.0
0.0 0.0 0.0
0.0 0.0 0.0
0.0 0.0 0.0
0.0 0.0 0.0
0.0 0.0 0.0
0.0 0.0 0.0
0.0 0.0 0.0
0.0 0.0 0.0
0.0 0.0 0.0
0.0 0.0 0.0
0.0 0.0 0.0
0.0 0.0 0.0
0.0 0.0 0.0
0.0 0.0 0.0
0.0 0.0 0.0
0.0 0.0 0.0
0.0 0.0 0.0
0.0 0.0 0.0
0.0 0.0 0.0
0.0 0.0 0.0
0.0 0.0 0.0
0.0 0.0 0.0
0.0 0.0 0.0
0.0 0.0 0.0
0.0 0.0 0.0
0.0 0.0 0.0
0.0 0.0 0.0
0.0 0.0 0.0
0.0 0.0 0.0
0.0 0.0 0.0
0.0 0.0 0.0
0.0 0.0 0.0
0.0 0.0 0.0
0.0 0.0 0.0
0.0 0.0 0.0
0.0 0.0 0.0
0.0 0.0 0.0
0.0 0.0 0.0
0.0 0.0 0.0
0.0 0.0 0.0
0.0 0.0 0.0
0.0 0.0 0.0
0.0 0.0 0.0
0.0 0.0 0.0
0.0 0.0 0.0
0.0 0.0 0.0
0.0 0.0 0.0
0.0 0.0 0.0
0.0 0.0 0.0
0.0 0.0 0.0
0.0 0.0 0.0
0.0 0.0 0.0
0.0 0.0 0.0
0.0 0.0 0.0
0.0 0.0 0.0
0.0 0.0 0.0
0.0 0.0 0.0
0.0 0.0 0.0
0.0 0.0 0.0
0.0 0.0 0.0
0.0 0.0 0.0
0.0 0.0 0.0
0.0 0.0 0.0
0.0 0.0 0.0
0.0 0.0 0.0
0.0 0.0 0.0
0.0 0.0 0.0
0.0 0.0 0.0
0.0 0.0 0.0
0.0 0.0 0.0
0.0 0.0 0.0
0.0 0.0 0.0
0.0 0.0 0.0
0.0 0.0 0.0
0.0 0.0 0.0
0.0 0.0 0.0
0.0 0.0 0.0
0.0 0.0 0.0
0.0 0.0 0.0
0.0 0.0 0.0
0.0 0.0 0.0
0.0 0.0 0.0
0.0 0.0 0.0
0.0 0.0 0.0
0.0 0.0 0.0
0.0 0.0 0.0
0.0 0.0 0.0
0.0 0.0 0.0
0.0 0.0 0.0
0.0 0.0 0.0
0.0 0.0 0.0
0.0 0.0 0.0
0.0 0.0 0.0
0.0 0.0 0.0
0.0 0.0 0.0
0.0 0.0 0.0
0.0 0.0 0.0
0.0 0.0 0.0
0.0 0.0 0.0
0.0 0.0 0.0
0.0 0.0 0.0
0.0 0.0 0.0
0.0 0.0 0.0
0.0 0.0 0.0
0.0 0.0 0.0
0.0 0.0 0.0
0.0 0.0 0.0
0.0 0.0 0.0
0.0 0.0 0.0
0.0 0.0 0.0
0.0 0.0 0.0
0.0 0.0 0.0
0.0 0.0 0.0
0.0 0.0 0.0
0.0 0.0 0.0
0.0 0.0 0.0
0.0 0.0 0.0
0.0 0.0 0.0
0.0 0.0 0.0
0.0 0.0 0.0
0.0 0.0 0.0
0.0 0.0 0.0
0.0 0.0 0.0
0.0 0.0 0.0
0.0 0.0 0.0
0.0 0.0 0.0
0.0 0.0 0.0
0.0 0.0 0.0
0.0 0.0 0.0
0.0 0.0 0.0
0.0 0.0 0.0
0.0 0.0 0.0
0.0 0.0 0.0
0.0 0.0 0.0
0.0 0.0 0.0
0.0 0.0 0.0
0.0 0.0 0.0
0.0 0.0 0.0
0.0 0.0 0.0
0.0 0.0 0.0
0.0 0.0 0.0
0.0 0.0 0.0
0.0 0.0 0.0
0.0 0.0 0.0
0.0 0.0 0.0
0.0 0.0 0.0
0.0 0.0 0.0
20.023 2117576.821 0.065665322
20.126 2112271.661 0.065768307
20.229 2106976.106 0.065872703
20.332 2101690.235 0.065978507
20.436 2096414.126 0.066085716
20.540 2091147.860 0.066194329
20.644 2085891.518 0.066304341
20.749 2080645.181 0.066415750
20.854 2075408.931 0.066528554
20.959 2070182.850 0.066642749
21.064 2064967.022 0.066758332
21.170 2059761.532 0.066875301
21.275 2054566.463 0.066993653
21.382 2049381.900 0.067113384
21.488 2044207.931 0.067234493
21.595 2039044.641 0.067356975
21.702 2033892.119 0.067480828
21.809 2028750.452 0.067606049
21.916 2023619.728 0.067732635
22.024 2018500.038 0.067860582
22.132 2013391.472 0.067989888
22.240 2008294.120 0.068120550
22.349 2003208.074 0.068252563
22.458 1998133.426 0.068385924
22.567 1993070.270 0.068520631
22.676 1988018.699 0.068656679
22.786 1982978.808 0.068794066
22.896 1977950.692 0.068932787
23.006 1972934.446 0.069072838
23.116 1967930.168 0.069214217
23.227 1962937.955 0.069356918
23.338 1957957.905 0.069500939
23.449 1952990.117 0.069646274
23.560 1948034.691 0.069792920
23.672 1943091.727 0.069940872
23.784 1938161.326 0.070090126
23.896 1933243.590 0.070240678
24.008 1928338.623 0.070392522
24.121 1923446.527 0.070545654
24.234 1918567.406 0.070700069
24.347 1913701.367 0.070855762
24.461 1908848.514 0.071012728
24.574 1904008.954 0.071170961
24.688 1899182.794 0.071330456
24.803 1894370.143 0.071491207
24.917 1889571.110 0.071653208
25.032 1884785.804 0.071816454
25.146 1880014.336 0.071980938
25.262 1875256.816 0.072146655
25.377 1870513.358 0.072313596
25.492 1865784.074 0.072481757
25.608 1861069.078 0.072651129
25.724 1856368.484 0.072821707
25.841 1851682.407 0.072993482
25.957 1847010.964 0.073166447
26.074 1842354.271 0.073340595
26.191 1837712.447 0.073515917
26.308 1833085.609 0.073692406
26.425 1828473.877 0.073870053
26.542 1823877.371 0.074048850
26.660 1819296.212 0.074228787
26.778 1814730.521 0.074409857
26.896 1810180.422 0.074592049
27.015 1805646.037 0.074775354
27.133 1801127.490 0.074959763
27.252 1796624.907 0.075145265
27.371 1792138.414 0.075331849
27.490 1787668.136 0.075519507
27.609 1783214.200 0.075708225
27.728 1778776.737 0.075897995
27.848 1774355.873 0.076088803
27.967 1769951.738 0.076280638
28.087 1765564.465 0.076473489
28.207 1761194.182 0.076667343
28.327 1756841.023 0.076862188
28.448 1752505.121 0.077058010
28.568 1748186.609 0.077254796
28.689 1743885.621 0.077452533
28.809 1739602.293 0.077651207
28.930 1735336.760 0.077850804
29.051 1731089.160 0.078051308
29.172 1726859.629 0.078252706
29.293 1722648.307 0.078454982
29.414 1718455.331 0.078658120
29.536 1714280.842 0.078862104
29.657 1710124.981 0.079066919
29.779 1705987.887 0.079272547
29.900 1701869.704 0.079478971
30.022 1697770.573 0.079686175
30.144 1693690.639 0.079894139
30.265 1689630.045 0.080102847
30.387 1685588.936 0.080312279
30.509 1681567.457 0.080522416
30.631 1677565.754 0.080733239
30.753 1673583.975 0.080944729
30.874 1669622.266 0.081156865
30.996 1665680.776 0.081369626
31.118 1661759.653 0.081582992
31.240 1657859.046 0.081796941
31.362 1653979.106 0.082011452
31.484 1650119.984 0.082226501
31.606 1646281.829 0.082442067
31.727 1642464.795 0.082658127
31.849 1638669.032 0.082874656
31.971 1634894.695 0.083091631
32.092 1631141.937 0.083309028
32.214 1627410.910 0.083526821
32.335 1623701.771 0.083744986
32.457 1620014.673 0.083963496
32.578 1616349.772 0.084182327
32.699 1612707.225 0.084401450
32.820 1609087.187 0.084620839
32.941 1605489.815 0.084840467
33.061 1601915.266 0.085060305
33.182 1598363.698 0.085280326
33.302 1594835.268 0.085500500
33.422 1591330.136 0.085720799
33.542 1587848.460 0.085941192
33.662 1584390.399 0.086161649
33.781 1580956.111 0.086382141
33.901 1577545.757 0.086602635
34.020 1574159.497 0.086823101
34.138 1570797.490 0.087043506
34.257 1567459.897 0.087263818
34.375 1564146.879 0.087484005
34.493 1560858.595 0.087704034
34.610 1557595.207 0.087923870
34.728 1554356.876 0.088143480
34.844 1551143.763 0.088362829
34.961 1547956.028 0.088581882
35.077 1544793.834 0.088800605
35.193 1541657.340 0.089018961
35.308 1538546.710 0.089236914
35.423 1535462.102 0.089454429
35.538 1532403.680 0.089671468
35.652 1529371.603 0.089887994
35.766 1526366.032 0.090103969
35.879 1523387.129 0.090319356
35.991 1520435.053 0.090534116
36.104 1517509.966 0.090748211
36.215 1514612.027 0.090961601
36.326 1511741.397 0.091174248
36.437 1508898.234 0.091386111
36.547 1506082.698 0.091597151
36.656 1503294.948 0.091807328
36.765 1500535.143 0.092016601
36.873 1497803.440 0.092224929
36.981 1495099.997 0.092432272
37.087 1492424.972 0.092638587
37.194 1489778.520 0.092843834
37.299 1487160.798 0.093047970
37.404 1484571.961 0.093250955
37.508 1482012.165 0.093452745
37.611 1479481.562 0.093653298
37.714 1476980.308 0.093852572
37.816 1474508.553 0.094050524
37.916 1472066.451 0.094247111
38.017 1469654.152 0.094442290
38.116 1467271.806 0.094636019
38.214 1464919.564 0.094828254
38.312 1462597.572 0.095018953
38.409 1460305.980 0.095208071
38.504 1458044.932 0.095395565
38.599 1455814.575 0.095581393
38.693 1453615.053 0.095765511
38.786 1451446.508 0.095947875
38.878 1449309.084 0.096128443
38.969 1447202.921 0.096307172
39.059 1445128.158 0.096484018
39.147 1443084.934 0.096658938
39.235 1441073.386 0.096831889
39.322 1439093.650 0.097002830
39.407 1437145.859 0.097171716
39.492 1435230.146 0.097338507
39.575 1433346.643 0.097503159
39.657 1431495.480 0.097665631
39.738 1429676.785 0.097825881
39.818 1427890.684 0.097983868
39.897 1426137.303 0.098139551
39.974 1424416.765 0.098292889
40.050 1422729.192 0.098443841
40.125 1421074.703 0.098592367
40.198 1419453.416 0.098738428
40.271 1417865.449 0.098881985
40.342 1416310.915 0.099022998
40.411 1414789.926 0.099161429
40.479 1413302.595 0.099297240
40.546 1411849.028 0.099430394
40.612 1410429.333 0.099560855
40.676 1409043.615 0.099688584
40.738 1407691.975 0.099813548
40.799 1406374.514 0.099935710
40.859 1405091.331 0.100055035
40.917 1403842.520 0.100171491
40.974 1402628.178 0.100285044
41.029 1401448.393 0.100395660
41.083 1400303.257 0.100503309
41.135 1399192.856 0.100607959
41.185 1398117.274 0.100709579
41.235 1397076.594 0.100808139
41.282 1396070.896 0.100903612
41.328 1395100.257 0.100995968
41.372 1394164.751 0.101085180
41.415 1393264.452 0.101171222
41.456 1392399.429 0.101254068
41.495 1391569.750 0.101333693
41.533 1390775.480 0.101410074
41.569 1390016.680 0.101483187
41.603 1389293.410 0.101553011
41.636 1388605.727 0.101619524
41.667 1387953.686 0.101682706
41.696 1387337.338 0.101742538
41.724 1386756.732 0.101799001
41.750 1386211.914 0.101852079
41.774 1385702.928 0.101901755
41.796 1385229.814 0.101948014
41.817 1384792.610 0.101990841
41.836 1384391.352 0.102030224
41.853 1384026.071 0.102066151
41.868 1383696.798 0.102098610
41.882 1383403.559 0.102127591
41.894 1383146.378 0.102153086
41.904 1382925.275 0.102175086
41.912 1382740.270 0.102193585
41.919 1382591.377 0.102208577
41.924 1382478.609 0.102220058
41.927 1382401.976 0.102228023
41.928 1382361.484 0.102232472
41.927 1382357.137 0.102233401
41.925 1382388.936 0.102230812
41.921 1382456.880 0.102224705
41.915 1382560.963 0.102215082
41.907 1382701.178 0.102201946
41.898 1382877.515 0.102185302
41.887 1383089.959 0.102165154
41.874 1383338.496 0.102141509
41.859 1383623.105 0.102114375
41.842 1383943.765 0.102083759
41.824 1384300.451 0.102049673
41.804 1384693.135 0.102012125
41.782 1385121.788 0.101971129
41.759 1385586.376 0.101926697
41.733 1386086.862 0.101878842
41.706 1386623.209 0.101827580
41.678 1387195.374 0.101772926
41.647 1387803.314 0.101714898
41.615 1388446.981 0.101653513
41.581 1389126.326 0.101588790
41.546 1389841.296 0.101520750
41.508 1390591.836 0.101449412
41.470 1391377.888 0.101374798
41.429 1392199.393 0.101296932
41.387 1393056.286 0.101215836
41.343 1393948.503 0.101131536
41.298 1394875.976 0.101044056
41.251 1395838.633 0.100953423
41.202 1396836.402 0.100859664
41.152 1397869.207 0.100762807
41.101 1398936.970 0.100662880
41.047 1400039.610 0.100559913
40.992 1401177.045 0.100453937
40.936 1402349.189 0.100344981
40.878 1403555.955 0.100233078
40.819 1404797.253 0.100118261
40.758 1406072.990 0.100000562
40.696 1407383.073 0.099880015
40.632 1408727.404 0.099756654
40.567 1410105.885 0.099630515
40.501 1411518.415 0.099501633
40.433 1412964.891 0.099370045
40.364 1414445.207 0.099235786
40.293 1415959.258 0.099098895
40.221 1417506.933 0.098959409
40.148 1419088.121 0.098817366
40.073 1420702.711 0.098672806
39.997 1422350.586 0.098525767
39.920 1424031.630 0.098376289
39.842 1425745.724 0.098224412
39.762 1427492.749 0.098070176
39.681 1429272.582 0.097913622
39.599 1431085.099 0.097754791
39.516 1432930.176 0.097593725
39.432 1434807.684 0.097430464
39.346 1436717.496 0.097265051
39.259 1438659.482 0.097097529
39.172 1440633.510 0.096927938
39.083 1442639.446 0.096756323
38.993 1444677.157 0.096582725
38.902 1446746.506 0.096407188
38.810 1448847.357 0.096229754
38.717 1450979.570 0.096050466
38.623 1453143.007 0.095869368
38.528 1455337.525 0.095686504
38.433 1457562.984 0.095501915
38.336 1459819.239 0.095315646
38.238 1462106.146 0.095127740
38.140 1464423.561 0.094938241
38.040 1466771.335 0.094747191
37.940 1469149.323 0.094554634
37.839 1471557.374 0.094360613
37.737 1473995.341 0.094165171
37.634 1476463.073 0.093968352
37.530 1478960.418 0.093770198
37.426 1481487.225 0.093570752
37.321 1484043.341 0.093370056
37.215 1486628.614 0.093168154
37.109 1489242.888 0.092965087
37.002 1491886.009 0.092760898
36.894 1494557.822 0.092555628
36.785 1497258.172 0.092349319
36.676 1499986.900 0.092142013
36.567 1502743.851 0.091933750
36.456 1505528.868 0.091724573
36.345 1508341.791 0.091514521
36.234 1511182.464 0.091303635
36.122 1514050.727 0.091091955
36.009 1516946.421 0.090879520
35.896 1519869.387 0.090666371
35.783 1522819.465 0.090452547
35.668 1525796.496 0.090238085
35.554 1528800.319 0.090023026
35.439 1531830.774 0.089807407
35.323 1534887.700 0.089591265
35.208 1537970.938 0.089374639
35.091 1541080.326 0.089157564
34.975 1544215.704 0.088940079
34.858 1547376.910 0.088722219
34.740 1550563.785 0.088504020
34.622 1553776.166 0.088285518
34.504 1557013.894 0.088066747
34.386 1560276.808 0.087847743
34.267 1563564.747 0.087628539
34.148 1566877.550 0.087409170
34.029 1570215.057 0.087189669
33.909 1573577.109 0.086970069
33.789 1576963.543 0.086750402
33.669 1580374.202 0.086530700
33.549 1583808.926 0.086310996
33.428 1587267.554 0.086091321
33.307 1590749.928 0.085871705
33.186 1594255.889 0.085652178
33.065 1597785.279 0.085432772
32.944 1601337.939 0.085213514
32.822 1604913.712 0.084994435
32.701 1608512.439 0.084775563
32.579 1612133.965 0.084556926
32.457 1615778.132 0.084338552
32.335 1619444.785 0.084120467
32.213 1623133.766 0.083902700
32.091 1626844.922 0.083685276
31.968 1630578.096 0.083468221
31.846 1634333.136 0.083251561
31.724 1638109.886 0.083035321
31.601 1641908.193 0.082819525
31.479 1645727.906 0.082604198
31.356 1649568.870 0.082389364
31.233 1653430.936 0.082175046
31.111 1657313.950 0.081961266
30.988 1661217.764 0.081748047
30.865 1665142.227 0.081535412
30.743 1669087.189 0.081323382
30.620 1673052.502 0.081111978
30.497 1677038.017 0.080901222
30.375 1681043.588 0.080691133
30.252 1685069.068 0.080481731
30.130 1689114.309 0.080273037
30.007 1693179.167 0.080065068
29.885 1697263.497 0.079857846
29.762 1701367.155 0.079651387
29.640 1705489.998 0.079445709
29.518 1709631.882 0.079240831
29.396 1713792.665 0.079036770
29.274 1717972.207 0.078833542
29.152 1722170.367 0.078631165
29.030 1726387.004 0.078429653
28.908 1730621.980 0.078229025
28.787 1734875.157 0.078029293
28.665 1739146.396 0.077830475
28.544 1743435.561 0.077632585
28.422 1747742.516 0.077435636
28.301 1752067.126 0.077239644
28.180 1756409.255 0.077044622
28.059 1760768.770 0.076850583
27.939 1765145.539 0.076657542
27.818 1769539.428 0.076465509
27.698 1773950.306 0.076274499
27.578 1778378.043 0.076084523
27.458 1782822.509 0.075895594
27.338 1787283.574 0.075707722
27.218 1791761.111 0.075520920
27.099 1796254.991 0.075335198
26.979 1800765.089 0.075150567
26.860 1805291.277 0.074967038
26.741 1809833.432 0.074784621
26.622 1814391.428 0.074603327
26.504 1818965.142 0.074423163
26.385 1823554.451 0.074244142
26.267 1828159.234 0.074066270
26.149 1832779.369 0.073889558
26.032 1837414.737 0.073714015
25.914 1842065.216 0.073539649
25.797 1846730.690 0.073366467
25.680 1851411.039 0.073194480
25.563 1856106.147 0.073023693
25.446 1860815.897 0.072854116
25.330 1865540.174 0.072685755
25.214 1870278.864 0.072518617
25.098 1875031.851 0.072352711
24.982 1879799.024 0.072188043
24.866 1884580.269 0.072024619
24.751 1889375.475 0.071862446
24.636 1894184.532 0.071701530
24.521 1899007.330 0.071541879
24.407 1903843.759 0.071383497
24.293 1908693.710 0.071226391
24.179 1913557.077 0.071070566
24.065 1918433.753 0.070916028
23.951 1923323.631 0.070762783
23.838 1928226.606 0.070610836
23.725 1933142.574 0.070460191
23.612 1938071.430 0.070310855
23.500 1943013.073 0.070162831
23.388 1947967.399 0.070016126
23.276 1952934.308 0.069870742
23.164 1957913.699 0.069726686
23.052 1962905.471 0.069583961
22.941 1967909.525 0.069442573
22.830 1972925.764 0.069302524
22.720 1977954.089 0.069163820
22.609 1982994.404 0.069026464
22.499 1988046.612 0.068890460
22.389 1993110.618 0.068755813
22.280 1998186.327 0.068622526
22.170 2003273.645 0.068490604
22.061 2008372.479 0.068360049
21.952 2013482.736 0.068230865
21.844 2018604.324 0.068103056
21.736 2023737.153 0.067976626
21.628 2028881.131 0.067851578
21.520 2034036.170 0.067727915
21.412 2039202.180 0.067605641
21.305 2044379.072 0.067484759
21.198 2049566.760 0.067365273
21.092 2054765.155 0.067247186
20.985 2059974.173 0.067130501
20.879 2065193.727 0.067015221
20.773 2070423.732 0.066901349
20.668 2075664.105 0.066788890
20.563 2080914.761 0.066677845
20.458 2086175.617 0.066568219
20.353 2091446.592 0.066460013
20.248 2096727.604 0.066353233
20.144 2102018.572 0.066247880
20.040 2107319.416 0.066143958
