20.115 2103389.011 0.066224013
20.237 2097170.438 0.066347812
20.360 2090956.801 0.066473761
20.483 2084748.149 0.066601865
20.607 2078544.535 0.066732132
20.731 2072346.010 0.066864568
20.856 2066152.626 0.066999180
20.982 2059964.437 0.067135974
21.108 2053781.497 0.067274958
21.235 2047603.859 0.067416140
21.362 2041431.579 0.067559527
21.490 2035264.711 0.067705127
21.618 2029103.313 0.067852947
21.747 2022947.441 0.068002997
21.877 2016797.151 0.068155285
22.007 2010652.502 0.068309819
22.138 2004513.553 0.068466608
22.269 1998380.362 0.068625662
22.401 1992252.990 0.068786989
22.534 1986131.496 0.068950599
22.668 1980015.943 0.069116501
22.802 1973906.391 0.069284706
22.936 1967802.904 0.069455223
23.072 1961705.544 0.069628062
23.207 1955614.376 0.069803235
23.344 1949529.464 0.069980750
23.481 1943450.874 0.070160620
23.619 1937378.671 0.070342854
23.758 1931312.923 0.070527465
23.897 1925253.697 0.070714462
24.037 1919201.061 0.070903858
24.178 1913155.085 0.071095664
24.319 1907115.838 0.071289891
24.462 1901083.391 0.071486552
24.604 1895057.816 0.071685659
24.748 1889039.184 0.071887223
24.892 1883027.569 0.072091257
25.037 1877023.046 0.072297773
25.183 1871025.687 0.072506784
25.330 1865035.570 0.072718303
25.477 1859052.771 0.072932342
25.625 1853077.367 0.073148914
25.774 1847109.436 0.073368033
25.923 1841149.057 0.073589712
26.074 1835196.311 0.073813964
26.225 1829251.278 0.074040802
26.377 1823314.041 0.074270240
26.529 1817384.682 0.074502292
26.683 1811463.285 0.074736972
26.837 1805549.934 0.074974293
26.992 1799644.716 0.075214270
27.148 1793747.717 0.075456916
27.305 1787859.024 0.075702246
27.462 1781978.727 0.075950273
27.621 1776106.916 0.076201013
27.780 1770243.680 0.076454479
27.940 1764389.113 0.076710687
28.101 1758543.306 0.076969649
28.263 1752706.354 0.077231382
28.426 1746878.351 0.077495900
28.590 1741059.395 0.077763217
28.754 1735249.582 0.078033348
28.920 1729449.011 0.078306307
29.086 1723657.781 0.078582110
29.254 1717875.993 0.078860771
29.422 1712103.750 0.079142305
29.591 1706341.153 0.079426727
29.761 1700588.308 0.079714051
29.932 1694845.319 0.080004292
30.104 1689112.294 0.080297465
30.277 1683389.341 0.080593584
30.451 1677676.568 0.080892664
30.626 1671974.087 0.081194720
30.802 1666282.010 0.081499766
30.979 1660600.448 0.081807816
31.157 1654929.517 0.082118885
31.336 1649269.333 0.082432987
31.516 1643620.013 0.082750137
31.697 1637981.675 0.083070347
31.879 1632354.438 0.083393633
32.062 1626738.426 0.083720007
32.246 1621133.759 0.084049484
32.432 1615540.563 0.084382077
32.618 1609958.962 0.084717798
32.805 1604389.084 0.085056662
32.994 1598831.058 0.085398682
33.183 1593285.013 0.085743868
33.374 1587751.081 0.086092235
33.566 1582229.395 0.086443795
33.759 1576720.090 0.086798558
33.953 1571223.301 0.087156538
34.148 1565739.167 0.087517744
34.345 1560267.827 0.087882189
34.542 1554809.422 0.088249883
34.741 1549364.094 0.088620836
34.941 1543931.988 0.088995058
35.142 1538513.249 0.089372559
35.345 1533108.026 0.089753348
35.548 1527716.467 0.090137434
35.753 1522338.724 0.090524826
35.959 1516974.949 0.090915530
36.167 1511625.296 0.091309554
36.375 1506289.922 0.091706906
36.585 1500968.985 0.092107592
36.796 1495662.645 0.092511616
37.008 1490371.063 0.092918986
37.222 1485094.403 0.093329705
37.437 1479832.830 0.093743777
37.653 1474586.512 0.094161206
37.871 1469355.616 0.094581995
38.090 1464140.315 0.095006144
38.310 1458940.781 0.095433656
38.532 1453757.188 0.095864532
38.755 1448589.714 0.096298770
38.980 1443438.538 0.096736370
39.205 1438303.839 0.097177330
39.433 1433185.800 0.097621647
39.661 1428084.607 0.098069317
39.891 1423000.445 0.098520336
40.123 1417933.504 0.098974698
40.356 1412883.974 0.099432397
40.590 1407852.048 0.099893425
40.826 1402837.920 0.100357773
41.063 1397841.788 0.100825431
41.302 1392863.851 0.101296390
41.542 1387904.309 0.101770635
41.784 1382963.367 0.102248156
42.027 1378041.229 0.102728936
42.272 1373138.102 0.103212960
42.518 1368254.198 0.103700211
42.766 1363389.726 0.104190671
43.016 1358544.902 0.104684320
43.267 1353719.941 0.105181136
43.519 1348915.061 0.105681098
43.773 1344130.484 0.106184180
44.029 1339366.432 0.106690357
44.286 1334623.130 0.107199602
44.545 1329900.805 0.107711886
44.806 1325199.685 0.108227178
45.068 1320520.004 0.108745446
45.332 1315861.994 0.109266656
45.598 1311225.891 0.109790773
45.865 1306611.934 0.110317757
46.134 1302020.363 0.110847571
46.404 1297451.420 0.111380172
46.676 1292905.351 0.111915518
46.950 1288382.402 0.112453562
47.226 1283882.822 0.112994258
47.503 1279406.863 0.113537556
47.782 1274954.779 0.114083404
48.063 1270526.824 0.114631749
48.346 1266123.258 0.115182534
48.630 1261744.339 0.115735702
48.916 1257390.331 0.116291191
49.204 1253061.497 0.116848940
49.493 1248758.104 0.117408883
49.785 1244480.421 0.117970952
50.078 1240228.718 0.118535077
50.373 1236003.267 0.119101186
50.669 1231804.343 0.119669204
50.968 1227632.224 0.120239053
51.268 1223487.187 0.120810654
51.571 1219369.513 0.121383923
51.875 1215279.485 0.121958775
52.180 1211217.387 0.122535121
52.488 1207183.505 0.123112872
52.797 1203178.128 0.123691934
53.109 1199201.545 0.124272210
53.422 1195254.048 0.124853601
53.737 1191335.931 0.125436006
54.054 1187447.487 0.126019320
54.373 1183589.015 0.126603435
54.693 1179760.811 0.127188241
55.016 1175963.176 0.127773625
55.340 1172196.411 0.128359470
55.666 1168460.818 0.128945658
55.994 1164756.701 0.129532067
56.324 1161084.366 0.130118571
56.656 1157444.118 0.130705044
56.990 1153836.265 0.131291355
57.325 1150261.117 0.131877369
57.663 1146718.981 0.132462951
58.002 1143210.170 0.133047962
58.343 1139734.995 0.133632260
58.686 1136293.767 0.134215699
59.031 1132886.800 0.134798132
59.378 1129514.408 0.135379408
59.726 1126176.904 0.135959375
60.077 1122874.604 0.136537876
60.429 1119607.821 0.137114753
60.783 1116376.872 0.137689845
61.139 1113182.072 0.138262987
61.497 1110023.736 0.138834014
61.856 1106902.179 0.139402758
62.218 1103817.718 0.139969046
62.581 1100770.667 0.140532705
62.946 1097761.340 0.141093560
63.312 1094790.052 0.141651433
63.681 1091857.117 0.142206144
64.051 1088962.847 0.142757511
64.423 1086107.556 0.143305351
64.796 1083291.552 0.143849477
65.171 1080515.148 0.144389702
65.548 1077778.652 0.144925837
65.927 1075082.371 0.145457692
66.307 1072426.611 0.145985075
66.689 1069811.678 0.146507793
67.072 1067237.874 0.147025652
67.458 1064705.499 0.147538457
67.844 1062214.853 0.148046011
68.232 1059766.232 0.148548118
68.622 1057359.931 0.149044581
69.013 1054996.243 0.149535202
69.405 1052675.455 0.150019782
69.799 1050397.856 0.150498125
70.195 1048163.729 0.150970032
70.591 1045973.355 0.151435306
70.989 1043827.012 0.151893748
71.389 1041724.973 0.152345163
71.789 1039667.510 0.152789355
72.191 1037654.890 0.153226127
72.593 1035687.376 0.153655287
72.997 1033765.229 0.154076643
73.402 1031888.702 0.154490002
73.808 1030058.049 0.154895175
74.215 1028273.515 0.155291975
74.623 1026535.342 0.155680217
75.031 1024843.770 0.156059717
75.441 1023199.029 0.156430295
75.851 1021601.348 0.156791772
76.261 1020050.950 0.157143973
76.672 1018548.052 0.157486727
77.083 1017092.866 0.157819864
77.495 1015685.599 0.158143218
77.907 1014326.451 0.158456628
78.318 1013015.618 0.158759936
78.730 1011753.288 0.159052987
79.141 1010539.645 0.159335632
79.552 1009374.865 0.159607725
79.962 1008259.119 0.159869126
80.371 1007192.570 0.160119697
80.779 1006175.377 0.160359307
81.185 1005207.689 0.160587830
81.590 1004289.651 0.160805145
81.992 1003421.400 0.161011136
82.391 1002603.066 0.161205693
82.786 1001834.773 0.161388711
83.177 1001116.635 0.161560090
83.563 1000448.762 0.161719739
83.942 999831.255 0.161867570
84.313 999264.207 0.162003503
84.674 998747.706 0.162127462
85.023 998281.829 0.162239379
85.357 997866.649 0.162339194
85.673 997502.229 0.162426851
85.966 997188.624 0.162502300
86.230 996925.883 0.162565501
86.459 996714.046 0.162616418
86.645 996553.145 0.162655022
86.782 996443.206 0.162681293
86.862 996384.245 0.162695214
86.882 996376.271 0.162696779
86.840 996419.285 0.162685987
86.738 996513.280 0.162662843
86.582 996658.242 0.162627359
86.379 996854.147 0.162579556
86.137 997100.967 0.162519461
85.862 997398.661 0.162447105
85.560 997747.185 0.162362530
85.237 998146.484 0.162265781
84.897 998596.496 0.162156912
84.544 999097.154 0.162035983
84.179 999648.379 0.161903061
83.805 1000250.088 0.161758217
83.423 1000902.189 0.161601531
83.036 1001604.582 0.161433088
82.643 1002357.160 0.161252979
82.247 1003159.810 0.161061301
81.847 1004012.410 0.160858157
81.444 1004914.833 0.160643657
81.039 1005866.943 0.160417914
80.633 1006868.597 0.160181047
80.225 1007919.648 0.159933183
79.815 1009019.938 0.159674449
79.405 1010169.307 0.159404983
78.995 1011367.584 0.159124922
78.584 1012614.596 0.158834412
78.172 1013910.160 0.158533602
77.761 1015254.089 0.158222643
77.349 1016646.190 0.157901692
76.938 1018086.264 0.157570912
76.528 1019574.105 0.157230466
76.117 1021109.502 0.156880521
75.707 1022692.241 0.156521250
75.298 1024322.099 0.156152827
74.889 1025998.849 0.155775428
74.482 1027722.261 0.155389234
74.075 1029492.098 0.154994428
73.669 1031308.119 0.154591193
73.264 1033170.079 0.154179718
72.859 1035077.726 0.153760190
72.456 1037030.806 0.153332801
72.055 1039029.062 0.152897742
71.654 1041072.231 0.152455208
71.254 1043160.046 0.152005392
70.856 1045292.238 0.151548491
70.459 1047468.532 0.151084701
70.063 1049688.652 0.150614218
69.669 1051952.319 0.150137242
69.276 1054259.248 0.149653969
68.885 1056609.154 0.149164597
68.495 1059001.748 0.148669325
68.106 1061436.738 0.148168351
67.720 1063913.831 0.147661871
67.334 1066432.731 0.147150082
66.950 1068993.138 0.146633181
66.568 1071594.753 0.146111363
66.187 1074237.273 0.145584823
65.808 1076920.393 0.145053754
65.431 1079643.809 0.144518347
65.055 1082407.212 0.143978795
64.681 1085210.295 0.143435285
64.309 1088052.747 0.142888007
63.938 1090934.257 0.142337146
63.569 1093854.513 0.141782887
63.202 1096813.203 0.141225411
62.837 1099810.013 0.140664900
62.473 1102844.628 0.140101532
62.112 1105916.735 0.139535484
61.752 1109026.017 0.138966928
61.393 1112172.160 0.138396038
61.037 1115354.848 0.137822982
60.682 1118573.766 0.137247927
60.330 1121828.597 0.136671039
59.979 1125119.028 0.136092478
59.630 1128444.741 0.135512404
59.282 1131805.424 0.134930974
58.937 1135200.760 0.134348342
58.594 1138630.437 0.133764659
58.252 1142094.141 0.133180073
57.912 1145591.560 0.132594730
57.574 1149122.382 0.132008773
57.238 1152686.295 0.131422342
56.904 1156282.990 0.130835574
56.571 1159912.158 0.130248604
56.241 1163573.491 0.129661562
55.912 1167266.682 0.129074578
55.586 1170991.425 0.128487777
55.261 1174747.417 0.127901281
54.938 1178534.353 0.127315211
54.617 1182351.933 0.126729683
54.297 1186199.856 0.126144812
53.980 1190077.824 0.125560709
53.664 1193985.540 0.124977481
53.351 1197922.707 0.124395235
53.039 1201889.033 0.123814073
52.729 1205884.224 0.123234095
52.421 1209907.991 0.122655397
52.114 1213960.045 0.122078076
51.810 1218040.099 0.121502220
51.507 1222147.868 0.120927921
51.206 1226283.069 0.120355263
50.907 1230445.421 0.119784330
50.610 1234634.643 0.119215204
50.315 1238850.460 0.118647962
50.021 1243092.596 0.118082679
49.729 1247360.777 0.117519431
49.439 1251654.732 0.116958286
49.151 1255974.193 0.116399313
48.864 1260318.891 0.115842578
48.579 1264688.563 0.115288145
48.296 1269082.944 0.114736075
48.015 1273501.775 0.114186426
47.736 1277944.797 0.113639255
47.458 1282411.754 0.113094616
47.182 1286902.391 0.112552562
46.907 1291416.456 0.112013143
46.635 1295953.699 0.111476407
46.364 1300513.873 0.110942399
46.094 1305096.732 0.110411164
45.827 1309702.033 0.109882743
45.561 1314329.536 0.109357177
45.296 1318979.000 0.108834503
45.034 1323650.190 0.108314758
44.773 1328342.870 0.107797977
44.513 1333056.810 0.107284192
44.255 1337791.778 0.106773434
43.999 1342547.548 0.106265732
43.744 1347323.893 0.105761115
43.491 1352120.590 0.105259609
43.240 1356937.418 0.104761238
42.990 1361774.158 0.104266024
42.742 1366630.594 0.103773991
42.495 1371506.510 0.103285157
42.250 1376401.694 0.102799542
42.006 1381315.935 0.102317163
41.764 1386249.027 0.101838036
41.523 1391200.762 0.101362176
41.284 1396170.936 0.100889596
41.046 1401159.349 0.100420310
40.810 1406165.800 0.099954327
40.575 1411190.092 0.099491659
40.342 1416232.029 0.099032314
40.110 1421291.418 0.098576299
39.880 1426368.068 0.098123622
39.651 1431461.789 0.097674289
39.423 1436572.394 0.097228304
39.197 1441699.698 0.096785672
38.972 1446843.518 0.096346394
38.749 1452003.671 0.095910475
38.527 1457179.980 0.095477913
38.306 1462372.267 0.095048711
38.087 1467580.356 0.094622868
37.869 1472804.075 0.094200383
37.652 1478043.250 0.093781253
37.436 1483297.714 0.093365477
37.222 1488567.298 0.092953051
37.010 1493851.836 0.092543972
36.798 1499151.164 0.092138234
36.588 1504465.121 0.091735832
36.379 1509793.545 0.091336762
36.171 1515136.279 0.090941016
35.965 1520493.165 0.090548588
35.760 1525864.049 0.090159471
35.556 1531248.777 0.089773657
35.353 1536647.197 0.089391137
35.152 1542059.161 0.089011903
34.951 1547484.519 0.088635946
34.752 1552923.126 0.088263256
34.554 1558374.836 0.087893823
34.358 1563839.508 0.087527637
34.162 1569316.998 0.087164687
33.968 1574807.168 0.086804962
33.774 1580309.879 0.086448452
33.582 1585824.994 0.086095144
33.391 1591352.379 0.085745026
33.201 1596891.899 0.085398086
33.012 1602443.424 0.085054312
32.825 1608006.822 0.084713692
32.638 1613581.964 0.084376211
32.453 1619168.723 0.084041858
32.268 1624766.973 0.083710619
32.085 1630376.590 0.083382480
31.902 1635997.450 0.083057428
31.721 1641629.431 0.082735449
31.541 1647272.414 0.082416529
31.361 1652926.279 0.082100654
31.183 1658590.909 0.081787810
31.006 1664266.187 0.081477983
30.830 1669951.999 0.081171158
30.655 1675648.232 0.080867320
30.480 1681354.772 0.080566455
30.307 1687071.509 0.080268549
30.135 1692798.334 0.079973587
29.963 1698535.138 0.079681554
29.793 1704281.815 0.079392435
29.624 1710038.257 0.079106215
29.455 1715804.361 0.078822881
29.288 1721580.022 0.078542416
29.121 1727365.140 0.078264806
28.955 1733159.612 0.077990036
28.790 1738963.339 0.077718092
28.626 1744776.222 0.077448958
28.463 1750598.164 0.077182620
28.301 1756429.067 0.076919063
28.140 1762268.837 0.076658272
27.980 1768117.379 0.076400232
27.820 1773974.600 0.076144930
27.661 1779840.408 0.075892350
27.503 1785714.711 0.075642477
27.346 1791597.420 0.075395298
27.190 1797488.446 0.075150798
27.035 1803387.700 0.074908963
26.880 1809295.097 0.074669778
26.727 1815210.548 0.074433230
26.574 1821133.970 0.074199304
26.422 1827065.279 0.073967986
26.270 1833004.391 0.073739263
26.120 1838951.225 0.073513121
25.970 1844905.699 0.073289545
25.821 1850867.732 0.073068524
25.673 1856837.245 0.072850042
25.525 1862814.161 0.072634088
25.379 1868798.401 0.072420647
25.233 1874789.888 0.072209707
25.088 1880788.547 0.072001255
24.943 1886794.302 0.071795278
24.799 1892807.080 0.071591763
24.656 1898826.807 0.071390699
24.514 1904853.410 0.071192072
24.372 1910886.819 0.070995870
24.231 1916926.961 0.070802082
24.091 1922973.767 0.070610695
23.952 1929027.168 0.070421699
23.813 1935087.094 0.070235080
23.675 1941153.479 0.070050828
23.537 1947226.255 0.069868931
23.401 1953305.356 0.069689379
23.264 1959390.715 0.069512160
23.129 1965482.270 0.069337264
22.994 1971579.954 0.069164680
22.860 1977683.706 0.068994398
22.726 1983793.461 0.068826407
22.593 1989909.158 0.068660698
22.461 1996030.737 0.068497260
22.330 2002158.135 0.068336084
22.199 2008291.293 0.068177160
22.068 2014430.152 0.068020479
21.938 2020574.653 0.067866032
21.809 2026724.737 0.067713810
21.681 2032880.348 0.067563804
21.553 2039041.429 0.067416005
21.425 2045207.923 0.067270406
21.298 2051379.774 0.067126997
21.172 2057556.929 0.066985772
21.047 2063739.331 0.066846722
20.922 2069926.928 0.066709840
20.797 2076119.667 0.066575118
20.673 2082317.494 0.066442549
20.550 2088520.357 0.066312127
20.427 2094728.205 0.066183844
20.305 2100940.986 0.066057694
20.183 2107158.651 0.065933671
20.062 2113381.150 0.065811769
1097840.470 0.177
1088458.814 0.180
1079076.076 0.182
1069692.264 0.185
1060307.388 0.188
1050921.458 0.191
1041534.482 0.194
1032146.470 0.198
1022757.431 0.201
1013367.375 0.204
1003976.311 0.207
994584.249 0.211
985191.197 0.214
975797.165 0.218
966402.162 0.222
957006.198 0.226
947609.282 0.230
938211.424 0.234
928812.633 0.238
919412.917 0.242
910012.287 0.246
900610.752 0.251
891208.321 0.255
881805.003 0.260
872400.808 0.265
862995.746 0.270
853589.825 0.275
844183.055 0.280
834775.445 0.285
825367.005 0.291
815957.744 0.296
806547.671 0.302
797136.796 0.308
787725.129 0.314
778312.677 0.320
768899.452 0.326
759485.461 0.333
750070.715 0.340
740655.223 0.347
731238.994 0.354
721822.038 0.361
712404.364 0.369
702985.982 0.376
693566.900 0.384
684147.128 0.392
674726.675 0.401
665305.552 0.409
655883.766 0.418
646461.329 0.427
637038.248 0.436
627614.533 0.446
618190.195 0.456
608765.241 0.466
599339.682 0.476
589913.527 0.487
580486.784 0.498
571059.465 0.509
561631.577 0.521
552203.131 0.533
542774.136 0.545
533344.600 0.557
523914.534 0.570
514483.947 0.583
505052.848 0.596
495621.247 0.610
486189.153 0.623
476756.575 0.638
467323.523 0.652
457890.006 0.667
448456.034 0.681
439021.616 0.697
429586.760 0.712
420151.478 0.727
410715.778 0.743
401279.669 0.758
391843.161 0.774
382406.263 0.790
372968.985 0.805
363531.336 0.821
354093.325 0.836
344654.962 0.851
335216.256 0.866
325777.217 0.880
316337.853 0.894
306898.176 0.908
297458.192 0.920
288017.913 0.932
278577.348 0.943
269136.505 0.953
259695.394 0.962
250254.026 0.970
240812.408 0.977
231370.551 0.982
221928.464 0.987
212486.155 0.991
203043.636 0.994
193600.915 0.996
184158.001 0.998
4787846.012 0.010
4780842.946 0.010
4773836.472 0.010
4766826.603 0.010
4759813.350 0.010
4752796.727 0.010
4745776.748 0.010
4738753.425 0.010
4731726.771 0.010
4724696.800 0.010
4717663.525 0.011
4710626.958 0.011
4703587.114 0.011
4696544.005 0.011
4689497.646 0.011
4682448.049 0.011
4675395.227 0.011
4668339.195 0.011
4661279.966 0.011
4654217.554 0.011
4647151.972 0.011
4640083.233 0.011
4633011.352 0.011
4625936.343 0.011
4618858.219 0.011
4611776.994 0.011
4604692.682 0.011
4597605.298 0.011
4590514.854 0.011
4583421.366 0.011
4576324.847 0.011
4569225.311 0.011
4562122.773 0.011
4555017.247 0.011
4547908.748 0.011
4540797.289 0.011
4533682.885 0.011
4526565.551 0.011
4519445.301 0.011
4512322.150 0.011
4505196.113 0.012
4498067.203 0.012
4490935.437 0.012
4483800.828 0.012
4476663.391 0.012
4469523.143 0.012
4462380.096 0.012
4455234.267 0.012
4448085.671 0.012
4440934.322 0.012
4433780.237 0.012
4426623.429 0.012
4419463.916 0.012
4412301.711 0.012
4405136.830 0.012
4397969.289 0.012
4390799.104 0.012
4383626.289 0.012
4376450.862 0.012
4369272.837 0.012
4362092.230 0.012
4354909.057 0.012
4347723.334 0.012
4340535.078 0.012
4333344.303 0.012
4326151.027 0.012
4318955.265 0.013
4311757.034 0.013
4304556.350 0.013
4297353.229 0.013
4290147.688 0.013
4282939.744 0.013
4275729.412 0.013
4268516.711 0.013
4261301.655 0.013
4254084.263 0.013
4246864.551 0.013
4239642.536 0.013
4232418.235 0.013
4225191.665 0.013
4217962.844 0.013
4210731.788 0.013
4203498.515 0.013
4196263.042 0.013
4189025.387 0.013
4181785.567 0.013
4174543.600 0.013
4167299.503 0.013
4160053.295 0.014
4152804.993 0.014
4145554.615 0.014
4138302.180 0.014
4131047.704 0.014
4123791.207 0.014
4116532.707 0.014
4109272.222 0.014
4102009.770 0.014
4094745.370 0.014
4087479.040 0.014
4080210.800 0.014
4072940.667 0.014
4065668.662 0.014
4058394.802 0.014
4051119.107 0.014
4043841.596 0.014
4036562.289 0.014
4029281.203 0.014
4021998.360 0.014
4014713.777 0.014
4007427.476 0.015
4000139.475 0.015
3992849.795 0.015
3985558.455 0.015
3978265.475 0.015
3970970.875 0.015
3963674.675 0.015
3956376.897 0.015
3949077.559 0.015
3941776.683 0.015
3934474.289 0.015
3927170.397 0.015
3919865.029 0.015
3912558.206 0.015
3905249.947 0.015
3897940.276 0.015
3890629.211 0.015
3883316.776 0.015
3876002.991 0.016
3868687.878 0.016
3861371.459 0.016
3854053.755 0.016
3846734.788 0.016
3839414.580 0.016
3832093.153 0.016
3824770.530 0.016
3817446.733 0.016
3810121.784 0.016
3802795.705 0.016
3795468.520 0.016
3788140.252 0.016
3780810.922 0.016
3773480.555 0.016
3766149.174 0.016
3758816.801 0.017
3751483.461 0.017
3744149.176 0.017
3736813.971 0.017
3729477.870 0.017
3722140.896 0.017
3714803.073 0.017
3707464.426 0.017
3700124.979 0.017
3692784.757 0.017
3685443.784 0.017
3678102.085 0.017
3670759.685 0.017
3663416.610 0.017
3656072.883 0.017
3648728.532 0.018
3641383.580 0.018
3634038.055 0.018
3626691.981 0.018
3619345.385 0.018
3611998.293 0.018
3604650.731 0.018
3597302.726 0.018
3589954.304 0.018
3582605.492 0.018
3575256.317 0.018
3567906.805 0.018
3560556.985 0.018
3553206.884 0.018
3545856.529 0.019
3538505.948 0.019
3531155.168 0.019
3523804.219 0.019
3516453.128 0.019
3509101.924 0.019
3501750.635 0.019
3494399.290 0.019
3487047.919 0.019
3479696.550 0.019
3472345.212 0.019
3464993.936 0.019
3457642.751 0.019
3450291.686 0.020
3442940.773 0.020
3435590.041 0.020
3428239.520 0.020
3420889.243 0.020
3413539.238 0.020
3406189.538 0.020
3398840.174 0.020
3391491.178 0.020
3384142.580 0.020
3376794.414 0.020
3369446.711 0.021
3362099.503 0.021
3354752.824 0.021
3347406.705 0.021
3340061.180 0.021
3332716.283 0.021
3325372.046 0.021
3318028.504 0.021
3310685.690 0.021
3303343.639 0.021
3296002.384 0.021
3288661.961 0.022
3281322.405 0.022
3273983.750 0.022
3266646.032 0.022
3259309.286 0.022
3251973.549 0.022
3244638.857 0.022
3237305.245 0.022
3229972.752 0.022
3222641.412 0.022
3215311.264 0.023
3207982.346 0.023
3200654.694 0.023
3193328.347 0.023
3186003.343 0.023
3178679.720 0.023
3171357.518 0.023
3164036.775 0.023
3156717.531 0.023
3149399.826 0.023
3142083.699 0.024
3134769.191 0.024
3127456.342 0.024
3120145.194 0.024
3112835.786 0.024
3105528.162 0.024
3098222.362 0.024
3090918.429 0.024
3083616.405 0.024
3076316.332 0.025
3069018.255 0.025
3061722.216 0.025
3054428.260 0.025
3047136.429 0.025
3039846.770 0.025
3032559.325 0.025
3025274.141 0.025
3017991.263 0.026
3010710.737 0.026
3003432.609 0.026
2996156.925 0.026
2988883.732 0.026
2981613.078 0.026
2974345.011 0.026
2967079.578 0.026
2959816.827 0.027
2952556.809 0.027
2945299.570 0.027
2938045.163 0.027
2930793.635 0.027
2923545.039 0.027
2916299.423 0.027
2909056.841 0.027
2901817.343 0.028
2894580.981 0.028
2887347.808 0.028
2880117.877 0.028
2872891.241 0.028
2865667.954 0.028
2858448.071 0.028
2851231.645 0.029
2844018.732 0.029
2836809.388 0.029
2829603.668 0.029
2822401.630 0.029
2815203.330 0.029
2808008.826 0.029
2800818.175 0.030
2793631.437 0.030
2786448.670 0.030
2779269.934 0.030
2772095.288 0.030
2764924.793 0.030
2757758.511 0.030
2750596.502 0.031
2743438.829 0.031
2736285.554 0.031
2729136.742 0.031
2721992.454 0.031
2714852.756 0.031
2707717.712 0.032
2700587.388 0.032
2693461.850 0.032
2686341.164 0.032
2679225.397 0.032
2672114.618 0.032
2665008.894 0.033
2657908.294 0.033
2650812.889 0.033
2643722.747 0.033
2636637.941 0.033
2629558.540 0.033
2622484.618 0.034
2615416.248 0.034
2608353.501 0.034
2601296.453 0.034
2594245.178 0.034
2587199.752 0.035
2580160.251 0.035
2573126.751 0.035
2566099.329 0.035
2559078.065 0.035
2552063.036 0.035
2545054.323 0.036
2538052.005 0.036
2531056.165 0.036
2524066.883 0.036
2517084.242 0.036
2510108.325 0.037
2503139.217 0.037
2496177.003 0.037
2489221.768 0.037
2482273.598 0.037
2475332.581 0.038
2468398.805 0.038
2461472.359 0.038
2454553.332 0.038
2447641.815 0.039
2440737.900 0.039
2433841.679 0.039
2426953.244 0.039
2420072.691 0.039
2413200.113 0.040
2406335.607 0.040
2399479.269 0.040
2392631.197 0.040
2385791.490 0.040
2378960.247 0.041
2372137.568 0.041
2365323.555 0.041
2358518.310 0.041
2351721.936 0.042
2344934.538 0.042
2338156.221 0.042
2331387.091 0.042
2324627.256 0.043
2317876.824 0.043
2311135.904 0.043
2304404.607 0.043
2297683.044 0.044
2290971.328 0.044
2284269.572 0.044
2277577.892 0.044
2270896.402 0.045
2264225.219 0.045
2257564.463 0.045
2250914.252 0.045
2244274.706 0.046
2237645.947 0.046
2231028.097 0.046
2224421.280 0.046
2217825.622 0.047
2211241.248 0.047
2204668.286 0.047
2198106.864 0.048
2191557.113 0.048
2185019.164 0.048
2178493.148 0.048
2171979.200 0.049
2165477.454 0.049
2158988.048 0.049
2152511.117 0.050
2146046.801 0.050
2139595.241 0.050
2133156.578 0.050
2126730.954 0.051
2120318.514 0.051
2113919.404 0.051
2107533.770 0.052
2101161.761 0.052
2094803.526 0.052
2088459.218 0.052
2082128.988 0.053
2075812.991 0.053
2069511.382 0.053
2063224.319 0.054
2056951.959 0.054
2050694.463 0.054
2044451.992 0.055
2038224.709 0.055
2032012.779 0.055
2025816.368 0.056
2019635.644 0.056
2013470.775 0.056
2007321.932 0.057
2001189.288 0.057
1995073.016 0.057
1988973.293 0.058
1982890.294 0.058
1976824.200 0.058
1970775.189 0.059
1964743.445 0.059
1958729.151 0.059
1952732.491 0.060
1946753.654 0.060
1940792.827 0.061
1934850.200 0.061
1928925.967 0.061
1923020.320 0.062
1917133.455 0.062
1911265.569 0.062
1905416.861 0.063
1899587.531 0.063
1893777.781 0.063
1887987.816 0.064
1882217.841 0.064
1876468.064 0.065
1870738.694 0.065
1865029.941 0.065
1859342.020 0.066
1853675.143 0.066
1848029.527 0.067
1842405.391 0.067
1836802.954 0.067
1831222.438 0.068
1825664.066 0.068
1820128.062 0.069
1814614.655 0.069
1809124.073 0.069
1803656.545 0.070
1798212.304 0.070
1792791.585 0.071
1787394.622 0.071
1782021.653 0.071
1776672.917 0.072
1771348.656 0.072
1766049.111 0.073
1760774.528 0.073
1755525.152 0.073
1750301.231 0.074
1745103.014 0.074
1739930.753 0.075
1734784.700 0.075
1729665.111 0.076
1724572.240 0.076
1719506.346 0.076
1714467.689 0.077
1709456.529 0.077
1704473.128 0.078
1699517.752 0.078
1694590.665 0.079
1689692.134 0.079
1684822.429 0.079
1679981.820 0.080
1675170.577 0.080
1670388.975 0.081
1665637.286 0.081
1660915.788 0.082
1656224.758 0.082
1651564.472 0.083
1646935.212 0.083
1642337.258 0.083
1637770.892 0.084
1633236.397 0.084
1628734.058 0.085
1624264.160 0.085
1619826.989 0.086
1615422.832 0.086
1611051.979 0.087
1606714.719 0.087
1602411.340 0.087
1598142.136 0.088
1593907.396 0.088
1589707.413 0.089
1585542.481 0.089
1581412.893 0.090
1577318.943 0.090
1573260.925 0.091
1569239.135 0.091
1565253.868 0.091
1561305.420 0.092
1557394.085 0.092
1553520.161 0.093
1549683.943 0.093
1545885.728 0.094
1542125.810 0.094
1538404.487 0.095
1534722.053 0.095
1531078.805 0.095
1527475.036 0.096
1523911.042 0.096
1520387.116 0.097
1516903.551 0.097
1513460.641 0.098
1510058.677 0.098
1506697.950 0.098
1503378.750 0.099
1500101.366 0.099
1496866.086 0.100
1493673.195 0.100
1490522.980 0.100
1487415.724 0.101
1484351.709 0.101
1481331.216 0.102
1478354.524 0.102
1475421.909 0.102
1472533.647 0.103
1469690.010 0.103
1466891.270 0.103
1464137.695 0.104
1461429.551 0.104
1458767.102 0.105
1456150.610 0.105
1453580.334 0.105
1451056.528 0.106
1448579.446 0.106
1446149.338 0.106
1443766.450 0.107
1441431.027 0.107
1439143.309 0.107
1436903.533 0.108
1434711.933 0.108
1432568.737 0.108
1430474.172 0.108
1428428.462 0.109
1426431.823 0.109
1424484.470 0.109
1422586.613 0.110
1420738.459 0.110
1418940.209 0.110
1417192.059 0.110
1415494.204 0.111
1413846.830 0.111
1412250.120 0.111
1410704.254 0.111
1409209.404 0.112
1407765.740 0.112
1406373.424 0.112
1405032.614 0.112
1403743.465 0.112
1402506.122 0.113
1401320.729 0.113
1400187.422 0.113
1399106.332 0.113
1398077.585 0.113
1397101.300 0.113
1396177.591 0.114
1395306.567 0.114
1394488.329 0.114
1393722.973 0.114
1393010.591 0.114
1392351.266 0.114
1391745.076 0.114
1391192.093 0.114
1390692.383 0.114
1390246.005 0.114
1389853.012 0.114
1389513.451 0.115
1389227.363 0.115
1388994.782 0.115
1388815.736 0.115
1388690.245 0.115
1388618.326 0.115
1388599.987 0.115
1388635.229 0.115
1388724.049 0.115
1388866.436 0.115
1389062.373 0.115
1389311.837 0.115
1389614.797 0.115
1389971.218 0.114
1390381.057 0.114
1390844.265 0.114
1391360.788 0.114
1391930.562 0.114
1392553.522 0.114
1393229.593 0.114
1393958.696 0.114
1394740.743 0.114
1395575.644 0.114
1396463.299 0.113
1397403.605 0.113
1398396.453 0.113
1399441.725 0.113
1400539.301 0.113
1401689.053 0.113
1402890.849 0.113
1404144.550 0.112
1405450.012 0.112
1406807.086 0.112
1408215.617 0.112
1409675.446 0.111
1411186.408 0.111
1412748.332 0.111
1414361.043 0.111
1416024.362 0.111
1417738.103 0.110
1419502.078 0.110
1421316.092 0.110
1423179.947 0.110
1425093.439 0.109
1427056.362 0.109
1429068.504 0.109
1431129.650 0.108
1433239.579 0.108
1435398.068 0.108
1437604.891 0.107
1439859.815 0.107
1442162.607 0.107
1444513.029 0.106
1446910.838 0.106
1449355.790 0.106
1451847.638 0.105
1454386.130 0.105
1456971.013 0.105
1459602.030 0.104
1462278.921 0.104
1465001.424 0.104
1467769.274 0.103
1470582.206 0.103
1473439.948 0.103
1476342.230 0.102
1479288.779 0.102
1482279.317 0.101
1485313.569 0.101
1488391.253 0.101
1491512.090 0.100
1494675.797 0.100
1497882.089 0.099
1501130.681 0.099
1504421.286 0.099
1507753.616 0.098
1511127.381 0.098
1514542.292 0.097
1517998.057 0.097
1521494.383 0.097
1525030.979 0.096
1528607.551 0.096
1532223.804 0.095
1535879.444 0.095
1539574.175 0.094
1543307.703 0.094
1547079.732 0.094
1550889.966 0.093
1554738.108 0.093
1558623.863 0.092
1562546.935 0.092
1566507.028 0.091
1570503.846 0.091
1574537.094 0.090
1578606.476 0.090
1582711.698 0.090
1586852.465 0.089
1591028.483 0.089
1595239.458 0.088
1599485.099 0.088
1603765.113 0.087
1608079.208 0.087
1612427.094 0.086
1616808.481 0.086
1621223.080 0.086
1625670.603 0.085
1630150.762 0.085
1634663.273 0.084
1639207.849 0.084
1643784.207 0.083
1648392.063 0.083
1653031.137 0.082
1657701.148 0.082
1662401.816 0.082
1667132.864 0.081
1671894.014 0.081
1676684.993 0.080
1681505.525 0.080
1686355.338 0.079
1691234.161 0.079
1696141.724 0.078
1701077.760 0.078
1706042.001 0.078
1711034.182 0.077
1716054.040 0.077
1721101.313 0.076
1726175.740 0.076
1731277.062 0.075
1736405.022 0.075
1741559.365 0.075
1746739.836 0.074
1751946.183 0.074
1757178.155 0.073
1762435.505 0.073
1767717.983 0.072
1773025.345 0.072
1778357.348 0.072
1783713.748 0.071
1789094.306 0.071
1794498.782 0.070
1799926.941 0.070
1805378.547 0.070
1810853.366 0.069
1816351.167 0.069
1821871.720 0.068
1827414.798 0.068
1832980.173 0.068
1838567.621 0.067
1844176.920 0.067
1849807.849 0.066
1855460.188 0.066
1861133.719 0.066
1866828.228 0.065
1872543.500 0.065
1878279.322 0.064
1884035.486 0.064
1889811.781 0.064
1895608.001 0.063
1901423.942 0.063
1907259.398 0.063
1913114.169 0.062
1918988.055 0.062
1924880.858 0.061
1930792.380 0.061
1936722.427 0.061
1942670.807 0.060
1948637.326 0.060
1954621.797 0.060
1960624.030 0.059
1966643.840 0.059
1972681.041 0.059
1978735.450 0.058
1984806.887 0.058
1990895.170 0.058
1997000.123 0.057
2003121.568 0.057
2009259.330 0.057
2015413.236 0.056
2021583.114 0.056
2027768.794 0.056
2033970.108 0.055
2040186.887 0.055
2046418.968 0.055
2052666.184 0.054
2058928.375 0.054
2065205.378 0.054
2071497.035 0.053
2077803.188 0.053
2084123.679 0.053
2090458.354 0.052
2096807.059 0.052
2103169.642 0.052
2109545.952 0.051
2115935.840 0.051
2122339.158 0.051
2128755.759 0.051
2135185.498 0.050
2141628.231 0.050
2148083.816 0.050
2154552.112 0.049
2161032.979 0.049
2167526.278 0.049
2174031.873 0.049
2180549.627 0.048
2187079.407 0.048
2193621.078 0.048
2200174.509 0.047
2206739.570 0.047
2213316.130 0.047
2219904.061 0.047
2226503.236 0.046
2233113.530 0.046
2239734.818 0.046
2246366.977 0.046
2253009.883 0.045
2259663.417 0.045
2266327.457 0.045
2273001.886 0.045
2279686.585 0.044
2286381.439 0.044
2293086.331 0.044
2299801.147 0.044
2306525.774 0.043
2313260.099 0.043
2320004.013 0.043
2326757.403 0.043
2333520.163 0.042
2340292.182 0.042
2347073.355 0.042
2353863.576 0.042
2360662.739 0.041
2367470.740 0.041
2374287.477 0.041
2381112.847 0.041
2387946.750 0.040
2394789.085 0.040
2401639.753 0.040
2408498.656 0.040
2415365.696 0.040
2422240.778 0.039
2429123.805 0.039
2436014.683 0.039
2442913.318 0.039
2449819.617 0.038
2456733.489 0.038
2463654.842 0.038
2470583.586 0.038
2477519.631 0.038
2484462.889 0.037
2491413.272 0.037
2498370.692 0.037
2505335.065 0.037
2512306.304 0.037
2519284.324 0.036
2526269.043 0.036
2533260.376 0.036
2540258.242 0.036
2547262.558 0.036
2554273.245 0.035
2561290.221 0.035
2568313.408 0.035
2575342.727 0.035
2582378.100 0.035
2589419.450 0.034
2596466.700 0.034
2603519.775 0.034
2610578.598 0.034
2617643.097 0.034
2624713.196 0.034
2631788.824 0.033
2638869.906 0.033
2645956.372 0.033
2653048.150 0.033
2660145.170 0.033
2667247.361 0.033
2674354.655 0.032
2681466.982 0.032
2688584.274 0.032
2695706.465 0.032
2702833.486 0.032
2709965.272 0.032
2717101.756 0.031
2724242.874 0.031
2731388.561 0.031
2738538.753 0.031
2745693.386 0.031
2752852.397 0.031
2760015.724 0.030
2767183.306 0.030
2774355.079 0.030
2781530.984 0.030
2788710.961 0.030
2795894.949 0.030
2803082.889 0.030
2810274.723 0.029
2817470.392 0.029
2824669.838 0.029
2831873.003 0.029
2839079.832 0.029
2846290.267 0.029
2853504.253 0.028
2860721.735 0.028
2867942.656 0.028
2875166.963 0.028
2882394.602 0.028
2889625.518 0.028
2896859.659 0.028
2904096.972 0.028
2911337.405 0.027
2918580.906 0.027
2925827.422 0.027
2933076.904 0.027
2940329.300 0.027
2947584.560 0.027
2954842.634 0.027
2962103.473 0.026
2969367.028 0.026
2976633.250 0.026
2983902.090 0.026
2991173.502 0.026
2998447.436 0.026
3005723.847 0.026
3013002.687 0.026
3020283.910 0.025
3027567.470 0.025
3034853.321 0.025
3042141.418 0.025
3049431.716 0.025
3056724.170 0.025
3064018.736 0.025
3071315.369 0.025
3078614.027 0.025
3085914.666 0.024
3093217.242 0.024
3100521.714 0.024
3107828.039 0.024
3115136.175 0.024
3122446.080 0.024
3129757.713 0.024
3137071.032 0.024
3144385.998 0.024
3151702.569 0.023
3159020.706 0.023
3166340.368 0.023
3173661.516 0.023
3180984.111 0.023
3188308.113 0.023
3195633.484 0.023
3202960.186 0.023
3210288.180 0.023
3217617.428 0.022
3224947.893 0.022
3232279.538 0.022
3239612.324 0.022
3246946.217 0.022
3254281.178 0.022
3261617.172 0.022
3268954.162 0.022
3276292.114 0.022
3283630.990 0.022
3290970.757 0.021
3298311.378 0.021
3305652.820 0.021
3312995.047 0.021
3320338.025 0.021
3327681.720 0.021
3335026.099 0.021
3342371.127 0.021
3349716.771 0.021
3357062.998 0.021
3364409.776 0.021
3371757.070 0.020
3379104.850 0.020
3386453.082 0.020
3393801.734 0.020
3401150.775 0.020
3408500.172 0.020
3415849.896 0.020
3423199.913 0.020
3430550.193 0.020
3437900.706 0.020
3445251.420 0.020
3452602.305 0.020
3459953.332 0.019
3467304.469 0.019
3474655.687 0.019
3482006.956 0.019
3489358.248 0.019
3496709.532 0.019
3504060.779 0.019
3511411.960 0.019
3518763.048 0.019
3526114.012 0.019
3533464.826 0.019
3540815.460 0.019
3548165.886 0.019
3555516.077 0.018
3562866.005 0.018
3570215.642 0.018
3577564.961 0.018
3584913.935 0.018
3592262.537 0.018
3599610.740 0.018
3606958.516 0.018
3614305.841 0.018
3621652.687 0.018
3628999.027 0.018
3636344.837 0.018
3643690.089 0.018
3651034.759 0.018
3658378.820 0.017
3665722.247 0.017
3673065.015 0.017
3680407.099 0.017
3687748.473 0.017
3695089.113 0.017
3702428.993 0.017
3709768.090 0.017
3717106.378 0.017
3724443.834 0.017
3731780.433 0.017
3739116.151 0.017
3746450.964 0.017
3753784.849 0.017
3761117.782 0.017
3768449.738 0.016
3775780.696 0.016
3783110.630 0.016
3790439.520 0.016
3797767.340 0.016
3805094.069 0.016
3812419.684 0.016
3819744.161 0.016
3827067.479 0.016
3834389.615 0.016
3841710.547 0.016
3849030.252 0.016
3856348.708 0.016
3863665.894 0.016
3870981.788 0.016
3878296.368 0.016
3885609.612 0.015
3892921.499 0.015
3900232.008 0.015
3907541.116 0.015
3914848.804 0.015
3922155.050 0.015
3929459.832 0.015
3936763.131 0.015
3944064.925 0.015
3951365.194 0.015
3958663.918 0.015
3965961.075 0.015
3973256.646 0.015
3980550.609 0.015
3987842.946 0.015
3995133.637 0.015
4002422.660 0.015
4009709.996 0.015
4016995.627 0.014
4024279.531 0.014
4031561.689 0.014
4038842.082 0.014
4046120.691 0.014
4053397.496 0.014
4060672.479 0.014
4067945.619 0.014
4075216.898 0.014
4082486.297 0.014
4089753.798 0.014
4097019.381 0.014
4104283.027 0.014
4111544.719 0.014
4118804.438 0.014
4126062.165 0.014
4133317.883 0.014
4140571.572 0.014
4147823.214 0.014
4155072.793 0.014
4162320.289 0.013
4169565.684 0.013
4176808.962 0.013
4184050.103 0.013
4191289.091 0.013
4198525.908 0.013
4205760.536 0.013
4212992.959 0.013
4220223.157 0.013
4227451.115 0.013
4234676.815 0.013
4241900.239 0.013
4249121.372 0.013
4256340.195 0.013
4263556.692 0.013
4270770.846 0.013
4277982.640 0.013
4285192.058 0.013
4292399.083 0.013
4299603.698 0.013
4306805.886 0.013
4314005.632 0.013
4321202.919 0.013
4328397.731 0.012
4335590.051 0.012
4342779.863 0.012
4349967.151 0.012
4357151.900 0.012
4364334.092 0.012
4371513.713 0.012
4378690.746 0.012
4385865.176 0.012
4393036.986 0.012
4400206.161 0.012
4407372.686 0.012
4414536.545 0.012
4421697.723 0.012
4428856.203 0.012
4436011.972 0.012
4443165.012 0.012
4450315.310 0.012
4457462.850 0.012
4464607.616 0.012
4471749.595 0.012
4478888.770 0.012
4486025.127 0.012
4493158.651 0.012
4500289.326 0.012
4507417.139 0.012
4514542.075 0.011
4521664.118 0.011
4528783.255 0.011
4535899.470 0.011
4543012.749 0.011
4550123.077 0.011
4557230.441 0.011
4564334.826 0.011
4571436.217 0.011
4578534.600 0.011
4585629.961 0.011
4592722.286 0.011
4599811.561 0.011
4606897.771 0.011
4613980.903 0.011
4621060.942 0.011
4628137.876 0.011
4635211.689 0.011
4642282.368 0.011
4649349.899 0.011
4656414.269 0.011
4663475.463 0.011
4670533.469 0.011
4677588.272 0.011
4684639.860 0.011
4691688.217 0.011
4698733.332 0.011
4705775.191 0.011
4712813.780 0.011
4719849.086 0.011
4726881.095 0.010
4733909.795 0.010
4740935.172 0.010
4747957.214 0.010
4754975.906 0.010
4761991.236 0.010
4769003.191 0.010
4776011.758 0.010
4783016.925 0.010
4790018.677 0.010
4797017.002 0.010
4804011.888 0.010
4811003.321 0.010
4817991.290 0.010
4824975.780 0.010
4831956.780 0.010
4838934.277 0.010
4845908.259 0.010
4852878.712 0.010
4859845.624 0.010
4866808.984 0.010
4873768.777 0.010
4880724.993 0.010
4887677.618 0.010
4894626.641 0.010
4901572.049 0.010
4908513.830 0.010
4915451.971 0.010
4922386.461 0.010
367008.378 0.815
376446.667 0.800
385884.581 0.784
395322.112 0.768
404759.249 0.753
414195.983 0.737
423632.306 0.722
433068.206 0.706
442503.676 0.691
451938.706 0.676
461373.286 0.661
470807.407 0.647
480241.060 0.632
489674.234 0.618
499106.922 0.605
508539.113 0.591
517970.798 0.578
527401.967 0.565
536832.612 0.552
546262.723 0.540
555692.290 0.528
565121.305 0.516
574549.757 0.505
583977.637 0.494
593404.936 0.483
602831.645 0.473
612257.754 0.462
621683.254 0.452
631108.136 0.442
640532.389 0.433
649956.005 0.424
659378.974 0.415
668801.288 0.406
678222.936 0.398
687643.909 0.389
697064.198 0.381
706483.793 0.373
715902.686 0.366
725320.866 0.358
734738.324 0.351
744155.051 0.344
753571.038 0.337
762986.276 0.331
772400.754 0.324
781814.463 0.318
791227.395 0.312
800639.539 0.306
810050.887 0.300
819461.429 0.294
828871.155 0.289
838280.057 0.283
847688.124 0.278
857095.348 0.273
866501.720 0.268
875907.229 0.263
885311.867 0.258
894715.623 0.254
904118.490 0.249
913520.457 0.245
922921.515 0.240
932321.655 0.236
941720.867 0.232
951119.142 0.228
960516.471 0.224
969912.844 0.220
979308.252 0.217
988702.685 0.213
998096.135 0.210
1007488.592 0.206
1016880.046 0.203
1026270.489 0.200
1035659.910 0.196
1045048.301 0.193
1054435.652 0.190
1063821.954 0.187
1073207.197 0.184
1082591.373 0.181
1091974.471 0.179
1101356.483 0.176
1110737.399 0.173
1120117.210 0.171
1129495.907 0.168
1138873.479 0.165
1148249.918 0.163
1157625.215 0.161
1166999.360 0.158
1176372.344 0.156
1185744.157 0.154
1195114.791 0.152
1204484.235 0.149
1213852.481 0.147
1223219.519 0.145
1232585.340 0.143
1241949.934 0.141
1251313.293 0.139
1260675.407 0.137
1270036.266 0.135
1279395.862 0.134
1288754.184 0.132
1298111.225 0.130
1307466.973 0.128
1316821.421 0.127
1326174.558 0.125
1335526.376 0.123
1344876.865 0.122
1354226.016 0.120
1363573.820 0.119
1372920.266 0.117
1382265.347 0.116
1391609.052 0.114
1400951.372 0.113
1410292.299 0.111
1419631.822 0.110
1428969.933 0.109
1438306.622 0.107
1447641.879 0.106
1456975.696 0.105
1466308.064 0.104
1475638.973 0.102
1484968.413 0.101
1494296.375 0.100
1503622.851 0.099
1512947.831 0.098
1522271.305 0.096
1531593.265 0.095
1540913.700 0.094
1550232.603 0.093
1559549.962 0.092
1568865.770 0.091
1578180.017 0.090
1587492.694 0.089
1596803.791 0.088
1606113.299 0.087
1615421.209 0.086
1624727.512 0.085
1634032.198 0.084
1643335.258 0.083
1652636.683 0.082
1661936.463 0.082
1671234.590 0.081
1680531.054 0.080
1689825.846 0.079
1699118.956 0.078
1708410.375 0.077
1717700.095 0.077
1726988.105 0.076
1736274.397 0.075
1745558.962 0.074
1754841.789 0.074
1764122.871 0.073
1773402.197 0.072
1782679.758 0.071
1791955.546 0.071
1801229.550 0.070
1810501.762 0.069
1819772.173 0.069
1829040.773 0.068
1838307.553 0.067
1847572.503 0.067
1856835.616 0.066
1866096.880 0.065
1875356.288 0.065
1884613.830 0.064
1893869.497 0.063
1903123.279 0.063
1912375.167 0.062
1921625.152 0.062
1930873.226 0.061
1940119.378 0.061
1949363.599 0.060
42.882 1363198.654 0.104143254
43.103 1358889.366 0.104582920
43.326 1354603.643 0.105024279
43.549 1350341.714 0.105467285
43.773 1346103.809 0.105911890
43.997 1341890.161 0.106358043
44.223 1337701.003 0.106805695
44.449 1333536.571 0.107254793
44.676 1329397.102 0.107705281
44.904 1325282.833 0.108157104
45.133 1321194.005 0.108610205
45.362 1317130.858 0.109064524
45.592 1313093.637 0.109519999
45.822 1309082.584 0.109976569
46.054 1305097.946 0.110434168
46.286 1301139.969 0.110892731
46.518 1297208.902 0.111352189
46.752 1293304.994 0.111812473
46.985 1289428.496 0.112273510
47.220 1285579.660 0.112735229
47.455 1281758.740 0.113197552
47.691 1277965.989 0.113660404
47.927 1274201.664 0.114123705
48.163 1270466.021 0.114587376
48.401 1266759.318 0.115051332
48.638 1263081.814 0.115515490
48.876 1259433.768 0.115979764
49.115 1255815.441 0.116444066
49.353 1252227.095 0.116908305
49.593 1248668.991 0.117372391
49.832 1245141.392 0.117836229
50.072 1241644.564 0.118299724
50.312 1238178.769 0.118762779
50.552 1234744.273 0.119225295
50.793 1231341.341 0.119687171
51.034 1227970.240 0.120148305
51.274 1224631.236 0.120608593
51.515 1221324.596 0.121067927
51.756 1218050.586 0.121526202
51.997 1214809.474 0.121983306
52.238 1211601.528 0.122439129
52.479 1208427.014 0.122893559
52.719 1205286.202 0.123346481
52.960 1202179.357 0.123797779
53.200 1199106.747 0.124247335
53.440 1196068.640 0.124695032
53.680 1193065.302 0.125140748
53.919 1190097.000 0.125584361
54.158 1187163.999 0.126025750
54.397 1184266.564 0.126464788
54.635 1181404.962 0.126901352
54.872 1178579.455 0.127335313
55.109 1175790.306 0.127766543
55.344 1173037.779 0.128194915
55.580 1170322.134 0.128620297
55.814 1167643.631 0.129042560
56.047 1165002.530 0.129461569
56.280 1162399.088 0.129877195
56.511 1159833.562 0.130289302
56.741 1157306.206 0.130697757
56.970 1154817.273 0.131102425
57.197 1152367.015 0.131503171
57.424 1149955.683 0.131899860
57.648 1147583.523 0.132292356
57.871 1145250.782 0.132680522
58.093 1142957.703 0.133064224
58.313 1140704.528 0.133443324
58.531 1138491.496 0.133817687
58.747 1136318.844 0.134187176
58.961 1134186.807 0.134551656
59.173 1132095.616 0.134910992
59.383 1130045.499 0.135265049
59.590 1128036.684 0.135613692
59.795 1126069.392 0.135956789
59.998 1124143.845 0.136294205
60.198 1122260.258 0.136625811
60.395 1120418.846 0.136951474
60.590 1118619.819 0.137271065
60.781 1116863.383 0.137584456
60.970 1115149.741 0.137891520
61.155 1113479.093 0.138192130
61.337 1111851.633 0.138486164
61.516 1110267.555 0.138773498
61.691 1108727.044 0.139054013
61.863 1107230.285 0.139327589
62.030 1105777.457 0.139594111
62.194 1104368.735 0.139853464
62.354 1103004.288 0.140105536
62.510 1101684.283 0.140350217
62.662 1100408.881 0.140587401
62.809 1099178.238 0.140816982
62.952 1097992.507 0.141038859
63.091 1096851.834 0.141252934
63.224 1095756.360 0.141459109
63.353 1094706.224 0.141657293
63.478 1093701.555 0.141847394
63.597 1092742.481 0.142029327
63.711 1091829.122 0.142203009
63.820 1090961.594 0.142368359
63.923 1090140.008 0.142525300
64.021 1089364.469 0.142673761
64.114 1088635.074 0.142813672
64.201 1087951.918 0.142944968
64.283 1087315.089 0.143067587
64.358 1086724.668 0.143181471
64.428 1086180.731 0.143286567
64.492 1085683.350 0.143382825
64.550 1085232.588 0.143470199
64.602 1084828.503 0.143548649
64.648 1084471.149 0.143618136
64.688 1084160.572 0.143678628
64.722 1083896.812 0.143730095
64.750 1083679.903 0.143772514
64.771 1083509.873 0.143805864
64.786 1083386.746 0.143830129
64.795 1083310.536 0.143845297
64.798 1083281.254 0.143851363
64.794 1083298.903 0.143848322
64.784 1083363.480 0.143836177
64.768 1083474.978 0.143814933
64.746 1083633.382 0.143784601
64.717 1083838.669 0.143745196
64.683 1084090.814 0.143696738
64.642 1084389.784 0.143639248
64.595 1084735.539 0.143572756
64.542 1085128.033 0.143497293
64.483 1085567.216 0.143412896
64.418 1086053.031 0.143319605
64.347 1086585.414 0.143217464
64.270 1087164.295 0.143106523
64.188 1087789.601 0.142986834
64.100 1088461.250 0.142858453
64.006 1089179.155 0.142721442
63.907 1089943.224 0.142575865
63.803 1090753.360 0.142421790
63.693 1091609.458 0.142259290
63.578 1092511.409 0.142088438
63.458 1093459.099 0.141909315
63.333 1094452.408 0.141722004
63.203 1095491.210 0.141526589
63.068 1096575.376 0.141323160
62.929 1097704.768 0.141111809
62.785 1098879.247 0.140892632
62.637 1100098.666 0.140665727
62.485 1101362.874 0.140431194
62.328 1102671.717 0.140189139
62.167 1104025.034 0.139939666
62.002 1105422.659 0.139682885
61.834 1106864.424 0.139418909
61.661 1108350.154 0.139147849
61.485 1109879.671 0.138869823
61.306 1111452.792 0.138584948
61.123 1113069.331 0.138293345
60.937 1114729.097 0.137995135
60.748 1116431.894 0.137690441
60.556 1118177.526 0.137379389
60.360 1119965.788 0.137062106
60.162 1121796.475 0.136738720
59.962 1123669.378 0.136409360
59.758 1125584.284 0.136074156
59.553 1127540.976 0.135733241
59.344 1129539.236 0.135386746
59.134 1131578.839 0.135034805
58.921 1133659.562 0.134677552
58.706 1135781.175 0.134315122
58.490 1137943.447 0.133947650
58.271 1140146.145 0.133575272
58.050 1142389.033 0.133198122
57.828 1144671.870 0.132816338
57.604 1146994.416 0.132430056
57.379 1149356.429 0.132039411
57.152 1151757.661 0.131644540
56.924 1154197.866 0.131245578
56.694 1156676.794 0.130842661
56.464 1159194.194 0.130435925
56.232 1161749.813 0.130025503
55.999 1164343.396 0.129611530
55.765 1166974.688 0.129194140
55.530 1169643.430 0.128773465
55.294 1172349.364 0.128349638
55.058 1175092.230 0.127922790
54.821 1177871.766 0.127493050
54.583 1180687.711 0.127060548
54.344 1183539.801 0.126625413
54.105 1186427.773 0.126187772
53.866 1189351.362 0.125747750
53.626 1192310.303 0.125305472
53.385 1195304.328 0.124861062
53.145 1198333.174 0.124414641
52.904 1201396.571 0.123966330
52.663 1204494.254 0.123516249
52.422 1207625.955 0.123064516
52.180 1210791.406 0.122611246
51.939 1213990.340 0.122156554
51.697 1217222.489 0.121700554
51.456 1220487.586 0.121243356
51.215 1223785.364 0.120785072
50.973 1227115.554 0.120325808
50.732 1230477.890 0.119865671
50.491 1233872.106 0.119404766
50.250 1237297.935 0.118943197
50.010 1240755.112 0.118481064
49.769 1244243.371 0.118018466
49.529 1247762.448 0.117555502
49.290 1251312.078 0.117092266
49.050 1254892.000 0.116628854
48.811 1258501.949 0.116165357
48.573 1262141.664 0.115701866
48.335 1265810.884 0.115238468
48.097 1269509.350 0.114775252
47.860 1273236.803 0.114312301
47.623 1276992.983 0.113849699
47.387 1280777.635 0.113387526
47.152 1284590.503 0.112925862
46.917 1288431.331 0.112464785
46.682 1292299.866 0.112004371
46.449 1296195.856 0.111544692
46.216 1300119.049 0.111085821
45.983 1304069.195 0.110627829
45.751 1308046.047 0.110170783
45.520 1312049.356 0.109714751
45.290 1316078.877 0.109259797
45.060 1320134.365 0.108805986
44.831 1324215.576 0.108353377
44.603 1328322.271 0.107902031
44.376 1332454.207 0.107452007
44.149 1336611.146 0.107003360
43.923 1340792.852 0.106556145
43.698 1344999.088 0.106110416
43.473 1349229.620 0.105666224
43.250 1353484.216 0.105223619
43.027 1357762.645 0.104782650
42.805 1362064.678 0.104343362
42.584 1366390.086 0.103905803
42.364 1370738.643 0.103470014
42.145 1375110.125 0.103036040
41.926 1379504.310 0.102603920
41.709 1383920.976 0.102173694
41.492 1388359.903 0.101745400
41.276 1392820.874 0.101319075
41.061 1397303.673 0.100894755
40.847 1401808.085 0.100472472
40.633 1406333.897 0.100052261
40.421 1410880.899 0.099634151
40.209 1415448.881 0.099218174
39.999 1420037.636 0.098804359
39.789 1424646.958 0.098392732
39.580 1429276.642 0.097983321
39.372 1433926.486 0.097576151
39.165 1438596.291 0.097171245
38.959 1443285.856 0.096768628
38.754 1447994.984 0.096368322
38.550 1452723.480 0.095970346
38.346 1457471.151 0.095574722
38.144 1462237.804 0.095181468
37.942 1467023.248 0.094790602
37.741 1471827.296 0.094402141
37.542 1476649.759 0.094016101
37.343 1481490.454 0.093632497
37.145 1486349.196 0.093251343
36.948 1491225.804 0.092872654
36.752 1496120.098 0.092496440
36.556 1501031.899 0.092122714
36.362 1505961.030 0.091751488
36.169 1510907.316 0.091382770
35.976 1515870.584 0.091016570
35.785 1520850.662 0.090652897
35.594 1525847.380 0.090291758
35.404 1530860.570 0.089933162
35.215 1535890.064 0.089577114
35.027 1540935.697 0.089223620
34.840 1545997.306 0.088872685
34.653 1551074.728 0.088524314
34.468 1556167.804 0.088178511
34.284 1561276.374 0.087835279
34.100 1566400.281 0.087494621
33.917 1571539.370 0.087156540
33.735 1576693.486 0.086821037
33.554 1581862.476 0.086488113
33.374 1587046.190 0.086157770
33.195 1592244.478 0.085830007
33.016 1597457.192 0.085504824
32.839 1602684.185 0.085182221
32.662 1607925.312 0.084862196
32.486 1613180.430 0.084544749
32.311 1618449.397 0.084229877
32.137 1623732.072 0.083917578
31.963 1629028.315 0.083607849
31.791 1634337.990 0.083300688
31.619 1639660.959 0.082996091
31.448 1644997.087 0.082694054
31.278 1650346.242 0.082394575
31.109 1655708.290 0.082097647
30.940 1661083.102 0.081803268
30.773 1666470.547 0.081511432
30.606 1671870.497 0.081222134
30.440 1677282.827 0.080935369
30.275 1682707.409 0.080651131
30.110 1688144.121 0.080369414
29.947 1693592.839 0.080090213
29.784 1699053.441 0.079813522
29.622 1704525.808 0.079539333
29.460 1710009.821 0.079267641
29.300 1715505.361 0.078998439
29.140 1721012.312 0.078731720
28.981 1726530.560 0.078467477
28.823 1732059.989 0.078205702
28.665 1737600.487 0.077946389
28.508 1743151.942 0.077689529
28.352 1748714.244 0.077435116
28.197 1754287.283 0.077183142
28.043 1759870.952 0.076933599
27.889 1765465.143 0.076686479
27.736 1771069.750 0.076441775
27.583 1776684.668 0.076199477
27.432 1782309.795 0.075959579
27.281 1787945.026 0.075722072
27.130 1793590.262 0.075486948
26.981 1799245.400 0.075254199
26.832 1804910.343 0.075023816
26.684 1810584.992 0.074795791
26.536 1816269.249 0.074570116
26.390 1821963.018 0.074346782
26.244 1827666.204 0.074125781
26.098 1833378.713 0.073907106
25.953 1839100.452 0.073690746
25.809 1844831.328 0.073476695
25.666 1850571.250 0.073264944
25.523 1856320.129 0.073055483
25.381 1862077.874 0.072848306
25.240 1867844.397 0.072643404
25.099 1873619.611 0.072440768
24.959 1879403.429 0.072240391
24.819 1885195.766 0.072042263
24.680 1890996.537 0.071846378
24.542 1896805.659 0.071652727
24.405 1902623.048 0.071461301
24.268 1908448.622 0.071272094
24.131 1914282.300 0.071085096
23.995 1920124.002 0.070900301
23.860 1925973.648 0.070717700
23.726 1931831.160 0.070537286
23.592 1937696.460 0.070359051
23.458 1943569.471 0.070182988
23.326 1949450.117 0.070009089
23.193 1955338.322 0.069837346
23.062 1961234.012 0.069667754
22.931 1967137.113 0.069500303
22.800 1973047.551 0.069334989
22.671 1978965.256 0.069171802
22.541 1984890.154 0.069010737
22.412 1990822.176 0.068851787
22.284 1996761.251 0.068694945
22.157 2002707.310 0.068540205
22.030 2008660.284 0.068387560
21.903 2014620.106 0.068237004
21.777 2020586.708 0.068088532
21.652 2026560.024 0.067942136
21.527 2032539.989 0.067797811
21.402 2038526.536 0.067655552
21.279 2044519.601 0.067515352
21.155 2050519.121 0.067377207
21.033 2056525.033 0.067241111
20.910 2062537.274 0.067107059
20.789 2068555.783 0.066975045
20.667 2074580.497 0.066845066
20.547 2080611.357 0.066717116
20.426 2086648.303 0.066591191
20.307 2092691.275 0.066467286
20.187 2098740.214 0.066345397
20.069 2104795.063 0.066225521
