20.003 2109174.584 0.066109257
20.115 2103470.745 0.066220781
20.227 2097771.232 0.066334102
20.339 2092076.086 0.066449224
20.452 2086385.349 0.066566152
20.565 2080699.060 0.066684889
20.679 2075017.263 0.066805440
20.793 2069339.999 0.066927811
20.908 2063667.311 0.067052007
21.023 2057999.242 0.067178032
21.139 2052335.834 0.067305893
21.255 2046677.133 0.067435594
21.372 2041023.183 0.067567141
21.489 2035374.027 0.067700540
21.606 2029729.712 0.067835796
21.725 2024090.283 0.067972916
21.843 2018455.786 0.068111907
21.962 2012826.268 0.068252773
22.082 2007201.775 0.068395522
22.202 2001582.355 0.068540160
22.323 1995968.056 0.068686695
22.444 1990358.927 0.068835131
22.566 1984755.016 0.068985477
22.688 1979156.373 0.069137740
22.811 1973563.047 0.069291927
22.934 1967975.090 0.069448045
23.058 1962392.552 0.069606101
23.182 1956815.485 0.069766103
23.307 1951243.940 0.069928059
23.433 1945677.970 0.070091977
23.559 1940117.628 0.070257863
23.686 1934562.968 0.070425727
23.813 1929014.044 0.070595576
23.941 1923470.910 0.070767419
24.069 1917933.622 0.070941264
24.198 1912402.235 0.071117119
24.327 1906876.807 0.071294993
24.457 1901357.393 0.071474894
24.588 1895844.051 0.071656831
24.719 1890336.840 0.071840813
24.851 1884835.819 0.072026848
24.984 1879341.046 0.072214947
25.117 1873852.581 0.072405117
25.250 1868370.486 0.072597368
25.385 1862894.821 0.072791710
25.520 1857425.648 0.072988150
25.655 1851963.030 0.073186700
25.791 1846507.030 0.073387368
25.928 1841057.711 0.073590163
26.066 1835615.138 0.073795097
26.204 1830179.377 0.074002177
26.342 1824750.492 0.074211414
26.482 1819328.551 0.074422818
26.622 1813913.620 0.074636398
26.763 1808505.767 0.074852165
26.904 1803105.062 0.075070128
27.046 1797711.573 0.075290298
27.189 1792325.370 0.075512684
27.332 1786946.525 0.075737297
27.476 1781575.108 0.075964146
27.621 1776211.192 0.076193242
27.767 1770854.850 0.076424595
27.913 1765506.156 0.076658216
28.060 1760165.183 0.076894114
28.208 1754832.009 0.077132300
28.356 1749506.708 0.077372784
28.505 1744189.358 0.077615576
28.655 1738880.036 0.077860688
28.805 1733578.821 0.078108128
28.957 1728285.792 0.078357907
29.109 1723001.030 0.078610036
29.262 1717724.616 0.078864525
29.415 1712456.631 0.079121384
29.570 1707197.158 0.079380623
29.725 1701946.282 0.079642252
29.881 1696704.086 0.079906283
30.037 1691470.656 0.080172724
30.195 1686246.078 0.080441585
30.353 1681030.440 0.080712878
30.512 1675823.830 0.080986611
30.672 1670626.336 0.081262795
30.832 1665438.050 0.081541440
30.994 1660259.061 0.081822554
31.156 1655089.463 0.082106149
31.319 1649929.347 0.082392232
31.483 1644778.807 0.082680815
31.648 1639637.939 0.082971906
31.814 1634506.839 0.083265514
31.980 1629385.603 0.083561648
32.148 1624274.329 0.083860318
32.316 1619173.117 0.084161531
32.485 1614082.065 0.084465298
32.655 1609001.276 0.084771626
32.826 1603930.851 0.085080523
32.997 1598870.894 0.085391998
33.170 1593821.508 0.085706059
33.344 1588782.800 0.086022713
33.518 1583754.874 0.086341968
33.693 1578737.840 0.086663831
33.870 1573731.806 0.086988310
34.047 1568736.881 0.087315411
34.225 1563753.176 0.087645140
34.404 1558780.804 0.087977505
34.584 1553819.878 0.088312511
34.765 1548870.512 0.088650164
34.947 1543932.822 0.088990469
35.130 1539006.924 0.089333431
35.314 1534092.937 0.089679056
35.498 1529190.980 0.090027348
35.684 1524301.174 0.090378311
35.871 1519423.639 0.090731948
36.059 1514558.499 0.091088263
36.248 1509705.878 0.091447260
36.437 1504865.902 0.091808940
36.628 1500038.698 0.092173306
36.820 1495224.392 0.092540359
37.013 1490423.115 0.092910101
37.207 1485634.998 0.093282532
37.402 1480860.172 0.093657654
37.598 1476098.770 0.094035465
37.795 1471350.927 0.094415965
37.993 1466616.778 0.094799152
38.192 1461896.463 0.095185026
38.392 1457190.118 0.095573582
38.593 1452497.883 0.095964819
38.796 1447819.901 0.096358733
38.999 1443156.314 0.096755320
39.204 1438507.266 0.097154574
39.409 1433872.903 0.097556491
39.616 1429253.371 0.097961063
39.824 1424648.820 0.098368285
40.033 1420059.398 0.098778148
40.243 1415485.257 0.099190644
40.454 1410926.551 0.099605764
40.667 1406383.432 0.100023497
40.880 1401856.057 0.100443834
41.095 1397344.582 0.100866763
41.311 1392849.166 0.101292270
41.528 1388369.970 0.101720343
41.746 1383907.154 0.102150967
41.965 1379460.881 0.102584128
42.186 1375031.317 0.103019809
42.408 1370618.626 0.103457994
42.631 1366222.977 0.103898663
42.855 1361844.537 0.104341799
43.080 1357483.478 0.104787380
43.306 1353139.972 0.105235386
43.534 1348814.192 0.105685795
43.763 1344506.312 0.106138583
43.993 1340216.509 0.106593725
44.224 1335944.962 0.107051197
44.457 1331691.849 0.107510970
44.691 1327457.352 0.107973018
44.926 1323241.653 0.108437310
45.162 1319044.935 0.108903817
45.399 1314867.385 0.109372506
45.638 1310709.190 0.109843345
45.878 1306570.537 0.110316298
46.119 1302451.617 0.110791330
46.362 1298352.620 0.111268404
46.605 1294273.742 0.111747481
46.850 1290215.174 0.112228522
47.096 1286177.114 0.112711483
47.344 1282159.758 0.113196324
47.593 1278163.305 0.113682998
47.843 1274187.956 0.114171461
48.094 1270233.913 0.114661664
48.346 1266301.377 0.115153558
48.600 1262390.554 0.115647093
48.855 1258501.649 0.116142217
49.112 1254634.870 0.116638875
49.369 1250790.426 0.117137011
49.628 1246968.525 0.117636569
49.888 1243169.380 0.118137489
50.149 1239393.203 0.118639711
50.412 1235640.208 0.119143172
50.676 1231910.609 0.119647808
50.941 1228204.624 0.120153553
51.207 1224522.470 0.120660339
51.475 1220864.366 0.121168097
51.744 1217230.532 0.121676755
52.014 1213621.189 0.122186240
52.285 1210036.558 0.122696477
52.558 1206476.865 0.123207389
52.831 1202942.333 0.123718897
53.106 1199433.187 0.124230921
53.383 1195949.654 0.124743378
53.660 1192491.962 0.125256184
53.939 1189060.339 0.125769252
54.218 1185655.014 0.126282494
54.499 1182276.217 0.126795821
54.781 1178924.180 0.127309140
55.065 1175599.134 0.127822358
55.349 1172301.312 0.128335378
55.634 1169030.946 0.128848104
55.921 1165788.272 0.129360435
56.209 1162573.523 0.129872271
56.498 1159386.934 0.130383508
56.787 1156228.741 0.130894042
57.078 1153099.180 0.131403765
57.370 1149998.487 0.131912568
57.663 1146926.899 0.132420342
57.957 1143884.654 0.132926975
58.252 1140871.988 0.133432351
58.548 1137889.138 0.133936357
58.845 1134936.344 0.134438873
59.142 1132013.841 0.134939783
59.441 1129121.869 0.135438964
59.740 1126260.664 0.135936294
60.041 1123430.464 0.136431651
60.342 1120631.506 0.136924908
60.644 1117864.028 0.137415940
60.946 1115128.265 0.137904618
61.249 1112424.455 0.138390812
61.553 1109752.833 0.138874392
61.858 1107113.635 0.139355226
62.163 1104507.094 0.139833180
62.468 1101933.445 0.140308121
62.774 1099392.921 0.140779913
63.081 1096885.755 0.141248419
63.388 1094412.177 0.141713501
63.695 1091972.418 0.142175023
64.003 1089566.707 0.142632844
64.310 1087195.272 0.143086825
64.618 1084858.339 0.143536826
64.926 1082556.135 0.143982705
65.234 1080288.883 0.144424321
65.542 1078056.805 0.144861531
65.850 1075860.122 0.145294195
66.158 1073699.053 0.145722169
66.466 1071573.815 0.146145311
66.773 1069484.625 0.146563478
67.080 1067431.694 0.146976527
67.386 1065415.234 0.147384317
67.692 1063435.454 0.147786706
67.996 1061492.561 0.148183551
68.301 1059586.760 0.148574711
68.604 1057718.253 0.148960046
68.906 1055887.238 0.149339416
69.207 1054093.912 0.149712681
69.507 1052338.471 0.150079703
69.805 1050621.105 0.150440345
70.101 1048942.002 0.150794472
70.396 1047301.347 0.151141947
70.689 1045699.323 0.151482638
70.980 1044136.110 0.151816412
71.269 1042611.881 0.152143139
71.556 1041126.811 0.152462690
71.839 1039681.068 0.152774939
72.120 1038274.817 0.153079760
72.398 1036908.219 0.153377030
72.673 1035581.434 0.153666629
72.944 1034294.614 0.153948438
73.211 1033047.911 0.154222340
73.475 1031841.471 0.154488223
73.734 1030675.435 0.154745976
73.988 1029549.941 0.154995489
74.238 1028465.125 0.155236658
74.483 1027421.115 0.155469379
74.722 1026418.036 0.155693555
74.955 1025456.009 0.155909087
75.182 1024535.151 0.156115883
75.403 1023655.573 0.156313853
75.617 1022817.382 0.156502911
75.823 1022020.681 0.156682974
76.022 1021265.566 0.156853962
76.213 1020552.131 0.157015800
76.396 1019880.464 0.157168417
76.569 1019250.647 0.157311743
76.734 1018662.758 0.157445716
76.889 1018116.871 0.157570274
77.034 1017613.053 0.157685363
77.168 1017151.366 0.157790929
77.292 1016731.868 0.157886926
77.404 1016354.612 0.157973310
77.505 1016019.645 0.158050041
77.595 1015727.008 0.158117085
77.672 1015476.739 0.158174410
77.737 1015268.867 0.158221992
77.790 1015103.420 0.158259807
77.830 1014980.418 0.158287839
77.857 1014899.876 0.158306075
77.871 1014861.804 0.158314505
77.872 1014866.206 0.158313128
77.860 1014913.082 0.158301942
77.836 1015002.425 0.158280953
77.798 1015134.225 0.158250171
77.748 1015308.463 0.158209609
77.685 1015525.118 0.158159286
77.610 1015784.161 0.158099224
77.523 1016085.561 0.158029452
77.423 1016429.278 0.157950000
77.313 1016815.270 0.157860906
77.191 1017243.487 0.157762208
77.059 1017713.875 0.157653952
76.916 1018226.375 0.157536186
76.763 1018780.924 0.157408964
76.600 1019377.451 0.157272342
76.428 1020015.881 0.157126382
76.247 1020696.136 0.156971148
76.058 1021418.131 0.156806709
75.861 1022181.777 0.156633139
75.656 1022986.979 0.156450513
75.443 1023833.637 0.156258912
75.224 1024721.650 0.156058419
74.998 1025650.906 0.155849123
74.766 1026621.295 0.155631113
74.529 1027632.697 0.155404483
74.285 1028684.991 0.155169330
74.037 1029778.050 0.154925756
73.783 1030911.743 0.154673862
73.525 1032085.935 0.154413756
73.263 1033300.486 0.154145546
72.996 1034555.253 0.153869343
72.726 1035850.087 0.153585263
72.453 1037184.839 0.153293421
72.176 1038559.352 0.152993938
71.896 1039973.466 0.152686933
71.613 1041427.020 0.152372531
71.327 1042919.846 0.152050857
71.040 1044451.775 0.151722038
70.749 1046022.632 0.151386204
70.457 1047632.241 0.151043485
70.163 1049280.423 0.150694014
69.867 1050966.993 0.150337925
69.570 1052691.765 0.149975352
69.271 1054454.550 0.149606433
68.970 1056255.155 0.149231304
68.669 1058093.386 0.148850105
68.366 1059969.045 0.148462973
68.063 1061881.931 0.148070051
67.759 1063831.842 0.147671478
67.454 1065818.573 0.147267395
67.148 1067841.915 0.146857945
66.842 1069901.658 0.146443270
66.535 1071997.592 0.146023511
66.229 1074129.501 0.145598813
65.921 1076297.169 0.145169316
65.614 1078500.380 0.144735164
65.307 1080738.912 0.144296498
64.999 1083012.545 0.143853462
64.692 1085321.055 0.143406196
64.384 1087664.219 0.142954842
64.077 1090041.810 0.142499542
63.770 1092453.601 0.142040434
63.464 1094899.363 0.141577659
63.157 1097378.867 0.141111356
62.851 1099891.882 0.140641663
62.546 1102438.176 0.140168716
62.241 1105017.517 0.139692652
61.936 1107629.671 0.139213606
61.632 1110274.403 0.138731712
61.329 1112951.479 0.138247104
61.026 1115660.663 0.137759911
60.724 1118401.719 0.137270266
60.423 1121174.410 0.136778297
60.123 1123978.500 0.136284132
59.823 1126813.751 0.135787897
59.524 1129679.926 0.135289717
59.226 1132576.786 0.134789714
58.929 1135504.095 0.134288012
58.633 1138461.614 0.133784730
58.337 1141449.106 0.133279986
58.043 1144466.332 0.132773898
57.749 1147513.055 0.132266580
57.457 1150589.038 0.131758146
57.165 1153694.043 0.131248708
56.875 1156827.834 0.130738376
56.586 1159990.174 0.130227257
56.297 1163180.828 0.129715459
56.010 1166399.559 0.129203085
55.724 1169646.132 0.128690238
55.439 1172920.314 0.128177020
55.155 1176221.869 0.127663529
54.872 1179550.566 0.127149861
54.591 1182906.172 0.126636113
54.310 1186288.454 0.126122378
54.031 1189697.182 0.125608747
53.753 1193132.126 0.125095310
53.476 1196593.057 0.124582154
53.200 1200079.746 0.124069365
52.926 1203591.966 0.123557027
52.653 1207129.491 0.123045222
52.381 1210692.095 0.122534030
52.110 1214279.554 0.122023529
51.840 1217891.645 0.121513796
51.572 1221528.146 0.121004906
51.305 1225188.835 0.120496931
51.039 1228873.494 0.119989941
50.774 1232581.902 0.119484007
50.511 1236313.844 0.118979195
50.249 1240069.102 0.118475572
49.988 1243847.462 0.117973199
49.728 1247648.711 0.117472141
49.470 1251472.635 0.116972456
49.212 1255319.024 0.116474204
48.957 1259187.668 0.115977441
48.702 1263078.359 0.115482223
48.449 1266990.890 0.114988603
48.197 1270925.056 0.114496633
47.946 1274880.651 0.114006363
47.696 1278857.474 0.113517843
47.448 1282855.323 0.113031118
47.201 1286873.999 0.112546235
46.955 1290913.302 0.112063239
46.711 1294973.035 0.111582170
46.467 1299053.004 0.111103071
46.225 1303153.014 0.110625982
45.985 1307272.873 0.110150940
45.745 1311412.389 0.109677982
45.507 1315571.373 0.109207144
45.270 1319749.636 0.108738459
45.034 1323946.992 0.108271962
44.799 1328163.257 0.107807682
44.566 1332398.245 0.107345651
44.334 1336651.776 0.106885898
44.103 1340923.668 0.106428449
43.873 1345213.743 0.105973332
43.645 1349521.822 0.105520571
43.417 1353847.730 0.105070192
43.191 1358191.292 0.104622217
42.966 1362552.335 0.104176668
42.743 1366930.688 0.103733566
42.520 1371326.180 0.103292931
42.299 1375738.643 0.102854781
42.079 1380167.909 0.102419135
41.860 1384613.814 0.101986009
0.0 0.0 0.0
0.0 0.0 0.0
0.0 0.0 0.0
0.0 0.0 0.0
0.0 0.0 0.0
0.0 0.0 0.0
0.0 0.0 0.0
0.0 0.0 0.0
0.0 0.0 0.0
0.0 0.0 0.0
0.0 0.0 0.0
0.0 0.0 0.0
0.0 0.0 0.0
0.0 0.0 0.0
0.0 0.0 0.0
0.0 0.0 0.0
0.0 0.0 0.0
0.0 0.0 0.0
0.0 0.0 0.0
0.0 0.0 0.0
0.0 0.0 0.0
0.0 0.0 0.0
0.0 0.0 0.0
0.0 0.0 0.0
0.0 0.0 0.0
0.0 0.0 0.0
0.0 0.0 0.0
0.0 0.0 0.0
0.0 0.0 0.0
0.0 0.0 0.0
0.0 0.0 0.0
0.0 0.0 0.0
0.0 0.0 0.0
0.0 0.0 0.0
0.0 0.0 0.0
0.0 0.0 0.0
0.0 0.0 0.0
0.0 0.0 0.0
0.0 0.0 0.0
0.0 0.0 0.0
0.0 0.0 0.0
0.0 0.0 0.0
0.0 0.0 0.0
0.0 0.0 0.0
0.0 0.0 0.0
0.0 0.0 0.0
0.0 0.0 0.0
0.0 0.0 0.0
0.0 0.0 0.0
0.0 0.0 0.0
0.0 0.0 0.0
0.0 0.0 0.0
0.0 0.0 0.0
0.0 0.0 0.0
0.0 0.0 0.0
0.0 0.0 0.0
0.0 0.0 0.0
0.0 0.0 0.0
0.0 0.0 0.0
0.0 0.0 0.0
0.0 0.0 0.0
0.0 0.0 0.0
0.0 0.0 0.0
0.0 0.0 0.0
0.0 0.0 0.0
0.0 0.0 0.0
0.0 0.0 0.0
0.0 0.0 0.0
0.0 0.0 0.0
0.0 0.0 0.0
0.0 0.0 0.0
0.0 0.0 0.0
0.0 0.0 0.0
0.0 0.0 0.0
0.0 0.0 0.0
0.0 0.0 0.0
0.0 0.0 0.0
0.0 0.0 0.0
0.0 0.0 0.0
0.0 0.0 0.0
0.0 0.0 0.0
0.0 0.0 0.0
0.0 0.0 0.0
0.0 0.0 0.0
0.0 0.0 0.0
0.0 0.0 0.0
0.0 0.0 0.0
0.0 0.0 0.0
0.0 0.0 0.0
0.0 0.0 0.0
0.0 0.0 0.0
0.0 0.0 0.0
0.0 0.0 0.0
0.0 0.0 0.0
0.0 0.0 0.0
0.0 0.0 0.0
0.0 0.0 0.0
0.0 0.0 0.0
0.0 0.0 0.0
0.0 0.0 0.0
0.0 0.0 0.0
0.0 0.0 0.0
0.0 0.0 0.0
0.0 0.0 0.0
0.0 0.0 0.0
0.0 0.0 0.0
0.0 0.0 0.0
0.0 0.0 0.0
0.0 0.0 0.0
0.0 0.0 0.0
0.0 0.0 0.0
0.0 0.0 0.0
0.0 0.0 0.0
0.0 0.0 0.0
0.0 0.0 0.0
0.0 0.0 0.0
0.0 0.0 0.0
0.0 0.0 0.0
0.0 0.0 0.0
0.0 0.0 0.0
0.0 0.0 0.0
0.0 0.0 0.0
0.0 0.0 0.0
0.0 0.0 0.0
0.0 0.0 0.0
0.0 0.0 0.0
0.0 0.0 0.0
0.0 0.0 0.0
0.0 0.0 0.0
0.0 0.0 0.0
0.0 0.0 0.0
0.0 0.0 0.0
0.0 0.0 0.0
0.0 0.0 0.0
0.0 0.0 0.0
0.0 0.0 0.0
0.0 0.0 0.0
0.0 0.0 0.0
0.0 0.0 0.0
0.0 0.0 0.0
0.0 0.0 0.0
0.0 0.0 0.0
0.0 0.0 0.0
0.0 0.0 0.0
0.0 0.0 0.0
0.0 0.0 0.0
0.0 0.0 0.0
0.0 0.0 0.0
0.0 0.0 0.0
0.0 0.0 0.0
0.0 0.0 0.0
0.0 0.0 0.0
0.0 0.0 0.0
0.0 0.0 0.0
0.0 0.0 0.0
0.0 0.0 0.0
0.0 0.0 0.0
0.0 0.0 0.0
0.0 0.0 0.0
0.0 0.0 0.0
0.0 0.0 0.0
0.0 0.0 0.0
0.0 0.0 0.0
0.0 0.0 0.0
0.0 0.0 0.0
0.0 0.0 0.0
0.0 0.0 0.0
0.0 0.0 0.0
0.0 0.0 0.0
0.0 0.0 0.0
0.0 0.0 0.0
0.0 0.0 0.0
0.0 0.0 0.0
0.0 0.0 0.0
0.0 0.0 0.0
0.0 0.0 0.0
0.0 0.0 0.0
0.0 0.0 0.0
0.0 0.0 0.0
0.0 0.0 0.0
0.0 0.0 0.0
0.0 0.0 0.0
0.0 0.0 0.0
0.0 0.0 0.0
0.0 0.0 0.0
0.0 0.0 0.0
0.0 0.0 0.0
0.0 0.0 0.0
0.0 0.0 0.0
0.0 0.0 0.0
0.0 0.0 0.0
0.0 0.0 0.0
0.0 0.0 0.0
0.0 0.0 0.0
0.0 0.0 0.0
0.0 0.0 0.0
0.0 0.0 0.0
0.0 0.0 0.0
0.0 0.0 0.0
0.0 0.0 0.0
0.0 0.0 0.0
0.0 0.0 0.0
0.0 0.0 0.0
0.0 0.0 0.0
0.0 0.0 0.0
0.0 0.0 0.0
0.0 0.0 0.0
0.0 0.0 0.0
0.0 0.0 0.0
0.0 0.0 0.0
0.0 0.0 0.0
0.0 0.0 0.0
0.0 0.0 0.0
0.0 0.0 0.0
0.0 0.0 0.0
0.0 0.0 0.0
0.0 0.0 0.0
0.0 0.0 0.0
0.0 0.0 0.0
0.0 0.0 0.0
0.0 0.0 0.0
0.0 0.0 0.0
0.0 0.0 0.0
0.0 0.0 0.0
0.0 0.0 0.0
0.0 0.0 0.0
0.0 0.0 0.0
0.0 0.0 0.0
0.0 0.0 0.0
0.0 0.0 0.0
0.0 0.0 0.0
0.0 0.0 0.0
0.0 0.0 0.0
0.0 0.0 0.0
0.0 0.0 0.0
0.0 0.0 0.0
0.0 0.0 0.0
0.0 0.0 0.0
0.0 0.0 0.0
0.0 0.0 0.0
0.0 0.0 0.0
0.0 0.0 0.0
0.0 0.0 0.0
0.0 0.0 0.0
0.0 0.0 0.0
0.0 0.0 0.0
0.0 0.0 0.0
0.0 0.0 0.0
0.0 0.0 0.0
0.0 0.0 0.0
0.0 0.0 0.0
0.0 0.0 0.0
0.0 0.0 0.0
0.0 0.0 0.0
0.0 0.0 0.0
0.0 0.0 0.0
0.0 0.0 0.0
0.0 0.0 0.0
0.0 0.0 0.0
0.0 0.0 0.0
0.0 0.0 0.0
0.0 0.0 0.0
0.0 0.0 0.0
0.0 0.0 0.0
0.0 0.0 0.0
0.0 0.0 0.0
0.0 0.0 0.0
0.0 0.0 0.0
0.0 0.0 0.0
0.0 0.0 0.0
0.0 0.0 0.0
0.0 0.0 0.0
0.0 0.0 0.0
0.0 0.0 0.0
0.0 0.0 0.0
0.0 0.0 0.0
0.0 0.0 0.0
0.0 0.0 0.0
0.0 0.0 0.0
0.0 0.0 0.0
0.0 0.0 0.0
0.0 0.0 0.0
0.0 0.0 0.0
0.0 0.0 0.0
0.0 0.0 0.0
0.0 0.0 0.0
0.0 0.0 0.0
0.0 0.0 0.0
0.0 0.0 0.0
0.0 0.0 0.0
0.0 0.0 0.0
0.0 0.0 0.0
0.0 0.0 0.0
0.0 0.0 0.0
0.0 0.0 0.0
0.0 0.0 0.0
0.0 0.0 0.0
0.0 0.0 0.0
0.0 0.0 0.0
0.0 0.0 0.0
0.0 0.0 0.0
0.0 0.0 0.0
0.0 0.0 0.0
0.0 0.0 0.0
0.0 0.0 0.0
0.0 0.0 0.0
0.0 0.0 0.0
0.0 0.0 0.0
0.0 0.0 0.0
0.0 0.0 0.0
0.0 0.0 0.0
0.0 0.0 0.0
0.0 0.0 0.0
0.0 0.0 0.0
0.0 0.0 0.0
0.0 0.0 0.0
0.0 0.0 0.0
0.0 0.0 0.0
0.0 0.0 0.0
0.0 0.0 0.0
0.0 0.0 0.0
0.0 0.0 0.0
0.0 0.0 0.0
0.0 0.0 0.0
0.0 0.0 0.0
0.0 0.0 0.0
0.0 0.0 0.0
0.0 0.0 0.0
0.0 0.0 0.0
0.0 0.0 0.0
0.0 0.0 0.0
0.0 0.0 0.0
0.0 0.0 0.0
0.0 0.0 0.0
0.0 0.0 0.0
0.0 0.0 0.0
0.0 0.0 0.0
0.0 0.0 0.0
0.0 0.0 0.0
0.0 0.0 0.0
0.0 0.0 0.0
0.0 0.0 0.0
0.0 0.0 0.0
0.0 0.0 0.0
0.0 0.0 0.0
0.0 0.0 0.0
0.0 0.0 0.0
0.0 0.0 0.0
0.0 0.0 0.0
0.0 0.0 0.0
0.0 0.0 0.0
0.0 0.0 0.0
0.0 0.0 0.0
0.0 0.0 0.0
0.0 0.0 0.0
0.0 0.0 0.0
0.0 0.0 0.0
0.0 0.0 0.0
0.0 0.0 0.0
0.0 0.0 0.0
0.0 0.0 0.0
0.0 0.0 0.0
0.0 0.0 0.0
0.0 0.0 0.0
0.0 0.0 0.0
0.0 0.0 0.0
0.0 0.0 0.0
0.0 0.0 0.0
0.0 0.0 0.0
0.0 0.0 0.0
0.0 0.0 0.0
0.0 0.0 0.0
0.0 0.0 0.0
0.0 0.0 0.0
0.0 0.0 0.0
0.0 0.0 0.0
0.0 0.0 0.0
0.0 0.0 0.0
0.0 0.0 0.0
0.0 0.0 0.0
0.0 0.0 0.0
0.0 0.0 0.0
0.0 0.0 0.0
0.0 0.0 0.0
0.0 0.0 0.0
0.0 0.0 0.0
0.0 0.0 0.0
0.0 0.0 0.0
0.0 0.0 0.0
0.0 0.0 0.0
0.0 0.0 0.0
0.0 0.0 0.0
0.0 0.0 0.0
0.0 0.0 0.0
0.0 0.0 0.0
0.0 0.0 0.0
0.0 0.0 0.0
0.0 0.0 0.0
0.0 0.0 0.0
0.0 0.0 0.0
0.0 0.0 0.0
0.0 0.0 0.0
0.0 0.0 0.0
0.0 0.0 0.0
0.0 0.0 0.0
0.0 0.0 0.0
0.0 0.0 0.0
0.0 0.0 0.0
0.0 0.0 0.0
0.0 0.0 0.0
0.0 0.0 0.0
0.0 0.0 0.0
0.0 0.0 0.0
0.0 0.0 0.0
0.0 0.0 0.0
0.0 0.0 0.0
0.0 0.0 0.0
0.0 0.0 0.0
0.0 0.0 0.0
0.0 0.0 0.0
0.0 0.0 0.0
0.0 0.0 0.0
0.0 0.0 0.0
0.0 0.0 0.0
0.0 0.0 0.0
0.0 0.0 0.0
0.0 0.0 0.0
0.0 0.0 0.0
0.0 0.0 0.0
0.0 0.0 0.0
0.0 0.0 0.0
0.0 0.0 0.0
0.0 0.0 0.0
0.0 0.0 0.0
0.0 0.0 0.0
0.0 0.0 0.0
0.0 0.0 0.0
0.0 0.0 0.0
0.0 0.0 0.0
0.0 0.0 0.0
0.0 0.0 0.0
0.0 0.0 0.0
0.0 0.0 0.0
0.0 0.0 0.0
0.0 0.0 0.0
0.0 0.0 0.0
0.0 0.0 0.0
0.0 0.0 0.0
0.0 0.0 0.0
0.0 0.0 0.0
0.0 0.0 0.0
0.0 0.0 0.0
0.0 0.0 0.0
0.0 0.0 0.0
0.0 0.0 0.0
0.0 0.0 0.0
0.0 0.0 0.0
0.0 0.0 0.0
0.0 0.0 0.0
0.0 0.0 0.0
0.0 0.0 0.0
0.0 0.0 0.0
0.0 0.0 0.0
0.0 0.0 0.0
0.0 0.0 0.0
0.0 0.0 0.0
0.0 0.0 0.0
0.0 0.0 0.0
0.0 0.0 0.0
0.0 0.0 0.0
0.0 0.0 0.0
0.0 0.0 0.0
0.0 0.0 0.0
0.0 0.0 0.0
0.0 0.0 0.0
0.0 0.0 0.0
0.0 0.0 0.0
0.0 0.0 0.0
0.0 0.0 0.0
0.0 0.0 0.0
0.0 0.0 0.0
0.0 0.0 0.0
0.0 0.0 0.0
0.0 0.0 0.0
0.0 0.0 0.0
0.0 0.0 0.0
0.0 0.0 0.0
0.0 0.0 0.0
0.0 0.0 0.0
0.0 0.0 0.0
0.0 0.0 0.0
0.0 0.0 0.0
0.0 0.0 0.0
0.0 0.0 0.0
0.0 0.0 0.0
0.0 0.0 0.0
0.0 0.0 0.0
0.0 0.0 0.0
0.0 0.0 0.0
0.0 0.0 0.0
0.0 0.0 0.0
0.0 0.0 0.0
0.0 0.0 0.0
0.0 0.0 0.0
0.0 0.0 0.0
0.0 0.0 0.0
0.0 0.0 0.0
0.0 0.0 0.0
0.0 0.0 0.0
0.0 0.0 0.0
0.0 0.0 0.0
0.0 0.0 0.0
0.0 0.0 0.0
0.0 0.0 0.0
0.0 0.0 0.0
0.0 0.0 0.0
0.0 0.0 0.0
0.0 0.0 0.0
0.0 0.0 0.0
0.0 0.0 0.0
0.0 0.0 0.0
0.0 0.0 0.0
0.0 0.0 0.0
0.0 0.0 0.0
0.0 0.0 0.0
0.0 0.0 0.0
0.0 0.0 0.0
0.0 0.0 0.0
0.0 0.0 0.0
0.0 0.0 0.0
0.0 0.0 0.0
0.0 0.0 0.0
0.0 0.0 0.0
0.0 0.0 0.0
0.0 0.0 0.0
0.0 0.0 0.0
0.0 0.0 0.0
0.0 0.0 0.0
0.0 0.0 0.0
0.0 0.0 0.0
0.0 0.0 0.0
0.0 0.0 0.0
0.0 0.0 0.0
0.0 0.0 0.0
0.0 0.0 0.0
0.0 0.0 0.0
0.0 0.0 0.0
0.0 0.0 0.0
0.0 0.0 0.0
0.0 0.0 0.0
0.0 0.0 0.0
0.0 0.0 0.0
0.0 0.0 0.0
0.0 0.0 0.0
0.0 0.0 0.0
0.0 0.0 0.0
0.0 0.0 0.0
0.0 0.0 0.0
0.0 0.0 0.0
0.0 0.0 0.0
0.0 0.0 0.0
0.0 0.0 0.0
0.0 0.0 0.0
0.0 0.0 0.0
0.0 0.0 0.0
0.0 0.0 0.0
0.0 0.0 0.0
0.0 0.0 0.0
0.0 0.0 0.0
0.0 0.0 0.0
0.0 0.0 0.0
0.0 0.0 0.0
0.0 0.0 0.0
0.0 0.0 0.0
0.0 0.0 0.0
0.0 0.0 0.0
0.0 0.0 0.0
0.0 0.0 0.0
0.0 0.0 0.0
0.0 0.0 0.0
0.0 0.0 0.0
0.0 0.0 0.0
0.0 0.0 0.0
0.0 0.0 0.0
0.0 0.0 0.0
0.0 0.0 0.0
0.0 0.0 0.0
0.0 0.0 0.0
0.0 0.0 0.0
0.0 0.0 0.0
0.0 0.0 0.0
0.0 0.0 0.0
0.0 0.0 0.0
0.0 0.0 0.0
0.0 0.0 0.0
0.0 0.0 0.0
0.0 0.0 0.0
0.0 0.0 0.0
0.0 0.0 0.0
0.0 0.0 0.0
0.0 0.0 0.0
0.0 0.0 0.0
0.0 0.0 0.0
0.0 0.0 0.0
0.0 0.0 0.0
0.0 0.0 0.0
0.0 0.0 0.0
0.0 0.0 0.0
0.0 0.0 0.0
0.0 0.0 0.0
0.0 0.0 0.0
0.0 0.0 0.0
0.0 0.0 0.0
0.0 0.0 0.0
0.0 0.0 0.0
0.0 0.0 0.0
0.0 0.0 0.0
0.0 0.0 0.0
0.0 0.0 0.0
0.0 0.0 0.0
0.0 0.0 0.0
0.0 0.0 0.0
0.0 0.0 0.0
0.0 0.0 0.0
0.0 0.0 0.0
0.0 0.0 0.0
0.0 0.0 0.0
0.0 0.0 0.0
0.0 0.0 0.0
0.0 0.0 0.0
0.0 0.0 0.0
0.0 0.0 0.0
0.0 0.0 0.0
0.0 0.0 0.0
0.0 0.0 0.0
0.0 0.0 0.0
0.0 0.0 0.0
0.0 0.0 0.0
0.0 0.0 0.0
0.0 0.0 0.0
0.0 0.0 0.0
0.0 0.0 0.0
0.0 0.0 0.0
0.0 0.0 0.0
0.0 0.0 0.0
0.0 0.0 0.0
0.0 0.0 0.0
0.0 0.0 0.0
0.0 0.0 0.0
0.0 0.0 0.0
0.0 0.0 0.0
0.0 0.0 0.0
0.0 0.0 0.0
0.0 0.0 0.0
0.0 0.0 0.0
0.0 0.0 0.0
0.0 0.0 0.0
0.0 0.0 0.0
0.0 0.0 0.0
0.0 0.0 0.0
0.0 0.0 0.0
0.0 0.0 0.0
0.0 0.0 0.0
0.0 0.0 0.0
0.0 0.0 0.0
0.0 0.0 0.0
0.0 0.0 0.0
0.0 0.0 0.0
0.0 0.0 0.0
0.0 0.0 0.0
0.0 0.0 0.0
0.0 0.0 0.0
0.0 0.0 0.0
0.0 0.0 0.0
0.0 0.0 0.0
0.0 0.0 0.0
0.0 0.0 0.0
0.0 0.0 0.0
0.0 0.0 0.0
0.0 0.0 0.0
0.0 0.0 0.0
0.0 0.0 0.0
0.0 0.0 0.0
0.0 0.0 0.0
0.0 0.0 0.0
0.0 0.0 0.0
0.0 0.0 0.0
0.0 0.0 0.0
0.0 0.0 0.0
0.0 0.0 0.0
0.0 0.0 0.0
0.0 0.0 0.0
0.0 0.0 0.0
0.0 0.0 0.0
0.0 0.0 0.0
0.0 0.0 0.0
0.0 0.0 0.0
0.0 0.0 0.0
0.0 0.0 0.0
0.0 0.0 0.0
0.0 0.0 0.0
0.0 0.0 0.0
0.0 0.0 0.0
0.0 0.0 0.0
0.0 0.0 0.0
0.0 0.0 0.0
0.0 0.0 0.0
0.0 0.0 0.0
0.0 0.0 0.0
0.0 0.0 0.0
0.0 0.0 0.0
0.0 0.0 0.0
0.0 0.0 0.0
0.0 0.0 0.0
0.0 0.0 0.0
0.0 0.0 0.0
0.0 0.0 0.0
0.0 0.0 0.0
0.0 0.0 0.0
0.0 0.0 0.0
0.0 0.0 0.0
0.0 0.0 0.0
0.0 0.0 0.0
0.0 0.0 0.0
0.0 0.0 0.0
0.0 0.0 0.0
0.0 0.0 0.0
0.0 0.0 0.0
0.0 0.0 0.0
0.0 0.0 0.0
0.0 0.0 0.0
0.0 0.0 0.0
0.0 0.0 0.0
0.0 0.0 0.0
0.0 0.0 0.0
0.0 0.0 0.0
0.0 0.0 0.0
0.0 0.0 0.0
0.0 0.0 0.0
0.0 0.0 0.0
0.0 0.0 0.0
0.0 0.0 0.0
0.0 0.0 0.0
0.0 0.0 0.0
0.0 0.0 0.0
0.0 0.0 0.0
0.0 0.0 0.0
0.0 0.0 0.0
0.0 0.0 0.0
0.0 0.0 0.0
0.0 0.0 0.0
0.0 0.0 0.0
0.0 0.0 0.0
0.0 0.0 0.0
0.0 0.0 0.0
0.0 0.0 0.0
0.0 0.0 0.0
0.0 0.0 0.0
0.0 0.0 0.0
0.0 0.0 0.0
0.0 0.0 0.0
0.0 0.0 0.0
0.0 0.0 0.0
0.0 0.0 0.0
0.0 0.0 0.0
0.0 0.0 0.0
0.0 0.0 0.0
0.0 0.0 0.0
0.0 0.0 0.0
0.0 0.0 0.0
0.0 0.0 0.0
0.0 0.0 0.0
0.0 0.0 0.0
0.0 0.0 0.0
0.0 0.0 0.0
0.0 0.0 0.0
0.0 0.0 0.0
0.0 0.0 0.0
0.0 0.0 0.0
0.0 0.0 0.0
0.0 0.0 0.0
0.0 0.0 0.0
0.0 0.0 0.0
0.0 0.0 0.0
0.0 0.0 0.0
0.0 0.0 0.0
0.0 0.0 0.0
0.0 0.0 0.0
0.0 0.0 0.0
0.0 0.0 0.0
0.0 0.0 0.0
0.0 0.0 0.0
0.0 0.0 0.0
0.0 0.0 0.0
0.0 0.0 0.0
0.0 0.0 0.0
0.0 0.0 0.0
0.0 0.0 0.0
0.0 0.0 0.0
0.0 0.0 0.0
0.0 0.0 0.0
0.0 0.0 0.0
0.0 0.0 0.0
0.0 0.0 0.0
0.0 0.0 0.0
0.0 0.0 0.0
0.0 0.0 0.0
0.0 0.0 0.0
0.0 0.0 0.0
0.0 0.0 0.0
0.0 0.0 0.0
0.0 0.0 0.0
0.0 0.0 0.0
0.0 0.0 0.0
0.0 0.0 0.0
0.0 0.0 0.0
0.0 0.0 0.0
0.0 0.0 0.0
0.0 0.0 0.0
0.0 0.0 0.0
0.0 0.0 0.0
0.0 0.0 0.0
0.0 0.0 0.0
0.0 0.0 0.0
0.0 0.0 0.0
0.0 0.0 0.0
0.0 0.0 0.0
0.0 0.0 0.0
0.0 0.0 0.0
0.0 0.0 0.0
0.0 0.0 0.0
0.0 0.0 0.0
0.0 0.0 0.0
0.0 0.0 0.0
0.0 0.0 0.0
0.0 0.0 0.0
0.0 0.0 0.0
0.0 0.0 0.0
0.0 0.0 0.0
0.0 0.0 0.0
0.0 0.0 0.0
0.0 0.0 0.0
0.0 0.0 0.0
0.0 0.0 0.0
0.0 0.0 0.0
0.0 0.0 0.0
0.0 0.0 0.0
0.0 0.0 0.0
0.0 0.0 0.0
0.0 0.0 0.0
0.0 0.0 0.0
0.0 0.0 0.0
0.0 0.0 0.0
0.0 0.0 0.0
0.0 0.0 0.0
0.0 0.0 0.0
0.0 0.0 0.0
0.0 0.0 0.0
0.0 0.0 0.0
0.0 0.0 0.0
0.0 0.0 0.0
0.0 0.0 0.0
0.0 0.0 0.0
0.0 0.0 0.0
0.0 0.0 0.0
0.0 0.0 0.0
0.0 0.0 0.0
0.0 0.0 0.0
0.0 0.0 0.0
0.0 0.0 0.0
0.0 0.0 0.0
0.0 0.0 0.0
0.0 0.0 0.0
0.0 0.0 0.0
0.0 0.0 0.0
0.0 0.0 0.0
0.0 0.0 0.0
0.0 0.0 0.0
0.0 0.0 0.0
0.0 0.0 0.0
0.0 0.0 0.0
0.0 0.0 0.0
0.0 0.0 0.0
0.0 0.0 0.0
0.0 0.0 0.0
0.0 0.0 0.0
0.0 0.0 0.0
0.0 0.0 0.0
0.0 0.0 0.0
0.0 0.0 0.0
0.0 0.0 0.0
0.0 0.0 0.0
0.0 0.0 0.0
0.0 0.0 0.0
0.0 0.0 0.0
0.0 0.0 0.0
0.0 0.0 0.0
0.0 0.0 0.0
0.0 0.0 0.0
0.0 0.0 0.0
0.0 0.0 0.0
0.0 0.0 0.0
0.0 0.0 0.0
0.0 0.0 0.0
0.0 0.0 0.0
0.0 0.0 0.0
0.0 0.0 0.0
0.0 0.0 0.0
0.0 0.0 0.0
0.0 0.0 0.0
0.0 0.0 0.0
0.0 0.0 0.0
0.0 0.0 0.0
0.0 0.0 0.0
0.0 0.0 0.0
0.0 0.0 0.0
0.0 0.0 0.0
0.0 0.0 0.0
0.0 0.0 0.0
0.0 0.0 0.0
0.0 0.0 0.0
0.0 0.0 0.0
0.0 0.0 0.0
0.0 0.0 0.0
0.0 0.0 0.0
0.0 0.0 0.0
0.0 0.0 0.0
0.0 0.0 0.0
0.0 0.0 0.0
0.0 0.0 0.0
0.0 0.0 0.0
0.0 0.0 0.0
0.0 0.0 0.0
0.0 0.0 0.0
0.0 0.0 0.0
0.0 0.0 0.0
0.0 0.0 0.0
0.0 0.0 0.0
0.0 0.0 0.0
0.0 0.0 0.0
0.0 0.0 0.0
0.0 0.0 0.0
0.0 0.0 0.0
0.0 0.0 0.0
0.0 0.0 0.0
0.0 0.0 0.0
0.0 0.0 0.0
0.0 0.0 0.0
0.0 0.0 0.0
0.0 0.0 0.0
0.0 0.0 0.0
0.0 0.0 0.0
0.0 0.0 0.0
0.0 0.0 0.0
0.0 0.0 0.0
0.0 0.0 0.0
0.0 0.0 0.0
0.0 0.0 0.0
0.0 0.0 0.0
0.0 0.0 0.0
0.0 0.0 0.0
0.0 0.0 0.0
0.0 0.0 0.0
0.0 0.0 0.0
0.0 0.0 0.0
0.0 0.0 0.0
0.0 0.0 0.0
0.0 0.0 0.0
0.0 0.0 0.0
0.0 0.0 0.0
0.0 0.0 0.0
0.0 0.0 0.0
0.0 0.0 0.0
0.0 0.0 0.0
0.0 0.0 0.0
0.0 0.0 0.0
0.0 0.0 0.0
0.0 0.0 0.0
0.0 0.0 0.0
0.0 0.0 0.0
0.0 0.0 0.0
0.0 0.0 0.0
5334811.835 0.008
5321919.291 0.008
5309021.452 0.008
5296118.333 0.008
5283209.945 0.008
5270296.300 0.008
5257377.414 0.008
5244453.297 0.009
5231523.962 0.009
5218589.424 0.009
5205649.694 0.009
5192704.785 0.009
5179754.711 0.009
5166799.483 0.009
5153839.116 0.009
5140873.622 0.009
5127903.013 0.009
5114927.303 0.009
5101946.505 0.009
5088960.632 0.009
5075969.695 0.009
5062973.710 0.009
5049972.687 0.009
5036966.641 0.009
5023955.584 0.009
5010939.529 0.009
4997918.489 0.009
4984892.477 0.009
4971861.506 0.009
4958825.589 0.010
4945784.739 0.010
4932738.968 0.010
4919688.291 0.010
4906632.719 0.010
4893572.266 0.010
4880506.945 0.010
4867436.769 0.010
4854361.751 0.010
4841281.903 0.010
4828197.239 0.010
4815107.772 0.010
4802013.515 0.010
4788914.481 0.010
4775810.682 0.010
4762702.133 0.010
4749588.845 0.010
4736470.833 0.010
4723348.109 0.010
4710220.685 0.011
4697088.576 0.011
4683951.794 0.011
4670810.353 0.011
4657664.264 0.011
4644513.543 0.011
4631358.200 0.011
4618198.251 0.011
4605033.707 0.011
4591864.582 0.011
4578690.889 0.011
4565512.640 0.011
4552329.850 0.011
4539142.531 0.011
4525950.697 0.011
4512754.360 0.011
4499553.533 0.012
4486348.231 0.012
4473138.465 0.012
4459924.249 0.012
4446705.596 0.012
4433482.520 0.012
4420255.033 0.012
4407023.148 0.012
4393786.880 0.012
4380546.240 0.012
4367301.242 0.012
4354051.900 0.012
4340798.226 0.012
4327540.234 0.012
4314277.936 0.013
4301011.347 0.013
4287740.479 0.013
4274465.345 0.013
4261185.958 0.013
4247902.333 0.013
4234614.482 0.013
4221322.418 0.013
4208026.154 0.013
4194725.704 0.013
4181421.081 0.013
4168112.298 0.013
4154799.369 0.014
4141482.306 0.014
4128161.123 0.014
4114835.834 0.014
4101506.450 0.014
4088172.987 0.014
4074835.456 0.014
4061493.872 0.014
4048148.247 0.014
4034798.594 0.014
4021444.928 0.014
4008087.261 0.015
3994725.606 0.015
3981359.978 0.015
3967990.389 0.015
3954616.852 0.015
3941239.380 0.015
3927857.988 0.015
3914472.689 0.015
3901083.495 0.015
3887690.420 0.015
3874293.477 0.016
3860892.680 0.016
3847488.043 0.016
3834079.577 0.016
3820667.297 0.016
3807251.216 0.016
3793831.348 0.016
3780407.705 0.016
3766980.301 0.016
3753549.150 0.017
3740114.264 0.017
3726675.658 0.017
3713233.344 0.017
3699787.336 0.017
3686337.647 0.017
3672884.291 0.017
3659427.281 0.017
3645966.631 0.018
3632502.353 0.018
3619034.461 0.018
3605562.969 0.018
3592087.890 0.018
3578609.237 0.018
3565127.024 0.018
3551641.265 0.018
3538151.971 0.019
3524659.158 0.019
3511162.839 0.019
3497663.026 0.019
3484159.734 0.019
3470652.975 0.019
3457142.764 0.020
3443629.113 0.020
3430112.036 0.020
3416591.547 0.020
3403067.659 0.020
3389540.385 0.020
3376009.739 0.020
3362475.735 0.021
3348938.385 0.021
3335397.704 0.021
3321853.704 0.021
3308306.399 0.021
3294755.803 0.021
3281201.930 0.022
3267644.792 0.022
3254084.403 0.022
3240520.776 0.022
3226953.926 0.022
3213383.866 0.023
3199810.608 0.023
3186234.167 0.023
3172654.556 0.023
3159071.789 0.023
3145485.879 0.024
3131896.840 0.024
3118304.685 0.024
3104709.427 0.024
3091111.081 0.024
3077509.660 0.025
3063905.176 0.025
3050297.645 0.025
3036687.079 0.025
3023073.492 0.025
3009456.897 0.026
2995837.308 0.026
2982214.739 0.026
2968589.203 0.026
2954960.713 0.027
2941329.284 0.027
2927694.928 0.027
2914057.660 0.027
2900417.492 0.028
2886774.439 0.028
2873128.514 0.028
2859479.730 0.028
2845828.102 0.029
2832173.643 0.029
2818516.365 0.029
2804856.284 0.029
2791193.412 0.030
2777527.764 0.030
2763859.352 0.030
2750188.190 0.031
2736514.292 0.031
2722837.672 0.031
2709158.342 0.032
2695476.318 0.032
2681791.612 0.032
2668104.237 0.033
2654414.208 0.033
2640721.539 0.033
2627026.242 0.034
2613328.332 0.034
2599627.821 0.034
2585924.724 0.035
2572219.055 0.035
2558510.826 0.035
2544800.053 0.036
2531086.747 0.036
2517370.923 0.036
2503652.595 0.037
2489931.775 0.037
2476208.479 0.038
2462482.719 0.038
2448754.509 0.038
2435023.863 0.039
2421290.794 0.039
2407555.316 0.040
2393817.443 0.040
2380077.189 0.041
2366334.566 0.041
2352589.590 0.042
2338842.272 0.042
2325092.628 0.043
2311340.671 0.043
2297586.414 0.044
2283829.871 0.044
2270071.056 0.045
2256309.982 0.045
2242546.664 0.046
2228781.114 0.046
2215013.348 0.047
2201243.377 0.047
2187471.216 0.048
2173696.880 0.049
2159920.380 0.049
2146141.732 0.050
2132360.948 0.050
2118578.043 0.051
2104793.030 0.052
2091005.923 0.052
2077216.736 0.053
2063425.482 0.054
2049632.175 0.054
2035836.829 0.055
2022039.457 0.056
2008240.074 0.057
1994438.693 0.057
1980635.327 0.058
1966829.991 0.059
1953022.698 0.060
1939213.462 0.061
1925402.297 0.061
1911589.216 0.062
1897774.233 0.063
1883957.362 0.064
1870138.617 0.065
1856318.011 0.066
1842495.558 0.067
1828671.272 0.068
1814845.167 0.069
1801017.256 0.070
1787187.553 0.071
1773356.073 0.072
1759522.827 0.073
1745687.832 0.074
1731851.099 0.075
1718012.643 0.077
1704172.478 0.078
1690330.618 0.079
1676487.076 0.080
1662641.866 0.082
1648795.001 0.083
1634946.497 0.084
1621096.365 0.086
1607244.621 0.087
1593391.278 0.088
1579536.349 0.090
1565679.849 0.091
1551821.791 0.093
1537962.189 0.095
1524101.057 0.096
1510238.409 0.098
1496374.258 0.100
1482508.618 0.101
1468641.503 0.103
1454772.928 0.105
1440902.904 0.107
1427031.447 0.109
1413158.571 0.111
1399284.288 0.113
1385408.613 0.115
1371531.560 0.117
1357653.142 0.120
1343773.374 0.122
1329892.268 0.124
1316009.839 0.127
1302126.101 0.129
1288241.068 0.132
1274354.753 0.135
1260467.170 0.137
1246578.332 0.140
1232688.255 0.143
1218796.951 0.146
1204904.434 0.149
1191010.719 0.152
1177115.819 0.156
1163219.747 0.159
1149322.518 0.163
1135424.146 0.166
1121524.644 0.170
1107624.026 0.174
1093722.306 0.178
1079819.498 0.182
1065915.616 0.186
1052010.673 0.191
1038104.683 0.196
1024197.660 0.200
1010289.619 0.205
996380.572 0.210
982470.534 0.216
968559.519 0.221
954647.539 0.227
940734.610 0.233
926820.745 0.239
912905.958 0.245
898990.263 0.251
885073.673 0.258
871156.203 0.265
857237.865 0.273
843318.675 0.280
829398.646 0.288
815477.792 0.296
801556.126 0.305
787633.662 0.314
773710.416 0.323
759786.399 0.333
745861.626 0.343
731936.111 0.353
718009.868 0.364
704082.911 0.375
690155.253 0.387
676226.908 0.399
662297.891 0.412
648368.215 0.425
634437.893 0.439
620506.940 0.453
606575.370 0.468
592643.197 0.484
578710.433 0.500
564777.094 0.517
550843.193 0.534
536908.744 0.552
522973.761 0.571
509038.257 0.590
495102.247 0.610
481165.745 0.631
467228.763 0.652
453291.317 0.674
439353.420 0.696
425415.085 0.719
411476.327 0.742
397537.160 0.765
383597.598 0.788
369657.653 0.811
355717.341 0.834
341776.675 0.856
327835.669 0.877
313894.337 0.898
299952.692 0.917
286010.749 0.934
272068.521 0.950
258126.023 0.963
244183.268 0.974
230240.270 0.983
216297.043 0.990
202353.600 0.994
188409.956 0.997
174466.125 0.999
160522.120 1.000
146577.956 1.000
132633.646 1.000
118689.203 1.000
104744.643 1.000
90799.978 1.000
76855.223 1.000
62910.392 1.000
48965.498 1.000
35020.555 1.000
21075.578 1.000
7130.579 1.000
6814.427 1.000
20759.426 1.000
34704.404 1.000
48649.348 1.000
62594.243 1.000
76539.076 1.000
90483.833 1.000
104428.499 1.000
118373.062 1.000
132317.508 1.000
146261.821 1.000
160205.989 1.000
174149.998 0.999
188093.833 0.997
202037.481 0.994
215980.928 0.990
229924.160 0.983
243867.164 0.974
257809.924 0.963
271752.429 0.950
285694.663 0.935
299636.612 0.917
313578.264 0.898
327519.603 0.878
341460.617 0.856
355401.291 0.834
369341.611 0.811
383281.564 0.788
397221.135 0.765
411160.311 0.742
425099.078 0.719
439037.422 0.697
452975.329 0.674
466912.786 0.653
480849.778 0.631
494786.291 0.611
508722.312 0.591
522657.827 0.571
536592.822 0.553
550527.283 0.535
564461.197 0.517
578394.548 0.500
592327.324 0.484
606259.511 0.469
620191.095 0.454
634122.061 0.439
648052.397 0.426
661982.087 0.412
675911.119 0.400
689839.479 0.387
703767.152 0.376
717694.124 0.364
731620.383 0.353
745545.914 0.343
759470.703 0.333
773394.736 0.323
787318.000 0.314
801240.480 0.305
815162.163 0.297
829083.035 0.288
843003.082 0.280
856922.290 0.273
870840.646 0.266
884758.135 0.258
898674.743 0.252
912590.458 0.245
926505.264 0.239
940419.149 0.233
954332.098 0.227
968244.097 0.221
982155.133 0.216
996065.192 0.210
1009974.259 0.205
1023882.322 0.200
1037789.365 0.196
1051695.377 0.191
1065600.341 0.187
1079504.246 0.182
1093407.076 0.178
1107308.818 0.174
1121209.459 0.170
1135108.984 0.166
1149007.379 0.163
1162904.631 0.159
1176800.726 0.156
1190695.650 0.153
1204589.389 0.149
1218481.930 0.146
1232373.258 0.143
1246263.360 0.140
1260152.222 0.137
1274039.830 0.135
1287926.171 0.132
1301811.230 0.129
1315694.993 0.127
1329577.447 0.124
1343458.579 0.122
1357338.373 0.120
1371216.817 0.117
1385093.897 0.115
1398969.598 0.113
1412843.908 0.111
1426716.811 0.109
1440588.295 0.107
1454458.345 0.105
1468326.948 0.103
1482194.091 0.101
1496059.758 0.100
1509923.937 0.098
1523786.613 0.096
1537647.773 0.095
1551507.403 0.093
1565365.489 0.091
1579222.018 0.090
1593076.975 0.088
1606930.347 0.087
1620782.120 0.086
1634632.280 0.084
1648480.814 0.083
1662327.707 0.082
1676172.947 0.080
1690016.518 0.079
1703858.408 0.078
1717698.602 0.077
1731537.088 0.075
1745373.850 0.074
1759208.875 0.073
1773042.150 0.072
1786873.661 0.071
1800703.394 0.070
1814531.335 0.069
1828357.470 0.068
1842181.786 0.067
1856004.269 0.066
1869824.905 0.065
1883643.681 0.064
1897460.582 0.063
1911275.596 0.062
1925088.707 0.061
1938899.903 0.061
1952709.169 0.060
1966516.493 0.059
1980321.859 0.058
1994125.255 0.057
2007926.667 0.057
2021726.081 0.056
2035523.483 0.055
2049318.860 0.054
2063112.197 0.054
2076903.482 0.053
2090692.700 0.052
2104479.837 0.052
2118264.880 0.051
2132047.816 0.050
2145828.630 0.050
2159607.309 0.049
2173383.839 0.049
2187158.206 0.048
2200930.397 0.047
2214700.398 0.047
2228468.195 0.046
2242233.774 0.046
2255997.122 0.045
2269758.226 0.045
2283517.071 0.044
2297273.643 0.044
2311027.930 0.043
2324779.917 0.043
2338529.591 0.042
2352276.937 0.042
2366021.943 0.041
2379764.595 0.041
2393504.879 0.040
2407242.781 0.040
2420978.287 0.039
2434711.384 0.039
2448442.059 0.038
2462170.297 0.038
2475896.086 0.038
2489619.410 0.037
2503340.257 0.037
2517058.614 0.036
2530774.465 0.036
2544487.798 0.036
2558198.599 0.035
2571906.855 0.035
2585612.551 0.035
2599315.675 0.034
2613016.212 0.034
2626714.148 0.034
2640409.471 0.033
2654102.167 0.033
2667792.221 0.033
2681479.621 0.032
2695164.352 0.032
2708846.402 0.032
2722525.755 0.031
2736202.400 0.031
2749876.322 0.031
2763547.508 0.030
2777215.943 0.030
2790881.616 0.030
2804544.510 0.029
2818204.615 0.029
2831861.914 0.029
2845516.396 0.029
2859168.046 0.028
2872816.851 0.028
2886462.798 0.028
2900105.872 0.028
2913746.060 0.027
2927383.348 0.027
2941017.724 0.027
2954649.173 0.027
2968277.682 0.026
2981903.237 0.026
2995525.825 0.026
3009145.432 0.026
3022762.044 0.025
3036375.649 0.025
3049986.232 0.025
3063593.780 0.025
3077198.280 0.025
3090799.717 0.024
3104398.079 0.024
3117993.351 0.024
3131585.521 0.024
3145174.574 0.024
3158760.498 0.023
3172343.278 0.023
3185922.902 0.023
3199499.355 0.023
3213072.624 0.023
3226642.696 0.022
3240209.557 0.022
3253773.194 0.022
3267333.593 0.022
3280890.740 0.022
3294444.623 0.021
3307995.227 0.021
3321542.540 0.021
3335086.547 0.021
3348627.235 0.021
3362164.591 0.021
3375698.602 0.020
3389229.253 0.020
3402756.531 0.020
3416280.424 0.020
3429800.916 0.020
3443317.996 0.020
3456831.649 0.020
3470341.862 0.019
3483848.622 0.019
3497351.915 0.019
3510851.727 0.019
3524348.046 0.019
3537840.858 0.019
3551330.149 0.018
3564815.906 0.018
3578298.115 0.018
3591776.764 0.018
3605251.839 0.018
3618723.326 0.018
3632191.211 0.018
3645655.482 0.018
3659116.126 0.017
3672573.128 0.017
3686026.475 0.017
3699476.154 0.017
3712922.152 0.017
3726364.455 0.017
3739803.050 0.017
3753237.923 0.017
3766669.061 0.016
3780096.451 0.016
3793520.079 0.016
3806939.932 0.016
3820355.996 0.016
3833768.259 0.016
3847176.707 0.016
3860581.326 0.016
3873982.103 0.016
3887379.026 0.015
3900772.079 0.015
3914161.251 0.015
3927546.528 0.015
3940927.896 0.015
3954305.343 0.015
3967678.854 0.015
3981048.417 0.015
3994414.019 0.015
4007775.645 0.015
4021133.283 0.014
4034486.919 0.014
4047836.541 0.014
4061182.134 0.014
4074523.686 0.014
4087861.183 0.014
4101194.612 0.014
4114523.959 0.014
4127849.212 0.014
4141170.358 0.014
4154487.382 0.014
4167800.272 0.013
4181109.014 0.013
4194413.595 0.013
4207714.003 0.013
4221010.222 0.013
4234302.242 0.013
4247590.048 0.013
4260873.626 0.013
4274152.964 0.013
4287428.049 0.013
4300698.868 0.013
4313965.406 0.013
4327227.651 0.012
4340485.590 0.012
4353739.210 0.012
4366988.497 0.012
4380233.438 0.012
4393474.020 0.012
4406710.229 0.012
4419942.054 0.012
4433169.479 0.012
4446392.493 0.012
4459611.082 0.012
4472825.233 0.012
4486034.933 0.012
4499240.169 0.012
4512440.927 0.011
4525637.194 0.011
4538828.958 0.011
4552016.204 0.011
4565198.921 0.011
4578377.095 0.011
4591550.712 0.011
4604719.760 0.011
4617884.225 0.011
4631044.095 0.011
4644199.356 0.011
4657349.995 0.011
4670496.000 0.011
4683637.356 0.011
4696774.051 0.011
4709906.073 0.011
4723033.407 0.010
4736156.040 0.010
4749273.961 0.010
4762387.155 0.010
4775495.610 0.010
4788599.312 0.010
4801698.249 0.010
4814792.407 0.010
4827881.773 0.010
4840966.335 0.010
4854046.079 0.010
4867120.993 0.010
4880191.063 0.010
4893256.276 0.010
4906316.619 0.010
4919372.080 0.010
4932422.645 0.010
4945468.302 0.010
4958509.036 0.010
4971544.836 0.009
4984575.689 0.009
4997601.581 0.009
5010622.499 0.009
5023638.431 0.009
5036649.363 0.009
5049655.283 0.009
5062656.177 0.009
5075652.033 0.009
5088642.838 0.009
5101628.579 0.009
5114609.242 0.009
5127584.816 0.009
5140555.286 0.009
5153520.641 0.009
5166480.867 0.009
5179435.951 0.009
5192385.881 0.009
5205330.643 0.009
5218270.225 0.009
5231204.613 0.009
5244133.796 0.009
5257057.759 0.008
5269976.491 0.008
5282889.978 0.008
5295798.207 0.008
5308701.166 0.008
5321598.842 0.008
5334491.222 0.008
0.0 0.0 0.0
0.0 0.0 0.0
0.0 0.0 0.0
0.0 0.0 0.0
0.0 0.0 0.0
0.0 0.0 0.0
0.0 0.0 0.0
0.0 0.0 0.0
0.0 0.0 0.0
0.0 0.0 0.0
0.0 0.0 0.0
0.0 0.0 0.0
0.0 0.0 0.0
0.0 0.0 0.0
0.0 0.0 0.0
0.0 0.0 0.0
0.0 0.0 0.0
0.0 0.0 0.0
0.0 0.0 0.0
0.0 0.0 0.0
0.0 0.0 0.0
0.0 0.0 0.0
0.0 0.0 0.0
0.0 0.0 0.0
0.0 0.0 0.0
0.0 0.0 0.0
0.0 0.0 0.0
0.0 0.0 0.0
0.0 0.0 0.0
0.0 0.0 0.0
0.0 0.0 0.0
0.0 0.0 0.0
0.0 0.0 0.0
0.0 0.0 0.0
0.0 0.0 0.0
0.0 0.0 0.0
0.0 0.0 0.0
0.0 0.0 0.0
0.0 0.0 0.0
0.0 0.0 0.0
0.0 0.0 0.0
0.0 0.0 0.0
0.0 0.0 0.0
0.0 0.0 0.0
0.0 0.0 0.0
0.0 0.0 0.0
0.0 0.0 0.0
0.0 0.0 0.0
0.0 0.0 0.0
0.0 0.0 0.0
0.0 0.0 0.0
0.0 0.0 0.0
0.0 0.0 0.0
0.0 0.0 0.0
0.0 0.0 0.0
0.0 0.0 0.0
0.0 0.0 0.0
0.0 0.0 0.0
0.0 0.0 0.0
0.0 0.0 0.0
0.0 0.0 0.0
0.0 0.0 0.0
0.0 0.0 0.0
0.0 0.0 0.0
0.0 0.0 0.0
0.0 0.0 0.0
0.0 0.0 0.0
0.0 0.0 0.0
0.0 0.0 0.0
0.0 0.0 0.0
0.0 0.0 0.0
0.0 0.0 0.0
0.0 0.0 0.0
0.0 0.0 0.0
0.0 0.0 0.0
0.0 0.0 0.0
0.0 0.0 0.0
0.0 0.0 0.0
0.0 0.0 0.0
0.0 0.0 0.0
0.0 0.0 0.0
0.0 0.0 0.0
0.0 0.0 0.0
0.0 0.0 0.0
0.0 0.0 0.0
0.0 0.0 0.0
0.0 0.0 0.0
0.0 0.0 0.0
0.0 0.0 0.0
0.0 0.0 0.0
0.0 0.0 0.0
0.0 0.0 0.0
0.0 0.0 0.0
0.0 0.0 0.0
0.0 0.0 0.0
0.0 0.0 0.0
0.0 0.0 0.0
0.0 0.0 0.0
0.0 0.0 0.0
0.0 0.0 0.0
0.0 0.0 0.0
0.0 0.0 0.0
0.0 0.0 0.0
0.0 0.0 0.0
0.0 0.0 0.0
0.0 0.0 0.0
0.0 0.0 0.0
0.0 0.0 0.0
0.0 0.0 0.0
0.0 0.0 0.0
0.0 0.0 0.0
0.0 0.0 0.0
0.0 0.0 0.0
0.0 0.0 0.0
0.0 0.0 0.0
0.0 0.0 0.0
0.0 0.0 0.0
0.0 0.0 0.0
0.0 0.0 0.0
0.0 0.0 0.0
0.0 0.0 0.0
0.0 0.0 0.0
0.0 0.0 0.0
0.0 0.0 0.0
0.0 0.0 0.0
0.0 0.0 0.0
0.0 0.0 0.0
0.0 0.0 0.0
0.0 0.0 0.0
0.0 0.0 0.0
0.0 0.0 0.0
0.0 0.0 0.0
0.0 0.0 0.0
0.0 0.0 0.0
0.0 0.0 0.0
0.0 0.0 0.0
0.0 0.0 0.0
0.0 0.0 0.0
0.0 0.0 0.0
0.0 0.0 0.0
0.0 0.0 0.0
0.0 0.0 0.0
0.0 0.0 0.0
0.0 0.0 0.0
0.0 0.0 0.0
0.0 0.0 0.0
0.0 0.0 0.0
0.0 0.0 0.0
0.0 0.0 0.0
0.0 0.0 0.0
0.0 0.0 0.0
0.0 0.0 0.0
0.0 0.0 0.0
0.0 0.0 0.0
0.0 0.0 0.0
0.0 0.0 0.0
0.0 0.0 0.0
0.0 0.0 0.0
0.0 0.0 0.0
0.0 0.0 0.0
0.0 0.0 0.0
0.0 0.0 0.0
0.0 0.0 0.0
0.0 0.0 0.0
0.0 0.0 0.0
0.0 0.0 0.0
0.0 0.0 0.0
0.0 0.0 0.0
0.0 0.0 0.0
0.0 0.0 0.0
0.0 0.0 0.0
0.0 0.0 0.0
0.0 0.0 0.0
0.0 0.0 0.0
0.0 0.0 0.0
0.0 0.0 0.0
0.0 0.0 0.0
0.0 0.0 0.0
0.0 0.0 0.0
0.0 0.0 0.0
0.0 0.0 0.0
0.0 0.0 0.0
0.0 0.0 0.0
0.0 0.0 0.0
0.0 0.0 0.0
0.0 0.0 0.0
0.0 0.0 0.0
0.0 0.0 0.0
0.0 0.0 0.0
0.0 0.0 0.0
0.0 0.0 0.0
0.0 0.0 0.0
0.0 0.0 0.0
0.0 0.0 0.0
0.0 0.0 0.0
0.0 0.0 0.0
0.0 0.0 0.0
0.0 0.0 0.0
0.0 0.0 0.0
0.0 0.0 0.0
0.0 0.0 0.0
0.0 0.0 0.0
0.0 0.0 0.0
0.0 0.0 0.0
0.0 0.0 0.0
0.0 0.0 0.0
0.0 0.0 0.0
0.0 0.0 0.0
0.0 0.0 0.0
0.0 0.0 0.0
0.0 0.0 0.0
0.0 0.0 0.0
0.0 0.0 0.0
0.0 0.0 0.0
0.0 0.0 0.0
0.0 0.0 0.0
0.0 0.0 0.0
0.0 0.0 0.0
0.0 0.0 0.0
0.0 0.0 0.0
0.0 0.0 0.0
0.0 0.0 0.0
0.0 0.0 0.0
0.0 0.0 0.0
0.0 0.0 0.0
0.0 0.0 0.0
0.0 0.0 0.0
0.0 0.0 0.0
0.0 0.0 0.0
0.0 0.0 0.0
0.0 0.0 0.0
0.0 0.0 0.0
0.0 0.0 0.0
0.0 0.0 0.0
0.0 0.0 0.0
0.0 0.0 0.0
0.0 0.0 0.0
0.0 0.0 0.0
0.0 0.0 0.0
0.0 0.0 0.0
0.0 0.0 0.0
0.0 0.0 0.0
0.0 0.0 0.0
0.0 0.0 0.0
0.0 0.0 0.0
0.0 0.0 0.0
0.0 0.0 0.0
0.0 0.0 0.0
0.0 0.0 0.0
0.0 0.0 0.0
0.0 0.0 0.0
0.0 0.0 0.0
0.0 0.0 0.0
0.0 0.0 0.0
0.0 0.0 0.0
0.0 0.0 0.0
0.0 0.0 0.0
0.0 0.0 0.0
0.0 0.0 0.0
0.0 0.0 0.0
0.0 0.0 0.0
0.0 0.0 0.0
0.0 0.0 0.0
0.0 0.0 0.0
0.0 0.0 0.0
0.0 0.0 0.0
0.0 0.0 0.0
0.0 0.0 0.0
0.0 0.0 0.0
0.0 0.0 0.0
0.0 0.0 0.0
0.0 0.0 0.0
0.0 0.0 0.0
0.0 0.0 0.0
0.0 0.0 0.0
0.0 0.0 0.0
0.0 0.0 0.0
0.0 0.0 0.0
0.0 0.0 0.0
0.0 0.0 0.0
0.0 0.0 0.0
0.0 0.0 0.0
0.0 0.0 0.0
0.0 0.0 0.0
0.0 0.0 0.0
0.0 0.0 0.0
0.0 0.0 0.0
0.0 0.0 0.0
0.0 0.0 0.0
0.0 0.0 0.0
0.0 0.0 0.0
0.0 0.0 0.0
0.0 0.0 0.0
0.0 0.0 0.0
0.0 0.0 0.0
0.0 0.0 0.0
0.0 0.0 0.0
0.0 0.0 0.0
0.0 0.0 0.0
0.0 0.0 0.0
0.0 0.0 0.0
0.0 0.0 0.0
0.0 0.0 0.0
0.0 0.0 0.0
0.0 0.0 0.0
0.0 0.0 0.0
0.0 0.0 0.0
0.0 0.0 0.0
0.0 0.0 0.0
0.0 0.0 0.0
0.0 0.0 0.0
0.0 0.0 0.0
0.0 0.0 0.0
0.0 0.0 0.0
0.0 0.0 0.0
0.0 0.0 0.0
0.0 0.0 0.0
0.0 0.0 0.0
0.0 0.0 0.0
0.0 0.0 0.0
0.0 0.0 0.0
0.0 0.0 0.0
0.0 0.0 0.0
0.0 0.0 0.0
0.0 0.0 0.0
0.0 0.0 0.0
0.0 0.0 0.0
0.0 0.0 0.0
0.0 0.0 0.0
0.0 0.0 0.0
0.0 0.0 0.0
0.0 0.0 0.0
0.0 0.0 0.0
0.0 0.0 0.0
0.0 0.0 0.0
0.0 0.0 0.0
0.0 0.0 0.0
0.0 0.0 0.0
0.0 0.0 0.0
0.0 0.0 0.0
0.0 0.0 0.0
0.0 0.0 0.0
0.0 0.0 0.0
0.0 0.0 0.0
0.0 0.0 0.0
0.0 0.0 0.0
0.0 0.0 0.0
0.0 0.0 0.0
0.0 0.0 0.0
0.0 0.0 0.0
0.0 0.0 0.0
0.0 0.0 0.0
0.0 0.0 0.0
0.0 0.0 0.0
0.0 0.0 0.0
0.0 0.0 0.0
0.0 0.0 0.0
0.0 0.0 0.0
0.0 0.0 0.0
0.0 0.0 0.0
0.0 0.0 0.0
0.0 0.0 0.0
0.0 0.0 0.0
0.0 0.0 0.0
0.0 0.0 0.0
0.0 0.0 0.0
0.0 0.0 0.0
0.0 0.0 0.0
0.0 0.0 0.0
0.0 0.0 0.0
0.0 0.0 0.0
0.0 0.0 0.0
0.0 0.0 0.0
0.0 0.0 0.0
0.0 0.0 0.0
0.0 0.0 0.0
0.0 0.0 0.0
0.0 0.0 0.0
0.0 0.0 0.0
0.0 0.0 0.0
0.0 0.0 0.0
0.0 0.0 0.0
0.0 0.0 0.0
0.0 0.0 0.0
0.0 0.0 0.0
0.0 0.0 0.0
0.0 0.0 0.0
0.0 0.0 0.0
0.0 0.0 0.0
0.0 0.0 0.0
0.0 0.0 0.0
0.0 0.0 0.0
0.0 0.0 0.0
0.0 0.0 0.0
0.0 0.0 0.0
0.0 0.0 0.0
0.0 0.0 0.0
0.0 0.0 0.0
0.0 0.0 0.0
0.0 0.0 0.0
0.0 0.0 0.0
0.0 0.0 0.0
0.0 0.0 0.0
0.0 0.0 0.0
0.0 0.0 0.0
0.0 0.0 0.0
0.0 0.0 0.0
0.0 0.0 0.0
0.0 0.0 0.0
0.0 0.0 0.0
0.0 0.0 0.0
0.0 0.0 0.0
0.0 0.0 0.0
0.0 0.0 0.0
0.0 0.0 0.0
0.0 0.0 0.0
0.0 0.0 0.0
0.0 0.0 0.0
0.0 0.0 0.0
0.0 0.0 0.0
0.0 0.0 0.0
0.0 0.0 0.0
0.0 0.0 0.0
0.0 0.0 0.0
0.0 0.0 0.0
0.0 0.0 0.0
0.0 0.0 0.0
0.0 0.0 0.0
0.0 0.0 0.0
0.0 0.0 0.0
0.0 0.0 0.0
0.0 0.0 0.0
0.0 0.0 0.0
0.0 0.0 0.0
0.0 0.0 0.0
0.0 0.0 0.0
0.0 0.0 0.0
0.0 0.0 0.0
0.0 0.0 0.0
0.0 0.0 0.0
0.0 0.0 0.0
0.0 0.0 0.0
0.0 0.0 0.0
0.0 0.0 0.0
0.0 0.0 0.0
0.0 0.0 0.0
0.0 0.0 0.0
0.0 0.0 0.0
0.0 0.0 0.0
0.0 0.0 0.0
0.0 0.0 0.0
0.0 0.0 0.0
0.0 0.0 0.0
0.0 0.0 0.0
0.0 0.0 0.0
0.0 0.0 0.0
0.0 0.0 0.0
0.0 0.0 0.0
0.0 0.0 0.0
0.0 0.0 0.0
0.0 0.0 0.0
0.0 0.0 0.0
0.0 0.0 0.0
0.0 0.0 0.0
0.0 0.0 0.0
0.0 0.0 0.0
0.0 0.0 0.0
0.0 0.0 0.0
0.0 0.0 0.0
0.0 0.0 0.0
0.0 0.0 0.0
0.0 0.0 0.0
0.0 0.0 0.0
0.0 0.0 0.0
0.0 0.0 0.0
0.0 0.0 0.0
0.0 0.0 0.0
0.0 0.0 0.0
0.0 0.0 0.0
0.0 0.0 0.0
0.0 0.0 0.0
0.0 0.0 0.0
0.0 0.0 0.0
0.0 0.0 0.0
0.0 0.0 0.0
0.0 0.0 0.0
0.0 0.0 0.0
0.0 0.0 0.0
0.0 0.0 0.0
0.0 0.0 0.0
0.0 0.0 0.0
0.0 0.0 0.0
0.0 0.0 0.0
0.0 0.0 0.0
0.0 0.0 0.0
0.0 0.0 0.0
0.0 0.0 0.0
0.0 0.0 0.0
0.0 0.0 0.0
0.0 0.0 0.0
0.0 0.0 0.0
5331957.837 0.008
5320973.073 0.008
5309983.011 0.008
5298987.663 0.008
5287987.039 0.008
5276981.152 0.008
5265970.011 0.008
5254953.628 0.008
5243932.013 0.009
5232905.178 0.009
5221873.133 0.009
5210835.890 0.009
5199793.459 0.009
5188745.852 0.009
5177693.080 0.009
5166635.152 0.009
5155572.082 0.009
5144503.879 0.009
5133430.554 0.009
5122352.119 0.009
5111268.584 0.009
5100179.961 0.009
5089086.261 0.009
5077987.495 0.009
5066883.673 0.009
5055774.806 0.009
5044660.907 0.009
5033541.986 0.009
5022418.053 0.009
5011289.121 0.009
5000155.199 0.009
4989016.300 0.009
4977872.434 0.009
4966723.613 0.009
4955569.847 0.010
4944411.147 0.010
4933247.525 0.010
4922078.992 0.010
4910905.559 0.010
4899727.237 0.010
4888544.037 0.010
4877355.970 0.010
4866163.047 0.010
4854965.281 0.010
4843762.680 0.010
4832555.258 0.010
4821343.025 0.010
4810125.992 0.010
4798904.170 0.010
4787677.570 0.010
4776446.205 0.010
4765210.084 0.010
4753969.219 0.010
4742723.621 0.010
4731473.302 0.010
4720218.272 0.011
4708958.543 0.011
4697694.126 0.011
4686425.033 0.011
4675151.274 0.011
4663872.860 0.011
4652589.803 0.011
4641302.115 0.011
4630009.806 0.011
4618712.887 0.011
4607411.370 0.011
4596105.266 0.011
4584794.587 0.011
4573479.343 0.011
4562159.546 0.011
4550835.207 0.011
4539506.338 0.011
4528172.949 0.011
4516835.052 0.011
4505492.659 0.012
4494145.780 0.012
4482794.426 0.012
4471438.610 0.012
4460078.342 0.012
4448713.634 0.012
4437344.497 0.012
4425970.943 0.012
4414592.982 0.012
4403210.626 0.012
4391823.886 0.012
4380432.774 0.012
4369037.301 0.012
4357637.478 0.012
4346233.318 0.012
4334824.830 0.012
4323412.026 0.013
4311994.918 0.013
4300573.518 0.013
4289147.835 0.013
4277717.883 0.013
4266283.672 0.013
4254845.214 0.013
4243402.519 0.013
4231955.600 0.013
4220504.468 0.013
4209049.134 0.013
4197589.609 0.013
4186125.905 0.013
4174658.034 0.013
4163186.007 0.013
4151709.835 0.014
4140229.530 0.014
4128745.102 0.014
4117256.564 0.014
4105763.927 0.014
4094267.203 0.014
4082766.402 0.014
4071261.537 0.014
4059752.618 0.014
4048239.658 0.014
4036722.667 0.014
4025201.657 0.014
4013676.640 0.015
4002147.627 0.015
3990614.630 0.015
3979077.659 0.015
3967536.727 0.015
3955991.845 0.015
3944443.025 0.015
3932890.277 0.015
3921333.614 0.015
3909773.047 0.015
3898208.587 0.015
3886640.247 0.015
3875068.036 0.016
3863491.968 0.016
3851912.054 0.016
3840328.304 0.016
3828740.731 0.016
3817149.346 0.016
3805554.161 0.016
3793955.187 0.016
3782352.436 0.016
3770745.920 0.016
3759135.649 0.017
3747521.635 0.017
3735903.891 0.017
3724282.427 0.017
3712657.255 0.017
3701028.387 0.017
3689395.834 0.017
3677759.608 0.017
3666119.720 0.017
3654476.182 0.017
3642829.006 0.018
3631178.204 0.018
3619523.785 0.018
3607865.764 0.018
3596204.150 0.018
3584538.956 0.018
3572870.193 0.018
3561197.874 0.018
3549522.008 0.019
3537842.609 0.019
3526159.687 0.019
3514473.255 0.019
3502783.323 0.019
3491089.904 0.019
3479393.010 0.019
3467692.651 0.019
3455988.840 0.020
3444281.588 0.020
3432570.907 0.020
3420856.808 0.020
3409139.304 0.020
3397418.405 0.020
3385694.124 0.020
3373966.472 0.020
3362235.461 0.021
3350501.102 0.021
3338763.408 0.021
3327022.389 0.021
3315278.058 0.021
3303530.427 0.021
3291779.506 0.021
3280025.308 0.022
3268267.844 0.022
3256507.126 0.022
3244743.166 0.022
3232975.976 0.022
3221205.566 0.022
3209431.950 0.023
3197655.138 0.023
3185875.143 0.023
3174091.976 0.023
3162305.648 0.023
3150516.172 0.023
3138723.559 0.024
3126927.821 0.024
3115128.970 0.024
3103327.018 0.024
3091521.976 0.024
3079713.856 0.025
3067902.669 0.025
3056088.428 0.025
3044271.144 0.025
3032450.830 0.025
3020627.496 0.025
3008801.155 0.026
2996971.818 0.026
2985139.497 0.026
2973304.204 0.026
2961465.951 0.026
2949624.749 0.027
2937780.611 0.027
2925933.547 0.027
2914083.571 0.027
2902230.693 0.028
2890374.925 0.028
2878516.280 0.028
2866654.769 0.028
2854790.404 0.028
2842923.196 0.029
2831053.158 0.029
2819180.301 0.029
2807304.637 0.029
2795426.178 0.030
2783544.936 0.030
2771660.922 0.030
2759774.149 0.030
2747884.629 0.031
2735992.372 0.031
2724097.391 0.031
2712199.698 0.031
2700299.305 0.032
2688396.223 0.032
2676490.464 0.032
2664582.041 0.033
2652670.964 0.033
2640757.247 0.033
2628840.900 0.033
2616921.936 0.034
2605000.366 0.034
2593076.202 0.034
2581149.457 0.035
2569220.142 0.035
2557288.269 0.035
2545353.850 0.036
2533416.896 0.036
2521477.420 0.036
2509535.434 0.037
2497590.948 0.037
2485643.976 0.037
2473694.530 0.038
2461742.620 0.038
2449788.259 0.038
2437831.460 0.039
2425872.233 0.039
2413910.590 0.040
2401946.544 0.040
2389980.107 0.040
2378011.290 0.041
2366040.105 0.041
2354066.565 0.042
2342090.681 0.042
2330112.465 0.042
2318131.928 0.043
2306149.084 0.043
2294163.944 0.044
2282176.519 0.044
2270186.822 0.045
2258194.865 0.045
2246200.659 0.046
2234204.217 0.046
2222205.551 0.047
2210204.672 0.047
2198201.592 0.048
2186196.323 0.048
2174188.878 0.049
2162179.268 0.049
2150167.506 0.050
2138153.602 0.050
2126137.570 0.051
2114119.420 0.051
2102099.166 0.052
2090076.818 0.052
2078052.390 0.053
2066025.893 0.054
2053997.338 0.054
2041966.738 0.055
2029934.106 0.055
2017899.452 0.056
2005862.789 0.057
1993824.128 0.057
1981783.483 0.058
1969740.864 0.059
1957696.284 0.060
1945649.755 0.060
1933601.289 0.061
1921550.897 0.062
1909498.592 0.062
1897444.386 0.063
1885388.291 0.064
1873330.318 0.065
1861270.480 0.066
1849208.789 0.066
1837145.257 0.067
1825079.896 0.068
1813012.717 0.069
1800943.733 0.070
1788872.956 0.071
1776800.398 0.072
1764726.071 0.073
1752649.986 0.074
1740572.157 0.075
1728492.594 0.076
1716411.310 0.077
1704328.318 0.078
1692243.628 0.079
1680157.254 0.080
1668069.206 0.081
1655979.498 0.082
1643888.141 0.083
1631795.147 0.084
1619700.528 0.086
1607604.297 0.087
1595506.465 0.088
1583407.044 0.089
1571306.047 0.091
1559203.485 0.092
1547099.370 0.094
1534993.716 0.095
1522886.533 0.096
1510777.833 0.098
1498667.629 0.099
1486555.933 0.101
1474442.757 0.102
1462328.113 0.104
1450212.013 0.106
1438094.468 0.107
1425975.492 0.109
1413855.096 0.111
1401733.293 0.113
1389610.093 0.115
1377485.510 0.116
1365359.555 0.118
1353232.241 0.120
1341103.580 0.122
1328973.583 0.125
1316842.263 0.127
1304709.631 0.129
1292575.701 0.131
1280440.484 0.133
1268303.991 0.136
1256166.236 0.138
1244027.230 0.141
1231886.985 0.143
1219745.514 0.146
1207602.828 0.149
1195458.940 0.151
1183313.861 0.154
1171167.605 0.157
1159020.182 0.160
1146871.605 0.163
1134721.886 0.167
1122571.037 0.170
1110419.071 0.173
1098265.998 0.177
1086111.833 0.180
1073956.585 0.184
1061800.269 0.188
1049642.895 0.192
1037484.476 0.196
1025325.024 0.200
1013164.551 0.204
1001003.070 0.209
988840.591 0.213
976677.128 0.218
964512.693 0.223
952347.297 0.228
940180.953 0.233
928013.672 0.238
915845.468 0.244
903676.352 0.249
891506.336 0.255
879335.432 0.261
867163.652 0.267
854991.010 0.274
842817.515 0.281
830643.182 0.287
818468.022 0.295
806292.046 0.302
794115.268 0.310
781937.699 0.318
769759.352 0.326
757580.237 0.334
745400.369 0.343
733219.759 0.352
721038.418 0.362
708856.359 0.371
696673.595 0.382
684490.137 0.392
672305.997 0.403
660121.188 0.414
647935.721 0.426
635749.610 0.438
623562.865 0.450
611375.500 0.463
599187.525 0.477
586998.954 0.490
574809.799 0.505
562620.071 0.520
550429.783 0.535
538238.947 0.551
526047.575 0.567
513855.679 0.584
501663.272 0.601
489470.365 0.619
477276.970 0.637
465083.101 0.655
452888.768 0.674
440693.984 0.694
428498.762 0.714
416303.113 0.734
404107.049 0.754
391910.583 0.774
379713.727 0.794
367516.492 0.814
355318.892 0.834
343120.938 0.854
330922.642 0.873
318724.016 0.891
306525.074 0.908
294325.826 0.924
282126.285 0.939
269926.463 0.952
257726.372 0.963
245526.025 0.973
233325.433 0.981
221124.609 0.988
208923.565 0.992
196722.312 0.996
184520.864 0.998
172319.232 0.999
160117.428 1.000
147915.465 1.000
135713.355 1.000
123511.110 1.000
111308.741 1.000
99106.262 1.000
86903.684 1.000
74701.020 1.000
62498.281 1.000
50295.480 1.000
38092.628 1.000
25889.739 1.000
13686.824 1.000
1483.896 1.000
10719.034 1.000
22921.953 1.000
35124.850 1.000
47327.711 1.000
59530.526 1.000
71733.281 1.000
83935.965 1.000
96138.565 1.000
108341.069 1.000
120543.466 1.000
132745.742 1.000
144947.886 1.000
157149.886 1.000
169351.730 0.999
181553.405 0.998
193754.899 0.996
205956.200 0.993
218157.296 0.989
230358.174 0.983
242558.824 0.975
254759.232 0.966
266959.386 0.955
279159.274 0.942
291358.885 0.928
303558.205 0.912
315757.223 0.895
327955.927 0.877
340154.304 0.859
352352.342 0.839
364550.029 0.819
376747.354 0.799
388944.303 0.779
401140.865 0.759
413337.028 0.738
425532.779 0.718
437728.106 0.699
449922.997 0.679
462117.441 0.660
474311.424 0.641
486504.935 0.623
498697.961 0.605
510890.491 0.588
523082.512 0.571
535274.012 0.554
547464.979 0.539
559655.401 0.523
571845.266 0.508
584034.562 0.494
596223.275 0.480
608411.395 0.466
620598.910 0.453
632785.806 0.441
644972.072 0.429
657157.696 0.417
669342.666 0.406
681526.969 0.395
693710.593 0.384
705893.527 0.374
718075.757 0.364
730257.273 0.354
742438.061 0.345
754618.111 0.336
766797.408 0.328
778975.942 0.320
791153.701 0.312
803330.672 0.304
815506.842 0.296
827682.201 0.289
839856.735 0.282
852030.434 0.275
864203.283 0.269
876375.272 0.263
888546.389 0.257
900716.621 0.251
912885.955 0.245
925054.381 0.239
937221.886 0.234
949388.457 0.229
961554.083 0.224
973718.751 0.219
985882.450 0.214
998045.167 0.210
1010206.890 0.205
1022367.608 0.201
1034527.307 0.197
1046685.976 0.193
1058843.603 0.189
1071000.175 0.185
1083155.681 0.181
1095310.108 0.178
1107463.445 0.174
1119615.679 0.171
1131766.798 0.167
1143916.789 0.164
1156065.642 0.161
1168213.344 0.158
1180359.882 0.155
1192505.245 0.152
1204649.420 0.149
1216792.396 0.147
1228934.160 0.144
1241074.701 0.141
1253214.005 0.139
1265352.062 0.136
1277488.859 0.134
1289624.383 0.132
1301758.623 0.129
1313891.567 0.127
1326023.203 0.125
1338153.518 0.123
1350282.501 0.121
1362410.139 0.119
1374536.420 0.117
1386661.332 0.115
1398784.864 0.113
1410907.003 0.111
1423027.737 0.110
1435147.054 0.108
1447264.941 0.106
1459381.388 0.104
1471496.381 0.103
1483609.909 0.101
1495721.959 0.100
1507832.520 0.098
1519941.580 0.097
1532049.126 0.095
1544155.146 0.094
1556259.629 0.092
1568362.562 0.091
1580463.933 0.090
1592563.731 0.089
1604661.942 0.087
1616758.556 0.086
1628853.559 0.085
1640946.941 0.084
1653038.688 0.082
1665128.790 0.081
1677217.233 0.080
1689304.006 0.079
1701389.097 0.078
1713472.493 0.077
1725554.183 0.076
1737634.155 0.075
1749712.397 0.074
1761788.896 0.073
1773863.641 0.072
1785936.619 0.071
1798007.819 0.070
1810077.229 0.069
1822144.836 0.068
1834210.628 0.068
1846274.594 0.067
1858336.721 0.066
1870396.998 0.065
1882455.412 0.064
1894511.952 0.063
1906566.605 0.063
1918619.359 0.062
1930670.203 0.061
1942719.125 0.060
0.0 0.0 0.0
0.0 0.0 0.0
0.0 0.0 0.0
0.0 0.0 0.0
0.0 0.0 0.0
0.0 0.0 0.0
0.0 0.0 0.0
0.0 0.0 0.0
0.0 0.0 0.0
0.0 0.0 0.0
0.0 0.0 0.0
0.0 0.0 0.0
0.0 0.0 0.0
0.0 0.0 0.0
0.0 0.0 0.0
0.0 0.0 0.0
0.0 0.0 0.0
0.0 0.0 0.0
0.0 0.0 0.0
0.0 0.0 0.0
0.0 0.0 0.0
0.0 0.0 0.0
0.0 0.0 0.0
0.0 0.0 0.0
0.0 0.0 0.0
0.0 0.0 0.0
0.0 0.0 0.0
0.0 0.0 0.0
0.0 0.0 0.0
0.0 0.0 0.0
0.0 0.0 0.0
0.0 0.0 0.0
0.0 0.0 0.0
0.0 0.0 0.0
0.0 0.0 0.0
0.0 0.0 0.0
0.0 0.0 0.0
0.0 0.0 0.0
0.0 0.0 0.0
0.0 0.0 0.0
0.0 0.0 0.0
0.0 0.0 0.0
0.0 0.0 0.0
0.0 0.0 0.0
0.0 0.0 0.0
0.0 0.0 0.0
0.0 0.0 0.0
0.0 0.0 0.0
0.0 0.0 0.0
0.0 0.0 0.0
0.0 0.0 0.0
0.0 0.0 0.0
0.0 0.0 0.0
0.0 0.0 0.0
0.0 0.0 0.0
0.0 0.0 0.0
0.0 0.0 0.0
0.0 0.0 0.0
0.0 0.0 0.0
0.0 0.0 0.0
0.0 0.0 0.0
0.0 0.0 0.0
0.0 0.0 0.0
0.0 0.0 0.0
0.0 0.0 0.0
0.0 0.0 0.0
0.0 0.0 0.0
0.0 0.0 0.0
0.0 0.0 0.0
0.0 0.0 0.0
0.0 0.0 0.0
0.0 0.0 0.0
0.0 0.0 0.0
0.0 0.0 0.0
0.0 0.0 0.0
0.0 0.0 0.0
0.0 0.0 0.0
0.0 0.0 0.0
0.0 0.0 0.0
0.0 0.0 0.0
0.0 0.0 0.0
0.0 0.0 0.0
0.0 0.0 0.0
0.0 0.0 0.0
0.0 0.0 0.0
0.0 0.0 0.0
0.0 0.0 0.0
0.0 0.0 0.0
0.0 0.0 0.0
0.0 0.0 0.0
0.0 0.0 0.0
0.0 0.0 0.0
34.142 1563609.092 0.087727961
34.337 1558166.298 0.088091967
34.534 1552736.703 0.088459178
34.732 1547320.451 0.088829603
34.931 1541917.690 0.089203251
35.131 1536528.567 0.089580129
35.333 1531153.232 0.089960247
35.535 1525791.838 0.090343611
35.739 1520444.536 0.090730228
35.944 1515111.483 0.091120104
36.151 1509792.834 0.091513246
36.358 1504488.750 0.091909659
36.567 1499199.389 0.092309348
36.777 1493924.914 0.092712317
36.988 1488665.490 0.093118570
37.200 1483421.282 0.093528109
37.414 1478192.457 0.093940937
37.629 1472979.186 0.094357056
37.846 1467781.639 0.094776467
38.063 1462599.990 0.095199169
38.282 1457434.414 0.095625164
38.503 1452285.088 0.096054448
38.724 1447152.192 0.096487020
38.947 1442035.906 0.096922877
39.171 1436936.414 0.097362015
39.397 1431853.900 0.097804430
39.624 1426788.551 0.098250116
39.853 1421740.557 0.098699066
40.082 1416710.108 0.099151272
40.313 1411697.398 0.099606727
40.546 1406702.621 0.100065420
40.780 1401725.975 0.100527340
41.015 1396767.659 0.100992475
41.252 1391827.874 0.101460813
41.491 1386906.824 0.101932339
41.730 1382004.714 0.102407038
41.971 1377121.751 0.102884892
42.214 1372258.147 0.103365885
42.458 1367414.111 0.103849995
42.704 1362589.859 0.104337204
42.951 1357785.606 0.104827487
43.200 1353001.571 0.105320822
43.450 1348237.974 0.105817184
43.701 1343495.038 0.106316546
43.954 1338772.987 0.106818879
44.209 1334072.049 0.107324154
44.465 1329392.452 0.107832340
44.723 1324734.428 0.108343403
44.982 1320098.210 0.108857308
45.243 1315484.034 0.109374018
45.505 1310892.138 0.109893496
45.769 1306322.761 0.110415700
46.035 1301776.146 0.110940590
46.302 1297252.536 0.111468119
46.571 1292752.179 0.111998244
46.841 1288275.323 0.112530914
47.113 1283822.219 0.113066081
47.387 1279393.119 0.113603692
47.662 1274988.279 0.114143693
47.939 1270607.955 0.114686027
48.217 1266252.407 0.115230635
48.497 1261921.896 0.115777457
48.779 1257616.686 0.116326429
49.063 1253337.041 0.116877486
49.348 1249083.230 0.117430560
49.634 1244855.521 0.117985581
49.922 1240654.187 0.118542475
50.212 1236479.500 0.119101169
50.504 1232331.736 0.119661583
50.797 1228211.172 0.120223639
51.092 1224118.087 0.120787253
51.389 1220052.763 0.121352340
51.687 1216015.482 0.121918812
51.987 1212006.528 0.122486579
52.289 1208026.189 0.123055548
52.592 1204074.753 0.123625621
52.897 1200152.508 0.124196702
53.203 1196259.746 0.124768689
53.512 1192396.762 0.125341477
53.821 1188563.848 0.125914961
54.133 1184761.301 0.126489029
54.446 1180989.418 0.127063571
54.761 1177248.499 0.127638471
55.077 1173538.842 0.128213610
55.395 1169860.751 0.128788869
55.715 1166214.528 0.129364124
56.036 1162600.475 0.129939249
56.359 1159018.899 0.130514114
56.684 1155470.104 0.131088587
57.010 1151954.399 0.131662535
57.338 1148472.090 0.132235819
57.667 1145023.485 0.132808299
57.998 1141608.895 0.133379834
58.330 1138228.629 0.133950277
58.664 1134882.997 0.134519480
58.999 1131572.310 0.135087292
59.336 1128296.880 0.135653560
59.674 1125057.017 0.136218128
60.014 1121853.034 0.136780839
60.355 1118685.242 0.137341530
60.698 1115553.953 0.137900039
61.041 1112459.478 0.138456201
61.387 1109402.129 0.139009847
61.733 1106382.217 0.139560807
62.081 1103400.053 0.140108911
62.430 1100455.947 0.140653982
62.781 1097550.207 0.141195847
63.132 1094683.144 0.141734325
63.485 1091855.064 0.142269239
63.839 1089066.274 0.142800406
64.194 1086317.080 0.143327643
64.550 1083607.786 0.143850767
64.906 1080938.696 0.144369591
65.264 1078310.110 0.144883928
65.623 1075722.329 0.145393590
65.983 1073175.649 0.145898388
66.343 1070670.368 0.146398132
66.704 1068206.779 0.146892631
67.066 1065785.175 0.147381695
67.428 1063405.843 0.147865130
67.790 1061069.072 0.148342746
68.153 1058775.146 0.148814350
68.517 1056524.346 0.149279749
68.881 1054316.950 0.149738752
69.244 1052153.235 0.150191167
69.608 1050033.473 0.150636803
69.972 1047957.932 0.151075469
70.335 1045926.878 0.151506976
70.699 1043940.573 0.151931134
71.062 1041999.276 0.152347757
71.424 1040103.239 0.152756658
71.785 1038252.713 0.153157653
72.146 1036447.944 0.153550558
72.505 1034689.172 0.153935194
72.864 1032976.636 0.154311380
73.220 1031310.567 0.154678941
73.576 1029691.192 0.155037702
73.929 1028118.734 0.155387492
74.280 1026593.410 0.155728143
74.629 1025115.431 0.156059488
74.975 1023685.005 0.156381367
75.318 1022302.333 0.156693619
75.657 1020967.610 0.156996089
75.993 1019681.026 0.157288626
76.325 1018442.764 0.157571083
76.652 1017253.003 0.157843315
76.974 1016111.913 0.158105185
77.291 1015019.661 0.158356556
77.602 1013976.405 0.158597299
77.906 1012982.298 0.158827288
78.203 1012037.485 0.159046404
78.492 1011142.106 0.159254530
78.772 1010296.293 0.159451557
79.043 1009500.172 0.159637381
79.304 1008753.860 0.159811902
79.554 1008057.470 0.159975026
79.791 1007411.105 0.160126665
80.016 1006814.862 0.160266739
80.227 1006268.832 0.160395170
80.423 1005773.096 0.160511890
80.603 1005327.730 0.160616834
80.766 1004932.800 0.160709945
80.912 1004588.367 0.160791173
81.038 1004294.482 0.160860471
81.145 1004051.192 0.160917803
81.232 1003858.531 0.160963136
81.297 1003716.531 0.160996446
81.341 1003625.211 0.161017714
81.363 1003584.587 0.161026927
81.363 1003594.664 0.161024081
81.341 1003655.441 0.161009178
81.297 1003766.909 0.160982224
81.232 1003929.049 0.160943235
81.145 1004141.838 0.160892232
81.038 1004405.243 0.160829243
80.912 1004719.224 0.160754301
80.767 1005083.733 0.160667449
80.603 1005498.715 0.160568733
80.423 1005964.106 0.160458207
80.227 1006479.836 0.160335930
80.017 1007045.828 0.160201970
79.792 1007661.995 0.160056398
79.554 1008328.245 0.159899293
79.305 1009044.478 0.159730739
79.044 1009810.587 0.159550826
78.774 1010626.458 0.159359650
78.493 1011491.968 0.159157312
78.205 1012406.990 0.158943920
77.908 1013371.389 0.158719586
77.604 1014385.023 0.158484426
77.294 1015447.742 0.158238564
76.977 1016559.392 0.157982126
76.656 1017719.812 0.157715245
76.329 1018928.832 0.157438058
75.997 1020186.280 0.157150704
75.662 1021491.975 0.156853330
75.322 1022845.730 0.156546085
74.980 1024247.353 0.156229122
74.634 1025696.647 0.155902597
74.286 1027193.408 0.155566670
73.935 1028737.427 0.155221507
73.583 1030328.490 0.154867272
73.228 1031966.378 0.154504137
72.872 1033650.866 0.154132273
72.514 1035381.725 0.153751856
72.155 1037158.721 0.153363063
71.795 1038981.614 0.152966073
71.434 1040850.162 0.152561070
71.072 1042764.118 0.152148235
70.710 1044723.229 0.151727755
70.347 1046727.239 0.151299816
69.984 1048775.890 0.150864606
69.621 1050868.918 0.150422315
69.258 1053006.055 0.149973132
68.895 1055187.032 0.149517248
68.532 1057411.574 0.149054854
68.169 1059679.405 0.148586143
67.807 1061990.245 0.148111307
67.445 1064343.811 0.147630537
67.083 1066739.817 0.147144026
66.722 1069177.977 0.146651967
66.362 1071657.998 0.146154549
66.002 1074179.590 0.145651965
65.643 1076742.456 0.145144405
65.285 1079346.300 0.144632059
64.928 1081990.823 0.144115115
64.572 1084675.724 0.143593762
64.217 1087400.702 0.143068184
63.862 1090165.453 0.142538569
63.509 1092969.672 0.142005099
63.157 1095813.053 0.141467957
62.807 1098695.289 0.140927324
62.457 1101616.071 0.140383378
62.109 1104575.090 0.139836297
61.761 1107572.038 0.139286256
61.416 1110606.602 0.138733428
61.071 1113678.473 0.138177985
60.728 1116787.340 0.137620095
60.386 1119932.890 0.137059925
60.046 1123114.812 0.136497641
59.707 1126332.794 0.135933403
59.369 1129586.524 0.135367372
59.033 1132875.692 0.134799705
58.699 1136199.984 0.134230557
58.366 1139559.091 0.133660080
58.034 1142952.702 0.133088424
57.704 1146380.506 0.132515736
57.376 1149842.194 0.131942160
57.049 1153337.457 0.131367838
56.723 1156865.986 0.130792909
56.400 1160427.475 0.130217509
56.077 1164021.617 0.129641772
55.757 1167648.106 0.129065828
55.438 1171306.638 0.128489805
55.121 1174996.910 0.127913828
54.805 1178718.619 0.127338020
54.491 1182471.464 0.126762499
54.179 1186255.146 0.126187384
53.868 1190069.366 0.125612788
53.559 1193913.828 0.125038821
53.251 1197788.237 0.124465592
52.945 1201692.297 0.123893208
52.641 1205625.717 0.123321770
52.339 1209588.206 0.122751380
52.038 1213579.475 0.122182133
51.739 1217599.237 0.121614126
51.441 1221647.205 0.121047450
51.145 1225723.096 0.120482194
50.851 1229826.628 0.119918445
50.559 1233957.521 0.119356288
50.268 1238115.495 0.118795805
49.979 1242300.275 0.118237073
49.691 1246511.586 0.117680170
49.405 1250749.155 0.117125170
49.121 1255012.712 0.116572144
48.838 1259301.988 0.116021162
48.557 1263616.716 0.115472291
48.278 1267956.632 0.114925595
48.000 1272321.474 0.114381136
47.724 1276710.980 0.113838975
47.449 1281124.892 0.113299169
47.177 1285562.955 0.112761773
46.905 1290024.914 0.112226841
46.636 1294510.516 0.111694425
46.368 1299019.513 0.111164574
46.101 1303551.657 0.110637334
45.836 1308106.701 0.110112751
45.573 1312684.403 0.109590869
45.311 1317284.520 0.109071728
45.051 1321906.815 0.108555369
44.792 1326551.051 0.108041828
44.535 1331216.991 0.107531142
44.280 1335904.405 0.107023345
44.026 1340613.061 0.106518469
43.773 1345342.731 0.106016546
43.522 1350093.190 0.105517603
43.273 1354864.213 0.105021669
43.025 1359655.578 0.104528770
42.779 1364467.067 0.104038929
42.534 1369298.461 0.103552171
42.290 1374149.545 0.103068517
42.048 1379020.107 0.102587986
41.808 1383909.935 0.102110598
41.568 1388818.821 0.101636370
41.331 1393746.556 0.101165319
41.095 1398692.938 0.100697458
40.860 1403657.764 0.100232803
40.626 1408640.832 0.099771365
40.394 1413641.944 0.099313156
40.164 1418660.905 0.098858187
39.935 1423697.520 0.098406466
39.707 1428751.597 0.097958001
39.480 1433822.945 0.097512800
39.255 1438911.376 0.097070869
39.032 1444016.704 0.096632213
38.809 1449138.746 0.096196836
38.588 1454277.318 0.095764742
38.368 1459432.240 0.095335934
38.150 1464603.335 0.094910412
37.933 1469790.425 0.094488179
37.717 1474993.337 0.094069233
37.503 1480211.898 0.093653575
37.289 1485445.936 0.093241203
37.077 1490695.284 0.092832115
36.867 1495959.775 0.092426309
36.657 1501239.242 0.092023780
36.449 1506533.524 0.091624526
36.242 1511842.459 0.091228541
36.036 1517165.886 0.090835820
35.832 1522503.649 0.090446358
35.628 1527855.590 0.090060148
35.426 1533221.557 0.089677184
35.225 1538601.395 0.089297459
35.026 1543994.954 0.088920964
34.827 1549402.086 0.088547692
34.630 1554822.642 0.088177634
34.433 1560256.476 0.087810782
34.238 1565703.445 0.087447125
34.044 1571163.405 0.087086655
33.851 1576636.217 0.086729360
33.659 1582121.739 0.086375232
33.469 1587619.836 0.086024258
33.279 1593130.370 0.085676429
33.091 1598653.206 0.085331733
32.903 1604188.213 0.084990158
32.717 1609735.257 0.084651692
32.532 1615294.209 0.084316324
32.348 1620864.941 0.083984041
32.164 1626447.325 0.083654831
31.982 1632041.235 0.083328681
31.801 1637646.548 0.083005578
31.621 1643263.140 0.082685510
31.442 1648890.890 0.082368463
31.264 1654529.678 0.082054423
31.087 1660179.385 0.081743378
30.911 1665839.895 0.081435314
30.736 1671511.090 0.081130217
30.562 1677192.857 0.080828073
30.389 1682885.083 0.080528869
30.217 1688587.654 0.080232590
30.045 1694300.461 0.079939223
29.875 1700023.394 0.079648753
29.706 1705756.344 0.079361167
29.537 1711499.206 0.079076450
29.370 1717251.873 0.078794588
29.203 1723014.240 0.078515566
29.038 1728786.204 0.078239372
28.873 1734567.664 0.077965989
28.709 1740358.518 0.077695405
28.546 1746158.667 0.077427604
28.384 1751968.011 0.077162574
28.223 1757786.453 0.076900298
28.062 1763613.897 0.076640764
27.903 1769450.248 0.076383956
27.744 1775295.410 0.076129862
27.586 1781149.292 0.075878466
27.429 1787011.801 0.075629755
27.273 1792882.846 0.075383716
27.118 1798762.336 0.075140333
26.963 1804650.184 0.074899593
26.809 1810546.300 0.074661483
26.656 1816450.599 0.074425988
26.504 1822362.993 0.074193096
26.353 1828283.398 0.073962792
26.202 1834211.730 0.073735064
26.052 1840147.906 0.073509897
25.903 1846091.844 0.073287279
25.755 1852043.462 0.073067197
25.607 1858002.680 0.072849637
25.461 1863969.418 0.072634587
25.315 1869943.599 0.072422034
25.169 1875925.144 0.072211965
25.025 1881913.976 0.072004368
24.881 1887910.021 0.071799230
24.738 1893913.202 0.071596540
24.595 1899923.446 0.071396284
24.454 1905940.679 0.071198451
24.313 1911964.828 0.071003029
24.172 1917995.822 0.070810007
24.033 1924033.590 0.070619373
23.894 1930078.061 0.070431114
23.756 1936129.166 0.070245221
23.618 1942186.838 0.070061682
23.481 1948251.006 0.069880486
23.345 1954321.606 0.069701623
23.209 1960398.569 0.069525080
23.074 1966481.831 0.069350849
22.940 1972571.327 0.069178919
22.806 1978666.991 0.069009279
22.673 1984768.762 0.068841920
22.541 1990876.576 0.068676832
22.409 1996990.371 0.068514006
22.278 2003110.085 0.068353431
22.147 2009235.657 0.068195099
22.017 2015367.029 0.068039000
21.888 2021504.139 0.067885126
21.759 2027646.930 0.067733467
21.631 2033795.342 0.067584016
21.504 2039949.319 0.067436765
21.377 2046108.803 0.067291704
21.250 2052273.739 0.067148826
21.125 2058444.070 0.067008123
20.999 2064619.742 0.066869588
20.875 2070800.699 0.066733213
20.751 2076986.888 0.066598992
20.627 2083178.255 0.066466917
20.504 2089374.749 0.066336981
20.382 2095576.315 0.066209178
20.260 2101782.903 0.066083502
20.139 2107994.462 0.065959947
20.018 2114210.941 0.065838506
