20.035 2104926.224 0.066270417
20.152 2098979.522 0.066387932
20.269 2093039.364 0.066507372
20.386 2087105.814 0.066628741
20.504 2081178.935 0.066752041
20.622 2075258.789 0.066877275
20.741 2069345.443 0.067004447
20.860 2063438.960 0.067133559
20.980 2057539.406 0.067264616
21.100 2051646.849 0.067397620
21.221 2045761.355 0.067532576
21.342 2039882.991 0.067669487
21.464 2034011.827 0.067808356
21.586 2028147.931 0.067949189
21.709 2022291.373 0.068091989
21.832 2016442.224 0.068236759
21.956 2010600.555 0.068383506
22.080 2004766.437 0.068532232
22.204 1998939.945 0.068682942
22.330 1993121.150 0.068835641
22.455 1987310.127 0.068990334
22.581 1981506.951 0.069147025
22.708 1975711.698 0.069305719
22.835 1969924.444 0.069466420
22.963 1964145.266 0.069629135
23.092 1958374.243 0.069793867
23.220 1952611.453 0.069960622
23.350 1946856.975 0.070129405
23.480 1941110.891 0.070300221
23.610 1935373.281 0.070473075
23.741 1929644.228 0.070647973
23.873 1923923.813 0.070824919
24.005 1918212.122 0.071003920
24.137 1912509.238 0.071184981
24.271 1906815.248 0.071368106
24.404 1901130.237 0.071553302
24.539 1895454.292 0.071740573
24.674 1889787.502 0.071929926
24.809 1884129.955 0.072121365
24.945 1878481.742 0.072314897
25.082 1872842.954 0.072510526
25.219 1867213.681 0.072708258
25.357 1861594.018 0.072908098
25.495 1855984.056 0.073110053
25.634 1850383.892 0.073314126
25.773 1844793.620 0.073520325
25.913 1839213.336 0.073728653
26.054 1833643.140 0.073939116
26.195 1828083.128 0.074151720
26.337 1822533.400 0.074366470
26.480 1816994.058 0.074583370
26.623 1811465.202 0.074802426
26.767 1805946.935 0.075023643
26.911 1800439.360 0.075247026
27.056 1794942.583 0.075472579
27.202 1789456.708 0.075700308
27.348 1783981.843 0.075930216
27.495 1778518.096 0.076162309
27.642 1773065.575 0.076396590
27.790 1767624.391 0.076633065
27.939 1762194.654 0.076871736
28.088 1756776.477 0.077112609
28.238 1751369.974 0.077355687
28.389 1745975.258 0.077600974
28.540 1740592.446 0.077848473
28.692 1735221.655 0.078098187
28.845 1729863.002 0.078350121
28.998 1724516.606 0.078604276
29.152 1719182.589 0.078860656
29.307 1713861.071 0.079119263
29.462 1708552.176 0.079380100
29.618 1703256.028 0.079643168
29.774 1697972.751 0.079908470
29.931 1692702.472 0.080176007
30.089 1687445.320 0.080445781
30.248 1682201.423 0.080717792
30.407 1676970.911 0.080992042
30.567 1671753.916 0.081268530
30.727 1666550.570 0.081547258
30.889 1661361.009 0.081828225
31.051 1656185.367 0.082111431
31.213 1651023.781 0.082396875
31.376 1645876.389 0.082684555
31.540 1640743.331 0.082974471
31.705 1635624.747 0.083266620
31.870 1630520.780 0.083561001
32.036 1625431.572 0.083857610
32.203 1620357.270 0.084156445
32.370 1615298.018 0.084457501
32.538 1610253.966 0.084760776
32.707 1605225.260 0.085066264
32.877 1600212.053 0.085373960
33.047 1595214.496 0.085683861
33.218 1590232.742 0.085995958
33.389 1585266.945 0.086310247
33.561 1580317.262 0.086626719
33.734 1575383.850 0.086945369
33.908 1570466.869 0.087266187
34.082 1565566.478 0.087589164
34.257 1560682.840 0.087914293
34.433 1555816.117 0.088241563
34.609 1550966.475 0.088570963
34.786 1546134.080 0.088902482
34.964 1541319.099 0.089236109
35.142 1536521.701 0.089571831
35.322 1531742.059 0.089909635
35.501 1526980.342 0.090249507
35.682 1522236.726 0.090591432
35.863 1517511.385 0.090935396
36.045 1512804.495 0.091281382
36.227 1508116.236 0.091629373
36.410 1503446.787 0.091979352
36.594 1498796.328 0.092331300
36.779 1494165.043 0.092685197
36.964 1489553.115 0.093041024
37.149 1484960.730 0.093398759
37.336 1480388.075 0.093758380
37.523 1475835.340 0.094119866
37.711 1471302.713 0.094483190
37.899 1466790.387 0.094848330
38.088 1462298.554 0.095215259
38.277 1457827.410 0.095583951
38.468 1453377.150 0.095954377
38.658 1448947.971 0.096326510
38.850 1444540.073 0.096700319
39.042 1440153.657 0.097075773
39.234 1435788.923 0.097452841
39.428 1431446.076 0.097831489
39.621 1427125.320 0.098211684
39.816 1422826.861 0.098593390
40.011 1418550.907 0.098976571
40.206 1414297.667 0.099361189
40.402 1410067.352 0.099747205
40.598 1405860.173 0.100134581
40.795 1401676.343 0.100523273
40.993 1397516.077 0.100913240
41.191 1393379.590 0.101304439
41.389 1389267.101 0.101696825
41.588 1385178.826 0.102090350
41.788 1381114.987 0.102484969
41.987 1377075.804 0.102880631
42.188 1373061.499 0.103277288
42.388 1369072.295 0.103674888
42.589 1365108.418 0.104073377
42.791 1361170.093 0.104472702
42.992 1357257.547 0.104872808
43.194 1353371.009 0.105273637
43.397 1349510.706 0.105675132
43.600 1345676.871 0.106077232
43.803 1341869.733 0.106479878
44.006 1338089.525 0.106883006
44.210 1334336.481 0.107286552
44.413 1330610.834 0.107690452
44.617 1326912.820 0.108094639
44.821 1323242.674 0.108499045
45.026 1319600.634 0.108903600
45.230 1315986.937 0.109308233
45.435 1312401.821 0.109712873
45.639 1308845.525 0.110117446
45.844 1305318.288 0.110521875
46.049 1301820.353 0.110926086
46.254 1298351.958 0.111330000
46.458 1294913.345 0.111733537
46.663 1291504.757 0.112136618
46.867 1288126.436 0.112539159
47.072 1284778.623 0.112941078
47.276 1281461.563 0.113342289
47.480 1278175.499 0.113742708
47.684 1274920.674 0.114142245
47.888 1271697.331 0.114540813
48.091 1268505.715 0.114938321
48.294 1265346.069 0.115334679
48.497 1262218.637 0.115729794
48.699 1259123.663 0.116123571
48.901 1256061.390 0.116515917
49.102 1253032.062 0.116906735
49.303 1250035.921 0.117295929
49.503 1247073.211 0.117683399
49.703 1244144.174 0.118069047
49.902 1241249.051 0.118452772
50.100 1238388.083 0.118834474
50.298 1235561.512 0.119214050
50.495 1232769.577 0.119591396
50.690 1230012.518 0.119966410
50.885 1227290.572 0.120338986
51.079 1224603.977 0.120709019
51.273 1221952.970 0.121076403
51.464 1219337.785 0.121441031
51.655 1216758.657 0.121802796
51.845 1214215.819 0.122161590
52.034 1211709.501 0.122517304
52.221 1209239.935 0.122869829
52.407 1206807.348 0.123219057
52.591 1204411.968 0.123564878
52.774 1202054.019 0.123907182
52.956 1199733.726 0.124245860
53.136 1197451.310 0.124580801
53.314 1195206.991 0.124911896
53.490 1193000.986 0.125239035
53.665 1190833.511 0.125562107
53.838 1188704.779 0.125881004
54.009 1186615.002 0.126195617
54.178 1184564.388 0.126505835
54.345 1182553.143 0.126811551
54.510 1180581.471 0.127112657
54.673 1178649.573 0.127409046
54.834 1176757.647 0.127700610
54.992 1174905.889 0.127987243
55.148 1173094.491 0.128268842
55.301 1171323.643 0.128545301
55.452 1169593.530 0.128816517
55.600 1167904.336 0.129082388
55.746 1166256.242 0.129342814
55.889 1164649.422 0.129597694
56.029 1163084.051 0.129846931
56.166 1161560.299 0.130090427
56.300 1160078.330 0.130328087
56.432 1158638.307 0.130559819
56.560 1157240.388 0.130785528
56.685 1155884.729 0.131005126
56.807 1154571.479 0.131218524
56.925 1153300.785 0.131425635
57.040 1152072.790 0.131626375
57.152 1150887.631 0.131820662
57.260 1149745.443 0.132008415
57.364 1148646.356 0.132189557
57.465 1147590.494 0.132364012
57.563 1146577.979 0.132531707
57.656 1145608.927 0.132692571
57.746 1144683.449 0.132846536
57.832 1143801.652 0.132993537
57.914 1142963.640 0.133133510
57.992 1142169.508 0.133266396
58.066 1141419.351 0.133392138
58.136 1140713.255 0.133510681
58.202 1140051.304 0.133621973
58.263 1139433.576 0.133725966
58.321 1138860.143 0.133822615
58.374 1138331.073 0.133911877
58.423 1137846.429 0.133993713
58.467 1137406.268 0.134068087
58.508 1137010.644 0.134134965
58.544 1136659.602 0.134194319
58.575 1136353.185 0.134246122
58.602 1136091.430 0.134290351
58.625 1135874.367 0.134326986
58.643 1135702.024 0.134356010
58.657 1135574.421 0.134377411
58.666 1135491.573 0.134391179
58.671 1135453.490 0.134397307
58.671 1135460.177 0.134395793
58.667 1135511.634 0.134386637
58.658 1135607.855 0.134369842
58.645 1135748.828 0.134345417
58.628 1135934.537 0.134313372
58.605 1136164.960 0.134273721
58.579 1136440.070 0.134226481
58.548 1136759.834 0.134171674
58.513 1137124.214 0.134109322
58.473 1137533.168 0.134039453
58.429 1137986.646 0.133962099
58.381 1138484.597 0.133877292
58.328 1139026.960 0.133785070
58.271 1139613.672 0.133685473
58.210 1140244.665 0.133578544
58.145 1140919.864 0.133464329
58.076 1141639.190 0.133342878
58.002 1142402.560 0.133214244
57.925 1143209.885 0.133078481
57.843 1144061.070 0.132935647
57.758 1144956.018 0.132785804
57.669 1145894.625 0.132629014
57.576 1146876.784 0.132465345
57.479 1147902.380 0.132294865
57.379 1148971.298 0.132117645
57.275 1150083.416 0.131933760
57.167 1151238.607 0.131743285
57.056 1152436.740 0.131546299
56.942 1153677.682 0.131342883
56.824 1154961.292 0.131133119
56.703 1156287.428 0.130917094
56.578 1157655.942 0.130694893
56.451 1159066.682 0.130466606
56.320 1160519.494 0.130232324
56.186 1162014.219 0.129992139
56.050 1163550.692 0.129746145
55.910 1165128.748 0.129494438
55.768 1166748.217 0.129237115
55.623 1168408.925 0.128974275
55.475 1170110.693 0.128706019
55.325 1171853.343 0.128432446
55.172 1173636.690 0.128153660
55.017 1175460.548 0.127869764
54.859 1177324.725 0.127580863
54.699 1179229.030 0.127287062
54.537 1181173.266 0.126988467
54.372 1183157.234 0.126685185
54.206 1185180.733 0.126377323
54.037 1187243.559 0.126064990
53.867 1189345.505 0.125748295
53.694 1191486.363 0.125427346
53.520 1193665.920 0.125102253
53.344 1195883.962 0.124773125
53.166 1198140.274 0.124440073
52.987 1200434.639 0.124103206
52.806 1202766.835 0.123762634
52.624 1205136.640 0.123418467
52.440 1207543.832 0.123070815
52.254 1209988.184 0.122719788
52.068 1212469.469 0.122365494
51.880 1214987.459 0.122008043
51.690 1217541.922 0.121647544
51.500 1220132.629 0.121284105
51.309 1222759.344 0.120917834
51.116 1225421.835 0.120548838
50.923 1228119.866 0.120177223
50.728 1230853.201 0.119803096
50.533 1233621.601 0.119426561
50.337 1236424.829 0.119047724
50.140 1239262.645 0.118666687
49.942 1242134.810 0.118283555
49.743 1245041.083 0.117898428
49.544 1247981.222 0.117511407
49.345 1250954.986 0.117122594
49.144 1253962.133 0.116732085
48.943 1257002.419 0.116339981
48.742 1260075.602 0.115946376
48.540 1263181.439 0.115551367
48.338 1266319.686 0.115155049
48.136 1269490.100 0.114757515
47.933 1272692.436 0.114358856
47.730 1275926.452 0.113959165
47.526 1279191.903 0.113558530
47.323 1282488.547 0.113157039
47.119 1285816.139 0.112754781
46.915 1289174.437 0.112351840
46.711 1292563.198 0.111948301
46.507 1295982.179 0.111544247
46.302 1299431.139 0.111139760
46.098 1302909.835 0.110734920
45.894 1306418.027 0.110329805
45.690 1309955.474 0.109924495
45.485 1313521.936 0.109519063
45.281 1317117.174 0.109113586
45.077 1320740.948 0.108708136
44.873 1324393.022 0.108302786
44.670 1328073.156 0.107897605
44.466 1331781.116 0.107492663
44.263 1335516.666 0.107088028
44.060 1339279.570 0.106683766
43.857 1343069.595 0.106279940
43.654 1346886.508 0.105876616
43.452 1350730.077 0.105473854
43.250 1354600.071 0.105071716
43.049 1358496.261 0.104670260
42.847 1362418.417 0.104269545
42.646 1366366.312 0.103869626
42.446 1370339.719 0.103470559
42.245 1374338.412 0.103072397
42.046 1378362.169 0.102675193
41.846 1382410.765 0.102278998
41.647 1386483.978 0.101883861
41.449 1390581.589 0.101489831
41.251 1394703.377 0.101096954
41.053 1398849.125 0.100705278
40.856 1403018.616 0.100314845
40.660 1407211.634 0.099925699
40.464 1411427.966 0.099537883
40.268 1415667.399 0.099151436
40.073 1419929.721 0.098766400
39.879 1424214.722 0.098382811
39.685 1428522.194 0.098000707
39.491 1432851.930 0.097620125
39.299 1437203.724 0.097241099
39.106 1441577.371 0.096863662
38.915 1445972.668 0.096487848
38.724 1450389.415 0.096113688
38.533 1454827.411 0.095741213
38.344 1459286.458 0.095370451
38.154 1463766.358 0.095001432
37.966 1468266.916 0.094634183
37.778 1472787.939 0.094268729
37.590 1477329.232 0.093905098
37.404 1481890.605 0.093543312
37.218 1486471.869 0.093183396
37.032 1491072.835 0.092825371
36.848 1495693.316 0.092469261
36.663 1500333.128 0.092115085
36.480 1504992.086 0.091762863
36.297 1509670.009 0.091412615
36.115 1514366.716 0.091064358
35.934 1519082.028 0.090718110
35.753 1523815.766 0.090373888
35.573 1528567.755 0.090031708
35.393 1533337.821 0.089691584
35.215 1538125.789 0.089353531
35.037 1542931.488 0.089017562
34.859 1547754.748 0.088683691
34.682 1552595.400 0.088351929
34.506 1557453.277 0.088022288
34.331 1562328.213 0.087694779
34.156 1567220.044 0.087369412
33.982 1572128.607 0.087046197
33.809 1577053.740 0.086725142
33.637 1581995.283 0.086406257
33.465 1586953.078 0.086089548
33.293 1591926.968 0.085775024
33.123 1596916.796 0.085462690
32.953 1601922.410 0.085152554
32.784 1606943.656 0.084844620
32.615 1611980.382 0.084538894
32.448 1617032.440 0.084235381
32.281 1622099.679 0.083934084
32.114 1627181.953 0.083635008
31.948 1632279.116 0.083338155
31.783 1637391.023 0.083043529
31.619 1642517.532 0.082751133
31.455 1647658.501 0.082460967
31.292 1652813.789 0.082173035
31.130 1657983.257 0.081887336
30.968 1663166.768 0.081603873
30.808 1668364.185 0.081322646
30.647 1673575.373 0.081043654
30.488 1678800.199 0.080766898
30.329 1684038.529 0.080492378
30.170 1689290.233 0.080220093
30.013 1694555.181 0.079950041
29.856 1699833.244 0.079682222
29.700 1705124.294 0.079416634
29.544 1710428.206 0.079153275
29.389 1715744.855 0.078892144
29.235 1721074.116 0.078633237
29.081 1726415.868 0.078376552
28.928 1731769.989 0.078122087
28.776 1737136.359 0.077869839
28.624 1742514.860 0.077619805
28.473 1747905.373 0.077371980
28.323 1753307.782 0.077126363
28.173 1758721.971 0.076882948
28.024 1764147.827 0.076641732
27.875 1769585.236 0.076402712
27.727 1775034.087 0.076165883
27.580 1780494.267 0.075931240
27.434 1785965.669 0.075698780
27.288 1791448.183 0.075468498
27.142 1796941.701 0.075240388
26.997 1802446.117 0.075014447
26.853 1807961.326 0.074790670
26.710 1813487.224 0.074569051
26.567 1819023.706 0.074349586
26.425 1824570.671 0.074132269
26.283 1830128.017 0.073917095
26.142 1835695.645 0.073704059
26.001 1841273.455 0.073493156
25.861 1846861.349 0.073284380
25.722 1852459.229 0.073077726
25.583 1858067.000 0.072873189
25.445 1863684.566 0.072670762
25.308 1869311.833 0.072470441
25.171 1874948.708 0.072272219
25.034 1880595.097 0.072076092
24.898 1886250.910 0.071882053
24.763 1891916.057 0.071690098
24.629 1897590.446 0.071500220
24.494 1903273.991 0.071312414
24.361 1908966.602 0.071126674
24.228 1914668.193 0.070942995
24.095 1920378.678 0.070761371
23.963 1926097.971 0.070581797
23.832 1931825.989 0.070404267
23.701 1937562.648 0.070228776
23.571 1943307.865 0.070055318
23.441 1949061.558 0.069883888
23.312 1954823.646 0.069714481
23.183 1960594.049 0.069547090
23.055 1966372.688 0.069381712
22.928 1972159.485 0.069218340
22.801 1977954.360 0.069056970
22.674 1983757.239 0.068897597
22.548 1989568.043 0.068740215
22.422 1995386.698 0.068584819
22.297 2001213.129 0.068431405
22.173 2007047.262 0.068279969
22.049 2012889.024 0.068130504
21.925 2018738.342 0.067983007
21.802 2024595.144 0.067837473
21.680 2030459.361 0.067693898
21.558 2036330.920 0.067552277
21.436 2042209.753 0.067412606
21.315 2048095.791 0.067274881
21.195 2053988.965 0.067139098
21.075 2059889.208 0.067005252
20.955 2065796.453 0.066873341
20.836 2071710.634 0.066743360
20.717 2077631.685 0.066615306
20.599 2083559.541 0.066489175
20.481 2089494.138 0.066364964
20.364 2095435.413 0.066242670
20.247 2101383.302 0.066122290
20.131 2107337.743 0.066003821
20.015 2113298.674 0.065887259
572651.312 0.507
563221.286 0.519
553790.698 0.531
544359.560 0.543
534927.880 0.555
525495.667 0.568
516062.931 0.581
506629.682 0.594
497195.928 0.607
487761.679 0.621
478326.945 0.635
468891.734 0.650
459456.057 0.664
450019.922 0.679
440583.340 0.694
431146.319 0.709
421708.868 0.725
412270.998 0.740
402832.718 0.756
393394.036 0.772
383954.963 0.787
374515.508 0.803
365075.680 0.818
355635.488 0.834
346194.943 0.849
336754.053 0.864
327312.828 0.878
317871.277 0.892
308429.409 0.905
298987.234 0.918
289544.762 0.930
280102.002 0.941
270658.963 0.951
261215.654 0.960
251772.086 0.968
242328.266 0.976
232884.206 0.982
223439.914 0.987
213995.399 0.991
204550.671 0.994
195105.740 0.996
185660.614 0.998
176215.304 0.999
166769.818 0.999
157324.166 1.000
147878.358 1.000
138432.402 1.000
128986.309 1.000
119540.087 1.000
110093.747 1.000
100647.296 1.000
91200.746 1.000
81754.104 1.000
72307.382 1.000
62860.587 1.000
53413.730 1.000
43966.819 1.000
34519.865 1.000
25072.877 1.000
15625.863 1.000
6178.834 1.000
3268.201 1.000
12715.233 1.000
22162.252 1.000
31609.249 1.000
41056.215 1.000
50503.140 1.000
59950.015 1.000
69396.830 1.000
78843.575 1.000
88290.243 1.000
97736.822 1.000
107183.304 1.000
116629.680 1.000
126075.939 1.000
135522.073 1.000
144968.072 1.000
154413.927 1.000
163859.628 0.999
173305.166 0.999
182750.531 0.998
192195.715 0.996
201640.707 0.994
211085.499 0.992
220530.080 0.988
229974.442 0.983
239418.575 0.978
248862.470 0.971
258306.116 0.963
267749.506 0.954
277192.630 0.944
286635.477 0.934
296078.039 0.922
305520.306 0.909
314962.270 0.896
324403.919 0.883
333845.246 0.868
343286.241 0.854
352726.894 0.839
362167.195 0.823
371607.137 0.808
381046.708 0.792
390485.900 0.776
399924.703 0.761
409363.109 0.745
418801.107 0.729
428238.688 0.714
437675.842 0.699
447112.561 0.684
456548.835 0.669
465984.655 0.654
475420.011 0.640
484854.893 0.625
494289.293 0.612
503723.201 0.598
513156.608 0.585
522589.503 0.572
532021.879 0.559
541453.725 0.546
550885.032 0.534
560315.791 0.522
569745.992 0.511
579175.626 0.500
588604.683 0.489
598033.155 0.478
607461.031 0.467
616888.303 0.457
626314.961 0.447
635740.995 0.438
645166.396 0.428
654591.156 0.419
664015.263 0.410
673438.710 0.402
682861.486 0.393
692283.583 0.385
701704.991 0.377
711125.700 0.370
720545.702 0.362
729964.986 0.355
739383.544 0.348
748801.365 0.341
758218.442 0.334
767634.763 0.327
777050.321 0.321
786465.105 0.315
795879.107 0.309
805292.316 0.303
814704.724 0.297
824116.320 0.291
833527.097 0.286
842937.044 0.281
852346.151 0.275
861754.411 0.270
871161.812 0.265
880568.347 0.261
889974.005 0.256
899378.777 0.251
908782.655 0.247
918185.627 0.243
927587.686 0.238
936988.821 0.234
946389.024 0.230
955788.285 0.226
965186.594 0.222
974583.943 0.219
983980.321 0.215
993375.721 0.211
1002770.131 0.208
1012163.544 0.205
1021555.949 0.201
1030947.337 0.198
1040337.699 0.195
1049727.026 0.192
1059115.308 0.189
1068502.535 0.186
1077888.699 0.183
1087273.791 0.180
1096657.800 0.177
1106040.717 0.174
1115422.534 0.172
1124803.240 0.169
1134182.827 0.167
1143561.285 0.164
1152938.605 0.162
1162314.777 0.159
1171689.792 0.157
1181063.642 0.155
1190436.315 0.153
1199807.804 0.150
1209178.098 0.148
1218547.189 0.146
1227915.068 0.144
1237281.724 0.142
1246647.148 0.140
1256011.332 0.138
1265374.265 0.136
1274735.939 0.135
1284096.345 0.133
1293455.472 0.131
1302813.312 0.129
1312169.855 0.127
1321525.092 0.126
1330879.014 0.124
1340231.611 0.123
1349582.874 0.121
1358932.794 0.119
1368281.362 0.118
1377628.567 0.116
1386974.401 0.115
1396318.855 0.114
1405661.919 0.112
1415003.584 0.111
1424343.841 0.109
1433682.680 0.108
1443020.092 0.107
1452356.068 0.105
1461690.598 0.104
1471023.674 0.103
1480355.285 0.102
1489685.423 0.100
1499014.078 0.099
1508341.241 0.098
1517666.903 0.097
1526991.055 0.096
1536313.686 0.095
1545634.789 0.094
1554954.353 0.093
1564272.370 0.092
1573588.829 0.091
1582903.723 0.090
1592217.041 0.089
1601528.774 0.088
1610838.913 0.087
1620147.449 0.086
1629454.373 0.085
1638759.674 0.084
1648063.345 0.083
1657365.375 0.082
1666665.756 0.081
1675964.478 0.080
1685261.532 0.079
1694556.908 0.079
1703850.598 0.078
1713142.592 0.077
1722432.881 0.076
1731721.456 0.075
1741008.307 0.075
1750293.426 0.074
1759576.802 0.073
1768858.427 0.072
1778138.292 0.072
1787416.386 0.071
1796692.702 0.070
1805967.230 0.070
1815239.960 0.069
1824510.883 0.068
1833779.991 0.068
1843047.273 0.067
1852312.722 0.066
1861576.326 0.066
1870838.078 0.065
1880097.968 0.064
1889355.986 0.064
1898612.124 0.063
1907866.373 0.063
1917118.722 0.062
1926369.164 0.061
1935617.688 0.061
1944864.286 0.060
1954108.948 0.060
1963351.665 0.059
1972592.428 0.059
1981831.228 0.058
1991068.055 0.058
2000302.901 0.057
2009535.756 0.057
2018766.611 0.056
2027995.457 0.056
2037222.284 0.055
2046447.084 0.055
2055669.847 0.054
2064890.564 0.054
2074109.226 0.053
2083325.823 0.053
2092540.348 0.052
2101752.789 0.052
2110963.139 0.051
2120171.388 0.051
2129377.526 0.051
2138581.546 0.050
2147783.437 0.050
2156983.190 0.049
2166180.797 0.049
2175376.247 0.048
2184569.533 0.048
2193760.644 0.048
2202949.572 0.047
2212136.308 0.047
2221320.842 0.047
2230503.165 0.046
2239683.268 0.046
2248861.142 0.045
2258036.778 0.045
2267210.167 0.045
2276381.299 0.044
2285550.166 0.044
2294716.758 0.044
2303881.066 0.043
2313043.081 0.043
2322202.794 0.043
2331360.196 0.042
2340515.278 0.042
2349668.030 0.042
2358818.444 0.041
2367966.510 0.041
2377112.220 0.041
2386255.563 0.040
2395396.532 0.040
2404535.117 0.040
2413671.309 0.040
2422805.098 0.039
2431936.476 0.039
2441065.434 0.039
2450191.963 0.038
2459316.052 0.038
2468437.695 0.038
2477556.880 0.038
2486673.600 0.037
2495787.845 0.037
2504899.606 0.037
2514008.875 0.037
2523115.641 0.036
2532219.896 0.036
2541321.631 0.036
2550420.836 0.036
2559517.504 0.035
2568611.624 0.035
2577703.188 0.035
2586792.186 0.035
2595878.610 0.034
2604962.450 0.034
2614043.698 0.034
2623122.344 0.034
2632198.380 0.033
2641271.796 0.033
2650342.583 0.033
2659410.733 0.033
2668476.236 0.033
2677539.083 0.032
2686599.266 0.032
2695656.775 0.032
2704711.601 0.032
2713763.735 0.031
2722813.168 0.031
2731859.892 0.031
2740903.896 0.031
2749945.173 0.031
2758983.714 0.030
2768019.508 0.030
2777052.548 0.030
2786082.823 0.030
2795110.327 0.030
2804135.048 0.029
2813156.979 0.029
2822176.109 0.029
2831192.432 0.029
2840205.936 0.029
2849216.614 0.029
2858224.457 0.028
2867229.455 0.028
2876231.599 0.028
2885230.881 0.028
2894227.292 0.028
2903220.822 0.028
2912211.463 0.027
2921199.205 0.027
2930184.041 0.027
2939165.960 0.027
2948144.954 0.027
2957121.014 0.027
2966094.132 0.026
2975064.297 0.026
2984031.502 0.026
2992995.736 0.026
3001956.993 0.026
3010915.261 0.026
3019870.534 0.025
3028822.800 0.025
3037772.053 0.025
3046718.282 0.025
3055661.480 0.025
3064601.636 0.025
3073538.742 0.025
3082472.790 0.024
3091403.770 0.024
3100331.673 0.024
3109256.491 0.024
3118178.215 0.024
3127096.836 0.024
3136012.344 0.024
3144924.732 0.024
3153833.989 0.023
3162740.108 0.023
3171643.080 0.023
3180542.895 0.023
3189439.545 0.023
3198333.020 0.023
3207223.313 0.023
3216110.414 0.022
3224994.315 0.022
3233875.006 0.022
3242752.478 0.022
3251626.724 0.022
3260497.733 0.022
3269365.498 0.022
3278230.009 0.022
3287091.258 0.022
3295949.235 0.021
3304803.932 0.021
3313655.341 0.021
3322503.452 0.021
3331348.256 0.021
3340189.745 0.021
3349027.910 0.021
3357862.742 0.021
3366694.232 0.021
3375522.372 0.020
3384347.153 0.020
3393168.566 0.020
3401986.602 0.020
3410801.252 0.020
3419612.508 0.020
3428420.361 0.020
3437224.802 0.020
3446025.822 0.020
3454823.413 0.020
3463617.566 0.019
3472408.272 0.019
3481195.522 0.019
3489979.308 0.019
3498759.621 0.019
3507536.452 0.019
3516309.792 0.019
3525079.633 0.019
3533845.966 0.019
3542608.783 0.019
3551368.073 0.018
3560123.830 0.018
3568876.044 0.018
3577624.706 0.018
3586369.808 0.018
3595111.340 0.018
3603849.295 0.018
3612583.664 0.018
3621314.438 0.018
3630041.607 0.018
3638765.165 0.018
3647485.101 0.018
3656201.407 0.017
3664914.075 0.017
3673623.096 0.017
3682328.461 0.017
3691030.161 0.017
3699728.188 0.017
3708422.534 0.017
3717113.188 0.017
3725800.144 0.017
3734483.393 0.017
3743162.924 0.017
3751838.731 0.017
3760510.804 0.017
3769179.135 0.016
3777843.715 0.016
3786504.535 0.016
3795161.588 0.016
3803814.863 0.016
3812464.353 0.016
3821110.050 0.016
3829751.943 0.016
3838390.026 0.016
3847024.289 0.016
3855654.723 0.016
3864281.321 0.016
3872904.073 0.016
3881522.971 0.016
3890138.006 0.015
3898749.170 0.015
3907356.454 0.015
3915959.850 0.015
3924559.349 0.015
3933154.942 0.015
3941746.622 0.015
3950334.379 0.015
3958918.205 0.015
3967498.091 0.015
3976074.028 0.015
3984646.010 0.015
3993214.026 0.015
4001778.068 0.015
4010338.127 0.015
4018894.196 0.014
4027446.266 0.014
4035994.328 0.014
4044538.374 0.014
4053078.394 0.014
4061614.382 0.014
4070146.327 0.014
4078674.222 0.014
4087198.059 0.014
4095717.828 0.014
4104233.521 0.014
4112745.130 0.014
4121252.647 0.014
4129756.062 0.014
4138255.368 0.014
4146750.555 0.014
4155241.616 0.014
4163728.542 0.013
4172211.325 0.013
4180689.956 0.013
4189164.426 0.013
4197634.728 0.013
4206100.853 0.013
4214562.792 0.013
4223020.537 0.013
4231474.080 0.013
4239923.412 0.013
4248368.524 0.013
4256809.409 0.013
4265246.058 0.013
4273678.463 0.013
4282106.615 0.013
4290530.506 0.013
4298950.127 0.013
4307365.470 0.013
4315776.527 0.013
4324183.289 0.013
4332585.748 0.012
4340983.896 0.012
4349377.724 0.012
4357767.224 0.012
4366152.387 0.012
4374533.206 0.012
4382909.672 0.012
4391281.776 0.012
4399649.510 0.012
4408012.866 0.012
4416371.836 0.012
4424726.411 0.012
4433076.583 0.012
4441422.343 0.012
4449763.684 0.012
4458100.597 0.012
4466433.074 0.012
4474761.106 0.012
4483084.685 0.012
4491403.804 0.012
4499718.452 0.012
4508028.624 0.012
4516334.309 0.011
4524635.500 0.011
4532932.189 0.011
4541224.366 0.011
4549512.025 0.011
4557795.157 0.011
4566073.753 0.011
4574347.806 0.011
4582617.307 0.011
4590882.248 0.011
4599142.620 0.011
4607398.416 0.011
4615649.626 0.011
4623896.244 0.011
4632138.261 0.011
4640375.669 0.011
4648608.458 0.011
4656836.622 0.011
4665060.153 0.011
4673279.040 0.011
4681493.278 0.011
4689702.857 0.011
4697907.770 0.011
4706108.007 0.011
4714303.562 0.011
4722494.426 0.011
4730680.590 0.010
4738862.047 0.010
4747038.788 0.010
4755210.806 0.010
4763378.092 0.010
4771540.638 0.010
4779698.436 0.010
4787851.477 0.010
4795999.755 0.010
4804143.260 0.010
4812281.984 0.010
4820415.920 0.010
4828545.060 0.010
4836669.394 0.010
4844788.916 0.010
4852903.617 0.010
4861013.488 0.010
4869118.523 0.010
4877218.713 0.010
4885314.049 0.010
4893404.524 0.010
4901490.130 0.010
4909570.859 0.010
4917646.702 0.010
4925717.652 0.010
4933783.700 0.010
4941844.839 0.010
4949901.061 0.010
4957952.357 0.010
4965998.719 0.010
4974040.140 0.009
4982076.612 0.009
4990108.126 0.009
4998134.675 0.009
5006156.250 0.009
5014172.843 0.009
5022184.448 0.009
5030191.055 0.009
5038192.656 0.009
5046189.245 0.009
5054180.812 0.009
5062167.349 0.009
5070148.850 0.009
5078125.306 0.009
5086096.708 0.009
5094063.050 0.009
5102024.323 0.009
5109980.518 0.009
5117931.630 0.009
5125877.648 0.009
5133818.566 0.009
5141754.376 0.009
5149685.069 0.009
5157610.639 0.009
5165531.076 0.009
5173446.373 0.009
5181356.522 0.009
5189261.516 0.009
5197161.346 0.009
5205056.004 0.009
5212945.483 0.009
5220829.776 0.009
5228708.873 0.009
5236582.767 0.009
5244451.451 0.009
5252314.916 0.008
5260173.155 0.008
5268026.160 0.008
5275873.923 0.008
5283716.436 0.008
5291553.692 0.008
5299385.683 0.008
5307212.400 0.008
5315033.836 0.008
5322849.984 0.008
5330660.835 0.008
5338466.383 0.008
0.0 0.0 0.0
0.0 0.0 0.0
0.0 0.0 0.0
0.0 0.0 0.0
0.0 0.0 0.0
0.0 0.0 0.0
0.0 0.0 0.0
0.0 0.0 0.0
0.0 0.0 0.0
0.0 0.0 0.0
0.0 0.0 0.0
0.0 0.0 0.0
0.0 0.0 0.0
0.0 0.0 0.0
0.0 0.0 0.0
0.0 0.0 0.0
0.0 0.0 0.0
0.0 0.0 0.0
0.0 0.0 0.0
0.0 0.0 0.0
0.0 0.0 0.0
0.0 0.0 0.0
0.0 0.0 0.0
0.0 0.0 0.0
0.0 0.0 0.0
0.0 0.0 0.0
0.0 0.0 0.0
0.0 0.0 0.0
0.0 0.0 0.0
0.0 0.0 0.0
0.0 0.0 0.0
0.0 0.0 0.0
0.0 0.0 0.0
0.0 0.0 0.0
0.0 0.0 0.0
0.0 0.0 0.0
0.0 0.0 0.0
0.0 0.0 0.0
0.0 0.0 0.0
0.0 0.0 0.0
0.0 0.0 0.0
0.0 0.0 0.0
0.0 0.0 0.0
0.0 0.0 0.0
0.0 0.0 0.0
0.0 0.0 0.0
0.0 0.0 0.0
0.0 0.0 0.0
0.0 0.0 0.0
0.0 0.0 0.0
0.0 0.0 0.0
0.0 0.0 0.0
0.0 0.0 0.0
0.0 0.0 0.0
0.0 0.0 0.0
0.0 0.0 0.0
0.0 0.0 0.0
0.0 0.0 0.0
0.0 0.0 0.0
0.0 0.0 0.0
0.0 0.0 0.0
0.0 0.0 0.0
0.0 0.0 0.0
0.0 0.0 0.0
0.0 0.0 0.0
0.0 0.0 0.0
0.0 0.0 0.0
0.0 0.0 0.0
0.0 0.0 0.0
0.0 0.0 0.0
0.0 0.0 0.0
0.0 0.0 0.0
0.0 0.0 0.0
0.0 0.0 0.0
0.0 0.0 0.0
0.0 0.0 0.0
0.0 0.0 0.0
0.0 0.0 0.0
0.0 0.0 0.0
0.0 0.0 0.0
0.0 0.0 0.0
0.0 0.0 0.0
0.0 0.0 0.0
0.0 0.0 0.0
0.0 0.0 0.0
0.0 0.0 0.0
0.0 0.0 0.0
0.0 0.0 0.0
0.0 0.0 0.0
0.0 0.0 0.0
0.0 0.0 0.0
0.0 0.0 0.0
0.0 0.0 0.0
0.0 0.0 0.0
0.0 0.0 0.0
0.0 0.0 0.0
0.0 0.0 0.0
0.0 0.0 0.0
0.0 0.0 0.0
0.0 0.0 0.0
0.0 0.0 0.0
0.0 0.0 0.0
0.0 0.0 0.0
0.0 0.0 0.0
0.0 0.0 0.0
0.0 0.0 0.0
0.0 0.0 0.0
0.0 0.0 0.0
0.0 0.0 0.0
0.0 0.0 0.0
0.0 0.0 0.0
0.0 0.0 0.0
0.0 0.0 0.0
0.0 0.0 0.0
0.0 0.0 0.0
0.0 0.0 0.0
0.0 0.0 0.0
0.0 0.0 0.0
0.0 0.0 0.0
0.0 0.0 0.0
0.0 0.0 0.0
0.0 0.0 0.0
0.0 0.0 0.0
0.0 0.0 0.0
0.0 0.0 0.0
0.0 0.0 0.0
0.0 0.0 0.0
0.0 0.0 0.0
0.0 0.0 0.0
0.0 0.0 0.0
0.0 0.0 0.0
0.0 0.0 0.0
0.0 0.0 0.0
0.0 0.0 0.0
0.0 0.0 0.0
0.0 0.0 0.0
0.0 0.0 0.0
0.0 0.0 0.0
0.0 0.0 0.0
0.0 0.0 0.0
0.0 0.0 0.0
0.0 0.0 0.0
0.0 0.0 0.0
0.0 0.0 0.0
0.0 0.0 0.0
0.0 0.0 0.0
0.0 0.0 0.0
0.0 0.0 0.0
0.0 0.0 0.0
0.0 0.0 0.0
0.0 0.0 0.0
0.0 0.0 0.0
0.0 0.0 0.0
0.0 0.0 0.0
0.0 0.0 0.0
0.0 0.0 0.0
0.0 0.0 0.0
0.0 0.0 0.0
0.0 0.0 0.0
0.0 0.0 0.0
0.0 0.0 0.0
0.0 0.0 0.0
0.0 0.0 0.0
0.0 0.0 0.0
0.0 0.0 0.0
0.0 0.0 0.0
0.0 0.0 0.0
0.0 0.0 0.0
0.0 0.0 0.0
5333174.687 0.008
5320282.504 0.008
5307385.028 0.008
5294482.271 0.008
5281574.247 0.008
5268660.968 0.008
5255742.447 0.008
5242818.696 0.009
5229889.730 0.009
5216955.560 0.009
5204016.199 0.009
5191071.661 0.009
5178121.958 0.009
5165167.102 0.009
5152207.108 0.009
5139241.988 0.009
5126271.754 0.009
5113296.421 0.009
5100315.999 0.009
5087330.504 0.009
5074339.946 0.009
5061344.340 0.009
5048343.699 0.009
5035338.034 0.009
5022327.360 0.009
5009311.689 0.009
4996291.033 0.009
4983265.407 0.009
4970234.823 0.009
4957199.294 0.010
4944158.833 0.010
4931113.452 0.010
4918063.166 0.010
4905007.986 0.010
4891947.926 0.010
4878882.999 0.010
4865813.218 0.010
4852738.596 0.010
4839659.146 0.010
4826574.880 0.010
4813485.813 0.010
4800391.956 0.010
4787293.324 0.010
4774189.928 0.010
4761081.782 0.010
4747968.900 0.010
4734851.293 0.010
4721728.976 0.011
4708601.961 0.011
4695470.261 0.011
4682333.890 0.011
4669192.860 0.011
4656047.185 0.011
4642896.877 0.011
4629741.950 0.011
4616582.417 0.011
4603418.290 0.011
4590249.584 0.011
4577076.310 0.011
4563898.483 0.011
4550716.115 0.011
4537529.220 0.011
4524337.810 0.011
4511141.898 0.012
4497941.499 0.012
4484736.624 0.012
4471527.288 0.012
4458313.503 0.012
4445095.282 0.012
4431872.638 0.012
4418645.585 0.012
4405414.137 0.012
4392178.305 0.012
4378938.103 0.012
4365693.544 0.012
4352444.643 0.012
4339191.410 0.012
4325933.861 0.013
4312672.008 0.013
4299405.864 0.013
4286135.443 0.013
4272860.757 0.013
4259581.820 0.013
4246298.645 0.013
4233011.246 0.013
4219719.635 0.013
4206423.826 0.013
4193123.832 0.013
4179819.666 0.013
4166511.342 0.013
4153198.872 0.014
4139882.270 0.014
4126561.550 0.014
4113236.724 0.014
4099907.806 0.014
4086574.809 0.014
4073237.746 0.014
4059896.630 0.014
4046551.476 0.014
4033202.295 0.014
4019849.102 0.014
4006491.909 0.015
3993130.731 0.015
3979765.580 0.015
3966396.469 0.015
3953023.412 0.015
3939646.422 0.015
3926265.513 0.015
3912880.697 0.015
3899491.989 0.015
3886099.401 0.015
3872702.947 0.016
3859302.639 0.016
3845898.493 0.016
3832490.520 0.016
3819078.734 0.016
3805663.148 0.016
3792243.776 0.016
3778820.632 0.016
3765393.728 0.016
3751963.077 0.017
3738528.694 0.017
3725090.592 0.017
3711648.783 0.017
3698203.282 0.017
3684754.101 0.017
3671301.255 0.017
3657844.756 0.017
3644384.618 0.018
3630920.854 0.018
3617453.478 0.018
3603982.503 0.018
3590507.942 0.018
3577029.809 0.018
3563548.118 0.018
3550062.881 0.019
3536574.112 0.019
3523081.825 0.019
3509586.033 0.019
3496086.749 0.019
3482583.987 0.019
3469077.760 0.019
3455568.082 0.020
3442054.966 0.020
3428538.425 0.020
3415018.474 0.020
3401495.125 0.020
3387968.392 0.020
3374438.288 0.020
3360904.827 0.021
3347368.023 0.021
3333827.888 0.021
3320284.437 0.021
3306737.682 0.021
3293187.638 0.021
3279634.317 0.022
3266077.733 0.022
3252517.900 0.022
3238954.831 0.022
3225388.540 0.022
3211819.040 0.023
3198246.345 0.023
3184670.468 0.023
3171091.422 0.023
3157509.222 0.023
3143923.880 0.024
3130335.411 0.024
3116743.827 0.024
3103149.143 0.024
3089551.371 0.024
3075950.526 0.025
3062346.620 0.025
3048739.668 0.025
3035129.683 0.025
3021516.678 0.025
3007900.667 0.026
2994281.664 0.026
2980659.682 0.026
2967034.734 0.026
2953406.835 0.027
2939775.998 0.027
2926142.235 0.027
2912505.562 0.027
2898865.991 0.028
2885223.536 0.028
2871578.211 0.028
2857930.029 0.028
2844279.004 0.029
2830625.149 0.029
2816968.478 0.029
2803309.005 0.030
2789646.742 0.030
2775981.704 0.030
2762313.905 0.030
2748643.358 0.031
2734970.076 0.031
2721294.073 0.031
2707615.362 0.032
2693933.959 0.032
2680249.875 0.032
2666563.124 0.033
2652873.721 0.033
2639181.678 0.033
2625487.010 0.034
2611789.730 0.034
2598089.852 0.034
2584387.389 0.035
2570682.355 0.035
2556974.763 0.035
2543264.628 0.036
2529551.962 0.036
2515836.780 0.036
2502119.095 0.037
2488398.921 0.037
2474676.271 0.038
2460951.159 0.038
2447223.599 0.039
2433493.604 0.039
2419761.189 0.039
2406026.366 0.040
2392289.149 0.040
2378549.553 0.041
2364807.590 0.041
2351063.275 0.042
2337316.621 0.042
2323567.641 0.043
2309816.350 0.043
2296062.761 0.044
2282306.888 0.044
2268548.744 0.045
2254788.343 0.045
2241025.699 0.046
2227260.826 0.046
2213493.737 0.047
2199724.446 0.047
2185952.966 0.048
2172179.312 0.049
2158403.497 0.049
2144625.535 0.050
2130845.439 0.050
2117063.223 0.051
2103278.901 0.052
2089492.487 0.052
2075703.993 0.053
2061913.435 0.054
2048120.826 0.055
2034326.179 0.055
2020529.509 0.056
2006730.828 0.057
1992930.151 0.057
1979127.491 0.058
1965322.862 0.059
1951516.278 0.060
1937707.753 0.061
1923897.300 0.062
1910084.933 0.062
1896270.666 0.063
1882454.513 0.064
1868636.486 0.065
1854816.601 0.066
1840994.870 0.067
1827171.308 0.068
1813345.929 0.069
1799518.745 0.070
1785689.771 0.071
1771859.021 0.072
1758026.508 0.073
1744192.246 0.074
1730356.249 0.076
1716518.530 0.077
1702679.104 0.078
1688837.984 0.079
1674995.184 0.080
1661150.717 0.082
1647304.598 0.083
1633456.840 0.084
1619607.458 0.086
1605756.464 0.087
1591903.872 0.089
1578049.697 0.090
1564193.952 0.092
1550336.651 0.093
1536477.807 0.095
1522617.435 0.096
1508755.549 0.098
1494892.161 0.100
1481027.286 0.102
1467160.938 0.103
1453293.131 0.105
1439423.877 0.107
1425553.192 0.109
1411681.088 0.111
1397807.580 0.113
1383932.682 0.115
1370056.407 0.118
1356178.768 0.120
1342299.781 0.122
1328419.458 0.125
1314537.814 0.127
1300654.862 0.130
1286770.616 0.132
1272885.090 0.135
1258998.298 0.138
1245110.253 0.141
1231220.970 0.143
1217330.462 0.146
1203438.743 0.150
1189545.826 0.153
1175651.727 0.156
1161756.457 0.160
1147860.032 0.163
1133962.465 0.167
1120063.770 0.171
1106163.961 0.174
1092263.051 0.178
1078361.055 0.183
1064457.986 0.187
1050553.858 0.191
1036648.685 0.196
1022742.480 0.201
1008835.259 0.206
994927.033 0.211
981017.818 0.216
967107.627 0.222
953196.474 0.227
939284.373 0.233
925371.337 0.239
911457.380 0.246
897542.517 0.252
883626.761 0.259
869710.126 0.266
855792.626 0.273
841874.275 0.281
827955.086 0.289
814035.073 0.297
800114.251 0.306
786192.632 0.315
772270.232 0.324
758347.063 0.334
744423.140 0.344
730498.476 0.354
716573.085 0.365
702646.982 0.377
688720.180 0.388
674792.692 0.401
660864.534 0.413
646935.718 0.427
633006.258 0.441
619076.168 0.455
605145.463 0.470
591214.156 0.486
577282.261 0.502
563349.791 0.519
549416.761 0.536
535483.184 0.554
521549.075 0.573
507614.447 0.592
493679.313 0.612
479743.689 0.633
465807.588 0.654
451871.023 0.676
437934.008 0.698
423996.558 0.721
410058.686 0.744
396120.407 0.767
382181.733 0.790
368242.679 0.813
354303.258 0.836
340363.486 0.858
326423.374 0.880
312482.938 0.900
298542.191 0.919
284601.147 0.936
270659.820 0.951
256718.224 0.964
242776.372 0.975
228834.279 0.984
214891.958 0.990
200949.423 0.995
187006.689 0.997
173063.768 0.999
159120.676 1.000
145177.425 1.000
131234.029 1.000
117290.503 1.000
103346.861 1.000
89403.115 1.000
75459.281 1.000
61515.371 1.000
47571.401 1.000
33627.383 1.000
19683.331 1.000
5739.260 1.000
8204.817 1.000
22148.885 1.000
36092.932 1.000
50036.942 1.000
63980.903 1.000
77924.800 1.000
91868.620 1.000
105812.348 1.000
119755.971 1.000
133699.475 1.000
147642.846 1.000
161586.070 1.000
175529.134 0.999
189472.022 0.997
203414.722 0.994
217357.220 0.989
231299.502 0.982
245241.553 0.974
259183.361 0.962
273124.911 0.949
287066.189 0.933
301007.181 0.915
314947.874 0.896
328888.254 0.876
342828.307 0.854
356768.018 0.832
370707.375 0.809
384646.363 0.786
398584.968 0.763
412523.177 0.740
426460.975 0.717
440398.349 0.694
454335.285 0.672
468271.769 0.651
482207.787 0.629
496143.326 0.609
510078.371 0.589
524012.909 0.570
537946.925 0.551
551880.406 0.533
565813.338 0.516
579745.708 0.499
593677.500 0.483
607608.702 0.467
621539.300 0.452
635469.279 0.438
649398.627 0.424
663327.328 0.411
677255.369 0.398
691182.737 0.386
705109.417 0.374
719035.396 0.363
732960.659 0.352
746885.193 0.342
760808.985 0.332
774732.019 0.322
788654.283 0.313
802575.762 0.304
816496.443 0.296
830416.312 0.288
844335.354 0.280
858253.557 0.272
872170.906 0.265
886087.387 0.258
900002.987 0.251
913917.692 0.244
927831.487 0.238
941744.360 0.232
955656.295 0.226
969567.280 0.221
983477.301 0.215
997386.343 0.210
1011294.393 0.205
1025201.437 0.200
1039107.462 0.195
1053012.452 0.191
1066916.395 0.186
1080819.277 0.182
1094721.084 0.178
1108621.801 0.174
1122521.416 0.170
1136419.914 0.166
1150317.282 0.162
1164213.506 0.159
1178108.571 0.156
1192002.464 0.152
1205895.172 0.149
1219786.680 0.146
1233676.975 0.143
1247566.042 0.140
1261453.869 0.137
1275340.441 0.134
1289225.744 0.132
1303109.764 0.129
1316992.488 0.127
1330873.903 0.124
1344753.993 0.122
1358632.745 0.119
1372510.147 0.117
1386386.182 0.115
1400260.839 0.113
1414134.103 0.111
1428005.960 0.109
1441876.396 0.107
1455745.399 0.105
1469612.953 0.103
1483479.045 0.101
1497343.662 0.099
1511206.789 0.098
1525068.412 0.096
1538928.519 0.094
1552787.095 0.093
1566644.126 0.091
1580499.599 0.090
1594353.500 0.088
1608205.815 0.087
1622056.529 0.085
1635905.631 0.084
1649753.105 0.083
1663598.938 0.081
1677443.116 0.080
1691285.626 0.079
1705126.453 0.078
1718965.584 0.076
1732803.005 0.075
1746638.702 0.074
1760472.662 0.073
1774304.870 0.072
1788135.314 0.071
1801963.979 0.070
1815790.851 0.069
1829615.918 0.068
1843439.164 0.067
1857260.576 0.066
1871080.141 0.065
1884897.845 0.064
1898713.674 0.063
1912527.614 0.062
1926339.651 0.061
1940149.772 0.061
1953957.964 0.060
1967764.211 0.059
1981568.502 0.058
1995370.821 0.057
2009171.155 0.057
2022969.491 0.056
2036765.814 0.055
2050560.111 0.054
2064352.369 0.054
2078142.573 0.053
2091930.710 0.052
2105716.765 0.052
2119500.727 0.051
2133282.580 0.050
2147062.310 0.050
2160839.906 0.049
2174615.351 0.049
2188388.634 0.048
2202159.739 0.047
2215928.654 0.047
2229695.365 0.046
2243459.858 0.046
2257222.119 0.045
2270982.135 0.045
2284739.892 0.044
2298495.376 0.044
2312248.573 0.043
2325999.471 0.043
2339748.055 0.042
2353494.311 0.042
2367238.227 0.041
2380979.787 0.041
2394718.979 0.040
2408455.789 0.040
2422190.203 0.039
2435922.208 0.039
2449651.790 0.038
2463378.935 0.038
2477103.630 0.038
2490825.860 0.037
2504545.613 0.037
2518262.875 0.036
2531977.631 0.036
2545689.869 0.036
2559399.574 0.035
2573106.734 0.035
2586811.334 0.035
2600513.361 0.034
2614212.801 0.034
2627909.641 0.033
2641603.867 0.033
2655295.465 0.033
2668984.421 0.032
2682670.723 0.032
2696354.356 0.032
2710035.308 0.032
2723713.563 0.031
2737389.109 0.031
2751061.932 0.031
2764732.019 0.030
2778399.355 0.030
2792063.927 0.030
2805725.723 0.029
2819384.727 0.029
2833040.927 0.029
2846694.309 0.029
2860344.859 0.028
2873992.563 0.028
2887637.409 0.028
2901279.383 0.028
2914918.471 0.027
2928554.659 0.027
2942187.934 0.027
2955818.282 0.027
2969445.690 0.026
2983070.144 0.026
2996691.631 0.026
3010310.137 0.026
3023925.649 0.025
3037538.153 0.025
3051147.635 0.025
3064754.082 0.025
3078357.480 0.025
3091957.817 0.024
3105555.078 0.024
3119149.249 0.024
3132740.318 0.024
3146328.271 0.023
3159913.094 0.023
3173494.774 0.023
3187073.297 0.023
3200648.650 0.023
3214220.819 0.023
3227789.791 0.022
3241355.552 0.022
3254918.089 0.022
3268477.388 0.022
3282033.436 0.022
3295586.219 0.021
3309135.724 0.021
3322681.938 0.021
3336224.846 0.021
3349764.436 0.021
3363300.693 0.021
3376833.605 0.020
3390363.158 0.020
3403889.339 0.020
3417412.134 0.020
3430931.529 0.020
3444447.511 0.020
3457960.068 0.019
3471469.184 0.019
3484974.848 0.019
3498477.045 0.019
3511975.762 0.019
3525470.985 0.019
3538962.702 0.019
3552450.898 0.018
3565935.561 0.018
3579416.677 0.018
3592894.232 0.018
3606368.213 0.018
3619838.607 0.018
3633305.400 0.018
3646768.580 0.018
3660228.131 0.017
3673684.042 0.017
3687136.299 0.017
3700584.887 0.017
3714029.795 0.017
3727471.009 0.017
3740908.514 0.017
3754342.299 0.017
3767772.349 0.016
3781198.651 0.016
3794621.192 0.016
3808039.959 0.016
3821454.938 0.016
3834866.115 0.016
3848273.478 0.016
3861677.013 0.016
3875076.706 0.016
3888472.545 0.015
3901864.516 0.015
3915252.606 0.015
3928636.802 0.015
3942017.089 0.015
3955393.455 0.015
3968765.887 0.015
3982134.371 0.015
3995498.894 0.015
4008859.443 0.015
4022216.004 0.014
4035568.564 0.014
4048917.110 0.014
4062261.628 0.014
4075602.106 0.014
4088938.530 0.014
4102270.886 0.014
4115599.162 0.014
4128923.344 0.014
4142243.419 0.014
4155559.373 0.014
4168871.194 0.013
4182178.868 0.013
4195482.382 0.013
4208781.723 0.013
4222076.878 0.013
4235367.832 0.013
4248654.574 0.013
4261937.089 0.013
4275215.366 0.013
4288489.389 0.013
4301759.147 0.013
4315024.626 0.013
4328285.812 0.012
4341542.694 0.012
4354795.256 0.012
4368043.487 0.012
4381287.373 0.012
4394526.901 0.012
4407762.058 0.012
4420992.830 0.012
4434219.205 0.012
4447441.169 0.012
4460658.709 0.012
4473871.812 0.012
4487080.465 0.012
4500284.655 0.012
4513484.368 0.011
4526679.591 0.011
4539870.312 0.011
4553056.517 0.011
4566238.193 0.011
4579415.327 0.011
4592587.906 0.011
4605755.917 0.011
4618919.346 0.011
4632078.181 0.011
4645232.408 0.011
4658382.015 0.011
4671526.988 0.011
4684667.314 0.011
4697802.981 0.011
4710933.974 0.011
4724060.282 0.010
4737181.890 0.010
4750298.786 0.010
4763410.958 0.010
4776518.391 0.010
4789621.073 0.010
4802718.990 0.010
4815812.131 0.010
4828900.481 0.010
4841984.028 0.010
4855062.758 0.010
4868136.659 0.010
4881205.718 0.010
4894269.922 0.010
4907329.257 0.010
4920383.711 0.010
4933433.270 0.010
4946477.922 0.010
4959517.654 0.010
4972552.453 0.009
4985582.306 0.009
4998607.199 0.009
5011627.121 0.009
5024642.057 0.009
5037651.995 0.009
5050656.922 0.009
5063656.826 0.009
5076651.693 0.009
5089641.510 0.009
5102626.264 0.009
5115605.943 0.009
5128580.533 0.009
5141550.022 0.009
5154514.396 0.009
5167473.644 0.009
5180427.751 0.009
5193376.705 0.009
5206320.494 0.009
5219259.104 0.009
5232192.522 0.009
5245120.736 0.009
5258043.732 0.008
5270961.499 0.008
5283874.022 0.008
5296781.290 0.008
5309683.288 0.008
5322580.006 0.008
5335471.429 0.008
0.0 0.0 0.0
0.0 0.0 0.0
0.0 0.0 0.0
0.0 0.0 0.0
0.0 0.0 0.0
0.0 0.0 0.0
0.0 0.0 0.0
0.0 0.0 0.0
0.0 0.0 0.0
0.0 0.0 0.0
0.0 0.0 0.0
0.0 0.0 0.0
0.0 0.0 0.0
0.0 0.0 0.0
0.0 0.0 0.0
0.0 0.0 0.0
0.0 0.0 0.0
0.0 0.0 0.0
0.0 0.0 0.0
0.0 0.0 0.0
0.0 0.0 0.0
0.0 0.0 0.0
0.0 0.0 0.0
0.0 0.0 0.0
0.0 0.0 0.0
0.0 0.0 0.0
0.0 0.0 0.0
0.0 0.0 0.0
0.0 0.0 0.0
0.0 0.0 0.0
0.0 0.0 0.0
0.0 0.0 0.0
0.0 0.0 0.0
0.0 0.0 0.0
0.0 0.0 0.0
0.0 0.0 0.0
0.0 0.0 0.0
0.0 0.0 0.0
0.0 0.0 0.0
0.0 0.0 0.0
0.0 0.0 0.0
0.0 0.0 0.0
0.0 0.0 0.0
0.0 0.0 0.0
0.0 0.0 0.0
0.0 0.0 0.0
0.0 0.0 0.0
0.0 0.0 0.0
0.0 0.0 0.0
0.0 0.0 0.0
0.0 0.0 0.0
0.0 0.0 0.0
0.0 0.0 0.0
0.0 0.0 0.0
0.0 0.0 0.0
0.0 0.0 0.0
0.0 0.0 0.0
0.0 0.0 0.0
0.0 0.0 0.0
0.0 0.0 0.0
0.0 0.0 0.0
0.0 0.0 0.0
0.0 0.0 0.0
0.0 0.0 0.0
0.0 0.0 0.0
0.0 0.0 0.0
0.0 0.0 0.0
0.0 0.0 0.0
0.0 0.0 0.0
0.0 0.0 0.0
0.0 0.0 0.0
0.0 0.0 0.0
0.0 0.0 0.0
0.0 0.0 0.0
0.0 0.0 0.0
0.0 0.0 0.0
0.0 0.0 0.0
0.0 0.0 0.0
0.0 0.0 0.0
0.0 0.0 0.0
0.0 0.0 0.0
0.0 0.0 0.0
0.0 0.0 0.0
0.0 0.0 0.0
0.0 0.0 0.0
0.0 0.0 0.0
0.0 0.0 0.0
0.0 0.0 0.0
0.0 0.0 0.0
0.0 0.0 0.0
0.0 0.0 0.0
0.0 0.0 0.0
0.0 0.0 0.0
0.0 0.0 0.0
0.0 0.0 0.0
0.0 0.0 0.0
0.0 0.0 0.0
0.0 0.0 0.0
0.0 0.0 0.0
0.0 0.0 0.0
0.0 0.0 0.0
0.0 0.0 0.0
0.0 0.0 0.0
0.0 0.0 0.0
0.0 0.0 0.0
0.0 0.0 0.0
0.0 0.0 0.0
0.0 0.0 0.0
0.0 0.0 0.0
0.0 0.0 0.0
0.0 0.0 0.0
0.0 0.0 0.0
0.0 0.0 0.0
0.0 0.0 0.0
0.0 0.0 0.0
0.0 0.0 0.0
0.0 0.0 0.0
0.0 0.0 0.0
0.0 0.0 0.0
0.0 0.0 0.0
0.0 0.0 0.0
0.0 0.0 0.0
0.0 0.0 0.0
0.0 0.0 0.0
0.0 0.0 0.0
0.0 0.0 0.0
0.0 0.0 0.0
0.0 0.0 0.0
0.0 0.0 0.0
0.0 0.0 0.0
0.0 0.0 0.0
0.0 0.0 0.0
0.0 0.0 0.0
0.0 0.0 0.0
0.0 0.0 0.0
0.0 0.0 0.0
0.0 0.0 0.0
0.0 0.0 0.0
0.0 0.0 0.0
0.0 0.0 0.0
0.0 0.0 0.0
0.0 0.0 0.0
0.0 0.0 0.0
0.0 0.0 0.0
0.0 0.0 0.0
0.0 0.0 0.0
0.0 0.0 0.0
0.0 0.0 0.0
0.0 0.0 0.0
0.0 0.0 0.0
0.0 0.0 0.0
0.0 0.0 0.0
0.0 0.0 0.0
0.0 0.0 0.0
0.0 0.0 0.0
0.0 0.0 0.0
0.0 0.0 0.0
0.0 0.0 0.0
0.0 0.0 0.0
0.0 0.0 0.0
0.0 0.0 0.0
0.0 0.0 0.0
0.0 0.0 0.0
0.0 0.0 0.0
0.0 0.0 0.0
0.0 0.0 0.0
0.0 0.0 0.0
0.0 0.0 0.0
0.0 0.0 0.0
0.0 0.0 0.0
0.0 0.0 0.0
0.0 0.0 0.0
0.0 0.0 0.0
0.0 0.0 0.0
0.0 0.0 0.0
0.0 0.0 0.0
0.0 0.0 0.0
0.0 0.0 0.0
0.0 0.0 0.0
0.0 0.0 0.0
0.0 0.0 0.0
0.0 0.0 0.0
0.0 0.0 0.0
0.0 0.0 0.0
0.0 0.0 0.0
0.0 0.0 0.0
0.0 0.0 0.0
0.0 0.0 0.0
0.0 0.0 0.0
0.0 0.0 0.0
0.0 0.0 0.0
0.0 0.0 0.0
0.0 0.0 0.0
0.0 0.0 0.0
0.0 0.0 0.0
0.0 0.0 0.0
0.0 0.0 0.0
0.0 0.0 0.0
0.0 0.0 0.0
0.0 0.0 0.0
0.0 0.0 0.0
0.0 0.0 0.0
0.0 0.0 0.0
0.0 0.0 0.0
0.0 0.0 0.0
0.0 0.0 0.0
0.0 0.0 0.0
0.0 0.0 0.0
0.0 0.0 0.0
0.0 0.0 0.0
0.0 0.0 0.0
0.0 0.0 0.0
0.0 0.0 0.0
0.0 0.0 0.0
0.0 0.0 0.0
0.0 0.0 0.0
0.0 0.0 0.0
0.0 0.0 0.0
0.0 0.0 0.0
0.0 0.0 0.0
0.0 0.0 0.0
0.0 0.0 0.0
0.0 0.0 0.0
0.0 0.0 0.0
0.0 0.0 0.0
0.0 0.0 0.0
0.0 0.0 0.0
0.0 0.0 0.0
0.0 0.0 0.0
0.0 0.0 0.0
0.0 0.0 0.0
0.0 0.0 0.0
0.0 0.0 0.0
0.0 0.0 0.0
0.0 0.0 0.0
0.0 0.0 0.0
0.0 0.0 0.0
0.0 0.0 0.0
0.0 0.0 0.0
0.0 0.0 0.0
0.0 0.0 0.0
0.0 0.0 0.0
0.0 0.0 0.0
0.0 0.0 0.0
0.0 0.0 0.0
0.0 0.0 0.0
0.0 0.0 0.0
0.0 0.0 0.0
0.0 0.0 0.0
0.0 0.0 0.0
0.0 0.0 0.0
0.0 0.0 0.0
0.0 0.0 0.0
0.0 0.0 0.0
0.0 0.0 0.0
0.0 0.0 0.0
0.0 0.0 0.0
0.0 0.0 0.0
0.0 0.0 0.0
0.0 0.0 0.0
0.0 0.0 0.0
0.0 0.0 0.0
0.0 0.0 0.0
0.0 0.0 0.0
0.0 0.0 0.0
0.0 0.0 0.0
0.0 0.0 0.0
0.0 0.0 0.0
0.0 0.0 0.0
0.0 0.0 0.0
0.0 0.0 0.0
0.0 0.0 0.0
0.0 0.0 0.0
0.0 0.0 0.0
0.0 0.0 0.0
0.0 0.0 0.0
0.0 0.0 0.0
0.0 0.0 0.0
0.0 0.0 0.0
0.0 0.0 0.0
0.0 0.0 0.0
0.0 0.0 0.0
0.0 0.0 0.0
0.0 0.0 0.0
0.0 0.0 0.0
0.0 0.0 0.0
0.0 0.0 0.0
0.0 0.0 0.0
0.0 0.0 0.0
0.0 0.0 0.0
0.0 0.0 0.0
0.0 0.0 0.0
0.0 0.0 0.0
0.0 0.0 0.0
0.0 0.0 0.0
0.0 0.0 0.0
0.0 0.0 0.0
0.0 0.0 0.0
0.0 0.0 0.0
0.0 0.0 0.0
0.0 0.0 0.0
0.0 0.0 0.0
0.0 0.0 0.0
0.0 0.0 0.0
0.0 0.0 0.0
0.0 0.0 0.0
0.0 0.0 0.0
0.0 0.0 0.0
0.0 0.0 0.0
0.0 0.0 0.0
0.0 0.0 0.0
0.0 0.0 0.0
0.0 0.0 0.0
0.0 0.0 0.0
0.0 0.0 0.0
0.0 0.0 0.0
0.0 0.0 0.0
0.0 0.0 0.0
0.0 0.0 0.0
0.0 0.0 0.0
0.0 0.0 0.0
0.0 0.0 0.0
0.0 0.0 0.0
0.0 0.0 0.0
0.0 0.0 0.0
0.0 0.0 0.0
0.0 0.0 0.0
0.0 0.0 0.0
0.0 0.0 0.0
0.0 0.0 0.0
0.0 0.0 0.0
0.0 0.0 0.0
0.0 0.0 0.0
0.0 0.0 0.0
0.0 0.0 0.0
0.0 0.0 0.0
0.0 0.0 0.0
0.0 0.0 0.0
0.0 0.0 0.0
0.0 0.0 0.0
0.0 0.0 0.0
0.0 0.0 0.0
0.0 0.0 0.0
0.0 0.0 0.0
0.0 0.0 0.0
0.0 0.0 0.0
0.0 0.0 0.0
0.0 0.0 0.0
0.0 0.0 0.0
0.0 0.0 0.0
0.0 0.0 0.0
0.0 0.0 0.0
0.0 0.0 0.0
0.0 0.0 0.0
0.0 0.0 0.0
0.0 0.0 0.0
0.0 0.0 0.0
0.0 0.0 0.0
0.0 0.0 0.0
0.0 0.0 0.0
0.0 0.0 0.0
0.0 0.0 0.0
0.0 0.0 0.0
0.0 0.0 0.0
0.0 0.0 0.0
0.0 0.0 0.0
0.0 0.0 0.0
0.0 0.0 0.0
0.0 0.0 0.0
0.0 0.0 0.0
0.0 0.0 0.0
0.0 0.0 0.0
0.0 0.0 0.0
0.0 0.0 0.0
0.0 0.0 0.0
0.0 0.0 0.0
0.0 0.0 0.0
0.0 0.0 0.0
0.0 0.0 0.0
0.0 0.0 0.0
0.0 0.0 0.0
0.0 0.0 0.0
0.0 0.0 0.0
0.0 0.0 0.0
0.0 0.0 0.0
0.0 0.0 0.0
0.0 0.0 0.0
0.0 0.0 0.0
0.0 0.0 0.0
0.0 0.0 0.0
0.0 0.0 0.0
0.0 0.0 0.0
0.0 0.0 0.0
0.0 0.0 0.0
0.0 0.0 0.0
0.0 0.0 0.0
0.0 0.0 0.0
0.0 0.0 0.0
0.0 0.0 0.0
0.0 0.0 0.0
0.0 0.0 0.0
0.0 0.0 0.0
0.0 0.0 0.0
0.0 0.0 0.0
0.0 0.0 0.0
0.0 0.0 0.0
0.0 0.0 0.0
0.0 0.0 0.0
0.0 0.0 0.0
0.0 0.0 0.0
0.0 0.0 0.0
20.100 2111592.531 0.065840751
20.221 2105380.868 0.065963093
20.343 2099174.143 0.066087549
20.465 2092972.408 0.066214123
20.588 2086775.714 0.066342824
20.712 2080584.112 0.066473657
20.836 2074397.654 0.066606628
20.960 2068216.395 0.066741745
21.085 2062040.387 0.066879015
21.211 2055869.685 0.067018444
21.337 2049704.343 0.067160041
21.464 2043544.417 0.067303812
21.591 2037389.962 0.067449767
21.719 2031241.035 0.067597912
21.847 2025097.693 0.067748256
21.976 2018959.994 0.067900807
22.106 2012827.997 0.068055574
22.237 2006701.760 0.068212567
22.368 2000581.343 0.068371792
22.499 1994466.806 0.068533261
22.631 1988358.210 0.068696982
22.764 1982255.617 0.068862964
22.898 1976159.090 0.069031218
23.032 1970068.690 0.069201754
23.166 1963984.483 0.069374580
23.302 1957906.533 0.069549708
23.438 1951834.903 0.069727148
23.575 1945769.662 0.069906910
23.712 1939710.874 0.070089006
23.850 1933658.608 0.070273445
23.989 1927612.931 0.070460239
24.128 1921573.913 0.070649399
24.268 1915541.622 0.070840937
24.409 1909516.130 0.071034864
24.550 1903497.508 0.071231191
24.693 1897485.827 0.071429931
24.835 1891481.160 0.071631095
24.979 1885483.582 0.071834695
25.123 1879493.166 0.072040743
25.268 1873509.988 0.072249252
25.414 1867534.124 0.072460235
25.561 1861565.650 0.072673703
25.708 1855604.646 0.072889669
25.856 1849651.190 0.073108147
26.005 1843705.360 0.073329149
26.154 1837767.239 0.073552688
26.305 1831836.907 0.073778778
26.456 1825914.447 0.074007431
26.608 1819999.943 0.074238661
26.760 1814093.477 0.074472481
26.914 1808195.137 0.074708905
27.068 1802305.008 0.074947947
27.223 1796423.177 0.075189619
27.379 1790549.733 0.075433937
27.536 1784684.765 0.075680913
27.694 1778828.364 0.075930562
27.852 1772980.619 0.076182898
28.011 1767141.625 0.076437934
28.171 1761311.475 0.076695685
28.332 1755490.262 0.076956165
28.494 1749678.083 0.077219388
28.657 1743875.034 0.077485368
28.820 1738081.214 0.077754119
28.985 1732296.720 0.078025656
29.150 1726521.655 0.078299992
29.317 1720756.117 0.078577143
29.484 1715000.211 0.078857122
29.652 1709254.040 0.079139943
29.821 1703517.708 0.079425621
29.991 1697791.322 0.079714169
30.162 1692074.988 0.080005603
30.334 1686368.817 0.080299935
30.506 1680672.916 0.080597181
30.680 1674987.398 0.080897353
30.855 1669312.374 0.081200466
31.031 1663647.959 0.081506534
31.207 1657994.267 0.081815571
31.385 1652351.415 0.082127589
31.564 1646719.520 0.082442603
31.744 1641098.702 0.082760626
31.924 1635489.080 0.083081671
32.106 1629890.777 0.083405751
32.289 1624303.916 0.083732879
32.473 1618728.620 0.084063068
32.658 1613165.018 0.084396330
32.844 1607613.235 0.084732678
33.031 1602073.401 0.085072124
33.219 1596545.647 0.085414679
33.408 1591030.105 0.085760357
33.598 1585526.907 0.086109167
33.790 1580036.190 0.086461121
33.982 1574558.089 0.086816230
34.176 1569092.743 0.087174504
34.371 1563640.292 0.087535955
34.567 1558200.877 0.087900590
34.764 1552774.641 0.088268421
34.962 1547361.728 0.088639456
35.162 1541962.286 0.089013704
35.362 1536576.462 0.089391174
35.564 1531204.405 0.089771873
35.767 1525846.268 0.090155809
35.971 1520502.202 0.090542988
36.176 1515172.363 0.090933418
36.383 1509856.908 0.091327105
36.591 1504555.994 0.091724053
36.800 1499269.782 0.092124268
37.010 1493998.434 0.092527754
37.222 1488742.113 0.092934514
37.435 1483500.986 0.093344553
37.649 1478275.218 0.093757872
37.864 1473064.980 0.094174473
38.081 1467870.443 0.094594358
38.299 1462691.780 0.095017526
38.519 1457529.165 0.095443977
38.739 1452382.775 0.095873710
38.961 1447252.790 0.096306722
39.185 1442139.390 0.096743012
39.409 1437042.758 0.097182575
39.635 1431963.078 0.097625407
39.863 1426900.537 0.098071502
40.092 1421855.324 0.098520854
40.322 1416827.629 0.098973454
40.553 1411817.645 0.099429295
40.787 1406825.567 0.099888368
41.021 1401851.592 0.100350660
41.257 1396895.918 0.100816161
41.494 1391958.747 0.101284857
41.733 1387040.281 0.101756735
41.973 1382140.726 0.102231779
42.215 1377260.289 0.102709972
42.458 1372399.179 0.103191297
42.703 1367557.608 0.103675733
42.949 1362735.789 0.104163262
43.196 1357933.938 0.104653859
43.445 1353152.273 0.105147503
43.696 1348391.014 0.105644167
43.948 1343650.384 0.106143826
44.202 1338930.605 0.106646452
44.457 1334231.906 0.107152014
44.714 1329554.515 0.107660482
44.972 1324898.662 0.108171821
45.232 1320264.581 0.108685999
45.494 1315652.507 0.109202978
45.757 1311062.677 0.109722720
46.021 1306495.330 0.110245185
46.287 1301950.709 0.110770331
46.555 1297429.057 0.111298113
46.825 1292930.620 0.111828487
47.096 1288455.646 0.112361404
47.368 1284004.386 0.112896815
47.643 1279577.092 0.113434667
47.919 1275174.019 0.113974906
48.196 1270795.422 0.114517476
48.475 1266441.562 0.115062319
48.756 1262112.698 0.115609374
49.039 1257809.093 0.116158578
49.323 1253531.013 0.116709865
49.609 1249278.725 0.117263169
49.896 1245052.497 0.117818419
50.185 1240852.600 0.118375542
50.476 1236679.307 0.118934465
50.769 1232532.894 0.119495108
51.063 1228413.637 0.120057394
51.359 1224321.814 0.120621239
51.656 1220257.706 0.121186558
51.955 1216221.596 0.121753264
52.256 1212213.767 0.122321267
52.559 1208234.505 0.122890474
52.863 1204284.099 0.123460788
53.169 1200362.837 0.124032113
53.477 1196471.010 0.124604347
53.786 1192608.911 0.125177387
54.097 1188776.834 0.125751125
54.410 1184975.073 0.126325453
54.724 1181203.927 0.126900260
55.040 1177463.694 0.127475430
55.358 1173754.672 0.128050845
55.677 1170077.164 0.128626386
55.998 1166431.470 0.129201929
56.321 1162817.895 0.129777349
56.645 1159236.744 0.130352516
56.971 1155688.320 0.130927300
57.298 1152172.931 0.131501567
57.628 1148690.883 0.132075178
57.958 1145242.486 0.132647995
58.291 1141828.046 0.133219876
58.624 1138447.875 0.133790675
58.960 1135102.281 0.134360244
59.297 1131791.575 0.134928434
59.635 1128516.068 0.135495091
59.976 1125276.071 0.136060060
60.317 1122071.894 0.136623183
60.660 1118903.850 0.137184300
61.005 1115772.250 0.137743248
61.350 1112677.404 0.138299863
61.698 1109619.623 0.138853975
62.046 1106599.220 0.139405418
62.396 1103616.502 0.139954017
62.748 1100671.781 0.140499601
63.100 1097765.365 0.141041993
63.454 1094897.563 0.141581017
63.810 1092068.682 0.142116491
64.166 1089279.029 0.142648237
64.523 1086528.907 0.143176071
64.882 1083818.623 0.143699809
65.242 1081148.478 0.144219266
65.602 1078518.773 0.144734256
65.964 1075929.808 0.145244590
66.327 1073381.880 0.145750080
66.690 1070875.285 0.146250537
67.054 1068410.318 0.146745769
67.419 1065987.269 0.147235586
67.785 1063606.427 0.147719798
68.151 1061268.080 0.148198211
68.518 1058972.511 0.148670634
68.885 1056720.002 0.149136875
69.253 1054510.831 0.149596744
69.621 1052345.274 0.150050047
69.989 1050223.603 0.150496594
70.357 1048146.087 0.150936196
70.725 1046112.990 0.151368662
71.093 1044124.576 0.151793804
71.461 1042181.101 0.152211435
71.828 1040282.820 0.152621368
72.195 1038429.983 0.153023421
72.561 1036622.836 0.153417409
72.927 1034861.620 0.153803152
73.291 1033146.571 0.154180472
73.654 1031477.923 0.154549191
74.015 1029855.902 0.154909136
74.375 1028280.731 0.155260136
74.733 1026752.628 0.155602022
75.089 1025271.804 0.155934629
75.442 1023838.466 0.156257794
75.793 1022452.816 0.156571358
76.141 1021115.049 0.156875167
76.485 1019825.356 0.157169068
76.825 1018583.920 0.157452913
77.161 1017390.919 0.157726560
77.492 1016246.526 0.157989868
77.818 1015150.906 0.158242704
78.138 1014104.218 0.158484936
78.452 1013106.616 0.158716439
78.759 1012158.244 0.158937092
79.057 1011259.244 0.159146780
79.348 1010409.748 0.159345393
79.629 1009609.882 0.159532826
79.900 1008859.765 0.159708978
80.159 1008159.508 0.159873757
80.407 1007509.216 0.160027073
80.641 1006908.988 0.160168845
80.860 1006358.913 0.160298997
81.064 1005859.075 0.160417457
81.252 1005409.548 0.160524163
81.421 1005010.401 0.160619055
81.572 1004661.694 0.160702083
81.702 1004363.480 0.160773201
81.812 1004115.805 0.160832370
81.899 1003918.707 0.160879559
81.964 1003772.215 0.160914740
82.005 1003676.352 0.160937896
82.022 1003631.132 0.160949014
82.016 1003636.563 0.160948088
81.986 1003692.643 0.160935117
81.932 1003799.364 0.160910111
81.855 1003956.711 0.160873082
81.756 1004164.658 0.160824051
81.635 1004423.174 0.160763046
81.493 1004732.221 0.160690099
81.332 1005091.751 0.160605251
81.153 1005501.709 0.160508549
80.956 1005962.034 0.160400045
80.744 1006472.656 0.160279798
80.516 1007033.498 0.160147875
80.274 1007644.476 0.160004346
80.020 1008305.498 0.159849288
79.754 1009016.464 0.159682787
79.478 1009777.269 0.159504930
79.191 1010587.799 0.159315813
78.896 1011447.934 0.159115537
78.593 1012357.547 0.158904208
78.282 1013316.502 0.158681937
77.965 1014324.660 0.158448840
77.641 1015381.873 0.158205040
77.312 1016487.987 0.157950663
76.978 1017642.840 0.157685840
76.639 1018846.267 0.157410706
76.296 1020098.093 0.157125403
75.950 1021398.140 0.156830075
75.601 1022746.222 0.156524870
75.248 1024142.148 0.156209940
74.893 1025585.722 0.155885443
74.536 1027076.740 0.155551536
74.176 1028614.995 0.155208383
73.815 1030200.275 0.154856151
73.452 1031832.359 0.154495009
73.088 1033511.026 0.154125128
72.723 1035236.045 0.153746682
72.357 1037007.185 0.153359850
71.990 1038824.208 0.152964809
71.622 1040686.871 0.152561741
71.254 1042594.927 0.152150830
70.886 1044548.127 0.151732259
70.517 1046546.214 0.151306216
70.149 1048588.930 0.150872887
69.780 1050676.014 0.150432461
69.412 1052807.198 0.149985128
69.043 1054982.213 0.149531079
68.675 1057200.786 0.149070504
68.308 1059462.642 0.148603594
67.941 1061767.501 0.148130543
67.574 1064115.081 0.147651540
67.208 1066505.098 0.147166779
66.843 1068937.264 0.146676451
66.479 1071411.290 0.146180747
66.115 1073926.884 0.145679858
65.753 1076483.752 0.145173975
65.391 1079081.597 0.144663286
65.030 1081720.122 0.144147980
64.671 1084399.027 0.143628245
64.312 1087118.010 0.143104267
63.955 1089876.769 0.142576231
63.598 1092674.999 0.142044321
63.243 1095512.395 0.141508720
62.889 1098388.650 0.140969606
62.537 1101303.456 0.140427161
62.186 1104256.506 0.139881559
61.836 1107247.491 0.139332978
61.487 1110276.099 0.138781590
61.140 1113342.021 0.138227566
60.794 1116444.947 0.137671076
60.450 1119584.565 0.137112285
60.107 1122760.565 0.136551360
59.766 1125972.634 0.135988461
59.426 1129220.461 0.135423749
59.088 1132503.736 0.134857382
58.751 1135822.148 0.134289513
58.416 1139175.385 0.133720296
58.082 1142563.138 0.133149880
57.750 1145985.097 0.132578413
57.419 1149440.952 0.132006039
57.090 1152930.396 0.131432900
56.763 1156453.120 0.130859134
56.437 1160008.817 0.130284879
56.113 1163597.182 0.129710267
55.791 1167217.909 0.129135431
55.470 1170870.693 0.128560497
55.151 1174555.233 0.127985591
54.834 1178271.225 0.127410837
54.518 1182018.370 0.126836352
54.204 1185796.368 0.126262255
53.892 1189604.921 0.125688660
53.581 1193443.733 0.125115678
53.272 1197312.507 0.124543417
52.965 1201210.951 0.123971984
52.659 1205138.773 0.123401482
52.355 1209095.681 0.122832010
52.053 1213081.387 0.122263668
51.752 1217095.604 0.121696548
51.453 1221138.046 0.121130745
51.156 1225208.429 0.120566348
50.860 1229306.472 0.120003443
50.567 1233431.894 0.119442116
50.274 1237584.418 0.118882447
49.984 1241763.766 0.118324517
49.695 1245969.665 0.117768402
49.408 1250201.841 0.117214177
49.122 1254460.025 0.116661914
48.838 1258743.947 0.116111681
48.556 1263053.342 0.115563547
48.276 1267387.944 0.115017576
47.997 1271747.492 0.114473831
47.720 1276131.724 0.113932371
47.444 1280540.383 0.113393255
47.170 1284973.213 0.112856539
46.898 1289429.959 0.112322277
46.627 1293910.370 0.111790519
46.358 1298414.195 0.111261316
46.090 1302941.187 0.110734715
45.824 1307491.101 0.110210762
45.560 1312063.692 0.109689500
45.297 1316658.721 0.109170970
45.036 1321275.947 0.108655213
44.776 1325915.134 0.108142266
44.518 1330576.047 0.107632166
44.262 1335258.454 0.107124946
44.007 1339962.125 0.106620641
43.754 1344686.830 0.106119280
43.502 1349432.344 0.105620892
43.251 1354198.443 0.105125507
43.003 1358984.906 0.104633150
42.755 1363791.512 0.104143845
42.509 1368618.044 0.103657617
42.265 1373464.288 0.103174486
42.022 1378330.030 0.102694474
41.781 1383215.058 0.102217598
41.541 1388119.164 0.101743878
41.303 1393042.142 0.101273329
41.065 1397983.785 0.100805967
40.830 1402943.893 0.100341805
40.596 1407922.264 0.099880857
40.363 1412918.700 0.099423133
40.132 1417933.005 0.098968645
39.902 1422964.984 0.098517402
39.673 1428014.444 0.098069412
39.446 1433081.197 0.097624682
39.220 1438165.053 0.097183220
38.996 1443265.826 0.096745030
38.773 1448383.332 0.096310116
38.551 1453517.388 0.095878484
38.330 1458667.815 0.095450134
38.111 1463834.434 0.095025070
37.894 1469017.069 0.094603291
37.677 1474215.544 0.094184800
37.462 1479429.688 0.093769594
37.248 1484659.330 0.093357674
37.035 1489904.300 0.092949036
36.824 1495164.433 0.092543679
36.614 1500439.562 0.092141599
36.405 1505729.524 0.091742794
36.197 1511034.158 0.091347257
35.991 1516353.304 0.090954984
35.786 1521686.805 0.090565971
35.582 1527034.503 0.090180210
35.379 1532396.245 0.089797695
35.178 1537771.878 0.089418419
34.977 1543161.251 0.089042375
34.778 1548564.214 0.088669554
34.580 1553980.620 0.088299949
34.383 1559410.324 0.087933550
34.188 1564853.180 0.087570348
33.993 1570309.046 0.087210334
33.800 1575777.781 0.086853498
33.607 1581259.245 0.086499830
33.416 1586753.302 0.086149319
33.226 1592259.814 0.085801954
33.037 1597778.646 0.085457724
32.849 1603309.666 0.085116618
32.662 1608852.742 0.084778623
32.476 1614407.743 0.084443729
32.292 1619974.541 0.084111924
32.108 1625553.009 0.083783193
31.925 1631143.021 0.083457527
31.744 1636744.452 0.083134910
31.563 1642357.180 0.082815332
31.384 1647981.083 0.082498778
31.205 1653616.041 0.082185235
31.028 1659261.936 0.081874691
30.851 1664918.649 0.081567131
30.676 1670586.065 0.081262542
30.501 1676264.070 0.080960911
30.327 1681952.549 0.080662224
30.155 1687651.391 0.080366467
29.983 1693360.484 0.080073626
29.812 1699079.720 0.079783687
29.643 1704808.991 0.079496636
29.474 1710548.188 0.079212459
29.306 1716297.207 0.078931143
29.139 1722055.942 0.078652672
28.973 1727824.290 0.078377033
28.808 1733602.150 0.078104212
28.643 1739389.419 0.077834195
28.480 1745185.999 0.077566967
28.317 1750991.790 0.077302514
28.156 1756806.695 0.077040823
27.995 1762630.617 0.076781878
27.835 1768463.460 0.076525667
27.676 1774305.132 0.076272176
27.518 1780155.537 0.076021389
27.360 1786014.585 0.075773294
27.204 1791882.184 0.075527876
27.048 1797758.243 0.075285122
26.893 1803642.675 0.075045018
26.739 1809535.390 0.074807551
26.585 1815436.302 0.074572707
26.433 1821345.324 0.074340471
26.281 1827262.372 0.074110832
26.130 1833187.362 0.073883776
25.980 1839120.210 0.073659289
25.831 1845060.833 0.073437359
25.682 1851009.152 0.073217972
25.534 1856965.084 0.073001116
25.387 1862928.552 0.072786778
25.241 1868899.476 0.072574945
25.095 1874877.778 0.072365604
24.950 1880863.382 0.072158744
24.806 1886856.211 0.071954352
24.662 1892856.191 0.071752416
24.520 1898863.247 0.071552924
24.378 1904877.306 0.071355864
24.236 1910898.295 0.071161225
24.096 1916926.143 0.070968994
23.956 1922960.777 0.070779160
23.816 1929002.129 0.070591713
23.678 1935050.128 0.070406640
23.540 1941104.706 0.070223931
23.403 1947165.795 0.070043576
23.266 1953233.328 0.069865563
23.130 1959307.237 0.069689882
22.995 1965387.459 0.069516523
22.860 1971473.927 0.069345476
22.726 1977566.577 0.069176730
22.593 1983665.346 0.069010276
22.460 1989770.170 0.068846104
22.328 1995880.989 0.068684205
22.197 2001997.739 0.068524569
22.066 2008120.361 0.068367188
21.936 2014248.793 0.068212052
21.806 2020382.977 0.068059153
21.677 2026522.854 0.067908482
21.549 2032668.365 0.067760031
21.421 2038819.453 0.067613792
21.294 2044976.061 0.067469757
21.167 2051138.132 0.067327918
21.041 2057305.611 0.067188267
20.915 2063478.442 0.067050797
20.791 2069656.570 0.066915501
20.666 2075839.943 0.066782373
20.542 2082028.506 0.066651405
20.419 2088222.207 0.066522590
20.296 2094420.992 0.066395924
20.174 2100624.811 0.066271398
20.053 2106833.613 0.066149008
