20.009 2109223.170 0.066097709
20.042 2107568.911 0.066129601
20.074 2105932.879 0.066161292
20.106 2104315.115 0.066192778
20.137 2102715.665 0.066224053
20.168 2101134.569 0.066255110
20.199 2099571.871 0.066285944
20.230 2098027.611 0.066316550
20.260 2096501.832 0.066346922
20.290 2094994.575 0.066377053
20.320 2093505.880 0.066406940
20.349 2092035.788 0.066436575
20.378 2090584.338 0.066465955
20.406 2089151.570 0.066495072
20.435 2087737.523 0.066523923
20.462 2086342.236 0.066552501
20.490 2084965.747 0.066580802
20.517 2083608.093 0.066608819
20.544 2082269.312 0.066636549
20.571 2080949.442 0.066663986
20.597 2079648.518 0.066691124
20.623 2078366.576 0.066717959
20.648 2077103.653 0.066744486
20.673 2075859.783 0.066770700
20.698 2074635.001 0.066796595
20.723 2073429.341 0.066822168
20.747 2072242.837 0.066847413
20.770 2071075.523 0.066872326
20.794 2069927.431 0.066896903
20.817 2068798.593 0.066921137
20.839 2067689.042 0.066945026
20.862 2066598.808 0.066968564
20.883 2065527.923 0.066991748
20.905 2064476.417 0.067014572
20.926 2063444.319 0.067037033
20.947 2062431.660 0.067059126
20.967 2061438.468 0.067080848
20.987 2060464.771 0.067102194
21.007 2059510.598 0.067123159
21.026 2058575.975 0.067143742
21.045 2057660.929 0.067163936
21.064 2056765.486 0.067183739
21.082 2055889.673 0.067203147
21.099 2055033.515 0.067222156
21.117 2054197.035 0.067240762
21.134 2053380.259 0.067258963
21.150 2052583.209 0.067276754
21.166 2051805.909 0.067294132
21.182 2051048.381 0.067311095
21.197 2050310.647 0.067327638
21.212 2049592.728 0.067343759
21.227 2048894.645 0.067359454
21.241 2048216.419 0.067374721
21.255 2047558.068 0.067389556
21.268 2046919.613 0.067403958
21.281 2046301.071 0.067417922
21.294 2045702.460 0.067431447
21.306 2045123.798 0.067444530
21.318 2044565.102 0.067457168
21.329 2044026.387 0.067469359
21.340 2043507.669 0.067481100
21.351 2043008.963 0.067492390
21.361 2042530.284 0.067503226
21.370 2042071.645 0.067513605
21.380 2041633.059 0.067523527
21.389 2041214.540 0.067532989
21.397 2040816.099 0.067541989
21.405 2040437.747 0.067550526
21.413 2040079.495 0.067558598
21.420 2039741.354 0.067566203
21.427 2039423.333 0.067573339
21.433 2039125.441 0.067580006
21.439 2038847.687 0.067586202
21.445 2038590.078 0.067591926
21.450 2038352.620 0.067597177
21.455 2038135.322 0.067601953
21.459 2037938.189 0.067606254
21.463 2037761.225 0.067610079
21.467 2037604.436 0.067613426
21.470 2037467.826 0.067616297
21.472 2037351.399 0.067618688
21.475 2037255.156 0.067620602
21.477 2037179.101 0.067622035
21.478 2037123.234 0.067622990
21.479 2037087.558 0.067623464
21.480 2037072.072 0.067623459
21.480 2037076.775 0.067622974
21.479 2037101.668 0.067622008
21.479 2037146.749 0.067620563
21.478 2037212.015 0.067618639
21.476 2037297.463 0.067616234
21.474 2037403.091 0.067613351
21.472 2037528.895 0.067609990
21.469 2037674.870 0.067606150
21.466 2037841.010 0.067601834
21.462 2038027.310 0.067597040
21.458 2038233.763 0.067591771
21.454 2038460.363 0.067586028
21.449 2038707.102 0.067579810
21.444 2038973.971 0.067573120
21.438 2039260.962 0.067565959
21.432 2039568.065 0.067558327
21.426 2039895.269 0.067550226
21.419 2040242.566 0.067541658
21.411 2040609.942 0.067532625
21.404 2040997.386 0.067523127
21.395 2041404.886 0.067513166
21.387 2041832.428 0.067502745
21.378 2042279.999 0.067491865
21.369 2042747.584 0.067480529
21.359 2043235.169 0.067468737
21.349 2043742.738 0.067456493
21.338 2044270.275 0.067443798
21.327 2044817.764 0.067430655
21.316 2045385.186 0.067417067
21.304 2045972.525 0.067403035
21.291 2046579.761 0.067388562
21.279 2047206.877 0.067373651
21.266 2047853.851 0.067358305
21.252 2048520.665 0.067342526
21.239 2049207.297 0.067326318
21.224 2049913.726 0.067309682
21.210 2050639.931 0.067292623
21.195 2051385.888 0.067275143
21.179 2052151.576 0.067257246
21.164 2052936.970 0.067238934
21.147 2053742.046 0.067220211
21.131 2054566.780 0.067201081
21.114 2055411.147 0.067181546
21.096 2056275.121 0.067161611
21.079 2057158.676 0.067141279
21.061 2058061.784 0.067120553
21.042 2058984.420 0.067099438
21.023 2059926.554 0.067077937
21.004 2060888.159 0.067056055
20.984 2061869.206 0.067033794
20.964 2062869.665 0.067011160
20.944 2063889.507 0.066988156
20.923 2064928.700 0.066964786
20.902 2065987.215 0.066941055
20.880 2067065.020 0.066916966
20.859 2068162.083 0.066892525
20.836 2069278.372 0.066867735
20.814 2070413.854 0.066842602
20.791 2071568.495 0.066817129
20.767 2072742.262 0.066791321
20.744 2073935.120 0.066765183
20.720 2075147.035 0.066738719
20.695 2076377.972 0.066711934
20.670 2077627.894 0.066684834
20.645 2078896.767 0.066657422
20.620 2080184.552 0.066629704
20.594 2081491.214 0.066601685
20.568 2082816.715 0.066573369
20.541 2084161.016 0.066544763
20.515 2085524.080 0.066515870
20.487 2086905.868 0.066486696
20.460 2088306.341 0.066457246
20.432 2089725.459 0.066427526
20.404 2091163.182 0.066397541
20.375 2092619.470 0.066367296
20.346 2094094.282 0.066336796
20.317 2095587.578 0.066306047
20.288 2097099.314 0.066275055
20.258 2098629.450 0.066243824
20.228 2100177.943 0.066212361
20.197 2101744.750 0.066180671
20.166 2103329.828 0.066148760
20.135 2104933.135 0.066116632
20.104 2106554.625 0.066084295
20.072 2108194.256 0.066051754
20.040 2109851.981 0.066019014
20.008 2111527.758 0.065986081
0.0 0.0 0.0
0.0 0.0 0.0
0.0 0.0 0.0
0.0 0.0 0.0
0.0 0.0 0.0
0.0 0.0 0.0
0.0 0.0 0.0
0.0 0.0 0.0
0.0 0.0 0.0
0.0 0.0 0.0
0.0 0.0 0.0
0.0 0.0 0.0
0.0 0.0 0.0
0.0 0.0 0.0
0.0 0.0 0.0
0.0 0.0 0.0
0.0 0.0 0.0
0.0 0.0 0.0
0.0 0.0 0.0
0.0 0.0 0.0
0.0 0.0 0.0
0.0 0.0 0.0
0.0 0.0 0.0
0.0 0.0 0.0
0.0 0.0 0.0
0.0 0.0 0.0
0.0 0.0 0.0
0.0 0.0 0.0
0.0 0.0 0.0
0.0 0.0 0.0
0.0 0.0 0.0
0.0 0.0 0.0
0.0 0.0 0.0
0.0 0.0 0.0
0.0 0.0 0.0
0.0 0.0 0.0
0.0 0.0 0.0
0.0 0.0 0.0
0.0 0.0 0.0
0.0 0.0 0.0
0.0 0.0 0.0
0.0 0.0 0.0
0.0 0.0 0.0
0.0 0.0 0.0
0.0 0.0 0.0
0.0 0.0 0.0
0.0 0.0 0.0
0.0 0.0 0.0
0.0 0.0 0.0
0.0 0.0 0.0
0.0 0.0 0.0
0.0 0.0 0.0
0.0 0.0 0.0
0.0 0.0 0.0
0.0 0.0 0.0
0.0 0.0 0.0
0.0 0.0 0.0
0.0 0.0 0.0
0.0 0.0 0.0
0.0 0.0 0.0
0.0 0.0 0.0
0.0 0.0 0.0
0.0 0.0 0.0
0.0 0.0 0.0
0.0 0.0 0.0
0.0 0.0 0.0
0.0 0.0 0.0
0.0 0.0 0.0
0.0 0.0 0.0
0.0 0.0 0.0
0.0 0.0 0.0
0.0 0.0 0.0
0.0 0.0 0.0
0.0 0.0 0.0
0.0 0.0 0.0
0.0 0.0 0.0
0.0 0.0 0.0
0.0 0.0 0.0
0.0 0.0 0.0
0.0 0.0 0.0
0.0 0.0 0.0
0.0 0.0 0.0
0.0 0.0 0.0
0.0 0.0 0.0
0.0 0.0 0.0
0.0 0.0 0.0
0.0 0.0 0.0
0.0 0.0 0.0
0.0 0.0 0.0
0.0 0.0 0.0
0.0 0.0 0.0
0.0 0.0 0.0
0.0 0.0 0.0
0.0 0.0 0.0
0.0 0.0 0.0
0.0 0.0 0.0
0.0 0.0 0.0
0.0 0.0 0.0
0.0 0.0 0.0
0.0 0.0 0.0
0.0 0.0 0.0
0.0 0.0 0.0
0.0 0.0 0.0
0.0 0.0 0.0
0.0 0.0 0.0
0.0 0.0 0.0
0.0 0.0 0.0
0.0 0.0 0.0
0.0 0.0 0.0
0.0 0.0 0.0
0.0 0.0 0.0
0.0 0.0 0.0
0.0 0.0 0.0
0.0 0.0 0.0
0.0 0.0 0.0
0.0 0.0 0.0
0.0 0.0 0.0
0.0 0.0 0.0
0.0 0.0 0.0
0.0 0.0 0.0
0.0 0.0 0.0
0.0 0.0 0.0
0.0 0.0 0.0
0.0 0.0 0.0
0.0 0.0 0.0
0.0 0.0 0.0
0.0 0.0 0.0
0.0 0.0 0.0
0.0 0.0 0.0
0.0 0.0 0.0
0.0 0.0 0.0
0.0 0.0 0.0
0.0 0.0 0.0
0.0 0.0 0.0
0.0 0.0 0.0
0.0 0.0 0.0
0.0 0.0 0.0
0.0 0.0 0.0
0.0 0.0 0.0
0.0 0.0 0.0
0.0 0.0 0.0
0.0 0.0 0.0
0.0 0.0 0.0
0.0 0.0 0.0
0.0 0.0 0.0
0.0 0.0 0.0
0.0 0.0 0.0
0.0 0.0 0.0
0.0 0.0 0.0
0.0 0.0 0.0
0.0 0.0 0.0
0.0 0.0 0.0
0.0 0.0 0.0
0.0 0.0 0.0
0.0 0.0 0.0
0.0 0.0 0.0
0.0 0.0 0.0
0.0 0.0 0.0
0.0 0.0 0.0
0.0 0.0 0.0
0.0 0.0 0.0
0.0 0.0 0.0
0.0 0.0 0.0
0.0 0.0 0.0
0.0 0.0 0.0
0.0 0.0 0.0
0.0 0.0 0.0
0.0 0.0 0.0
0.0 0.0 0.0
0.0 0.0 0.0
0.0 0.0 0.0
0.0 0.0 0.0
0.0 0.0 0.0
0.0 0.0 0.0
0.0 0.0 0.0
0.0 0.0 0.0
0.0 0.0 0.0
0.0 0.0 0.0
0.0 0.0 0.0
0.0 0.0 0.0
0.0 0.0 0.0
0.0 0.0 0.0
0.0 0.0 0.0
0.0 0.0 0.0
0.0 0.0 0.0
0.0 0.0 0.0
0.0 0.0 0.0
0.0 0.0 0.0
0.0 0.0 0.0
0.0 0.0 0.0
0.0 0.0 0.0
0.0 0.0 0.0
0.0 0.0 0.0
0.0 0.0 0.0
0.0 0.0 0.0
0.0 0.0 0.0
0.0 0.0 0.0
0.0 0.0 0.0
0.0 0.0 0.0
0.0 0.0 0.0
0.0 0.0 0.0
0.0 0.0 0.0
0.0 0.0 0.0
0.0 0.0 0.0
0.0 0.0 0.0
0.0 0.0 0.0
0.0 0.0 0.0
0.0 0.0 0.0
0.0 0.0 0.0
0.0 0.0 0.0
0.0 0.0 0.0
0.0 0.0 0.0
0.0 0.0 0.0
0.0 0.0 0.0
0.0 0.0 0.0
0.0 0.0 0.0
0.0 0.0 0.0
0.0 0.0 0.0
0.0 0.0 0.0
0.0 0.0 0.0
0.0 0.0 0.0
0.0 0.0 0.0
0.0 0.0 0.0
0.0 0.0 0.0
0.0 0.0 0.0
0.0 0.0 0.0
0.0 0.0 0.0
0.0 0.0 0.0
0.0 0.0 0.0
0.0 0.0 0.0
0.0 0.0 0.0
0.0 0.0 0.0
0.0 0.0 0.0
0.0 0.0 0.0
0.0 0.0 0.0
0.0 0.0 0.0
0.0 0.0 0.0
0.0 0.0 0.0
0.0 0.0 0.0
0.0 0.0 0.0
0.0 0.0 0.0
0.0 0.0 0.0
0.0 0.0 0.0
0.0 0.0 0.0
0.0 0.0 0.0
0.0 0.0 0.0
0.0 0.0 0.0
0.0 0.0 0.0
0.0 0.0 0.0
0.0 0.0 0.0
0.0 0.0 0.0
0.0 0.0 0.0
0.0 0.0 0.0
0.0 0.0 0.0
0.0 0.0 0.0
0.0 0.0 0.0
0.0 0.0 0.0
0.0 0.0 0.0
0.0 0.0 0.0
0.0 0.0 0.0
0.0 0.0 0.0
0.0 0.0 0.0
0.0 0.0 0.0
0.0 0.0 0.0
0.0 0.0 0.0
0.0 0.0 0.0
0.0 0.0 0.0
0.0 0.0 0.0
0.0 0.0 0.0
0.0 0.0 0.0
0.0 0.0 0.0
0.0 0.0 0.0
0.0 0.0 0.0
0.0 0.0 0.0
0.0 0.0 0.0
0.0 0.0 0.0
0.0 0.0 0.0
0.0 0.0 0.0
0.0 0.0 0.0
0.0 0.0 0.0
0.0 0.0 0.0
0.0 0.0 0.0
0.0 0.0 0.0
0.0 0.0 0.0
0.0 0.0 0.0
0.0 0.0 0.0
0.0 0.0 0.0
0.0 0.0 0.0
0.0 0.0 0.0
0.0 0.0 0.0
0.0 0.0 0.0
0.0 0.0 0.0
0.0 0.0 0.0
0.0 0.0 0.0
0.0 0.0 0.0
0.0 0.0 0.0
0.0 0.0 0.0
0.0 0.0 0.0
0.0 0.0 0.0
0.0 0.0 0.0
0.0 0.0 0.0
0.0 0.0 0.0
0.0 0.0 0.0
0.0 0.0 0.0
0.0 0.0 0.0
0.0 0.0 0.0
0.0 0.0 0.0
0.0 0.0 0.0
0.0 0.0 0.0
0.0 0.0 0.0
0.0 0.0 0.0
0.0 0.0 0.0
0.0 0.0 0.0
0.0 0.0 0.0
0.0 0.0 0.0
0.0 0.0 0.0
0.0 0.0 0.0
0.0 0.0 0.0
0.0 0.0 0.0
0.0 0.0 0.0
0.0 0.0 0.0
0.0 0.0 0.0
0.0 0.0 0.0
0.0 0.0 0.0
0.0 0.0 0.0
0.0 0.0 0.0
0.0 0.0 0.0
0.0 0.0 0.0
0.0 0.0 0.0
0.0 0.0 0.0
0.0 0.0 0.0
0.0 0.0 0.0
0.0 0.0 0.0
0.0 0.0 0.0
0.0 0.0 0.0
0.0 0.0 0.0
0.0 0.0 0.0
0.0 0.0 0.0
0.0 0.0 0.0
0.0 0.0 0.0
0.0 0.0 0.0
0.0 0.0 0.0
0.0 0.0 0.0
0.0 0.0 0.0
0.0 0.0 0.0
0.0 0.0 0.0
0.0 0.0 0.0
0.0 0.0 0.0
0.0 0.0 0.0
0.0 0.0 0.0
0.0 0.0 0.0
0.0 0.0 0.0
0.0 0.0 0.0
0.0 0.0 0.0
0.0 0.0 0.0
0.0 0.0 0.0
0.0 0.0 0.0
0.0 0.0 0.0
0.0 0.0 0.0
0.0 0.0 0.0
0.0 0.0 0.0
0.0 0.0 0.0
0.0 0.0 0.0
0.0 0.0 0.0
0.0 0.0 0.0
0.0 0.0 0.0
0.0 0.0 0.0
0.0 0.0 0.0
0.0 0.0 0.0
0.0 0.0 0.0
0.0 0.0 0.0
0.0 0.0 0.0
0.0 0.0 0.0
0.0 0.0 0.0
0.0 0.0 0.0
0.0 0.0 0.0
0.0 0.0 0.0
0.0 0.0 0.0
0.0 0.0 0.0
0.0 0.0 0.0
0.0 0.0 0.0
0.0 0.0 0.0
0.0 0.0 0.0
0.0 0.0 0.0
0.0 0.0 0.0
0.0 0.0 0.0
0.0 0.0 0.0
0.0 0.0 0.0
0.0 0.0 0.0
0.0 0.0 0.0
0.0 0.0 0.0
0.0 0.0 0.0
0.0 0.0 0.0
0.0 0.0 0.0
0.0 0.0 0.0
0.0 0.0 0.0
0.0 0.0 0.0
0.0 0.0 0.0
0.0 0.0 0.0
0.0 0.0 0.0
0.0 0.0 0.0
0.0 0.0 0.0
0.0 0.0 0.0
0.0 0.0 0.0
0.0 0.0 0.0
0.0 0.0 0.0
0.0 0.0 0.0
0.0 0.0 0.0
0.0 0.0 0.0
0.0 0.0 0.0
0.0 0.0 0.0
0.0 0.0 0.0
0.0 0.0 0.0
0.0 0.0 0.0
0.0 0.0 0.0
0.0 0.0 0.0
0.0 0.0 0.0
0.0 0.0 0.0
0.0 0.0 0.0
0.0 0.0 0.0
0.0 0.0 0.0
0.0 0.0 0.0
0.0 0.0 0.0
0.0 0.0 0.0
0.0 0.0 0.0
0.0 0.0 0.0
0.0 0.0 0.0
0.0 0.0 0.0
0.0 0.0 0.0
0.0 0.0 0.0
0.0 0.0 0.0
0.0 0.0 0.0
0.0 0.0 0.0
0.0 0.0 0.0
0.0 0.0 0.0
0.0 0.0 0.0
0.0 0.0 0.0
0.0 0.0 0.0
0.0 0.0 0.0
0.0 0.0 0.0
0.0 0.0 0.0
0.0 0.0 0.0
0.0 0.0 0.0
0.0 0.0 0.0
0.0 0.0 0.0
0.0 0.0 0.0
0.0 0.0 0.0
0.0 0.0 0.0
0.0 0.0 0.0
0.0 0.0 0.0
0.0 0.0 0.0
0.0 0.0 0.0
0.0 0.0 0.0
0.0 0.0 0.0
0.0 0.0 0.0
0.0 0.0 0.0
0.0 0.0 0.0
0.0 0.0 0.0
0.0 0.0 0.0
0.0 0.0 0.0
0.0 0.0 0.0
0.0 0.0 0.0
0.0 0.0 0.0
0.0 0.0 0.0
0.0 0.0 0.0
0.0 0.0 0.0
0.0 0.0 0.0
0.0 0.0 0.0
0.0 0.0 0.0
0.0 0.0 0.0
0.0 0.0 0.0
0.0 0.0 0.0
0.0 0.0 0.0
0.0 0.0 0.0
0.0 0.0 0.0
0.0 0.0 0.0
0.0 0.0 0.0
0.0 0.0 0.0
0.0 0.0 0.0
0.0 0.0 0.0
0.0 0.0 0.0
0.0 0.0 0.0
0.0 0.0 0.0
0.0 0.0 0.0
0.0 0.0 0.0
0.0 0.0 0.0
0.0 0.0 0.0
0.0 0.0 0.0
0.0 0.0 0.0
0.0 0.0 0.0
0.0 0.0 0.0
0.0 0.0 0.0
0.0 0.0 0.0
0.0 0.0 0.0
0.0 0.0 0.0
0.0 0.0 0.0
0.0 0.0 0.0
0.0 0.0 0.0
0.0 0.0 0.0
0.0 0.0 0.0
5332242.021 0.008
5319981.969 0.008
5307720.831 0.008
5295458.650 0.008
5283195.468 0.008
5270931.326 0.008
5258666.267 0.008
5246400.333 0.009
5234133.567 0.009
5221866.012 0.009
5209597.712 0.009
5197328.711 0.009
5185059.052 0.009
5172788.781 0.009
5160517.941 0.009
5148246.577 0.009
5135974.736 0.009
5123702.462 0.009
5111429.801 0.009
5099156.800 0.009
5086883.506 0.009
5074609.964 0.009
5062336.224 0.009
5050062.331 0.009
5037788.334 0.009
5025514.282 0.009
5013240.223 0.009
5000966.206 0.009
4988692.280 0.009
4976418.495 0.009
4964144.902 0.010
4951871.550 0.010
4939598.491 0.010
4927325.776 0.010
4915053.456 0.010
4902781.584 0.010
4890510.212 0.010
4878239.393 0.010
4865969.179 0.010
4853699.626 0.010
4841430.786 0.010
4829162.714 0.010
4816895.465 0.010
4804629.095 0.010
4792363.659 0.010
4780099.214 0.010
4767835.816 0.010
4755573.522 0.010
4743312.390 0.010
4731052.478 0.010
4718793.844 0.011
4706536.548 0.011
4694280.649 0.011
4682026.207 0.011
4669773.282 0.011
4657521.936 0.011
4645272.230 0.011
4633024.225 0.011
4620777.985 0.011
4608533.572 0.011
4596291.049 0.011
4584050.482 0.011
4571811.935 0.011
4559575.473 0.011
4547341.161 0.011
4535109.066 0.011
4522879.255 0.011
4510651.795 0.012
4498426.755 0.012
4486204.203 0.012
4473984.208 0.012
4461766.841 0.012
4449552.171 0.012
4437340.270 0.012
4425131.210 0.012
4412925.062 0.012
4400721.901 0.012
4388521.800 0.012
4376324.832 0.012
4364131.074 0.012
4351940.601 0.012
4339753.489 0.012
4327569.816 0.012
4315389.659 0.013
4303213.097 0.013
4291040.210 0.013
4278871.077 0.013
4266705.778 0.013
4254544.397 0.013
4242387.014 0.013
4230233.714 0.013
4218084.579 0.013
4205939.696 0.013
4193799.148 0.013
4181663.023 0.013
4169531.407 0.013
4157404.390 0.014
4145282.058 0.014
4133164.503 0.014
4121051.815 0.014
4108944.085 0.014
4096841.406 0.014
4084743.871 0.014
4072651.575 0.014
4060564.611 0.014
4048483.078 0.014
4036407.071 0.014
4024336.688 0.014
4012272.030 0.015
4000213.195 0.015
3988160.286 0.015
3976113.403 0.015
3964072.650 0.015
3952038.132 0.015
3940009.953 0.015
3927988.220 0.015
3915973.041 0.015
3903964.524 0.015
3891962.778 0.015
3879967.915 0.016
3867980.047 0.016
3855999.286 0.016
3844025.748 0.016
3832059.548 0.016
3820100.802 0.016
3808149.628 0.016
3796206.147 0.016
3784270.479 0.016
3772342.745 0.016
3760423.069 0.017
3748511.575 0.017
3736608.390 0.017
3724713.640 0.017
3712827.455 0.017
3700949.963 0.017
3689081.298 0.017
3677221.592 0.017
3665370.978 0.017
3653529.594 0.017
3641697.576 0.018
3629875.064 0.018
3618062.198 0.018
3606259.120 0.018
3594465.973 0.018
3582682.904 0.018
3570910.058 0.018
3559147.585 0.018
3547395.635 0.019
3535654.359 0.019
3523923.912 0.019
3512204.448 0.019
3500496.126 0.019
3488799.103 0.019
3477113.542 0.019
3465439.604 0.019
3453777.454 0.020
3442127.259 0.020
3430489.187 0.020
3418863.409 0.020
3407250.096 0.020
3395649.424 0.020
3384061.569 0.020
3372486.709 0.020
3360925.024 0.021
3349376.698 0.021
3337841.916 0.021
3326320.864 0.021
3314813.732 0.021
3303320.711 0.021
3291841.995 0.021
3280377.781 0.022
3268928.266 0.022
3257493.652 0.022
3246074.142 0.022
3234669.941 0.022
3223281.257 0.022
3211908.302 0.023
3200551.289 0.023
3189210.433 0.023
3177885.952 0.023
3166578.068 0.023
3155287.004 0.023
3144012.987 0.024
3132756.247 0.024
3121517.014 0.024
3110295.524 0.024
3099092.014 0.024
3087906.725 0.024
3076739.901 0.025
3065591.788 0.025
3054462.635 0.025
3043352.695 0.025
3032262.224 0.025
3021191.481 0.025
3010140.727 0.026
2999110.228 0.026
2988100.252 0.026
2977111.071 0.026
2966142.960 0.026
2955196.198 0.027
2944271.067 0.027
2933367.851 0.027
2922486.841 0.027
2911628.328 0.027
2900792.609 0.028
2889979.983 0.028
2879190.754 0.028
2868425.229 0.028
2857683.720 0.028
2846966.540 0.029
2836274.009 0.029
2825606.450 0.029
2814964.188 0.029
2804347.556 0.029
2793756.886 0.030
2783192.518 0.030
2772654.796 0.030
2762144.066 0.030
2751660.679 0.031
2741204.992 0.031
2730777.364 0.031
2720378.160 0.031
2710007.749 0.032
2699666.503 0.032
2689354.802 0.032
2679073.026 0.032
2668821.565 0.032
2658600.808 0.033
2648411.153 0.033
2638253.000 0.033
2628126.756 0.033
2618032.832 0.034
2607971.643 0.034
2597943.609 0.034
2587949.158 0.035
2577988.718 0.035
2568062.725 0.035
2558171.622 0.035
2548315.852 0.036
2538495.868 0.036
2528712.125 0.036
2518965.085 0.036
2509255.215 0.037
2499582.987 0.037
2489948.878 0.037
2480353.371 0.038
2470796.954 0.038
2461280.121 0.038
2451803.371 0.038
2442367.208 0.039
2432972.142 0.039
2423618.690 0.039
2414307.371 0.040
2405038.714 0.040
2395813.249 0.040
2386631.515 0.040
2377494.056 0.041
2368401.419 0.041
2359354.161 0.041
2350352.841 0.042
2341398.025 0.042
2332490.284 0.042
2323630.196 0.043
2314818.343 0.043
2306055.314 0.043
2297341.702 0.044
2288678.107 0.044
2280065.133 0.044
2271503.391 0.045
2262993.497 0.045
2254536.071 0.045
2246131.741 0.046
2237781.137 0.046
2229484.899 0.046
2221243.666 0.047
2213058.089 0.047
2204928.817 0.047
2196856.511 0.048
2188841.831 0.048
2180885.446 0.048
2172988.027 0.049
2165150.252 0.049
2157372.802 0.049
2149656.363 0.050
2142001.625 0.050
2134409.282 0.050
2126880.034 0.051
2119414.582 0.051
2112013.634 0.051
2104677.898 0.052
2097408.090 0.052
2090204.925 0.052
2083069.125 0.053
2076001.411 0.053
2069002.511 0.053
2062073.153 0.054
2055214.068 0.054
2048425.990 0.055
2041709.653 0.055
2035065.795 0.055
2028495.156 0.056
2021998.474 0.056
2015576.491 0.056
2009229.949 0.057
2002959.590 0.057
1996766.158 0.057
1990650.395 0.058
1984613.044 0.058
1978654.846 0.058
1972776.542 0.059
1966978.873 0.059
1961262.576 0.059
1955628.389 0.060
1950077.044 0.060
1944609.275 0.060
1939225.809 0.061
1933927.372 0.061
1928714.687 0.061
1923588.471 0.062
1918549.437 0.062
1913598.295 0.062
1908735.749 0.063
1903962.496 0.063
1899279.229 0.063
1894686.634 0.063
1890185.391 0.064
1885776.170 0.064
1881459.638 0.064
1877236.450 0.065
1873107.255 0.065
1869072.692 0.065
1865133.392 0.065
1861289.974 0.066
1857543.051 0.066
1853893.221 0.066
1850341.074 0.066
1846887.187 0.067
1843532.127 0.067
1840276.447 0.067
1837120.690 0.067
1834065.383 0.068
1831111.041 0.068
1828258.165 0.068
1825507.244 0.068
1822858.748 0.068
1820313.137 0.069
1817870.851 0.069
1815532.319 0.069
1813297.950 0.069
1811168.140 0.069
1809143.265 0.069
1807223.688 0.069
1805409.750 0.070
1803701.779 0.070
1802100.082 0.070
1800604.949 0.070
1799216.652 0.070
1797935.444 0.070
1796761.559 0.070
1795695.213 0.070
1794736.601 0.070
1793885.899 0.070
1793143.265 0.071
1792508.837 0.071
1791982.730 0.071
1791565.044 0.071
1791255.855 0.071
1791055.221 0.071
1790963.179 0.071
1790979.747 0.071
1791104.920 0.071
1791338.677 0.071
1791680.973 0.071
1792131.746 0.071
1792690.910 0.071
1793358.364 0.070
1794133.982 0.070
1795017.623 0.070
1796009.122 0.070
1797108.298 0.070
1798314.949 0.070
1799628.853 0.070
1801049.771 0.070
1802577.445 0.070
1804211.595 0.070
1805951.929 0.070
1807798.131 0.069
1809749.870 0.069
1811806.798 0.069
1813968.548 0.069
1816234.738 0.069
1818604.968 0.069
1821078.822 0.068
1823655.870 0.068
1826335.663 0.068
1829117.740 0.068
1832001.624 0.068
1834986.823 0.067
1838072.832 0.067
1841259.131 0.067
1844545.189 0.067
1847930.459 0.067
1851414.385 0.066
1854996.396 0.066
1858675.912 0.066
1862452.339 0.066
1866325.075 0.065
1870293.506 0.065
1874357.008 0.065
1878514.948 0.064
1882766.685 0.064
1887111.566 0.064
1891548.934 0.064
1896078.121 0.063
1900698.452 0.063
1905409.248 0.063
1910209.818 0.062
1915099.470 0.062
1920077.503 0.062
1925143.213 0.061
1930295.887 0.061
1935534.813 0.061
1940859.270 0.061
1946268.536 0.060
1951761.883 0.060
1957338.582 0.060
1962997.901 0.059
1968739.105 0.059
1974561.456 0.059
1980464.216 0.058
1986446.645 0.058
1992508.001 0.058
1998647.543 0.057
2004864.527 0.057
2011158.211 0.056
2017527.852 0.056
2023972.707 0.056
2030492.036 0.055
2037085.097 0.055
2043751.150 0.055
2050489.457 0.054
2057299.282 0.054
2064179.890 0.054
2071130.547 0.053
2078150.524 0.053
2085239.093 0.053
2092395.528 0.052
2099619.108 0.052
2106909.112 0.052
2114264.825 0.051
2121685.535 0.051
2129170.532 0.051
2136719.111 0.050
2144330.571 0.050
2152004.215 0.050
2159739.349 0.049
2167535.284 0.049
2175391.336 0.048
2183306.825 0.048
2191281.074 0.048
2199313.415 0.047
2207403.180 0.047
2215549.709 0.047
2223752.345 0.046
2232010.437 0.046
2240323.340 0.046
2248690.412 0.045
2257111.019 0.045
2265584.529 0.045
2274110.318 0.044
2282687.767 0.044
2291316.261 0.044
2299995.192 0.043
2308723.956 0.043
2317501.956 0.043
2326328.599 0.043
2335203.300 0.042
2344125.477 0.042
2353094.555 0.042
2362109.964 0.041
2371171.140 0.041
2380277.524 0.041
2389428.564 0.040
2398623.712 0.040
2407862.427 0.040
2417144.172 0.039
2426468.417 0.039
2435834.636 0.039
2445242.311 0.039
2454690.927 0.038
2464179.977 0.038
2473708.957 0.038
2483277.370 0.037
2492884.724 0.037
2502530.532 0.037
2512214.314 0.037
2521935.593 0.036
2531693.900 0.036
2541488.768 0.036
2551319.739 0.036
2561186.357 0.035
2571088.173 0.035
2581024.743 0.035
2590995.627 0.034
2601000.393 0.034
2611038.609 0.034
2621109.853 0.034
2631213.705 0.033
2641349.751 0.033
2651517.582 0.033
2661716.793 0.033
2671946.985 0.032
2682207.762 0.032
2692498.734 0.032
2702819.516 0.032
2713169.726 0.031
2723548.989 0.031
2733956.932 0.031
2744393.187 0.031
2754857.392 0.031
2765349.187 0.030
2775868.219 0.030
2786414.138 0.030
2796986.597 0.030
2807585.254 0.029
2818209.773 0.029
2828859.820 0.029
2839535.065 0.029
2850235.183 0.029
2860959.852 0.028
2871708.756 0.028
2882481.580 0.028
2893278.015 0.028
2904097.754 0.028
2914940.495 0.027
2925805.940 0.027
2936693.793 0.027
2947603.763 0.027
2958535.562 0.027
2969488.907 0.026
2980463.515 0.026
2991459.109 0.026
3002475.416 0.026
3013512.164 0.026
3024569.087 0.025
3035645.919 0.025
3046742.400 0.025
3057858.272 0.025
3068993.281 0.025
3080147.174 0.025
3091319.703 0.024
3102510.623 0.024
3113719.690 0.024
3124946.666 0.024
3136191.314 0.024
3147453.399 0.023
3158732.690 0.023
3170028.959 0.023
3181341.981 0.023
3192671.533 0.023
3204017.394 0.023
3215379.347 0.023
3226757.176 0.022
3238150.670 0.022
3249559.619 0.022
3260983.815 0.022
3272423.053 0.022
3283877.131 0.022
3295345.849 0.021
3306829.008 0.021
3318326.414 0.021
3329837.873 0.021
3341363.195 0.021
3352902.191 0.021
3364454.675 0.021
3376020.461 0.020
3387599.369 0.020
3399191.219 0.020
3410795.832 0.020
3422413.032 0.020
3434042.647 0.020
3445684.504 0.020
3457338.433 0.019
3469004.266 0.019
3480681.838 0.019
3492370.985 0.019
3504071.545 0.019
3515783.356 0.019
3527506.262 0.019
3539240.104 0.019
3550984.729 0.018
3562739.983 0.018
3574505.714 0.018
3586281.773 0.018
3598068.012 0.018
3609864.284 0.018
3621670.445 0.018
3633486.352 0.018
3645311.862 0.018
3657146.836 0.017
3668991.136 0.017
3680844.624 0.017
3692707.165 0.017
3704578.625 0.017
3716458.872 0.017
3728347.774 0.017
3740245.202 0.017
3752151.028 0.017
3764065.125 0.016
3775987.366 0.016
3787917.629 0.016
3799855.790 0.016
3811801.728 0.016
3823755.323 0.016
3835716.455 0.016
3847685.007 0.016
3859660.863 0.016
3871643.907 0.016
3883634.025 0.015
3895631.105 0.015
3907635.034 0.015
3919645.703 0.015
3931663.001 0.015
3943686.821 0.015
3955717.056 0.015
3967753.599 0.015
3979796.346 0.015
3991845.193 0.015
4003900.036 0.015
4015960.775 0.014
4028027.308 0.014
4040099.536 0.014
4052177.359 0.014
4064260.681 0.014
4076349.404 0.014
4088443.433 0.014
4100542.673 0.014
4112647.029 0.014
4124756.409 0.014
4136870.720 0.014
4148989.872 0.014
4161113.774 0.014
4173242.337 0.013
4185375.472 0.013
4197513.091 0.013
4209655.107 0.013
4221801.435 0.013
4233951.989 0.013
4246106.684 0.013
4258265.438 0.013
4270428.166 0.013
4282594.788 0.013
4294765.222 0.013
4306939.386 0.013
4319117.202 0.013
4331298.591 0.012
4343483.473 0.012
4355671.772 0.012
4367863.410 0.012
4380058.312 0.012
4392256.401 0.012
4404457.603 0.012
4416661.844 0.012
4428869.050 0.012
4441079.148 0.012
4453292.067 0.012
4465507.734 0.012
4477726.079 0.012
4489947.031 0.012
4502170.521 0.012
4514396.479 0.011
4526624.838 0.011
4538855.529 0.011
4551088.485 0.011
4563323.639 0.011
4575560.925 0.011
4587800.278 0.011
4600041.633 0.011
4612284.924 0.011
4624530.089 0.011
4636777.063 0.011
4649025.784 0.011
4661276.190 0.011
4673528.218 0.011
4685781.808 0.011
4698036.899 0.011
4710293.429 0.011
4722551.341 0.011
4734810.573 0.010
4747071.068 0.010
4759332.766 0.010
4771595.611 0.010
4783859.544 0.010
4796124.509 0.010
4808390.449 0.010
4820657.308 0.010
4832925.031 0.010
4845193.561 0.010
4857462.845 0.010
4869732.828 0.010
4882003.456 0.010
4894274.676 0.010
4906546.434 0.010
4918818.678 0.010
4931091.356 0.010
4943364.415 0.010
4955637.804 0.010
4967911.472 0.009
4980185.369 0.009
4992459.443 0.009
5004733.645 0.009
5017007.926 0.009
5029282.235 0.009
5041556.525 0.009
5053830.746 0.009
5066104.851 0.009
5078378.791 0.009
5090652.519 0.009
5102925.988 0.009
5115199.152 0.009
5127471.963 0.009
5139744.375 0.009
5152016.343 0.009
5164287.822 0.009
5176558.765 0.009
5188829.128 0.009
5201098.867 0.009
5213367.937 0.009
5225636.294 0.009
5237903.895 0.009
5250170.697 0.009
5262436.655 0.008
5274701.728 0.008
5286965.873 0.008
5299229.048 0.008
5311491.211 0.008
5323752.320 0.008
5336012.333 0.008
0.0 0.0 0.0
0.0 0.0 0.0
0.0 0.0 0.0
0.0 0.0 0.0
0.0 0.0 0.0
0.0 0.0 0.0
0.0 0.0 0.0
0.0 0.0 0.0
0.0 0.0 0.0
0.0 0.0 0.0
0.0 0.0 0.0
0.0 0.0 0.0
0.0 0.0 0.0
0.0 0.0 0.0
0.0 0.0 0.0
0.0 0.0 0.0
0.0 0.0 0.0
0.0 0.0 0.0
0.0 0.0 0.0
0.0 0.0 0.0
0.0 0.0 0.0
0.0 0.0 0.0
0.0 0.0 0.0
0.0 0.0 0.0
0.0 0.0 0.0
0.0 0.0 0.0
0.0 0.0 0.0
0.0 0.0 0.0
0.0 0.0 0.0
0.0 0.0 0.0
0.0 0.0 0.0
0.0 0.0 0.0
0.0 0.0 0.0
0.0 0.0 0.0
0.0 0.0 0.0
0.0 0.0 0.0
0.0 0.0 0.0
0.0 0.0 0.0
0.0 0.0 0.0
0.0 0.0 0.0
0.0 0.0 0.0
0.0 0.0 0.0
0.0 0.0 0.0
0.0 0.0 0.0
0.0 0.0 0.0
0.0 0.0 0.0
0.0 0.0 0.0
0.0 0.0 0.0
0.0 0.0 0.0
0.0 0.0 0.0
0.0 0.0 0.0
0.0 0.0 0.0
0.0 0.0 0.0
0.0 0.0 0.0
0.0 0.0 0.0
0.0 0.0 0.0
0.0 0.0 0.0
0.0 0.0 0.0
0.0 0.0 0.0
0.0 0.0 0.0
0.0 0.0 0.0
0.0 0.0 0.0
0.0 0.0 0.0
0.0 0.0 0.0
0.0 0.0 0.0
0.0 0.0 0.0
0.0 0.0 0.0
0.0 0.0 0.0
0.0 0.0 0.0
0.0 0.0 0.0
0.0 0.0 0.0
0.0 0.0 0.0
0.0 0.0 0.0
0.0 0.0 0.0
0.0 0.0 0.0
0.0 0.0 0.0
0.0 0.0 0.0
0.0 0.0 0.0
0.0 0.0 0.0
0.0 0.0 0.0
0.0 0.0 0.0
0.0 0.0 0.0
0.0 0.0 0.0
0.0 0.0 0.0
0.0 0.0 0.0
0.0 0.0 0.0
0.0 0.0 0.0
0.0 0.0 0.0
0.0 0.0 0.0
0.0 0.0 0.0
0.0 0.0 0.0
0.0 0.0 0.0
0.0 0.0 0.0
0.0 0.0 0.0
0.0 0.0 0.0
0.0 0.0 0.0
0.0 0.0 0.0
0.0 0.0 0.0
0.0 0.0 0.0
0.0 0.0 0.0
0.0 0.0 0.0
0.0 0.0 0.0
0.0 0.0 0.0
0.0 0.0 0.0
0.0 0.0 0.0
0.0 0.0 0.0
0.0 0.0 0.0
0.0 0.0 0.0
0.0 0.0 0.0
0.0 0.0 0.0
0.0 0.0 0.0
0.0 0.0 0.0
0.0 0.0 0.0
0.0 0.0 0.0
0.0 0.0 0.0
0.0 0.0 0.0
0.0 0.0 0.0
0.0 0.0 0.0
0.0 0.0 0.0
0.0 0.0 0.0
0.0 0.0 0.0
0.0 0.0 0.0
0.0 0.0 0.0
0.0 0.0 0.0
0.0 0.0 0.0
0.0 0.0 0.0
0.0 0.0 0.0
0.0 0.0 0.0
0.0 0.0 0.0
0.0 0.0 0.0
0.0 0.0 0.0
0.0 0.0 0.0
0.0 0.0 0.0
0.0 0.0 0.0
0.0 0.0 0.0
0.0 0.0 0.0
0.0 0.0 0.0
0.0 0.0 0.0
0.0 0.0 0.0
0.0 0.0 0.0
0.0 0.0 0.0
0.0 0.0 0.0
0.0 0.0 0.0
0.0 0.0 0.0
0.0 0.0 0.0
0.0 0.0 0.0
0.0 0.0 0.0
0.0 0.0 0.0
0.0 0.0 0.0
0.0 0.0 0.0
0.0 0.0 0.0
0.0 0.0 0.0
0.0 0.0 0.0
20.082 2109800.407 0.065957344
20.190 2104256.679 0.066066718
20.298 2098721.487 0.066177688
20.407 2093194.904 0.066290253
20.516 2087677.007 0.066404411
20.626 2082167.869 0.066520162
20.736 2076667.568 0.066637506
20.846 2071176.179 0.066756441
20.956 2065693.781 0.066876967
21.067 2060220.452 0.066999083
21.178 2054756.270 0.067122787
21.290 2049301.315 0.067248081
21.402 2043855.667 0.067374962
21.514 2038419.408 0.067503430
21.627 2032992.618 0.067633484
21.739 2027575.380 0.067765125
21.853 2022167.777 0.067898350
21.966 2016769.893 0.068033160
22.080 2011381.813 0.068169554
22.195 2006003.621 0.068307531
22.309 2000635.404 0.068447090
22.424 1995277.249 0.068588231
22.540 1989929.242 0.068730953
22.656 1984591.473 0.068875255
22.772 1979264.030 0.069021137
22.888 1973947.004 0.069168597
23.005 1968640.484 0.069317634
23.122 1963344.562 0.069468249
23.240 1958059.331 0.069620439
23.358 1952784.883 0.069774204
23.476 1947521.312 0.069929542
23.595 1942268.712 0.070086453
23.714 1937027.180 0.070244935
23.833 1931796.811 0.070404987
23.953 1926577.702 0.070566607
24.073 1921369.952 0.070729795
24.193 1916173.658 0.070894548
24.314 1910988.920 0.071060865
24.435 1905815.840 0.071228744
24.557 1900654.517 0.071398183
24.678 1895505.055 0.071569181
24.801 1890367.555 0.071741735
24.923 1885242.123 0.071915843
25.046 1880128.862 0.072091502
25.169 1875027.878 0.072268711
25.293 1869939.278 0.072447467
25.417 1864863.169 0.072627766
25.541 1859799.660 0.072809607
25.666 1854748.858 0.072992985
25.791 1849710.875 0.073177899
25.917 1844685.822 0.073364344
26.042 1839673.809 0.073552317
26.169 1834674.951 0.073741814
26.295 1829689.360 0.073932832
26.422 1824717.151 0.074125365
26.549 1819758.441 0.074319411
26.677 1814813.345 0.074514965
26.805 1809881.980 0.074712021
26.933 1804964.466 0.074910576
27.061 1800060.921 0.075110623
27.190 1795171.466 0.075312157
27.320 1790296.222 0.075515174
27.449 1785435.311 0.075719667
27.579 1780588.856 0.075925630
27.709 1775756.981 0.076133056
27.840 1770939.812 0.076341940
27.971 1766137.475 0.076552274
28.102 1761350.095 0.076764051
28.234 1756577.803 0.076977263
28.366 1751820.725 0.077191904
28.498 1747078.993 0.077407964
28.630 1742352.737 0.077625437
28.763 1737642.089 0.077844312
28.897 1732947.182 0.078064581
29.030 1728268.150 0.078286235
29.164 1723605.127 0.078509264
29.298 1718958.250 0.078733659
29.432 1714327.656 0.078959408
29.567 1709713.481 0.079186502
29.702 1705115.866 0.079414928
29.837 1700534.949 0.079644677
29.973 1695970.871 0.079875735
30.109 1691423.775 0.080108092
30.245 1686893.803 0.080341733
30.381 1682381.098 0.080576647
30.518 1677885.806 0.080812819
30.655 1673408.072 0.081050237
30.792 1668948.043 0.081288885
30.929 1664505.866 0.081528750
31.067 1660081.691 0.081769815
31.205 1655675.666 0.082012066
31.343 1651287.943 0.082255486
31.482 1646918.672 0.082500059
31.620 1642568.006 0.082745767
31.759 1638236.100 0.082992594
31.898 1633923.106 0.083240522
32.037 1629629.181 0.083489532
32.177 1625354.481 0.083739604
32.316 1621099.163 0.083990720
32.456 1616863.385 0.084242860
32.596 1612647.307 0.084496002
32.736 1608451.088 0.084750127
32.877 1604274.888 0.085005212
33.017 1600118.871 0.085261235
33.158 1595983.199 0.085518173
33.299 1591868.035 0.085776004
33.440 1587773.543 0.086034703
33.581 1583699.890 0.086294246
33.722 1579647.241 0.086554608
33.863 1575615.762 0.086815763
34.004 1571605.623 0.087077686
34.146 1567616.991 0.087340349
34.287 1563650.037 0.087603725
34.429 1559704.929 0.087867786
34.570 1555781.840 0.088132504
34.712 1551880.941 0.088397849
34.854 1548002.404 0.088663791
34.995 1544146.403 0.088930300
35.137 1540313.112 0.089197344
35.279 1536502.706 0.089464893
35.420 1532715.359 0.089732913
35.562 1528951.247 0.090001372
35.704 1525210.549 0.090270236
35.845 1521493.439 0.090539470
35.987 1517800.098 0.090809040
36.128 1514130.702 0.091078909
36.269 1510485.431 0.091349043
36.410 1506864.466 0.091619403
36.552 1503267.984 0.091889952
36.692 1499696.168 0.092160651
36.833 1496149.199 0.092431463
36.974 1492627.257 0.092702347
37.114 1489130.525 0.092973263
37.254 1485659.186 0.093244170
37.394 1482213.421 0.093515026
37.534 1478793.414 0.093785791
37.674 1475399.349 0.094056419
37.813 1472031.409 0.094326869
37.952 1468689.777 0.094597096
38.091 1465374.639 0.094867056
38.229 1462086.178 0.095136702
38.367 1458824.579 0.095405990
38.505 1455590.027 0.095674871
38.642 1452382.706 0.095943300
38.779 1449202.801 0.096211229
38.915 1446050.498 0.096478608
39.051 1442925.980 0.096745389
39.187 1439829.433 0.097011523
39.322 1436761.042 0.097276960
39.456 1433720.992 0.097541648
39.590 1430709.465 0.097805536
39.724 1427726.648 0.098068573
39.857 1424772.725 0.098330707
39.989 1421847.878 0.098591885
40.121 1418952.292 0.098852053
40.252 1416086.149 0.099111158
40.383 1413249.634 0.099369145
40.513 1410442.927 0.099625961
40.642 1407666.211 0.099881550
40.770 1404919.667 0.100135856
40.898 1402203.477 0.100388825
41.025 1399517.820 0.100640399
41.151 1396862.875 0.100890522
41.276 1394238.823 0.101139138
41.400 1391645.841 0.101386188
41.524 1389084.106 0.101631617
41.647 1386553.795 0.101875365
41.768 1384055.084 0.102117375
41.889 1381588.147 0.102357590
42.009 1379153.158 0.102595950
42.128 1376750.290 0.102832397
42.246 1374379.715 0.103066873
42.362 1372041.602 0.103299318
42.478 1369736.122 0.103529675
42.593 1367463.442 0.103757883
42.706 1365223.730 0.103983885
42.818 1363017.151 0.104207621
42.929 1360843.868 0.104429033
43.039 1358704.046 0.104648061
43.148 1356597.844 0.104864647
43.255 1354525.423 0.105078733
43.361 1352486.940 0.105290260
43.466 1350482.553 0.105499169
43.569 1348512.416 0.105705404
43.671 1346576.682 0.105908905
43.772 1344675.502 0.106109617
43.871 1342809.026 0.106307481
43.969 1340977.401 0.106502440
44.065 1339180.774 0.106694440
44.160 1337419.286 0.106883423
44.253 1335693.080 0.107069334
44.344 1334002.296 0.107252118
44.434 1332347.070 0.107431720
44.523 1330727.538 0.107608088
44.609 1329143.833 0.107781167
44.694 1327596.084 0.107950905
44.778 1326084.421 0.108117250
44.859 1324608.968 0.108280151
44.939 1323169.850 0.108439557
45.017 1321767.187 0.108595419
45.094 1320401.097 0.108747687
45.168 1319071.696 0.108896314
45.241 1317779.098 0.109041252
45.311 1316523.412 0.109182456
45.380 1315304.746 0.109319879
45.447 1314123.205 0.109453478
45.512 1312978.891 0.109583208
45.575 1311871.904 0.109709029
45.636 1310802.340 0.109830899
45.695 1309770.291 0.109948777
45.752 1308775.850 0.110062625
45.807 1307819.102 0.110172405
45.859 1306900.133 0.110278080
45.910 1306019.024 0.110379616
45.959 1305175.853 0.110476978
46.005 1304370.695 0.110570132
46.050 1303603.622 0.110659049
46.092 1302874.703 0.110743697
46.132 1302184.003 0.110824048
46.170 1301531.585 0.110900074
46.205 1300917.506 0.110971750
46.239 1300341.824 0.111039051
46.270 1299804.589 0.111101953
46.299 1299305.852 0.111160435
46.326 1298845.657 0.111214477
46.350 1298424.046 0.111264061
46.373 1298041.058 0.111309168
46.392 1297696.729 0.111349783
46.410 1297391.090 0.111385893
46.425 1297124.169 0.111417484
46.439 1296895.991 0.111444546
46.449 1296706.577 0.111467069
46.458 1296555.946 0.111485045
46.464 1296444.111 0.111498468
46.468 1296371.083 0.111507334
46.469 1296336.870 0.111511639
46.469 1296341.475 0.111511381
46.465 1296384.897 0.111506562
46.460 1296467.135 0.111497182
46.452 1296588.181 0.111483246
46.442 1296748.024 0.111464757
46.430 1296946.651 0.111441722
46.415 1297184.045 0.111414150
46.399 1297460.183 0.111382050
46.379 1297775.042 0.111345434
46.358 1298128.594 0.111304313
46.334 1298520.808 0.111258704
46.308 1298951.648 0.111208620
46.280 1299421.077 0.111154080
46.249 1299929.051 0.111095103
46.217 1300475.528 0.111031709
46.182 1301060.457 0.110963920
46.144 1301683.787 0.110891760
46.105 1302345.463 0.110815252
46.064 1303045.426 0.110734425
46.020 1303783.615 0.110649304
45.974 1304559.963 0.110559919
45.926 1305374.404 0.110466300
45.876 1306226.865 0.110368480
45.824 1307117.271 0.110266490
45.769 1308045.545 0.110160366
45.713 1309011.606 0.110050143
45.655 1310015.370 0.109935857
45.594 1311056.749 0.109817547
45.532 1312135.653 0.109695252
45.468 1313251.990 0.109569011
45.401 1314405.663 0.109438867
45.333 1315596.573 0.109304862
45.263 1316824.619 0.109167039
45.191 1318089.696 0.109025442
45.117 1319391.697 0.108880118
45.041 1320730.512 0.108731112
44.963 1322106.027 0.108578472
44.884 1323518.128 0.108422247
44.803 1324966.697 0.108262484
44.720 1326451.613 0.108099235
44.635 1327972.754 0.107932549
44.549 1329529.993 0.107762479
44.461 1331123.203 0.107589075
44.371 1332752.254 0.107412392
44.280 1334417.013 0.107232482
44.187 1336117.346 0.107049399
44.093 1337853.115 0.106863198
43.997 1339624.182 0.106673934
43.900 1341430.406 0.106481663
43.801 1343271.643 0.106286440
43.700 1345147.748 0.106088322
43.599 1347058.573 0.105887366
43.495 1349003.971 0.105683629
43.391 1350983.789 0.105477168
43.285 1352997.876 0.105268042
43.178 1355046.076 0.105056309
43.069 1357128.234 0.104842026
42.960 1359244.191 0.104625253
42.849 1361393.790 0.104406047
42.736 1363576.867 0.104184468
42.623 1365793.262 0.103960575
42.509 1368042.811 0.103734426
42.393 1370325.348 0.103506080
42.276 1372640.706 0.103275596
42.159 1374988.719 0.103043034
42.040 1377369.216 0.102808451
41.920 1379782.029 0.102571908
41.799 1382226.985 0.102333462
41.677 1384703.912 0.102093172
41.555 1387212.636 0.101851096
41.431 1389752.984 0.101607293
41.306 1392324.780 0.101361820
41.181 1394927.848 0.101114736
41.055 1397562.011 0.100866097
40.928 1400227.091 0.100615961
40.800 1402922.909 0.100364385
40.672 1405649.286 0.100111425
40.542 1408406.042 0.099857137
40.412 1411192.998 0.099601578
40.282 1414009.971 0.099344802
40.150 1416856.780 0.099086865
40.018 1419733.243 0.098827822
39.886 1422639.178 0.098567726
39.752 1425574.401 0.098306631
39.619 1428538.730 0.098044590
39.484 1431531.981 0.097781656
39.349 1434553.971 0.097517882
39.214 1437604.514 0.097253319
39.078 1440683.428 0.096988018
38.942 1443790.528 0.096722030
38.805 1446925.628 0.096455405
38.668 1450088.546 0.096188193
38.530 1453279.096 0.095920442
38.392 1456497.094 0.095652201
38.254 1459742.355 0.095383518
38.115 1463014.694 0.095114439
37.976 1466313.928 0.094845012
37.837 1469639.873 0.094575282
37.697 1472992.343 0.094305295
37.557 1476371.156 0.094035095
37.417 1479776.128 0.093764727
37.277 1483207.075 0.093494234
37.136 1486663.815 0.093223658
36.995 1490146.164 0.092953043
36.854 1493653.940 0.092682428
36.713 1497186.961 0.092411856
36.572 1500745.046 0.092141366
36.430 1504328.014 0.091870999
36.289 1507935.682 0.091600792
36.147 1511567.873 0.091330784
36.005 1515224.404 0.091061013
35.863 1518905.098 0.090791515
35.721 1522609.775 0.090522327
35.579 1526338.257 0.090253485
35.437 1530090.368 0.089985023
35.295 1533865.928 0.089716976
35.152 1537664.764 0.089449377
35.010 1541486.697 0.089182260
34.868 1545331.555 0.088915656
34.726 1549199.162 0.088649598
34.584 1553089.344 0.088384116
34.441 1557001.929 0.088119242
34.299 1560936.744 0.087855004
34.157 1564893.618 0.087591432
34.015 1568872.380 0.087328555
33.874 1572872.860 0.087066401
33.732 1576894.889 0.086804996
33.590 1580938.299 0.086544369
33.448 1585002.922 0.086284544
33.307 1589088.592 0.086025547
33.166 1593195.142 0.085767404
33.024 1597322.407 0.085510139
32.883 1601470.223 0.085253776
32.742 1605638.428 0.084998337
32.602 1609826.858 0.084743846
32.461 1614035.352 0.084490325
32.321 1618263.750 0.084237795
32.180 1622511.890 0.083986277
32.040 1626779.616 0.083735792
31.901 1631066.769 0.083486360
31.761 1635373.191 0.083238000
31.621 1639698.727 0.082990732
31.482 1644043.222 0.082744573
31.343 1648406.522 0.082499542
31.205 1652788.472 0.082255656
31.066 1657188.922 0.082012932
30.928 1661607.720 0.081771387
30.790 1666044.715 0.081531036
30.652 1670499.758 0.081291896
30.514 1674972.700 0.081053981
30.377 1679463.395 0.080817306
30.240 1683971.695 0.080581885
30.103 1688497.456 0.080347733
29.967 1693040.532 0.080114862
29.831 1697600.781 0.079883285
29.695 1702178.059 0.079653016
29.559 1706772.226 0.079424066
29.424 1711383.140 0.079196447
29.289 1716010.662 0.078970171
29.154 1720654.653 0.078745248
29.020 1725314.976 0.078521690
28.886 1729991.495 0.078299506
28.752 1734684.072 0.078078707
28.618 1739392.575 0.077859302
28.485 1744116.869 0.077641301
28.352 1748856.822 0.077424712
28.220 1753612.301 0.077209545
28.087 1758383.177 0.076995807
27.956 1763169.319 0.076783506
27.824 1767970.599 0.076572652
27.693 1772786.888 0.076363249
27.562 1777618.061 0.076155308
27.431 1782463.990 0.075948833
27.301 1787324.552 0.075743831
27.171 1792199.622 0.075540310
27.042 1797089.078 0.075338274
26.913 1801992.797 0.075137731
26.784 1806910.659 0.074938685
26.655 1811842.542 0.074741142
26.527 1816788.329 0.074545108
26.399 1821747.901 0.074350586
26.272 1826721.141 0.074157583
26.145 1831707.931 0.073966102
26.018 1836708.158 0.073776148
25.892 1841721.706 0.073587725
25.766 1846748.463 0.073400836
25.640 1851788.314 0.073215487
25.515 1856841.149 0.073031679
25.390 1861906.857 0.072849418
25.265 1866985.328 0.072668705
25.141 1872076.453 0.072489545
25.017 1877180.123 0.072311939
24.893 1882296.233 0.072135892
24.770 1887424.674 0.071961405
24.647 1892565.343 0.071788482
24.525 1897718.134 0.071617124
24.403 1902882.943 0.071447334
24.281 1908059.668 0.071279114
24.160 1913248.207 0.071112466
24.039 1918448.459 0.070947392
23.918 1923660.323 0.070783895
23.798 1928883.701 0.070621975
23.678 1934118.493 0.070461634
23.558 1939364.601 0.070302875
23.439 1944621.930 0.070145698
23.320 1949890.382 0.069990105
23.202 1955169.863 0.069836097
23.084 1960460.278 0.069683676
22.966 1965761.533 0.069532843
22.849 1971073.536 0.069383599
22.732 1976396.194 0.069235945
22.615 1981729.416 0.069089883
22.499 1987073.112 0.068945413
22.383 1992427.193 0.068802536
22.267 1997791.568 0.068661254
22.152 2003166.150 0.068521566
22.037 2008550.851 0.068383475
21.922 2013945.586 0.068246982
21.808 2019350.267 0.068112086
21.694 2024764.810 0.067978789
21.581 2030189.131 0.067847091
21.468 2035623.145 0.067716994
21.355 2041066.770 0.067588499
21.243 2046519.923 0.067461606
21.131 2051982.523 0.067336316
21.019 2057454.489 0.067212630
20.908 2062935.742 0.067090549
20.796 2068426.200 0.066970074
20.686 2073925.787 0.066851206
20.575 2079434.423 0.066733945
20.466 2084952.032 0.066618293
20.356 2090478.536 0.066504252
20.247 2096013.860 0.066391821
20.138 2101557.928 0.066281002
20.029 2107110.666 0.066171796
