20.012 2107813.514 0.066163086
20.082 2104264.141 0.066232317
20.151 2100732.064 0.066301933
20.220 2097217.372 0.066371924
20.289 2093720.157 0.066442280
20.358 2090240.509 0.066512990
20.427 2086778.520 0.066584044
20.495 2083334.280 0.066655431
20.564 2079907.881 0.066727141
20.632 2076499.414 0.066799164
20.700 2073108.971 0.066871489
20.768 2069736.644 0.066944104
20.836 2066382.524 0.067017001
20.904 2063046.704 0.067090166
20.971 2059729.274 0.067163590
21.039 2056430.327 0.067237263
21.106 2053149.956 0.067311172
21.173 2049888.251 0.067385307
21.239 2046645.306 0.067459656
21.306 2043421.213 0.067534210
21.372 2040216.064 0.067608956
21.438 2037029.950 0.067683883
21.504 2033862.966 0.067758980
21.570 2030715.202 0.067834236
21.636 2027586.751 0.067909638
21.701 2024477.705 0.067985177
21.766 2021388.157 0.068060840
21.831 2018318.199 0.068136615
21.895 2015267.923 0.068212492
21.960 2012237.421 0.068288458
22.024 2009226.786 0.068364501
22.088 2006236.110 0.068440611
22.151 2003265.484 0.068516774
22.215 2000315.000 0.068592979
22.278 1997384.751 0.068669215
22.341 1994474.828 0.068745469
22.403 1991585.323 0.068821730
22.466 1988716.326 0.068897984
22.528 1985867.931 0.068974221
22.589 1983040.227 0.069050427
22.651 1980233.305 0.069126591
22.712 1977447.258 0.069202701
22.773 1974682.175 0.069278744
22.833 1971938.146 0.069354708
22.893 1969215.263 0.069430580
22.953 1966513.616 0.069506349
23.013 1963833.294 0.069582002
23.072 1961174.387 0.069657526
23.131 1958536.985 0.069732908
23.190 1955921.176 0.069808137
23.248 1953327.050 0.069883200
23.306 1950754.696 0.069958085
23.364 1948204.201 0.070032778
23.421 1945675.654 0.070107267
23.478 1943169.142 0.070181540
23.534 1940684.753 0.070255583
23.591 1938222.575 0.070329385
23.646 1935782.693 0.070402933
23.702 1933365.195 0.070476213
23.757 1930970.166 0.070549214
23.812 1928597.692 0.070621923
23.866 1926247.858 0.070694326
23.920 1923920.749 0.070766412
23.973 1921616.449 0.070838167
24.026 1919335.043 0.070909579
24.079 1917076.614 0.070980636
24.131 1914841.245 0.071051324
24.183 1912629.019 0.071121631
24.234 1910440.017 0.071191545
24.285 1908274.322 0.071261052
24.336 1906132.014 0.071330140
24.386 1904013.175 0.071398797
24.435 1901917.883 0.071467011
24.485 1899846.219 0.071534768
24.533 1897798.262 0.071602056
24.582 1895774.090 0.071668862
24.629 1893773.781 0.071735176
24.677 1891797.411 0.071800983
24.724 1889845.058 0.071866272
24.770 1887916.798 0.071931030
24.816 1886012.705 0.071995246
24.861 1884132.855 0.072058906
24.906 1882277.321 0.072122000
24.950 1880446.177 0.072184515
24.994 1878639.495 0.072246439
25.038 1876857.347 0.072307760
25.081 1875099.805 0.072368466
25.123 1873366.939 0.072428546
25.165 1871658.819 0.072487988
25.206 1869975.513 0.072546781
25.247 1868317.089 0.072604912
25.287 1866683.617 0.072662371
25.327 1865075.161 0.072719146
25.366 1863491.787 0.072775226
25.404 1861933.562 0.072830600
25.442 1860400.548 0.072885256
25.480 1858892.810 0.072939185
25.517 1857410.409 0.072992375
25.553 1855953.408 0.073044815
25.589 1854521.866 0.073096495
25.624 1853115.845 0.073147405
25.659 1851735.403 0.073197533
25.693 1850380.597 0.073246871
25.726 1849051.486 0.073295407
25.759 1847748.125 0.073343133
25.791 1846470.569 0.073390038
25.823 1845218.873 0.073436112
25.854 1843993.090 0.073481346
25.884 1842793.273 0.073525730
25.914 1841619.473 0.073569256
25.943 1840471.739 0.073611915
25.972 1839350.122 0.073653697
26.000 1838254.670 0.073694593
26.027 1837185.429 0.073734596
26.053 1836142.447 0.073773697
26.080 1835125.769 0.073811886
26.105 1834135.438 0.073849158
26.130 1833171.498 0.073885502
26.154 1832233.990 0.073920913
26.177 1831322.956 0.073955382
26.200 1830438.435 0.073988902
26.222 1829580.467 0.074021465
26.244 1828749.088 0.074053065
26.265 1827944.335 0.074083695
26.285 1827166.243 0.074113349
26.304 1826414.847 0.074142019
26.323 1825690.180 0.074169700
26.341 1824992.274 0.074196386
26.359 1824321.158 0.074222071
26.376 1823676.864 0.074246750
26.392 1823059.419 0.074270416
26.407 1822468.851 0.074293066
26.422 1821905.185 0.074314693
26.436 1821368.447 0.074335293
26.450 1820858.660 0.074354862
26.462 1820375.847 0.074373396
26.474 1819920.029 0.074390889
26.486 1819491.226 0.074407339
26.497 1819089.456 0.074422742
26.507 1818714.738 0.074437095
26.516 1818367.088 0.074450393
4119575.378 0.014
4111910.640 0.014
4104264.468 0.014
4096636.997 0.014
4089028.360 0.014
4081438.696 0.014
4073868.138 0.014
4066316.825 0.014
4058784.894 0.014
4051272.484 0.014
4043779.732 0.014
4036306.779 0.014
4028853.763 0.014
4021420.827 0.014
4014008.111 0.015
4006615.757 0.015
3999243.907 0.015
3991892.704 0.015
3984562.293 0.015
3977252.816 0.015
3969964.420 0.015
3962697.249 0.015
3955451.449 0.015
3948227.168 0.015
3941024.551 0.015
3933843.747 0.015
3926684.905 0.015
3919548.172 0.015
3912433.699 0.015
3905341.636 0.015
3898272.132 0.015
3891225.341 0.015
3884201.412 0.015
3877200.499 0.016
3870222.753 0.016
3863268.330 0.016
3856337.382 0.016
3849430.064 0.016
3842546.531 0.016
3835686.938 0.016
3828851.442 0.016
3822040.199 0.016
3815253.366 0.016
3808491.101 0.016
3801753.562 0.016
3795040.908 0.016
3788353.296 0.016
3781690.888 0.016
3775053.843 0.016
3768442.321 0.016
3761856.484 0.016
3755296.493 0.017
3748762.509 0.017
3742254.696 0.017
3735773.215 0.017
3729318.230 0.017
3722889.905 0.017
3716488.403 0.017
3710113.889 0.017
3703766.528 0.017
3697446.485 0.017
3691153.925 0.017
3684889.014 0.017
3678651.919 0.017
3672442.806 0.017
3666261.842 0.017
3660109.195 0.017
3653985.031 0.017
3647889.519 0.018
3641822.828 0.018
3635785.124 0.018
3629776.578 0.018
3623797.359 0.018
3617847.634 0.018
3611927.575 0.018
3606037.350 0.018
3600177.130 0.018
3594347.085 0.018
3588547.385 0.018
3582778.201 0.018
3577039.703 0.018
3571332.062 0.018
3565655.449 0.018
3560010.035 0.018
3554395.991 0.018
3548813.489 0.019
3543262.700 0.019
3537743.795 0.019
3532256.947 0.019
3526802.325 0.019
3521380.102 0.019
3515990.450 0.019
3510633.539 0.019
3505309.542 0.019
3500018.629 0.019
3494760.973 0.019
3489536.744 0.019
3484346.113 0.019
3479189.253 0.019
3474066.333 0.019
3468977.524 0.019
3463922.998 0.019
3458902.924 0.019
3453917.472 0.020
3448966.814 0.020
3444051.118 0.020
3439170.555 0.020
3434325.292 0.020
3429515.500 0.020
3424741.347 0.020
3420003.001 0.020
3415300.630 0.020
3410634.402 0.020
3406004.484 0.020
3401411.043 0.020
3396854.244 0.020
3392334.254 0.020
3387851.238 0.020
3383405.361 0.020
3378996.787 0.020
3374625.680 0.020
3370292.204 0.021
3365996.520 0.021
3361738.791 0.021
3357519.179 0.021
3353337.843 0.021
3349194.944 0.021
3345090.642 0.021
3341025.094 0.021
3336998.459 0.021
3333010.895 0.021
3329062.556 0.021
3325153.599 0.021
3321284.178 0.021
3317454.447 0.021
3313664.559 0.021
3309914.665 0.021
3306204.918 0.021
3302535.467 0.021
3298906.460 0.021
3295318.047 0.021
3291770.374 0.021
3288263.588 0.022
3284797.832 0.022
3281373.251 0.022
3277989.988 0.022
3274648.185 0.022
3271347.980 0.022
3268089.515 0.022
3264872.926 0.022
3261698.351 0.022
3258565.925 0.022
3255475.781 0.022
3252428.054 0.022
3249422.874 0.022
3246460.371 0.022
3243540.674 0.022
3240663.912 0.022
3237830.208 0.022
3235039.689 0.022
3232292.476 0.022
3229588.692 0.022
3226928.456 0.022
3224311.886 0.022
3221739.100 0.022
3219210.213 0.022
3216725.338 0.022
3214284.588 0.023
3211888.072 0.023
3209535.899 0.023
3207228.176 0.023
3204965.009 0.023
3202746.501 0.023
3200572.753 0.023
3198443.866 0.023
3196359.937 0.023
3194321.063 0.023
3192327.339 0.023
3190378.856 0.023
3188475.706 0.023
3186617.978 0.023
3184805.758 0.023
3183039.131 0.023
3181318.180 0.023
3179642.986 0.023
3178013.629 0.023
3176430.185 0.023
3174892.730 0.023
3173401.335 0.023
3171956.073 0.023
3170557.012 0.023
3169204.219 0.023
3167897.758 0.023
3166637.692 0.023
3165424.082 0.023
3164256.985 0.023
3163136.458 0.023
3162062.555 0.023
3161035.328 0.023
3160054.825 0.023
3159121.096 0.023
3158234.184 0.023
3157394.133 0.023
3156600.983 0.023
3155854.774 0.023
3155155.541 0.023
3154503.318 0.023
3153898.137 0.023
3153340.028 0.023
3152829.018 0.023
3152365.132 0.023
3151948.392 0.023
3151578.819 0.023
3151256.430 0.023
3150981.242 0.023
3150753.269 0.023
3150572.520 0.023
3150439.006 0.023
3150352.732 0.023
3150313.703 0.023
3150321.921 0.023
3150377.385 0.023
3150480.093 0.023
3150630.039 0.023
3150827.217 0.023
3151071.616 0.023
3151363.225 0.023
3151702.029 0.023
3152088.012 0.023
3152521.155 0.023
3153001.437 0.023
3153528.834 0.023
3154103.320 0.023
3154724.868 0.023
3155393.448 0.023
3156109.026 0.023
3156871.568 0.023
3157681.037 0.023
3158537.393 0.023
3159440.596 0.023
3160390.601 0.023
3161387.362 0.023
3162430.831 0.023
3163520.958 0.023
3164657.690 0.023
3165840.973 0.023
3167070.749 0.023
3168346.960 0.023
3169669.544 0.023
3171038.438 0.023
3172453.577 0.023
3173914.893 0.023
3175422.316 0.023
3176975.776 0.023
3178575.198 0.023
3180220.507 0.023
3181911.624 0.023
3183648.471 0.023
3185430.965 0.023
3187259.023 0.023
3189132.560 0.023
3191051.486 0.023
3193015.714 0.023
3195025.152 0.023
3197079.706 0.023
3199179.282 0.023
3201323.782 0.023
3203513.108 0.023
3205747.159 0.023
3208025.833 0.023
3210349.025 0.023
3212716.631 0.023
3215128.542 0.023
3217584.650 0.022
3220084.842 0.022
3222629.008 0.022
3225217.032 0.022
3227848.799 0.022
3230524.191 0.022
3233243.090 0.022
3236005.375 0.022
3238810.924 0.022
3241659.614 0.022
3244551.319 0.022
3247485.913 0.022
3250463.269 0.022
3253483.257 0.022
3256545.746 0.022
3259650.605 0.022
3262797.700 0.022
3265986.897 0.022
3269218.060 0.022
3272491.051 0.022
3275805.732 0.022
3279161.964 0.022
3282559.606 0.022
3285998.516 0.022
3289478.550 0.022
3292999.565 0.021
3296561.416 0.021
3300163.955 0.021
3303807.036 0.021
3307490.509 0.021
3311214.227 0.021
3314978.037 0.021
3318781.789 0.021
3322625.331 0.021
3326508.509 0.021
3330431.169 0.021
3334393.157 0.021
3338394.316 0.021
3342434.490 0.021
3346513.521 0.021
3350631.253 0.021
3354787.524 0.021
3358982.177 0.021
3363215.050 0.021
3367485.984 0.021
3371794.815 0.020
3376141.383 0.020
3380525.523 0.020
3384947.073 0.020
3389405.870 0.020
3393901.747 0.020
3398434.541 0.020
3403004.085 0.020
3407610.214 0.020
3412252.761 0.020
3416931.560 0.020
3421646.442 0.020
3426397.241 0.020
3431183.789 0.020
3436005.916 0.020
3440863.454 0.020
3445756.235 0.020
3450684.088 0.020
3455646.844 0.020
3460644.334 0.019
3465676.387 0.019
3470742.832 0.019
3475843.500 0.019
3480978.219 0.019
3486146.820 0.019
3491349.130 0.019
3496584.978 0.019
3501854.194 0.019
3507156.606 0.019
3512492.043 0.019
3517860.333 0.019
3523261.304 0.019
3528694.786 0.019
3534160.607 0.019
3539658.594 0.019
3545188.577 0.019
3550750.385 0.018
3556343.845 0.018
3561968.787 0.018
3567625.039 0.018
3573312.430 0.018
3579030.789 0.018
3584779.945 0.018
3590559.728 0.018
3596369.966 0.018
3602210.490 0.018
3608081.128 0.018
3613981.712 0.018
3619912.071 0.018
3625872.035 0.018
3631861.435 0.018
3637880.102 0.018
3643927.867 0.018
3650004.562 0.018
3656110.017 0.017
3662244.065 0.017
3668406.538 0.017
3674597.269 0.017
3680816.090 0.017
3687062.834 0.017
3693337.336 0.017
3699639.428 0.017
3705968.946 0.017
3712325.723 0.017
3718709.595 0.017
3725120.397 0.017
3731557.965 0.017
3738022.135 0.017
3744512.744 0.017
3751029.627 0.017
3757572.624 0.017
3764141.572 0.016
3770736.308 0.016
3777356.672 0.016
3784002.504 0.016
3790673.642 0.016
3797369.926 0.016
3804091.198 0.016
3810837.299 0.016
3817608.070 0.016
3824403.353 0.016
3831222.990 0.016
3838066.826 0.016
3844934.703 0.016
3851826.465 0.016
3858741.958 0.016
3865681.027 0.016
3872643.516 0.016
3879629.273 0.016
3886638.145 0.015
3893669.977 0.015
3900724.620 0.015
3907801.920 0.015
3914901.727 0.015
3922023.891 0.015
3929168.262 0.015
3936334.690 0.015
3943523.027 0.015
3950733.124 0.015
3957964.834 0.015
3965218.011 0.015
3972492.507 0.015
3979788.177 0.015
3987104.876 0.015
3994442.459 0.015
4001800.782 0.015
4009179.702 0.015
4016579.076 0.014
4023998.761 0.014
4031438.616 0.014
4038898.501 0.014
4046378.274 0.014
4053877.796 0.014
4061396.928 0.014
4068935.531 0.014
4076493.467 0.014
4084070.599 0.014
4091666.790 0.014
4099281.904 0.014
4106915.806 0.014
4114568.361 0.014
4122239.434 0.014
4129928.891 0.014
4137636.600 0.014
36.948 1491225.804 0.092872654
36.752 1496120.098 0.092496440
36.556 1501031.899 0.092122714
36.362 1505961.030 0.091751488
36.169 1510907.316 0.091382770
35.976 1515870.584 0.091016570
35.785 1520850.662 0.090652897
35.594 1525847.380 0.090291758
35.404 1530860.570 0.089933162
35.215 1535890.064 0.089577114
35.027 1540935.697 0.089223620
34.840 1545997.306 0.088872685
34.653 1551074.728 0.088524314
34.468 1556167.804 0.088178511
34.284 1561276.374 0.087835279
34.100 1566400.281 0.087494621
33.917 1571539.370 0.087156540
33.735 1576693.486 0.086821037
33.554 1581862.476 0.086488113
33.374 1587046.190 0.086157770
33.195 1592244.478 0.085830007
33.016 1597457.192 0.085504824
32.839 1602684.185 0.085182221
32.662 1607925.312 0.084862196
32.486 1613180.430 0.084544749
32.311 1618449.397 0.084229877
32.137 1623732.072 0.083917578
31.963 1629028.315 0.083607849
31.791 1634337.990 0.083300688
31.619 1639660.959 0.082996091
31.448 1644997.087 0.082694054
31.278 1650346.242 0.082394575
31.109 1655708.290 0.082097647
30.940 1661083.102 0.081803268
30.773 1666470.547 0.081511432
30.606 1671870.497 0.081222134
30.440 1677282.827 0.080935369
30.275 1682707.409 0.080651131
30.110 1688144.121 0.080369414
29.947 1693592.839 0.080090213
29.784 1699053.441 0.079813522
29.622 1704525.808 0.079539333
29.460 1710009.821 0.079267641
29.300 1715505.361 0.078998439
29.140 1721012.312 0.078731720
28.981 1726530.560 0.078467477
28.823 1732059.989 0.078205702
28.665 1737600.487 0.077946389
28.508 1743151.942 0.077689529
28.352 1748714.244 0.077435116
28.197 1754287.283 0.077183142
28.043 1759870.952 0.076933599
27.889 1765465.143 0.076686479
27.736 1771069.750 0.076441775
27.583 1776684.668 0.076199477
27.432 1782309.795 0.075959579
27.281 1787945.026 0.075722072
27.130 1793590.262 0.075486948
26.981 1799245.400 0.075254199
26.832 1804910.343 0.075023816
26.684 1810584.992 0.074795791
26.536 1816269.249 0.074570116
26.390 1821963.018 0.074346782
26.244 1827666.204 0.074125781
26.098 1833378.713 0.073907106
25.953 1839100.452 0.073690746
25.809 1844831.328 0.073476695
25.666 1850571.250 0.073264944
25.523 1856320.129 0.073055483
25.381 1862077.874 0.072848306
25.240 1867844.397 0.072643404
25.099 1873619.611 0.072440768
24.959 1879403.429 0.072240391
24.819 1885195.766 0.072042263
24.680 1890996.537 0.071846378
24.542 1896805.659 0.071652727
24.405 1902623.048 0.071461301
24.268 1908448.622 0.071272094
24.131 1914282.300 0.071085096
23.995 1920124.002 0.070900301
23.860 1925973.648 0.070717700
23.726 1931831.160 0.070537286
23.592 1937696.460 0.070359051
23.458 1943569.471 0.070182988
23.326 1949450.117 0.070009089
23.193 1955338.322 0.069837346
23.062 1961234.012 0.069667754
22.931 1967137.113 0.069500303
22.800 1973047.551 0.069334989
22.671 1978965.256 0.069171802
22.541 1984890.154 0.069010737
22.412 1990822.176 0.068851787
22.284 1996761.251 0.068694945
22.157 2002707.310 0.068540205
22.030 2008660.284 0.068387560
21.903 2014620.106 0.068237004
21.777 2020586.708 0.068088532
21.652 2026560.024 0.067942136
21.527 2032539.989 0.067797811
21.402 2038526.536 0.067655552
21.279 2044519.601 0.067515352
21.155 2050519.121 0.067377207
21.033 2056525.033 0.067241111
20.910 2062537.274 0.067107059
20.789 2068555.783 0.066975045
20.667 2074580.497 0.066845066
20.547 2080611.357 0.066717116
20.426 2086648.303 0.066591191
20.307 2092691.275 0.066467286
20.187 2098740.214 0.066345397
20.069 2104795.063 0.066225521
