20.037 2104152.861 0.066306484
20.158 2097995.382 0.066428422
20.279 2091843.230 0.066552461
20.400 2085696.458 0.066678607
20.523 2079555.122 0.066806866
20.645 2073419.277 0.066937242
20.769 2067288.978 0.067069741
20.892 2061164.281 0.067204370
21.017 2055045.244 0.067341135
21.142 2048931.924 0.067480043
21.267 2042824.378 0.067621099
21.393 2036722.666 0.067764311
21.520 2030626.847 0.067909685
21.647 2024536.981 0.068057229
21.775 2018453.129 0.068206951
21.903 2012375.351 0.068358856
22.032 2006303.710 0.068512954
22.162 2000238.269 0.068669252
22.292 1994179.090 0.068827757
22.423 1988126.237 0.068988479
22.554 1982079.776 0.069151425
22.686 1976039.771 0.069316604
22.819 1970006.289 0.069484025
22.952 1963979.397 0.069653696
23.086 1957959.161 0.069825626
23.220 1951945.651 0.069999824
23.355 1945938.934 0.070176300
23.491 1939939.082 0.070355063
23.627 1933946.164 0.070536122
23.764 1927960.252 0.070719487
23.902 1921981.418 0.070905168
24.040 1916009.734 0.071093174
24.179 1910045.275 0.071283516
24.319 1904088.115 0.071476204
24.459 1898138.329 0.071671248
24.600 1892195.993 0.071868658
24.742 1886261.184 0.072068446
24.884 1880333.981 0.072270621
25.027 1874414.461 0.072475194
25.171 1868502.705 0.072682176
25.315 1862598.793 0.072891578
25.460 1856702.806 0.073103411
25.606 1850814.827 0.073317686
25.753 1844934.938 0.073534414
25.900 1839063.224 0.073753607
26.048 1833199.770 0.073975275
26.197 1827344.662 0.074199430
26.347 1821497.986 0.074426085
26.497 1815659.832 0.074655249
26.648 1809830.287 0.074886935
26.800 1804009.441 0.075121154
26.952 1798197.386 0.075357919
27.106 1792394.214 0.075597240
27.260 1786600.017 0.075839129
27.415 1780814.889 0.076083599
27.571 1775038.926 0.076330662
27.727 1769272.224 0.076580328
27.884 1763514.880 0.076832609
28.043 1757766.992 0.077087519
28.201 1752028.659 0.077345067
28.361 1746299.983 0.077605267
28.522 1740581.065 0.077868131
28.683 1734872.007 0.078133669
28.845 1729172.914 0.078401893
29.009 1723483.891 0.078672816
29.173 1717805.044 0.078946449
29.337 1712136.481 0.079222803
29.503 1706478.311 0.079501891
29.670 1700830.643 0.079783723
29.837 1695193.589 0.080068311
30.005 1689567.261 0.080355666
30.175 1683951.773 0.080645800
30.345 1678347.241 0.080938723
30.516 1672753.779 0.081234447
30.688 1667171.506 0.081532982
30.861 1661600.542 0.081834340
31.034 1656041.005 0.082138529
31.209 1650493.019 0.082445562
31.385 1644956.705 0.082755448
31.561 1639432.188 0.083068197
31.739 1633919.595 0.083383818
31.917 1628419.052 0.083702323
32.097 1622930.687 0.084023719
32.277 1617454.632 0.084348016
32.459 1611991.016 0.084675223
32.641 1606539.975 0.085005348
32.824 1601101.641 0.085338401
33.009 1595676.151 0.085674388
33.194 1590263.642 0.086013317
33.380 1584864.253 0.086355197
33.568 1579478.126 0.086700033
33.756 1574105.401 0.087047833
33.946 1568746.223 0.087398603
34.136 1563400.736 0.087752349
34.328 1558069.088 0.088109076
34.520 1552751.428 0.088468790
34.714 1547447.904 0.088831494
34.909 1542158.670 0.089197194
35.105 1536883.878 0.089565893
35.301 1531623.683 0.089937594
35.499 1526378.242 0.090312299
35.698 1521147.714 0.090690012
35.899 1515932.259 0.091070733
36.100 1510732.038 0.091454463
36.302 1505547.216 0.091841203
36.506 1500377.957 0.092230952
36.710 1495224.430 0.092623709
36.916 1490086.801 0.093019474
37.123 1484965.244 0.093418243
37.331 1479859.929 0.093820013
37.540 1474771.032 0.094224781
37.750 1469698.728 0.094632542
37.962 1464643.196 0.095043290
38.174 1459604.616 0.095457020
38.388 1454583.168 0.095873725
38.603 1449579.037 0.096293396
38.819 1444592.409 0.096716024
39.037 1439623.471 0.097141601
39.255 1434672.411 0.097570114
39.475 1429739.422 0.098001553
39.696 1424824.696 0.098435904
39.918 1419928.429 0.098873154
40.141 1415050.817 0.099313288
40.366 1410192.060 0.099756290
40.592 1405352.358 0.100202142
40.819 1400531.915 0.100650827
41.047 1395730.935 0.101102325
41.276 1390949.626 0.101556614
41.507 1386188.195 0.102013674
41.739 1381446.855 0.102473480
41.972 1376725.817 0.102936009
42.207 1372025.296 0.103401233
42.443 1367345.510 0.103869126
42.680 1362686.678 0.104339658
42.918 1358049.019 0.104812800
43.157 1353432.757 0.105288520
43.398 1348838.116 0.105766783
43.640 1344265.324 0.106247556
43.883 1339714.610 0.106730801
44.128 1335186.203 0.107216481
44.374 1330680.337 0.107704556
44.621 1326197.247 0.108194984
44.869 1321737.169 0.108687721
45.118 1317300.342 0.109182724
45.369 1312887.007 0.109679944
45.621 1308497.406 0.110179334
45.875 1304131.783 0.110680842
46.129 1299790.386 0.111184417
46.385 1295473.463 0.111690003
46.642 1291181.263 0.112197546
46.901 1286914.040 0.112706985
47.160 1282672.047 0.113218262
47.421 1278455.539 0.113731312
47.683 1274264.776 0.114246073
47.947 1270100.015 0.114762477
48.211 1265961.519 0.115280456
48.477 1261849.550 0.115799939
48.744 1257764.373 0.116320852
49.012 1253706.255 0.116843120
49.282 1249675.464 0.117366666
49.552 1245672.269 0.117891410
49.824 1241696.942 0.118417269
50.097 1237749.756 0.118944160
50.371 1233830.985 0.119471995
50.646 1229940.905 0.120000686
50.923 1226079.794 0.120530141
51.200 1222247.930 0.121060266
51.479 1218445.595 0.121590965
51.759 1214673.068 0.122122140
52.039 1210930.633 0.122653690
52.321 1207218.574 0.123185510
52.604 1203537.177 0.123717497
52.888 1199886.727 0.124249540
53.172 1196267.512 0.124781531
53.458 1192679.821 0.125313355
53.745 1189123.942 0.125844897
54.033 1185600.166 0.126376041
54.321 1182108.783 0.126906665
54.610 1178650.087 0.127436647
54.901 1175224.368 0.127965862
55.192 1171831.921 0.128494184
55.483 1168473.038 0.129021483
55.776 1165148.014 0.129547627
56.069 1161857.143 0.130072482
56.363 1158600.720 0.130595913
56.657 1155379.039 0.131117780
56.952 1152192.396 0.131637943
57.248 1149041.086 0.132156261
57.544 1145925.404 0.132672588
57.841 1142845.645 0.133186778
58.138 1139802.103 0.133698682
58.435 1136795.072 0.134208150
58.732 1133824.847 0.134715030
59.030 1130891.720 0.135219169
59.328 1127995.986 0.135720410
59.626 1125137.934 0.136218596
59.924 1122317.857 0.136713569
60.223 1119536.045 0.137205168
60.521 1116792.786 0.137693233
60.819 1114088.368 0.138177600
61.116 1111423.079 0.138658105
61.414 1108797.203 0.139134584
61.710 1106211.024 0.139606870
62.007 1103664.824 0.140074797
62.303 1101158.882 0.140538197
62.598 1098693.478 0.140996901
62.892 1096268.887 0.141450742
63.186 1093885.384 0.141899550
63.478 1091543.241 0.142343155
63.770 1089242.726 0.142781389
64.060 1086984.107 0.143214080
64.349 1084767.648 0.143641060
64.637 1082593.610 0.144062159
64.923 1080462.253 0.144477209
65.207 1078373.830 0.144886040
65.489 1076328.596 0.145288486
65.769 1074326.798 0.145684379
66.048 1072368.682 0.146073553
66.323 1070454.490 0.146455844
66.597 1068584.461 0.146831087
66.867 1066758.828 0.147199120
67.135 1064977.822 0.147559784
67.400 1063241.669 0.147912918
67.662 1061550.592 0.148258366
67.920 1059904.807 0.148595972
68.175 1058304.529 0.148925584
68.426 1056749.965 0.149247052
68.673 1055241.320 0.149560226
68.915 1053778.792 0.149864963
69.153 1052362.576 0.150161119
69.387 1050992.860 0.150448554
69.615 1049669.827 0.150727133
69.839 1048393.657 0.150996721
70.057 1047164.521 0.151257190
70.269 1045982.587 0.151508413
70.475 1044848.017 0.151750268
70.675 1043760.966 0.151982635
70.869 1042721.584 0.152205400
71.056 1041730.015 0.152418453
71.236 1040786.397 0.152621688
71.409 1039890.861 0.152815001
71.574 1039043.534 0.152998297
71.732 1038244.533 0.153171482
71.881 1037493.971 0.153334468
72.022 1036791.955 0.153487172
72.155 1036138.584 0.153629515
72.279 1035533.951 0.153761425
72.394 1034978.141 0.153882833
72.499 1034471.235 0.153993677
72.595 1034013.305 0.154093898
72.682 1033604.417 0.154183445
72.759 1033244.628 0.154262271
72.826 1032933.992 0.154330335
72.883 1032672.552 0.154387600
72.929 1032460.347 0.154434037
72.966 1032297.407 0.154469621
72.992 1032183.756 0.154494333
73.007 1032119.409 0.154508161
73.012 1032104.378 0.154511096
73.007 1032138.662 0.154503138
72.991 1032222.259 0.154484289
72.965 1032355.156 0.154454560
72.928 1032537.333 0.154413966
72.881 1032768.764 0.154362528
72.824 1033049.417 0.154300273
72.757 1033379.250 0.154227234
72.680 1033758.217 0.154143447
72.593 1034186.263 0.154048957
72.497 1034663.327 0.153943812
72.391 1035189.340 0.153828068
72.276 1035764.227 0.153701782
72.152 1036387.907 0.153565022
72.019 1037060.291 0.153417856
71.878 1037781.283 0.153260359
71.728 1038550.781 0.153092613
71.570 1039368.678 0.152914702
71.405 1040234.857 0.152726716
71.232 1041149.198 0.152528750
71.052 1042111.573 0.152320903
70.865 1043121.848 0.152103278
70.672 1044179.882 0.151875984
70.471 1045285.530 0.151639133
70.265 1046438.640 0.151392841
70.053 1047639.053 0.151137228
69.835 1048886.607 0.150872418
69.612 1050181.131 0.150598540
69.383 1051522.451 0.150315723
69.150 1052910.386 0.150024103
68.912 1054344.752 0.149723817
68.670 1055825.357 0.149415006
68.423 1057352.005 0.149097814
68.172 1058924.496 0.148772387
67.918 1060542.624 0.148438875
67.660 1062206.179 0.148097428
67.398 1063914.946 0.147748200
67.134 1065668.705 0.147391348
66.866 1067467.234 0.147027029
66.596 1069310.304 0.146655403
66.323 1071197.683 0.146276631
66.047 1073129.136 0.145890877
65.769 1075104.423 0.145498303
65.489 1077123.301 0.145099076
65.207 1079185.522 0.144693362
64.924 1081290.837 0.144281328
64.638 1083438.993 0.143863142
64.351 1085629.732 0.143438973
64.063 1087862.795 0.143008991
63.773 1090137.920 0.142573363
63.482 1092454.841 0.142132261
63.190 1094813.291 0.141685854
62.897 1097212.999 0.141234311
62.603 1099653.692 0.140777802
62.308 1102135.096 0.140316495
62.013 1104656.934 0.139850560
61.717 1107218.926 0.139380165
61.420 1109820.792 0.138905475
61.124 1112462.250 0.138426659
60.826 1115143.014 0.137943882
60.529 1117862.800 0.137457308
60.232 1120621.320 0.136967101
59.934 1123418.286 0.136473422
59.636 1126253.409 0.135976434
59.339 1129126.398 0.135476295
59.042 1132036.961 0.134973164
58.744 1134984.808 0.134467197
58.447 1137969.643 0.133958549
58.151 1140991.175 0.133447373
57.854 1144049.110 0.132933822
57.558 1147143.152 0.132418043
57.263 1150273.007 0.131900185
56.968 1153438.380 0.131380394
56.673 1156638.976 0.130858814
56.380 1159874.501 0.130335586
56.086 1163144.658 0.129810849
55.794 1166449.154 0.129284742
55.502 1169787.694 0.128757399
55.211 1173159.983 0.128228954
54.920 1176565.728 0.127699537
54.631 1180004.635 0.127169277
54.342 1183476.412 0.126638299
54.054 1186980.767 0.126106729
53.767 1190517.407 0.125574686
53.481 1194086.042 0.125042292
53.196 1197686.383 0.124509661
52.912 1201318.141 0.123976910
52.629 1204981.027 0.123444149
52.347 1208674.754 0.122911488
52.066 1212399.038 0.122379035
51.785 1216153.592 0.121846894
51.506 1219938.133 0.121315167
51.229 1223752.380 0.120783956
50.952 1227596.051 0.120253356
50.676 1231468.866 0.119723464
50.401 1235370.547 0.119194373
50.128 1239300.818 0.118666172
49.856 1243259.403 0.118138949
49.585 1247246.027 0.117612792
49.315 1251260.420 0.117087783
49.046 1255302.309 0.116564003
48.778 1259371.427 0.116041531
48.512 1263467.505 0.115520445
48.247 1267590.277 0.115000817
47.983 1271739.481 0.114482722
47.720 1275914.852 0.113966228
47.459 1280116.131 0.113451403
47.198 1284343.059 0.112938313
46.939 1288595.379 0.112427023
46.681 1292872.836 0.111917593
46.425 1297175.177 0.111410083
46.170 1301502.149 0.110904550
45.916 1305853.504 0.110401050
45.663 1310228.994 0.109899637
45.411 1314628.373 0.109400362
45.161 1319051.398 0.108903275
44.912 1323497.826 0.108408424
44.664 1327967.418 0.107915856
44.418 1332459.936 0.107425613
44.173 1336975.143 0.106937739
43.929 1341512.807 0.106452275
43.686 1346072.694 0.105969260
43.445 1350654.575 0.105488731
43.205 1355258.222 0.105010724
42.966 1359883.408 0.104535274
42.728 1364529.911 0.104062413
42.492 1369197.507 0.103592172
42.257 1373885.976 0.103124581
42.023 1378595.101 0.102659668
41.790 1383324.666 0.102197460
41.559 1388074.457 0.101737983
41.329 1392844.260 0.101281261
41.100 1397633.868 0.100827316
40.872 1402443.070 0.100376170
40.645 1407271.662 0.099927843
40.420 1412119.439 0.099482354
40.196 1416986.199 0.099039721
39.973 1421871.741 0.098599960
39.752 1426775.869 0.098163088
39.531 1431698.384 0.097729118
39.312 1436639.093 0.097298064
39.094 1441597.804 0.096869938
38.877 1446574.326 0.096444752
38.662 1451568.470 0.096022515
38.447 1456580.050 0.095603237
38.234 1461608.881 0.095186927
38.022 1466654.780 0.094773592
37.811 1471717.567 0.094363238
37.601 1476797.061 0.093955872
37.392 1481893.085 0.093551499
37.185 1487005.465 0.093150122
36.979 1492134.027 0.092751745
36.773 1497278.598 0.092356372
36.569 1502439.008 0.091964003
36.366 1507615.090 0.091574640
36.164 1512806.677 0.091188284
35.964 1518013.604 0.090804935
35.764 1523235.709 0.090424591
35.565 1528472.829 0.090047253
35.368 1533724.807 0.089672917
35.171 1538991.482 0.089301582
34.976 1544272.701 0.088933245
34.782 1549568.308 0.088567902
34.589 1554878.150 0.088205549
34.396 1560202.077 0.087846182
34.205 1565539.939 0.087489796
34.015 1570891.587 0.087136385
33.826 1576256.877 0.086785945
33.638 1581635.663 0.086438468
33.451 1587027.803 0.086093948
33.265 1592433.154 0.085752379
33.080 1597851.576 0.085413753
32.896 1603282.932 0.085078062
32.713 1608727.085 0.084745298
32.531 1614183.899 0.084415454
32.350 1619653.240 0.084088521
32.170 1625134.976 0.083764489
31.991 1630628.976 0.083443351
31.813 1636135.110 0.083125096
31.636 1641653.250 0.082809715
31.460 1647183.271 0.082497199
31.285 1652725.045 0.082187536
31.110 1658278.451 0.081880718
30.937 1663843.364 0.081576734
30.765 1669419.664 0.081275573
30.593 1675007.232 0.080977225
30.422 1680605.948 0.080681678
30.253 1686215.696 0.080388922
30.084 1691836.360 0.080098946
29.916 1697467.825 0.079811739
29.749 1703109.978 0.079527288
29.583 1708762.708 0.079245583
29.417 1714425.902 0.078966612
29.253 1720099.453 0.078690364
29.089 1725783.251 0.078416827
28.926 1731477.189 0.078145989
28.764 1737181.162 0.077877838
28.603 1742895.065 0.077612363
28.443 1748618.794 0.077349551
28.284 1754352.247 0.077089391
28.125 1760095.323 0.076831871
27.967 1765847.921 0.076576979
27.810 1771609.943 0.076324703
27.654 1777381.291 0.076075031
27.499 1783161.867 0.075827950
27.344 1788951.577 0.075583450
27.190 1794750.325 0.075341518
27.037 1800558.018 0.075102143
26.885 1806374.563 0.074865311
26.734 1812199.869 0.074631013
26.583 1818033.845 0.074399235
26.433 1823876.401 0.074169966
26.284 1829727.450 0.073943194
26.135 1835586.903 0.073718908
25.987 1841454.675 0.073497096
25.840 1847330.678 0.073277747
25.694 1853214.829 0.073060849
25.548 1859107.045 0.072846391
25.403 1865007.241 0.072634362
25.259 1870915.336 0.072424750
25.116 1876831.250 0.072217544
24.973 1882754.902 0.072012733
24.831 1888686.212 0.071810307
24.690 1894625.103 0.071610254
24.549 1900571.497 0.071412564
24.409 1906525.317 0.071217226
24.269 1912486.487 0.071024229
24.131 1918454.933 0.070833564
23.993 1924430.581 0.070645221
23.855 1930413.356 0.070459188
23.719 1936403.186 0.070275455
23.582 1942400.001 0.070094014
23.447 1948403.727 0.069914854
23.312 1954414.297 0.069737966
23.178 1960431.639 0.069563340
23.045 1966455.685 0.069390966
22.912 1972486.367 0.069220837
22.779 1978523.619 0.069052941
22.648 1984567.373 0.068887271
22.516 1990617.564 0.068723819
22.386 1996674.126 0.068562574
22.256 2002736.996 0.068403529
22.127 2008806.109 0.068246675
21.998 2014881.402 0.068092005
21.870 2020962.814 0.067939511
21.742 2027050.283 0.067789183
21.615 2033143.747 0.067641016
21.489 2039243.146 0.067495001
21.363 2045348.421 0.067351131
21.238 2051459.512 0.067209400
21.113 2057576.360 0.067069799
20.989 2063698.909 0.066932323
20.865 2069827.101 0.066796964
20.742 2075960.879 0.066663717
20.620 2082100.187 0.066532575
20.498 2088244.970 0.066403532
20.376 2094395.172 0.066276582
20.255 2100550.740 0.066151720
20.135 2106711.620 0.066028940
20.015 2112877.759 0.065908237
3426.270 1.000
12874.966 1.000
22323.648 1.000
31772.308 1.000
41220.937 1.000
50669.525 1.000
60118.062 1.000
69566.539 1.000
79014.947 1.000
88463.276 1.000
97911.518 1.000
107359.661 1.000
116807.698 1.000
126255.618 1.000
135703.413 1.000
145151.073 1.000
154598.587 1.000
164045.948 0.999
173493.146 0.999
182940.171 0.998
192387.014 0.996
201833.665 0.994
211280.115 0.992
220726.354 0.988
230172.374 0.983
239618.164 0.977
249063.716 0.971
258509.020 0.963
267954.067 0.954
277398.846 0.944
286843.349 0.933
296287.567 0.922
305731.489 0.909
315175.107 0.896
324618.411 0.882
334061.392 0.868
343504.040 0.853
352946.346 0.838
362388.301 0.823
371829.894 0.807
381271.118 0.792
390711.961 0.776
400152.416 0.760
409592.472 0.745
419032.120 0.729
428471.350 0.714
437910.154 0.698
447348.522 0.683
456786.444 0.668
466223.911 0.654
475660.914 0.639
485097.444 0.625
494533.490 0.611
503969.044 0.598
513404.095 0.584
4260190.653 0.013
4252970.307 0.013
4245747.638 0.013
4238522.664 0.013
4231295.401 0.013
4224065.867 0.013
4216834.078 0.013
4209600.052 0.013
4202363.807 0.013
4195125.360 0.013
4187884.727 0.013
4180641.928 0.013
4173396.979 0.013
4166149.898 0.013
4158900.703 0.014
4151649.412 0.014
4144396.043 0.014
4137140.614 0.014
4129883.142 0.014
4122623.647 0.014
4115362.146 0.014
4108098.659 0.014
4100833.202 0.014
4093565.795 0.014
4086296.457 0.014
4079025.206 0.014
4071752.061 0.014
4064477.041 0.014
4057200.164 0.014
4049921.451 0.014
4042640.919 0.014
4035358.589 0.014
4028074.480 0.014
4020788.610 0.014
4013501.000 0.015
4006211.669 0.015
3998920.637 0.015
3991627.924 0.015
3984333.549 0.015
3977037.533 0.015
3969739.896 0.015
3962440.657 0.015
3955139.838 0.015
3947837.458 0.015
3940533.538 0.015
3933228.099 0.015
3925921.161 0.015
3918612.745 0.015
3911302.873 0.015
3903991.564 0.015
3896678.841 0.015
3889364.724 0.015
3882049.235 0.015
3874732.395 0.016
3867414.226 0.016
3860094.750 0.016
3852773.987 0.016
3845451.961 0.016
3838128.693 0.016
3830804.206 0.016
3823478.521 0.016
3816151.661 0.016
3808823.648 0.016
3801494.506 0.016
3794164.256 0.016
3786832.922 0.016
3779500.527 0.016
3772167.093 0.016
3764832.645 0.016
3757497.204 0.017
3750160.796 0.017
3742823.443 0.017
3735485.169 0.017
3728145.998 0.017
3720805.954 0.017
3713465.062 0.017
3706123.345 0.017
3698780.828 0.017
3691437.536 0.017
3684093.492 0.017
3676748.723 0.017
3669403.253 0.017
3662057.107 0.017
3654710.311 0.017
3647362.889 0.018
3640014.868 0.018
3632666.273 0.018
3625317.130 0.018
3617967.466 0.018
3610617.305 0.018
3603266.675 0.018
3595915.602 0.018
3588564.113 0.018
3581212.235 0.018
3573859.994 0.018
3566507.418 0.018
3559154.534 0.018
3551801.369 0.018
3544447.951 0.019
3537094.308 0.019
3529740.468 0.019
3522386.460 0.019
3515032.310 0.019
3507678.048 0.019
3500323.703 0.019
3492969.304 0.019
3485614.878 0.019
3478260.457 0.019
3470906.069 0.019
3463551.743 0.019
3456197.510 0.020
3448843.399 0.020
3441489.441 0.020
3434135.666 0.020
3426782.104 0.020
3419428.787 0.020
3412075.745 0.020
3404723.010 0.020
3397370.613 0.020
3390018.585 0.020
3382666.958 0.020
3375315.765 0.020
3367965.037 0.021
3360614.807 0.021
3353265.107 0.021
3345915.971 0.021
3338567.432 0.021
3331219.522 0.021
3323872.276 0.021
3316525.727 0.021
3309179.909 0.021
3301834.856 0.021
3294490.604 0.021
3287147.186 0.022
3279804.637 0.022
3272462.994 0.022
3265122.290 0.022
3257782.563 0.022
3250443.847 0.022
3243106.180 0.022
3235769.597 0.022
3228434.135 0.022
3221099.832 0.022
3213766.724 0.023
3206434.849 0.023
3199104.244 0.023
3191774.949 0.023
3184447.001 0.023
3177120.439 0.023
3169795.301 0.023
3162471.627 0.023
3155149.457 0.023
3147828.830 0.023
3140509.785 0.024
3133192.365 0.024
3125876.609 0.024
3118562.557 0.024
3111250.252 0.024
3103939.736 0.024
3096631.049 0.024
3089324.234 0.024
3082019.333 0.024
3074716.390 0.025
3067415.448 0.025
3060116.550 0.025
3052819.740 0.025
3045525.062 0.025
3038232.561 0.025
3030942.281 0.025
3023654.268 0.025
3016368.568 0.026
3009085.226 0.026
3001804.288 0.026
2994525.801 0.026
2987249.813 0.026
2979976.370 0.026
2972705.521 0.026
2965437.313 0.026
2958171.796 0.027
2950909.017 0.027
2943649.027 0.027
2936391.874 0.027
2929137.610 0.027
2921886.284 0.027
2914637.948 0.027
2907392.653 0.027
2900150.451 0.028
2892911.393 0.028
2885675.533 0.028
2878442.923 0.028
2871213.618 0.028
2863987.670 0.028
2856765.135 0.028
2849546.067 0.029
2842330.521 0.029
2835118.553 0.029
2827910.220 0.029
2820705.578 0.029
2813504.684 0.029
2806307.596 0.029
2799114.372 0.030
2791925.071 0.030
2784739.751 0.030
2777558.473 0.030
2770381.297 0.030
2763208.283 0.030
2756039.492 0.031
2748874.987 0.031
2741714.828 0.031
2734559.080 0.031
2727407.806 0.031
2720261.069 0.031
2713118.934 0.031
2705981.465 0.032
2698848.730 0.032
2691720.792 0.032
2684597.720 0.032
2677479.581 0.032
2670366.442 0.032
2663258.372 0.033
2656155.440 0.033
2649057.716 0.033
2641965.271 0.033
2634878.175 0.033
2627796.499 0.034
2620720.317 0.034
2613649.701 0.034
2606584.725 0.034
2599525.462 0.034
2592471.989 0.034
2585424.379 0.035
2578382.711 0.035
2571347.060 0.035
2564317.505 0.035
2557294.123 0.035
2550276.994 0.036
2543266.198 0.036
2536261.815 0.036
2529263.926 0.036
2522272.614 0.036
2515287.961 0.037
2508310.052 0.037
2501338.969 0.037
2494374.799 0.037
2487417.628 0.037
2480467.541 0.038
2473524.627 0.038
2466588.974 0.038
2459660.672 0.038
2452739.809 0.038
2445826.477 0.039
2438920.768 0.039
2432022.774 0.039
2425132.588 0.039
2418250.306 0.039
2411376.022 0.040
2404509.832 0.040
2397651.833 0.040
2390802.123 0.040
2383960.802 0.041
2377127.968 0.041
2370303.723 0.041
2363488.169 0.041
2356681.407 0.041
2349883.541 0.042
2343094.678 0.042
2336314.920 0.042
2329544.377 0.042
2322783.154 0.043
2316031.362 0.043
2309289.108 0.043
2302556.506 0.043
2295833.665 0.044
2289120.700 0.044
2282417.723 0.044
2275724.851 0.044
2269042.199 0.045
2262369.885 0.045
2255708.027 0.045
2249056.745 0.045
2242416.159 0.046
2235786.391 0.046
2229167.565 0.046
2222559.804 0.047
2215963.234 0.047
2209377.982 0.047
2202804.175 0.047
2196241.943 0.048
2189691.416 0.048
2183152.725 0.048
2176626.003 0.048
2170111.385 0.049
2163609.006 0.049
2157119.002 0.049
2150641.512 0.050
2144176.675 0.050
2137724.631 0.050
2131285.523 0.050
2124859.493 0.051
2118446.688 0.051
2112047.252 0.051
2105661.333 0.052
2099289.080 0.052
2092930.644 0.052
2086586.176 0.053
2080255.830 0.053
2073939.759 0.053
2067638.121 0.054
2061351.073 0.054
2055078.773 0.054
2048821.383 0.054
2042579.064 0.055
2036351.980 0.055
2030140.297 0.055
2023944.180 0.056
2017763.798 0.056
2011599.321 0.056
2005450.920 0.057
1999318.768 0.057
1993203.040 0.057
1987103.911 0.058
1981021.560 0.058
1974956.166 0.059
1968907.909 0.059
1962876.972 0.059
1956863.540 0.060
1950867.799 0.060
1944889.936 0.060
1938930.140 0.061
1932988.603 0.061
1927065.517 0.061
1921161.076 0.062
1915275.477 0.062
1909408.917 0.062
1903561.596 0.063
1897733.715 0.063
1891925.477 0.064
1886137.087 0.064
1880368.751 0.064
1874620.677 0.065
1868893.076 0.065
1863186.159 0.065
1857500.139 0.066
1851835.233 0.066
1846191.656 0.067
1840569.628 0.067
1834969.368 0.067
1829391.101 0.068
1823835.049 0.068
1818301.439 0.069
1812790.498 0.069
1807302.455 0.069
1801837.543 0.070
1796395.993 0.070
1790978.041 0.071
1785583.922 0.071
1780213.876 0.072
1774868.142 0.072
1769546.962 0.072
1764250.580 0.073
1758979.240 0.073
1753733.190 0.074
1748512.677 0.074
1743317.954 0.074
1738149.270 0.075
1733006.881 0.075
1727891.041 0.076
1722802.008 0.076
1717740.040 0.077
1712705.397 0.077
1707698.342 0.077
1702719.137 0.078
1697768.047 0.078
1692845.340 0.079
1687951.282 0.079
1683086.144 0.080
1678250.197 0.080
1673443.712 0.081
1668666.964 0.081
1663920.228 0.081
1659203.781 0.082
1654517.900 0.082
1649862.865 0.083
1645238.956 0.083
1640646.454 0.084
1636085.643 0.084
1631556.807 0.085
1627060.230 0.085
1622596.199 0.085
1618165.002 0.086
1613766.926 0.086
1609402.260 0.087
1605071.294 0.087
1600774.320 0.088
1596511.629 0.088
1592283.513 0.089
1588090.265 0.089
1583932.180 0.089
1579809.551 0.090
1575722.673 0.090
1571671.841 0.091
1567657.352 0.091
1563679.500 0.092
1559738.583 0.092
1555834.896 0.093
1551968.737 0.093
1548140.401 0.093
1544350.186 0.094
1540598.387 0.094
1536885.302 0.095
1533211.226 0.095
1529576.455 0.096
1525981.285 0.096
1522426.010 0.096
1518910.925 0.097
1515436.324 0.097
1512002.499 0.098
1508609.743 0.098
1505258.346 0.099
1501948.600 0.099
1498680.793 0.099
1495455.214 0.100
1492272.149 0.100
1489131.883 0.101
1486034.700 0.101
1482980.883 0.101
1479970.712 0.102
1477004.467 0.102
1474082.423 0.102
1471204.857 0.103
1468372.041 0.103
1465584.246 0.104
1462841.741 0.104
1460144.791 0.104
1457493.661 0.105
1454888.611 0.105
1452329.900 0.105
1449817.783 0.106
1447352.513 0.106
1444934.340 0.106
1442563.510 0.107
1440240.267 0.107
1437964.849 0.107
1435737.495 0.108
1433558.436 0.108
1431427.903 0.108
1429346.119 0.109
1427313.308 0.109
1425329.687 0.109
1423395.469 0.109
1421510.864 0.110
1419676.076 0.110
1417891.308 0.110
1416156.753 0.111
1414472.606 0.111
1412839.051 0.111
1411256.273 0.111
1409724.447 0.111
1408243.747 0.112
1406814.339 0.112
1405436.386 0.112
1404110.046 0.112
1402835.468 0.113
1401612.801 0.113
1400442.184 0.113
1399323.753 0.113
1398257.638 0.113
1397243.963 0.113
1396282.846 0.114
1395374.399 0.114
1394518.728 0.114
1393715.936 0.114
1392966.116 0.114
1392269.356 0.114
1391625.740 0.114
1391035.343 0.114
1390498.236 0.114
1390014.483 0.114
1389584.140 0.115
1389207.261 0.115
1388883.889 0.115
1388614.064 0.115
1388397.817 0.115
1388235.174 0.115
1388126.156 0.115
1388070.775 0.115
1388069.037 0.115
1388120.943 0.115
1388226.487 0.115
1388385.657 0.115
1388598.432 0.115
1388864.787 0.115
1389184.691 0.115
1389558.106 0.115
1389984.986 0.114
1390465.281 0.114
1390998.934 0.114
1391585.881 0.114
1392226.052 0.114
1392919.371 0.114
1393665.757 0.114
1394465.121 0.114
1395317.368 0.114
1396222.400 0.114
1397180.109 0.113
1398190.383 0.113
1399253.105 0.113
1400368.150 0.113
1401535.391 0.113
1402754.691 0.113
1404025.910 0.112
1405348.902 0.112
1406723.516 0.112
1408149.596 0.112
1409626.979 0.112
1411155.498 0.111
1412734.981 0.111
1414365.252 0.111
1416046.128 0.111
1417777.423 0.110
1419558.945 0.110
1421390.499 0.110
1423271.884 0.109
1425202.894 0.109
1427183.322 0.109
1429212.954 0.109
1431291.572 0.108
1433418.955 0.108
1435594.877 0.108
1437819.111 0.107
1440091.422 0.107
1442411.575 0.107
1444779.331 0.106
1447194.445 0.106
1449656.672 0.106
1452165.763 0.105
1454721.464 0.105
1457323.521 0.105
1459971.675 0.104
1462665.665 0.104
1465405.228 0.104
1468190.098 0.103
1471020.007 0.103
1473894.684 0.103
1476813.855 0.102
1479777.247 0.102
1482784.582 0.101
1485835.581 0.101
1488929.964 0.101
1492067.449 0.100
1495247.752 0.100
1498470.587 0.099
1501735.669 0.099
1505042.708 0.099
1508391.417 0.098
1511781.504 0.098
1515212.679 0.097
1518684.649 0.097
1522197.123 0.096
1525749.804 0.096
1529342.401 0.096
1532974.617 0.095
1536646.158 0.095
1540356.727 0.094
1544106.029 0.094
1547893.766 0.093
1551719.644 0.093
1555583.364 0.093
1559484.631 0.092
1563423.148 0.092
1567398.618 0.091
1571410.746 0.091
1575459.234 0.090
1579543.789 0.090
1583664.113 0.089
1587819.913 0.089
1592010.895 0.089
1596236.764 0.088
1600497.227 0.088
1604791.992 0.087
1609120.767 0.087
1613483.262 0.086
1617879.186 0.086
1622308.250 0.085
1626770.165 0.085
1631264.646 0.085
1635791.404 0.084
1640350.156 0.084
1644940.616 0.083
1649562.503 0.083
1654215.534 0.082
1658899.429 0.082
1663613.909 0.081
1668358.695 0.081
1673133.511 0.081
1677938.081 0.080
1682772.133 0.080
1687635.392 0.079
1692527.589 0.079
1697448.453 0.078
1702397.716 0.078
1707375.113 0.077
1712380.377 0.077
1717413.245 0.077
1722473.456 0.076
1727560.748 0.076
1732674.864 0.075
1737815.546 0.075
1742982.539 0.074
1748175.589 0.074
1753394.443 0.074
1758638.852 0.073
1763908.567 0.073
1769203.340 0.072
1774522.927 0.072
1779867.083 0.072
1785235.568 0.071
1790628.140 0.071
1796044.562 0.070
1801484.596 0.070
1806948.009 0.069
1812434.566 0.069
1817944.038 0.069
1823476.193 0.068
1829030.805 0.068
1834607.647 0.067
1840206.495 0.067
1845827.126 0.067
1851469.321 0.066
1857132.860 0.066
1862817.526 0.066
1868523.103 0.065
1874249.379 0.065
1879996.140 0.064
1885763.178 0.064
1891550.283 0.064
1897357.250 0.063
1903183.873 0.063
1909029.949 0.062
1914895.277 0.062
1920779.657 0.062
1926682.892 0.061
1932604.785 0.061
1938545.142 0.061
1944503.770 0.060
1950480.478 0.060
1956475.076 0.060
1962487.377 0.059
1968517.195 0.059
1974564.345 0.059
1980628.645 0.058
1986709.913 0.058
1992807.970 0.058
1998922.639 0.057
2005053.743 0.057
2011201.107 0.056
2017364.559 0.056
2023543.926 0.056
2029739.040 0.055
2035949.731 0.055
2042175.834 0.055
2048417.182 0.055
2054673.613 0.054
2060944.963 0.054
2067231.073 0.054
2073531.783 0.053
2079846.936 0.053
2086176.374 0.053
2092519.945 0.052
2098877.493 0.052
2105248.869 0.052
2111633.920 0.051
2118032.498 0.051
2124444.456 0.051
2130869.646 0.050
2137307.926 0.050
2143759.150 0.050
2150223.177 0.050
2156699.866 0.049
2163189.078 0.049
2169690.674 0.049
2176204.518 0.048
2182730.475 0.048
2189268.410 0.048
2195818.190 0.048
2202379.683 0.047
2208952.760 0.047
2215537.290 0.047
2222133.147 0.047
2228740.203 0.046
2235358.333 0.046
2241987.412 0.046
2248627.318 0.045
2255277.929 0.045
2261939.123 0.045
2268610.781 0.045
2275292.784 0.044
2281985.016 0.044
2288687.359 0.044
2295399.700 0.044
2302121.923 0.043
2308853.915 0.043
2315595.565 0.043
2322346.763 0.043
2329107.397 0.042
2335877.360 0.042
2342656.543 0.042
2349444.841 0.042
2356242.147 0.041
2363048.356 0.041
2369863.365 0.041
2376687.071 0.041
2383519.373 0.041
2390360.169 0.040
2397209.360 0.040
2404066.847 0.040
2410932.531 0.040
2417806.316 0.039
2424688.106 0.039
2431577.806 0.039
2438475.320 0.039
2445380.555 0.039
2452293.420 0.038
2459213.822 0.038
2466141.670 0.038
2473076.874 0.038
2480019.345 0.038
2486968.994 0.037
2493925.735 0.037
2500889.479 0.037
2507860.142 0.037
2514837.638 0.037
2521821.883 0.036
2528812.793 0.036
2535810.285 0.036
2542814.277 0.036
2549824.687 0.036
2556841.436 0.035
2563864.443 0.035
2570893.629 0.035
2577928.916 0.035
2584970.226 0.035
2592017.482 0.034
2599070.607 0.034
2606129.527 0.034
2613194.165 0.034
2620264.448 0.034
2627340.303 0.034
2634421.655 0.033
2641508.434 0.033
2648600.566 0.033
2655697.982 0.033
2662800.611 0.033
2669908.382 0.032
2677021.228 0.032
2684139.078 0.032
2691261.866 0.032
2698389.524 0.032
2705521.985 0.032
2712659.183 0.031
2719801.053 0.031
2726947.528 0.031
2734098.546 0.031
2741254.042 0.031
2748413.952 0.031
2755578.214 0.031
2762746.766 0.030
2769919.545 0.030
2777096.491 0.030
2784277.543 0.030
2791462.640 0.030
2798651.724 0.030
2805844.734 0.029
2813041.612 0.029
2820242.301 0.029
2827446.742 0.029
2834654.878 0.029
2841866.652 0.029
2849082.008 0.029
2856300.891 0.028
2863523.245 0.028
2870749.016 0.028
2877978.148 0.028
2885210.587 0.028
2892446.282 0.028
2899685.177 0.028
2906927.221 0.027
2914172.362 0.027
2921420.547 0.027
2928671.726 0.027
2935925.846 0.027
2943182.859 0.027
2950442.713 0.027
2957705.359 0.027
2964970.748 0.026
2972238.830 0.026
2979509.558 0.026
2986782.882 0.026
2994058.755 0.026
3001337.130 0.026
3008617.960 0.026
3015901.198 0.026
3023186.797 0.025
3030474.712 0.025
3037764.897 0.025
3045057.308 0.025
3052351.898 0.025
3059648.623 0.025
3066947.440 0.025
3074248.305 0.025
3081551.173 0.024
3088856.002 0.024
3096162.748 0.024
3103471.370 0.024
3110781.825 0.024
3118094.072 0.024
3125408.067 0.024
3132723.771 0.024
3140041.142 0.024
3147360.140 0.023
3154680.724 0.023
3162002.855 0.023
3169326.491 0.023
3176651.595 0.023
3183978.126 0.023
3191306.046 0.023
3198635.316 0.023
3205965.898 0.023
3213297.754 0.023
3220630.846 0.022
3227965.136 0.022
3235300.587 0.022
3242637.162 0.022
3249974.825 0.022
3257313.538 0.022
3264653.267 0.022
3271993.974 0.022
3279335.624 0.022
3286678.182 0.022
3294021.612 0.021
3301365.879 0.021
3308710.950 0.021
3316056.788 0.021
3323403.360 0.021
3330750.632 0.021
3338098.570 0.021
3345447.141 0.021
3352796.311 0.021
3360146.047 0.021
3367496.316 0.021
3374847.086 0.020
3382198.324 0.020
3389549.998 0.020
3396902.075 0.020
3404254.525 0.020
3411607.315 0.020
3418960.415 0.020
3426313.792 0.020
3433667.416 0.020
3441021.256 0.020
3448375.282 0.020
3455729.463 0.020
3463083.769 0.019
3470438.170 0.019
3477792.636 0.019
3485147.138 0.019
3492501.646 0.019
3499856.131 0.019
3507210.564 0.019
3514564.916 0.019
3521919.158 0.019
3529273.262 0.019
3536627.199 0.019
3543980.942 0.019
3551334.462 0.018
3558687.731 0.018
3566040.723 0.018
3573393.408 0.018
3580745.761 0.018
3588097.754 0.018
3595449.359 0.018
3602800.551 0.018
3610151.302 0.018
3617501.586 0.018
3624851.377 0.018
3632200.648 0.018
3639549.374 0.018
3646897.528 0.018
3654245.084 0.017
3661592.018 0.017
3668938.304 0.017
3676283.916 0.017
3683628.830 0.017
3690973.020 0.017
3698316.461 0.017
3705659.129 0.017
3713001.000 0.017
3720342.048 0.017
3727682.249 0.017
3735021.580 0.017
3742360.017 0.017
3749697.534 0.017
3757034.110 0.017
3764369.719 0.016
3771704.339 0.016
3779037.946 0.016
3786370.517 0.016
3793702.029 0.016
3801032.458 0.016
3808361.783 0.016
3815689.980 0.016
3823017.026 0.016
3830342.900 0.016
3837667.578 0.016
3844991.039 0.016
3852313.261 0.016
3859634.220 0.016
3866953.896 0.016
3874272.267 0.016
3881589.310 0.016
3888905.005 0.015
3896219.330 0.015
3903532.263 0.015
3910843.784 0.015
3918153.871 0.015
3925462.503 0.015
3932769.659 0.015
3940075.319 0.015
3947379.462 0.015
3954682.067 0.015
3961983.113 0.015
3969282.581 0.015
3976580.449 0.015
3983876.698 0.015
3991171.308 0.015
3998464.259 0.015
4005755.530 0.015
4013045.103 0.015
4020332.956 0.014
4027619.072 0.014
4034903.429 0.014
4042186.009 0.014
4049466.792 0.014
4056745.759 0.014
4064022.892 0.014
4071298.170 0.014
4078571.575 0.014
4085843.088 0.014
4093112.690 0.014
4100380.363 0.014
4107646.088 0.014
4114909.846 0.014
4122171.618 0.014
4129431.388 0.014
4136689.135 0.014
4143944.843 0.014
4151198.492 0.014
4158450.065 0.014
4165699.545 0.013
4172946.912 0.013
4180192.149 0.013
4187435.239 0.013
4194676.163 0.013
4201914.905 0.013
4209151.447 0.013
4216385.771 0.013
4223617.860 0.013
4230847.697 0.013
4238075.264 0.013
4245300.544 0.013
4252523.521 0.013
4259744.178 0.013
4266962.497 0.013
4274178.461 0.013
4281392.055 0.013
4288603.261 0.013
4295812.062 0.013
4303018.442 0.013
4310222.385 0.013
4317423.874 0.013
4324622.893 0.013
4331819.425 0.012
4339013.455 0.012
4346204.965 0.012
4353393.941 0.012
4360580.366 0.012
4367764.224 0.012
4374945.499 0.012
4382124.175 0.012
4389300.237 0.012
4396473.669 0.012
4403644.455 0.012
4410812.579 0.012
4417978.027 0.012
4425140.783 0.012
4432300.830 0.012
4439458.155 0.012
4446612.741 0.012
4453764.574 0.012
4460913.637 0.012
4468059.917 0.012
4475203.398 0.012
4482344.065 0.012
4489481.903 0.012
4496616.898 0.012
4503749.033 0.012
4510878.296 0.012
4518004.670 0.011
4525128.141 0.011
4532248.695 0.011
4539366.318 0.011
4546480.993 0.011
4553592.708 0.011
4560701.447 0.011
4567807.197 0.011
4574909.943 0.011
4582009.670 0.011
4589106.365 0.011
4596200.014 0.011
4603290.602 0.011
4610378.115 0.011
4617462.539 0.011
4624543.861 0.011
4631622.066 0.011
4638697.141 0.011
4645769.071 0.011
4652837.843 0.011
4659903.444 0.011
4666965.859 0.011
4674025.075 0.011
4681081.079 0.011
4688133.857 0.011
4695183.394 0.011
4702229.679 0.011
4709272.698 0.011
4716312.436 0.011
4723348.882 0.010
4730382.021 0.010
4737411.840 0.010
4744438.327 0.010
4751461.468 0.010
4758481.249 0.010
4765497.659 0.010
4772510.684 0.010
4779520.310 0.010
4786526.526 0.010
4793529.318 0.010
4800528.673 0.010
4807524.579 0.010
4814517.022 0.010
4821505.991 0.010
4828491.472 0.010
4835473.452 0.010
4842451.920 0.010
4849426.862 0.010
4856398.267 0.010
4863366.120 0.010
4870330.411 0.010
4877291.127 0.010
4884248.255 0.010
4891201.783 0.010
4898151.698 0.010
4905097.989 0.010
4912040.643 0.010
4918979.648 0.010
4925914.992 0.010
4932846.662 0.010
382752.817 0.789
392192.824 0.774
401632.442 0.758
411071.659 0.742
420510.467 0.727
429948.857 0.711
439386.818 0.696
448824.342 0.681
458261.419 0.666
467698.040 0.651
477134.195 0.637
486569.875 0.623
496005.071 0.609
505439.772 0.595
514873.971 0.582
524307.657 0.569
533740.820 0.557
543173.453 0.544
552605.544 0.532
562037.086 0.520
571468.067 0.509
580898.480 0.498
590328.315 0.487
599757.561 0.476
609186.211 0.466
618614.254 0.455
628041.681 0.446
637468.483 0.436
646894.650 0.427
656320.173 0.418
665745.042 0.409
675169.249 0.400
684592.783 0.392
694015.636 0.384
703437.798 0.376
712859.259 0.368
722280.011 0.361
731700.044 0.353
741119.348 0.346
750537.914 0.339
759955.733 0.333
769372.795 0.326
778789.091 0.320
788204.612 0.314
797619.348 0.307
807033.290 0.302
816446.429 0.296
825858.754 0.290
835270.257 0.285
844680.929 0.280
854090.760 0.274
863499.740 0.269
872907.861 0.264
882315.112 0.260
891721.485 0.255
901126.970 0.250
910531.558 0.246
919935.240 0.242
929338.005 0.238
938739.846 0.233
948140.751 0.229
957540.713 0.225
966939.721 0.222
976337.767 0.218
985734.840 0.214
995130.932 0.211
1004526.033 0.207
1013920.134 0.204
1023313.226 0.201
1032705.299 0.197
1042096.344 0.194
1051486.351 0.191
1060875.311 0.188
1070263.215 0.185
1079650.053 0.182
1089035.817 0.179
1098420.496 0.177
1107804.081 0.174
1117186.564 0.171
1126567.934 0.169
1135948.183 0.166
1145327.301 0.164
1154705.278 0.161
1164082.106 0.159
1173457.775 0.157
1182832.275 0.154
1192205.598 0.152
1201577.734 0.150
1210948.674 0.148
1220318.407 0.146
1229686.926 0.144
1239054.221 0.142
1248420.282 0.140
1257785.100 0.138
1267148.666 0.136
1276510.970 0.134
1285872.003 0.132
1295231.757 0.131
1304590.220 0.129
1313947.385 0.127
1323303.241 0.126
1332657.780 0.124
1342010.993 0.122
1351362.869 0.121
1360713.399 0.119
1370062.575 0.118
1379410.387 0.116
1388756.826 0.115
1398101.881 0.113
1407445.545 0.112
1416787.808 0.110
1426128.660 0.109
1435468.092 0.108
1444806.096 0.106
1454142.660 0.105
1463477.777 0.104
1472811.437 0.103
1482143.631 0.101
1491474.348 0.100
1500803.581 0.099
1510131.320 0.098
1519457.556 0.097
1528782.278 0.096
1538105.479 0.095
1547427.148 0.093
1556747.276 0.092
1566065.855 0.091
1575382.875 0.090
1584698.326 0.089
1594012.199 0.088
1603324.485 0.087
1612635.175 0.086
1621944.260 0.085
1631251.730 0.085
1640557.576 0.084
1649861.788 0.083
1659164.358 0.082
1668465.276 0.081
1677764.533 0.080
1687062.119 0.079
1696358.026 0.078
1705652.244 0.078
1714944.764 0.077
1724235.576 0.076
1733524.672 0.075
1742812.042 0.074
1752097.677 0.074
1761381.568 0.073
1770663.705 0.072
1779944.079 0.072
1789222.681 0.071
1798499.502 0.070
1807774.532 0.069
1817047.762 0.069
1826319.184 0.068
1835588.787 0.067
1844856.562 0.067
1854122.501 0.066
1863386.594 0.065
1872648.832 0.065
1881909.206 0.064
1891167.706 0.064
1900424.323 0.063
1909679.048 0.062
1918931.872 0.062
1928182.785 0.061
1937431.779 0.061
1946678.844 0.060
1955923.971 0.060
1965167.151 0.059
1974408.374 0.059
1983647.632 0.058
1992884.914 0.057
2002120.213 0.057
2011353.518 0.056
2020584.821 0.056
2029814.112 0.055
2039041.383 0.055
2048266.623 0.055
2057489.825 0.054
2066710.978 0.054
2075930.073 0.053
2085147.102 0.053
2094362.055 0.052
2103574.922 0.052
2112785.696 0.051
2121994.366 0.051
2131200.923 0.050
2140405.359 0.050
2149607.664 0.050
2158807.829 0.049
2168005.844 0.049
2177201.702 0.048
2186395.391 0.048
2195586.904 0.048
2204776.232 0.047
2213963.364 0.047
2223148.292 0.046
2232331.007 0.046
2241511.499 0.046
2250689.760 0.045
2259865.780 0.045
2269039.550 0.045
2278211.062 0.044
2287380.305 0.044
2296547.271 0.044
2305711.951 0.043
2314874.336 0.043
2324034.415 0.043
2333192.181 0.042
2342347.625 0.042
2351500.736 0.042
2360651.507 0.041
2369799.927 0.041
2378945.988 0.041
2388089.680 0.040
2397230.996 0.040
2406369.924 0.040
2415506.457 0.040
2424640.586 0.039
2433772.300 0.039
2442901.591 0.039
2452028.451 0.038
2461152.869 0.038
2470274.838 0.038
2479394.347 0.038
2488511.387 0.037
2497625.951 0.037
2506738.027 0.037
2515847.609 0.036
2524954.685 0.036
2534059.248 0.036
2543161.288 0.036
2552260.797 0.035
2561357.764 0.035
2570452.182 0.035
2579544.040 0.035
2588633.331 0.035
2597720.045 0.034
2606804.172 0.034
2615885.704 0.034
2624964.632 0.034
2634040.947 0.033
2643114.640 0.033
2652185.701 0.033
2661254.122 0.033
2670319.894 0.032
2679383.007 0.032
2688443.453 0.032
2697501.222 0.032
2706556.306 0.032
2715608.696 0.031
2724658.382 0.031
2733705.356 0.031
2742749.608 0.031
2751791.130 0.031
2760829.912 0.030
2769865.946 0.030
2778899.222 0.030
2787929.732 0.030
2796957.467 0.030
2805982.417 0.029
2815004.574 0.029
2824023.928 0.029
2833040.471 0.029
2842054.193 0.029
2851065.087 0.029
2860073.142 0.028
2869078.349 0.028
2878080.701 0.028
2887080.187 0.028
2896076.800 0.028
2905070.529 0.028
2914061.366 0.027
2923049.302 0.027
2932034.329 0.027
2941016.436 0.027
2949995.616 0.027
2958971.858 0.027
2967945.156 0.026
2976915.498 0.026
2985882.877 0.026
2994847.284 0.026
3003808.709 0.026
3012767.144 0.026
3021722.580 0.025
3030675.007 0.025
3039624.418 0.025
3048570.802 0.025
3057514.152 0.025
3066454.458 0.025
3075391.711 0.025
3084325.903 0.024
3093257.024 0.024
3102185.066 0.024
3111110.020 0.024
3120031.876 0.024
3128950.627 0.024
3137866.263 0.024
3146778.775 0.023
3155688.154 0.023
3164594.392 0.023
3173497.480 0.023
3182397.408 0.023
3191294.169 0.023
3200187.752 0.023
3209078.150 0.023
3217965.353 0.022
3226849.353 0.022
3235730.140 0.022
3244607.707 0.022
3253482.043 0.022
3262353.140 0.022
3271220.990 0.022
3280085.584 0.022
3288946.912 0.022
3297804.966 0.021
3306659.737 0.021
3315511.216 0.021
3324359.395 0.021
3333204.265 0.021
3342045.816 0.021
3350884.041 0.021
3359718.929 0.021
3368550.473 0.021
3377378.664 0.020
3386203.493 0.020
3395024.951 0.020
3403843.029 0.020
3412657.719 0.020
3421469.011 0.020
3430276.898 0.020
3439081.369 0.020
3447882.418 0.020
3456680.034 0.020
3465474.208 0.019
3474264.934 0.019
3483052.200 0.019
3491835.999 0.019
3500616.323 0.019
3509393.161 0.019
3518166.506 0.019
3526936.349 0.019
3535702.681 0.019
3544465.493 0.019
3553224.777 0.018
3561980.524 0.018
3570732.724 0.018
3579481.371 0.018
3588226.454 0.018
3596967.965 0.018
3605705.895 0.018
3614440.236 0.018
3623170.979 0.018
3631898.116 0.018
3640621.636 0.018
3649341.533 0.018
3658057.797 0.017
3666770.420 0.017
3675479.392 0.017
3684184.706 0.017
3692886.352 0.017
3701584.322 0.017
3710278.608 0.017
3718969.200 0.017
3727656.089 0.017
3736339.268 0.017
3745018.728 0.017
3753694.460 0.017
3762366.455 0.016
3771034.705 0.016
3779699.201 0.016
3788359.935 0.016
3797016.897 0.016
3805670.080 0.016
3814319.474 0.016
3822965.071 0.016
3831606.863 0.016
3840244.841 0.016
3848878.995 0.016
3857509.319 0.016
3866135.803 0.016
3874758.438 0.016
3883377.215 0.015
3891992.128 0.015
3900603.166 0.015
3909210.321 0.015
3917813.585 0.015
3926412.948 0.015
3935008.404 0.015
3943599.942 0.015
3952187.554 0.015
3960771.233 0.015
3969350.969 0.015
3977926.753 0.015
3986498.578 0.015
3995066.434 0.015
4003630.314 0.015
4012190.208 0.015
4020746.108 0.014
4029298.006 0.014
4037845.893 0.014
4046389.761 0.014
4054929.601 0.014
4063465.404 0.014
4071997.163 0.014
4080524.868 0.014
4089048.511 0.014
4097568.084 0.014
4106083.578 0.014
4114594.984 0.014
4123102.295 0.014
4131605.502 0.014
4140104.596 0.014
4148599.568 0.014
4157090.412 0.014
4165577.117 0.013
4174059.675 0.013
4182538.079 0.013
4191012.319 0.013
4199482.387 0.013
4207948.276 0.013
4216409.975 0.013
4224867.477 0.013
4233320.774 0.013
4241769.857 0.013
4250214.718 0.013
4258655.348 0.013
4267091.738 0.013
4275523.881 0.013
4283951.769 0.013
4292375.392 0.013
4300794.742 0.013
4309209.811 0.013
4317620.591 0.013
4326027.073 0.013
4334429.248 0.012
4342827.109 0.012
4351220.648 0.012
4359609.855 0.012
4367994.722 0.012
4376375.242 0.012
4384751.405 0.012
4393123.204 0.012
4401490.629 0.012
4409853.674 0.012
4418212.328 0.012
4426566.585 0.012
4434916.436 0.012
4443261.872 0.012
4451602.885 0.012
4459939.467 0.012
4468271.610 0.012
4476599.305 0.012
4484922.544 0.012
4493241.319 0.012
4501555.621 0.012
4509865.442 0.012
4518170.774 0.011
4526471.609 0.011
4534767.938 0.011
4543059.753 0.011
4551347.046 0.011
4559629.809 0.011
4567908.033 0.011
4576181.710 0.011
4584450.832 0.011
4592715.391 0.011
4600975.378 0.011
4609230.786 0.011
4617481.605 0.011
4625727.828 0.011
4633969.447 0.011
4642206.453 0.011
4650438.839 0.011
4658666.595 0.011
4666889.715 0.011
4675108.188 0.011
4683322.009 0.011
4691531.167 0.011
4699735.656 0.011
4707935.467 0.011
4716130.592 0.011
4724321.022 0.010
4732506.749 0.010
4740687.766 0.010
4748864.065 0.010
4757035.636 0.010
4765202.472 0.010
4773364.565 0.010
4781521.907 0.010
4789674.489 0.010
4797822.304 0.010
4805965.343 0.010
4814103.598 0.010
4822237.062 0.010
4830365.726 0.010
4838489.581 0.010
4846608.621 0.010
4854722.836 0.010
4862832.219 0.010
4870936.762 0.010
4879036.456 0.010
4887131.294 0.010
4895221.267 0.010
4903306.368 0.010
4911386.588 0.010
4919461.920 0.010
4927532.355 0.010
4935597.885 0.010
4943658.503 0.010
4951714.199 0.010
4959764.967 0.010
4967810.798 0.009
4975851.685 0.009
4983887.618 0.009
4991918.591 0.009
4999944.595 0.009
5007965.623 0.009
5015981.665 0.009
5023992.715 0.009
5031998.764 0.009
5039999.805 0.009
5047995.829 0.009
5055986.828 0.009
5063972.795 0.009
5071953.721 0.009
5079929.600 0.009
5087900.421 0.009
5095866.179 0.009
5103826.864 0.009
5111782.469 0.009
5119732.986 0.009
5127678.407 0.009
5135618.725 0.009
5143553.930 0.009
5151484.016 0.009
5159408.974 0.009
5167328.797 0.009
5175243.477 0.009
5183153.006 0.009
5191057.375 0.009
5198956.578 0.009
5206850.605 0.009
5214739.451 0.009
5222623.105 0.009
5230501.562 0.009
5238374.812 0.009
5246242.848 0.009
5254105.663 0.008
5261963.248 0.008
5269815.595 0.008
5277662.697 0.008
5285504.547 0.008
5293341.135 0.008
5301172.454 0.008
5308998.497 0.008
5316819.256 0.008
5324634.723 0.008
5332444.890 0.008
477494.065 0.636
465302.004 0.655
453109.481 0.674
440916.506 0.694
428723.092 0.713
416529.252 0.733
404334.997 0.753
392140.340 0.774
379945.293 0.794
367749.867 0.814
355554.075 0.834
343357.929 0.853
331161.442 0.872
318964.625 0.891
306767.490 0.908
294570.051 0.924
282372.318 0.938
270174.304 0.952
257976.021 0.963
245777.481 0.973
233578.696 0.981
221379.679 0.988
209180.442 0.992
196980.997 0.996
184781.355 0.998
172581.530 0.999
160381.533 1.000
148181.376 1.000
135981.072 1.000
123780.632 1.000
111580.069 1.000
99379.395 1.000
87178.622 1.000
74977.763 1.000
62776.829 1.000
50575.832 1.000
38374.785 1.000
26173.700 1.000
13972.588 1.000
1771.463 1.000
10429.664 1.000
22630.780 1.000
34831.874 1.000
47032.934 1.000
59233.946 1.000
71434.900 1.000
83635.782 1.000
95836.582 1.000
108037.285 1.000
120237.882 1.000
132438.358 1.000
144638.703 1.000
156838.904 1.000
169038.949 0.999
181238.826 0.998
193438.522 0.996
205638.025 0.993
217837.324 0.989
230036.406 0.983
242235.260 0.976
254433.872 0.966
266632.231 0.955
278830.324 0.942
291028.140 0.928
303225.666 0.913
315422.891 0.896
327619.801 0.878
339816.386 0.859
352012.632 0.840
364208.528 0.820
376404.062 0.800
388599.220 0.780
400793.992 0.759
412988.365 0.739
425182.328 0.719
437375.866 0.699
449568.970 0.680
461761.626 0.661
473953.823 0.642
486145.547 0.624
498336.788 0.606
510527.533 0.588
522717.770 0.571
534907.487 0.555
547096.671 0.539
559285.311 0.524
571473.394 0.509
583660.908 0.494
595847.842 0.480
608034.182 0.467
620219.917 0.454
632405.035 0.441
644589.523 0.429
656773.370 0.417
668956.564 0.406
681139.091 0.395
693320.941 0.384
705502.100 0.374
717682.557 0.364
729862.300 0.355
742041.317 0.346
754219.595 0.337
766397.123 0.328
778573.887 0.320
790749.877 0.312
802925.080 0.304
815099.483 0.297
827273.076 0.289
839445.845 0.282
851617.778 0.276
863788.864 0.269
875959.091 0.263
888128.445 0.257
900296.916 0.251
912464.490 0.245
924631.156 0.240
936796.903 0.234
948961.716 0.229
961125.586 0.224
973288.498 0.219
985450.442 0.214
997611.406 0.210
1009771.376 0.205
20.101 2101934.539 0.066318178
20.213 2096240.567 0.066431466
20.325 2090554.503 0.066546485
20.438 2084876.417 0.066663235
20.551 2079206.380 0.066781717
20.665 2073544.465 0.066901931
20.779 2067890.742 0.067023877
20.893 2062245.287 0.067147556
21.008 2056608.172 0.067272969
21.123 2050979.473 0.067400116
21.238 2045359.264 0.067528998
21.354 2039747.622 0.067659615
21.470 2034144.623 0.067791969
21.587 2028550.345 0.067926061
21.704 2022964.865 0.068061891
21.822 2017388.263 0.068199460
21.940 2011820.619 0.068338769
22.058 2006262.011 0.068479819
22.177 2000712.522 0.068622611
22.296 1995172.233 0.068767146
22.416 1989641.227 0.068913426
22.536 1984119.587 0.069061450
22.656 1978607.397 0.069211221
22.777 1973104.742 0.069362739
22.898 1967611.708 0.069516006
23.020 1962128.380 0.069671022
23.142 1956654.847 0.069827788
23.264 1951191.197 0.069986306
23.387 1945737.517 0.070146576
23.511 1940293.899 0.070308600
23.635 1934860.432 0.070472377
23.759 1929437.207 0.070637910
23.884 1924024.317 0.070805200
24.009 1918621.855 0.070974246
24.134 1913229.915 0.071145049
24.260 1907848.591 0.071317612
24.387 1902477.979 0.071491933
24.514 1897118.176 0.071668013
24.641 1891769.278 0.071845854
24.769 1886431.384 0.072025456
24.897 1881104.593 0.072206818
25.025 1875789.006 0.072389942
25.154 1870484.722 0.072574827
25.284 1865191.845 0.072761474
25.414 1859910.476 0.072949881
25.544 1854640.719 0.073140051
25.675 1849382.680 0.073331981
25.806 1844136.463 0.073525672
25.938 1838902.175 0.073721124
26.070 1833679.924 0.073918334
26.203 1828469.817 0.074117304
26.336 1823271.966 0.074318031
26.470 1818086.478 0.074520516
26.604 1812913.467 0.074724756
26.738 1807753.045 0.074930749
26.873 1802605.324 0.075138496
27.008 1797470.420 0.075347993
27.144 1792348.447 0.075559239
27.280 1787239.522 0.075772232
27.417 1782143.762 0.075986969
27.554 1777061.286 0.076203448
27.692 1771992.213 0.076421666
27.830 1766936.664 0.076641619
27.968 1761894.760 0.076863306
28.107 1756866.623 0.077086721
28.246 1751852.378 0.077311862
28.386 1746852.149 0.077538725
28.526 1741866.061 0.077767305
28.667 1736894.242 0.077997597
28.808 1731936.820 0.078229597
28.950 1726993.923 0.078463300
29.092 1722065.681 0.078698700
29.234 1717152.226 0.078935792
29.377 1712253.690 0.079174569
29.520 1707370.206 0.079415026
29.664 1702501.908 0.079657154
29.808 1697648.933 0.079900949
29.953 1692811.416 0.080146401
30.098 1687989.496 0.080393503
30.244 1683183.311 0.080642247
30.389 1678393.002 0.080892625
30.536 1673618.709 0.081144628
30.683 1668860.575 0.081398245
30.830 1664118.743 0.081653469
30.977 1659393.357 0.081910287
31.125 1654684.564 0.082168690
31.274 1649992.509 0.082428667
31.422 1645317.342 0.082690206
31.572 1640659.210 0.082953295
31.721 1636018.264 0.083217923
31.871 1631394.655 0.083484075
32.022 1626788.536 0.083751738
32.172 1622200.060 0.084020899
32.324 1617629.383 0.084291543
32.475 1613076.659 0.084563656
32.627 1608542.045 0.084837221
32.779 1604025.701 0.085112222
32.932 1599527.784 0.085388644
33.085 1595048.456 0.085666469
33.238 1590587.877 0.085945679
33.392 1586146.211 0.086226255
33.546 1581723.621 0.086508180
33.700 1577320.272 0.086791433
33.855 1572936.330 0.087075994
34.010 1568571.962 0.087361843
34.165 1564227.336 0.087648958
34.321 1559902.621 0.087937316
34.477 1555597.987 0.088226896
34.633 1551313.607 0.088517674
34.789 1547049.652 0.088809626
34.946 1542806.296 0.089102726
35.103 1538583.713 0.089396950
35.260 1534382.080 0.089692271
35.418 1530201.572 0.089988663
35.576 1526042.368 0.090286097
35.734 1521904.646 0.090584546
35.892 1517788.586 0.090883980
36.050 1513694.369 0.091184370
36.209 1509622.176 0.091485684
36.368 1505572.190 0.091787891
36.527 1501544.595 0.092090960
36.686 1497539.575 0.092394857
36.845 1493557.315 0.092699548
37.005 1489598.003 0.093005000
37.165 1485661.825 0.093311175
37.324 1481748.969 0.093618039
37.484 1477859.625 0.093925555
37.644 1473993.982 0.094233683
37.804 1470152.232 0.094542387
37.964 1466334.564 0.094851625
38.124 1462541.173 0.095161359
38.284 1458772.250 0.095471546
38.445 1455027.990 0.095782145
38.605 1451308.587 0.096093112
38.765 1447614.236 0.096404405
38.925 1443945.133 0.096715978
39.085 1440301.474 0.097027785
39.245 1436683.457 0.097339782
39.405 1433091.278 0.097651919
39.565 1429525.137 0.097964150
39.725 1425985.232 0.098276426
39.885 1422471.761 0.098588696
40.044 1418984.926 0.098900910
40.203 1415524.926 0.099213016
40.362 1412091.960 0.099524963
40.521 1408686.232 0.099836697
40.680 1405307.940 0.100148164
40.838 1401957.288 0.100459310
40.996 1398634.476 0.100770078
41.154 1395339.707 0.101080412
41.312 1392073.183 0.101390255
41.469 1388835.106 0.101699549
41.626 1385625.679 0.102008235
41.782 1382445.104 0.102316253
41.938 1379293.583 0.102623543
42.094 1376171.319 0.102930044
42.249 1373078.516 0.103235693
42.403 1370015.374 0.103540429
42.557 1366982.096 0.103844187
42.711 1363978.884 0.104146905
42.864 1361005.940 0.104448516
43.016 1358063.465 0.104748956
43.168 1355151.661 0.105048158
43.319 1352270.728 0.105346057
43.469 1349420.867 0.105642585
43.619 1346602.277 0.105937673
43.768 1343815.157 0.106231254
43.916 1341059.707 0.106523259
44.063 1338336.124 0.106813618
44.210 1335644.606 0.107102262
44.355 1332985.349 0.107389120
44.500 1330358.549 0.107674122
44.644 1327764.401 0.107957195
44.787 1325203.100 0.108238270
44.928 1322674.837 0.108517274
45.069 1320179.805 0.108794135
45.209 1317718.196 0.109068780
45.347 1315290.198 0.109341138
45.485 1312896.000 0.109611134
45.621 1310535.790 0.109878697
45.756 1308209.753 0.110143754
45.890 1305918.075 0.110406230
46.023 1303660.938 0.110666054
46.154 1301438.523 0.110923151
46.284 1299251.011 0.111177449
46.412 1297098.581 0.111428874
46.539 1294981.408 0.111677354
46.665 1292899.668 0.111922816
46.789 1290853.535 0.112165188
46.912 1288843.178 0.112404396
47.033 1286868.767 0.112640369
47.152 1284930.471 0.112873036
47.270 1283028.453 0.113102324
47.386 1281162.877 0.113328164
47.500 1279333.904 0.113550484
47.613 1277541.692 0.113769215
47.724 1275786.398 0.113984288
47.833 1274068.176 0.114195634
47.940 1272387.177 0.114403185
48.045 1270743.549 0.114606873
48.149 1269137.440 0.114806633
48.250 1267568.993 0.115002398
48.349 1266038.350 0.115194103
48.447 1264545.648 0.115381685
48.542 1263091.023 0.115565081
48.635 1261674.608 0.115744228
48.726 1260296.532 0.115919066
48.815 1258956.923 0.116089535
48.901 1257655.904 0.116255577
48.986 1256393.595 0.116417133
49.068 1255170.116 0.116574147
49.147 1253985.578 0.116726565
49.225 1252840.095 0.116874332
49.300 1251733.774 0.117017397
49.372 1250666.718 0.117155708
49.443 1249639.031 0.117289217
49.510 1248650.808 0.117417874
49.576 1247702.145 0.117541635
49.638 1246793.131 0.117660453
49.698 1245923.855 0.117774286
49.756 1245094.400 0.117883092
49.811 1244304.845 0.117986832
49.863 1243555.268 0.118085466
49.913 1242845.740 0.118178959
49.960 1242176.330 0.118267276
50.005 1241547.104 0.118350384
50.046 1240958.122 0.118428252
50.085 1240409.441 0.118500851
50.121 1239901.117 0.118568153
50.155 1239433.197 0.118630135
50.186 1239005.727 0.118686771
50.214 1238618.750 0.118738041
50.239 1238272.303 0.118783926
50.261 1237966.420 0.118824407
50.281 1237701.131 0.118859470
50.297 1237476.461 0.118889101
50.311 1237292.432 0.118913289
50.322 1237149.062 0.118932024
50.331 1237046.364 0.118945299
50.336 1236984.349 0.118953110
50.338 1236963.022 0.118955453
50.338 1236982.384 0.118952327
50.335 1237042.432 0.118943733
50.329 1237143.161 0.118929675
50.320 1237284.559 0.118910157
50.308 1237466.612 0.118885187
50.294 1237689.300 0.118854774
50.277 1237952.602 0.118818930
50.256 1238256.491 0.118777667
50.234 1238600.934 0.118731003
50.208 1238985.899 0.118678953
50.179 1239411.345 0.118621538
50.148 1239877.231 0.118558780
50.114 1240383.509 0.118490700
50.077 1240930.129 0.118417326
50.037 1241517.037 0.118338683
49.995 1242144.173 0.118254802
49.950 1242811.476 0.118165713
49.903 1243518.881 0.118071450
49.852 1244266.316 0.117972046
49.800 1245053.708 0.117867539
49.744 1245880.981 0.117757967
49.686 1246748.053 0.117643369
49.625 1247654.840 0.117523788
49.562 1248601.254 0.117399266
49.497 1249587.203 0.117269849
49.429 1250612.592 0.117135583
49.358 1251677.322 0.116996516
49.285 1252781.291 0.116852697
49.210 1253924.393 0.116704177
49.132 1255106.521 0.116551009
49.052 1256327.561 0.116393247
48.969 1257587.399 0.116230945
48.885 1258885.916 0.116064160
48.798 1260222.990 0.115892948
48.709 1261598.498 0.115717370
48.618 1263012.310 0.115537485
48.524 1264464.297 0.115353353
48.429 1265954.325 0.115165037
48.332 1267482.258 0.114972600
48.232 1269047.956 0.114776105
48.131 1270651.277 0.114575618
48.027 1272292.078 0.114371205
47.922 1273970.210 0.114162930
47.814 1275685.525 0.113950863
47.705 1277437.869 0.113735071
47.595 1279227.088 0.113515623
47.482 1281053.025 0.113292587
47.367 1282915.521 0.113066034
47.251 1284814.414 0.112836034
47.134 1286749.540 0.112602658
47.014 1288720.733 0.112365977
46.893 1290727.826 0.112126063
46.771 1292770.649 0.111882987
46.647 1294849.028 0.111636823
46.521 1296962.792 0.111387642
46.394 1299111.763 0.111135517
46.266 1301295.765 0.110880522
46.136 1303514.619 0.110622729
46.005 1305768.144 0.110362210
45.873 1308056.158 0.110099041
45.739 1310378.477 0.109833292
45.605 1312734.915 0.109565038
45.469 1315125.287 0.109294352
45.332 1317549.405 0.109021306
45.193 1320007.079 0.108745973
45.054 1322498.118 0.108468425
44.914 1325022.333 0.108188735
44.772 1327579.529 0.107906976
44.630 1330169.514 0.107623217
44.486 1332792.093 0.107337532
44.342 1335447.070 0.107049990
44.197 1338134.249 0.106760663
44.051 1340853.434 0.106469621
43.904 1343604.426 0.106176933
43.757 1346387.026 0.105882669
43.608 1349201.036 0.105586898
43.459 1352046.255 0.105289688
43.309 1354922.485 0.104991106
43.159 1357829.523 0.104691220
43.008 1360767.168 0.104390096
42.856 1363735.220 0.104087800
42.704 1366733.476 0.103784397
42.551 1369761.734 0.103479953
42.397 1372819.791 0.103174530
42.244 1375907.446 0.102868192
42.089 1379024.495 0.102561003
41.934 1382170.736 0.102253022
41.779 1385345.965 0.101944312
41.623 1388549.980 0.101634933
41.467 1391782.578 0.101324944
41.311 1395043.557 0.101014404
41.154 1398332.713 0.100703372
40.997 1401649.844 0.100391903
40.839 1404994.749 0.100080055
40.682 1408367.224 0.099767883
40.524 1411767.068 0.099455442
40.366 1415194.079 0.099142786
40.208 1418648.057 0.098829967
40.049 1422128.801 0.098517038
39.890 1425636.109 0.098204050
39.732 1429169.784 0.097891054
39.573 1432729.624 0.097578099
39.414 1436315.431 0.097265234
39.254 1439927.006 0.096952508
39.095 1443564.153 0.096639966
38.936 1447226.672 0.096327656
38.777 1450914.369 0.096015622
38.617 1454627.046 0.095703910
38.458 1458364.509 0.095392562
38.299 1462126.562 0.095081622
38.139 1465913.013 0.094771131
37.980 1469723.667 0.094461131
37.821 1473558.332 0.094151662
37.662 1477416.817 0.093842763
37.503 1481298.931 0.093534473
37.344 1485204.483 0.093226829
37.185 1489133.285 0.092919868
37.026 1493085.148 0.092613627
36.868 1497059.886 0.092308140
36.709 1501057.310 0.092003443
36.551 1505077.236 0.091699568
36.393 1509119.480 0.091396549
36.235 1513183.856 0.091094418
36.077 1517270.183 0.090793205
35.920 1521378.279 0.090492942
35.763 1525507.963 0.090193658
35.605 1529659.055 0.089895383
35.449 1533831.376 0.089598144
35.292 1538024.749 0.089301969
35.136 1542238.996 0.089006885
34.980 1546473.943 0.088712917
34.824 1550729.414 0.088420092
34.668 1555005.235 0.088128434
34.513 1559301.235 0.087837966
34.358 1563617.241 0.087548712
34.203 1567953.084 0.087260696
34.049 1572308.594 0.086973938
33.895 1576683.603 0.086688459
33.741 1581077.943 0.086404282
33.588 1585491.449 0.086121425
33.435 1589923.957 0.085839908
33.282 1594375.301 0.085559750
33.130 1598845.320 0.085280969
32.978 1603333.852 0.085003583
32.826 1607840.737 0.084727608
32.675 1612365.815 0.084453062
32.524 1616908.928 0.084179959
32.373 1621469.920 0.083908317
32.223 1626048.634 0.083638148
32.073 1630644.915 0.083369468
31.924 1635258.611 0.083102290
31.774 1639889.568 0.082836628
31.626 1644537.636 0.082572495
31.478 1649202.664 0.082309902
31.330 1653884.503 0.082048862
31.182 1658583.006 0.081789386
31.035 1663298.025 0.081531484
30.888 1668029.415 0.081275168
30.742 1672777.031 0.081020448
30.596 1677540.730 0.080767332
30.451 1682320.370 0.080515830
30.306 1687115.810 0.080265952
30.161 1691926.909 0.080017705
30.017 1696753.529 0.079771097
29.874 1701595.532 0.079526136
29.730 1706452.782 0.079282830
29.587 1711325.142 0.079041184
29.445 1716212.479 0.078801207
29.303 1721114.659 0.078562903
29.161 1726031.550 0.078326280
29.020 1730963.021 0.078091342
28.880 1735908.941 0.077858095
28.739 1740869.182 0.077626543
28.600 1745843.617 0.077396692
28.460 1750832.117 0.077168546
28.321 1755834.558 0.076942109
28.183 1760850.814 0.076717385
28.045 1765880.762 0.076494377
27.907 1770924.281 0.076273089
27.770 1775981.247 0.076053523
27.633 1781051.540 0.075835683
27.497 1786135.042 0.075619572
27.361 1791231.634 0.075405191
27.226 1796341.198 0.075192543
27.091 1801463.619 0.074981630
26.957 1806598.780 0.074772454
26.822 1811746.567 0.074565016
26.689 1816906.868 0.074359318
26.556 1822079.570 0.074155360
26.423 1827264.561 0.073953145
26.291 1832461.731 0.073752672
26.159 1837670.971 0.073553943
26.028 1842892.172 0.073356958
25.897 1848125.227 0.073161718
25.766 1853370.030 0.072968223
25.636 1858626.474 0.072776473
25.507 1863894.456 0.072586468
25.377 1869173.871 0.072398208
25.249 1874464.617 0.072211693
25.120 1879766.592 0.072026923
24.993 1885079.696 0.071843897
24.865 1890403.828 0.071662614
24.738 1895738.888 0.071483075
24.612 1901084.780 0.071305279
24.486 1906441.405 0.071129224
24.360 1911808.668 0.070954911
24.235 1917186.472 0.070782337
24.110 1922574.723 0.070611502
23.986 1927973.327 0.070442406
23.862 1933382.191 0.070275047
23.738 1938801.223 0.070109424
23.615 1944230.332 0.069945535
23.493 1949669.428 0.069783380
23.370 1955118.420 0.069622958
23.249 1960577.220 0.069464266
23.127 1966045.740 0.069307305
23.006 1971523.892 0.069152072
22.886 1977011.591 0.068998566
22.766 1982508.751 0.068846786
22.646 1988015.286 0.068696731
22.527 1993531.113 0.068548399
22.408 1999056.149 0.068401789
22.289 2004590.311 0.068256899
22.171 2010133.517 0.068113729
22.054 2015685.686 0.067972276
21.936 2021246.739 0.067832540
21.820 2026816.595 0.067694520
21.703 2032395.176 0.067558213
21.587 2037982.403 0.067423620
21.472 2043578.200 0.067290738
21.356 2049182.490 0.067159566
21.242 2054795.196 0.067030104
21.127 2060416.244 0.066902350
21.013 2066045.559 0.066776303
20.899 2071683.067 0.066651963
20.786 2077328.696 0.066529328
20.673 2082982.371 0.066408398
20.561 2088644.023 0.066289171
20.449 2094313.578 0.066171647
20.337 2099990.968 0.066055826
20.226 2105676.122 0.065941706
20.115 2111368.970 0.065829287
20.004 2117069.445 0.065718570
