20.023 2109904.364 0.066043331
20.057 2108146.555 0.066077189
20.091 2106406.742 0.066110871
20.125 2104684.970 0.066144372
20.159 2102981.285 0.066177686
20.192 2101295.731 0.066210807
20.225 2099628.352 0.066243729
20.258 2097979.194 0.066276446
20.290 2096348.299 0.066308952
20.322 2094735.712 0.066341240
20.354 2093141.475 0.066373307
20.385 2091565.631 0.066405145
20.416 2090008.222 0.066436748
20.447 2088469.291 0.066468112
20.478 2086948.879 0.066499230
20.508 2085447.027 0.066530097
20.537 2083963.776 0.066560707
20.567 2082499.167 0.066591055
20.596 2081053.239 0.066621135
20.625 2079626.032 0.066650942
20.653 2078217.586 0.066680470
20.681 2076827.939 0.066709714
20.709 2075457.129 0.066738668
20.736 2074105.194 0.066767328
20.763 2072772.173 0.066795687
20.790 2071458.101 0.066823742
20.816 2070163.016 0.066851487
20.842 2068886.953 0.066878916
20.868 2067629.948 0.066906025
20.893 2066392.038 0.066932809
20.918 2065173.255 0.066959262
20.943 2063973.635 0.066985381
20.967 2062793.212 0.067011160
20.991 2061632.018 0.067036594
21.014 2060490.087 0.067061679
21.037 2059367.452 0.067086410
21.060 2058264.143 0.067110783
21.082 2057180.193 0.067134793
21.104 2056115.632 0.067158436
21.126 2055070.491 0.067181707
21.147 2054044.800 0.067204602
21.168 2053038.587 0.067227116
21.189 2052051.883 0.067249247
21.209 2051084.715 0.067270989
21.228 2050137.111 0.067292338
21.248 2049209.099 0.067313291
21.267 2048300.704 0.067333844
21.285 2047411.955 0.067353992
21.303 2046542.875 0.067373733
21.321 2045693.491 0.067393061
21.338 2044863.827 0.067411975
21.355 2044053.907 0.067430470
21.372 2043263.755 0.067448542
21.388 2042493.393 0.067466189
21.404 2041742.844 0.067483407
21.419 2041012.130 0.067500193
21.434 2040301.272 0.067516543
21.449 2039610.290 0.067532455
21.463 2038939.206 0.067547925
21.477 2038288.038 0.067562952
21.490 2037656.806 0.067577531
21.503 2037045.528 0.067591660
21.516 2036454.221 0.067605336
21.528 2035882.903 0.067618557
21.539 2035331.591 0.067631321
21.551 2034800.301 0.067643624
21.562 2034289.048 0.067655465
21.572 2033797.847 0.067666841
21.582 2033326.712 0.067677750
21.592 2032875.657 0.067688191
21.601 2032444.695 0.067698160
21.610 2032033.839 0.067707656
21.618 2031643.101 0.067716677
21.627 2031272.491 0.067725222
21.634 2030922.020 0.067733289
21.641 2030591.699 0.067740876
21.648 2030281.536 0.067747982
21.654 2029991.541 0.067754606
21.660 2029721.722 0.067760745
21.666 2029472.087 0.067766400
21.671 2029242.642 0.067771568
21.676 2029033.394 0.067776249
21.680 2028844.348 0.067780441
21.684 2028675.510 0.067784145
21.687 2028526.884 0.067787359
21.690 2028398.474 0.067790082
21.692 2028290.283 0.067792315
21.695 2028202.314 0.067794056
21.696 2028134.570 0.067795305
21.698 2028087.050 0.067796061
21.698 2028059.756 0.067796326
21.699 2028052.689 0.067796098
21.699 2028065.847 0.067795377
21.698 2028099.230 0.067794164
21.698 2028152.836 0.067792458
21.696 2028226.662 0.067790260
21.695 2028320.706 0.067787571
21.693 2028434.964 0.067784390
21.690 2028569.432 0.067780718
21.687 2028724.104 0.067776557
21.684 2028898.976 0.067771905
21.680 2029094.041 0.067766765
21.676 2029309.292 0.067761138
21.671 2029544.723 0.067755023
21.666 2029800.326 0.067748422
21.661 2030076.091 0.067741337
21.655 2030372.010 0.067733769
21.648 2030688.072 0.067725719
21.642 2031024.268 0.067717187
21.635 2031380.587 0.067708177
21.627 2031757.016 0.067698690
21.619 2032153.544 0.067688726
21.611 2032570.157 0.067678288
21.602 2033006.843 0.067667379
21.593 2033463.588 0.067655999
21.583 2033940.376 0.067644150
21.573 2034437.192 0.067631836
21.562 2034954.021 0.067619058
21.552 2035490.847 0.067605818
21.540 2036047.651 0.067592119
21.529 2036624.417 0.067577963
21.516 2037221.127 0.067563353
21.504 2037837.761 0.067548291
21.491 2038474.301 0.067532780
21.478 2039130.726 0.067516823
21.464 2039807.016 0.067500423
21.450 2040503.150 0.067483582
21.435 2041219.106 0.067466305
21.420 2041954.862 0.067448592
21.405 2042710.395 0.067430449
21.389 2043485.682 0.067411878
21.373 2044280.699 0.067392883
21.357 2045095.422 0.067373466
21.340 2045929.826 0.067353632
21.323 2046783.884 0.067333383
21.305 2047657.572 0.067312725
21.287 2048550.862 0.067291659
21.268 2049463.727 0.067270191
21.250 2050396.140 0.067248323
21.230 2051348.073 0.067226060
21.211 2052319.496 0.067203406
21.191 2053310.380 0.067180364
21.170 2054320.697 0.067156939
21.150 2055350.414 0.067133136
21.128 2056399.502 0.067108957
21.107 2057467.930 0.067084408
21.085 2058555.665 0.067059493
21.063 2059662.676 0.067034217
21.040 2060788.929 0.067008583
21.017 2061934.391 0.066982597
20.994 2063099.029 0.066956262
20.970 2064282.808 0.066929584
20.946 2065485.694 0.066902568
20.922 2066707.652 0.066875218
20.897 2067948.645 0.066847538
20.872 2069208.638 0.066819535
20.846 2070487.595 0.066791212
20.820 2071785.478 0.066762575
20.794 2073102.250 0.066733629
20.768 2074437.873 0.066704379
20.741 2075792.308 0.066674830
20.713 2077165.518 0.066644988
20.686 2078557.463 0.066614856
20.658 2079968.103 0.066584442
20.630 2081397.398 0.066553750
20.601 2082845.309 0.066522785
20.572 2084311.793 0.066491553
20.543 2085796.811 0.066460060
20.513 2087300.320 0.066428311
20.483 2088822.278 0.066396311
20.453 2090362.644 0.066364066
20.422 2091921.374 0.066331582
20.391 2093498.425 0.066298864
20.360 2095093.753 0.066265918
20.329 2096707.316 0.066232750
20.297 2098339.068 0.066199366
20.265 2099988.965 0.066165771
20.232 2101656.962 0.066131971
20.199 2103343.014 0.066097973
20.166 2105047.076 0.066063781
20.133 2106769.101 0.066029403
20.099 2108509.043 0.065994843
20.065 2110266.855 0.065960108
20.031 2112042.491 0.065925205
0.0 0.0 0.0
0.0 0.0 0.0
0.0 0.0 0.0
0.0 0.0 0.0
0.0 0.0 0.0
0.0 0.0 0.0
0.0 0.0 0.0
0.0 0.0 0.0
0.0 0.0 0.0
0.0 0.0 0.0
0.0 0.0 0.0
0.0 0.0 0.0
0.0 0.0 0.0
0.0 0.0 0.0
0.0 0.0 0.0
0.0 0.0 0.0
0.0 0.0 0.0
0.0 0.0 0.0
0.0 0.0 0.0
0.0 0.0 0.0
0.0 0.0 0.0
0.0 0.0 0.0
0.0 0.0 0.0
0.0 0.0 0.0
0.0 0.0 0.0
0.0 0.0 0.0
0.0 0.0 0.0
0.0 0.0 0.0
0.0 0.0 0.0
0.0 0.0 0.0
0.0 0.0 0.0
0.0 0.0 0.0
0.0 0.0 0.0
0.0 0.0 0.0
0.0 0.0 0.0
0.0 0.0 0.0
0.0 0.0 0.0
0.0 0.0 0.0
0.0 0.0 0.0
0.0 0.0 0.0
0.0 0.0 0.0
0.0 0.0 0.0
0.0 0.0 0.0
0.0 0.0 0.0
0.0 0.0 0.0
0.0 0.0 0.0
0.0 0.0 0.0
0.0 0.0 0.0
0.0 0.0 0.0
0.0 0.0 0.0
0.0 0.0 0.0
0.0 0.0 0.0
0.0 0.0 0.0
0.0 0.0 0.0
0.0 0.0 0.0
0.0 0.0 0.0
0.0 0.0 0.0
0.0 0.0 0.0
0.0 0.0 0.0
0.0 0.0 0.0
0.0 0.0 0.0
0.0 0.0 0.0
0.0 0.0 0.0
0.0 0.0 0.0
0.0 0.0 0.0
0.0 0.0 0.0
0.0 0.0 0.0
0.0 0.0 0.0
0.0 0.0 0.0
0.0 0.0 0.0
0.0 0.0 0.0
0.0 0.0 0.0
0.0 0.0 0.0
0.0 0.0 0.0
0.0 0.0 0.0
0.0 0.0 0.0
0.0 0.0 0.0
0.0 0.0 0.0
0.0 0.0 0.0
0.0 0.0 0.0
0.0 0.0 0.0
0.0 0.0 0.0
0.0 0.0 0.0
0.0 0.0 0.0
0.0 0.0 0.0
0.0 0.0 0.0
0.0 0.0 0.0
0.0 0.0 0.0
0.0 0.0 0.0
0.0 0.0 0.0
0.0 0.0 0.0
0.0 0.0 0.0
0.0 0.0 0.0
0.0 0.0 0.0
0.0 0.0 0.0
0.0 0.0 0.0
0.0 0.0 0.0
0.0 0.0 0.0
0.0 0.0 0.0
0.0 0.0 0.0
0.0 0.0 0.0
0.0 0.0 0.0
0.0 0.0 0.0
0.0 0.0 0.0
0.0 0.0 0.0
0.0 0.0 0.0
0.0 0.0 0.0
0.0 0.0 0.0
0.0 0.0 0.0
0.0 0.0 0.0
0.0 0.0 0.0
0.0 0.0 0.0
0.0 0.0 0.0
0.0 0.0 0.0
0.0 0.0 0.0
0.0 0.0 0.0
0.0 0.0 0.0
0.0 0.0 0.0
0.0 0.0 0.0
0.0 0.0 0.0
0.0 0.0 0.0
0.0 0.0 0.0
0.0 0.0 0.0
0.0 0.0 0.0
0.0 0.0 0.0
0.0 0.0 0.0
0.0 0.0 0.0
0.0 0.0 0.0
0.0 0.0 0.0
0.0 0.0 0.0
0.0 0.0 0.0
0.0 0.0 0.0
0.0 0.0 0.0
0.0 0.0 0.0
0.0 0.0 0.0
0.0 0.0 0.0
0.0 0.0 0.0
0.0 0.0 0.0
0.0 0.0 0.0
0.0 0.0 0.0
0.0 0.0 0.0
0.0 0.0 0.0
0.0 0.0 0.0
0.0 0.0 0.0
0.0 0.0 0.0
0.0 0.0 0.0
0.0 0.0 0.0
0.0 0.0 0.0
0.0 0.0 0.0
0.0 0.0 0.0
0.0 0.0 0.0
0.0 0.0 0.0
0.0 0.0 0.0
0.0 0.0 0.0
0.0 0.0 0.0
0.0 0.0 0.0
0.0 0.0 0.0
0.0 0.0 0.0
0.0 0.0 0.0
0.0 0.0 0.0
0.0 0.0 0.0
0.0 0.0 0.0
0.0 0.0 0.0
0.0 0.0 0.0
0.0 0.0 0.0
0.0 0.0 0.0
0.0 0.0 0.0
0.0 0.0 0.0
0.0 0.0 0.0
0.0 0.0 0.0
0.0 0.0 0.0
0.0 0.0 0.0
0.0 0.0 0.0
0.0 0.0 0.0
0.0 0.0 0.0
0.0 0.0 0.0
0.0 0.0 0.0
0.0 0.0 0.0
0.0 0.0 0.0
0.0 0.0 0.0
0.0 0.0 0.0
0.0 0.0 0.0
0.0 0.0 0.0
0.0 0.0 0.0
0.0 0.0 0.0
0.0 0.0 0.0
0.0 0.0 0.0
0.0 0.0 0.0
0.0 0.0 0.0
0.0 0.0 0.0
0.0 0.0 0.0
0.0 0.0 0.0
0.0 0.0 0.0
0.0 0.0 0.0
0.0 0.0 0.0
0.0 0.0 0.0
0.0 0.0 0.0
0.0 0.0 0.0
0.0 0.0 0.0
0.0 0.0 0.0
0.0 0.0 0.0
0.0 0.0 0.0
0.0 0.0 0.0
0.0 0.0 0.0
0.0 0.0 0.0
0.0 0.0 0.0
0.0 0.0 0.0
0.0 0.0 0.0
0.0 0.0 0.0
0.0 0.0 0.0
0.0 0.0 0.0
0.0 0.0 0.0
0.0 0.0 0.0
0.0 0.0 0.0
0.0 0.0 0.0
0.0 0.0 0.0
0.0 0.0 0.0
0.0 0.0 0.0
0.0 0.0 0.0
0.0 0.0 0.0
0.0 0.0 0.0
0.0 0.0 0.0
0.0 0.0 0.0
0.0 0.0 0.0
0.0 0.0 0.0
0.0 0.0 0.0
0.0 0.0 0.0
0.0 0.0 0.0
0.0 0.0 0.0
0.0 0.0 0.0
0.0 0.0 0.0
0.0 0.0 0.0
0.0 0.0 0.0
0.0 0.0 0.0
0.0 0.0 0.0
0.0 0.0 0.0
0.0 0.0 0.0
0.0 0.0 0.0
0.0 0.0 0.0
0.0 0.0 0.0
0.0 0.0 0.0
0.0 0.0 0.0
0.0 0.0 0.0
0.0 0.0 0.0
0.0 0.0 0.0
0.0 0.0 0.0
0.0 0.0 0.0
0.0 0.0 0.0
0.0 0.0 0.0
0.0 0.0 0.0
0.0 0.0 0.0
0.0 0.0 0.0
0.0 0.0 0.0
0.0 0.0 0.0
0.0 0.0 0.0
0.0 0.0 0.0
0.0 0.0 0.0
0.0 0.0 0.0
0.0 0.0 0.0
0.0 0.0 0.0
0.0 0.0 0.0
0.0 0.0 0.0
0.0 0.0 0.0
0.0 0.0 0.0
0.0 0.0 0.0
0.0 0.0 0.0
0.0 0.0 0.0
0.0 0.0 0.0
0.0 0.0 0.0
0.0 0.0 0.0
0.0 0.0 0.0
0.0 0.0 0.0
0.0 0.0 0.0
0.0 0.0 0.0
0.0 0.0 0.0
0.0 0.0 0.0
0.0 0.0 0.0
0.0 0.0 0.0
0.0 0.0 0.0
0.0 0.0 0.0
0.0 0.0 0.0
0.0 0.0 0.0
0.0 0.0 0.0
0.0 0.0 0.0
0.0 0.0 0.0
0.0 0.0 0.0
0.0 0.0 0.0
0.0 0.0 0.0
0.0 0.0 0.0
0.0 0.0 0.0
0.0 0.0 0.0
0.0 0.0 0.0
0.0 0.0 0.0
0.0 0.0 0.0
0.0 0.0 0.0
0.0 0.0 0.0
0.0 0.0 0.0
0.0 0.0 0.0
0.0 0.0 0.0
0.0 0.0 0.0
0.0 0.0 0.0
0.0 0.0 0.0
0.0 0.0 0.0
0.0 0.0 0.0
0.0 0.0 0.0
0.0 0.0 0.0
0.0 0.0 0.0
0.0 0.0 0.0
0.0 0.0 0.0
0.0 0.0 0.0
0.0 0.0 0.0
0.0 0.0 0.0
0.0 0.0 0.0
0.0 0.0 0.0
0.0 0.0 0.0
0.0 0.0 0.0
0.0 0.0 0.0
0.0 0.0 0.0
0.0 0.0 0.0
0.0 0.0 0.0
0.0 0.0 0.0
0.0 0.0 0.0
0.0 0.0 0.0
0.0 0.0 0.0
0.0 0.0 0.0
0.0 0.0 0.0
0.0 0.0 0.0
0.0 0.0 0.0
0.0 0.0 0.0
0.0 0.0 0.0
0.0 0.0 0.0
0.0 0.0 0.0
0.0 0.0 0.0
0.0 0.0 0.0
0.0 0.0 0.0
0.0 0.0 0.0
0.0 0.0 0.0
0.0 0.0 0.0
0.0 0.0 0.0
0.0 0.0 0.0
0.0 0.0 0.0
0.0 0.0 0.0
0.0 0.0 0.0
0.0 0.0 0.0
0.0 0.0 0.0
0.0 0.0 0.0
0.0 0.0 0.0
0.0 0.0 0.0
0.0 0.0 0.0
0.0 0.0 0.0
0.0 0.0 0.0
0.0 0.0 0.0
0.0 0.0 0.0
0.0 0.0 0.0
0.0 0.0 0.0
0.0 0.0 0.0
0.0 0.0 0.0
0.0 0.0 0.0
0.0 0.0 0.0
0.0 0.0 0.0
0.0 0.0 0.0
0.0 0.0 0.0
0.0 0.0 0.0
0.0 0.0 0.0
0.0 0.0 0.0
0.0 0.0 0.0
0.0 0.0 0.0
0.0 0.0 0.0
0.0 0.0 0.0
0.0 0.0 0.0
0.0 0.0 0.0
0.0 0.0 0.0
0.0 0.0 0.0
0.0 0.0 0.0
0.0 0.0 0.0
0.0 0.0 0.0
0.0 0.0 0.0
0.0 0.0 0.0
0.0 0.0 0.0
0.0 0.0 0.0
0.0 0.0 0.0
0.0 0.0 0.0
0.0 0.0 0.0
0.0 0.0 0.0
0.0 0.0 0.0
0.0 0.0 0.0
0.0 0.0 0.0
0.0 0.0 0.0
0.0 0.0 0.0
0.0 0.0 0.0
0.0 0.0 0.0
0.0 0.0 0.0
0.0 0.0 0.0
0.0 0.0 0.0
0.0 0.0 0.0
0.0 0.0 0.0
0.0 0.0 0.0
0.0 0.0 0.0
0.0 0.0 0.0
0.0 0.0 0.0
0.0 0.0 0.0
0.0 0.0 0.0
0.0 0.0 0.0
0.0 0.0 0.0
0.0 0.0 0.0
0.0 0.0 0.0
0.0 0.0 0.0
0.0 0.0 0.0
0.0 0.0 0.0
0.0 0.0 0.0
0.0 0.0 0.0
0.0 0.0 0.0
0.0 0.0 0.0
0.0 0.0 0.0
0.0 0.0 0.0
0.0 0.0 0.0
0.0 0.0 0.0
0.0 0.0 0.0
0.0 0.0 0.0
0.0 0.0 0.0
0.0 0.0 0.0
0.0 0.0 0.0
0.0 0.0 0.0
0.0 0.0 0.0
0.0 0.0 0.0
0.0 0.0 0.0
0.0 0.0 0.0
0.0 0.0 0.0
0.0 0.0 0.0
0.0 0.0 0.0
0.0 0.0 0.0
0.0 0.0 0.0
0.0 0.0 0.0
0.0 0.0 0.0
0.0 0.0 0.0
0.0 0.0 0.0
0.0 0.0 0.0
0.0 0.0 0.0
0.0 0.0 0.0
0.0 0.0 0.0
0.0 0.0 0.0
0.0 0.0 0.0
0.0 0.0 0.0
0.0 0.0 0.0
0.0 0.0 0.0
0.0 0.0 0.0
0.0 0.0 0.0
0.0 0.0 0.0
0.0 0.0 0.0
0.0 0.0 0.0
0.0 0.0 0.0
0.0 0.0 0.0
0.0 0.0 0.0
0.0 0.0 0.0
0.0 0.0 0.0
0.0 0.0 0.0
0.0 0.0 0.0
0.0 0.0 0.0
0.0 0.0 0.0
0.0 0.0 0.0
0.0 0.0 0.0
0.0 0.0 0.0
0.0 0.0 0.0
0.0 0.0 0.0
0.0 0.0 0.0
0.0 0.0 0.0
0.0 0.0 0.0
0.0 0.0 0.0
0.0 0.0 0.0
0.0 0.0 0.0
0.0 0.0 0.0
0.0 0.0 0.0
0.0 0.0 0.0
0.0 0.0 0.0
0.0 0.0 0.0
0.0 0.0 0.0
0.0 0.0 0.0
0.0 0.0 0.0
0.0 0.0 0.0
0.0 0.0 0.0
0.0 0.0 0.0
0.0 0.0 0.0
0.0 0.0 0.0
0.0 0.0 0.0
0.0 0.0 0.0
0.0 0.0 0.0
0.0 0.0 0.0
0.0 0.0 0.0
0.0 0.0 0.0
0.0 0.0 0.0
0.0 0.0 0.0
0.0 0.0 0.0
0.0 0.0 0.0
0.0 0.0 0.0
0.0 0.0 0.0
0.0 0.0 0.0
0.0 0.0 0.0
0.0 0.0 0.0
0.0 0.0 0.0
0.0 0.0 0.0
0.0 0.0 0.0
0.0 0.0 0.0
0.0 0.0 0.0
0.0 0.0 0.0
0.0 0.0 0.0
0.0 0.0 0.0
0.0 0.0 0.0
0.0 0.0 0.0
0.0 0.0 0.0
0.0 0.0 0.0
0.0 0.0 0.0
0.0 0.0 0.0
0.0 0.0 0.0
0.0 0.0 0.0
0.0 0.0 0.0
0.0 0.0 0.0
0.0 0.0 0.0
0.0 0.0 0.0
0.0 0.0 0.0
0.0 0.0 0.0
0.0 0.0 0.0
0.0 0.0 0.0
0.0 0.0 0.0
0.0 0.0 0.0
0.0 0.0 0.0
0.0 0.0 0.0
0.0 0.0 0.0
0.0 0.0 0.0
0.0 0.0 0.0
0.0 0.0 0.0
0.0 0.0 0.0
0.0 0.0 0.0
0.0 0.0 0.0
0.0 0.0 0.0
0.0 0.0 0.0
0.0 0.0 0.0
0.0 0.0 0.0
0.0 0.0 0.0
0.0 0.0 0.0
0.0 0.0 0.0
0.0 0.0 0.0
0.0 0.0 0.0
0.0 0.0 0.0
0.0 0.0 0.0
0.0 0.0 0.0
0.0 0.0 0.0
0.0 0.0 0.0
0.0 0.0 0.0
0.0 0.0 0.0
0.0 0.0 0.0
0.0 0.0 0.0
0.0 0.0 0.0
0.0 0.0 0.0
0.0 0.0 0.0
0.0 0.0 0.0
0.0 0.0 0.0
0.0 0.0 0.0
0.0 0.0 0.0
0.0 0.0 0.0
0.0 0.0 0.0
0.0 0.0 0.0
0.0 0.0 0.0
0.0 0.0 0.0
0.0 0.0 0.0
0.0 0.0 0.0
0.0 0.0 0.0
0.0 0.0 0.0
0.0 0.0 0.0
0.0 0.0 0.0
0.0 0.0 0.0
0.0 0.0 0.0
0.0 0.0 0.0
0.0 0.0 0.0
0.0 0.0 0.0
0.0 0.0 0.0
0.0 0.0 0.0
0.0 0.0 0.0
0.0 0.0 0.0
0.0 0.0 0.0
0.0 0.0 0.0
0.0 0.0 0.0
0.0 0.0 0.0
0.0 0.0 0.0
0.0 0.0 0.0
0.0 0.0 0.0
0.0 0.0 0.0
0.0 0.0 0.0
0.0 0.0 0.0
0.0 0.0 0.0
0.0 0.0 0.0
0.0 0.0 0.0
0.0 0.0 0.0
0.0 0.0 0.0
0.0 0.0 0.0
0.0 0.0 0.0
0.0 0.0 0.0
0.0 0.0 0.0
0.0 0.0 0.0
0.0 0.0 0.0
0.0 0.0 0.0
0.0 0.0 0.0
0.0 0.0 0.0
0.0 0.0 0.0
0.0 0.0 0.0
0.0 0.0 0.0
0.0 0.0 0.0
0.0 0.0 0.0
0.0 0.0 0.0
0.0 0.0 0.0
0.0 0.0 0.0
0.0 0.0 0.0
0.0 0.0 0.0
0.0 0.0 0.0
0.0 0.0 0.0
0.0 0.0 0.0
0.0 0.0 0.0
0.0 0.0 0.0
0.0 0.0 0.0
0.0 0.0 0.0
0.0 0.0 0.0
0.0 0.0 0.0
0.0 0.0 0.0
0.0 0.0 0.0
0.0 0.0 0.0
0.0 0.0 0.0
0.0 0.0 0.0
0.0 0.0 0.0
0.0 0.0 0.0
0.0 0.0 0.0
0.0 0.0 0.0
0.0 0.0 0.0
0.0 0.0 0.0
0.0 0.0 0.0
0.0 0.0 0.0
0.0 0.0 0.0
0.0 0.0 0.0
0.0 0.0 0.0
0.0 0.0 0.0
0.0 0.0 0.0
0.0 0.0 0.0
0.0 0.0 0.0
0.0 0.0 0.0
0.0 0.0 0.0
0.0 0.0 0.0
0.0 0.0 0.0
0.0 0.0 0.0
0.0 0.0 0.0
0.0 0.0 0.0
0.0 0.0 0.0
0.0 0.0 0.0
0.0 0.0 0.0
0.0 0.0 0.0
0.0 0.0 0.0
0.0 0.0 0.0
0.0 0.0 0.0
0.0 0.0 0.0
0.0 0.0 0.0
0.0 0.0 0.0
0.0 0.0 0.0
0.0 0.0 0.0
0.0 0.0 0.0
0.0 0.0 0.0
0.0 0.0 0.0
0.0 0.0 0.0
0.0 0.0 0.0
0.0 0.0 0.0
0.0 0.0 0.0
0.0 0.0 0.0
0.0 0.0 0.0
0.0 0.0 0.0
0.0 0.0 0.0
0.0 0.0 0.0
0.0 0.0 0.0
0.0 0.0 0.0
0.0 0.0 0.0
0.0 0.0 0.0
0.0 0.0 0.0
0.0 0.0 0.0
0.0 0.0 0.0
0.0 0.0 0.0
0.0 0.0 0.0
0.0 0.0 0.0
0.0 0.0 0.0
0.0 0.0 0.0
0.0 0.0 0.0
0.0 0.0 0.0
0.0 0.0 0.0
0.0 0.0 0.0
0.0 0.0 0.0
0.0 0.0 0.0
0.0 0.0 0.0
0.0 0.0 0.0
0.0 0.0 0.0
0.0 0.0 0.0
0.0 0.0 0.0
0.0 0.0 0.0
0.0 0.0 0.0
0.0 0.0 0.0
0.0 0.0 0.0
0.0 0.0 0.0
0.0 0.0 0.0
0.0 0.0 0.0
0.0 0.0 0.0
0.0 0.0 0.0
0.0 0.0 0.0
0.0 0.0 0.0
0.0 0.0 0.0
0.0 0.0 0.0
0.0 0.0 0.0
0.0 0.0 0.0
0.0 0.0 0.0
0.0 0.0 0.0
0.0 0.0 0.0
0.0 0.0 0.0
0.0 0.0 0.0
0.0 0.0 0.0
0.0 0.0 0.0
0.0 0.0 0.0
0.0 0.0 0.0
0.0 0.0 0.0
0.0 0.0 0.0
0.0 0.0 0.0
0.0 0.0 0.0
0.0 0.0 0.0
0.0 0.0 0.0
0.0 0.0 0.0
0.0 0.0 0.0
0.0 0.0 0.0
0.0 0.0 0.0
0.0 0.0 0.0
0.0 0.0 0.0
0.0 0.0 0.0
0.0 0.0 0.0
0.0 0.0 0.0
0.0 0.0 0.0
0.0 0.0 0.0
0.0 0.0 0.0
0.0 0.0 0.0
0.0 0.0 0.0
0.0 0.0 0.0
0.0 0.0 0.0
0.0 0.0 0.0
0.0 0.0 0.0
0.0 0.0 0.0
0.0 0.0 0.0
0.0 0.0 0.0
0.0 0.0 0.0
0.0 0.0 0.0
0.0 0.0 0.0
0.0 0.0 0.0
0.0 0.0 0.0
0.0 0.0 0.0
0.0 0.0 0.0
0.0 0.0 0.0
0.0 0.0 0.0
0.0 0.0 0.0
0.0 0.0 0.0
0.0 0.0 0.0
0.0 0.0 0.0
0.0 0.0 0.0
0.0 0.0 0.0
0.0 0.0 0.0
0.0 0.0 0.0
0.0 0.0 0.0
0.0 0.0 0.0
0.0 0.0 0.0
0.0 0.0 0.0
0.0 0.0 0.0
0.0 0.0 0.0
0.0 0.0 0.0
0.0 0.0 0.0
0.0 0.0 0.0
0.0 0.0 0.0
0.0 0.0 0.0
0.0 0.0 0.0
0.0 0.0 0.0
0.0 0.0 0.0
0.0 0.0 0.0
0.0 0.0 0.0
0.0 0.0 0.0
0.0 0.0 0.0
0.0 0.0 0.0
0.0 0.0 0.0
0.0 0.0 0.0
0.0 0.0 0.0
0.0 0.0 0.0
0.0 0.0 0.0
0.0 0.0 0.0
0.0 0.0 0.0
0.0 0.0 0.0
0.0 0.0 0.0
0.0 0.0 0.0
0.0 0.0 0.0
0.0 0.0 0.0
0.0 0.0 0.0
0.0 0.0 0.0
0.0 0.0 0.0
0.0 0.0 0.0
0.0 0.0 0.0
0.0 0.0 0.0
0.0 0.0 0.0
0.0 0.0 0.0
0.0 0.0 0.0
0.0 0.0 0.0
0.0 0.0 0.0
0.0 0.0 0.0
0.0 0.0 0.0
0.0 0.0 0.0
0.0 0.0 0.0
0.0 0.0 0.0
0.0 0.0 0.0
0.0 0.0 0.0
0.0 0.0 0.0
0.0 0.0 0.0
0.0 0.0 0.0
0.0 0.0 0.0
0.0 0.0 0.0
0.0 0.0 0.0
0.0 0.0 0.0
0.0 0.0 0.0
0.0 0.0 0.0
0.0 0.0 0.0
0.0 0.0 0.0
0.0 0.0 0.0
0.0 0.0 0.0
0.0 0.0 0.0
0.0 0.0 0.0
0.0 0.0 0.0
0.0 0.0 0.0
0.0 0.0 0.0
0.0 0.0 0.0
0.0 0.0 0.0
0.0 0.0 0.0
0.0 0.0 0.0
0.0 0.0 0.0
0.0 0.0 0.0
0.0 0.0 0.0
0.0 0.0 0.0
0.0 0.0 0.0
0.0 0.0 0.0
0.0 0.0 0.0
0.0 0.0 0.0
0.0 0.0 0.0
0.0 0.0 0.0
0.0 0.0 0.0
0.0 0.0 0.0
0.0 0.0 0.0
0.0 0.0 0.0
0.0 0.0 0.0
0.0 0.0 0.0
0.0 0.0 0.0
0.0 0.0 0.0
0.0 0.0 0.0
0.0 0.0 0.0
0.0 0.0 0.0
0.0 0.0 0.0
0.0 0.0 0.0
0.0 0.0 0.0
0.0 0.0 0.0
0.0 0.0 0.0
0.0 0.0 0.0
0.0 0.0 0.0
0.0 0.0 0.0
0.0 0.0 0.0
0.0 0.0 0.0
0.0 0.0 0.0
0.0 0.0 0.0
0.0 0.0 0.0
0.0 0.0 0.0
0.0 0.0 0.0
0.0 0.0 0.0
0.0 0.0 0.0
0.0 0.0 0.0
0.0 0.0 0.0
0.0 0.0 0.0
0.0 0.0 0.0
0.0 0.0 0.0
0.0 0.0 0.0
0.0 0.0 0.0
0.0 0.0 0.0
0.0 0.0 0.0
0.0 0.0 0.0
0.0 0.0 0.0
0.0 0.0 0.0
0.0 0.0 0.0
0.0 0.0 0.0
0.0 0.0 0.0
0.0 0.0 0.0
0.0 0.0 0.0
0.0 0.0 0.0
0.0 0.0 0.0
0.0 0.0 0.0
0.0 0.0 0.0
0.0 0.0 0.0
0.0 0.0 0.0
0.0 0.0 0.0
0.0 0.0 0.0
0.0 0.0 0.0
0.0 0.0 0.0
0.0 0.0 0.0
0.0 0.0 0.0
0.0 0.0 0.0
0.0 0.0 0.0
0.0 0.0 0.0
0.0 0.0 0.0
0.0 0.0 0.0
0.0 0.0 0.0
0.0 0.0 0.0
0.0 0.0 0.0
0.0 0.0 0.0
0.0 0.0 0.0
0.0 0.0 0.0
0.0 0.0 0.0
0.0 0.0 0.0
0.0 0.0 0.0
0.0 0.0 0.0
0.0 0.0 0.0
0.0 0.0 0.0
0.0 0.0 0.0
0.0 0.0 0.0
0.0 0.0 0.0
0.0 0.0 0.0
0.0 0.0 0.0
0.0 0.0 0.0
0.0 0.0 0.0
0.0 0.0 0.0
0.0 0.0 0.0
0.0 0.0 0.0
0.0 0.0 0.0
0.0 0.0 0.0
0.0 0.0 0.0
0.0 0.0 0.0
0.0 0.0 0.0
0.0 0.0 0.0
0.0 0.0 0.0
0.0 0.0 0.0
0.0 0.0 0.0
0.0 0.0 0.0
0.0 0.0 0.0
0.0 0.0 0.0
0.0 0.0 0.0
0.0 0.0 0.0
0.0 0.0 0.0
0.0 0.0 0.0
0.0 0.0 0.0
0.0 0.0 0.0
0.0 0.0 0.0
0.0 0.0 0.0
0.0 0.0 0.0
0.0 0.0 0.0
0.0 0.0 0.0
0.0 0.0 0.0
0.0 0.0 0.0
0.0 0.0 0.0
0.0 0.0 0.0
0.0 0.0 0.0
0.0 0.0 0.0
0.0 0.0 0.0
0.0 0.0 0.0
0.0 0.0 0.0
0.0 0.0 0.0
0.0 0.0 0.0
0.0 0.0 0.0
0.0 0.0 0.0
0.0 0.0 0.0
0.0 0.0 0.0
0.0 0.0 0.0
0.0 0.0 0.0
0.0 0.0 0.0
0.0 0.0 0.0
0.0 0.0 0.0
0.0 0.0 0.0
0.0 0.0 0.0
0.0 0.0 0.0
0.0 0.0 0.0
0.0 0.0 0.0
0.0 0.0 0.0
0.0 0.0 0.0
0.0 0.0 0.0
0.0 0.0 0.0
0.0 0.0 0.0
0.0 0.0 0.0
0.0 0.0 0.0
0.0 0.0 0.0
0.0 0.0 0.0
0.0 0.0 0.0
0.0 0.0 0.0
0.0 0.0 0.0
0.0 0.0 0.0
0.0 0.0 0.0
0.0 0.0 0.0
0.0 0.0 0.0
0.0 0.0 0.0
0.0 0.0 0.0
0.0 0.0 0.0
0.0 0.0 0.0
0.0 0.0 0.0
0.0 0.0 0.0
0.0 0.0 0.0
0.0 0.0 0.0
0.0 0.0 0.0
0.0 0.0 0.0
0.0 0.0 0.0
0.0 0.0 0.0
0.0 0.0 0.0
0.0 0.0 0.0
0.0 0.0 0.0
0.0 0.0 0.0
0.0 0.0 0.0
0.0 0.0 0.0
0.0 0.0 0.0
0.0 0.0 0.0
0.0 0.0 0.0
0.0 0.0 0.0
0.0 0.0 0.0
0.0 0.0 0.0
0.0 0.0 0.0
0.0 0.0 0.0
0.0 0.0 0.0
0.0 0.0 0.0
0.0 0.0 0.0
0.0 0.0 0.0
0.0 0.0 0.0
0.0 0.0 0.0
0.0 0.0 0.0
0.0 0.0 0.0
0.0 0.0 0.0
0.0 0.0 0.0
0.0 0.0 0.0
0.0 0.0 0.0
0.0 0.0 0.0
0.0 0.0 0.0
0.0 0.0 0.0
0.0 0.0 0.0
0.0 0.0 0.0
0.0 0.0 0.0
0.0 0.0 0.0
0.0 0.0 0.0
0.0 0.0 0.0
0.0 0.0 0.0
0.0 0.0 0.0
0.0 0.0 0.0
0.0 0.0 0.0
0.0 0.0 0.0
0.0 0.0 0.0
0.0 0.0 0.0
0.0 0.0 0.0
0.0 0.0 0.0
0.0 0.0 0.0
0.0 0.0 0.0
0.0 0.0 0.0
0.0 0.0 0.0
0.0 0.0 0.0
0.0 0.0 0.0
0.0 0.0 0.0
0.0 0.0 0.0
0.0 0.0 0.0
0.0 0.0 0.0
0.0 0.0 0.0
0.0 0.0 0.0
0.0 0.0 0.0
0.0 0.0 0.0
0.0 0.0 0.0
0.0 0.0 0.0
0.0 0.0 0.0
0.0 0.0 0.0
0.0 0.0 0.0
0.0 0.0 0.0
0.0 0.0 0.0
0.0 0.0 0.0
0.0 0.0 0.0
0.0 0.0 0.0
0.0 0.0 0.0
0.0 0.0 0.0
0.0 0.0 0.0
0.0 0.0 0.0
0.0 0.0 0.0
0.0 0.0 0.0
0.0 0.0 0.0
0.0 0.0 0.0
0.0 0.0 0.0
0.0 0.0 0.0
0.0 0.0 0.0
0.0 0.0 0.0
0.0 0.0 0.0
0.0 0.0 0.0
0.0 0.0 0.0
0.0 0.0 0.0
0.0 0.0 0.0
0.0 0.0 0.0
0.0 0.0 0.0
0.0 0.0 0.0
0.0 0.0 0.0
0.0 0.0 0.0
0.0 0.0 0.0
0.0 0.0 0.0
0.0 0.0 0.0
0.0 0.0 0.0
0.0 0.0 0.0
0.0 0.0 0.0
0.0 0.0 0.0
0.0 0.0 0.0
0.0 0.0 0.0
0.0 0.0 0.0
0.0 0.0 0.0
0.0 0.0 0.0
0.0 0.0 0.0
0.0 0.0 0.0
0.0 0.0 0.0
0.0 0.0 0.0
0.0 0.0 0.0
0.0 0.0 0.0
0.0 0.0 0.0
0.0 0.0 0.0
0.0 0.0 0.0
0.0 0.0 0.0
0.0 0.0 0.0
0.0 0.0 0.0
0.0 0.0 0.0
0.0 0.0 0.0
0.0 0.0 0.0
0.0 0.0 0.0
0.0 0.0 0.0
0.0 0.0 0.0
0.0 0.0 0.0
0.0 0.0 0.0
0.0 0.0 0.0
0.0 0.0 0.0
0.0 0.0 0.0
0.0 0.0 0.0
0.0 0.0 0.0
0.0 0.0 0.0
0.0 0.0 0.0
0.0 0.0 0.0
0.0 0.0 0.0
0.0 0.0 0.0
0.0 0.0 0.0
0.0 0.0 0.0
0.0 0.0 0.0
0.0 0.0 0.0
0.0 0.0 0.0
0.0 0.0 0.0
0.0 0.0 0.0
0.0 0.0 0.0
0.0 0.0 0.0
0.0 0.0 0.0
0.0 0.0 0.0
0.0 0.0 0.0
0.0 0.0 0.0
0.0 0.0 0.0
0.0 0.0 0.0
0.0 0.0 0.0
0.0 0.0 0.0
0.0 0.0 0.0
0.0 0.0 0.0
0.0 0.0 0.0
0.0 0.0 0.0
0.0 0.0 0.0
0.0 0.0 0.0
0.0 0.0 0.0
0.0 0.0 0.0
0.0 0.0 0.0
0.0 0.0 0.0
0.0 0.0 0.0
0.0 0.0 0.0
0.0 0.0 0.0
0.0 0.0 0.0
0.0 0.0 0.0
0.0 0.0 0.0
0.0 0.0 0.0
0.0 0.0 0.0
0.0 0.0 0.0
0.0 0.0 0.0
0.0 0.0 0.0
0.0 0.0 0.0
0.0 0.0 0.0
0.0 0.0 0.0
0.0 0.0 0.0
0.0 0.0 0.0
0.0 0.0 0.0
0.0 0.0 0.0
0.0 0.0 0.0
0.0 0.0 0.0
0.0 0.0 0.0
0.0 0.0 0.0
0.0 0.0 0.0
0.0 0.0 0.0
0.0 0.0 0.0
0.0 0.0 0.0
5332242.021 0.008
5319981.969 0.008
5307720.831 0.008
5295458.650 0.008
5283195.468 0.008
5270931.326 0.008
5258666.267 0.008
5246400.333 0.009
5234133.567 0.009
5221866.012 0.009
5209597.712 0.009
5197328.711 0.009
5185059.052 0.009
5172788.781 0.009
5160517.941 0.009
5148246.577 0.009
5135974.736 0.009
5123702.462 0.009
5111429.801 0.009
5099156.800 0.009
5086883.506 0.009
5074609.964 0.009
5062336.224 0.009
5050062.331 0.009
5037788.334 0.009
5025514.282 0.009
5013240.223 0.009
5000966.206 0.009
4988692.280 0.009
4976418.495 0.009
4964144.902 0.010
4951871.550 0.010
4939598.491 0.010
4927325.776 0.010
4915053.456 0.010
4902781.584 0.010
4890510.212 0.010
4878239.393 0.010
4865969.179 0.010
4853699.626 0.010
4841430.786 0.010
4829162.714 0.010
4816895.465 0.010
4804629.095 0.010
4792363.659 0.010
4780099.214 0.010
4767835.816 0.010
4755573.522 0.010
4743312.390 0.010
4731052.478 0.010
4718793.844 0.011
4706536.548 0.011
4694280.649 0.011
4682026.207 0.011
4669773.282 0.011
4657521.936 0.011
4645272.230 0.011
4633024.225 0.011
4620777.985 0.011
4608533.572 0.011
4596291.049 0.011
4584050.482 0.011
4571811.935 0.011
4559575.473 0.011
4547341.161 0.011
4535109.066 0.011
4522879.255 0.011
4510651.795 0.012
4498426.755 0.012
4486204.203 0.012
4473984.208 0.012
4461766.841 0.012
4449552.171 0.012
4437340.270 0.012
4425131.210 0.012
4412925.062 0.012
4400721.901 0.012
4388521.800 0.012
4376324.832 0.012
4364131.074 0.012
4351940.601 0.012
4339753.489 0.012
4327569.816 0.012
4315389.659 0.013
4303213.097 0.013
4291040.210 0.013
4278871.077 0.013
4266705.778 0.013
4254544.397 0.013
4242387.014 0.013
4230233.714 0.013
4218084.579 0.013
4205939.696 0.013
4193799.148 0.013
4181663.023 0.013
4169531.407 0.013
4157404.390 0.014
4145282.058 0.014
4133164.503 0.014
4121051.815 0.014
4108944.085 0.014
4096841.406 0.014
4084743.871 0.014
4072651.575 0.014
4060564.611 0.014
4048483.078 0.014
4036407.071 0.014
4024336.688 0.014
4012272.030 0.015
4000213.195 0.015
3988160.286 0.015
3976113.403 0.015
3964072.650 0.015
3952038.132 0.015
3940009.953 0.015
3927988.220 0.015
3915973.041 0.015
3903964.524 0.015
3891962.778 0.015
3879967.915 0.016
3867980.047 0.016
3855999.286 0.016
3844025.748 0.016
3832059.548 0.016
3820100.802 0.016
3808149.628 0.016
3796206.147 0.016
3784270.479 0.016
3772342.745 0.016
3760423.069 0.017
3748511.575 0.017
3736608.390 0.017
3724713.640 0.017
3712827.455 0.017
3700949.963 0.017
3689081.298 0.017
3677221.592 0.017
3665370.978 0.017
3653529.594 0.017
3641697.576 0.018
3629875.064 0.018
3618062.198 0.018
3606259.120 0.018
3594465.973 0.018
3582682.904 0.018
3570910.058 0.018
3559147.585 0.018
3547395.635 0.019
3535654.359 0.019
3523923.912 0.019
3512204.448 0.019
3500496.126 0.019
3488799.103 0.019
3477113.542 0.019
3465439.604 0.019
3453777.454 0.020
3442127.259 0.020
3430489.187 0.020
3418863.409 0.020
3407250.096 0.020
3395649.424 0.020
3384061.569 0.020
3372486.709 0.020
3360925.024 0.021
3349376.698 0.021
3337841.916 0.021
3326320.864 0.021
3314813.732 0.021
3303320.711 0.021
3291841.995 0.021
3280377.781 0.022
3268928.266 0.022
3257493.652 0.022
3246074.142 0.022
3234669.941 0.022
3223281.257 0.022
3211908.302 0.023
3200551.289 0.023
3189210.433 0.023
3177885.952 0.023
3166578.068 0.023
3155287.004 0.023
3144012.987 0.024
3132756.247 0.024
3121517.014 0.024
3110295.524 0.024
3099092.014 0.024
3087906.725 0.024
3076739.901 0.025
3065591.788 0.025
3054462.635 0.025
3043352.695 0.025
3032262.224 0.025
3021191.481 0.025
3010140.727 0.026
2999110.228 0.026
2988100.252 0.026
2977111.071 0.026
2966142.960 0.026
2955196.198 0.027
2944271.067 0.027
2933367.851 0.027
2922486.841 0.027
2911628.328 0.027
2900792.609 0.028
2889979.983 0.028
2879190.754 0.028
2868425.229 0.028
2857683.720 0.028
2846966.540 0.029
2836274.009 0.029
2825606.450 0.029
2814964.188 0.029
2804347.556 0.029
2793756.886 0.030
2783192.518 0.030
2772654.796 0.030
2762144.066 0.030
2751660.679 0.031
2741204.992 0.031
2730777.364 0.031
2720378.160 0.031
2710007.749 0.032
2699666.503 0.032
2689354.802 0.032
2679073.026 0.032
2668821.565 0.032
2658600.808 0.033
2648411.153 0.033
2638253.000 0.033
2628126.756 0.033
2618032.832 0.034
2607971.643 0.034
2597943.609 0.034
2587949.158 0.035
2577988.718 0.035
2568062.725 0.035
2558171.622 0.035
2548315.852 0.036
2538495.868 0.036
2528712.125 0.036
2518965.085 0.036
2509255.215 0.037
2499582.987 0.037
2489948.878 0.037
2480353.371 0.038
2470796.954 0.038
2461280.121 0.038
2451803.371 0.038
2442367.208 0.039
2432972.142 0.039
2423618.690 0.039
2414307.371 0.040
2405038.714 0.040
2395813.249 0.040
2386631.515 0.040
2377494.056 0.041
2368401.419 0.041
2359354.161 0.041
2350352.841 0.042
2341398.025 0.042
2332490.284 0.042
2323630.196 0.043
2314818.343 0.043
2306055.314 0.043
2297341.702 0.044
2288678.107 0.044
2280065.133 0.044
2271503.391 0.045
2262993.497 0.045
2254536.071 0.045
2246131.741 0.046
2237781.137 0.046
2229484.899 0.046
2221243.666 0.047
2213058.089 0.047
2204928.817 0.047
2196856.511 0.048
2188841.831 0.048
2180885.446 0.048
2172988.027 0.049
2165150.252 0.049
2157372.802 0.049
2149656.363 0.050
2142001.625 0.050
2134409.282 0.050
2126880.034 0.051
2119414.582 0.051
2112013.634 0.051
2104677.898 0.052
2097408.090 0.052
2090204.925 0.052
2083069.125 0.053
2076001.411 0.053
2069002.511 0.053
2062073.153 0.054
2055214.068 0.054
2048425.990 0.055
2041709.653 0.055
2035065.795 0.055
2028495.156 0.056
2021998.474 0.056
2015576.491 0.056
2009229.949 0.057
2002959.590 0.057
1996766.158 0.057
1990650.395 0.058
1984613.044 0.058
1978654.846 0.058
1972776.542 0.059
1966978.873 0.059
1961262.576 0.059
1955628.389 0.060
1950077.044 0.060
1944609.275 0.060
1939225.809 0.061
1933927.372 0.061
1928714.687 0.061
1923588.471 0.062
1918549.437 0.062
1913598.295 0.062
1908735.749 0.063
1903962.496 0.063
1899279.229 0.063
1894686.634 0.063
1890185.391 0.064
1885776.170 0.064
1881459.638 0.064
1877236.450 0.065
1873107.255 0.065
1869072.692 0.065
1865133.392 0.065
1861289.974 0.066
1857543.051 0.066
1853893.221 0.066
1850341.074 0.066
1846887.187 0.067
1843532.127 0.067
1840276.447 0.067
1837120.690 0.067
1834065.383 0.068
1831111.041 0.068
1828258.165 0.068
1825507.244 0.068
1822858.748 0.068
1820313.137 0.069
1817870.851 0.069
1815532.319 0.069
1813297.950 0.069
1811168.140 0.069
1809143.265 0.069
1807223.688 0.069
1805409.750 0.070
1803701.779 0.070
1802100.082 0.070
1800604.949 0.070
1799216.652 0.070
1797935.444 0.070
1796761.559 0.070
1795695.213 0.070
1794736.601 0.070
1793885.899 0.070
1793143.265 0.071
1792508.837 0.071
1791982.730 0.071
1791565.044 0.071
1791255.855 0.071
1791055.221 0.071
1790963.179 0.071
1790979.747 0.071
1791104.920 0.071
1791338.677 0.071
1791680.973 0.071
1792131.746 0.071
1792690.910 0.071
1793358.364 0.070
1794133.982 0.070
1795017.623 0.070
1796009.122 0.070
1797108.298 0.070
1798314.949 0.070
1799628.853 0.070
1801049.771 0.070
1802577.445 0.070
1804211.595 0.070
1805951.929 0.070
1807798.131 0.069
1809749.870 0.069
1811806.798 0.069
1813968.548 0.069
1816234.738 0.069
1818604.968 0.069
1821078.822 0.068
1823655.870 0.068
1826335.663 0.068
1829117.740 0.068
1832001.624 0.068
1834986.823 0.067
1838072.832 0.067
1841259.131 0.067
1844545.189 0.067
1847930.459 0.067
1851414.385 0.066
1854996.396 0.066
1858675.912 0.066
1862452.339 0.066
1866325.075 0.065
1870293.506 0.065
1874357.008 0.065
1878514.948 0.064
1882766.685 0.064
1887111.566 0.064
1891548.934 0.064
1896078.121 0.063
1900698.452 0.063
1905409.248 0.063
1910209.818 0.062
1915099.470 0.062
1920077.503 0.062
1925143.213 0.061
1930295.887 0.061
1935534.813 0.061
1940859.270 0.061
1946268.536 0.060
1951761.883 0.060
1957338.582 0.060
1962997.901 0.059
1968739.105 0.059
1974561.456 0.059
1980464.216 0.058
1986446.645 0.058
1992508.001 0.058
1998647.543 0.057
2004864.527 0.057
2011158.211 0.056
2017527.852 0.056
2023972.707 0.056
2030492.036 0.055
2037085.097 0.055
2043751.150 0.055
2050489.457 0.054
2057299.282 0.054
2064179.890 0.054
2071130.547 0.053
2078150.524 0.053
2085239.093 0.053
2092395.528 0.052
2099619.108 0.052
2106909.112 0.052
2114264.825 0.051
2121685.535 0.051
2129170.532 0.051
2136719.111 0.050
2144330.571 0.050
2152004.215 0.050
2159739.349 0.049
2167535.284 0.049
2175391.336 0.048
2183306.825 0.048
2191281.074 0.048
2199313.415 0.047
2207403.180 0.047
2215549.709 0.047
2223752.345 0.046
2232010.437 0.046
2240323.340 0.046
2248690.412 0.045
2257111.019 0.045
2265584.529 0.045
2274110.318 0.044
2282687.767 0.044
2291316.261 0.044
2299995.192 0.043
2308723.956 0.043
2317501.956 0.043
2326328.599 0.043
2335203.300 0.042
2344125.477 0.042
2353094.555 0.042
2362109.964 0.041
2371171.140 0.041
2380277.524 0.041
2389428.564 0.040
2398623.712 0.040
2407862.427 0.040
2417144.172 0.039
2426468.417 0.039
2435834.636 0.039
2445242.311 0.039
2454690.927 0.038
2464179.977 0.038
2473708.957 0.038
2483277.370 0.037
2492884.724 0.037
2502530.532 0.037
2512214.314 0.037
2521935.593 0.036
2531693.900 0.036
2541488.768 0.036
2551319.739 0.036
2561186.357 0.035
2571088.173 0.035
2581024.743 0.035
2590995.627 0.034
2601000.393 0.034
2611038.609 0.034
2621109.853 0.034
2631213.705 0.033
2641349.751 0.033
2651517.582 0.033
2661716.793 0.033
2671946.985 0.032
2682207.762 0.032
2692498.734 0.032
2702819.516 0.032
2713169.726 0.031
2723548.989 0.031
2733956.932 0.031
2744393.187 0.031
2754857.392 0.031
2765349.187 0.030
2775868.219 0.030
2786414.138 0.030
2796986.597 0.030
2807585.254 0.029
2818209.773 0.029
2828859.820 0.029
2839535.065 0.029
2850235.183 0.029
2860959.852 0.028
2871708.756 0.028
2882481.580 0.028
2893278.015 0.028
2904097.754 0.028
2914940.495 0.027
2925805.940 0.027
2936693.793 0.027
2947603.763 0.027
2958535.562 0.027
2969488.907 0.026
2980463.515 0.026
2991459.109 0.026
3002475.416 0.026
3013512.164 0.026
3024569.087 0.025
3035645.919 0.025
3046742.400 0.025
3057858.272 0.025
3068993.281 0.025
3080147.174 0.025
3091319.703 0.024
3102510.623 0.024
3113719.690 0.024
3124946.666 0.024
3136191.314 0.024
3147453.399 0.023
3158732.690 0.023
3170028.959 0.023
3181341.981 0.023
3192671.533 0.023
3204017.394 0.023
3215379.347 0.023
3226757.176 0.022
3238150.670 0.022
3249559.619 0.022
3260983.815 0.022
3272423.053 0.022
3283877.131 0.022
3295345.849 0.021
3306829.008 0.021
3318326.414 0.021
3329837.873 0.021
3341363.195 0.021
3352902.191 0.021
3364454.675 0.021
3376020.461 0.020
3387599.369 0.020
3399191.219 0.020
3410795.832 0.020
3422413.032 0.020
3434042.647 0.020
3445684.504 0.020
3457338.433 0.019
3469004.266 0.019
3480681.838 0.019
3492370.985 0.019
3504071.545 0.019
3515783.356 0.019
3527506.262 0.019
3539240.104 0.019
3550984.729 0.018
3562739.983 0.018
3574505.714 0.018
3586281.773 0.018
3598068.012 0.018
3609864.284 0.018
3621670.445 0.018
3633486.352 0.018
3645311.862 0.018
3657146.836 0.017
3668991.136 0.017
3680844.624 0.017
3692707.165 0.017
3704578.625 0.017
3716458.872 0.017
3728347.774 0.017
3740245.202 0.017
3752151.028 0.017
3764065.125 0.016
3775987.366 0.016
3787917.629 0.016
3799855.790 0.016
3811801.728 0.016
3823755.323 0.016
3835716.455 0.016
3847685.007 0.016
3859660.863 0.016
3871643.907 0.016
3883634.025 0.015
3895631.105 0.015
3907635.034 0.015
3919645.703 0.015
3931663.001 0.015
3943686.821 0.015
3955717.056 0.015
3967753.599 0.015
3979796.346 0.015
3991845.193 0.015
4003900.036 0.015
4015960.775 0.014
4028027.308 0.014
4040099.536 0.014
4052177.359 0.014
4064260.681 0.014
4076349.404 0.014
4088443.433 0.014
4100542.673 0.014
4112647.029 0.014
4124756.409 0.014
4136870.720 0.014
4148989.872 0.014
4161113.774 0.014
4173242.337 0.013
4185375.472 0.013
4197513.091 0.013
4209655.107 0.013
4221801.435 0.013
4233951.989 0.013
4246106.684 0.013
4258265.438 0.013
4270428.166 0.013
4282594.788 0.013
4294765.222 0.013
4306939.386 0.013
4319117.202 0.013
4331298.591 0.012
4343483.473 0.012
4355671.772 0.012
4367863.410 0.012
4380058.312 0.012
4392256.401 0.012
4404457.603 0.012
4416661.844 0.012
4428869.050 0.012
4441079.148 0.012
4453292.067 0.012
4465507.734 0.012
4477726.079 0.012
4489947.031 0.012
4502170.521 0.012
4514396.479 0.011
4526624.838 0.011
4538855.529 0.011
4551088.485 0.011
4563323.639 0.011
4575560.925 0.011
4587800.278 0.011
4600041.633 0.011
4612284.924 0.011
4624530.089 0.011
4636777.063 0.011
4649025.784 0.011
4661276.190 0.011
4673528.218 0.011
4685781.808 0.011
4698036.899 0.011
4710293.429 0.011
4722551.341 0.011
4734810.573 0.010
4747071.068 0.010
4759332.766 0.010
4771595.611 0.010
4783859.544 0.010
4796124.509 0.010
4808390.449 0.010
4820657.308 0.010
4832925.031 0.010
4845193.561 0.010
4857462.845 0.010
4869732.828 0.010
4882003.456 0.010
4894274.676 0.010
4906546.434 0.010
4918818.678 0.010
4931091.356 0.010
4943364.415 0.010
4955637.804 0.010
4967911.472 0.009
4980185.369 0.009
4992459.443 0.009
5004733.645 0.009
5017007.926 0.009
5029282.235 0.009
5041556.525 0.009
5053830.746 0.009
5066104.851 0.009
5078378.791 0.009
5090652.519 0.009
5102925.988 0.009
5115199.152 0.009
5127471.963 0.009
5139744.375 0.009
5152016.343 0.009
5164287.822 0.009
5176558.765 0.009
5188829.128 0.009
5201098.867 0.009
5213367.937 0.009
5225636.294 0.009
5237903.895 0.009
5250170.697 0.009
5262436.655 0.008
5274701.728 0.008
5286965.873 0.008
5299229.048 0.008
5311491.211 0.008
5323752.320 0.008
5336012.333 0.008
0.0 0.0 0.0
0.0 0.0 0.0
0.0 0.0 0.0
0.0 0.0 0.0
0.0 0.0 0.0
0.0 0.0 0.0
0.0 0.0 0.0
0.0 0.0 0.0
0.0 0.0 0.0
0.0 0.0 0.0
0.0 0.0 0.0
0.0 0.0 0.0
0.0 0.0 0.0
0.0 0.0 0.0
0.0 0.0 0.0
0.0 0.0 0.0
0.0 0.0 0.0
0.0 0.0 0.0
0.0 0.0 0.0
0.0 0.0 0.0
0.0 0.0 0.0
0.0 0.0 0.0
0.0 0.0 0.0
0.0 0.0 0.0
0.0 0.0 0.0
0.0 0.0 0.0
0.0 0.0 0.0
0.0 0.0 0.0
0.0 0.0 0.0
0.0 0.0 0.0
0.0 0.0 0.0
0.0 0.0 0.0
0.0 0.0 0.0
0.0 0.0 0.0
0.0 0.0 0.0
0.0 0.0 0.0
0.0 0.0 0.0
0.0 0.0 0.0
0.0 0.0 0.0
0.0 0.0 0.0
0.0 0.0 0.0
0.0 0.0 0.0
0.0 0.0 0.0
0.0 0.0 0.0
0.0 0.0 0.0
0.0 0.0 0.0
0.0 0.0 0.0
0.0 0.0 0.0
0.0 0.0 0.0
0.0 0.0 0.0
0.0 0.0 0.0
0.0 0.0 0.0
0.0 0.0 0.0
0.0 0.0 0.0
0.0 0.0 0.0
0.0 0.0 0.0
0.0 0.0 0.0
0.0 0.0 0.0
0.0 0.0 0.0
0.0 0.0 0.0
0.0 0.0 0.0
0.0 0.0 0.0
0.0 0.0 0.0
0.0 0.0 0.0
0.0 0.0 0.0
0.0 0.0 0.0
0.0 0.0 0.0
0.0 0.0 0.0
0.0 0.0 0.0
0.0 0.0 0.0
0.0 0.0 0.0
0.0 0.0 0.0
0.0 0.0 0.0
0.0 0.0 0.0
0.0 0.0 0.0
0.0 0.0 0.0
0.0 0.0 0.0
0.0 0.0 0.0
0.0 0.0 0.0
0.0 0.0 0.0
0.0 0.0 0.0
0.0 0.0 0.0
0.0 0.0 0.0
0.0 0.0 0.0
0.0 0.0 0.0
0.0 0.0 0.0
0.0 0.0 0.0
0.0 0.0 0.0
0.0 0.0 0.0
0.0 0.0 0.0
0.0 0.0 0.0
0.0 0.0 0.0
0.0 0.0 0.0
0.0 0.0 0.0
0.0 0.0 0.0
0.0 0.0 0.0
0.0 0.0 0.0
0.0 0.0 0.0
0.0 0.0 0.0
0.0 0.0 0.0
0.0 0.0 0.0
0.0 0.0 0.0
0.0 0.0 0.0
0.0 0.0 0.0
0.0 0.0 0.0
0.0 0.0 0.0
0.0 0.0 0.0
0.0 0.0 0.0
0.0 0.0 0.0
0.0 0.0 0.0
0.0 0.0 0.0
0.0 0.0 0.0
0.0 0.0 0.0
0.0 0.0 0.0
0.0 0.0 0.0
0.0 0.0 0.0
0.0 0.0 0.0
0.0 0.0 0.0
0.0 0.0 0.0
0.0 0.0 0.0
0.0 0.0 0.0
0.0 0.0 0.0
0.0 0.0 0.0
0.0 0.0 0.0
0.0 0.0 0.0
0.0 0.0 0.0
0.0 0.0 0.0
0.0 0.0 0.0
0.0 0.0 0.0
0.0 0.0 0.0
0.0 0.0 0.0
0.0 0.0 0.0
0.0 0.0 0.0
0.0 0.0 0.0
0.0 0.0 0.0
0.0 0.0 0.0
0.0 0.0 0.0
0.0 0.0 0.0
0.0 0.0 0.0
0.0 0.0 0.0
0.0 0.0 0.0
0.0 0.0 0.0
0.0 0.0 0.0
0.0 0.0 0.0
0.0 0.0 0.0
0.0 0.0 0.0
0.0 0.0 0.0
0.0 0.0 0.0
0.0 0.0 0.0
0.0 0.0 0.0
0.0 0.0 0.0
0.0 0.0 0.0
0.0 0.0 0.0
0.0 0.0 0.0
0.0 0.0 0.0
0.0 0.0 0.0
0.0 0.0 0.0
0.0 0.0 0.0
0.0 0.0 0.0
0.0 0.0 0.0
0.0 0.0 0.0
0.0 0.0 0.0
0.0 0.0 0.0
0.0 0.0 0.0
0.0 0.0 0.0
0.0 0.0 0.0
0.0 0.0 0.0
0.0 0.0 0.0
0.0 0.0 0.0
0.0 0.0 0.0
0.0 0.0 0.0
0.0 0.0 0.0
0.0 0.0 0.0
0.0 0.0 0.0
0.0 0.0 0.0
0.0 0.0 0.0
0.0 0.0 0.0
0.0 0.0 0.0
0.0 0.0 0.0
0.0 0.0 0.0
0.0 0.0 0.0
0.0 0.0 0.0
0.0 0.0 0.0
0.0 0.0 0.0
0.0 0.0 0.0
0.0 0.0 0.0
0.0 0.0 0.0
0.0 0.0 0.0
0.0 0.0 0.0
0.0 0.0 0.0
0.0 0.0 0.0
0.0 0.0 0.0
0.0 0.0 0.0
0.0 0.0 0.0
0.0 0.0 0.0
0.0 0.0 0.0
0.0 0.0 0.0
0.0 0.0 0.0
0.0 0.0 0.0
0.0 0.0 0.0
0.0 0.0 0.0
0.0 0.0 0.0
0.0 0.0 0.0
0.0 0.0 0.0
0.0 0.0 0.0
0.0 0.0 0.0
0.0 0.0 0.0
0.0 0.0 0.0
0.0 0.0 0.0
0.0 0.0 0.0
0.0 0.0 0.0
0.0 0.0 0.0
0.0 0.0 0.0
0.0 0.0 0.0
0.0 0.0 0.0
0.0 0.0 0.0
0.0 0.0 0.0
0.0 0.0 0.0
0.0 0.0 0.0
0.0 0.0 0.0
0.0 0.0 0.0
0.0 0.0 0.0
0.0 0.0 0.0
0.0 0.0 0.0
0.0 0.0 0.0
0.0 0.0 0.0
0.0 0.0 0.0
0.0 0.0 0.0
0.0 0.0 0.0
0.0 0.0 0.0
0.0 0.0 0.0
0.0 0.0 0.0
0.0 0.0 0.0
0.0 0.0 0.0
0.0 0.0 0.0
0.0 0.0 0.0
0.0 0.0 0.0
0.0 0.0 0.0
0.0 0.0 0.0
0.0 0.0 0.0
0.0 0.0 0.0
0.0 0.0 0.0
0.0 0.0 0.0
0.0 0.0 0.0
0.0 0.0 0.0
0.0 0.0 0.0
0.0 0.0 0.0
0.0 0.0 0.0
0.0 0.0 0.0
0.0 0.0 0.0
0.0 0.0 0.0
0.0 0.0 0.0
0.0 0.0 0.0
0.0 0.0 0.0
0.0 0.0 0.0
0.0 0.0 0.0
0.0 0.0 0.0
0.0 0.0 0.0
0.0 0.0 0.0
0.0 0.0 0.0
0.0 0.0 0.0
0.0 0.0 0.0
0.0 0.0 0.0
0.0 0.0 0.0
0.0 0.0 0.0
0.0 0.0 0.0
0.0 0.0 0.0
0.0 0.0 0.0
0.0 0.0 0.0
0.0 0.0 0.0
0.0 0.0 0.0
0.0 0.0 0.0
0.0 0.0 0.0
0.0 0.0 0.0
0.0 0.0 0.0
0.0 0.0 0.0
0.0 0.0 0.0
0.0 0.0 0.0
0.0 0.0 0.0
0.0 0.0 0.0
0.0 0.0 0.0
0.0 0.0 0.0
0.0 0.0 0.0
0.0 0.0 0.0
0.0 0.0 0.0
0.0 0.0 0.0
0.0 0.0 0.0
0.0 0.0 0.0
0.0 0.0 0.0
0.0 0.0 0.0
0.0 0.0 0.0
0.0 0.0 0.0
0.0 0.0 0.0
0.0 0.0 0.0
0.0 0.0 0.0
0.0 0.0 0.0
0.0 0.0 0.0
0.0 0.0 0.0
0.0 0.0 0.0
0.0 0.0 0.0
0.0 0.0 0.0
0.0 0.0 0.0
0.0 0.0 0.0
0.0 0.0 0.0
0.0 0.0 0.0
0.0 0.0 0.0
0.0 0.0 0.0
0.0 0.0 0.0
0.0 0.0 0.0
0.0 0.0 0.0
0.0 0.0 0.0
0.0 0.0 0.0
0.0 0.0 0.0
0.0 0.0 0.0
0.0 0.0 0.0
0.0 0.0 0.0
0.0 0.0 0.0
0.0 0.0 0.0
0.0 0.0 0.0
0.0 0.0 0.0
0.0 0.0 0.0
0.0 0.0 0.0
0.0 0.0 0.0
0.0 0.0 0.0
0.0 0.0 0.0
0.0 0.0 0.0
0.0 0.0 0.0
0.0 0.0 0.0
0.0 0.0 0.0
0.0 0.0 0.0
0.0 0.0 0.0
0.0 0.0 0.0
0.0 0.0 0.0
0.0 0.0 0.0
0.0 0.0 0.0
0.0 0.0 0.0
0.0 0.0 0.0
0.0 0.0 0.0
0.0 0.0 0.0
0.0 0.0 0.0
0.0 0.0 0.0
0.0 0.0 0.0
0.0 0.0 0.0
0.0 0.0 0.0
0.0 0.0 0.0
0.0 0.0 0.0
0.0 0.0 0.0
0.0 0.0 0.0
0.0 0.0 0.0
0.0 0.0 0.0
0.0 0.0 0.0
0.0 0.0 0.0
0.0 0.0 0.0
0.0 0.0 0.0
0.0 0.0 0.0
0.0 0.0 0.0
0.0 0.0 0.0
0.0 0.0 0.0
0.0 0.0 0.0
0.0 0.0 0.0
0.0 0.0 0.0
0.0 0.0 0.0
0.0 0.0 0.0
0.0 0.0 0.0
0.0 0.0 0.0
0.0 0.0 0.0
0.0 0.0 0.0
0.0 0.0 0.0
0.0 0.0 0.0
0.0 0.0 0.0
0.0 0.0 0.0
0.0 0.0 0.0
0.0 0.0 0.0
0.0 0.0 0.0
0.0 0.0 0.0
0.0 0.0 0.0
0.0 0.0 0.0
0.0 0.0 0.0
0.0 0.0 0.0
0.0 0.0 0.0
0.0 0.0 0.0
0.0 0.0 0.0
0.0 0.0 0.0
0.0 0.0 0.0
0.0 0.0 0.0
0.0 0.0 0.0
0.0 0.0 0.0
0.0 0.0 0.0
0.0 0.0 0.0
0.0 0.0 0.0
0.0 0.0 0.0
0.0 0.0 0.0
0.0 0.0 0.0
0.0 0.0 0.0
0.0 0.0 0.0
0.0 0.0 0.0
0.0 0.0 0.0
0.0 0.0 0.0
0.0 0.0 0.0
0.0 0.0 0.0
0.0 0.0 0.0
0.0 0.0 0.0
0.0 0.0 0.0
0.0 0.0 0.0
0.0 0.0 0.0
0.0 0.0 0.0
0.0 0.0 0.0
0.0 0.0 0.0
0.0 0.0 0.0
0.0 0.0 0.0
0.0 0.0 0.0
0.0 0.0 0.0
0.0 0.0 0.0
0.0 0.0 0.0
0.0 0.0 0.0
0.0 0.0 0.0
0.0 0.0 0.0
0.0 0.0 0.0
0.0 0.0 0.0
0.0 0.0 0.0
0.0 0.0 0.0
0.0 0.0 0.0
0.0 0.0 0.0
0.0 0.0 0.0
0.0 0.0 0.0
0.0 0.0 0.0
0.0 0.0 0.0
0.0 0.0 0.0
0.0 0.0 0.0
0.0 0.0 0.0
0.0 0.0 0.0
0.0 0.0 0.0
0.0 0.0 0.0
0.0 0.0 0.0
0.0 0.0 0.0
0.0 0.0 0.0
0.0 0.0 0.0
0.0 0.0 0.0
0.0 0.0 0.0
0.0 0.0 0.0
0.0 0.0 0.0
0.0 0.0 0.0
0.0 0.0 0.0
0.0 0.0 0.0
0.0 0.0 0.0
0.0 0.0 0.0
0.0 0.0 0.0
0.0 0.0 0.0
0.0 0.0 0.0
0.0 0.0 0.0
0.0 0.0 0.0
0.0 0.0 0.0
0.0 0.0 0.0
0.0 0.0 0.0
0.0 0.0 0.0
0.0 0.0 0.0
0.0 0.0 0.0
0.0 0.0 0.0
0.0 0.0 0.0
0.0 0.0 0.0
0.0 0.0 0.0
0.0 0.0 0.0
0.0 0.0 0.0
0.0 0.0 0.0
0.0 0.0 0.0
0.0 0.0 0.0
0.0 0.0 0.0
0.0 0.0 0.0
0.0 0.0 0.0
0.0 0.0 0.0
0.0 0.0 0.0
0.0 0.0 0.0
0.0 0.0 0.0
0.0 0.0 0.0
0.0 0.0 0.0
0.0 0.0 0.0
0.0 0.0 0.0
0.0 0.0 0.0
0.0 0.0 0.0
0.0 0.0 0.0
0.0 0.0 0.0
0.0 0.0 0.0
0.0 0.0 0.0
0.0 0.0 0.0
0.0 0.0 0.0
0.0 0.0 0.0
0.0 0.0 0.0
0.0 0.0 0.0
0.0 0.0 0.0
0.0 0.0 0.0
0.0 0.0 0.0
0.0 0.0 0.0
0.0 0.0 0.0
0.0 0.0 0.0
0.0 0.0 0.0
0.0 0.0 0.0
0.0 0.0 0.0
0.0 0.0 0.0
0.0 0.0 0.0
0.0 0.0 0.0
0.0 0.0 0.0
0.0 0.0 0.0
0.0 0.0 0.0
0.0 0.0 0.0
0.0 0.0 0.0
0.0 0.0 0.0
0.0 0.0 0.0
0.0 0.0 0.0
0.0 0.0 0.0
0.0 0.0 0.0
0.0 0.0 0.0
0.0 0.0 0.0
0.0 0.0 0.0
0.0 0.0 0.0
0.0 0.0 0.0
0.0 0.0 0.0
0.0 0.0 0.0
0.0 0.0 0.0
0.0 0.0 0.0
0.0 0.0 0.0
0.0 0.0 0.0
0.0 0.0 0.0
0.0 0.0 0.0
0.0 0.0 0.0
0.0 0.0 0.0
0.0 0.0 0.0
0.0 0.0 0.0
0.0 0.0 0.0
0.0 0.0 0.0
0.0 0.0 0.0
0.0 0.0 0.0
0.0 0.0 0.0
0.0 0.0 0.0
0.0 0.0 0.0
0.0 0.0 0.0
0.0 0.0 0.0
0.0 0.0 0.0
0.0 0.0 0.0
0.0 0.0 0.0
0.0 0.0 0.0
0.0 0.0 0.0
0.0 0.0 0.0
0.0 0.0 0.0
0.0 0.0 0.0
0.0 0.0 0.0
0.0 0.0 0.0
0.0 0.0 0.0
0.0 0.0 0.0
0.0 0.0 0.0
0.0 0.0 0.0
0.0 0.0 0.0
0.0 0.0 0.0
0.0 0.0 0.0
0.0 0.0 0.0
0.0 0.0 0.0
0.0 0.0 0.0
0.0 0.0 0.0
0.0 0.0 0.0
0.0 0.0 0.0
0.0 0.0 0.0
0.0 0.0 0.0
0.0 0.0 0.0
0.0 0.0 0.0
0.0 0.0 0.0
0.0 0.0 0.0
0.0 0.0 0.0
0.0 0.0 0.0
0.0 0.0 0.0
0.0 0.0 0.0
0.0 0.0 0.0
0.0 0.0 0.0
0.0 0.0 0.0
0.0 0.0 0.0
0.0 0.0 0.0
0.0 0.0 0.0
0.0 0.0 0.0
0.0 0.0 0.0
0.0 0.0 0.0
0.0 0.0 0.0
0.0 0.0 0.0
0.0 0.0 0.0
0.0 0.0 0.0
0.0 0.0 0.0
0.0 0.0 0.0
0.0 0.0 0.0
0.0 0.0 0.0
0.0 0.0 0.0
0.0 0.0 0.0
0.0 0.0 0.0
0.0 0.0 0.0
0.0 0.0 0.0
0.0 0.0 0.0
0.0 0.0 0.0
0.0 0.0 0.0
0.0 0.0 0.0
0.0 0.0 0.0
0.0 0.0 0.0
0.0 0.0 0.0
0.0 0.0 0.0
0.0 0.0 0.0
0.0 0.0 0.0
0.0 0.0 0.0
0.0 0.0 0.0
0.0 0.0 0.0
0.0 0.0 0.0
0.0 0.0 0.0
0.0 0.0 0.0
0.0 0.0 0.0
0.0 0.0 0.0
0.0 0.0 0.0
0.0 0.0 0.0
0.0 0.0 0.0
0.0 0.0 0.0
0.0 0.0 0.0
0.0 0.0 0.0
0.0 0.0 0.0
0.0 0.0 0.0
0.0 0.0 0.0
0.0 0.0 0.0
0.0 0.0 0.0
0.0 0.0 0.0
0.0 0.0 0.0
0.0 0.0 0.0
0.0 0.0 0.0
0.0 0.0 0.0
0.0 0.0 0.0
0.0 0.0 0.0
0.0 0.0 0.0
0.0 0.0 0.0
0.0 0.0 0.0
0.0 0.0 0.0
0.0 0.0 0.0
0.0 0.0 0.0
0.0 0.0 0.0
0.0 0.0 0.0
0.0 0.0 0.0
0.0 0.0 0.0
0.0 0.0 0.0
0.0 0.0 0.0
0.0 0.0 0.0
0.0 0.0 0.0
0.0 0.0 0.0
0.0 0.0 0.0
0.0 0.0 0.0
0.0 0.0 0.0
0.0 0.0 0.0
0.0 0.0 0.0
0.0 0.0 0.0
0.0 0.0 0.0
0.0 0.0 0.0
0.0 0.0 0.0
0.0 0.0 0.0
0.0 0.0 0.0
0.0 0.0 0.0
0.0 0.0 0.0
0.0 0.0 0.0
0.0 0.0 0.0
0.0 0.0 0.0
0.0 0.0 0.0
0.0 0.0 0.0
0.0 0.0 0.0
0.0 0.0 0.0
0.0 0.0 0.0
0.0 0.0 0.0
0.0 0.0 0.0
0.0 0.0 0.0
0.0 0.0 0.0
0.0 0.0 0.0
0.0 0.0 0.0
0.0 0.0 0.0
0.0 0.0 0.0
0.0 0.0 0.0
0.0 0.0 0.0
0.0 0.0 0.0
0.0 0.0 0.0
0.0 0.0 0.0
0.0 0.0 0.0
0.0 0.0 0.0
0.0 0.0 0.0
0.0 0.0 0.0
0.0 0.0 0.0
0.0 0.0 0.0
0.0 0.0 0.0
0.0 0.0 0.0
0.0 0.0 0.0
0.0 0.0 0.0
0.0 0.0 0.0
0.0 0.0 0.0
0.0 0.0 0.0
0.0 0.0 0.0
0.0 0.0 0.0
0.0 0.0 0.0
0.0 0.0 0.0
0.0 0.0 0.0
0.0 0.0 0.0
0.0 0.0 0.0
0.0 0.0 0.0
0.0 0.0 0.0
0.0 0.0 0.0
0.0 0.0 0.0
0.0 0.0 0.0
0.0 0.0 0.0
0.0 0.0 0.0
0.0 0.0 0.0
0.0 0.0 0.0
0.0 0.0 0.0
0.0 0.0 0.0
0.0 0.0 0.0
0.0 0.0 0.0
0.0 0.0 0.0
0.0 0.0 0.0
0.0 0.0 0.0
0.0 0.0 0.0
0.0 0.0 0.0
0.0 0.0 0.0
0.0 0.0 0.0
0.0 0.0 0.0
0.0 0.0 0.0
0.0 0.0 0.0
0.0 0.0 0.0
0.0 0.0 0.0
0.0 0.0 0.0
0.0 0.0 0.0
0.0 0.0 0.0
0.0 0.0 0.0
0.0 0.0 0.0
0.0 0.0 0.0
0.0 0.0 0.0
0.0 0.0 0.0
0.0 0.0 0.0
0.0 0.0 0.0
0.0 0.0 0.0
0.0 0.0 0.0
0.0 0.0 0.0
0.0 0.0 0.0
0.0 0.0 0.0
0.0 0.0 0.0
0.0 0.0 0.0
0.0 0.0 0.0
0.0 0.0 0.0
0.0 0.0 0.0
0.0 0.0 0.0
0.0 0.0 0.0
0.0 0.0 0.0
0.0 0.0 0.0
0.0 0.0 0.0
0.0 0.0 0.0
0.0 0.0 0.0
0.0 0.0 0.0
0.0 0.0 0.0
0.0 0.0 0.0
0.0 0.0 0.0
0.0 0.0 0.0
0.0 0.0 0.0
0.0 0.0 0.0
0.0 0.0 0.0
0.0 0.0 0.0
0.0 0.0 0.0
0.0 0.0 0.0
0.0 0.0 0.0
0.0 0.0 0.0
0.0 0.0 0.0
0.0 0.0 0.0
0.0 0.0 0.0
0.0 0.0 0.0
0.0 0.0 0.0
0.0 0.0 0.0
0.0 0.0 0.0
0.0 0.0 0.0
0.0 0.0 0.0
0.0 0.0 0.0
0.0 0.0 0.0
0.0 0.0 0.0
0.0 0.0 0.0
0.0 0.0 0.0
0.0 0.0 0.0
0.0 0.0 0.0
0.0 0.0 0.0
0.0 0.0 0.0
0.0 0.0 0.0
0.0 0.0 0.0
0.0 0.0 0.0
0.0 0.0 0.0
0.0 0.0 0.0
0.0 0.0 0.0
0.0 0.0 0.0
0.0 0.0 0.0
0.0 0.0 0.0
0.0 0.0 0.0
0.0 0.0 0.0
0.0 0.0 0.0
0.0 0.0 0.0
0.0 0.0 0.0
0.0 0.0 0.0
0.0 0.0 0.0
0.0 0.0 0.0
0.0 0.0 0.0
0.0 0.0 0.0
0.0 0.0 0.0
0.0 0.0 0.0
0.0 0.0 0.0
0.0 0.0 0.0
0.0 0.0 0.0
0.0 0.0 0.0
0.0 0.0 0.0
0.0 0.0 0.0
0.0 0.0 0.0
0.0 0.0 0.0
0.0 0.0 0.0
0.0 0.0 0.0
0.0 0.0 0.0
0.0 0.0 0.0
0.0 0.0 0.0
0.0 0.0 0.0
0.0 0.0 0.0
0.0 0.0 0.0
0.0 0.0 0.0
0.0 0.0 0.0
0.0 0.0 0.0
0.0 0.0 0.0
0.0 0.0 0.0
0.0 0.0 0.0
0.0 0.0 0.0
0.0 0.0 0.0
0.0 0.0 0.0
0.0 0.0 0.0
0.0 0.0 0.0
0.0 0.0 0.0
0.0 0.0 0.0
0.0 0.0 0.0
0.0 0.0 0.0
0.0 0.0 0.0
0.0 0.0 0.0
0.0 0.0 0.0
0.0 0.0 0.0
0.0 0.0 0.0
0.0 0.0 0.0
0.0 0.0 0.0
0.0 0.0 0.0
0.0 0.0 0.0
0.0 0.0 0.0
0.0 0.0 0.0
0.0 0.0 0.0
0.0 0.0 0.0
0.0 0.0 0.0
0.0 0.0 0.0
0.0 0.0 0.0
0.0 0.0 0.0
0.0 0.0 0.0
0.0 0.0 0.0
0.0 0.0 0.0
0.0 0.0 0.0
0.0 0.0 0.0
0.0 0.0 0.0
0.0 0.0 0.0
0.0 0.0 0.0
0.0 0.0 0.0
0.0 0.0 0.0
0.0 0.0 0.0
0.0 0.0 0.0
0.0 0.0 0.0
0.0 0.0 0.0
0.0 0.0 0.0
0.0 0.0 0.0
0.0 0.0 0.0
0.0 0.0 0.0
0.0 0.0 0.0
0.0 0.0 0.0
0.0 0.0 0.0
0.0 0.0 0.0
0.0 0.0 0.0
0.0 0.0 0.0
0.0 0.0 0.0
0.0 0.0 0.0
0.0 0.0 0.0
0.0 0.0 0.0
0.0 0.0 0.0
0.0 0.0 0.0
0.0 0.0 0.0
0.0 0.0 0.0
0.0 0.0 0.0
0.0 0.0 0.0
0.0 0.0 0.0
0.0 0.0 0.0
0.0 0.0 0.0
0.0 0.0 0.0
0.0 0.0 0.0
0.0 0.0 0.0
0.0 0.0 0.0
0.0 0.0 0.0
0.0 0.0 0.0
0.0 0.0 0.0
0.0 0.0 0.0
0.0 0.0 0.0
0.0 0.0 0.0
0.0 0.0 0.0
0.0 0.0 0.0
0.0 0.0 0.0
0.0 0.0 0.0
0.0 0.0 0.0
0.0 0.0 0.0
0.0 0.0 0.0
0.0 0.0 0.0
0.0 0.0 0.0
0.0 0.0 0.0
0.0 0.0 0.0
0.0 0.0 0.0
0.0 0.0 0.0
0.0 0.0 0.0
0.0 0.0 0.0
0.0 0.0 0.0
0.0 0.0 0.0
0.0 0.0 0.0
0.0 0.0 0.0
0.0 0.0 0.0
0.0 0.0 0.0
0.0 0.0 0.0
0.0 0.0 0.0
0.0 0.0 0.0
0.0 0.0 0.0
0.0 0.0 0.0
0.0 0.0 0.0
0.0 0.0 0.0
0.0 0.0 0.0
0.0 0.0 0.0
0.0 0.0 0.0
0.0 0.0 0.0
0.0 0.0 0.0
0.0 0.0 0.0
0.0 0.0 0.0
0.0 0.0 0.0
0.0 0.0 0.0
0.0 0.0 0.0
0.0 0.0 0.0
0.0 0.0 0.0
0.0 0.0 0.0
0.0 0.0 0.0
0.0 0.0 0.0
0.0 0.0 0.0
0.0 0.0 0.0
0.0 0.0 0.0
0.0 0.0 0.0
0.0 0.0 0.0
0.0 0.0 0.0
0.0 0.0 0.0
0.0 0.0 0.0
0.0 0.0 0.0
0.0 0.0 0.0
0.0 0.0 0.0
0.0 0.0 0.0
0.0 0.0 0.0
0.0 0.0 0.0
0.0 0.0 0.0
0.0 0.0 0.0
0.0 0.0 0.0
0.0 0.0 0.0
0.0 0.0 0.0
0.0 0.0 0.0
0.0 0.0 0.0
0.0 0.0 0.0
0.0 0.0 0.0
0.0 0.0 0.0
0.0 0.0 0.0
0.0 0.0 0.0
0.0 0.0 0.0
0.0 0.0 0.0
0.0 0.0 0.0
0.0 0.0 0.0
0.0 0.0 0.0
0.0 0.0 0.0
0.0 0.0 0.0
0.0 0.0 0.0
0.0 0.0 0.0
0.0 0.0 0.0
0.0 0.0 0.0
0.0 0.0 0.0
0.0 0.0 0.0
0.0 0.0 0.0
0.0 0.0 0.0
0.0 0.0 0.0
0.0 0.0 0.0
0.0 0.0 0.0
0.0 0.0 0.0
0.0 0.0 0.0
0.0 0.0 0.0
0.0 0.0 0.0
0.0 0.0 0.0
0.0 0.0 0.0
0.0 0.0 0.0
0.0 0.0 0.0
0.0 0.0 0.0
0.0 0.0 0.0
0.0 0.0 0.0
0.0 0.0 0.0
0.0 0.0 0.0
0.0 0.0 0.0
0.0 0.0 0.0
0.0 0.0 0.0
0.0 0.0 0.0
0.0 0.0 0.0
0.0 0.0 0.0
0.0 0.0 0.0
0.0 0.0 0.0
0.0 0.0 0.0
0.0 0.0 0.0
0.0 0.0 0.0
0.0 0.0 0.0
0.0 0.0 0.0
0.0 0.0 0.0
0.0 0.0 0.0
0.0 0.0 0.0
0.0 0.0 0.0
0.0 0.0 0.0
0.0 0.0 0.0
0.0 0.0 0.0
0.0 0.0 0.0
0.0 0.0 0.0
0.0 0.0 0.0
0.0 0.0 0.0
0.0 0.0 0.0
0.0 0.0 0.0
0.0 0.0 0.0
0.0 0.0 0.0
0.0 0.0 0.0
0.0 0.0 0.0
0.0 0.0 0.0
0.0 0.0 0.0
0.0 0.0 0.0
0.0 0.0 0.0
0.0 0.0 0.0
0.0 0.0 0.0
0.0 0.0 0.0
0.0 0.0 0.0
0.0 0.0 0.0
0.0 0.0 0.0
0.0 0.0 0.0
0.0 0.0 0.0
0.0 0.0 0.0
0.0 0.0 0.0
0.0 0.0 0.0
0.0 0.0 0.0
0.0 0.0 0.0
0.0 0.0 0.0
0.0 0.0 0.0
0.0 0.0 0.0
0.0 0.0 0.0
0.0 0.0 0.0
0.0 0.0 0.0
0.0 0.0 0.0
0.0 0.0 0.0
0.0 0.0 0.0
0.0 0.0 0.0
0.0 0.0 0.0
0.0 0.0 0.0
0.0 0.0 0.0
0.0 0.0 0.0
0.0 0.0 0.0
0.0 0.0 0.0
0.0 0.0 0.0
0.0 0.0 0.0
0.0 0.0 0.0
0.0 0.0 0.0
0.0 0.0 0.0
0.0 0.0 0.0
0.0 0.0 0.0
0.0 0.0 0.0
0.0 0.0 0.0
0.0 0.0 0.0
0.0 0.0 0.0
0.0 0.0 0.0
0.0 0.0 0.0
0.0 0.0 0.0
0.0 0.0 0.0
0.0 0.0 0.0
0.0 0.0 0.0
0.0 0.0 0.0
0.0 0.0 0.0
0.0 0.0 0.0
0.0 0.0 0.0
0.0 0.0 0.0
0.0 0.0 0.0
0.0 0.0 0.0
0.0 0.0 0.0
0.0 0.0 0.0
0.0 0.0 0.0
0.0 0.0 0.0
0.0 0.0 0.0
0.0 0.0 0.0
0.0 0.0 0.0
0.0 0.0 0.0
0.0 0.0 0.0
0.0 0.0 0.0
0.0 0.0 0.0
0.0 0.0 0.0
0.0 0.0 0.0
20.024 2112344.904 0.065921015
20.098 2108502.811 0.065996181
20.173 2104676.800 0.066071874
20.247 2100866.963 0.066148084
20.322 2097073.394 0.066224802
20.396 2093296.184 0.066302019
20.470 2089535.429 0.066379723
20.544 2085791.221 0.066457906
20.618 2082063.655 0.066536558
20.692 2078352.825 0.066615668
20.766 2074658.825 0.066695226
20.840 2070981.750 0.066775222
20.913 2067321.694 0.066855647
20.987 2063678.754 0.066936489
21.060 2060053.024 0.067017738
21.133 2056444.601 0.067099384
21.207 2052853.579 0.067181416
21.280 2049280.055 0.067263824
21.352 2045724.125 0.067346596
21.425 2042185.886 0.067429723
21.498 2038665.434 0.067513193
21.570 2035162.866 0.067596996
21.643 2031678.278 0.067681120
21.715 2028211.769 0.067765554
21.787 2024763.434 0.067850288
21.859 2021333.373 0.067935309
21.930 2017921.681 0.068020607
22.002 2014528.458 0.068106171
22.073 2011153.800 0.068191988
22.144 2007797.805 0.068278048
22.215 2004460.572 0.068364338
22.286 2001142.199 0.068450847
22.357 1997842.784 0.068537563
22.427 1994562.425 0.068624475
22.497 1991301.221 0.068711569
22.567 1988059.271 0.068798835
22.637 1984836.671 0.068886261
22.707 1981633.522 0.068973833
22.776 1978449.922 0.069061540
22.845 1975285.970 0.069149370
22.914 1972141.764 0.069237309
22.983 1969017.402 0.069325347
23.051 1965912.984 0.069413469
23.119 1962828.608 0.069501663
23.187 1959764.373 0.069589917
23.255 1956720.378 0.069678218
23.322 1953696.720 0.069766553
23.390 1950693.499 0.069854909
23.456 1947710.813 0.069943273
23.523 1944748.760 0.070031632
23.589 1941807.439 0.070119973
23.656 1938886.948 0.070208282
23.721 1935987.385 0.070296547
23.787 1933108.848 0.070384754
23.852 1930251.435 0.070472890
23.917 1927415.243 0.070560941
23.982 1924600.370 0.070648894
24.046 1921806.915 0.070736735
24.110 1919034.973 0.070824450
24.173 1916284.641 0.070912026
24.237 1913556.018 0.070999450
24.300 1910849.199 0.071086706
24.362 1908164.281 0.071173783
24.425 1905501.359 0.071260665
24.486 1902860.531 0.071347338
24.548 1900241.890 0.071433790
24.609 1897645.534 0.071520005
24.670 1895071.557 0.071605970
24.731 1892520.054 0.071691671
24.791 1889991.119 0.071777093
24.850 1887484.846 0.071862223
24.910 1885001.329 0.071947047
24.968 1882540.663 0.072031549
25.027 1880102.938 0.072115716
25.085 1877688.250 0.072199535
25.143 1875296.689 0.072282989
25.200 1872928.347 0.072366066
25.257 1870583.317 0.072448751
25.313 1868261.688 0.072531030
25.369 1865963.553 0.072612888
25.425 1863689.000 0.072694312
25.480 1861438.119 0.072775286
25.534 1859211.000 0.072855798
25.588 1857007.731 0.072935832
25.642 1854828.400 0.073015374
25.695 1852673.094 0.073094410
25.748 1850541.902 0.073172926
25.800 1848434.908 0.073250908
25.852 1846352.199 0.073328341
25.903 1844293.861 0.073405212
25.954 1842259.977 0.073481507
26.004 1840250.632 0.073557211
26.054 1838265.909 0.073632310
26.103 1836305.891 0.073706791
26.152 1834370.659 0.073780639
26.200 1832460.296 0.073853841
26.248 1830574.882 0.073926383
26.295 1828714.496 0.073998252
26.341 1826879.218 0.074069433
26.387 1825069.126 0.074139913
26.433 1823284.299 0.074209679
26.478 1821524.812 0.074278717
26.522 1819790.743 0.074347014
26.566 1818082.165 0.074414557
26.609 1816399.155 0.074481332
26.652 1814741.785 0.074547327
26.694 1813110.128 0.074612528
26.735 1811504.257 0.074676922
26.776 1809924.242 0.074740498
26.816 1808370.154 0.074803242
26.856 1806842.061 0.074865141
26.895 1805340.033 0.074926184
26.933 1803864.136 0.074986358
26.971 1802414.438 0.075045652
27.008 1800991.003 0.075104052
27.044 1799593.897 0.075161547
27.080 1798223.183 0.075218126
27.115 1796878.923 0.075273777
27.150 1795561.179 0.075328488
27.184 1794270.012 0.075382248
27.217 1793005.481 0.075435047
27.249 1791767.645 0.075486873
27.281 1790556.561 0.075537715
27.313 1789372.285 0.075587563
27.343 1788214.873 0.075636407
27.373 1787084.379 0.075684236
27.402 1785980.856 0.075731040
27.431 1784904.356 0.075776809
27.458 1783854.930 0.075821534
27.486 1782832.627 0.075865206
27.512 1781837.495 0.075907814
27.538 1780869.583 0.075949350
27.563 1779928.936 0.075989805
27.587 1779015.600 0.076029171
27.611 1778129.618 0.076067438
27.634 1777271.032 0.076104600
27.656 1776439.885 0.076140647
27.677 1775636.216 0.076175572
27.698 1774860.064 0.076209367
27.718 1774111.467 0.076242025
27.737 1773390.461 0.076273540
27.756 1772697.082 0.076303904
27.773 1772031.363 0.076333110
27.790 1771393.337 0.076361153
27.807 1770783.035 0.076388026
27.822 1770200.488 0.076413723
27.837 1769645.723 0.076438238
27.851 1769118.770 0.076461567
27.864 1768619.653 0.076483705
27.877 1768148.397 0.076504645
27.889 1767705.027 0.076524384
27.900 1767289.564 0.076542918
27.910 1766902.029 0.076560242
27.920 1766542.442 0.076576352
27.928 1766210.820 0.076591246
27.936 1765907.182 0.076604919
27.944 1765631.541 0.076617369
27.950 1765383.912 0.076628593
27.956 1765164.309 0.076638589
27.961 1764972.742 0.076647354
27.965 1764809.222 0.076654886
27.968 1764673.756 0.076661184
27.971 1764566.353 0.076666247
27.973 1764487.019 0.076670073
27.974 1764435.758 0.076672662
27.974 1764412.573 0.076674012
27.974 1764417.466 0.076674125
27.972 1764450.438 0.076672999
27.970 1764511.488 0.076670635
27.968 1764600.613 0.076667034
27.964 1764717.810 0.076662197
27.960 1764863.073 0.076656124
27.955 1765036.397 0.076648817
27.949 1765237.774 0.076640279
27.942 1765467.194 0.076630509
27.935 1765724.648 0.076619512
27.927 1766010.123 0.076607289
27.918 1766323.606 0.076593844
27.908 1766665.082 0.076579179
27.898 1767034.536 0.076563297
27.887 1767431.951 0.076546203
27.875 1767857.308 0.076527900
27.862 1768310.586 0.076508392
27.849 1768791.765 0.076487683
27.834 1769300.823 0.076465779
27.819 1769837.735 0.076442684
27.804 1770402.475 0.076418403
27.787 1770995.019 0.076392941
27.770 1771615.337 0.076366306
27.752 1772263.400 0.076338501
27.734 1772939.179 0.076309534
27.714 1773642.641 0.076279410
27.694 1774373.754 0.076248137
27.673 1775132.482 0.076215722
27.652 1775918.792 0.076182171
27.629 1776732.645 0.076147492
27.606 1777574.005 0.076111692
27.583 1778442.831 0.076074780
27.558 1779339.083 0.076036763
27.533 1780262.719 0.075997650
27.507 1781213.698 0.075957448
27.480 1782191.974 0.075916168
27.453 1783197.502 0.075873817
27.425 1784230.236 0.075830405
27.396 1785290.128 0.075785941
27.367 1786377.129 0.075740435
27.337 1787491.190 0.075693897
27.306 1788632.259 0.075646335
27.275 1789800.284 0.075597761
27.243 1790995.212 0.075548185
27.210 1792216.988 0.075497617
27.177 1793465.558 0.075446067
27.142 1794740.864 0.075393548
27.108 1796042.848 0.075340068
27.072 1797371.452 0.075285641
27.036 1798726.617 0.075230277
27.000 1800108.282 0.075173987
26.962 1801516.384 0.075116783
26.924 1802950.861 0.075058678
26.886 1804411.649 0.074999682
26.847 1805898.683 0.074939808
26.807 1807411.899 0.074879068
26.766 1808951.228 0.074817475
26.725 1810516.604 0.074755040
26.684 1812107.958 0.074691777
26.641 1813725.221 0.074627698
26.599 1815368.322 0.074562815
26.555 1817037.190 0.074497143
26.511 1818731.753 0.074430693
26.467 1820451.938 0.074363480
26.422 1822197.671 0.074295515
26.376 1823968.878 0.074226813
26.330 1825765.484 0.074157387
26.283 1827587.412 0.074087250
26.235 1829434.585 0.074016416
26.188 1831306.926 0.073944899
26.139 1833204.356 0.073872712
26.090 1835126.795 0.073799869
26.041 1837074.165 0.073726384
25.991 1839046.384 0.073652270
25.940 1841043.371 0.073577542
25.889 1843065.045 0.073502214
25.837 1845111.321 0.073426300
25.785 1847182.118 0.073349814
25.733 1849277.350 0.073272769
25.680 1851396.935 0.073195181
25.626 1853540.785 0.073117063
25.572 1855708.816 0.073038430
25.518 1857900.942 0.072959296
25.463 1860117.075 0.072879675
25.408 1862357.128 0.072799581
25.352 1864621.012 0.072719029
25.296 1866908.640 0.072638033
25.239 1869219.923 0.072556608
25.182 1871554.771 0.072474768
25.124 1873913.094 0.072392526
25.066 1876294.801 0.072309898
25.008 1878699.802 0.072226898
24.949 1881128.006 0.072143540
24.890 1883579.320 0.072059839
24.830 1886053.653 0.071975808
24.770 1888550.912 0.071891462
24.710 1891071.005 0.071806816
24.649 1893613.837 0.071721883
24.588 1896179.316 0.071636677
24.526 1898767.347 0.071551214
24.464 1901377.837 0.071465507
24.402 1904010.690 0.071379569
24.339 1906665.812 0.071293416
24.276 1909343.108 0.071207062
24.213 1912042.482 0.071120519
24.149 1914763.839 0.071033803
24.085 1917507.082 0.070946927
24.021 1920272.117 0.070859905
23.956 1923058.845 0.070772751
23.891 1925867.171 0.070685479
23.826 1928696.998 0.070598102
23.760 1931548.229 0.070510634
23.694 1934420.767 0.070423088
23.628 1937314.515 0.070335479
23.562 1940229.375 0.070247819
23.495 1943165.249 0.070160122
23.428 1946122.041 0.070072402
23.361 1949099.652 0.069984672
23.293 1952097.984 0.069896944
23.225 1955116.940 0.069809233
23.157 1958156.422 0.069721551
23.089 1961216.330 0.069633911
23.020 1964296.568 0.069546327
22.951 1967397.037 0.069458810
22.882 1970517.638 0.069371374
22.813 1973658.274 0.069284033
22.743 1976818.847 0.069196797
22.673 1979999.257 0.069109681
22.603 1983199.407 0.069022696
22.533 1986419.198 0.068935854
22.463 1989658.532 0.068849170
22.392 1992917.312 0.068762653
22.321 1996195.438 0.068676318
22.250 1999492.813 0.068590175
22.179 2002809.338 0.068504238
22.108 2006144.917 0.068418517
22.036 2009499.450 0.068333026
21.964 2012872.840 0.068247775
21.892 2016264.990 0.068162777
21.820 2019675.801 0.068078043
21.748 2023105.176 0.067993584
21.675 2026553.019 0.067909413
21.603 2030019.231 0.067825541
21.530 2033503.716 0.067741979
21.457 2037006.376 0.067658738
21.384 2040527.115 0.067575829
21.311 2044065.837 0.067493265
21.237 2047622.444 0.067411055
21.164 2051196.840 0.067329211
21.090 2054788.930 0.067247744
21.017 2058398.617 0.067166664
20.943 2062025.806 0.067085982
20.869 2065670.401 0.067005709
20.795 2069332.307 0.066925856
20.721 2073011.428 0.066846433
20.646 2076707.670 0.066767450
20.572 2080420.938 0.066688919
20.498 2084151.138 0.066610848
20.423 2087898.175 0.066533249
20.348 2091661.956 0.066456132
20.274 2095442.386 0.066379507
20.199 2099239.373 0.066303384
20.124 2103052.822 0.066227772
20.049 2106882.642 0.066152683
