20.042 2108258.828 0.066094629
20.149 2102804.123 0.066201522
20.256 2097355.042 0.066310026
20.364 2091911.633 0.066420140
20.472 2086473.945 0.066531869
20.580 2081042.029 0.066645213
20.689 2075615.933 0.066760175
20.798 2070195.710 0.066876758
20.908 2064781.408 0.066994963
21.018 2059373.081 0.067114793
21.128 2053970.781 0.067236251
21.239 2048574.558 0.067359339
21.350 2043184.467 0.067484059
21.461 2037800.561 0.067610416
21.573 2032422.893 0.067738411
21.686 2027051.518 0.067868048
21.799 2021686.491 0.067999329
21.912 2016327.868 0.068132257
22.025 2010975.703 0.068266837
22.140 2005630.054 0.068403070
22.254 2000290.977 0.068540960
22.369 1994958.531 0.068680510
22.484 1989632.772 0.068821724
22.600 1984313.759 0.068964605
22.716 1979001.552 0.069109157
22.833 1973696.210 0.069255382
22.950 1968397.793 0.069403286
23.067 1963106.362 0.069552870
23.185 1957821.978 0.069704140
23.304 1952544.702 0.069857097
23.423 1947274.599 0.070011747
23.542 1942011.729 0.070168093
23.662 1936756.158 0.070326139
23.782 1931507.948 0.070485888
23.903 1926267.165 0.070647344
24.024 1921033.875 0.070810512
24.145 1915808.143 0.070975395
24.267 1910590.035 0.071141996
24.390 1905379.619 0.071310320
24.513 1900176.963 0.071480371
24.636 1894982.135 0.071652152
24.760 1889795.204 0.071825668
24.884 1884616.240 0.072000922
25.009 1879445.314 0.072177918
25.135 1874282.496 0.072356661
25.261 1869127.858 0.072537153
25.387 1863981.472 0.072719399
25.514 1858843.411 0.072903403
25.641 1853713.750 0.073089169
25.769 1848592.562 0.073276699
25.897 1843479.922 0.073465999
26.026 1838375.907 0.073657072
26.155 1833280.592 0.073849921
26.285 1828194.056 0.074044550
26.415 1823116.375 0.074240963
26.546 1818047.628 0.074439163
26.677 1812987.895 0.074639154
26.809 1807937.256 0.074840940
26.941 1802895.791 0.075044523
27.074 1797863.582 0.075249907
27.207 1792840.712 0.075457095
27.341 1787827.263 0.075666090
27.475 1782823.319 0.075876896
27.610 1777828.965 0.076089516
27.745 1772844.287 0.076303952
27.881 1767869.369 0.076520207
28.018 1762904.300 0.076738284
28.155 1757949.167 0.076958185
28.292 1753004.058 0.077179914
28.430 1748069.063 0.077403472
28.569 1743144.272 0.077628862
28.708 1738229.776 0.077856085
28.847 1733325.667 0.078085144
28.988 1728432.037 0.078316041
29.128 1723548.980 0.078548777
29.270 1718676.590 0.078783354
29.411 1713814.963 0.079019773
29.554 1708964.194 0.079258035
29.697 1704124.380 0.079498142
29.840 1699295.619 0.079740095
29.984 1694478.010 0.079983893
30.128 1689671.651 0.080229538
30.274 1684876.645 0.080477030
30.419 1680093.091 0.080726369
30.565 1675321.093 0.080977555
30.712 1670560.752 0.081230587
30.859 1665812.174 0.081485465
31.007 1661075.463 0.081742188
31.156 1656350.725 0.082000755
31.305 1651638.066 0.082261165
31.454 1646937.595 0.082523416
31.604 1642249.420 0.082787507
31.755 1637573.651 0.083053434
31.906 1632910.399 0.083321197
32.058 1628259.774 0.083590791
32.210 1623621.889 0.083862215
32.363 1618996.858 0.084135464
32.517 1614384.795 0.084410536
32.671 1609785.816 0.084687425
32.825 1605200.036 0.084966129
32.980 1600627.574 0.085246642
33.136 1596068.547 0.085528960
33.292 1591523.076 0.085813076
33.449 1586991.279 0.086098986
33.607 1582473.279 0.086386682
33.765 1577969.198 0.086676160
33.923 1573479.158 0.086967411
34.082 1569003.286 0.087260428
34.242 1564541.705 0.087555204
34.402 1560094.543 0.087851731
34.563 1555661.926 0.088149999
34.725 1551243.984 0.088450000
34.886 1546840.845 0.088751724
35.049 1542452.640 0.089055161
35.212 1538079.500 0.089360300
35.376 1533721.559 0.089667132
35.540 1529378.950 0.089975643
35.704 1525051.806 0.090285822
35.870 1520740.265 0.090597656
36.035 1516444.463 0.090911133
36.202 1512164.537 0.091226238
36.368 1507900.626 0.091542957
36.536 1503652.870 0.091861276
36.704 1499421.409 0.092181179
36.872 1495206.387 0.092502650
37.041 1491007.945 0.092825673
37.211 1486826.228 0.093150229
37.381 1482661.380 0.093476302
37.551 1478513.548 0.093803872
37.722 1474382.879 0.094132921
37.894 1470269.521 0.094463428
38.066 1466173.622 0.094795374
38.238 1462095.333 0.095128736
38.411 1458034.806 0.095463494
38.585 1453992.192 0.095799624
38.759 1449967.644 0.096137102
38.933 1445961.317 0.096475906
39.108 1441973.366 0.096816009
39.284 1438003.947 0.097157387
39.460 1434053.217 0.097500012
39.636 1430121.335 0.097843859
39.813 1426208.459 0.098188898
39.990 1422314.750 0.098535101
40.168 1418440.368 0.098882439
40.346 1414585.476 0.099230880
40.524 1410750.236 0.099580395
40.703 1406934.812 0.099930950
40.882 1403139.370 0.100282513
41.062 1399364.074 0.100635050
41.242 1395609.092 0.100988527
41.422 1391874.591 0.101342907
41.603 1388160.739 0.101698155
41.784 1384467.705 0.102054233
41.965 1380795.659 0.102411103
42.147 1377144.773 0.102768726
42.329 1373515.218 0.103127061
42.511 1369907.166 0.103486068
42.694 1366320.791 0.103845705
42.876 1362756.266 0.104205929
43.059 1359213.767 0.104566696
43.243 1355693.470 0.104927962
43.426 1352195.549 0.105289680
43.610 1348720.182 0.105651805
43.794 1345267.548 0.106014288
43.978 1341837.823 0.106377082
44.162 1338431.187 0.106740136
44.347 1335047.819 0.107103400
44.531 1331687.899 0.107466822
44.716 1328351.609 0.107830351
44.901 1325039.128 0.108193933
45.086 1321750.639 0.108557513
45.270 1318486.324 0.108921036
45.455 1315246.365 0.109284446
45.640 1312030.946 0.109647686
45.825 1308840.249 0.110010698
46.010 1305674.459 0.110373422
46.195 1302533.759 0.110735798
46.380 1299418.335 0.111097765
46.564 1296328.369 0.111459262
46.749 1293264.049 0.111820225
46.933 1290225.558 0.112180591
47.117 1287213.081 0.112540295
47.301 1284226.805 0.112899271
47.485 1281266.915 0.113257454
47.669 1278333.596 0.113614775
47.852 1275427.034 0.113971166
48.035 1272547.414 0.114326559
48.218 1269694.922 0.114680884
48.400 1266869.744 0.115034070
48.582 1264072.064 0.115386045
48.763 1261302.068 0.115736737
48.944 1258559.941 0.116086074
49.124 1255845.867 0.116433982
49.304 1253160.030 0.116780386
49.484 1250502.615 0.117125211
49.662 1247873.805 0.117468382
49.841 1245273.783 0.117809822
50.018 1242702.732 0.118149453
50.195 1240160.834 0.118487200
50.371 1237648.271 0.118822983
50.546 1235165.222 0.119156724
50.721 1232711.869 0.119488344
50.894 1230288.391 0.119817762
51.067 1227894.966 0.120144900
51.239 1225531.772 0.120469677
51.409 1223198.987 0.120792011
51.579 1220896.786 0.121111823
51.748 1218625.344 0.121429030
51.915 1216384.835 0.121743551
52.082 1214175.432 0.122055305
52.247 1211997.306 0.122364208
52.411 1209850.629 0.122670180
52.574 1207735.569 0.122973138
52.735 1205652.293 0.123273000
52.895 1203600.970 0.123569683
53.054 1201581.763 0.123863105
53.211 1199594.835 0.124153186
53.366 1197640.350 0.124439841
53.520 1195718.468 0.124722991
53.673 1193829.347 0.125002553
53.824 1191973.144 0.125278446
53.973 1190150.014 0.125550589
54.120 1188360.111 0.125818903
54.265 1186603.587 0.126083306
54.409 1184880.590 0.126343720
54.550 1183191.269 0.126600066
54.690 1181535.769 0.126852264
54.827 1179914.233 0.127100238
54.963 1178326.803 0.127343911
55.096 1176773.618 0.127583206
55.227 1175254.813 0.127818047
55.356 1173770.524 0.128048360
55.483 1172320.883 0.128274072
55.607 1170906.019 0.128495110
55.729 1169526.058 0.128711401
55.849 1168181.127 0.128922876
55.966 1166871.345 0.129129465
56.080 1165596.833 0.129331099
56.192 1164357.708 0.129527712
56.301 1163154.081 0.129719237
56.407 1161986.066 0.129905610
56.511 1160853.769 0.130086768
56.612 1159757.296 0.130262649
56.710 1158696.749 0.130433194
56.805 1157672.227 0.130598342
56.897 1156683.827 0.130758038
56.987 1155731.640 0.130912226
57.073 1154815.759 0.131060851
57.156 1153936.268 0.131203863
57.236 1153093.252 0.131341209
57.313 1152286.791 0.131472843
57.386 1151516.962 0.131598716
57.457 1150783.839 0.131718785
57.524 1150087.491 0.131833006
57.588 1149427.987 0.131941338
57.648 1148805.389 0.132043743
57.705 1148219.758 0.132140183
57.759 1147671.149 0.132230623
57.809 1147159.617 0.132315031
57.856 1146685.211 0.132393375
57.899 1146247.977 0.132465628
57.939 1145847.957 0.132531763
57.975 1145485.190 0.132591755
58.008 1145159.712 0.132645582
58.037 1144871.553 0.132693225
58.062 1144620.742 0.132734666
58.084 1144407.303 0.132769890
58.102 1144231.257 0.132798884
58.117 1144092.620 0.132821636
58.128 1143991.406 0.132838139
58.135 1143927.624 0.132848387
58.139 1143901.279 0.132852375
58.138 1143912.375 0.132850101
58.135 1143960.910 0.132841568
58.128 1144046.877 0.132826778
58.117 1144170.269 0.132805735
58.102 1144331.071 0.132778449
58.084 1144529.269 0.132744929
58.062 1144764.841 0.132705187
58.036 1145037.764 0.132659238
58.007 1145348.010 0.132607099
57.975 1145695.548 0.132548789
57.938 1146080.344 0.132484329
57.899 1146502.359 0.132413742
57.855 1146961.551 0.132337055
57.809 1147457.874 0.132254296
57.759 1147991.279 0.132165493
57.705 1148561.715 0.132070681
57.648 1149169.123 0.131969892
57.587 1149813.445 0.131863164
57.524 1150494.618 0.131750534
57.457 1151212.574 0.131632043
57.386 1151967.245 0.131507733
57.313 1152758.556 0.131377648
57.236 1153586.431 0.131241836
57.156 1154450.790 0.131100342
57.073 1155351.550 0.130953218
56.987 1156288.624 0.130800515
56.898 1157261.923 0.130642286
56.806 1158271.354 0.130478587
56.711 1159316.822 0.130309472
56.613 1160398.226 0.130135002
56.512 1161515.466 0.129955235
56.409 1162668.436 0.129770233
56.303 1163857.029 0.129580059
56.194 1165081.134 0.129384776
56.082 1166340.638 0.129184449
55.968 1167635.424 0.128979147
55.851 1168965.373 0.128768935
55.732 1170330.365 0.128553884
55.610 1171730.273 0.128334064
55.486 1173164.973 0.128109547
55.360 1174634.333 0.127880403
55.231 1176138.224 0.127646708
55.100 1177676.509 0.127408534
54.967 1179249.054 0.127165958
54.832 1180855.718 0.126919055
54.695 1182496.362 0.126667903
54.556 1184170.841 0.126412577
54.415 1185879.010 0.126153157
54.271 1187620.722 0.125889722
54.126 1189395.828 0.125622350
53.980 1191204.175 0.125351121
53.831 1193045.611 0.125076116
53.681 1194919.980 0.124797415
53.529 1196827.125 0.124515100
53.375 1198766.889 0.124229251
53.220 1200739.109 0.123939951
53.064 1202743.625 0.123647280
52.905 1204780.272 0.123351321
52.746 1206848.887 0.123052156
52.585 1208949.301 0.122749867
52.423 1211081.347 0.122444537
52.259 1213244.857 0.122136247
52.095 1215439.659 0.121825079
51.929 1217665.582 0.121511115
51.762 1219922.452 0.121194438
51.594 1222210.097 0.120875128
51.424 1224528.340 0.120553267
51.254 1226877.006 0.120228937
51.083 1229255.917 0.119902217
50.911 1231664.896 0.119573189
50.738 1234103.764 0.119241933
50.564 1236572.341 0.118908527
50.390 1239070.447 0.118573052
50.214 1241597.901 0.118235586
50.038 1244154.521 0.117896207
49.861 1246740.125 0.117554994
49.684 1249354.530 0.117212022
49.506 1251997.553 0.116867369
49.327 1254669.009 0.116521110
49.148 1257368.716 0.116173321
48.968 1260096.488 0.115824076
48.788 1262852.140 0.115473449
48.607 1265635.487 0.115121514
48.426 1268446.344 0.114768342
48.244 1271284.526 0.114414005
48.063 1274149.846 0.114058574
47.880 1277042.119 0.113702119
47.698 1279961.159 0.113344709
47.515 1282906.780 0.112986413
47.332 1285878.796 0.112627299
47.149 1288877.021 0.112267432
46.965 1291901.271 0.111906878
46.782 1294951.358 0.111545704
46.598 1298027.098 0.111183971
46.414 1301128.305 0.110821745
46.230 1304254.795 0.110459086
46.046 1307406.383 0.110096056
45.862 1310582.884 0.109732716
45.678 1313784.114 0.109369124
45.493 1317009.889 0.109005340
45.309 1320260.027 0.108641420
45.125 1323534.343 0.108277421
44.941 1326832.657 0.107913399
44.757 1330154.785 0.107549408
44.573 1333500.546 0.107185502
44.390 1336869.759 0.106821733
44.206 1340262.244 0.106458154
44.023 1343677.820 0.106094815
43.839 1347116.310 0.105731765
43.656 1350577.533 0.105369054
43.473 1354061.313 0.105006729
43.290 1357567.471 0.104644838
43.108 1361095.831 0.104283425
42.926 1364646.217 0.103922537
42.744 1368218.454 0.103562217
42.562 1371812.368 0.103202508
42.380 1375427.785 0.102843453
42.199 1379064.531 0.102485092
42.018 1382722.436 0.102127466
41.838 1386401.327 0.101770614
41.657 1390101.034 0.101414575
41.478 1393821.388 0.101059386
41.298 1397562.219 0.100705084
41.119 1401323.360 0.100351705
40.940 1405104.644 0.099999283
40.762 1408905.905 0.099647853
40.584 1412726.978 0.099297447
40.406 1416567.698 0.098948098
40.229 1420427.902 0.098599838
40.052 1424307.427 0.098252696
39.876 1428206.112 0.097906704
39.700 1432123.797 0.097561889
39.524 1436060.323 0.097218280
39.349 1440015.529 0.096875905
39.174 1443989.260 0.096534789
39.000 1447981.358 0.096194959
38.827 1451991.667 0.095856440
38.653 1456020.034 0.095519255
38.481 1460066.305 0.095183430
38.308 1464130.326 0.094848986
38.137 1468211.947 0.094515945
37.965 1472311.016 0.094184329
37.795 1476427.385 0.093854159
37.624 1480560.905 0.093525455
37.455 1484711.428 0.093198235
37.285 1488878.808 0.092872519
37.117 1493062.900 0.092548326
36.948 1497263.558 0.092225671
36.781 1501480.641 0.091904572
36.613 1505714.005 0.091585045
36.447 1509963.510 0.091267106
36.281 1514229.014 0.090950769
36.115 1518510.380 0.090636050
35.950 1522807.468 0.090322961
35.786 1527120.142 0.090011516
35.622 1531448.266 0.089701728
35.458 1535791.704 0.089393609
35.296 1540150.323 0.089087171
35.133 1544523.990 0.088782424
34.972 1548912.573 0.088479379
34.810 1553315.941 0.088178047
34.650 1557733.964 0.087878438
34.490 1562166.513 0.087580559
34.330 1566613.461 0.087284420
34.171 1571074.681 0.086990030
34.013 1575550.047 0.086697396
33.855 1580039.434 0.086406526
33.698 1584542.719 0.086117426
33.541 1589059.779 0.085830103
33.385 1593590.493 0.085544564
33.229 1598134.739 0.085260813
33.074 1602692.398 0.084978857
32.920 1607263.352 0.084698701
32.766 1611847.482 0.084420349
32.612 1616444.672 0.084143805
32.460 1621054.806 0.083869074
32.307 1625677.770 0.083596159
32.156 1630313.449 0.083325064
32.005 1634961.731 0.083055792
31.854 1639622.504 0.082788344
31.704 1644295.658 0.082522725
31.555 1648981.081 0.082258935
31.406 1653678.666 0.081996977
31.257 1658388.304 0.081736852
31.110 1663109.888 0.081478562
30.963 1667843.312 0.081222108
30.816 1672588.471 0.080967490
30.670 1677345.260 0.080714709
30.524 1682113.576 0.080463765
30.379 1686893.317 0.080214659
30.235 1691684.380 0.079967390
30.091 1696486.665 0.079721959
29.948 1701300.073 0.079478364
29.805 1706124.504 0.079236605
29.663 1710959.861 0.078996681
29.521 1715806.046 0.078758591
29.380 1720662.962 0.078522333
29.239 1725530.515 0.078287907
29.099 1730408.610 0.078055310
28.960 1735297.153 0.077824542
28.820 1740196.051 0.077595599
28.682 1745105.212 0.077368480
28.544 1750024.545 0.077143183
28.407 1754953.960 0.076919705
28.270 1759893.366 0.076698045
28.133 1764842.675 0.076478199
27.998 1769801.800 0.076260165
27.862 1774770.652 0.076043939
27.728 1779749.146 0.075829520
27.593 1784737.196 0.075616904
27.459 1789734.716 0.075406088
27.326 1794741.624 0.075197069
27.194 1799757.835 0.074989844
27.061 1804783.268 0.074784409
26.930 1809817.840 0.074580760
26.798 1814861.470 0.074378896
26.668 1819914.079 0.074178810
26.538 1824975.586 0.073980502
26.408 1830045.912 0.073783965
26.279 1835124.980 0.073589198
26.150 1840212.713 0.073396196
26.022 1845309.032 0.073204955
25.894 1850413.864 0.073015471
25.767 1855527.131 0.072827741
25.640 1860648.761 0.072641760
25.514 1865778.678 0.072457525
25.388 1870916.809 0.072275032
25.263 1876063.083 0.072094276
25.138 1881217.426 0.071915254
25.014 1886379.769 0.071737962
24.890 1891550.040 0.071562395
24.766 1896728.169 0.071388549
24.643 1901914.087 0.071216421
24.521 1907107.726 0.071046007
24.399 1912309.018 0.070877301
24.277 1917517.894 0.070710301
24.156 1922734.289 0.070545003
24.036 1927958.136 0.070381401
23.916 1933189.370 0.070219492
23.796 1938427.925 0.070059273
23.677 1943673.738 0.069900739
23.558 1948926.744 0.069743886
23.440 1954186.881 0.069588710
23.322 1959454.086 0.069435208
23.204 1964728.297 0.069283375
23.087 1970009.452 0.069133208
22.971 1975297.491 0.068984703
22.854 1980592.353 0.068837856
22.739 1985893.979 0.068692663
22.623 1991202.309 0.068549120
22.509 1996517.284 0.068407225
22.394 2001838.848 0.068266973
22.280 2007166.941 0.068128361
22.166 2012501.507 0.067991386
22.053 2017842.489 0.067856043
21.941 2023189.831 0.067722330
21.828 2028543.479 0.067590243
21.716 2033903.376 0.067459780
21.605 2039269.468 0.067330936
21.494 2044641.701 0.067203708
21.383 2050020.023 0.067078095
21.273 2055404.378 0.066954092
21.163 2060794.716 0.066831696
21.053 2066190.984 0.066710906
20.944 2071593.131 0.066591717
20.835 2077001.104 0.066474129
20.727 2082414.854 0.066358136
20.619 2087834.331 0.066243739
20.512 2093259.484 0.066130933
20.404 2098690.265 0.066019716
20.298 2104126.624 0.065910087
20.191 2109568.513 0.065802043
20.085 2115015.885 0.065695581
0.0 0.0 0.0
0.0 0.0 0.0
0.0 0.0 0.0
0.0 0.0 0.0
0.0 0.0 0.0
0.0 0.0 0.0
0.0 0.0 0.0
0.0 0.0 0.0
0.0 0.0 0.0
0.0 0.0 0.0
0.0 0.0 0.0
0.0 0.0 0.0
0.0 0.0 0.0
0.0 0.0 0.0
0.0 0.0 0.0
0.0 0.0 0.0
0.0 0.0 0.0
0.0 0.0 0.0
0.0 0.0 0.0
0.0 0.0 0.0
0.0 0.0 0.0
0.0 0.0 0.0
0.0 0.0 0.0
0.0 0.0 0.0
0.0 0.0 0.0
0.0 0.0 0.0
0.0 0.0 0.0
0.0 0.0 0.0
0.0 0.0 0.0
0.0 0.0 0.0
0.0 0.0 0.0
0.0 0.0 0.0
0.0 0.0 0.0
0.0 0.0 0.0
0.0 0.0 0.0
0.0 0.0 0.0
0.0 0.0 0.0
0.0 0.0 0.0
0.0 0.0 0.0
0.0 0.0 0.0
0.0 0.0 0.0
0.0 0.0 0.0
0.0 0.0 0.0
0.0 0.0 0.0
0.0 0.0 0.0
0.0 0.0 0.0
0.0 0.0 0.0
0.0 0.0 0.0
0.0 0.0 0.0
0.0 0.0 0.0
0.0 0.0 0.0
0.0 0.0 0.0
0.0 0.0 0.0
0.0 0.0 0.0
0.0 0.0 0.0
0.0 0.0 0.0
0.0 0.0 0.0
0.0 0.0 0.0
0.0 0.0 0.0
0.0 0.0 0.0
0.0 0.0 0.0
0.0 0.0 0.0
0.0 0.0 0.0
0.0 0.0 0.0
0.0 0.0 0.0
0.0 0.0 0.0
0.0 0.0 0.0
0.0 0.0 0.0
0.0 0.0 0.0
0.0 0.0 0.0
0.0 0.0 0.0
0.0 0.0 0.0
0.0 0.0 0.0
0.0 0.0 0.0
0.0 0.0 0.0
0.0 0.0 0.0
0.0 0.0 0.0
0.0 0.0 0.0
0.0 0.0 0.0
0.0 0.0 0.0
0.0 0.0 0.0
0.0 0.0 0.0
0.0 0.0 0.0
0.0 0.0 0.0
0.0 0.0 0.0
0.0 0.0 0.0
0.0 0.0 0.0
0.0 0.0 0.0
0.0 0.0 0.0
0.0 0.0 0.0
0.0 0.0 0.0
0.0 0.0 0.0
0.0 0.0 0.0
0.0 0.0 0.0
0.0 0.0 0.0
0.0 0.0 0.0
0.0 0.0 0.0
0.0 0.0 0.0
0.0 0.0 0.0
0.0 0.0 0.0
0.0 0.0 0.0
0.0 0.0 0.0
0.0 0.0 0.0
0.0 0.0 0.0
0.0 0.0 0.0
0.0 0.0 0.0
0.0 0.0 0.0
0.0 0.0 0.0
0.0 0.0 0.0
0.0 0.0 0.0
0.0 0.0 0.0
0.0 0.0 0.0
0.0 0.0 0.0
0.0 0.0 0.0
0.0 0.0 0.0
0.0 0.0 0.0
0.0 0.0 0.0
0.0 0.0 0.0
0.0 0.0 0.0
0.0 0.0 0.0
0.0 0.0 0.0
0.0 0.0 0.0
0.0 0.0 0.0
0.0 0.0 0.0
0.0 0.0 0.0
0.0 0.0 0.0
0.0 0.0 0.0
0.0 0.0 0.0
0.0 0.0 0.0
0.0 0.0 0.0
0.0 0.0 0.0
0.0 0.0 0.0
0.0 0.0 0.0
0.0 0.0 0.0
0.0 0.0 0.0
0.0 0.0 0.0
0.0 0.0 0.0
0.0 0.0 0.0
0.0 0.0 0.0
0.0 0.0 0.0
0.0 0.0 0.0
0.0 0.0 0.0
0.0 0.0 0.0
0.0 0.0 0.0
0.0 0.0 0.0
0.0 0.0 0.0
0.0 0.0 0.0
0.0 0.0 0.0
0.0 0.0 0.0
0.0 0.0 0.0
0.0 0.0 0.0
0.0 0.0 0.0
0.0 0.0 0.0
0.0 0.0 0.0
0.0 0.0 0.0
0.0 0.0 0.0
0.0 0.0 0.0
0.0 0.0 0.0
0.0 0.0 0.0
0.0 0.0 0.0
0.0 0.0 0.0
0.0 0.0 0.0
0.0 0.0 0.0
0.0 0.0 0.0
0.0 0.0 0.0
0.0 0.0 0.0
0.0 0.0 0.0
0.0 0.0 0.0
0.0 0.0 0.0
0.0 0.0 0.0
0.0 0.0 0.0
0.0 0.0 0.0
0.0 0.0 0.0
0.0 0.0 0.0
0.0 0.0 0.0
0.0 0.0 0.0
0.0 0.0 0.0
0.0 0.0 0.0
0.0 0.0 0.0
0.0 0.0 0.0
0.0 0.0 0.0
0.0 0.0 0.0
0.0 0.0 0.0
0.0 0.0 0.0
0.0 0.0 0.0
0.0 0.0 0.0
0.0 0.0 0.0
0.0 0.0 0.0
0.0 0.0 0.0
0.0 0.0 0.0
0.0 0.0 0.0
0.0 0.0 0.0
0.0 0.0 0.0
0.0 0.0 0.0
0.0 0.0 0.0
0.0 0.0 0.0
0.0 0.0 0.0
0.0 0.0 0.0
0.0 0.0 0.0
0.0 0.0 0.0
0.0 0.0 0.0
0.0 0.0 0.0
0.0 0.0 0.0
0.0 0.0 0.0
0.0 0.0 0.0
0.0 0.0 0.0
0.0 0.0 0.0
0.0 0.0 0.0
0.0 0.0 0.0
0.0 0.0 0.0
0.0 0.0 0.0
0.0 0.0 0.0
0.0 0.0 0.0
0.0 0.0 0.0
0.0 0.0 0.0
0.0 0.0 0.0
0.0 0.0 0.0
0.0 0.0 0.0
0.0 0.0 0.0
0.0 0.0 0.0
0.0 0.0 0.0
0.0 0.0 0.0
0.0 0.0 0.0
0.0 0.0 0.0
0.0 0.0 0.0
0.0 0.0 0.0
0.0 0.0 0.0
0.0 0.0 0.0
0.0 0.0 0.0
0.0 0.0 0.0
0.0 0.0 0.0
0.0 0.0 0.0
0.0 0.0 0.0
0.0 0.0 0.0
0.0 0.0 0.0
0.0 0.0 0.0
0.0 0.0 0.0
0.0 0.0 0.0
0.0 0.0 0.0
0.0 0.0 0.0
0.0 0.0 0.0
0.0 0.0 0.0
0.0 0.0 0.0
0.0 0.0 0.0
0.0 0.0 0.0
0.0 0.0 0.0
0.0 0.0 0.0
0.0 0.0 0.0
0.0 0.0 0.0
0.0 0.0 0.0
0.0 0.0 0.0
0.0 0.0 0.0
0.0 0.0 0.0
0.0 0.0 0.0
0.0 0.0 0.0
0.0 0.0 0.0
0.0 0.0 0.0
0.0 0.0 0.0
0.0 0.0 0.0
0.0 0.0 0.0
0.0 0.0 0.0
0.0 0.0 0.0
0.0 0.0 0.0
0.0 0.0 0.0
0.0 0.0 0.0
0.0 0.0 0.0
0.0 0.0 0.0
0.0 0.0 0.0
0.0 0.0 0.0
0.0 0.0 0.0
0.0 0.0 0.0
0.0 0.0 0.0
0.0 0.0 0.0
0.0 0.0 0.0
0.0 0.0 0.0
0.0 0.0 0.0
0.0 0.0 0.0
0.0 0.0 0.0
0.0 0.0 0.0
0.0 0.0 0.0
0.0 0.0 0.0
0.0 0.0 0.0
0.0 0.0 0.0
0.0 0.0 0.0
0.0 0.0 0.0
0.0 0.0 0.0
0.0 0.0 0.0
0.0 0.0 0.0
0.0 0.0 0.0
0.0 0.0 0.0
0.0 0.0 0.0
0.0 0.0 0.0
0.0 0.0 0.0
0.0 0.0 0.0
0.0 0.0 0.0
0.0 0.0 0.0
0.0 0.0 0.0
0.0 0.0 0.0
0.0 0.0 0.0
0.0 0.0 0.0
0.0 0.0 0.0
0.0 0.0 0.0
0.0 0.0 0.0
0.0 0.0 0.0
0.0 0.0 0.0
0.0 0.0 0.0
0.0 0.0 0.0
0.0 0.0 0.0
0.0 0.0 0.0
0.0 0.0 0.0
0.0 0.0 0.0
0.0 0.0 0.0
0.0 0.0 0.0
0.0 0.0 0.0
0.0 0.0 0.0
0.0 0.0 0.0
0.0 0.0 0.0
0.0 0.0 0.0
0.0 0.0 0.0
0.0 0.0 0.0
0.0 0.0 0.0
0.0 0.0 0.0
0.0 0.0 0.0
0.0 0.0 0.0
0.0 0.0 0.0
0.0 0.0 0.0
0.0 0.0 0.0
0.0 0.0 0.0
0.0 0.0 0.0
0.0 0.0 0.0
0.0 0.0 0.0
0.0 0.0 0.0
0.0 0.0 0.0
0.0 0.0 0.0
0.0 0.0 0.0
0.0 0.0 0.0
0.0 0.0 0.0
0.0 0.0 0.0
0.0 0.0 0.0
0.0 0.0 0.0
0.0 0.0 0.0
0.0 0.0 0.0
0.0 0.0 0.0
0.0 0.0 0.0
0.0 0.0 0.0
0.0 0.0 0.0
0.0 0.0 0.0
0.0 0.0 0.0
0.0 0.0 0.0
0.0 0.0 0.0
0.0 0.0 0.0
0.0 0.0 0.0
0.0 0.0 0.0
0.0 0.0 0.0
0.0 0.0 0.0
0.0 0.0 0.0
0.0 0.0 0.0
0.0 0.0 0.0
0.0 0.0 0.0
0.0 0.0 0.0
0.0 0.0 0.0
0.0 0.0 0.0
0.0 0.0 0.0
0.0 0.0 0.0
0.0 0.0 0.0
0.0 0.0 0.0
0.0 0.0 0.0
0.0 0.0 0.0
0.0 0.0 0.0
0.0 0.0 0.0
0.0 0.0 0.0
0.0 0.0 0.0
0.0 0.0 0.0
0.0 0.0 0.0
0.0 0.0 0.0
0.0 0.0 0.0
0.0 0.0 0.0
0.0 0.0 0.0
0.0 0.0 0.0
0.0 0.0 0.0
0.0 0.0 0.0
0.0 0.0 0.0
0.0 0.0 0.0
0.0 0.0 0.0
0.0 0.0 0.0
0.0 0.0 0.0
0.0 0.0 0.0
0.0 0.0 0.0
0.0 0.0 0.0
0.0 0.0 0.0
0.0 0.0 0.0
0.0 0.0 0.0
0.0 0.0 0.0
0.0 0.0 0.0
0.0 0.0 0.0
0.0 0.0 0.0
0.0 0.0 0.0
0.0 0.0 0.0
0.0 0.0 0.0
0.0 0.0 0.0
0.0 0.0 0.0
0.0 0.0 0.0
0.0 0.0 0.0
0.0 0.0 0.0
0.0 0.0 0.0
0.0 0.0 0.0
0.0 0.0 0.0
0.0 0.0 0.0
0.0 0.0 0.0
0.0 0.0 0.0
0.0 0.0 0.0
0.0 0.0 0.0
0.0 0.0 0.0
0.0 0.0 0.0
0.0 0.0 0.0
0.0 0.0 0.0
0.0 0.0 0.0
0.0 0.0 0.0
0.0 0.0 0.0
0.0 0.0 0.0
0.0 0.0 0.0
0.0 0.0 0.0
0.0 0.0 0.0
0.0 0.0 0.0
0.0 0.0 0.0
0.0 0.0 0.0
0.0 0.0 0.0
0.0 0.0 0.0
0.0 0.0 0.0
0.0 0.0 0.0
0.0 0.0 0.0
0.0 0.0 0.0
0.0 0.0 0.0
0.0 0.0 0.0
0.0 0.0 0.0
0.0 0.0 0.0
0.0 0.0 0.0
0.0 0.0 0.0
0.0 0.0 0.0
0.0 0.0 0.0
0.0 0.0 0.0
0.0 0.0 0.0
0.0 0.0 0.0
0.0 0.0 0.0
0.0 0.0 0.0
0.0 0.0 0.0
0.0 0.0 0.0
0.0 0.0 0.0
0.0 0.0 0.0
0.0 0.0 0.0
0.0 0.0 0.0
0.0 0.0 0.0
0.0 0.0 0.0
0.0 0.0 0.0
0.0 0.0 0.0
0.0 0.0 0.0
0.0 0.0 0.0
0.0 0.0 0.0
0.0 0.0 0.0
0.0 0.0 0.0
0.0 0.0 0.0
0.0 0.0 0.0
0.0 0.0 0.0
0.0 0.0 0.0
0.0 0.0 0.0
0.0 0.0 0.0
0.0 0.0 0.0
0.0 0.0 0.0
0.0 0.0 0.0
0.0 0.0 0.0
0.0 0.0 0.0
0.0 0.0 0.0
0.0 0.0 0.0
0.0 0.0 0.0
0.0 0.0 0.0
0.0 0.0 0.0
0.0 0.0 0.0
0.0 0.0 0.0
0.0 0.0 0.0
0.0 0.0 0.0
0.0 0.0 0.0
0.0 0.0 0.0
0.0 0.0 0.0
0.0 0.0 0.0
0.0 0.0 0.0
0.0 0.0 0.0
0.0 0.0 0.0
0.0 0.0 0.0
0.0 0.0 0.0
0.0 0.0 0.0
0.0 0.0 0.0
0.0 0.0 0.0
0.0 0.0 0.0
0.0 0.0 0.0
0.0 0.0 0.0
0.0 0.0 0.0
0.0 0.0 0.0
0.0 0.0 0.0
0.0 0.0 0.0
0.0 0.0 0.0
0.0 0.0 0.0
0.0 0.0 0.0
0.0 0.0 0.0
0.0 0.0 0.0
0.0 0.0 0.0
0.0 0.0 0.0
0.0 0.0 0.0
0.0 0.0 0.0
0.0 0.0 0.0
0.0 0.0 0.0
0.0 0.0 0.0
0.0 0.0 0.0
0.0 0.0 0.0
0.0 0.0 0.0
0.0 0.0 0.0
0.0 0.0 0.0
0.0 0.0 0.0
0.0 0.0 0.0
0.0 0.0 0.0
0.0 0.0 0.0
0.0 0.0 0.0
0.0 0.0 0.0
0.0 0.0 0.0
0.0 0.0 0.0
0.0 0.0 0.0
0.0 0.0 0.0
0.0 0.0 0.0
0.0 0.0 0.0
0.0 0.0 0.0
0.0 0.0 0.0
0.0 0.0 0.0
0.0 0.0 0.0
0.0 0.0 0.0
0.0 0.0 0.0
0.0 0.0 0.0
0.0 0.0 0.0
0.0 0.0 0.0
0.0 0.0 0.0
0.0 0.0 0.0
0.0 0.0 0.0
0.0 0.0 0.0
0.0 0.0 0.0
0.0 0.0 0.0
0.0 0.0 0.0
0.0 0.0 0.0
0.0 0.0 0.0
0.0 0.0 0.0
0.0 0.0 0.0
0.0 0.0 0.0
0.0 0.0 0.0
0.0 0.0 0.0
0.0 0.0 0.0
0.0 0.0 0.0
0.0 0.0 0.0
0.0 0.0 0.0
0.0 0.0 0.0
0.0 0.0 0.0
0.0 0.0 0.0
0.0 0.0 0.0
0.0 0.0 0.0
0.0 0.0 0.0
0.0 0.0 0.0
0.0 0.0 0.0
0.0 0.0 0.0
0.0 0.0 0.0
0.0 0.0 0.0
0.0 0.0 0.0
0.0 0.0 0.0
0.0 0.0 0.0
0.0 0.0 0.0
0.0 0.0 0.0
0.0 0.0 0.0
0.0 0.0 0.0
0.0 0.0 0.0
0.0 0.0 0.0
0.0 0.0 0.0
0.0 0.0 0.0
0.0 0.0 0.0
0.0 0.0 0.0
0.0 0.0 0.0
0.0 0.0 0.0
0.0 0.0 0.0
0.0 0.0 0.0
0.0 0.0 0.0
0.0 0.0 0.0
0.0 0.0 0.0
0.0 0.0 0.0
0.0 0.0 0.0
0.0 0.0 0.0
0.0 0.0 0.0
0.0 0.0 0.0
0.0 0.0 0.0
0.0 0.0 0.0
0.0 0.0 0.0
0.0 0.0 0.0
0.0 0.0 0.0
0.0 0.0 0.0
0.0 0.0 0.0
0.0 0.0 0.0
0.0 0.0 0.0
0.0 0.0 0.0
0.0 0.0 0.0
0.0 0.0 0.0
0.0 0.0 0.0
0.0 0.0 0.0
0.0 0.0 0.0
0.0 0.0 0.0
0.0 0.0 0.0
0.0 0.0 0.0
0.0 0.0 0.0
0.0 0.0 0.0
0.0 0.0 0.0
0.0 0.0 0.0
0.0 0.0 0.0
0.0 0.0 0.0
0.0 0.0 0.0
0.0 0.0 0.0
0.0 0.0 0.0
0.0 0.0 0.0
0.0 0.0 0.0
0.0 0.0 0.0
0.0 0.0 0.0
0.0 0.0 0.0
0.0 0.0 0.0
0.0 0.0 0.0
0.0 0.0 0.0
0.0 0.0 0.0
0.0 0.0 0.0
0.0 0.0 0.0
0.0 0.0 0.0
0.0 0.0 0.0
0.0 0.0 0.0
0.0 0.0 0.0
0.0 0.0 0.0
0.0 0.0 0.0
0.0 0.0 0.0
0.0 0.0 0.0
0.0 0.0 0.0
0.0 0.0 0.0
0.0 0.0 0.0
0.0 0.0 0.0
0.0 0.0 0.0
0.0 0.0 0.0
0.0 0.0 0.0
0.0 0.0 0.0
0.0 0.0 0.0
0.0 0.0 0.0
0.0 0.0 0.0
0.0 0.0 0.0
0.0 0.0 0.0
0.0 0.0 0.0
0.0 0.0 0.0
0.0 0.0 0.0
0.0 0.0 0.0
0.0 0.0 0.0
0.0 0.0 0.0
0.0 0.0 0.0
0.0 0.0 0.0
0.0 0.0 0.0
0.0 0.0 0.0
0.0 0.0 0.0
0.0 0.0 0.0
0.0 0.0 0.0
0.0 0.0 0.0
0.0 0.0 0.0
0.0 0.0 0.0
0.0 0.0 0.0
0.0 0.0 0.0
0.0 0.0 0.0
0.0 0.0 0.0
0.0 0.0 0.0
0.0 0.0 0.0
0.0 0.0 0.0
0.0 0.0 0.0
0.0 0.0 0.0
0.0 0.0 0.0
0.0 0.0 0.0
0.0 0.0 0.0
0.0 0.0 0.0
0.0 0.0 0.0
0.0 0.0 0.0
0.0 0.0 0.0
0.0 0.0 0.0
0.0 0.0 0.0
0.0 0.0 0.0
0.0 0.0 0.0
0.0 0.0 0.0
0.0 0.0 0.0
0.0 0.0 0.0
0.0 0.0 0.0
0.0 0.0 0.0
0.0 0.0 0.0
0.0 0.0 0.0
0.0 0.0 0.0
0.0 0.0 0.0
0.0 0.0 0.0
0.0 0.0 0.0
0.0 0.0 0.0
0.0 0.0 0.0
0.0 0.0 0.0
0.0 0.0 0.0
0.0 0.0 0.0
0.0 0.0 0.0
0.0 0.0 0.0
0.0 0.0 0.0
0.0 0.0 0.0
0.0 0.0 0.0
0.0 0.0 0.0
0.0 0.0 0.0
0.0 0.0 0.0
0.0 0.0 0.0
0.0 0.0 0.0
0.0 0.0 0.0
0.0 0.0 0.0
0.0 0.0 0.0
0.0 0.0 0.0
0.0 0.0 0.0
0.0 0.0 0.0
0.0 0.0 0.0
0.0 0.0 0.0
0.0 0.0 0.0
0.0 0.0 0.0
0.0 0.0 0.0
0.0 0.0 0.0
0.0 0.0 0.0
0.0 0.0 0.0
0.0 0.0 0.0
0.0 0.0 0.0
0.0 0.0 0.0
0.0 0.0 0.0
0.0 0.0 0.0
0.0 0.0 0.0
0.0 0.0 0.0
5334811.835 0.008
5321919.291 0.008
5309021.452 0.008
5296118.333 0.008
5283209.945 0.008
5270296.300 0.008
5257377.414 0.008
5244453.297 0.009
5231523.962 0.009
5218589.424 0.009
5205649.694 0.009
5192704.785 0.009
5179754.711 0.009
5166799.483 0.009
5153839.116 0.009
5140873.622 0.009
5127903.013 0.009
5114927.303 0.009
5101946.505 0.009
5088960.632 0.009
5075969.695 0.009
5062973.710 0.009
5049972.687 0.009
5036966.641 0.009
5023955.584 0.009
5010939.529 0.009
4997918.489 0.009
4984892.477 0.009
4971861.506 0.009
4958825.589 0.010
4945784.739 0.010
4932738.968 0.010
4919688.291 0.010
4906632.719 0.010
4893572.266 0.010
4880506.945 0.010
4867436.769 0.010
4854361.751 0.010
4841281.903 0.010
4828197.239 0.010
4815107.772 0.010
4802013.515 0.010
4788914.481 0.010
4775810.682 0.010
4762702.133 0.010
4749588.845 0.010
4736470.833 0.010
4723348.109 0.010
4710220.685 0.011
4697088.576 0.011
4683951.794 0.011
4670810.353 0.011
4657664.264 0.011
4644513.543 0.011
4631358.200 0.011
4618198.251 0.011
4605033.707 0.011
4591864.582 0.011
4578690.889 0.011
4565512.640 0.011
4552329.850 0.011
4539142.531 0.011
4525950.697 0.011
4512754.360 0.011
4499553.533 0.012
4486348.231 0.012
4473138.465 0.012
4459924.249 0.012
4446705.596 0.012
4433482.520 0.012
4420255.033 0.012
4407023.148 0.012
4393786.880 0.012
4380546.240 0.012
4367301.242 0.012
4354051.900 0.012
4340798.226 0.012
4327540.234 0.012
4314277.936 0.013
4301011.347 0.013
4287740.479 0.013
4274465.345 0.013
4261185.958 0.013
4247902.333 0.013
4234614.482 0.013
4221322.418 0.013
4208026.154 0.013
4194725.704 0.013
4181421.081 0.013
4168112.298 0.013
4154799.369 0.014
4141482.306 0.014
4128161.123 0.014
4114835.834 0.014
4101506.450 0.014
4088172.987 0.014
4074835.456 0.014
4061493.872 0.014
4048148.247 0.014
4034798.594 0.014
4021444.928 0.014
4008087.261 0.015
3994725.606 0.015
3981359.978 0.015
3967990.389 0.015
3954616.852 0.015
3941239.380 0.015
3927857.988 0.015
3914472.689 0.015
3901083.495 0.015
3887690.420 0.015
3874293.477 0.016
3860892.680 0.016
3847488.043 0.016
3834079.577 0.016
3820667.297 0.016
3807251.216 0.016
3793831.348 0.016
3780407.705 0.016
3766980.301 0.016
3753549.150 0.017
3740114.264 0.017
3726675.658 0.017
3713233.344 0.017
3699787.336 0.017
3686337.647 0.017
3672884.291 0.017
3659427.281 0.017
3645966.631 0.018
3632502.353 0.018
3619034.461 0.018
3605562.969 0.018
3592087.890 0.018
3578609.237 0.018
3565127.024 0.018
3551641.265 0.018
3538151.971 0.019
3524659.158 0.019
3511162.839 0.019
3497663.026 0.019
3484159.734 0.019
3470652.975 0.019
3457142.764 0.020
3443629.113 0.020
3430112.036 0.020
3416591.547 0.020
3403067.659 0.020
3389540.385 0.020
3376009.739 0.020
3362475.735 0.021
3348938.385 0.021
3335397.704 0.021
3321853.704 0.021
3308306.399 0.021
3294755.803 0.021
3281201.930 0.022
3267644.792 0.022
3254084.403 0.022
3240520.776 0.022
3226953.926 0.022
3213383.866 0.023
3199810.608 0.023
3186234.167 0.023
3172654.556 0.023
3159071.789 0.023
3145485.879 0.024
3131896.840 0.024
3118304.685 0.024
3104709.427 0.024
3091111.081 0.024
3077509.660 0.025
3063905.176 0.025
3050297.645 0.025
3036687.079 0.025
3023073.492 0.025
3009456.897 0.026
2995837.308 0.026
2982214.739 0.026
2968589.203 0.026
2954960.713 0.027
2941329.284 0.027
2927694.928 0.027
2914057.660 0.027
2900417.492 0.028
2886774.439 0.028
2873128.514 0.028
2859479.730 0.028
2845828.102 0.029
2832173.643 0.029
2818516.365 0.029
2804856.284 0.029
2791193.412 0.030
2777527.764 0.030
2763859.352 0.030
2750188.190 0.031
2736514.292 0.031
2722837.672 0.031
2709158.342 0.032
2695476.318 0.032
2681791.612 0.032
2668104.237 0.033
2654414.208 0.033
2640721.539 0.033
2627026.242 0.034
2613328.332 0.034
2599627.821 0.034
2585924.724 0.035
2572219.055 0.035
2558510.826 0.035
2544800.053 0.036
2531086.747 0.036
2517370.923 0.036
2503652.595 0.037
2489931.775 0.037
2476208.479 0.038
2462482.719 0.038
2448754.509 0.038
2435023.863 0.039
2421290.794 0.039
2407555.316 0.040
2393817.443 0.040
2380077.189 0.041
2366334.566 0.041
2352589.590 0.042
2338842.272 0.042
2325092.628 0.043
2311340.671 0.043
2297586.414 0.044
2283829.871 0.044
2270071.056 0.045
2256309.982 0.045
2242546.664 0.046
2228781.114 0.046
2215013.348 0.047
2201243.377 0.047
2187471.216 0.048
2173696.880 0.049
2159920.380 0.049
2146141.732 0.050
2132360.948 0.050
2118578.043 0.051
2104793.030 0.052
2091005.923 0.052
2077216.736 0.053
2063425.482 0.054
2049632.175 0.054
2035836.829 0.055
2022039.457 0.056
2008240.074 0.057
1994438.693 0.057
1980635.327 0.058
1966829.991 0.059
1953022.698 0.060
1939213.462 0.061
1925402.297 0.061
1911589.216 0.062
1897774.233 0.063
1883957.362 0.064
1870138.617 0.065
1856318.011 0.066
1842495.558 0.067
1828671.272 0.068
1814845.167 0.069
1801017.256 0.070
1787187.553 0.071
1773356.073 0.072
1759522.827 0.073
1745687.832 0.074
1731851.099 0.075
1718012.643 0.077
1704172.478 0.078
1690330.618 0.079
1676487.076 0.080
1662641.866 0.082
1648795.001 0.083
1634946.497 0.084
1621096.365 0.086
1607244.621 0.087
1593391.278 0.088
1579536.349 0.090
1565679.849 0.091
1551821.791 0.093
1537962.189 0.095
1524101.057 0.096
1510238.409 0.098
1496374.258 0.100
1482508.618 0.101
1468641.503 0.103
1454772.928 0.105
1440902.904 0.107
1427031.447 0.109
1413158.571 0.111
1399284.288 0.113
1385408.613 0.115
1371531.560 0.117
1357653.142 0.120
1343773.374 0.122
1329892.268 0.124
1316009.839 0.127
1302126.101 0.129
1288241.068 0.132
1274354.753 0.135
1260467.170 0.137
1246578.332 0.140
1232688.255 0.143
1218796.951 0.146
1204904.434 0.149
1191010.719 0.152
1177115.819 0.156
1163219.747 0.159
1149322.518 0.163
1135424.146 0.166
1121524.644 0.170
1107624.026 0.174
1093722.306 0.178
1079819.498 0.182
1065915.616 0.186
1052010.673 0.191
1038104.683 0.196
1024197.660 0.200
1010289.619 0.205
996380.572 0.210
982470.534 0.216
968559.519 0.221
954647.539 0.227
940734.610 0.233
926820.745 0.239
912905.958 0.245
898990.263 0.251
885073.673 0.258
871156.203 0.265
857237.865 0.273
843318.675 0.280
829398.646 0.288
815477.792 0.296
801556.126 0.305
787633.662 0.314
773710.416 0.323
759786.399 0.333
745861.626 0.343
731936.111 0.353
718009.868 0.364
704082.911 0.375
690155.253 0.387
676226.908 0.399
662297.891 0.412
648368.215 0.425
634437.893 0.439
620506.940 0.453
606575.370 0.468
592643.197 0.484
578710.433 0.500
564777.094 0.517
550843.193 0.534
536908.744 0.552
522973.761 0.571
509038.257 0.590
495102.247 0.610
481165.745 0.631
467228.763 0.652
453291.317 0.674
439353.420 0.696
425415.085 0.719
411476.327 0.742
397537.160 0.765
383597.598 0.788
369657.653 0.811
355717.341 0.834
341776.675 0.856
327835.669 0.877
313894.337 0.898
299952.692 0.917
286010.749 0.934
272068.521 0.950
258126.023 0.963
244183.268 0.974
230240.270 0.983
216297.043 0.990
202353.600 0.994
188409.956 0.997
174466.125 0.999
160522.120 1.000
146577.956 1.000
132633.646 1.000
118689.203 1.000
104744.643 1.000
90799.978 1.000
76855.223 1.000
62910.392 1.000
48965.498 1.000
35020.555 1.000
21075.578 1.000
7130.579 1.000
6814.427 1.000
20759.426 1.000
34704.404 1.000
48649.348 1.000
62594.243 1.000
76539.076 1.000
90483.833 1.000
104428.499 1.000
118373.062 1.000
132317.508 1.000
146261.821 1.000
160205.989 1.000
174149.998 0.999
188093.833 0.997
202037.481 0.994
215980.928 0.990
229924.160 0.983
243867.164 0.974
257809.924 0.963
271752.429 0.950
285694.663 0.935
299636.612 0.917
313578.264 0.898
327519.603 0.878
341460.617 0.856
355401.291 0.834
369341.611 0.811
383281.564 0.788
397221.135 0.765
411160.311 0.742
425099.078 0.719
439037.422 0.697
452975.329 0.674
466912.786 0.653
480849.778 0.631
494786.291 0.611
508722.312 0.591
522657.827 0.571
536592.822 0.553
550527.283 0.535
564461.197 0.517
578394.548 0.500
592327.324 0.484
606259.511 0.469
620191.095 0.454
634122.061 0.439
648052.397 0.426
661982.087 0.412
675911.119 0.400
689839.479 0.387
703767.152 0.376
717694.124 0.364
731620.383 0.353
745545.914 0.343
759470.703 0.333
773394.736 0.323
787318.000 0.314
801240.480 0.305
815162.163 0.297
829083.035 0.288
843003.082 0.280
856922.290 0.273
870840.646 0.266
884758.135 0.258
898674.743 0.252
912590.458 0.245
926505.264 0.239
940419.149 0.233
954332.098 0.227
968244.097 0.221
982155.133 0.216
996065.192 0.210
1009974.259 0.205
1023882.322 0.200
1037789.365 0.196
1051695.377 0.191
1065600.341 0.187
1079504.246 0.182
1093407.076 0.178
1107308.818 0.174
1121209.459 0.170
1135108.984 0.166
1149007.379 0.163
1162904.631 0.159
1176800.726 0.156
1190695.650 0.153
1204589.389 0.149
1218481.930 0.146
1232373.258 0.143
1246263.360 0.140
1260152.222 0.137
1274039.830 0.135
1287926.171 0.132
1301811.230 0.129
1315694.993 0.127
1329577.447 0.124
1343458.579 0.122
1357338.373 0.120
1371216.817 0.117
1385093.897 0.115
1398969.598 0.113
1412843.908 0.111
1426716.811 0.109
1440588.295 0.107
1454458.345 0.105
1468326.948 0.103
1482194.091 0.101
1496059.758 0.100
1509923.937 0.098
1523786.613 0.096
1537647.773 0.095
1551507.403 0.093
1565365.489 0.091
1579222.018 0.090
1593076.975 0.088
1606930.347 0.087
1620782.120 0.086
1634632.280 0.084
1648480.814 0.083
1662327.707 0.082
1676172.947 0.080
1690016.518 0.079
1703858.408 0.078
1717698.602 0.077
1731537.088 0.075
1745373.850 0.074
1759208.875 0.073
1773042.150 0.072
1786873.661 0.071
1800703.394 0.070
1814531.335 0.069
1828357.470 0.068
1842181.786 0.067
1856004.269 0.066
1869824.905 0.065
1883643.681 0.064
1897460.582 0.063
1911275.596 0.062
1925088.707 0.061
1938899.903 0.061
1952709.169 0.060
1966516.493 0.059
1980321.859 0.058
1994125.255 0.057
2007926.667 0.057
2021726.081 0.056
2035523.483 0.055
2049318.860 0.054
2063112.197 0.054
2076903.482 0.053
2090692.700 0.052
2104479.837 0.052
2118264.880 0.051
2132047.816 0.050
2145828.630 0.050
2159607.309 0.049
2173383.839 0.049
2187158.206 0.048
2200930.397 0.047
2214700.398 0.047
2228468.195 0.046
2242233.774 0.046
2255997.122 0.045
2269758.226 0.045
2283517.071 0.044
2297273.643 0.044
2311027.930 0.043
2324779.917 0.043
2338529.591 0.042
2352276.937 0.042
2366021.943 0.041
2379764.595 0.041
2393504.879 0.040
2407242.781 0.040
2420978.287 0.039
2434711.384 0.039
2448442.059 0.038
2462170.297 0.038
2475896.086 0.038
2489619.410 0.037
2503340.257 0.037
2517058.614 0.036
2530774.465 0.036
2544487.798 0.036
2558198.599 0.035
2571906.855 0.035
2585612.551 0.035
2599315.675 0.034
2613016.212 0.034
2626714.148 0.034
2640409.471 0.033
2654102.167 0.033
2667792.221 0.033
2681479.621 0.032
2695164.352 0.032
2708846.402 0.032
2722525.755 0.031
2736202.400 0.031
2749876.322 0.031
2763547.508 0.030
2777215.943 0.030
2790881.616 0.030
2804544.510 0.029
2818204.615 0.029
2831861.914 0.029
2845516.396 0.029
2859168.046 0.028
2872816.851 0.028
2886462.798 0.028
2900105.872 0.028
2913746.060 0.027
2927383.348 0.027
2941017.724 0.027
2954649.173 0.027
2968277.682 0.026
2981903.237 0.026
2995525.825 0.026
3009145.432 0.026
3022762.044 0.025
3036375.649 0.025
3049986.232 0.025
3063593.780 0.025
3077198.280 0.025
3090799.717 0.024
3104398.079 0.024
3117993.351 0.024
3131585.521 0.024
3145174.574 0.024
3158760.498 0.023
3172343.278 0.023
3185922.902 0.023
3199499.355 0.023
3213072.624 0.023
3226642.696 0.022
3240209.557 0.022
3253773.194 0.022
3267333.593 0.022
3280890.740 0.022
3294444.623 0.021
3307995.227 0.021
3321542.540 0.021
3335086.547 0.021
3348627.235 0.021
3362164.591 0.021
3375698.602 0.020
3389229.253 0.020
3402756.531 0.020
3416280.424 0.020
3429800.916 0.020
3443317.996 0.020
3456831.649 0.020
3470341.862 0.019
3483848.622 0.019
3497351.915 0.019
3510851.727 0.019
3524348.046 0.019
3537840.858 0.019
3551330.149 0.018
3564815.906 0.018
3578298.115 0.018
3591776.764 0.018
3605251.839 0.018
3618723.326 0.018
3632191.211 0.018
3645655.482 0.018
3659116.126 0.017
3672573.128 0.017
3686026.475 0.017
3699476.154 0.017
3712922.152 0.017
3726364.455 0.017
3739803.050 0.017
3753237.923 0.017
3766669.061 0.016
3780096.451 0.016
3793520.079 0.016
3806939.932 0.016
3820355.996 0.016
3833768.259 0.016
3847176.707 0.016
3860581.326 0.016
3873982.103 0.016
3887379.026 0.015
3900772.079 0.015
3914161.251 0.015
3927546.528 0.015
3940927.896 0.015
3954305.343 0.015
3967678.854 0.015
3981048.417 0.015
3994414.019 0.015
4007775.645 0.015
4021133.283 0.014
4034486.919 0.014
4047836.541 0.014
4061182.134 0.014
4074523.686 0.014
4087861.183 0.014
4101194.612 0.014
4114523.959 0.014
4127849.212 0.014
4141170.358 0.014
4154487.382 0.014
4167800.272 0.013
4181109.014 0.013
4194413.595 0.013
4207714.003 0.013
4221010.222 0.013
4234302.242 0.013
4247590.048 0.013
4260873.626 0.013
4274152.964 0.013
4287428.049 0.013
4300698.868 0.013
4313965.406 0.013
4327227.651 0.012
4340485.590 0.012
4353739.210 0.012
4366988.497 0.012
4380233.438 0.012
4393474.020 0.012
4406710.229 0.012
4419942.054 0.012
4433169.479 0.012
4446392.493 0.012
4459611.082 0.012
4472825.233 0.012
4486034.933 0.012
4499240.169 0.012
4512440.927 0.011
4525637.194 0.011
4538828.958 0.011
4552016.204 0.011
4565198.921 0.011
4578377.095 0.011
4591550.712 0.011
4604719.760 0.011
4617884.225 0.011
4631044.095 0.011
4644199.356 0.011
4657349.995 0.011
4670496.000 0.011
4683637.356 0.011
4696774.051 0.011
4709906.073 0.011
4723033.407 0.010
4736156.040 0.010
4749273.961 0.010
4762387.155 0.010
4775495.610 0.010
4788599.312 0.010
4801698.249 0.010
4814792.407 0.010
4827881.773 0.010
4840966.335 0.010
4854046.079 0.010
4867120.993 0.010
4880191.063 0.010
4893256.276 0.010
4906316.619 0.010
4919372.080 0.010
4932422.645 0.010
4945468.302 0.010
4958509.036 0.010
4971544.836 0.009
4984575.689 0.009
4997601.581 0.009
5010622.499 0.009
5023638.431 0.009
5036649.363 0.009
5049655.283 0.009
5062656.177 0.009
5075652.033 0.009
5088642.838 0.009
5101628.579 0.009
5114609.242 0.009
5127584.816 0.009
5140555.286 0.009
5153520.641 0.009
5166480.867 0.009
5179435.951 0.009
5192385.881 0.009
5205330.643 0.009
5218270.225 0.009
5231204.613 0.009
5244133.796 0.009
5257057.759 0.008
5269976.491 0.008
5282889.978 0.008
5295798.207 0.008
5308701.166 0.008
5321598.842 0.008
5334491.222 0.008
0.0 0.0 0.0
0.0 0.0 0.0
0.0 0.0 0.0
0.0 0.0 0.0
0.0 0.0 0.0
0.0 0.0 0.0
0.0 0.0 0.0
0.0 0.0 0.0
0.0 0.0 0.0
0.0 0.0 0.0
0.0 0.0 0.0
0.0 0.0 0.0
0.0 0.0 0.0
0.0 0.0 0.0
0.0 0.0 0.0
0.0 0.0 0.0
0.0 0.0 0.0
0.0 0.0 0.0
0.0 0.0 0.0
0.0 0.0 0.0
0.0 0.0 0.0
0.0 0.0 0.0
0.0 0.0 0.0
0.0 0.0 0.0
0.0 0.0 0.0
0.0 0.0 0.0
0.0 0.0 0.0
0.0 0.0 0.0
0.0 0.0 0.0
0.0 0.0 0.0
0.0 0.0 0.0
0.0 0.0 0.0
0.0 0.0 0.0
0.0 0.0 0.0
0.0 0.0 0.0
0.0 0.0 0.0
0.0 0.0 0.0
0.0 0.0 0.0
0.0 0.0 0.0
0.0 0.0 0.0
0.0 0.0 0.0
0.0 0.0 0.0
0.0 0.0 0.0
0.0 0.0 0.0
0.0 0.0 0.0
0.0 0.0 0.0
0.0 0.0 0.0
0.0 0.0 0.0
0.0 0.0 0.0
0.0 0.0 0.0
0.0 0.0 0.0
0.0 0.0 0.0
0.0 0.0 0.0
0.0 0.0 0.0
0.0 0.0 0.0
0.0 0.0 0.0
0.0 0.0 0.0
0.0 0.0 0.0
0.0 0.0 0.0
0.0 0.0 0.0
0.0 0.0 0.0
0.0 0.0 0.0
0.0 0.0 0.0
0.0 0.0 0.0
0.0 0.0 0.0
0.0 0.0 0.0
0.0 0.0 0.0
0.0 0.0 0.0
0.0 0.0 0.0
0.0 0.0 0.0
0.0 0.0 0.0
0.0 0.0 0.0
0.0 0.0 0.0
0.0 0.0 0.0
0.0 0.0 0.0
0.0 0.0 0.0
0.0 0.0 0.0
0.0 0.0 0.0
0.0 0.0 0.0
0.0 0.0 0.0
0.0 0.0 0.0
0.0 0.0 0.0
0.0 0.0 0.0
0.0 0.0 0.0
0.0 0.0 0.0
0.0 0.0 0.0
0.0 0.0 0.0
0.0 0.0 0.0
0.0 0.0 0.0
0.0 0.0 0.0
0.0 0.0 0.0
0.0 0.0 0.0
0.0 0.0 0.0
0.0 0.0 0.0
0.0 0.0 0.0
0.0 0.0 0.0
0.0 0.0 0.0
0.0 0.0 0.0
0.0 0.0 0.0
0.0 0.0 0.0
0.0 0.0 0.0
0.0 0.0 0.0
0.0 0.0 0.0
0.0 0.0 0.0
0.0 0.0 0.0
0.0 0.0 0.0
0.0 0.0 0.0
0.0 0.0 0.0
0.0 0.0 0.0
0.0 0.0 0.0
0.0 0.0 0.0
0.0 0.0 0.0
0.0 0.0 0.0
0.0 0.0 0.0
0.0 0.0 0.0
0.0 0.0 0.0
0.0 0.0 0.0
0.0 0.0 0.0
0.0 0.0 0.0
0.0 0.0 0.0
0.0 0.0 0.0
0.0 0.0 0.0
0.0 0.0 0.0
0.0 0.0 0.0
0.0 0.0 0.0
0.0 0.0 0.0
0.0 0.0 0.0
0.0 0.0 0.0
0.0 0.0 0.0
0.0 0.0 0.0
0.0 0.0 0.0
0.0 0.0 0.0
0.0 0.0 0.0
0.0 0.0 0.0
0.0 0.0 0.0
0.0 0.0 0.0
0.0 0.0 0.0
0.0 0.0 0.0
0.0 0.0 0.0
0.0 0.0 0.0
0.0 0.0 0.0
0.0 0.0 0.0
0.0 0.0 0.0
0.0 0.0 0.0
0.0 0.0 0.0
0.0 0.0 0.0
0.0 0.0 0.0
0.0 0.0 0.0
0.0 0.0 0.0
0.0 0.0 0.0
0.0 0.0 0.0
0.0 0.0 0.0
0.0 0.0 0.0
0.0 0.0 0.0
0.0 0.0 0.0
0.0 0.0 0.0
0.0 0.0 0.0
0.0 0.0 0.0
0.0 0.0 0.0
0.0 0.0 0.0
0.0 0.0 0.0
0.0 0.0 0.0
0.0 0.0 0.0
0.0 0.0 0.0
0.0 0.0 0.0
0.0 0.0 0.0
0.0 0.0 0.0
0.0 0.0 0.0
0.0 0.0 0.0
0.0 0.0 0.0
0.0 0.0 0.0
0.0 0.0 0.0
0.0 0.0 0.0
0.0 0.0 0.0
0.0 0.0 0.0
0.0 0.0 0.0
0.0 0.0 0.0
0.0 0.0 0.0
0.0 0.0 0.0
0.0 0.0 0.0
0.0 0.0 0.0
0.0 0.0 0.0
0.0 0.0 0.0
0.0 0.0 0.0
0.0 0.0 0.0
0.0 0.0 0.0
0.0 0.0 0.0
0.0 0.0 0.0
0.0 0.0 0.0
0.0 0.0 0.0
0.0 0.0 0.0
0.0 0.0 0.0
0.0 0.0 0.0
0.0 0.0 0.0
0.0 0.0 0.0
0.0 0.0 0.0
0.0 0.0 0.0
0.0 0.0 0.0
0.0 0.0 0.0
0.0 0.0 0.0
0.0 0.0 0.0
0.0 0.0 0.0
0.0 0.0 0.0
0.0 0.0 0.0
0.0 0.0 0.0
0.0 0.0 0.0
0.0 0.0 0.0
0.0 0.0 0.0
0.0 0.0 0.0
0.0 0.0 0.0
0.0 0.0 0.0
0.0 0.0 0.0
0.0 0.0 0.0
0.0 0.0 0.0
0.0 0.0 0.0
0.0 0.0 0.0
0.0 0.0 0.0
0.0 0.0 0.0
0.0 0.0 0.0
0.0 0.0 0.0
0.0 0.0 0.0
0.0 0.0 0.0
0.0 0.0 0.0
0.0 0.0 0.0
0.0 0.0 0.0
0.0 0.0 0.0
0.0 0.0 0.0
0.0 0.0 0.0
0.0 0.0 0.0
0.0 0.0 0.0
0.0 0.0 0.0
0.0 0.0 0.0
0.0 0.0 0.0
0.0 0.0 0.0
0.0 0.0 0.0
0.0 0.0 0.0
0.0 0.0 0.0
0.0 0.0 0.0
0.0 0.0 0.0
0.0 0.0 0.0
0.0 0.0 0.0
0.0 0.0 0.0
0.0 0.0 0.0
0.0 0.0 0.0
0.0 0.0 0.0
0.0 0.0 0.0
0.0 0.0 0.0
0.0 0.0 0.0
0.0 0.0 0.0
0.0 0.0 0.0
0.0 0.0 0.0
0.0 0.0 0.0
0.0 0.0 0.0
0.0 0.0 0.0
0.0 0.0 0.0
0.0 0.0 0.0
0.0 0.0 0.0
0.0 0.0 0.0
0.0 0.0 0.0
0.0 0.0 0.0
0.0 0.0 0.0
0.0 0.0 0.0
0.0 0.0 0.0
0.0 0.0 0.0
0.0 0.0 0.0
0.0 0.0 0.0
0.0 0.0 0.0
0.0 0.0 0.0
0.0 0.0 0.0
0.0 0.0 0.0
0.0 0.0 0.0
0.0 0.0 0.0
0.0 0.0 0.0
0.0 0.0 0.0
0.0 0.0 0.0
0.0 0.0 0.0
0.0 0.0 0.0
0.0 0.0 0.0
0.0 0.0 0.0
0.0 0.0 0.0
0.0 0.0 0.0
0.0 0.0 0.0
0.0 0.0 0.0
0.0 0.0 0.0
0.0 0.0 0.0
0.0 0.0 0.0
0.0 0.0 0.0
0.0 0.0 0.0
0.0 0.0 0.0
0.0 0.0 0.0
0.0 0.0 0.0
0.0 0.0 0.0
0.0 0.0 0.0
0.0 0.0 0.0
0.0 0.0 0.0
0.0 0.0 0.0
0.0 0.0 0.0
0.0 0.0 0.0
0.0 0.0 0.0
0.0 0.0 0.0
0.0 0.0 0.0
0.0 0.0 0.0
0.0 0.0 0.0
0.0 0.0 0.0
0.0 0.0 0.0
0.0 0.0 0.0
0.0 0.0 0.0
0.0 0.0 0.0
0.0 0.0 0.0
0.0 0.0 0.0
0.0 0.0 0.0
0.0 0.0 0.0
0.0 0.0 0.0
0.0 0.0 0.0
0.0 0.0 0.0
0.0 0.0 0.0
0.0 0.0 0.0
0.0 0.0 0.0
0.0 0.0 0.0
0.0 0.0 0.0
0.0 0.0 0.0
0.0 0.0 0.0
0.0 0.0 0.0
0.0 0.0 0.0
0.0 0.0 0.0
0.0 0.0 0.0
0.0 0.0 0.0
0.0 0.0 0.0
0.0 0.0 0.0
0.0 0.0 0.0
0.0 0.0 0.0
0.0 0.0 0.0
0.0 0.0 0.0
0.0 0.0 0.0
0.0 0.0 0.0
0.0 0.0 0.0
0.0 0.0 0.0
0.0 0.0 0.0
0.0 0.0 0.0
0.0 0.0 0.0
0.0 0.0 0.0
0.0 0.0 0.0
0.0 0.0 0.0
0.0 0.0 0.0
0.0 0.0 0.0
0.0 0.0 0.0
0.0 0.0 0.0
0.0 0.0 0.0
0.0 0.0 0.0
0.0 0.0 0.0
0.0 0.0 0.0
0.0 0.0 0.0
0.0 0.0 0.0
0.0 0.0 0.0
0.0 0.0 0.0
0.0 0.0 0.0
0.0 0.0 0.0
0.0 0.0 0.0
0.0 0.0 0.0
0.0 0.0 0.0
0.0 0.0 0.0
0.0 0.0 0.0
0.0 0.0 0.0
0.0 0.0 0.0
0.0 0.0 0.0
0.0 0.0 0.0
0.0 0.0 0.0
0.0 0.0 0.0
0.0 0.0 0.0
0.0 0.0 0.0
0.0 0.0 0.0
0.0 0.0 0.0
0.0 0.0 0.0
0.0 0.0 0.0
0.0 0.0 0.0
0.0 0.0 0.0
0.0 0.0 0.0
0.0 0.0 0.0
0.0 0.0 0.0
0.0 0.0 0.0
0.0 0.0 0.0
0.0 0.0 0.0
0.0 0.0 0.0
0.0 0.0 0.0
0.0 0.0 0.0
0.0 0.0 0.0
0.0 0.0 0.0
0.0 0.0 0.0
0.0 0.0 0.0
0.0 0.0 0.0
0.0 0.0 0.0
0.0 0.0 0.0
0.0 0.0 0.0
0.0 0.0 0.0
0.0 0.0 0.0
0.0 0.0 0.0
0.0 0.0 0.0
0.0 0.0 0.0
0.0 0.0 0.0
0.0 0.0 0.0
0.0 0.0 0.0
0.0 0.0 0.0
0.0 0.0 0.0
0.0 0.0 0.0
0.0 0.0 0.0
0.0 0.0 0.0
0.0 0.0 0.0
0.0 0.0 0.0
0.0 0.0 0.0
0.0 0.0 0.0
0.0 0.0 0.0
0.0 0.0 0.0
0.0 0.0 0.0
0.0 0.0 0.0
0.0 0.0 0.0
0.0 0.0 0.0
0.0 0.0 0.0
0.0 0.0 0.0
0.0 0.0 0.0
0.0 0.0 0.0
0.0 0.0 0.0
0.0 0.0 0.0
0.0 0.0 0.0
0.0 0.0 0.0
0.0 0.0 0.0
0.0 0.0 0.0
0.0 0.0 0.0
0.0 0.0 0.0
0.0 0.0 0.0
0.0 0.0 0.0
0.0 0.0 0.0
0.0 0.0 0.0
0.0 0.0 0.0
0.0 0.0 0.0
0.0 0.0 0.0
0.0 0.0 0.0
0.0 0.0 0.0
0.0 0.0 0.0
0.0 0.0 0.0
0.0 0.0 0.0
0.0 0.0 0.0
0.0 0.0 0.0
0.0 0.0 0.0
0.0 0.0 0.0
0.0 0.0 0.0
0.0 0.0 0.0
0.0 0.0 0.0
0.0 0.0 0.0
0.0 0.0 0.0
0.0 0.0 0.0
0.0 0.0 0.0
0.0 0.0 0.0
0.0 0.0 0.0
0.0 0.0 0.0
0.0 0.0 0.0
0.0 0.0 0.0
0.0 0.0 0.0
0.0 0.0 0.0
0.0 0.0 0.0
0.0 0.0 0.0
0.0 0.0 0.0
0.0 0.0 0.0
0.0 0.0 0.0
0.0 0.0 0.0
0.0 0.0 0.0
0.0 0.0 0.0
0.0 0.0 0.0
0.0 0.0 0.0
0.0 0.0 0.0
0.0 0.0 0.0
0.0 0.0 0.0
0.0 0.0 0.0
0.0 0.0 0.0
0.0 0.0 0.0
0.0 0.0 0.0
0.0 0.0 0.0
0.0 0.0 0.0
0.0 0.0 0.0
0.0 0.0 0.0
0.0 0.0 0.0
0.0 0.0 0.0
0.0 0.0 0.0
0.0 0.0 0.0
0.0 0.0 0.0
0.0 0.0 0.0
0.0 0.0 0.0
0.0 0.0 0.0
0.0 0.0 0.0
0.0 0.0 0.0
0.0 0.0 0.0
0.0 0.0 0.0
0.0 0.0 0.0
0.0 0.0 0.0
0.0 0.0 0.0
0.0 0.0 0.0
0.0 0.0 0.0
0.0 0.0 0.0
0.0 0.0 0.0
0.0 0.0 0.0
0.0 0.0 0.0
0.0 0.0 0.0
5331957.837 0.008
5320973.073 0.008
5309983.011 0.008
5298987.663 0.008
5287987.039 0.008
5276981.152 0.008
5265970.011 0.008
5254953.628 0.008
5243932.013 0.009
5232905.178 0.009
5221873.133 0.009
5210835.890 0.009
5199793.459 0.009
5188745.852 0.009
5177693.080 0.009
5166635.152 0.009
5155572.082 0.009
5144503.879 0.009
5133430.554 0.009
5122352.119 0.009
5111268.584 0.009
5100179.961 0.009
5089086.261 0.009
5077987.495 0.009
5066883.673 0.009
5055774.806 0.009
5044660.907 0.009
5033541.986 0.009
5022418.053 0.009
5011289.121 0.009
5000155.199 0.009
4989016.300 0.009
4977872.434 0.009
4966723.613 0.009
4955569.847 0.010
4944411.147 0.010
4933247.525 0.010
4922078.992 0.010
4910905.559 0.010
4899727.237 0.010
4888544.037 0.010
4877355.970 0.010
4866163.047 0.010
4854965.281 0.010
4843762.680 0.010
4832555.258 0.010
4821343.025 0.010
4810125.992 0.010
4798904.170 0.010
4787677.570 0.010
4776446.205 0.010
4765210.084 0.010
4753969.219 0.010
4742723.621 0.010
4731473.302 0.010
4720218.272 0.011
4708958.543 0.011
4697694.126 0.011
4686425.033 0.011
4675151.274 0.011
4663872.860 0.011
4652589.803 0.011
4641302.115 0.011
4630009.806 0.011
4618712.887 0.011
4607411.370 0.011
4596105.266 0.011
4584794.587 0.011
4573479.343 0.011
4562159.546 0.011
4550835.207 0.011
4539506.338 0.011
4528172.949 0.011
4516835.052 0.011
4505492.659 0.012
4494145.780 0.012
4482794.426 0.012
4471438.610 0.012
4460078.342 0.012
4448713.634 0.012
4437344.497 0.012
4425970.943 0.012
4414592.982 0.012
4403210.626 0.012
4391823.886 0.012
4380432.774 0.012
4369037.301 0.012
4357637.478 0.012
4346233.318 0.012
4334824.830 0.012
4323412.026 0.013
4311994.918 0.013
4300573.518 0.013
4289147.835 0.013
4277717.883 0.013
4266283.672 0.013
4254845.214 0.013
4243402.519 0.013
4231955.600 0.013
4220504.468 0.013
4209049.134 0.013
4197589.609 0.013
4186125.905 0.013
4174658.034 0.013
4163186.007 0.013
4151709.835 0.014
4140229.530 0.014
4128745.102 0.014
4117256.564 0.014
4105763.927 0.014
4094267.203 0.014
4082766.402 0.014
4071261.537 0.014
4059752.618 0.014
4048239.658 0.014
4036722.667 0.014
4025201.657 0.014
4013676.640 0.015
4002147.627 0.015
3990614.630 0.015
3979077.659 0.015
3967536.727 0.015
3955991.845 0.015
3944443.025 0.015
3932890.277 0.015
3921333.614 0.015
3909773.047 0.015
3898208.587 0.015
3886640.247 0.015
3875068.036 0.016
3863491.968 0.016
3851912.054 0.016
3840328.304 0.016
3828740.731 0.016
3817149.346 0.016
3805554.161 0.016
3793955.187 0.016
3782352.436 0.016
3770745.920 0.016
3759135.649 0.017
3747521.635 0.017
3735903.891 0.017
3724282.427 0.017
3712657.255 0.017
3701028.387 0.017
3689395.834 0.017
3677759.608 0.017
3666119.720 0.017
3654476.182 0.017
3642829.006 0.018
3631178.204 0.018
3619523.785 0.018
3607865.764 0.018
3596204.150 0.018
3584538.956 0.018
3572870.193 0.018
3561197.874 0.018
3549522.008 0.019
3537842.609 0.019
3526159.687 0.019
3514473.255 0.019
3502783.323 0.019
3491089.904 0.019
3479393.010 0.019
3467692.651 0.019
3455988.840 0.020
3444281.588 0.020
3432570.907 0.020
3420856.808 0.020
3409139.304 0.020
3397418.405 0.020
3385694.124 0.020
3373966.472 0.020
3362235.461 0.021
3350501.102 0.021
3338763.408 0.021
3327022.389 0.021
3315278.058 0.021
3303530.427 0.021
3291779.506 0.021
3280025.308 0.022
3268267.844 0.022
3256507.126 0.022
3244743.166 0.022
3232975.976 0.022
3221205.566 0.022
3209431.950 0.023
3197655.138 0.023
3185875.143 0.023
3174091.976 0.023
3162305.648 0.023
3150516.172 0.023
3138723.559 0.024
3126927.821 0.024
3115128.970 0.024
3103327.018 0.024
3091521.976 0.024
3079713.856 0.025
3067902.669 0.025
3056088.428 0.025
3044271.144 0.025
3032450.830 0.025
3020627.496 0.025
3008801.155 0.026
2996971.818 0.026
2985139.497 0.026
2973304.204 0.026
2961465.951 0.026
2949624.749 0.027
2937780.611 0.027
2925933.547 0.027
2914083.571 0.027
2902230.693 0.028
2890374.925 0.028
2878516.280 0.028
2866654.769 0.028
2854790.404 0.028
2842923.196 0.029
2831053.158 0.029
2819180.301 0.029
2807304.637 0.029
2795426.178 0.030
2783544.936 0.030
2771660.922 0.030
2759774.149 0.030
2747884.629 0.031
2735992.372 0.031
2724097.391 0.031
2712199.698 0.031
2700299.305 0.032
2688396.223 0.032
2676490.464 0.032
2664582.041 0.033
2652670.964 0.033
2640757.247 0.033
2628840.900 0.033
2616921.936 0.034
2605000.366 0.034
2593076.202 0.034
2581149.457 0.035
2569220.142 0.035
2557288.269 0.035
2545353.850 0.036
2533416.896 0.036
2521477.420 0.036
2509535.434 0.037
2497590.948 0.037
2485643.976 0.037
2473694.530 0.038
2461742.620 0.038
2449788.259 0.038
2437831.460 0.039
2425872.233 0.039
2413910.590 0.040
2401946.544 0.040
2389980.107 0.040
2378011.290 0.041
2366040.105 0.041
2354066.565 0.042
2342090.681 0.042
2330112.465 0.042
2318131.928 0.043
2306149.084 0.043
2294163.944 0.044
2282176.519 0.044
2270186.822 0.045
2258194.865 0.045
2246200.659 0.046
2234204.217 0.046
2222205.551 0.047
2210204.672 0.047
2198201.592 0.048
2186196.323 0.048
2174188.878 0.049
2162179.268 0.049
2150167.506 0.050
2138153.602 0.050
2126137.570 0.051
2114119.420 0.051
2102099.166 0.052
2090076.818 0.052
2078052.390 0.053
2066025.893 0.054
2053997.338 0.054
2041966.738 0.055
2029934.106 0.055
2017899.452 0.056
2005862.789 0.057
1993824.128 0.057
1981783.483 0.058
1969740.864 0.059
1957696.284 0.060
1945649.755 0.060
1933601.289 0.061
1921550.897 0.062
1909498.592 0.062
1897444.386 0.063
1885388.291 0.064
1873330.318 0.065
1861270.480 0.066
1849208.789 0.066
1837145.257 0.067
1825079.896 0.068
1813012.717 0.069
1800943.733 0.070
1788872.956 0.071
1776800.398 0.072
1764726.071 0.073
1752649.986 0.074
1740572.157 0.075
1728492.594 0.076
1716411.310 0.077
1704328.318 0.078
1692243.628 0.079
1680157.254 0.080
1668069.206 0.081
1655979.498 0.082
1643888.141 0.083
1631795.147 0.084
1619700.528 0.086
1607604.297 0.087
1595506.465 0.088
1583407.044 0.089
1571306.047 0.091
1559203.485 0.092
1547099.370 0.094
1534993.716 0.095
1522886.533 0.096
1510777.833 0.098
1498667.629 0.099
1486555.933 0.101
1474442.757 0.102
1462328.113 0.104
1450212.013 0.106
1438094.468 0.107
1425975.492 0.109
1413855.096 0.111
1401733.293 0.113
1389610.093 0.115
1377485.510 0.116
1365359.555 0.118
1353232.241 0.120
1341103.580 0.122
1328973.583 0.125
1316842.263 0.127
1304709.631 0.129
1292575.701 0.131
1280440.484 0.133
1268303.991 0.136
1256166.236 0.138
1244027.230 0.141
1231886.985 0.143
1219745.514 0.146
1207602.828 0.149
1195458.940 0.151
1183313.861 0.154
1171167.605 0.157
1159020.182 0.160
1146871.605 0.163
1134721.886 0.167
1122571.037 0.170
1110419.071 0.173
1098265.998 0.177
1086111.833 0.180
1073956.585 0.184
1061800.269 0.188
1049642.895 0.192
1037484.476 0.196
1025325.024 0.200
1013164.551 0.204
1001003.070 0.209
988840.591 0.213
976677.128 0.218
964512.693 0.223
952347.297 0.228
940180.953 0.233
928013.672 0.238
915845.468 0.244
903676.352 0.249
891506.336 0.255
879335.432 0.261
867163.652 0.267
854991.010 0.274
842817.515 0.281
830643.182 0.287
818468.022 0.295
806292.046 0.302
794115.268 0.310
781937.699 0.318
769759.352 0.326
757580.237 0.334
745400.369 0.343
733219.759 0.352
721038.418 0.362
708856.359 0.371
696673.595 0.382
684490.137 0.392
672305.997 0.403
660121.188 0.414
647935.721 0.426
635749.610 0.438
623562.865 0.450
611375.500 0.463
599187.525 0.477
586998.954 0.490
574809.799 0.505
562620.071 0.520
550429.783 0.535
538238.947 0.551
526047.575 0.567
513855.679 0.584
501663.272 0.601
489470.365 0.619
477276.970 0.637
465083.101 0.655
452888.768 0.674
440693.984 0.694
428498.762 0.714
416303.113 0.734
404107.049 0.754
391910.583 0.774
379713.727 0.794
367516.492 0.814
355318.892 0.834
343120.938 0.854
330922.642 0.873
318724.016 0.891
306525.074 0.908
294325.826 0.924
282126.285 0.939
269926.463 0.952
257726.372 0.963
245526.025 0.973
233325.433 0.981
221124.609 0.988
208923.565 0.992
196722.312 0.996
184520.864 0.998
172319.232 0.999
160117.428 1.000
147915.465 1.000
135713.355 1.000
123511.110 1.000
111308.741 1.000
99106.262 1.000
86903.684 1.000
20.021 2104354.281 0.066321526
20.142 2098136.703 0.066444636
20.265 2091924.083 0.066569898
20.387 2085716.471 0.066697318
20.511 2079513.919 0.066826903
20.634 2073316.479 0.066958659
20.759 2067124.204 0.067092592
20.884 2060937.147 0.067228710
21.009 2054755.362 0.067367019
21.136 2048578.903 0.067507528
21.262 2042407.826 0.067650242
21.390 2036242.186 0.067795171
21.518 2030082.039 0.067942322
21.646 2023927.442 0.068091702
21.775 2017778.453 0.068243322
21.905 2011635.129 0.068397188
22.035 2005497.530 0.068553310
22.166 1999365.714 0.068711696
22.298 1993239.743 0.068872356
22.430 1987119.675 0.069035299
22.563 1981005.574 0.069200534
22.696 1974897.500 0.069368072
22.830 1968795.517 0.069537921
22.965 1962699.688 0.069710092
23.100 1956610.077 0.069884595
23.236 1950526.749 0.070061441
23.373 1944449.770 0.070240639
23.510 1938379.205 0.070422202
23.648 1932315.123 0.070606139
23.787 1926257.589 0.070792461
23.926 1920206.674 0.070981181
24.066 1914162.447 0.071172308
24.207 1908124.977 0.071365855
24.349 1902094.336 0.071561834
24.491 1896070.595 0.071760256
24.634 1890053.826 0.071961133
24.777 1884044.104 0.072164478
24.922 1878041.501 0.072370302
25.067 1872046.094 0.072578618
25.213 1866057.958 0.072789439
25.359 1860077.169 0.073002777
25.507 1854103.806 0.073218645
25.655 1848137.946 0.073437056
25.803 1842179.669 0.073658023
25.953 1836229.056 0.073881559
26.103 1830286.188 0.074107678
26.255 1824351.146 0.074336393
26.406 1818424.013 0.074567717
26.559 1812504.875 0.074801665
26.713 1806593.815 0.075038249
26.867 1800690.920 0.075277483
27.022 1794796.276 0.075519382
27.178 1788909.972 0.075763960
27.335 1783032.097 0.076011230
27.493 1777162.740 0.076261206
27.651 1771301.992 0.076513903
27.811 1765449.946 0.076769336
27.971 1759606.695 0.077027517
28.132 1753772.333 0.077288463
28.294 1747946.955 0.077552186
28.457 1742130.658 0.077818702
28.620 1736323.539 0.078088025
28.785 1730525.697 0.078360170
28.950 1724737.231 0.078635151
29.117 1718958.244 0.078912982
29.284 1713188.836 0.079193679
29.452 1707429.112 0.079477255
29.621 1701679.175 0.079763725
29.792 1695939.132 0.080053104
29.963 1690209.090 0.080345406
30.135 1684489.156 0.080640645
30.308 1678779.441 0.080938837
30.481 1673080.055 0.081239995
30.656 1667391.110 0.081544133
30.832 1661712.719 0.081851266
31.009 1656044.998 0.082161408
31.187 1650388.062 0.082474573
31.366 1644742.029 0.082790774
31.546 1639107.017 0.083110026
31.727 1633483.147 0.083432342
31.909 1627870.539 0.083757735
32.092 1622269.318 0.084086220
32.276 1616679.608 0.084417809
32.461 1611101.533 0.084752515
32.647 1605535.223 0.085090351
32.835 1599980.804 0.085431329
33.023 1594438.409 0.085775462
33.213 1588908.167 0.086122763
33.403 1583390.214 0.086473243
33.595 1577884.683 0.086826913
33.788 1572391.711 0.087183785
33.982 1566911.437 0.087543870
34.177 1561443.998 0.087907179
34.373 1555989.538 0.088273722
34.571 1550548.199 0.088643510
34.769 1545120.124 0.089016551
34.969 1539705.461 0.089392856
35.170 1534304.357 0.089772433
35.372 1528916.962 0.090155290
35.576 1523543.427 0.090541437
35.780 1518183.904 0.090930879
35.986 1512838.549 0.091323625
36.193 1507507.518 0.091719680
36.401 1502190.969 0.092119051
36.611 1496889.063 0.092521744
36.822 1491601.960 0.092927763
37.034 1486329.825 0.093337113
37.247 1481072.824 0.093749797
37.462 1475831.123 0.094165818
37.678 1470604.892 0.094585179
37.895 1465394.302 0.095007882
38.114 1460199.526 0.095433926
38.333 1455020.740 0.095863313
38.555 1449858.119 0.096296042
38.777 1444711.843 0.096732111
39.001 1439582.092 0.097171518
39.227 1434469.050 0.097614261
39.453 1429372.901 0.098060334
39.682 1424293.832 0.098509733
39.911 1419232.032 0.098962453
40.142 1414187.691 0.099418485
40.374 1409161.004 0.099877823
40.608 1404152.163 0.100340457
40.843 1399161.368 0.100806376
41.080 1394188.816 0.101275571
41.318 1389234.709 0.101748028
41.558 1384299.250 0.102223734
41.799 1379382.645 0.102702674
42.041 1374485.102 0.103184832
42.285 1369606.829 0.103670191
42.531 1364748.040 0.104158731
42.778 1359908.948 0.104650433
43.026 1355089.769 0.105145275
43.276 1350290.721 0.105643234
43.528 1345512.025 0.106144286
43.781 1340753.905 0.106648404
44.036 1336016.584 0.107155561
44.292 1331300.290 0.107665728
44.550 1326605.252 0.108178873
44.810 1321931.702 0.108694965
45.071 1317279.874 0.109213969
45.333 1312650.002 0.109735848
45.598 1308042.326 0.110260565
45.863 1303457.086 0.110788080
46.131 1298894.524 0.111318352
46.400 1294354.884 0.111851336
46.671 1289838.415 0.112386987
46.943 1285345.364 0.112925258
47.217 1280875.984 0.113466098
47.493 1276430.526 0.114009456
47.770 1272009.248 0.114555278
48.050 1267612.407 0.115103508
48.330 1263240.262 0.115654087
48.613 1258893.075 0.116206954
48.897 1254571.111 0.116762047
49.183 1250274.636 0.117319301
49.470 1246003.918 0.117878647
49.759 1241759.227 0.118440016
50.050 1237540.836 0.119003334
50.343 1233349.019 0.119568527
50.638 1229184.052 0.120135517
50.934 1225046.214 0.120704224
51.231 1220935.785 0.121274566
51.531 1216853.046 0.121846455
51.832 1212798.282 0.122419806
52.135 1208771.779 0.122994527
52.440 1204773.824 0.123570524
52.747 1200804.707 0.124147701
53.055 1196864.719 0.124725959
53.365 1192954.152 0.125305198
53.677 1189073.302 0.125885311
53.990 1185222.463 0.126466192
54.306 1181401.934 0.127047730
54.622 1177612.013 0.127629813
54.941 1173853.002 0.128212325
55.262 1170125.201 0.128795147
55.584 1166428.915 0.129378157
55.908 1162764.447 0.129961231
56.233 1159132.103 0.130544242
56.561 1155532.190 0.131127059
56.890 1151965.015 0.131709549
57.220 1148430.889 0.132291577
57.553 1144930.119 0.132873004
57.887 1141463.018 0.133453688
58.223 1138029.895 0.134033486
58.560 1134631.064 0.134612249
58.899 1131266.837 0.135189828
59.240 1127937.527 0.135766072
59.582 1124643.447 0.136340823
59.926 1121384.912 0.136913926
60.272 1118162.236 0.137485219
60.619 1114975.733 0.138054539
60.968 1111825.717 0.138621722
61.318 1108712.502 0.139186599
61.670 1105636.404 0.139749000
62.024 1102597.735 0.140308754
62.378 1099596.809 0.140865684
62.735 1096633.939 0.141419616
63.092 1093709.438 0.141970369
63.452 1090823.616 0.142517763
63.812 1087976.786 0.143061615
64.174 1085169.256 0.143601742
64.537 1082401.335 0.144137957
64.902 1079673.331 0.144670073
65.267 1076985.550 0.145197900
65.634 1074338.297 0.145721248
66.002 1071731.874 0.146239926
66.372 1069166.583 0.146753741
66.742 1066642.723 0.147262499
67.113 1064160.593 0.147766006
67.486 1061720.486 0.148264068
67.859 1059322.696 0.148756487
68.233 1056967.513 0.149243069
68.608 1054655.225 0.149723618
68.983 1052386.117 0.150197936
69.359 1050160.472 0.150665829
69.736 1047978.568 0.151127099
70.114 1045840.682 0.151581553
70.491 1043747.086 0.152028994
70.869 1041698.050 0.152469229
71.248 1039693.838 0.152902065
71.626 1037734.712 0.153327310
72.005 1035820.931 0.153744773
72.383 1033952.748 0.154154266
72.761 1032130.412 0.154555600
73.139 1030354.169 0.154948592
73.516 1028624.259 0.155333056
73.892 1026940.918 0.155708813
74.268 1025304.377 0.156075682
74.642 1023714.862 0.156433490
75.015 1022172.594 0.156782062
75.387 1020677.788 0.157121228
75.757 1019230.656 0.157450822
76.125 1017831.401 0.157770680
76.490 1016480.222 0.158080642
76.853 1015177.314 0.158380553
77.213 1013922.862 0.158670260
77.569 1012717.049 0.158949615
77.922 1011560.050 0.159218475
78.270 1010452.033 0.159476701
78.613 1009393.161 0.159724159
78.951 1008383.588 0.159960720
79.283 1007423.466 0.160186258
79.608 1006512.935 0.160400654
79.926 1005652.132 0.160603795
80.235 1004841.184 0.160795572
80.535 1004080.214 0.160975882
80.824 1003369.336 0.161144629
81.102 1002708.657 0.161301720
81.367 1002098.276 0.161447070
81.618 1001538.286 0.161580601
81.854 1001028.773 0.161702240
82.073 1000569.813 0.161811919
82.273 1000161.476 0.161909578
82.453 999803.826 0.161995164
82.612 999496.915 0.162068630
82.748 999240.792 0.162129934
82.859 999035.495 0.162179043
82.945 998881.056 0.162215929
83.005 998777.498 0.162240572
83.037 998724.837 0.162252958
83.042 998723.081 0.162253080
83.018 998772.230 0.162240939
82.968 998872.277 0.162216539
82.891 999023.205 0.162179896
82.788 999224.991 0.162131029
82.660 999477.604 0.162069966
82.509 999781.005 0.161996739
82.335 1000135.147 0.161911389
82.141 1000539.977 0.161813964
81.929 1000995.430 0.161704516
81.699 1001501.439 0.161583105
81.453 1002057.925 0.161449799
81.192 1002664.804 0.161304669
80.919 1003321.983 0.161147794
80.633 1004029.362 0.160979260
80.337 1004786.836 0.160799157
80.031 1005594.289 0.160607583
79.716 1006451.600 0.160404639
79.394 1007358.640 0.160190435
79.064 1008315.275 0.159965083
78.728 1009321.362 0.159728702
78.387 1010376.751 0.159481418
78.040 1011481.288 0.159223359
77.689 1012634.810 0.158954658
77.335 1013837.148 0.158675456
76.976 1015088.128 0.158385895
76.615 1016387.568 0.158086123
76.250 1017735.281 0.157776291
75.883 1019131.074 0.157456556
75.514 1020574.748 0.157127076
75.144 1022066.097 0.156788016
74.771 1023604.913 0.156439542
74.398 1025190.979 0.156081823
74.023 1026824.074 0.155715034
73.647 1028503.973 0.155339348
73.271 1030230.445 0.154954946
72.893 1032003.253 0.154562008
72.516 1033822.157 0.154160716
72.138 1035686.912 0.153751258
71.760 1037597.269 0.153333819
71.382 1039552.974 0.152908589
71.004 1041553.769 0.152475757
70.626 1043599.392 0.152035517
70.249 1045689.579 0.151588061
69.872 1047824.059 0.151133583
69.495 1050002.561 0.150672277
69.119 1052224.807 0.150204340
68.744 1054490.520 0.149729966
68.369 1056799.416 0.149249352
67.995 1059151.211 0.148762694
67.622 1061545.617 0.148270189
67.250 1063982.343 0.147772032
66.879 1066461.097 0.147268418
66.509 1068981.582 0.146759543
66.140 1071543.503 0.146245602
65.772 1074146.558 0.145726787
65.405 1076790.448 0.145203291
65.040 1079474.868 0.144675307
64.675 1082199.514 0.144143024
64.312 1084964.080 0.143606632
63.950 1087768.258 0.143066317
63.590 1090611.740 0.142522267
63.231 1093494.215 0.141974665
62.873 1096415.373 0.141423695
62.517 1099374.902 0.140869537
62.162 1102372.490 0.140312369
61.809 1105407.823 0.139752369
61.457 1108480.588 0.139189712
61.107 1111590.471 0.138624569
60.758 1114737.158 0.138057112
60.411 1117920.334 0.137487507
60.065 1121139.685 0.136915921
59.721 1124394.896 0.136342516
59.379 1127685.654 0.135767452
59.038 1131011.643 0.135190889
58.699 1134372.552 0.134612980
58.361 1137768.065 0.134033878
58.026 1141197.871 0.133453734
57.691 1144661.657 0.132872695
57.359 1148159.112 0.132290904
57.028 1151689.925 0.131708504
56.699 1155253.786 0.131125633
56.372 1158850.386 0.130542428
56.046 1162479.418 0.129959021
55.722 1166140.574 0.129375542
55.400 1169833.548 0.128792120
55.080 1173558.036 0.128208879
54.761 1177313.735 0.127625940
54.444 1181100.343 0.127043422
54.129 1184917.559 0.126461442
53.815 1188765.084 0.125880112
53.503 1192642.620 0.125299542
53.193 1196549.870 0.124719841
52.885 1200486.542 0.124141112
52.579 1204452.341 0.123563458
52.274 1208446.976 0.122986978
51.971 1212470.158 0.122411767
51.669 1216521.599 0.121837920
51.370 1220601.012 0.121265527
51.072 1224708.115 0.120694677
50.776 1228842.625 0.120125454
50.481 1233004.260 0.119557943
50.189 1237192.744 0.118992223
49.898 1241407.799 0.118428371
49.608 1245649.150 0.117866464
49.321 1249916.526 0.117306573
49.035 1254209.656 0.116748769
48.751 1258528.272 0.116193120
48.468 1262872.106 0.115639692
48.187 1267240.896 0.115088546
47.908 1271634.378 0.114539745
47.631 1276052.294 0.113993346
47.355 1280494.384 0.113449406
47.081 1284960.394 0.112907979
46.808 1289450.069 0.112369116
46.538 1293963.159 0.111832869
46.268 1298499.414 0.111299283
46.001 1303058.587 0.110768405
45.735 1307640.434 0.110240279
45.471 1312244.711 0.109714947
45.208 1316871.178 0.109192448
44.947 1321519.598 0.108672820
44.687 1326189.733 0.108156099
44.429 1330881.350 0.107642320
44.173 1335594.218 0.107131516
43.918 1340328.107 0.106623717
43.665 1345082.789 0.106118953
43.413 1349858.041 0.105617251
43.163 1354653.638 0.105118638
42.915 1359469.360 0.104623138
42.668 1364304.989 0.104130774
42.422 1369160.308 0.103641567
42.178 1374035.103 0.103155538
41.935 1378929.163 0.102672706
41.694 1383842.277 0.102193088
41.455 1388774.237 0.101716700
41.217 1393724.838 0.101243557
40.980 1398693.877 0.100773672
40.745 1403681.152 0.100307059
40.511 1408686.464 0.099843728
40.278 1413709.616 0.099383689
40.048 1418750.412 0.098926952
39.818 1423808.660 0.098473524
39.590 1428884.168 0.098023413
39.363 1433976.748 0.097576624
39.138 1439086.213 0.097133162
38.914 1444212.378 0.096693031
38.691 1449355.060 0.096256235
38.470 1454514.077 0.095822776
38.250 1459689.252 0.095392655
38.031 1464880.406 0.094965872
37.814 1470087.366 0.094542428
37.598 1475309.957 0.094122322
37.383 1480548.009 0.093705551
37.170 1485801.352 0.093292115
36.958 1491069.819 0.092882009
36.747 1496353.244 0.092475229
36.537 1501651.463 0.092071772
36.329 1506964.315 0.091671633
36.122 1512291.639 0.091274806
35.916 1517633.276 0.090881285
35.711 1522989.072 0.090491064
35.508 1528358.869 0.090104135
35.306 1533742.517 0.089720490
35.105 1539139.862 0.089340123
34.905 1544550.756 0.088963023
34.706 1549975.051 0.088589183
34.509 1555412.600 0.088218593
34.313 1560863.259 0.087851243
34.117 1566326.885 0.087487123
33.923 1571803.337 0.087126223
33.731 1577292.474 0.086768532
33.539 1582794.160 0.086414038
33.348 1588308.257 0.086062731
33.159 1593834.630 0.085714599
32.970 1599373.146 0.085369630
32.783 1604923.674 0.085027811
32.597 1610486.082 0.084689130
32.411 1616060.242 0.084353575
32.227 1621646.027 0.084021133
32.044 1627243.311 0.083691790
31.862 1632851.968 0.083365533
31.681 1638471.877 0.083042350
31.501 1644102.915 0.082722226
31.322 1649744.963 0.082405147
31.144 1655397.901 0.082091101
30.967 1661061.612 0.081780072
30.792 1666735.980 0.081472047
30.617 1672420.891 0.081167012
30.443 1678116.230 0.080864952
30.270 1683821.885 0.080565853
30.098 1689537.746 0.080269701
29.927 1695263.704 0.079976481
29.756 1700999.649 0.079686179
29.587 1706745.475 0.079398780
29.419 1712501.076 0.079114270
29.252 1718266.347 0.078832634
29.085 1724041.185 0.078553857
28.920 1729825.488 0.078277925
28.755 1735619.154 0.078004823
28.591 1741422.084 0.077734536
28.429 1747234.179 0.077467051
28.267 1753055.342 0.077202352
28.106 1758885.476 0.076940425
27.945 1764724.485 0.076681255
27.786 1770572.276 0.076424828
27.627 1776428.754 0.076171130
27.470 1782293.829 0.075920145
27.313 1788167.409 0.075671861
27.157 1794049.403 0.075426262
27.002 1799939.723 0.075183335
26.847 1805838.281 0.074943065
26.694 1811744.990 0.074705439
26.541 1817659.764 0.074470442
26.389 1823582.518 0.074238060
26.238 1829513.167 0.074008281
26.088 1835451.629 0.073781090
25.938 1841397.821 0.073556473
25.789 1847351.663 0.073334418
25.641 1853313.074 0.073114911
25.494 1859281.974 0.072897939
25.347 1865258.285 0.072683489
25.201 1871241.930 0.072471547
25.056 1877232.832 0.072262102
24.912 1883230.914 0.072055140
24.768 1889236.102 0.071850649
24.625 1895248.321 0.071648616
24.483 1901267.499 0.071449029
24.342 1907293.562 0.071251877
24.201 1913326.440 0.071057146
24.061 1919366.060 0.070864826
23.921 1925412.353 0.070674904
23.783 1931465.250 0.070487369
23.645 1937524.682 0.070302210
23.507 1943590.581 0.070119415
23.371 1949662.880 0.069938974
23.235 1955741.512 0.069760875
23.099 1961826.413 0.069585108
22.965 1967917.517 0.069411662
22.830 1974014.760 0.069240527
22.697 1980118.079 0.069071693
22.564 1986227.411 0.068905149
22.432 1992342.693 0.068740886
22.300 1998463.865 0.068578894
22.170 2004590.866 0.068419164
22.039 2010723.635 0.068261687
21.910 2016862.113 0.068106452
21.780 2023006.243 0.067953452
21.652 2029155.964 0.067802678
21.524 2035311.220 0.067654121
21.397 2041471.955 0.067507772
21.270 2047638.111 0.067363624
21.144 2053809.633 0.067221669
21.018 2059986.466 0.067081899
20.893 2066168.556 0.066944306
20.769 2072355.849 0.066808884
20.645 2078548.291 0.066675624
20.522 2084745.830 0.066544520
20.399 2090948.414 0.066415566
20.277 2097155.990 0.066288755
20.155 2103368.509 0.066164080
20.034 2109585.918 0.066041536
