20.051 2108525.850 0.066067558
20.159 2103000.343 0.066175965
20.268 2097483.704 0.066285960
20.377 2091976.008 0.066397541
20.486 2086477.334 0.066510705
20.595 2080987.758 0.066625453
20.705 2075507.360 0.066741782
20.815 2070036.218 0.066859692
20.926 2064574.412 0.066979180
21.037 2059122.023 0.067100246
21.148 2053679.132 0.067222888
21.259 2048245.821 0.067347105
21.371 2042822.173 0.067472896
21.483 2037408.270 0.067600259
21.596 2032004.198 0.067729193
21.709 2026610.041 0.067859697
21.822 2021225.885 0.067991770
21.936 2015851.815 0.068125410
22.049 2010487.919 0.068260616
22.164 2005134.285 0.068397387
22.278 1999791.000 0.068535721
22.393 1994458.156 0.068675617
22.508 1989135.841 0.068817073
22.624 1983824.146 0.068960089
22.740 1978523.164 0.069104663
22.856 1973232.986 0.069250792
22.973 1967953.706 0.069398476
23.090 1962685.417 0.069547713
23.207 1957428.215 0.069698501
23.325 1952182.195 0.069850838
23.443 1946947.454 0.070004723
23.562 1941724.088 0.070160154
23.680 1936512.196 0.070317129
23.799 1931311.877 0.070475645
23.919 1926123.230 0.070635700
24.039 1920946.356 0.070797293
24.159 1915781.357 0.070960421
24.279 1910628.334 0.071125081
24.400 1905487.390 0.071291271
24.521 1900358.630 0.071458988
24.643 1895242.159 0.071628229
24.765 1890138.082 0.071798992
24.887 1885046.505 0.071971274
25.009 1879967.537 0.072145070
25.132 1874901.285 0.072320379
25.255 1869847.858 0.072497196
25.379 1864807.367 0.072675518
25.503 1859779.923 0.072855340
25.627 1854765.638 0.073036660
25.752 1849764.624 0.073219473
25.877 1844776.995 0.073403774
26.002 1839802.865 0.073589560
26.127 1834842.351 0.073776825
26.253 1829895.568 0.073965564
26.380 1824962.635 0.074155773
26.506 1820043.669 0.074347446
26.633 1815138.789 0.074540578
26.760 1810248.116 0.074735163
26.888 1805371.771 0.074931195
27.016 1800509.876 0.075128668
27.144 1795662.554 0.075327576
27.273 1790829.928 0.075527911
27.401 1786012.125 0.075729668
27.531 1781209.269 0.075932838
27.660 1776421.487 0.076137414
27.790 1771648.907 0.076343390
27.920 1766891.659 0.076550755
28.050 1762149.871 0.076759503
28.181 1757423.674 0.076969625
28.312 1752713.199 0.077181112
28.443 1748018.581 0.077393954
28.575 1743339.951 0.077608143
28.707 1738677.444 0.077823668
28.839 1734031.196 0.078040519
28.971 1729401.344 0.078258686
29.104 1724788.024 0.078478158
29.237 1720191.376 0.078698923
29.370 1715611.537 0.078920970
29.504 1711048.650 0.079144288
29.637 1706502.854 0.079368864
29.772 1701974.293 0.079594684
29.906 1697463.110 0.079821737
30.040 1692969.447 0.080050009
30.175 1688493.452 0.080279485
30.310 1684035.270 0.080510152
30.445 1679595.047 0.080741995
30.581 1675172.932 0.080974998
30.717 1670769.074 0.081209147
30.853 1666383.623 0.081444424
30.989 1662016.729 0.081680815
31.125 1657668.545 0.081918301
31.262 1653339.222 0.082156865
31.398 1649028.915 0.082396490
31.535 1644737.779 0.082637157
31.672 1640465.968 0.082878847
31.810 1636213.638 0.083121542
31.947 1631980.948 0.083365220
32.085 1627768.056 0.083609863
32.223 1623575.119 0.083855449
32.360 1619402.300 0.084101957
32.498 1615249.757 0.084349364
32.637 1611117.653 0.084597649
32.775 1607006.150 0.084846789
32.913 1602915.412 0.085096760
33.052 1598845.603 0.085347538
33.190 1594796.888 0.085599098
33.329 1590769.433 0.085851416
33.468 1586763.403 0.086104466
33.607 1582778.968 0.086358221
33.746 1578816.294 0.086612654
33.884 1574875.552 0.086867739
34.023 1570956.909 0.087123447
34.162 1567060.538 0.087379749
34.301 1563186.609 0.087636616
34.440 1559335.293 0.087894019
34.579 1555506.765 0.088151927
34.718 1551701.195 0.088410309
34.857 1547918.760 0.088669133
34.996 1544159.632 0.088928367
35.135 1540423.987 0.089187978
35.274 1536712.001 0.089447934
35.412 1533023.849 0.089708198
35.551 1529359.710 0.089968738
35.689 1525719.760 0.090229518
35.828 1522104.176 0.090490501
35.966 1518513.138 0.090751651
36.104 1514946.824 0.091012931
36.242 1511405.414 0.091274304
36.379 1507889.087 0.091535730
36.517 1504398.022 0.091797170
36.654 1500932.402 0.092058586
36.791 1497492.405 0.092319936
36.928 1494078.215 0.092581180
37.065 1490690.011 0.092842276
37.201 1487327.976 0.093103182
37.337 1483992.291 0.093363856
37.473 1480683.138 0.093624253
37.608 1477400.701 0.093884331
37.743 1474145.160 0.094144045
37.878 1470916.699 0.094403350
38.012 1467715.501 0.094662199
38.146 1464541.747 0.094920548
38.279 1461395.621 0.095178348
38.412 1458277.305 0.095435554
38.545 1455186.981 0.095692116
38.677 1452124.833 0.095947987
38.808 1449091.041 0.096203118
38.939 1446085.790 0.096457460
39.070 1443109.260 0.096710962
39.200 1440161.633 0.096963574
39.329 1437243.091 0.097215246
39.458 1434353.814 0.097465926
39.586 1431493.984 0.097715562
39.713 1428663.780 0.097964103
39.840 1425863.383 0.098211495
39.966 1423092.972 0.098457687
40.091 1420352.726 0.098702624
40.216 1417642.822 0.098946253
40.340 1414963.440 0.099188520
40.463 1412314.755 0.099429371
40.585 1409696.945 0.099668751
40.707 1407110.183 0.099906605
40.827 1404554.646 0.100142878
40.947 1402030.508 0.100377516
41.066 1399537.940 0.100610461
41.184 1397077.116 0.100841658
41.301 1394648.206 0.101071053
41.417 1392251.381 0.101298587
41.531 1389886.808 0.101524206
41.645 1387554.657 0.101747853
41.758 1385255.094 0.101969471
41.870 1382988.284 0.102189005
41.981 1380754.392 0.102406397
42.090 1378553.580 0.102621593
42.198 1376386.009 0.102834534
42.306 1374251.841 0.103045165
42.412 1372151.232 0.103253430
42.516 1370084.341 0.103459273
42.620 1368051.323 0.103662638
42.722 1366052.331 0.103863469
42.823 1364087.518 0.104061712
42.922 1362157.034 0.104257310
43.020 1360261.028 0.104450209
43.117 1358399.647 0.104640354
43.212 1356573.034 0.104827692
43.306 1354781.335 0.105012167
43.399 1353024.689 0.105193728
43.490 1351303.235 0.105372321
43.579 1349617.111 0.105547894
43.667 1347966.451 0.105720394
43.753 1346351.388 0.105889770
43.838 1344772.052 0.106055972
43.921 1343228.572 0.106218949
44.002 1341721.072 0.106378652
44.082 1340249.677 0.106535032
44.160 1338814.508 0.106688040
44.236 1337415.683 0.106837630
44.311 1336053.318 0.106983755
44.384 1334727.526 0.107126369
44.455 1333438.419 0.107265427
44.524 1332186.105 0.107400884
44.591 1330970.690 0.107532699
44.657 1329792.275 0.107660828
44.720 1328650.962 0.107785231
44.782 1327546.848 0.107905866
44.842 1326480.027 0.108022696
44.900 1325450.591 0.108135681
44.955 1324458.628 0.108244786
45.009 1323504.224 0.108349973
45.061 1322587.462 0.108451207
45.111 1321708.422 0.108548457
45.159 1320867.179 0.108641688
45.205 1320063.809 0.108730870
45.249 1319298.381 0.108815973
45.291 1318570.962 0.108896968
45.330 1317881.616 0.108973828
45.368 1317230.405 0.109046526
45.403 1316617.386 0.109115038
45.436 1316042.614 0.109179341
45.468 1315506.139 0.109239413
45.497 1315008.010 0.109295232
45.523 1314548.271 0.109346780
45.548 1314126.962 0.109394038
45.571 1313744.123 0.109436992
45.591 1313399.787 0.109475625
45.609 1313093.985 0.109509924
45.625 1312826.746 0.109539878
45.639 1312598.092 0.109565475
45.650 1312408.046 0.109586707
45.659 1312256.623 0.109603566
45.666 1312143.840 0.109616047
45.671 1312069.704 0.109624144
45.674 1312034.225 0.109627856
45.674 1312037.404 0.109627180
45.672 1312079.243 0.109622116
45.668 1312159.738 0.109612667
45.662 1312278.882 0.109598835
45.653 1312436.665 0.109580625
45.643 1312633.073 0.109558043
45.630 1312868.088 0.109531097
45.614 1313141.691 0.109499796
45.597 1313453.857 0.109464150
45.577 1313804.559 0.109424172
45.556 1314193.766 0.109379875
45.532 1314621.443 0.109331275
45.506 1315087.553 0.109278387
45.477 1315592.055 0.109221230
45.447 1316134.905 0.109159824
45.414 1316716.054 0.109094188
45.380 1317335.453 0.109024346
45.343 1317993.046 0.108950320
45.304 1318688.777 0.108872136
45.263 1319422.584 0.108789820
45.220 1320194.403 0.108703399
45.175 1321004.168 0.108612902
45.127 1321851.808 0.108518359
45.078 1322737.250 0.108419802
45.027 1323660.418 0.108317264
44.974 1324621.231 0.108210777
44.918 1325619.607 0.108100377
44.861 1326655.461 0.107986101
44.802 1327728.705 0.107867984
44.741 1328839.246 0.107746066
44.678 1329986.990 0.107620385
44.613 1331171.841 0.107490983
44.546 1332393.699 0.107357900
44.478 1333652.460 0.107221179
44.408 1334948.020 0.107080863
44.335 1336280.269 0.106936996
44.262 1337649.099 0.106789624
44.186 1339054.394 0.106638791
44.109 1340496.040 0.106484546
44.029 1341973.918 0.106326935
43.949 1343487.907 0.106166007
43.866 1345037.884 0.106001810
43.782 1346623.723 0.105834394
43.697 1348245.296 0.105663810
43.609 1349902.473 0.105490108
43.521 1351595.123 0.105313340
43.430 1353323.109 0.105133557
43.339 1355086.295 0.104950813
43.245 1356884.544 0.104765161
43.150 1358717.713 0.104576653
43.054 1360585.660 0.104385343
42.957 1362488.240 0.104191287
42.858 1364425.306 0.103994538
42.758 1366396.711 0.103795151
42.656 1368402.304 0.103593182
42.553 1370441.932 0.103388686
42.449 1372515.443 0.103181718
42.344 1374622.682 0.102972335
42.237 1376763.490 0.102760593
42.129 1378937.710 0.102546548
42.020 1381145.183 0.102330255
41.910 1383385.746 0.102111772
41.799 1385659.237 0.101891155
41.686 1387965.493 0.101668460
41.573 1390304.347 0.101443743
41.459 1392675.635 0.101217062
41.343 1395079.187 0.100988471
41.227 1397514.835 0.100758028
41.109 1399982.410 0.100525788
40.991 1402481.740 0.100291807
40.872 1405012.653 0.100056141
40.752 1407574.977 0.099818846
40.631 1410168.539 0.099579977
40.509 1412793.163 0.099339589
40.386 1415448.674 0.099097737
40.263 1418134.896 0.098854475
40.139 1420851.653 0.098609858
40.014 1423598.766 0.098363940
39.888 1426376.058 0.098116774
39.762 1429183.351 0.097868414
39.635 1432020.464 0.097618912
39.507 1434887.219 0.097368321
39.379 1437783.435 0.097116694
39.250 1440708.931 0.096864080
39.121 1443663.528 0.096610533
38.990 1446647.043 0.096356102
38.860 1449659.295 0.096100838
38.729 1452700.102 0.095844791
38.597 1455769.283 0.095588010
38.465 1458866.656 0.095330544
38.332 1461992.037 0.095072441
38.199 1465145.245 0.094813749
38.066 1468326.098 0.094554515
37.932 1471534.412 0.094294786
37.798 1474770.006 0.094034608
37.663 1478032.698 0.093774026
37.528 1481322.304 0.093513086
37.393 1484638.642 0.093251832
37.257 1487981.532 0.092990307
37.121 1491350.790 0.092728555
36.985 1494746.235 0.092466619
36.849 1498167.685 0.092204541
36.712 1501614.961 0.091942361
36.575 1505087.879 0.091680122
36.438 1508586.261 0.091417862
36.301 1512109.925 0.091155622
36.163 1515658.692 0.090893441
36.025 1519232.382 0.090631357
35.887 1522830.817 0.090369407
35.749 1526453.817 0.090107629
35.611 1530101.205 0.089846060
35.473 1533772.802 0.089584734
35.335 1537468.432 0.089323688
35.196 1541187.919 0.089062956
35.058 1544931.085 0.088802573
34.919 1548697.756 0.088542570
34.781 1552487.756 0.088282982
34.642 1556300.912 0.088023840
34.503 1560137.049 0.087765176
34.364 1563995.995 0.087507021
34.226 1567877.577 0.087249405
34.087 1571781.624 0.086992358
33.948 1575707.965 0.086735909
33.810 1579656.429 0.086480086
33.671 1583626.848 0.086224918
33.533 1587619.051 0.085970431
33.394 1591632.872 0.085716653
33.256 1595668.143 0.085463610
33.117 1599724.697 0.085211327
32.979 1603802.369 0.084959830
32.841 1607900.995 0.084709143
32.703 1612020.409 0.084459289
32.565 1616160.450 0.084210293
32.427 1620320.954 0.083962176
32.290 1624501.760 0.083714962
32.152 1628702.708 0.083468672
32.015 1632923.637 0.083223328
31.877 1637164.389 0.082978949
31.740 1641424.807 0.082735557
31.603 1645704.731 0.082493171
31.467 1650004.008 0.082251810
31.330 1654322.481 0.082011492
31.194 1658659.995 0.081772237
31.058 1663016.398 0.081534062
30.922 1667391.537 0.081296984
30.786 1671785.261 0.081061020
30.651 1676197.418 0.080826186
30.515 1680627.858 0.080592499
30.380 1685076.434 0.080359973
30.245 1689542.998 0.080128624
30.111 1694027.402 0.079898467
29.976 1698529.500 0.079669514
29.842 1703049.148 0.079441782
29.708 1707586.201 0.079215282
29.575 1712140.517 0.078990027
29.442 1716711.953 0.078766031
29.308 1721300.368 0.078543305
29.176 1725905.622 0.078321862
29.043 1730527.577 0.078101712
28.911 1735166.093 0.077882867
28.779 1739821.033 0.077665337
28.647 1744492.261 0.077449134
28.516 1749179.642 0.077234267
28.385 1753883.042 0.077020745
28.254 1758602.326 0.076808579
28.123 1763337.363 0.076597776
27.993 1768088.022 0.076388347
27.863 1772854.170 0.076180300
27.734 1777635.680 0.075973642
27.604 1782432.422 0.075768381
27.475 1787244.269 0.075564526
27.347 1792071.094 0.075362084
27.218 1796912.772 0.075161061
27.090 1801769.177 0.074961464
26.962 1806640.186 0.074763301
26.835 1811525.676 0.074566577
26.708 1816425.525 0.074371298
26.581 1821339.612 0.074177471
26.455 1826267.818 0.073985100
26.328 1831210.022 0.073794191
26.203 1836166.107 0.073604750
26.077 1841135.955 0.073416782
25.952 1846119.450 0.073230290
25.827 1851116.477 0.073045280
25.703 1856126.922 0.072861757
25.579 1861150.669 0.072679723
25.455 1866187.608 0.072499184
25.332 1871237.626 0.072320144
25.208 1876300.613 0.072142605
25.086 1881376.457 0.071966571
24.963 1886465.051 0.071792046
24.841 1891566.286 0.071619033
24.719 1896680.055 0.071447536
24.598 1901806.250 0.071277556
24.477 1906944.768 0.071109097
24.356 1912095.502 0.070942162
24.236 1917258.350 0.070776753
24.116 1922433.207 0.070612872
23.996 1927619.973 0.070450522
23.877 1932818.545 0.070289706
23.758 1938028.823 0.070130425
23.639 1943250.708 0.069972681
23.521 1948484.101 0.069816476
23.403 1953728.904 0.069661813
23.285 1958985.019 0.069508692
23.168 1964252.351 0.069357116
23.051 1969530.803 0.069207087
22.935 1974820.282 0.069058605
22.818 1980120.693 0.068911673
22.702 1985431.944 0.068766292
22.587 1990753.941 0.068622463
22.472 1996086.593 0.068480188
22.357 2001429.810 0.068339467
22.242 2006783.501 0.068200303
22.128 2012147.578 0.068062697
22.014 2017521.951 0.067926649
21.901 2022906.534 0.067792161
21.788 2028301.239 0.067659235
21.675 2033705.979 0.067527871
21.562 2039120.671 0.067398070
21.450 2044545.227 0.067269834
21.339 2049979.566 0.067143163
21.227 2055423.603 0.067018059
21.116 2060877.255 0.066894524
21.005 2066340.442 0.066772557
20.895 2071813.081 0.066652161
20.785 2077295.093 0.066533336
20.675 2082786.397 0.066416084
20.566 2088286.914 0.066300406
20.456 2093796.567 0.066186303
20.348 2099315.277 0.066073776
20.239 2104842.967 0.065962827
20.131 2110379.561 0.065853457
20.023 2115924.983 0.065745668
410811.819 0.743
420249.176 0.727
429686.114 0.712
439122.624 0.696
448558.698 0.681
457994.325 0.666
467429.496 0.652
476864.202 0.637
486298.433 0.623
495732.180 0.609
505165.434 0.596
514598.185 0.583
524030.424 0.570
533462.142 0.557
542893.328 0.544
552323.975 0.532
561754.071 0.521
571183.609 0.509
580612.578 0.498
590040.969 0.487
599468.773 0.476
608895.980 0.466
618322.581 0.456
627748.567 0.446
637173.928 0.436
646598.655 0.427
656022.738 0.418
665446.169 0.409
674868.937 0.401
684291.034 0.392
693712.449 0.384
703133.174 0.376
712553.199 0.368
721972.515 0.361
731391.113 0.354
740808.982 0.346
750226.115 0.340
759642.500 0.333
769058.130 0.326
778472.994 0.320
787887.083 0.314
797300.388 0.308
806712.900 0.302
816124.609 0.296
825535.505 0.290
834945.580 0.285
844354.824 0.280
853763.227 0.275
863170.781 0.270
872577.476 0.265
881983.302 0.260
891388.250 0.255
900792.311 0.251
910195.476 0.246
919597.735 0.242
928999.078 0.238
938399.497 0.234
947798.982 0.230
957197.524 0.226
966595.113 0.222
975991.739 0.218
985387.395 0.214
994782.070 0.211
1004175.754 0.207
1013568.440 0.204
1022960.116 0.201
1032350.774 0.197
1041740.405 0.194
1051128.999 0.191
1060516.547 0.188
1069903.039 0.185
1079288.467 0.182
1088672.820 0.180
1098056.089 0.177
1107438.266 0.174
1116819.341 0.171
1126199.304 0.169
1135578.146 0.166
1144955.858 0.164
1154332.430 0.161
1163707.853 0.159
1173082.118 0.157
1182455.216 0.155
1191827.137 0.152
1201197.871 0.150
1210567.410 0.148
1219935.744 0.146
1229302.864 0.144
1238668.760 0.142
1248033.424 0.140
1257396.845 0.138
1266759.015 0.136
1276119.924 0.134
1285479.563 0.132
1294837.922 0.131
1304194.993 0.129
1313550.766 0.127
1322905.231 0.126
1332258.379 0.124
1341610.202 0.122
1350960.689 0.121
1360309.832 0.119
1369657.620 0.118
1379004.046 0.116
1388349.099 0.115
1397692.770 0.113
1407035.050 0.112
1416375.929 0.111
1425715.399 0.109
1435053.449 0.108
1444390.072 0.107
1453725.257 0.105
1463058.994 0.104
1472391.276 0.103
1481722.092 0.101
1491051.434 0.100
1500379.291 0.099
1509705.655 0.098
1519030.516 0.097
1528353.865 0.096
1537675.694 0.095
1546995.991 0.094
1556314.749 0.092
1565631.958 0.091
1574947.609 0.090
1584261.692 0.089
1593574.198 0.088
1602885.118 0.087
1612194.443 0.086
1621502.163 0.086
1630808.269 0.085
1640112.752 0.084
1649415.602 0.083
1658716.811 0.082
1668016.368 0.081
1677314.266 0.080
1686610.494 0.079
1695905.043 0.078
1705197.905 0.078
1714489.069 0.077
1723778.526 0.076
1733066.268 0.075
1742352.285 0.075
1751636.568 0.074
1760919.107 0.073
1770199.893 0.072
1779478.918 0.072
1788756.171 0.071
1798031.644 0.070
1807305.328 0.069
1816577.212 0.069
1825847.288 0.068
1835115.547 0.067
1844381.980 0.067
1853646.576 0.066
1862909.328 0.066
1872170.225 0.065
1881429.259 0.064
1890686.421 0.064
1899941.700 0.063
1909195.088 0.062
1918446.576 0.062
1927696.155 0.061
1936943.814 0.061
1946189.546 0.060
1955433.341 0.060
1964675.189 0.059
1973915.082 0.059
1983153.010 0.058
1992388.964 0.058
2001622.935 0.057
2010854.914 0.057
2020084.891 0.056
2029312.857 0.056
2038538.804 0.055
2047762.722 0.055
2056984.601 0.054
2066204.433 0.054
2075422.208 0.053
2084637.917 0.053
2093851.552 0.052
2103063.102 0.052
2112272.559 0.051
2121479.914 0.051
2130685.157 0.050
2139888.279 0.050
2149089.271 0.050
2158288.124 0.049
2167484.829 0.049
2176679.376 0.048
2185871.757 0.048
2195061.962 0.048
2204249.982 0.047
2213435.808 0.047
2222619.431 0.047
2231800.842 0.046
2240980.031 0.046
2250156.990 0.045
2259331.708 0.045
2268504.178 0.045
2277674.390 0.044
2286842.335 0.044
2296008.004 0.044
2305171.387 0.043
2314332.476 0.043
2323491.261 0.043
2332647.733 0.042
2341801.883 0.042
2350953.703 0.042
2360103.182 0.041
2369250.312 0.041
2378395.084 0.041
2387537.489 0.040
2396677.517 0.040
2405815.159 0.040
2414950.407 0.040
2424083.251 0.039
2433213.682 0.039
2442341.691 0.039
2451467.269 0.038
2460590.407 0.038
2469711.096 0.038
2478829.326 0.038
2487945.089 0.037
2497058.375 0.037
2506169.176 0.037
2515277.483 0.037
2524383.285 0.036
2533486.575 0.036
2542587.343 0.036
2551685.581 0.035
2560781.278 0.035
2569874.426 0.035
2578965.017 0.035
2588053.040 0.035
2597138.487 0.034
2606221.349 0.034
2615301.617 0.034
2624379.281 0.034
2633454.334 0.033
2642526.765 0.033
2651596.565 0.033
2660663.726 0.033
2669728.239 0.032
2678790.094 0.032
2687849.283 0.032
2696905.796 0.032
2705959.625 0.032
2715010.761 0.031
2724059.193 0.031
2733104.915 0.031
2742147.916 0.031
2751188.187 0.031
2760225.719 0.030
2769260.505 0.030
2778292.533 0.030
2787321.796 0.030
2796348.285 0.030
2805371.990 0.029
2814392.903 0.029
2823411.014 0.029
2832426.314 0.029
2841438.796 0.029
2850448.449 0.029
2859455.264 0.028
2868459.233 0.028
2877460.347 0.028
2886458.597 0.028
2895453.973 0.028
2904446.467 0.028
2913436.071 0.027
2922422.774 0.027
2931406.568 0.027
2940387.444 0.027
2949365.393 0.027
2958340.406 0.027
2967312.475 0.026
2976281.590 0.026
2985247.742 0.026
2994210.922 0.026
3003171.122 0.026
3012128.333 0.026
3021082.546 0.025
3030033.751 0.025
3038981.940 0.025
3047927.104 0.025
3056869.233 0.025
3065808.321 0.025
3074744.356 0.025
3083677.330 0.024
3092607.235 0.024
3101534.062 0.024
3110457.801 0.024
3119378.444 0.024
3128295.982 0.024
3137210.406 0.024
3146121.707 0.023
3155029.876 0.023
3163934.905 0.023
3172836.784 0.023
3181735.505 0.023
3190631.058 0.023
3199523.436 0.023
3208412.629 0.023
3217298.627 0.022
3226181.424 0.022
3235061.009 0.022
3243937.373 0.022
3252810.509 0.022
3261680.406 0.022
3270547.057 0.022
3279410.452 0.022
3288270.582 0.022
3297127.439 0.021
3305981.015 0.021
3314831.299 0.021
3323678.284 0.021
3332521.960 0.021
3341362.318 0.021
3350199.351 0.021
3359033.049 0.021
3367863.402 0.021
3376690.404 0.020
3385514.044 0.020
3394334.314 0.020
3403151.205 0.020
3411964.709 0.020
3420774.816 0.020
3429581.517 0.020
3438384.805 0.020
3447184.670 0.020
3455981.104 0.020
3464774.097 0.019
3473563.642 0.019
3482349.728 0.019
3491132.348 0.019
3499911.493 0.019
3508687.154 0.019
3517459.322 0.019
3526227.989 0.019
3534993.145 0.019
3543754.782 0.019
3552512.892 0.018
3561267.466 0.018
3570018.494 0.018
3578765.969 0.018
3587509.881 0.018
3596250.221 0.018
3604986.982 0.018
3613720.154 0.018
3622449.729 0.018
3631175.698 0.018
3639898.053 0.018
3648616.783 0.018
3657331.882 0.017
3666043.340 0.017
3674751.149 0.017
3683455.299 0.017
3692155.783 0.017
3700852.591 0.017
3709545.716 0.017
3718235.147 0.017
3726920.877 0.017
3735602.897 0.017
3744281.199 0.017
3752955.773 0.017
3761626.611 0.016
3770293.705 0.016
3778957.045 0.016
3787616.624 0.016
3796272.432 0.016
3804924.460 0.016
3813572.702 0.016
3822217.147 0.016
3830857.787 0.016
3839494.613 0.016
3848127.617 0.016
3856756.791 0.016
3865382.125 0.016
3874003.612 0.016
3882621.241 0.015
3891235.006 0.015
3899844.897 0.015
3908450.906 0.015
3917053.024 0.015
3925651.243 0.015
3934245.554 0.015
3942835.948 0.015
3951422.418 0.015
3960004.954 0.015
3968583.547 0.015
3977158.190 0.015
3985728.874 0.015
3994295.590 0.015
4002858.330 0.015
4011417.085 0.015
4019971.846 0.014
4028522.606 0.014
4037069.355 0.014
4045612.086 0.014
4054150.789 0.014
4062685.456 0.014
4071216.079 0.014
4079742.650 0.014
4088265.158 0.014
4096783.597 0.014
4105297.958 0.014
4113808.231 0.014
4122314.410 0.014
4130816.485 0.014
4139314.447 0.014
4147808.289 0.014
4156298.001 0.014
4164783.577 0.013
4173265.006 0.013
4181742.280 0.013
4190215.392 0.013
4198684.332 0.013
4207149.092 0.013
4215609.665 0.013
4224066.040 0.013
4232518.211 0.013
4240966.168 0.013
4249409.903 0.013
4257849.408 0.013
4266284.674 0.013
4274715.693 0.013
4283142.456 0.013
4291564.956 0.013
4299983.183 0.013
4308397.130 0.013
4316806.787 0.013
4325212.147 0.013
4333613.201 0.012
4342009.942 0.012
4350402.359 0.012
4358790.446 0.012
4367174.193 0.012
4375553.593 0.012
4383928.637 0.012
4392299.317 0.012
4400665.624 0.012
4409027.550 0.012
4417385.087 0.012
4425738.227 0.012
4434086.960 0.012
4442431.279 0.012
4450771.176 0.012
4459106.642 0.012
4467437.669 0.012
4475764.248 0.012
4484086.372 0.012
4492404.031 0.012
4500717.218 0.012
4509025.925 0.012
4517330.143 0.011
4525629.864 0.011
4533925.079 0.011
4542215.781 0.011
4550501.961 0.011
4558783.610 0.011
4567060.722 0.011
4575333.286 0.011
4583601.296 0.011
4591864.743 0.011
4600123.618 0.011
4608377.914 0.011
4616627.622 0.011
4624872.734 0.011
4633113.242 0.011
4641349.137 0.011
4649580.412 0.011
4657807.058 0.011
4666029.067 0.011
4674246.431 0.011
4682459.141 0.011
4690667.190 0.011
4698870.569 0.011
4707069.270 0.011
4715263.285 0.011
4723452.606 0.010
4731637.224 0.010
4739817.132 0.010
4747992.322 0.010
4756162.784 0.010
4764328.512 0.010
4772489.496 0.010
4780645.729 0.010
4788797.203 0.010
4796943.910 0.010
4805085.840 0.010
4813222.988 0.010
4821355.343 0.010
4829482.898 0.010
4837605.646 0.010
4845723.577 0.010
4853836.685 0.010
4861944.960 0.010
4870048.394 0.010
4878146.981 0.010
4886240.711 0.010
4894329.576 0.010
4902413.569 0.010
4910492.681 0.010
4918566.905 0.010
4926636.232 0.010
4934700.654 0.010
4942760.164 0.010
4950814.752 0.010
4958864.412 0.010
4966909.135 0.009
4974948.913 0.009
4982983.739 0.009
4991013.603 0.009
4999038.499 0.009
5007058.418 0.009
5015073.352 0.009
5023083.293 0.009
5031088.233 0.009
5039088.165 0.009
5047083.080 0.009
5055072.970 0.009
5063057.828 0.009
5071037.645 0.009
5079012.413 0.009
5086982.125 0.009
5094946.773 0.009
5102906.348 0.009
5110860.843 0.009
5118810.250 0.009
5126754.560 0.009
5134693.767 0.009
5142627.861 0.009
5150556.836 0.009
5158480.683 0.009
5166399.395 0.009
5174312.963 0.009
5182221.379 0.009
5190124.636 0.009
5198022.727 0.009
5205915.642 0.009
5213803.374 0.009
5221685.915 0.009
5229563.258 0.009
5237435.395 0.009
5245302.317 0.009
5253164.017 0.008
5261020.487 0.008
5268871.720 0.008
5276717.707 0.008
5284558.440 0.008
5292393.912 0.008
5300224.116 0.008
5308049.042 0.008
5315868.684 0.008
5323683.034 0.008
5331492.083 0.008
0.0 0.0 0.0
0.0 0.0 0.0
0.0 0.0 0.0
0.0 0.0 0.0
0.0 0.0 0.0
0.0 0.0 0.0
0.0 0.0 0.0
0.0 0.0 0.0
0.0 0.0 0.0
0.0 0.0 0.0
0.0 0.0 0.0
0.0 0.0 0.0
0.0 0.0 0.0
0.0 0.0 0.0
0.0 0.0 0.0
0.0 0.0 0.0
0.0 0.0 0.0
0.0 0.0 0.0
0.0 0.0 0.0
0.0 0.0 0.0
0.0 0.0 0.0
0.0 0.0 0.0
0.0 0.0 0.0
0.0 0.0 0.0
0.0 0.0 0.0
0.0 0.0 0.0
0.0 0.0 0.0
0.0 0.0 0.0
0.0 0.0 0.0
0.0 0.0 0.0
0.0 0.0 0.0
0.0 0.0 0.0
0.0 0.0 0.0
0.0 0.0 0.0
0.0 0.0 0.0
0.0 0.0 0.0
0.0 0.0 0.0
0.0 0.0 0.0
0.0 0.0 0.0
0.0 0.0 0.0
0.0 0.0 0.0
0.0 0.0 0.0
0.0 0.0 0.0
0.0 0.0 0.0
0.0 0.0 0.0
0.0 0.0 0.0
0.0 0.0 0.0
0.0 0.0 0.0
0.0 0.0 0.0
0.0 0.0 0.0
0.0 0.0 0.0
0.0 0.0 0.0
0.0 0.0 0.0
0.0 0.0 0.0
0.0 0.0 0.0
0.0 0.0 0.0
0.0 0.0 0.0
0.0 0.0 0.0
0.0 0.0 0.0
0.0 0.0 0.0
0.0 0.0 0.0
0.0 0.0 0.0
0.0 0.0 0.0
0.0 0.0 0.0
0.0 0.0 0.0
0.0 0.0 0.0
0.0 0.0 0.0
0.0 0.0 0.0
0.0 0.0 0.0
0.0 0.0 0.0
0.0 0.0 0.0
0.0 0.0 0.0
0.0 0.0 0.0
0.0 0.0 0.0
0.0 0.0 0.0
0.0 0.0 0.0
0.0 0.0 0.0
0.0 0.0 0.0
0.0 0.0 0.0
0.0 0.0 0.0
0.0 0.0 0.0
0.0 0.0 0.0
0.0 0.0 0.0
0.0 0.0 0.0
0.0 0.0 0.0
0.0 0.0 0.0
0.0 0.0 0.0
0.0 0.0 0.0
0.0 0.0 0.0
0.0 0.0 0.0
0.0 0.0 0.0
0.0 0.0 0.0
0.0 0.0 0.0
0.0 0.0 0.0
0.0 0.0 0.0
0.0 0.0 0.0
0.0 0.0 0.0
0.0 0.0 0.0
0.0 0.0 0.0
0.0 0.0 0.0
0.0 0.0 0.0
0.0 0.0 0.0
0.0 0.0 0.0
0.0 0.0 0.0
0.0 0.0 0.0
0.0 0.0 0.0
0.0 0.0 0.0
0.0 0.0 0.0
0.0 0.0 0.0
0.0 0.0 0.0
0.0 0.0 0.0
0.0 0.0 0.0
0.0 0.0 0.0
0.0 0.0 0.0
0.0 0.0 0.0
0.0 0.0 0.0
0.0 0.0 0.0
0.0 0.0 0.0
0.0 0.0 0.0
0.0 0.0 0.0
0.0 0.0 0.0
0.0 0.0 0.0
0.0 0.0 0.0
0.0 0.0 0.0
0.0 0.0 0.0
0.0 0.0 0.0
0.0 0.0 0.0
0.0 0.0 0.0
0.0 0.0 0.0
0.0 0.0 0.0
0.0 0.0 0.0
0.0 0.0 0.0
0.0 0.0 0.0
0.0 0.0 0.0
0.0 0.0 0.0
0.0 0.0 0.0
0.0 0.0 0.0
0.0 0.0 0.0
0.0 0.0 0.0
0.0 0.0 0.0
0.0 0.0 0.0
0.0 0.0 0.0
0.0 0.0 0.0
0.0 0.0 0.0
0.0 0.0 0.0
0.0 0.0 0.0
0.0 0.0 0.0
0.0 0.0 0.0
0.0 0.0 0.0
0.0 0.0 0.0
0.0 0.0 0.0
0.0 0.0 0.0
0.0 0.0 0.0
0.0 0.0 0.0
0.0 0.0 0.0
0.0 0.0 0.0
0.0 0.0 0.0
0.0 0.0 0.0
0.0 0.0 0.0
0.0 0.0 0.0
0.0 0.0 0.0
0.0 0.0 0.0
0.0 0.0 0.0
0.0 0.0 0.0
0.0 0.0 0.0
0.0 0.0 0.0
0.0 0.0 0.0
0.0 0.0 0.0
0.0 0.0 0.0
0.0 0.0 0.0
5327960.766 0.008
5315062.027 0.008
5302157.997 0.008
5289248.687 0.008
5276334.110 0.008
5263414.280 0.008
5250489.210 0.009
5237558.911 0.009
5224623.398 0.009
5211682.683 0.009
5198736.778 0.009
5185785.697 0.009
5172829.453 0.009
5159868.059 0.009
5146901.527 0.009
5133929.870 0.009
5120953.101 0.009
5107971.234 0.009
5094984.280 0.009
5081992.254 0.009
5068995.167 0.009
5055993.034 0.009
5042985.866 0.009
5029973.677 0.009
5016956.480 0.009
5003934.287 0.009
4990907.112 0.009
4977874.968 0.009
4964837.868 0.010
4951795.823 0.010
4938748.849 0.010
4925696.957 0.010
4912640.160 0.010
4899578.473 0.010
4886511.906 0.010
4873440.474 0.010
4860364.190 0.010
4847283.066 0.010
4834197.116 0.010
4821106.353 0.010
4808010.789 0.010
4794910.438 0.010
4781805.312 0.010
4768695.426 0.010
4755580.791 0.010
4742461.421 0.010
4729337.329 0.010
4716208.528 0.011
4703075.031 0.011
4689936.851 0.011
4676794.002 0.011
4663646.496 0.011
4650494.346 0.011
4637337.566 0.011
4624176.168 0.011
4611010.166 0.011
4597839.573 0.011
4584664.402 0.011
4571484.666 0.011
4558300.378 0.011
4545111.551 0.011
4531918.199 0.011
4518720.334 0.011
4505517.970 0.012
4492311.120 0.012
4479099.796 0.012
4465884.013 0.012
4452663.784 0.012
4439439.120 0.012
4426210.036 0.012
4412976.546 0.012
4399738.661 0.012
4386496.395 0.012
4373249.761 0.012
4359998.773 0.012
4346743.444 0.012
4333483.786 0.012
4320219.814 0.013
4306951.540 0.013
4293678.978 0.013
4280402.140 0.013
4267121.040 0.013
4253835.691 0.013
4240546.107 0.013
4227252.300 0.013
4213954.285 0.013
4200652.073 0.013
4187345.679 0.013
4174035.115 0.013
4160720.395 0.014
4147401.532 0.014
4134078.540 0.014
4120751.431 0.014
4107420.219 0.014
4094084.917 0.014
4080745.539 0.014
4067402.097 0.014
4054054.606 0.014
4040703.078 0.014
4027347.526 0.014
4013987.964 0.015
4000624.405 0.015
3987256.863 0.015
3973885.351 0.015
3960509.881 0.015
3947130.469 0.015
3933747.126 0.015
3920359.866 0.015
3906968.702 0.015
3893573.648 0.015
3880174.717 0.016
3866771.923 0.016
3853365.278 0.016
3839954.796 0.016
3826540.491 0.016
3813122.376 0.016
3799700.464 0.016
3786274.768 0.016
3772845.302 0.016
3759412.080 0.017
3745975.114 0.017
3732534.418 0.017
3719090.005 0.017
3705641.890 0.017
3692190.084 0.017
3678734.602 0.017
3665275.457 0.017
3651812.663 0.017
3638346.232 0.018
3624876.178 0.018
3611402.515 0.018
3597925.256 0.018
3584444.414 0.018
3570960.003 0.018
3557472.036 0.018
3543980.528 0.019
3530485.490 0.019
3516986.936 0.019
3503484.881 0.019
3489979.337 0.019
3476470.318 0.019
3462957.838 0.019
3449441.909 0.020
3435922.545 0.020
3422399.760 0.020
3408873.568 0.020
3395343.981 0.020
3381811.013 0.020
3368274.677 0.021
3354734.988 0.021
3341191.958 0.021
3327645.602 0.021
3314095.931 0.021
3300542.961 0.021
3286986.704 0.022
3273427.175 0.022
3259864.385 0.022
3246298.350 0.022
3232729.082 0.022
3219156.596 0.022
3205580.903 0.023
3192002.019 0.023
3178419.956 0.023
3164834.729 0.023
3151246.350 0.023
3137654.833 0.024
3124060.192 0.024
3110462.440 0.024
3096861.591 0.024
3083257.658 0.024
3069650.655 0.025
3056040.596 0.025
3042427.493 0.025
3028811.361 0.025
3015192.212 0.026
3001570.062 0.026
2987944.922 0.026
2974316.808 0.026
2960685.731 0.026
2947051.707 0.027
2933414.748 0.027
2919774.868 0.027
2906132.080 0.027
2892486.399 0.028
2878837.838 0.028
2865186.410 0.028
2851532.128 0.029
2837875.008 0.029
2824215.062 0.029
2810552.303 0.029
2796886.746 0.030
2783218.403 0.030
2769547.289 0.030
2755873.418 0.031
2742196.802 0.031
2728517.456 0.031
2714835.392 0.031
2701150.626 0.032
2687463.169 0.032
2673773.037 0.032
2660080.242 0.033
2646384.798 0.033
2632686.719 0.033
2618986.019 0.034
2605282.710 0.034
2591576.808 0.034
2577868.324 0.035
2564157.274 0.035
2550443.671 0.036
2536727.528 0.036
2523008.858 0.036
2509287.677 0.037
2495563.997 0.037
2481837.831 0.037
2468109.195 0.038
2454378.101 0.038
2440644.562 0.039
2426908.594 0.039
2413170.209 0.040
2399429.420 0.040
2385686.243 0.040
2371940.690 0.041
2358192.775 0.041
2344442.511 0.042
2330689.914 0.042
2316934.995 0.043
2303177.769 0.043
2289418.250 0.044
2275656.451 0.044
2261892.386 0.045
2248126.068 0.045
2234357.512 0.046
2220586.731 0.047
2206813.739 0.047
2193038.550 0.048
2179261.176 0.048
2165481.633 0.049
2151699.933 0.050
2137916.090 0.050
2124130.119 0.051
2110342.032 0.051
2096551.844 0.052
2082759.568 0.053
2068965.219 0.053
2055168.809 0.054
2041370.352 0.055
2027569.863 0.056
2013767.354 0.056
1999962.841 0.057
1986156.336 0.058
1972347.853 0.059
1958537.406 0.059
1944725.009 0.060
1930910.675 0.061
1917094.418 0.062
1903276.253 0.063
1889456.192 0.064
1875634.250 0.065
1861810.440 0.066
1847984.776 0.067
1834157.271 0.068
1820327.941 0.069
1806496.797 0.070
1792663.855 0.071
1778829.128 0.072
1764992.629 0.073
1751154.373 0.074
1737314.373 0.075
1723472.643 0.076
1709629.196 0.077
1695784.047 0.078
1681937.210 0.080
1668088.698 0.081
1654238.524 0.082
1640386.704 0.084
1626533.250 0.085
1612678.176 0.086
1598821.496 0.088
1584963.224 0.089
1571103.374 0.091
1557241.959 0.092
1543378.994 0.094
1529514.492 0.096
1515648.467 0.097
1501780.932 0.099
1487911.902 0.101
1474041.390 0.102
1460169.410 0.104
1446295.977 0.106
1432421.103 0.108
1418544.803 0.110
1404667.090 0.112
1390787.978 0.114
1376907.481 0.117
1363025.614 0.119
1349142.389 0.121
1335257.820 0.123
1321371.922 0.126
1307484.708 0.128
1293596.192 0.131
1279706.388 0.134
1265815.309 0.136
1251922.970 0.139
1238029.384 0.142
1224134.566 0.145
1210238.528 0.148
1196341.286 0.151
1182442.852 0.155
1168543.240 0.158
1154642.465 0.161
1140740.540 0.165
1126837.479 0.169
1112933.296 0.173
1099028.004 0.176
1085121.619 0.181
1071214.152 0.185
1057305.619 0.189
1043396.033 0.194
1029485.408 0.198
1015573.758 0.203
1001661.097 0.208
987747.438 0.214
973832.795 0.219
959917.183 0.224
946000.615 0.230
932083.104 0.236
918164.666 0.243
904245.313 0.249
890325.060 0.256
876403.920 0.263
862481.907 0.270
848559.036 0.277
834635.319 0.285
820710.772 0.293
806785.407 0.302
792859.239 0.311
778932.281 0.320
765004.547 0.329
751076.052 0.339
737146.809 0.349
723216.831 0.360
709286.134 0.371
695354.730 0.383
681422.634 0.395
667489.859 0.407
653556.419 0.420
639622.329 0.434
625687.601 0.448
611752.251 0.463
597816.291 0.478
583879.736 0.494
569942.600 0.511
556004.896 0.528
542066.638 0.546
528127.841 0.564
514188.517 0.583
500248.682 0.603
486308.348 0.623
472367.530 0.644
458426.242 0.666
444484.497 0.688
430542.310 0.710
416599.694 0.733
402656.663 0.756
388713.231 0.779
374769.412 0.803
360825.220 0.825
346880.668 0.848
332935.771 0.870
318990.542 0.890
305044.996 0.910
291099.146 0.928
277153.006 0.944
263206.590 0.959
249259.912 0.970
235312.986 0.980
221365.825 0.988
207418.444 0.993
193470.857 0.996
179523.076 0.998
165575.117 0.999
151626.993 1.000
137678.719 1.000
123730.307 1.000
109781.771 1.000
95833.127 1.000
81884.387 1.000
67935.565 1.000
53986.676 1.000
40037.733 1.000
26088.750 1.000
12139.742 1.000
1809.279 1.000
15758.298 1.000
29707.302 1.000
43656.276 1.000
57605.206 1.000
71554.079 1.000
85502.881 1.000
99451.597 1.000
113400.215 1.000
127348.719 1.000
141297.097 1.000
155245.334 1.000
169193.416 0.999
183141.330 0.998
197089.062 0.996
211036.597 0.992
224983.923 0.986
238931.024 0.978
252877.887 0.968
266824.498 0.955
280770.844 0.940
294716.910 0.924
308662.682 0.905
322608.148 0.885
336553.291 0.864
350498.100 0.842
364442.560 0.820
378386.657 0.797
392330.376 0.773
406273.706 0.750
420216.630 0.727
434159.137 0.704
448101.210 0.682
462042.838 0.660
475984.005 0.639
489924.699 0.618
503864.904 0.598
517804.608 0.578
531743.796 0.559
545682.455 0.541
559620.570 0.523
573558.128 0.506
587495.115 0.490
601431.516 0.474
615367.319 0.459
629302.509 0.444
643237.072 0.430
657170.995 0.417
671104.263 0.404
685036.863 0.392
698968.780 0.380
712900.002 0.368
726830.513 0.357
740760.301 0.347
754689.351 0.336
768617.650 0.327
782545.183 0.317
796471.937 0.308
810397.897 0.300
824323.051 0.291
838247.384 0.283
852170.882 0.275
866093.531 0.268
880015.318 0.261
893936.228 0.254
907856.248 0.247
921775.364 0.241
935693.562 0.235
949610.829 0.229
963527.149 0.223
977442.510 0.217
991356.898 0.212
1005270.298 0.207
1019182.698 0.202
1033094.082 0.197
1047004.437 0.193
1060913.750 0.188
1074822.007 0.184
1088729.193 0.180
1102635.294 0.175
1116540.298 0.172
1130444.190 0.168
1144346.956 0.164
1158248.582 0.160
1172149.055 0.157
1186048.360 0.154
1199946.485 0.150
1213843.414 0.147
1227739.135 0.144
1241633.633 0.141
1255526.894 0.138
1269418.905 0.136
1283309.652 0.133
1297199.121 0.130
1311087.298 0.128
1324974.170 0.125
1338859.721 0.123
1352743.940 0.120
1366626.811 0.118
1380508.322 0.116
1394388.458 0.114
1408267.205 0.112
1422144.549 0.110
1436020.477 0.108
1449894.976 0.106
1463768.030 0.104
1477639.626 0.102
1491509.751 0.100
1505378.391 0.098
1519245.532 0.097
1533111.159 0.095
1546975.260 0.094
1560837.820 0.092
1574698.826 0.090
1588558.263 0.089
1602416.119 0.087
1616272.379 0.086
1630127.029 0.085
1643980.055 0.083
1657831.445 0.082
1671681.183 0.081
1685529.257 0.079
1699375.652 0.078
1713220.355 0.077
1727063.352 0.076
1740904.629 0.075
1754744.172 0.074
1768581.967 0.072
1782418.001 0.071
1796252.260 0.070
1810084.731 0.069
1823915.398 0.068
1837744.249 0.067
1851571.271 0.066
1865396.448 0.065
1879219.767 0.064
1893041.215 0.064
1906860.778 0.063
1920678.441 0.062
1934494.192 0.061
1948308.017 0.060
1962119.901 0.059
1975929.831 0.058
1989737.793 0.058
2003543.774 0.057
2017347.759 0.056
2031149.736 0.055
2044949.690 0.055
2058747.607 0.054
2072543.473 0.053
2086337.276 0.053
2100129.001 0.052
2113918.635 0.051
2127706.163 0.051
2141491.573 0.050
2155274.849 0.049
2169055.980 0.049
2182834.950 0.048
2196611.746 0.048
2210386.355 0.047
2224158.763 0.046
2237928.955 0.046
2251696.919 0.045
2265462.640 0.045
2279226.105 0.044
2292987.301 0.044
2306746.212 0.043
2320502.827 0.043
2334257.131 0.042
2348009.109 0.042
2361758.750 0.041
2375506.038 0.041
2389250.961 0.040
2402993.505 0.040
2416733.655 0.039
2430471.398 0.039
2444206.721 0.039
2457939.610 0.038
2471670.051 0.038
2485398.030 0.037
2499123.535 0.037
2512846.550 0.037
2526567.063 0.036
2540285.059 0.036
2554000.526 0.035
2567713.450 0.035
2581423.816 0.035
2595131.611 0.034
2608836.822 0.034
2622539.435 0.034
2636239.436 0.033
2649936.811 0.033
2663631.548 0.033
2677323.632 0.032
2691013.049 0.032
2704699.787 0.032
2718383.831 0.031
2732065.167 0.031
2745743.783 0.031
2759419.665 0.030
2773092.798 0.030
2786763.170 0.030
2800430.766 0.030
2814095.573 0.029
2827757.578 0.029
2841416.767 0.029
2855073.126 0.028
2868726.641 0.028
2882377.300 0.028
2896025.088 0.028
2909669.992 0.027
2923311.998 0.027
2936951.093 0.027
2950587.262 0.027
2964220.494 0.026
2977850.773 0.026
2991478.087 0.026
3005102.422 0.026
3018723.763 0.025
3032342.099 0.025
3045957.414 0.025
3059569.696 0.025
3073178.931 0.025
3086785.106 0.024
3100388.206 0.024
3113988.219 0.024
3127585.130 0.024
3141178.927 0.024
3154769.595 0.023
3168357.122 0.023
3181941.493 0.023
3195522.695 0.023
3209100.715 0.023
3222675.539 0.022
3236247.153 0.022
3249815.545 0.022
3263380.700 0.022
3276942.604 0.022
3290501.246 0.022
3304056.610 0.021
3317608.684 0.021
3331157.454 0.021
3344702.906 0.021
3358245.028 0.021
3371783.804 0.020
3385319.223 0.020
3398851.271 0.020
3412379.933 0.020
3425905.197 0.020
3439427.049 0.020
3452945.476 0.020
3466460.464 0.019
3479972.000 0.019
3493480.070 0.019
3506984.661 0.019
3520485.759 0.019
3533983.351 0.019
3547477.424 0.019
3560967.964 0.018
3574454.957 0.018
3587938.391 0.018
3601418.251 0.018
3614894.524 0.018
3628367.198 0.018
3641836.258 0.018
3655301.691 0.017
3668763.484 0.017
3682221.622 0.017
3695676.094 0.017
3709126.885 0.017
3722573.983 0.017
3736017.373 0.017
3749457.042 0.017
3762892.977 0.016
3776325.164 0.016
3789753.591 0.016
3803178.244 0.016
3816599.108 0.016
3830016.172 0.016
3843429.422 0.016
3856838.843 0.016
3870244.424 0.016
3883646.150 0.015
3897044.009 0.015
3910437.986 0.015
3923828.069 0.015
3937214.244 0.015
3950596.498 0.015
3963974.818 0.015
3977349.190 0.015
3990719.600 0.015
4004086.037 0.015
4017448.485 0.014
4030806.933 0.014
4044161.366 0.014
4057511.772 0.014
4070858.137 0.014
4084200.447 0.014
4097538.690 0.014
4110872.852 0.014
4124202.920 0.014
4137528.881 0.014
4150850.721 0.014
4164168.427 0.013
4177481.986 0.013
4190791.385 0.013
4204096.610 0.013
4217397.648 0.013
4230694.486 0.013
4243987.110 0.013
4257275.508 0.013
4270559.666 0.013
4283839.571 0.013
4297115.209 0.013
4310386.568 0.013
4323653.635 0.013
4336916.395 0.012
4350174.836 0.012
4363428.944 0.012
4376678.707 0.012
4389924.111 0.012
4403165.143 0.012
4416401.790 0.012
4429634.039 0.012
4442861.876 0.012
4456085.288 0.012
4469304.262 0.012
4482518.786 0.012
4495728.845 0.012
4508934.426 0.012
4522135.518 0.011
4535332.105 0.011
4548524.176 0.011
4561711.716 0.011
4574894.714 0.011
4588073.156 0.011
4601247.028 0.011
4614416.317 0.011
4627581.011 0.011
4640741.096 0.011
4653896.560 0.011
4667047.389 0.011
4680193.569 0.011
4693335.089 0.011
4706471.934 0.011
4719604.092 0.011
4732731.550 0.010
4745854.294 0.010
4758972.312 0.010
4772085.590 0.010
4785194.115 0.010
4798297.875 0.010
4811396.856 0.010
4824491.046 0.010
4837580.430 0.010
4850664.997 0.010
4863744.733 0.010
4876819.625 0.010
4889889.660 0.010
4902954.825 0.010
4916015.107 0.010
4929070.493 0.010
4942120.970 0.010
4955166.526 0.010
4968207.146 0.009
4981242.818 0.009
4994273.529 0.009
5007299.267 0.009
5020320.017 0.009
5033335.768 0.009
5046346.506 0.009
5059352.218 0.009
5072352.891 0.009
5085348.513 0.009
5098339.070 0.009
5111324.550 0.009
5124304.939 0.009
5137280.224 0.009
5150250.394 0.009
5163215.434 0.009
5176175.331 0.009
5189130.074 0.009
5202079.649 0.009
5215024.043 0.009
5227963.243 0.009
5240897.236 0.009
5253826.010 0.008
5266749.552 0.008
5279667.848 0.008
5292580.886 0.008
5305488.653 0.008
5318391.136 0.008
0.0 0.0 0.0
0.0 0.0 0.0
0.0 0.0 0.0
0.0 0.0 0.0
0.0 0.0 0.0
0.0 0.0 0.0
0.0 0.0 0.0
0.0 0.0 0.0
0.0 0.0 0.0
0.0 0.0 0.0
0.0 0.0 0.0
0.0 0.0 0.0
0.0 0.0 0.0
0.0 0.0 0.0
0.0 0.0 0.0
0.0 0.0 0.0
0.0 0.0 0.0
0.0 0.0 0.0
0.0 0.0 0.0
0.0 0.0 0.0
0.0 0.0 0.0
0.0 0.0 0.0
0.0 0.0 0.0
0.0 0.0 0.0
0.0 0.0 0.0
0.0 0.0 0.0
0.0 0.0 0.0
0.0 0.0 0.0
0.0 0.0 0.0
0.0 0.0 0.0
0.0 0.0 0.0
0.0 0.0 0.0
0.0 0.0 0.0
0.0 0.0 0.0
0.0 0.0 0.0
0.0 0.0 0.0
0.0 0.0 0.0
0.0 0.0 0.0
0.0 0.0 0.0
0.0 0.0 0.0
0.0 0.0 0.0
0.0 0.0 0.0
0.0 0.0 0.0
0.0 0.0 0.0
0.0 0.0 0.0
0.0 0.0 0.0
0.0 0.0 0.0
0.0 0.0 0.0
0.0 0.0 0.0
0.0 0.0 0.0
0.0 0.0 0.0
0.0 0.0 0.0
0.0 0.0 0.0
0.0 0.0 0.0
0.0 0.0 0.0
0.0 0.0 0.0
0.0 0.0 0.0
0.0 0.0 0.0
0.0 0.0 0.0
0.0 0.0 0.0
0.0 0.0 0.0
0.0 0.0 0.0
0.0 0.0 0.0
0.0 0.0 0.0
0.0 0.0 0.0
0.0 0.0 0.0
0.0 0.0 0.0
0.0 0.0 0.0
0.0 0.0 0.0
0.0 0.0 0.0
0.0 0.0 0.0
0.0 0.0 0.0
0.0 0.0 0.0
0.0 0.0 0.0
0.0 0.0 0.0
0.0 0.0 0.0
0.0 0.0 0.0
0.0 0.0 0.0
0.0 0.0 0.0
0.0 0.0 0.0
0.0 0.0 0.0
0.0 0.0 0.0
0.0 0.0 0.0
0.0 0.0 0.0
0.0 0.0 0.0
0.0 0.0 0.0
0.0 0.0 0.0
0.0 0.0 0.0
0.0 0.0 0.0
0.0 0.0 0.0
0.0 0.0 0.0
0.0 0.0 0.0
0.0 0.0 0.0
0.0 0.0 0.0
0.0 0.0 0.0
0.0 0.0 0.0
0.0 0.0 0.0
0.0 0.0 0.0
0.0 0.0 0.0
0.0 0.0 0.0
0.0 0.0 0.0
0.0 0.0 0.0
0.0 0.0 0.0
0.0 0.0 0.0
0.0 0.0 0.0
0.0 0.0 0.0
0.0 0.0 0.0
0.0 0.0 0.0
0.0 0.0 0.0
0.0 0.0 0.0
0.0 0.0 0.0
0.0 0.0 0.0
0.0 0.0 0.0
0.0 0.0 0.0
0.0 0.0 0.0
0.0 0.0 0.0
0.0 0.0 0.0
0.0 0.0 0.0
0.0 0.0 0.0
0.0 0.0 0.0
0.0 0.0 0.0
0.0 0.0 0.0
0.0 0.0 0.0
0.0 0.0 0.0
0.0 0.0 0.0
0.0 0.0 0.0
0.0 0.0 0.0
0.0 0.0 0.0
0.0 0.0 0.0
0.0 0.0 0.0
0.0 0.0 0.0
0.0 0.0 0.0
0.0 0.0 0.0
0.0 0.0 0.0
0.0 0.0 0.0
0.0 0.0 0.0
0.0 0.0 0.0
0.0 0.0 0.0
0.0 0.0 0.0
0.0 0.0 0.0
0.0 0.0 0.0
0.0 0.0 0.0
0.0 0.0 0.0
0.0 0.0 0.0
0.0 0.0 0.0
0.0 0.0 0.0
0.0 0.0 0.0
0.0 0.0 0.0
0.0 0.0 0.0
0.0 0.0 0.0
0.0 0.0 0.0
0.0 0.0 0.0
0.0 0.0 0.0
0.0 0.0 0.0
0.0 0.0 0.0
0.0 0.0 0.0
0.0 0.0 0.0
0.0 0.0 0.0
0.0 0.0 0.0
0.0 0.0 0.0
0.0 0.0 0.0
0.0 0.0 0.0
0.0 0.0 0.0
0.0 0.0 0.0
0.0 0.0 0.0
0.0 0.0 0.0
0.0 0.0 0.0
0.0 0.0 0.0
0.0 0.0 0.0
0.0 0.0 0.0
0.0 0.0 0.0
0.0 0.0 0.0
0.0 0.0 0.0
0.0 0.0 0.0
0.0 0.0 0.0
0.0 0.0 0.0
0.0 0.0 0.0
0.0 0.0 0.0
0.0 0.0 0.0
0.0 0.0 0.0
0.0 0.0 0.0
0.0 0.0 0.0
0.0 0.0 0.0
0.0 0.0 0.0
0.0 0.0 0.0
0.0 0.0 0.0
0.0 0.0 0.0
0.0 0.0 0.0
0.0 0.0 0.0
0.0 0.0 0.0
0.0 0.0 0.0
0.0 0.0 0.0
0.0 0.0 0.0
0.0 0.0 0.0
0.0 0.0 0.0
0.0 0.0 0.0
0.0 0.0 0.0
0.0 0.0 0.0
0.0 0.0 0.0
0.0 0.0 0.0
0.0 0.0 0.0
0.0 0.0 0.0
0.0 0.0 0.0
0.0 0.0 0.0
0.0 0.0 0.0
0.0 0.0 0.0
0.0 0.0 0.0
0.0 0.0 0.0
0.0 0.0 0.0
0.0 0.0 0.0
0.0 0.0 0.0
0.0 0.0 0.0
0.0 0.0 0.0
0.0 0.0 0.0
0.0 0.0 0.0
0.0 0.0 0.0
0.0 0.0 0.0
0.0 0.0 0.0
0.0 0.0 0.0
0.0 0.0 0.0
0.0 0.0 0.0
0.0 0.0 0.0
0.0 0.0 0.0
0.0 0.0 0.0
0.0 0.0 0.0
0.0 0.0 0.0
0.0 0.0 0.0
0.0 0.0 0.0
0.0 0.0 0.0
0.0 0.0 0.0
0.0 0.0 0.0
0.0 0.0 0.0
0.0 0.0 0.0
0.0 0.0 0.0
0.0 0.0 0.0
0.0 0.0 0.0
0.0 0.0 0.0
0.0 0.0 0.0
0.0 0.0 0.0
0.0 0.0 0.0
0.0 0.0 0.0
0.0 0.0 0.0
0.0 0.0 0.0
0.0 0.0 0.0
0.0 0.0 0.0
0.0 0.0 0.0
0.0 0.0 0.0
0.0 0.0 0.0
0.0 0.0 0.0
0.0 0.0 0.0
0.0 0.0 0.0
0.0 0.0 0.0
0.0 0.0 0.0
0.0 0.0 0.0
0.0 0.0 0.0
0.0 0.0 0.0
0.0 0.0 0.0
0.0 0.0 0.0
0.0 0.0 0.0
0.0 0.0 0.0
0.0 0.0 0.0
0.0 0.0 0.0
0.0 0.0 0.0
0.0 0.0 0.0
0.0 0.0 0.0
0.0 0.0 0.0
0.0 0.0 0.0
0.0 0.0 0.0
0.0 0.0 0.0
0.0 0.0 0.0
0.0 0.0 0.0
0.0 0.0 0.0
0.0 0.0 0.0
0.0 0.0 0.0
0.0 0.0 0.0
0.0 0.0 0.0
0.0 0.0 0.0
0.0 0.0 0.0
0.0 0.0 0.0
0.0 0.0 0.0
0.0 0.0 0.0
0.0 0.0 0.0
0.0 0.0 0.0
0.0 0.0 0.0
0.0 0.0 0.0
0.0 0.0 0.0
0.0 0.0 0.0
0.0 0.0 0.0
0.0 0.0 0.0
0.0 0.0 0.0
0.0 0.0 0.0
0.0 0.0 0.0
0.0 0.0 0.0
0.0 0.0 0.0
0.0 0.0 0.0
0.0 0.0 0.0
0.0 0.0 0.0
0.0 0.0 0.0
0.0 0.0 0.0
0.0 0.0 0.0
0.0 0.0 0.0
0.0 0.0 0.0
0.0 0.0 0.0
0.0 0.0 0.0
0.0 0.0 0.0
0.0 0.0 0.0
0.0 0.0 0.0
0.0 0.0 0.0
0.0 0.0 0.0
0.0 0.0 0.0
0.0 0.0 0.0
0.0 0.0 0.0
0.0 0.0 0.0
0.0 0.0 0.0
0.0 0.0 0.0
0.0 0.0 0.0
0.0 0.0 0.0
0.0 0.0 0.0
0.0 0.0 0.0
0.0 0.0 0.0
0.0 0.0 0.0
0.0 0.0 0.0
0.0 0.0 0.0
0.0 0.0 0.0
0.0 0.0 0.0
0.0 0.0 0.0
0.0 0.0 0.0
0.0 0.0 0.0
0.0 0.0 0.0
0.0 0.0 0.0
0.0 0.0 0.0
0.0 0.0 0.0
0.0 0.0 0.0
0.0 0.0 0.0
0.0 0.0 0.0
0.0 0.0 0.0
0.0 0.0 0.0
0.0 0.0 0.0
0.0 0.0 0.0
0.0 0.0 0.0
0.0 0.0 0.0
0.0 0.0 0.0
0.0 0.0 0.0
0.0 0.0 0.0
0.0 0.0 0.0
0.0 0.0 0.0
0.0 0.0 0.0
0.0 0.0 0.0
0.0 0.0 0.0
0.0 0.0 0.0
0.0 0.0 0.0
0.0 0.0 0.0
0.0 0.0 0.0
0.0 0.0 0.0
0.0 0.0 0.0
0.0 0.0 0.0
0.0 0.0 0.0
0.0 0.0 0.0
0.0 0.0 0.0
0.0 0.0 0.0
0.0 0.0 0.0
0.0 0.0 0.0
0.0 0.0 0.0
0.0 0.0 0.0
0.0 0.0 0.0
0.0 0.0 0.0
0.0 0.0 0.0
0.0 0.0 0.0
0.0 0.0 0.0
0.0 0.0 0.0
0.0 0.0 0.0
0.0 0.0 0.0
0.0 0.0 0.0
0.0 0.0 0.0
0.0 0.0 0.0
0.0 0.0 0.0
0.0 0.0 0.0
0.0 0.0 0.0
0.0 0.0 0.0
0.0 0.0 0.0
0.0 0.0 0.0
0.0 0.0 0.0
0.0 0.0 0.0
0.0 0.0 0.0
0.0 0.0 0.0
0.0 0.0 0.0
0.0 0.0 0.0
0.0 0.0 0.0
0.0 0.0 0.0
0.0 0.0 0.0
0.0 0.0 0.0
0.0 0.0 0.0
0.0 0.0 0.0
0.0 0.0 0.0
0.0 0.0 0.0
0.0 0.0 0.0
0.0 0.0 0.0
0.0 0.0 0.0
0.0 0.0 0.0
0.0 0.0 0.0
0.0 0.0 0.0
0.0 0.0 0.0
0.0 0.0 0.0
0.0 0.0 0.0
0.0 0.0 0.0
0.0 0.0 0.0
0.0 0.0 0.0
0.0 0.0 0.0
0.0 0.0 0.0
0.0 0.0 0.0
0.0 0.0 0.0
0.0 0.0 0.0
0.0 0.0 0.0
0.0 0.0 0.0
0.0 0.0 0.0
0.0 0.0 0.0
0.0 0.0 0.0
0.0 0.0 0.0
0.0 0.0 0.0
0.0 0.0 0.0
0.0 0.0 0.0
0.0 0.0 0.0
0.0 0.0 0.0
0.0 0.0 0.0
0.0 0.0 0.0
0.0 0.0 0.0
0.0 0.0 0.0
0.0 0.0 0.0
0.0 0.0 0.0
0.0 0.0 0.0
0.0 0.0 0.0
0.0 0.0 0.0
0.0 0.0 0.0
0.0 0.0 0.0
0.0 0.0 0.0
0.0 0.0 0.0
0.0 0.0 0.0
0.0 0.0 0.0
0.0 0.0 0.0
0.0 0.0 0.0
0.0 0.0 0.0
0.0 0.0 0.0
0.0 0.0 0.0
0.0 0.0 0.0
0.0 0.0 0.0
0.0 0.0 0.0
0.0 0.0 0.0
0.0 0.0 0.0
0.0 0.0 0.0
0.0 0.0 0.0
0.0 0.0 0.0
0.0 0.0 0.0
0.0 0.0 0.0
0.0 0.0 0.0
0.0 0.0 0.0
0.0 0.0 0.0
0.0 0.0 0.0
0.0 0.0 0.0
0.0 0.0 0.0
0.0 0.0 0.0
0.0 0.0 0.0
0.0 0.0 0.0
0.0 0.0 0.0
0.0 0.0 0.0
0.0 0.0 0.0
0.0 0.0 0.0
0.0 0.0 0.0
0.0 0.0 0.0
0.0 0.0 0.0
0.0 0.0 0.0
0.0 0.0 0.0
0.0 0.0 0.0
0.0 0.0 0.0
0.0 0.0 0.0
0.0 0.0 0.0
0.0 0.0 0.0
0.0 0.0 0.0
0.0 0.0 0.0
0.0 0.0 0.0
0.0 0.0 0.0
0.0 0.0 0.0
0.0 0.0 0.0
0.0 0.0 0.0
0.0 0.0 0.0
0.0 0.0 0.0
0.0 0.0 0.0
0.0 0.0 0.0
0.0 0.0 0.0
0.0 0.0 0.0
0.0 0.0 0.0
0.0 0.0 0.0
0.0 0.0 0.0
0.0 0.0 0.0
0.0 0.0 0.0
0.0 0.0 0.0
0.0 0.0 0.0
0.0 0.0 0.0
0.0 0.0 0.0
0.0 0.0 0.0
0.0 0.0 0.0
0.0 0.0 0.0
0.0 0.0 0.0
0.0 0.0 0.0
5319839.227 0.008
5308848.948 0.008
5297853.381 0.008
5286852.539 0.008
5275846.431 0.008
5264835.070 0.008
5253818.465 0.008
5242796.627 0.009
5231769.569 0.009
5220737.300 0.009
5209699.832 0.009
5198657.175 0.009
5187609.341 0.009
5176556.341 0.009
5165498.185 0.009
5154434.886 0.009
5143366.452 0.009
5132292.897 0.009
5121214.230 0.009
5110130.464 0.009
5099041.608 0.009
5087947.674 0.009
5076848.672 0.009
5065744.615 0.009
5054635.513 0.009
5043521.377 0.009
5032402.218 0.009
5021278.048 0.009
5010148.877 0.009
4999014.716 0.009
4987875.576 0.009
4976731.470 0.009
4965582.407 0.010
4954428.399 0.010
4943269.456 0.010
4932105.591 0.010
4920936.814 0.010
4909763.136 0.010
4898584.569 0.010
4887401.123 0.010
4876212.810 0.010
4865019.641 0.010
4853821.626 0.010
4842618.778 0.010
4831411.107 0.010
4820198.625 0.010
4808981.342 0.010
4797759.270 0.010
4786532.420 0.010
4775300.803 0.010
4764064.430 0.010
4752823.313 0.010
4741577.462 0.010
4730326.890 0.010
4719071.607 0.011
4707811.623 0.011
4696546.952 0.011
4685277.603 0.011
4674003.589 0.011
4662724.919 0.011
4651441.606 0.011
4640153.661 0.011
4628861.094 0.011
4617563.918 0.011
4606262.143 0.011
4594955.781 0.011
4583644.843 0.011
4572329.340 0.011
4561009.283 0.011
4549684.685 0.011
4538355.555 0.011
4527021.905 0.011
4515683.748 0.011
4504341.093 0.012
4492993.952 0.012
4481642.337 0.012
4470286.259 0.012
4458925.729 0.012
4447560.758 0.012
4436191.358 0.012
4424817.540 0.012
4413439.315 0.012
4402056.695 0.012
4390669.692 0.012
4379278.315 0.012
4367882.578 0.012
4356482.490 0.012
4345078.065 0.012
4333669.311 0.012
4322256.242 0.013
4310838.869 0.013
4299417.203 0.013
4287991.254 0.013
4276561.036 0.013
4265126.558 0.013
4253687.833 0.013
4242244.872 0.013
4230797.686 0.013
4219346.287 0.013
4207890.686 0.013
4196430.894 0.013
4184966.923 0.013
4173498.785 0.013
4162026.490 0.013
4150550.050 0.014
4139069.477 0.014
4127584.782 0.014
4116095.976 0.014
4104603.072 0.014
4093106.079 0.014
4081605.010 0.014
4070099.877 0.014
4058590.690 0.014
4047077.461 0.014
4035560.203 0.014
4024038.925 0.014
4012513.639 0.015
4000984.358 0.015
3989451.092 0.015
3977913.854 0.015
3966372.653 0.015
3954827.503 0.015
3943278.414 0.015
3931725.399 0.015
3920168.468 0.015
3908607.632 0.015
3897042.905 0.015
3885474.296 0.015
3873901.818 0.016
3862325.482 0.016
3850745.300 0.016
3839161.283 0.016
3827573.443 0.016
3815981.790 0.016
3804386.338 0.016
3792787.097 0.016
3781184.079 0.016
3769577.295 0.016
3757966.757 0.017
3746352.477 0.017
3734734.466 0.017
3723112.736 0.017
3711487.298 0.017
3699858.164 0.017
3688225.345 0.017
3676588.853 0.017
3664948.700 0.017
3653304.898 0.017
3641657.457 0.018
3630006.389 0.018
3618351.706 0.018
3606693.420 0.018
3595031.543 0.018
3583366.085 0.018
3571697.058 0.018
3560024.475 0.018
3548348.346 0.019
3536668.684 0.019
3524985.499 0.019
3513298.805 0.019
3501608.611 0.019
3489914.931 0.019
3478217.774 0.019
3466517.155 0.019
3454813.082 0.020
3443105.570 0.020
3431394.628 0.020
3419680.270 0.020
3407962.506 0.020
3396241.348 0.020
3384516.808 0.020
3372788.897 0.020
3361057.628 0.021
3349323.011 0.021
3337585.059 0.021
3325843.783 0.021
3314099.196 0.021
3302351.307 0.021
3290600.131 0.022
3278845.677 0.022
3267087.958 0.022
3255326.985 0.022
3243562.771 0.022
3231795.326 0.022
3220024.663 0.022
3208250.794 0.023
3196473.729 0.023
3184693.481 0.023
3172910.062 0.023
3161123.483 0.023
3149333.756 0.023
3137540.893 0.024
3125744.905 0.024
3113945.805 0.024
3102143.603 0.024
3090338.312 0.024
3078529.944 0.025
3066718.510 0.025
3054904.022 0.025
3043086.491 0.025
3031265.931 0.025
3019442.351 0.025
3007615.765 0.026
2995786.183 0.026
2983953.619 0.026
2972118.082 0.026
2960279.586 0.026
2948438.142 0.027
2936593.762 0.027
2924746.457 0.027
2912896.240 0.027
2901043.122 0.028
2889187.115 0.028
2877328.230 0.028
2865466.481 0.028
2853601.878 0.028
2841734.433 0.029
2829864.158 0.029
2817991.065 0.029
2806115.166 0.029
2794236.472 0.030
2782354.996 0.030
2770470.749 0.030
2758583.743 0.030
2746693.990 0.031
2734801.501 0.031
2722906.290 0.031
2711008.366 0.032
2699107.743 0.032
2687204.432 0.032
2675298.445 0.032
2663389.794 0.033
2651478.491 0.033
2639564.547 0.033
2627647.974 0.034
2615728.785 0.034
2603806.991 0.034
2591882.604 0.034
2579955.636 0.035
2568026.099 0.035
2556094.004 0.035
2544159.364 0.036
2532222.191 0.036
2520282.495 0.036
2508340.290 0.037
2496395.587 0.037
2484448.398 0.037
2472498.735 0.038
2460546.610 0.038
2448592.035 0.038
2436635.021 0.039
2424675.580 0.039
2412713.726 0.040
2400749.468 0.040
2388782.820 0.040
2376813.792 0.041
2364842.398 0.041
2352868.649 0.042
2340892.557 0.042
2328914.134 0.042
2316933.392 0.043
2304950.342 0.043
2292964.997 0.044
2280977.369 0.044
2268987.469 0.045
2256995.309 0.045
2245000.902 0.046
2233004.260 0.046
2221005.394 0.047
2209004.316 0.047
2197001.038 0.048
2184995.572 0.048
2172987.931 0.049
2160978.125 0.049
2148966.168 0.050
2136952.071 0.050
2124935.845 0.051
2112917.504 0.051
2100897.059 0.052
2088874.521 0.052
2076849.903 0.053
2064823.217 0.054
2052794.475 0.054
2040763.689 0.055
2028730.870 0.056
2016696.031 0.056
2004659.184 0.057
1992620.341 0.058
1980579.513 0.058
1968536.713 0.059
1956491.953 0.060
1944445.245 0.060
1932396.600 0.061
1920346.031 0.062
1908293.549 0.063
1896239.167 0.063
1884182.897 0.064
1872124.751 0.065
1860064.740 0.066
1848002.877 0.067
1835939.174 0.067
1823873.643 0.068
1811806.295 0.069
1799737.143 0.070
1787666.199 0.071
1775593.475 0.072
1763518.982 0.073
1751442.734 0.074
1739364.741 0.075
1727285.016 0.076
1715203.571 0.077
1703120.419 0.078
1691035.570 0.079
1678949.037 0.080
1666860.832 0.081
1654770.968 0.082
1642679.455 0.083
1630586.307 0.085
1618491.535 0.086
1606395.152 0.087
1594297.168 0.088
1582197.598 0.090
1570096.451 0.091
1557993.741 0.092
1545889.480 0.094
1533783.679 0.095
1521676.351 0.097
1509567.507 0.098
1497457.161 0.099
1485345.323 0.101
1473232.006 0.103
1461117.222 0.104
1449000.983 0.106
1436883.301 0.108
1424764.188 0.109
1412643.657 0.111
1400521.718 0.113
1388398.385 0.115
1376273.670 0.117
1364147.584 0.119
1352020.140 0.121
1339891.349 0.123
1327761.224 0.125
1315629.777 0.127
1303497.020 0.129
1291362.964 0.131
1279227.623 0.134
1267091.008 0.136
1254953.131 0.138
1242814.005 0.141
1230673.641 0.144
1218532.051 0.146
1206389.248 0.149
1194245.244 0.152
1182100.050 0.155
1169953.680 0.158
1157806.144 0.161
1145657.455 0.164
1133507.626 0.167
1121356.668 0.170
1109204.593 0.174
1097051.414 0.177
1084897.142 0.181
1072741.790 0.184
1060585.369 0.188
1048427.893 0.192
1036269.372 0.196
1024109.820 0.200
1011949.248 0.205
999787.668 0.209
987625.093 0.214
975461.534 0.218
963297.004 0.223
951131.514 0.228
938965.077 0.233
926797.706 0.239
914629.411 0.244
902460.206 0.250
890290.102 0.256
878119.112 0.262
865947.247 0.268
853774.520 0.275
841600.942 0.281
829426.527 0.288
817251.286 0.295
805075.231 0.303
792898.374 0.310
780720.727 0.318
768542.304 0.327
756363.115 0.335
744183.172 0.344
732002.489 0.353
719821.077 0.363
707638.948 0.372
695456.114 0.383
683272.588 0.393
671088.382 0.404
658903.507 0.415
646717.976 0.427
634531.801 0.439
622344.994 0.452
610157.568 0.465
597969.534 0.478
585780.904 0.492
573591.691 0.506
561401.908 0.521
549211.565 0.536
537020.675 0.552
524829.250 0.569
512637.303 0.585
500444.845 0.603
488251.889 0.620
476058.447 0.639
463864.531 0.657
451670.153 0.676
439475.325 0.696
427280.059 0.716
415084.368 0.736
402888.264 0.756
390691.758 0.776
378494.864 0.796
366297.592 0.816
354099.956 0.836
341901.967 0.856
329703.638 0.875
317504.981 0.893
305306.007 0.910
23.315 1946443.158 0.070197759
23.439 1940964.634 0.070360571
23.563 1935496.120 0.070525169
23.688 1930037.705 0.070691553
23.813 1924589.482 0.070859726
23.938 1919151.542 0.071029687
24.064 1913723.980 0.071201439
24.191 1908306.889 0.071374982
24.318 1902900.364 0.071550318
24.445 1897504.501 0.071727447
24.573 1892119.397 0.071906370
24.701 1886745.149 0.072087089
24.829 1881381.857 0.072269604
24.959 1876029.619 0.072453915
25.088 1870688.536 0.072640024
25.218 1865358.710 0.072827931
25.349 1860040.241 0.073017637
25.479 1854733.235 0.073209141
25.611 1849437.794 0.073402444
25.743 1844154.025 0.073597546
25.875 1838882.032 0.073794448
26.008 1833621.923 0.073993148
26.141 1828373.806 0.074193647
26.274 1823137.790 0.074395944
26.409 1817913.984 0.074600039
26.543 1812702.500 0.074805931
26.678 1807503.450 0.075013619
26.814 1802316.946 0.075223103
26.950 1797143.102 0.075434380
27.086 1791982.034 0.075647449
27.223 1786833.857 0.075862310
27.360 1781698.688 0.076078959
27.498 1776576.646 0.076297395
27.636 1771467.849 0.076517617
27.775 1766372.418 0.076739621
27.914 1761290.474 0.076963404
28.054 1756222.138 0.077188965
28.194 1751167.535 0.077416299
28.335 1746126.789 0.077645404
28.476 1741100.025 0.077876275
28.617 1736087.370 0.078108909
28.759 1731088.952 0.078343301
28.902 1726104.898 0.078579448
29.044 1721135.340 0.078817344
29.188 1716180.408 0.079056984
29.332 1711240.234 0.079298363
29.476 1706314.952 0.079541474
29.620 1701404.695 0.079786313
29.766 1696509.599 0.080032872
29.911 1691629.801 0.080281145
30.057 1686765.439 0.080531125
30.204 1681916.651 0.080782804
30.351 1677083.577 0.081036174
30.498 1672266.358 0.081291227
30.646 1667465.137 0.081547954
30.794 1662680.057 0.081806347
30.943 1657911.263 0.082066395
31.092 1653158.900 0.082328089
31.241 1648423.116 0.082591419
31.391 1643704.058 0.082856373
31.542 1639001.876 0.083122940
31.693 1634316.720 0.083391109
31.844 1629648.741 0.083660867
31.995 1624998.093 0.083932202
32.147 1620364.929 0.084205100
32.300 1615749.404 0.084479548
32.453 1611151.675 0.084755530
32.606 1606571.898 0.085033033
32.760 1602010.233 0.085312041
32.914 1597466.840 0.085592538
33.068 1592941.878 0.085874507
33.223 1588435.510 0.086157932
33.378 1583947.900 0.086442794
33.533 1579479.211 0.086729075
33.689 1575029.610 0.087016757
33.846 1570599.262 0.087305820
34.002 1566188.336 0.087596243
34.159 1561797.001 0.087888007
34.316 1557425.426 0.088181088
34.474 1553073.783 0.088475465
34.632 1548742.245 0.088771116
34.790 1544430.984 0.089068016
34.948 1540140.175 0.089366142
35.107 1535869.994 0.089665468
35.266 1531620.618 0.089965969
35.426 1527392.224 0.090267618
35.585 1523184.992 0.090570389
35.745 1518999.101 0.090874252
35.905 1514834.733 0.091179180
36.066 1510692.069 0.091485143
36.226 1506571.293 0.091792111
36.387 1502472.589 0.092100052
36.548 1498396.141 0.092408935
36.710 1494342.137 0.092718727
36.871 1490310.763 0.093029395
37.033 1486302.207 0.093340905
37.194 1482316.659 0.093653221
37.356 1478354.308 0.093966306
37.518 1474415.345 0.094280126
37.681 1470499.962 0.094594641
37.843 1466608.352 0.094909813
38.005 1462740.708 0.095225603
38.168 1458897.225 0.095541970
38.331 1455078.097 0.095858874
38.493 1451283.522 0.096176272
38.656 1447513.694 0.096494121
38.819 1443768.813 0.096812377
38.981 1440049.076 0.097130996
39.144 1436354.682 0.097449933
39.307 1432685.831 0.097769140
39.469 1429042.724 0.098088570
39.632 1425425.560 0.098408175
39.794 1421834.541 0.098727905
39.957 1418269.870 0.099047711
40.119 1414731.749 0.099367542
40.281 1411220.381 0.099687345
40.443 1407735.970 0.100007067
40.605 1404278.719 0.100326656
40.767 1400848.834 0.100646056
40.928 1397446.518 0.100965212
41.089 1394071.977 0.101284067
41.250 1390725.416 0.101602565
41.411 1387407.041 0.101920647
41.571 1384117.058 0.102238255
41.731 1380855.672 0.102555328
41.891 1377623.090 0.102871806
42.050 1374419.519 0.103187628
42.209 1371245.164 0.103502730
42.367 1368100.232 0.103817051
42.525 1364984.929 0.104130527
42.683 1361899.461 0.104443092
42.840 1358844.035 0.104754681
42.996 1355818.856 0.105065229
43.152 1352824.130 0.105374668
43.307 1349860.062 0.105682931
43.462 1346926.859 0.105989950
43.616 1344024.723 0.106295656
43.769 1341153.861 0.106599979
43.922 1338314.475 0.106902849
44.074 1335506.769 0.107204196
44.225 1332730.946 0.107503949
44.375 1329987.207 0.107802035
44.525 1327275.755 0.108098381
44.673 1324596.790 0.108392917
44.821 1321950.512 0.108685567
44.968 1319337.120 0.108976259
45.113 1316756.812 0.109264918
45.258 1314209.785 0.109551470
45.402 1311696.235 0.109835841
45.544 1309216.358 0.110117954
45.686 1306770.348 0.110397735
45.826 1304358.396 0.110675109
45.965 1301980.694 0.110949999
46.103 1299637.433 0.111222330
46.240 1297328.801 0.111492026
46.376 1295054.985 0.111759011
46.510 1292816.171 0.112023209
46.642 1290612.543 0.112284543
46.774 1288444.283 0.112542938
46.904 1286311.572 0.112798319
47.032 1284214.589 0.113050609
47.159 1282153.511 0.113299733
47.284 1280128.513 0.113545616
47.408 1278139.768 0.113788183
47.530 1276187.447 0.114027359
47.650 1274271.720 0.114263070
47.769 1272392.752 0.114495243
47.886 1270550.710 0.114723804
48.001 1268745.754 0.114948680
48.115 1266978.045 0.115169800
48.226 1265247.741 0.115387092
48.336 1263554.996 0.115600484
48.443 1261899.963 0.115809908
48.549 1260282.791 0.116015293
48.653 1258703.628 0.116216572
48.754 1257162.619 0.116413676
48.854 1255659.904 0.116606540
48.951 1254195.622 0.116795096
49.046 1252769.910 0.116979282
49.139 1251382.900 0.117159033
49.230 1250034.722 0.117334287
49.318 1248725.502 0.117504983
49.405 1247455.364 0.117671061
49.488 1246224.429 0.117832462
49.570 1245032.813 0.117989129
49.649 1243880.631 0.118141006
49.726 1242767.992 0.118288039
49.800 1241695.003 0.118430174
49.871 1240661.768 0.118567361
49.940 1239668.388 0.118699548
50.007 1238714.957 0.118826688
50.071 1237801.570 0.118948734
50.132 1236928.315 0.119065641
50.191 1236095.277 0.119177365
50.247 1235302.539 0.119283866
50.300 1234550.178 0.119385103
50.351 1233838.268 0.119481038
50.399 1233166.881 0.119571636
50.444 1232536.081 0.119656862
50.486 1231945.931 0.119736684
50.526 1231396.491 0.119811072
50.562 1230887.814 0.119879998
50.596 1230419.951 0.119943434
50.627 1229992.948 0.120001358
50.655 1229606.849 0.120053746
50.681 1229261.691 0.120100580
50.703 1228957.508 0.120141840
50.723 1228694.332 0.120177510
50.739 1228472.187 0.120207578
50.753 1228291.096 0.120232032
50.763 1228151.077 0.120250861
50.771 1228052.143 0.120264059
50.776 1227994.304 0.120271621
50.778 1227977.565 0.120273544
50.777 1228001.927 0.120269826
50.773 1228067.386 0.120260469
50.766 1228173.937 0.120245477
50.757 1228321.567 0.120224855
50.744 1228510.261 0.120198612
50.728 1228739.999 0.120166757
50.710 1229010.758 0.120129303
50.688 1229322.509 0.120086264
50.664 1229675.220 0.120037655
50.637 1230068.855 0.119983497
50.607 1230503.374 0.119923809
50.574 1230978.732 0.119858615
50.538 1231494.881 0.119787938
50.500 1232051.769 0.119711807
50.458 1232649.339 0.119630249
50.414 1233287.531 0.119543295
50.367 1233966.281 0.119450978
50.317 1234685.519 0.119353333
50.265 1235445.175 0.119250397
50.210 1236245.173 0.119142207
50.152 1237085.432 0.119028804
50.092 1237965.869 0.118910230
50.029 1238886.397 0.118786528
49.963 1239846.925 0.118657745
49.895 1240847.358 0.118523927
49.824 1241887.599 0.118385122
49.751 1242967.546 0.118241382
49.676 1244087.094 0.118092759
49.597 1245246.133 0.117939305
49.517 1246444.553 0.117781076
49.434 1247682.237 0.117618127
49.349 1248959.067 0.117450517
49.261 1250274.921 0.117278304
49.171 1251629.674 0.117101549
49.079 1253023.199 0.116920313
48.985 1254455.362 0.116734659
48.888 1255926.031 0.116544650
48.790 1257435.068 0.116350352
48.689 1258982.332 0.116151830
48.586 1260567.681 0.115949151
48.482 1262190.969 0.115742382
48.375 1263852.048 0.115531594
48.266 1265550.765 0.115316853
48.156 1267286.968 0.115098232
48.043 1269060.501 0.114875801
47.929 1270871.203 0.114649632
47.813 1272718.915 0.114419797
47.695 1274603.472 0.114186368
47.575 1276524.709 0.113949419
47.454 1278482.458 0.113709025
47.331 1280476.549 0.113465258
47.207 1282506.809 0.113218194
47.081 1284573.064 0.112967908
46.953 1286675.139 0.112714474
46.824 1288812.854 0.112457969
46.694 1290986.029 0.112198468
46.562 1293194.484 0.111936047
46.429 1295438.035 0.111670781
46.294 1297716.497 0.111402747
46.158 1300029.683 0.111132020
46.021 1302377.405 0.110858677
45.883 1304759.473 0.110582794
45.743 1307175.697 0.110304445
45.602 1309625.885 0.110023707
45.461 1312109.842 0.109740654
45.318 1314627.375 0.109455363
45.174 1317178.287 0.109167908
45.029 1319762.382 0.108878364
44.883 1322379.462 0.108586805
44.736 1325029.327 0.108293305
44.588 1327711.779 0.107997937
44.440 1330426.616 0.107700774
44.290 1333173.637 0.107401890
44.140 1335952.641 0.107101355
43.989 1338763.424 0.106799243
43.837 1341605.783 0.106495623
43.684 1344479.514 0.106190566
43.531 1347384.414 0.105884143
43.377 1350320.276 0.105576422
43.223 1353286.896 0.105267472
43.068 1356284.068 0.104957361
42.912 1359311.586 0.104646157
42.756 1362369.245 0.104333925
42.599 1365456.837 0.104020732
42.442 1368574.157 0.103706643
42.284 1371720.997 0.103391721
42.126 1374897.152 0.103076032
41.967 1378102.414 0.102759636
41.808 1381336.577 0.102442598
41.649 1384599.434 0.102124976
41.490 1387890.779 0.101806833
41.330 1391210.405 0.101488226
41.169 1394558.107 0.101169216
41.009 1397933.678 0.100849860
40.848 1401336.914 0.100530214
40.687 1404767.608 0.100210335
40.526 1408225.556 0.099890277
40.365 1411710.553 0.099570096
40.203 1415222.396 0.099249845
40.042 1418760.879 0.098929575
39.880 1422325.802 0.098609339
39.718 1425916.959 0.098289188
39.556 1429534.150 0.097969171
39.394 1433177.174 0.097649337
39.232 1436845.828 0.097329734
39.070 1440539.912 0.097010409
38.908 1444259.228 0.096691409
38.746 1448003.576 0.096372778
38.584 1451772.757 0.096054562
38.422 1455566.575 0.095736803
38.260 1459384.833 0.095419545
38.098 1463227.334 0.095102829
37.937 1467093.883 0.094786696
37.775 1470984.286 0.094471185
37.613 1474898.351 0.094156337
37.452 1478835.883 0.093842189
37.291 1482796.691 0.093528779
37.129 1486780.585 0.093216144
36.968 1490787.374 0.092904318
36.808 1494816.870 0.092593337
36.647 1498868.884 0.092283235
36.486 1502943.231 0.091974045
36.326 1507039.722 0.091665799
36.166 1511158.175 0.091358529
36.006 1515298.404 0.091052266
35.847 1519460.226 0.090747040
35.688 1523643.460 0.090442880
35.528 1527847.925 0.090139814
35.370 1532073.440 0.089837870
35.211 1536319.828 0.089537075
35.053 1540586.910 0.089237455
34.895 1544874.511 0.088939036
34.737 1549182.453 0.088641842
34.580 1553510.564 0.088345897
34.423 1557858.669 0.088051225
34.266 1562226.597 0.087757847
34.110 1566614.177 0.087465788
33.954 1571021.238 0.087175066
33.798 1575447.612 0.086885703
33.643 1579893.132 0.086597720
33.488 1584357.631 0.086311134
33.333 1588840.943 0.086025966
33.179 1593342.905 0.085742232
33.025 1597863.353 0.085459951
32.872 1602402.127 0.085179140
32.719 1606959.064 0.084899814
32.566 1611534.006 0.084621989
32.414 1616126.794 0.084345681
32.262 1620737.272 0.084070905
32.110 1625365.282 0.083797673
31.959 1630010.671 0.083526001
31.808 1634673.285 0.083255900
31.658 1639352.970 0.082987384
31.508 1644049.577 0.082720464
31.359 1648762.955 0.082455153
31.210 1653492.954 0.082191460
31.061 1658239.427 0.081929398
30.913 1663002.228 0.081668975
30.765 1667781.210 0.081410202
30.618 1672576.231 0.081153088
30.471 1677387.145 0.080897642
30.325 1682213.812 0.080643872
30.179 1687056.090 0.080391787
30.033 1691913.840 0.080141394
29.888 1696786.923 0.079892700
29.743 1701675.202 0.079645713
29.599 1706578.540 0.079400439
29.455 1711496.802 0.079156884
29.312 1716429.855 0.078915054
29.169 1721377.565 0.078674955
29.027 1726339.800 0.078436591
28.885 1731316.430 0.078199969
28.743 1736307.325 0.077965092
28.602 1741312.357 0.077731964
28.461 1746331.398 0.077500591
28.321 1751364.322 0.077270974
28.182 1756411.003 0.077043119
28.042 1761471.318 0.076817028
27.904 1766545.144 0.076592705
27.765 1771632.358 0.076370151
27.627 1776732.840 0.076149369
27.490 1781846.469 0.075930363
27.353 1786973.128 0.075713133
27.217 1792112.697 0.075497681
27.081 1797265.060 0.075284010
26.945 1802430.103 0.075072120
26.810 1807607.709 0.074862013
26.675 1812797.765 0.074653690
26.541 1818000.159 0.074447152
26.408 1823214.779 0.074242399
26.274 1828441.514 0.074039432
26.142 1833680.255 0.073838252
26.009 1838930.893 0.073638858
25.877 1844193.320 0.073441251
25.746 1849467.429 0.073245430
25.615 1854753.115 0.073051396
25.484 1860050.273 0.072859148
25.354 1865358.799 0.072668686
25.225 1870678.590 0.072480010
25.096 1876009.544 0.072293117
24.967 1881351.560 0.072108009
24.839 1886704.538 0.071924684
24.711 1892068.378 0.071743142
24.584 1897442.983 0.071563380
24.457 1902828.255 0.071385399
24.330 1908224.097 0.071209197
24.204 1913630.413 0.071034772
24.079 1919047.110 0.070862125
23.953 1924474.092 0.070691252
23.829 1929911.268 0.070522154
23.705 1935358.544 0.070354828
23.581 1940815.830 0.070189273
23.457 1946283.035 0.070025488
23.334 1951760.068 0.069863471
23.212 1957246.843 0.069703221
23.090 1962743.270 0.069544735
22.968 1968249.262 0.069388013
22.847 1973764.733 0.069233053
22.726 1979289.597 0.069079854
22.606 1984823.769 0.068928413
22.486 1990367.166 0.068778729
22.366 1995919.704 0.068630800
22.247 2001481.301 0.068484626
22.129 2007051.875 0.068340204
22.010 2012631.345 0.068197533
21.892 2018219.631 0.068056611
21.775 2023816.653 0.067917437
21.658 2029422.333 0.067780009
21.541 2035036.593 0.067644327
21.425 2040659.355 0.067510387
21.309 2046290.543 0.067378190
21.194 2051930.081 0.067247734
21.079 2057577.894 0.067119018
20.964 2063233.907 0.066992039
20.850 2068898.047 0.066866798
20.737 2074570.241 0.066743294
20.623 2080250.416 0.066621524
20.510 2085938.501 0.066501488
20.398 2091634.424 0.066383186
20.285 2097338.116 0.066266616
20.174 2103049.505 0.066151778
20.062 2108768.524 0.066038671
