20.046 2115227.086 0.065745354
20.136 2110609.822 0.065835410
20.225 2106002.370 0.065926487
20.315 2101404.797 0.066018581
20.405 2096817.172 0.066111688
20.496 2092239.565 0.066205804
20.586 2087672.046 0.066300924
20.677 2083114.686 0.066397044
20.767 2078567.554 0.066494160
20.858 2074030.722 0.066592267
20.949 2069504.262 0.066691361
21.040 2064988.246 0.066791438
21.132 2060482.747 0.066892492
21.223 2055987.837 0.066994520
21.315 2051503.590 0.067097517
21.406 2047030.079 0.067201478
21.498 2042567.381 0.067306398
21.590 2038115.568 0.067412273
21.682 2033674.718 0.067519099
21.775 2029244.904 0.067626869
21.867 2024826.204 0.067735580
21.960 2020418.695 0.067845226
22.052 2016022.453 0.067955802
22.145 2011637.556 0.068067303
22.238 2007264.083 0.068179724
22.331 2002902.112 0.068293060
22.424 1998551.721 0.068407305
22.518 1994212.992 0.068522455
22.611 1989886.002 0.068638503
22.705 1985570.834 0.068755443
22.798 1981267.568 0.068873272
22.892 1976976.285 0.068991981
22.986 1972697.068 0.069111567
23.080 1968429.998 0.069232022
23.174 1964175.158 0.069353342
23.269 1959932.632 0.069475519
23.363 1955702.504 0.069598548
23.458 1951484.858 0.069722422
23.552 1947279.778 0.069847135
23.647 1943087.349 0.069972680
23.742 1938907.658 0.070099051
23.836 1934740.790 0.070226241
23.931 1930586.833 0.070354244
24.026 1926445.872 0.070483051
24.122 1922317.996 0.070612657
24.217 1918203.293 0.070743054
24.312 1914101.850 0.070874235
24.408 1910013.757 0.071006191
24.503 1905939.104 0.071138917
24.599 1901877.980 0.071272403
24.694 1897830.476 0.071406643
24.790 1893796.681 0.071541628
24.886 1889776.688 0.071677350
24.982 1885770.588 0.071813801
25.077 1881778.474 0.071950972
25.173 1877800.437 0.072088856
25.269 1873836.571 0.072227442
25.365 1869886.969 0.072366724
25.462 1865951.726 0.072506690
25.558 1862030.935 0.072647334
25.654 1858124.691 0.072788644
25.750 1854233.090 0.072930612
25.846 1850356.228 0.073073228
25.943 1846494.199 0.073216482
26.039 1842647.102 0.073360365
26.135 1838815.032 0.073504867
26.232 1834998.088 0.073649976
26.328 1831196.367 0.073795683
26.424 1827409.966 0.073941978
26.521 1823638.986 0.074088848
26.617 1819883.525 0.074236284
26.713 1816143.681 0.074384275
26.810 1812419.556 0.074532808
26.906 1808711.249 0.074681873
27.003 1805018.861 0.074831458
27.099 1801342.492 0.074981551
27.195 1797682.245 0.075132140
27.291 1794038.220 0.075283213
27.388 1790410.521 0.075434757
27.484 1786799.249 0.075586760
27.580 1783204.507 0.075739209
27.676 1779626.398 0.075892092
27.772 1776065.027 0.076045394
27.868 1772520.496 0.076199102
27.964 1768992.910 0.076353204
28.060 1765482.373 0.076507685
28.156 1761988.990 0.076662530
28.251 1758512.867 0.076817728
28.347 1755054.108 0.076973261
28.442 1751612.820 0.077129117
28.538 1748189.108 0.077285280
28.633 1744783.079 0.077441736
28.728 1741394.839 0.077598469
28.823 1738024.495 0.077755463
28.918 1734672.154 0.077912704
29.013 1731337.924 0.078070176
29.108 1728021.911 0.078227861
29.202 1724724.225 0.078385745
29.297 1721444.972 0.078543811
29.391 1718184.261 0.078702042
29.485 1714942.201 0.078860421
29.579 1711718.900 0.079018932
29.673 1708514.466 0.079177556
29.766 1705329.010 0.079336278
29.859 1702162.639 0.079495078
29.953 1699015.463 0.079653940
30.046 1695887.592 0.079812844
30.138 1692779.135 0.079971773
30.231 1689690.202 0.080130709
30.323 1686620.902 0.080289632
30.415 1683571.346 0.080448525
30.507 1680541.643 0.080607367
30.598 1677531.903 0.080766139
30.690 1674542.237 0.080924822
30.781 1671572.754 0.081083397
30.872 1668623.564 0.081241844
30.962 1665694.778 0.081400142
31.052 1662786.506 0.081558271
31.142 1659898.858 0.081716211
31.232 1657031.944 0.081873942
31.321 1654185.874 0.082031442
31.410 1651360.758 0.082188691
31.499 1648556.706 0.082345667
31.587 1645773.829 0.082502349
31.675 1643012.235 0.082658716
31.762 1640272.034 0.082814747
31.849 1637553.336 0.082970418
31.936 1634856.251 0.083125710
32.023 1632180.887 0.083280598
32.109 1629527.354 0.083435061
32.194 1626895.760 0.083589078
32.280 1624286.214 0.083742624
32.364 1621698.825 0.083895678
32.449 1619133.701 0.084048216
32.533 1616590.950 0.084200216
32.616 1614070.679 0.084351655
32.699 1611572.996 0.084502509
32.782 1609098.008 0.084652755
32.864 1606645.822 0.084802370
32.945 1604216.544 0.084951331
33.027 1601810.280 0.085099613
33.107 1599427.136 0.085247193
33.187 1597067.217 0.085394047
33.267 1594730.628 0.085540151
33.346 1592417.474 0.085685482
33.424 1590127.858 0.085830014
33.502 1587861.884 0.085973726
33.579 1585619.656 0.086116591
33.656 1583401.275 0.086258586
33.732 1581206.843 0.086399687
33.808 1579036.463 0.086539869
33.883 1576890.235 0.086679109
33.957 1574768.258 0.086817381
34.031 1572670.634 0.086954663
34.104 1570597.461 0.087090928
34.176 1568548.838 0.087226153
34.248 1566524.861 0.087360314
34.319 1564525.630 0.087493386
34.390 1562551.239 0.087625346
34.459 1560601.784 0.087756168
34.528 1558677.361 0.087885829
34.597 1556778.063 0.088014304
34.664 1554903.985 0.088141570
34.731 1553055.218 0.088267603
34.797 1551231.854 0.088392378
34.863 1549433.985 0.088515872
34.927 1547661.700 0.088638061
34.991 1545915.089 0.088758921
35.054 1544194.239 0.088878429
35.116 1542499.239 0.088996562
35.178 1540830.174 0.089113296
35.238 1539187.131 0.089228608
35.298 1537570.193 0.089342475
35.357 1535979.444 0.089454874
35.415 1534414.967 0.089565783
35.473 1532876.843 0.089675179
35.529 1531365.153 0.089783039
35.585 1529879.975 0.089889343
35.639 1528421.388 0.089994067
35.693 1526989.469 0.090097191
35.746 1525584.294 0.090198692
35.798 1524205.938 0.090298550
35.849 1522854.475 0.090396743
35.900 1521529.977 0.090493251
35.949 1520232.514 0.090588054
35.997 1518962.158 0.090681130
36.044 1517718.977 0.090772461
36.091 1516503.039 0.090862027
36.136 1515314.409 0.090949808
36.181 1514153.154 0.091035785
36.224 1513019.335 0.091119940
36.267 1511913.016 0.091202254
36.308 1510834.258 0.091282709
36.349 1509783.121 0.091361288
36.388 1508759.661 0.091437973
36.427 1507763.938 0.091512747
36.464 1506796.005 0.091585594
36.500 1505855.917 0.091656497
36.536 1504943.726 0.091725440
36.570 1504059.484 0.091792409
36.603 1503203.240 0.091857387
36.635 1502375.043 0.091920361
36.666 1501574.939 0.091981315
36.696 1500802.973 0.092040237
36.725 1500059.189 0.092097112
36.753 1499343.630 0.092151929
36.780 1498656.335 0.092204673
36.806 1497997.344 0.092255334
36.830 1497366.695 0.092303899
36.854 1496764.423 0.092350358
36.876 1496190.563 0.092394700
36.897 1495645.147 0.092436914
36.917 1495128.207 0.092476991
36.936 1494639.772 0.092514922
36.954 1494179.870 0.092550697
36.971 1493748.528 0.092584309
36.986 1493345.769 0.092615749
37.001 1492971.618 0.092645011
37.014 1492626.095 0.092672088
37.026 1492309.221 0.092696973
37.037 1492021.013 0.092719661
37.047 1491761.488 0.092740146
37.056 1491530.660 0.092758424
37.063 1491328.542 0.092774490
37.070 1491155.147 0.092788341
37.075 1491010.483 0.092799974
37.079 1490894.558 0.092809386
37.082 1490807.380 0.092816575
37.084 1490748.952 0.092821539
37.084 1490719.278 0.092824278
37.084 1490718.358 0.092824790
37.082 1490746.193 0.092823077
37.079 1490802.780 0.092819137
37.075 1490888.116 0.092812974
37.070 1491002.194 0.092804587
37.064 1491145.009 0.092793980
37.056 1491316.550 0.092781154
37.048 1491516.808 0.092766114
37.038 1491745.769 0.092748863
37.027 1492003.421 0.092729404
37.015 1492289.747 0.092707744
37.001 1492604.731 0.092683887
36.987 1492948.354 0.092657838
36.972 1493320.594 0.092629605
36.955 1493721.429 0.092599194
36.937 1494150.837 0.092566612
36.918 1494608.791 0.092531867
36.898 1495095.264 0.092494968
36.877 1495610.227 0.092455924
36.855 1496153.650 0.092414742
36.831 1496725.502 0.092371435
36.807 1497325.747 0.092326011
36.781 1497954.352 0.092278481
36.754 1498611.280 0.092228857
36.727 1499296.491 0.092177150
36.698 1500009.947 0.092123372
36.668 1500751.605 0.092067536
36.637 1501521.424 0.092009655
36.604 1502319.358 0.091949743
36.571 1503145.361 0.091887813
36.537 1503999.386 0.091823879
36.502 1504881.384 0.091757956
39.556 1432081.984 0.097666607
39.576 1431616.819 0.097707742
39.595 1431181.481 0.097746299
39.613 1430775.997 0.097782271
39.629 1430400.394 0.097815648
39.644 1430054.693 0.097846421
39.657 1429738.916 0.097874584
39.670 1429453.084 0.097900128
39.681 1429197.214 0.097923048
39.690 1428971.322 0.097943339
39.698 1428775.422 0.097960994
39.705 1428609.525 0.097976010
39.711 1428473.643 0.097988383
39.715 1428367.782 0.097998110
39.718 1428291.950 0.098005189
39.719 1428246.151 0.098009618
39.720 1428230.388 0.098011396
39.718 1428244.660 0.098010522
39.716 1428288.966 0.098006998
39.712 1428363.304 0.098000823
39.707 1428467.667 0.097992001
39.700 1428602.050 0.097980532
39.692 1428766.442 0.097966421
39.683 1428960.832 0.097949671
39.672 1429185.209 0.097930287
39.660 1429439.556 0.097908273
39.647 1429723.858 0.097883635
39.632 1430038.095 0.097856379
39.616 1430382.247 0.097826514
39.599 1430756.292 0.097794045
39.580 1431160.206 0.097758982
39.560 1431593.962 0.097721334
39.539 1432057.532 0.097681110
39.516 1432550.887 0.097638321
39.493 1433073.995 0.097592977
39.467 1433626.822 0.097545090
39.441 1434209.332 0.097494672
39.413 1434821.490 0.097441736
39.384 1435463.255 0.097386295
39.354 1436134.587 0.097328363
39.322 1436835.444 0.097267954
39.289 1437565.781 0.097205083
39.255 1438325.551 0.097139767
39.220 1439114.708 0.097072021
39.183 1439933.202 0.097001863
39.145 1440780.981 0.096929308
39.106 1441657.993 0.096854376
39.066 1442564.183 0.096777084
39.024 1443499.494 0.096697451
38.982 1444463.869 0.096615497
38.938 1445457.248 0.096531241
38.893 1446479.571 0.096444704
38.847 1447530.773 0.096355907
38.799 1448610.792 0.096264870
38.751 1449719.560 0.096171615
38.701 1450857.011 0.096076165
38.650 1452023.076 0.095978542
38.598 1453217.685 0.095878769
38.545 1454440.764 0.095776869
38.491 1455692.241 0.095672866
38.436 1456972.042 0.095566784
38.380 1458280.090 0.095458648
38.322 1459616.306 0.095348482
38.264 1460980.613 0.095236311
38.204 1462372.930 0.095122161
38.144 1463793.175 0.095006058
38.082 1465241.266 0.094888027
38.020 1466717.117 0.094768096
37.956 1468220.644 0.094646290
37.892 1469751.759 0.094522637
37.826 1471310.374 0.094397164
37.760 1472896.401 0.094269898
37.692 1474509.749 0.094140867
37.624 1476150.326 0.094010098
37.555 1477818.040 0.093877621
37.485 1479512.796 0.093743462
37.414 1481234.501 0.093607650
37.342 1482983.057 0.093470214
37.269 1484758.369 0.093331183
37.195 1486560.338 0.093190585
37.121 1488388.865 0.093048450
37.045 1490243.850 0.092904806
36.969 1492125.193 0.092759683
36.892 1494032.791 0.092613110
36.815 1495966.542 0.092465117
36.736 1497926.342 0.092315732
36.657 1499912.087 0.092164986
36.577 1501923.672 0.092012907
36.496 1503960.991 0.091859527
36.414 1506023.936 0.091704873
36.332 1508112.401 0.091548976
36.249 1510226.277 0.091391865
36.165 1512365.455 0.091233571
36.081 1514529.826 0.091074122
35.996 1516719.278 0.090913548
35.910 1518933.702 0.090751879
35.824 1521172.985 0.090589145
35.737 1523437.016 0.090425374
35.649 1525725.681 0.090260596
35.561 1528038.868 0.090094841
35.472 1530376.462 0.089928138
35.383 1532738.350 0.089760515
35.293 1535124.416 0.089592002
35.202 1537534.546 0.089422629
35.111 1539968.623 0.089252423
35.019 1542426.531 0.089081413
34.927 1544908.155 0.088909628
34.835 1547413.376 0.088737096
34.742 1549942.079 0.088563847
34.648 1552494.145 0.088389907
34.554 1555069.456 0.088215305
34.459 1557667.895 0.088040068
34.364 1560289.343 0.087864225
34.269 1562933.682 0.087687802
34.173 1565600.791 0.087510828
34.077 1568290.553 0.087333328
33.980 1571002.848 0.087155331
33.883 1573737.557 0.086976862
33.785 1576494.560 0.086797948
33.687 1579273.736 0.086618616
33.589 1582074.967 0.086438891
33.490 1584898.132 0.086258800
33.391 1587743.112 0.086078368
33.292 1590609.785 0.085897620
33.192 1593498.033 0.085716582
33.093 1596407.734 0.085535279
32.992 1599338.768 0.085353734
32.892 1602291.016 0.085171974
32.791 1605264.357 0.084990021
32.690 1608258.670 0.084807900
32.589 1611273.836 0.084625635
32.487 1614309.735 0.084443249
32.385 1617366.246 0.084260766
32.283 1620443.250 0.084078207
32.181 1623540.626 0.083895597
32.078 1626658.256 0.083712956
31.975 1629796.019 0.083530309
31.872 1632953.796 0.083347676
31.769 1636131.468 0.083165079
31.666 1639328.917 0.082982540
31.562 1642546.021 0.082800079
31.459 1645782.665 0.082617718
31.355 1649038.728 0.082435477
31.251 1652314.092 0.082253377
31.147 1655608.640 0.082071437
31.042 1658922.254 0.081889677
30.938 1662254.815 0.081708117
30.833 1665606.208 0.081526776
30.729 1668976.314 0.081345673
30.624 1672365.018 0.081164827
30.519 1675772.203 0.080984256
30.414 1679197.752 0.080803978
30.309 1682641.550 0.080624012
30.204 1686103.482 0.080444374
30.099 1689583.433 0.080265083
29.993 1693081.287 0.080086155
29.888 1696596.930 0.079907608
29.783 1700130.248 0.079729457
29.677 1703681.129 0.079551719
29.572 1707249.457 0.079374411
29.466 1710835.121 0.079197548
29.361 1714438.007 0.079021145
29.255 1718058.004 0.078845219
29.150 1721695.001 0.078669783
29.044 1725348.885 0.078494853
28.938 1729019.546 0.078320443
28.833 1732706.873 0.078146569
28.727 1736410.757 0.077973242
28.622 1740131.087 0.077800479
28.516 1743867.756 0.077628291
28.411 1747620.653 0.077456693
28.305 1751389.671 0.077285698
28.200 1755174.702 0.077115318
28.094 1758975.639 0.076945566
27.989 1762792.375 0.076776455
27.883 1766624.804 0.076607996
27.778 1770472.819 0.076440202
27.673 1774336.315 0.076273084
27.568 1778215.188 0.076106655
27.463 1782109.333 0.075940924
27.357 1786018.646 0.075775904
27.252 1789943.024 0.075611606
27.148 1793882.364 0.075448039
27.043 1797836.562 0.075285214
26.938 1801805.519 0.075123143
26.833 1805789.131 0.074961834
26.729 1809787.299 0.074801297
26.624 1813799.922 0.074641543
26.520 1817826.899 0.074482581
26.416 1821868.132 0.074324419
26.311 1825923.523 0.074167068
26.207 1829992.971 0.074010536
26.103 1834076.381 0.073854832
26.000 1838173.654 0.073699965
25.896 1842284.694 0.073545942
25.792 1846409.405 0.073392773
25.689 1850547.691 0.073240465
25.585 1854699.458 0.073089025
25.482 1858864.609 0.072938463
25.379 1863043.052 0.072788785
25.276 1867234.693 0.072639999
25.173 1871439.439 0.072492112
25.070 1875657.198 0.072345132
24.968 1879887.877 0.072199064
24.865 1884131.386 0.072053917
24.763 1888387.633 0.071909697
24.661 1892656.529 0.071766410
24.559 1896937.983 0.071624063
24.457 1901231.906 0.071482662
24.356 1905538.210 0.071342213
24.254 1909856.806 0.071202722
24.153 1914187.608 0.071064196
24.052 1918530.527 0.070926640
23.951 1922885.478 0.070790059
23.850 1927252.374 0.070654460
23.749 1931631.130 0.070519848
23.648 1936021.662 0.070386227
23.548 1940423.884 0.070253604
23.448 1944837.712 0.070121984
23.348 1949263.065 0.069991371
23.248 1953699.858 0.069861771
23.148 1958148.009 0.069733187
23.049 1962607.437 0.069605626
22.950 1967078.061 0.069479092
22.850 1971559.800 0.069353590
22.752 1976052.573 0.069229123
22.653 1980556.302 0.069105696
22.554 1985070.906 0.068983314
22.456 1989596.308 0.068861982
22.358 1994132.429 0.068741702
22.260 1998679.192 0.068622480
22.162 2003236.520 0.068504319
22.064 2007804.336 0.068387223
21.967 2012382.563 0.068271197
21.869 2016971.128 0.068156244
21.772 2021569.954 0.068042369
21.675 2026178.968 0.067929574
21.579 2030798.094 0.067817864
21.482 2035427.260 0.067707242
21.386 2040066.393 0.067597712
21.290 2044715.420 0.067489278
21.194 2049374.269 0.067381943
21.098 2054042.869 0.067275711
21.002 2058721.149 0.067170585
20.907 2063409.037 0.067066569
20.812 2068106.464 0.066963665
20.717 2072813.361 0.066861879
20.622 2077529.659 0.066761212
20.528 2082255.288 0.066661668
20.434 2086990.181 0.066563251
20.339 2091734.269 0.066465965
20.245 2096487.487 0.066369811
20.152 2101249.767 0.066274794
20.058 2106021.042 0.066180917
