20.074 2110347.106 0.065943188
20.183 2104715.123 0.066054207
20.293 2099087.912 0.066166954
20.404 2093465.515 0.066281431
20.515 2087847.978 0.066397643
20.627 2082235.344 0.066515594
20.739 2076627.658 0.066635287
20.851 2071024.967 0.066756727
20.964 2065427.315 0.066879918
21.077 2059834.749 0.067004864
21.191 2054247.316 0.067131570
21.305 2048665.063 0.067260040
21.419 2043088.037 0.067390280
21.535 2037516.287 0.067522293
21.650 2031949.861 0.067656086
21.766 2026388.808 0.067791662
21.883 2020833.177 0.067929028
22.000 2015283.020 0.068068188
22.117 2009738.385 0.068209148
22.235 2004199.324 0.068351914
22.353 1998665.890 0.068496491
22.472 1993138.132 0.068642884
22.592 1987616.105 0.068791100
22.711 1982099.860 0.068941145
22.832 1976589.452 0.069093023
22.953 1971084.935 0.069246743
23.074 1965586.363 0.069402309
23.196 1960093.790 0.069559728
23.318 1954607.274 0.069719006
23.441 1949126.870 0.069880150
23.565 1943652.635 0.070043166
23.689 1938184.626 0.070208062
23.813 1932722.902 0.070374842
23.938 1927267.519 0.070543515
24.064 1921818.539 0.070714087
24.190 1916376.019 0.070886566
24.316 1910940.022 0.071060957
24.443 1905510.606 0.071237268
24.571 1900087.835 0.071415506
24.699 1894671.769 0.071595678
24.828 1889262.472 0.071777792
24.957 1883860.006 0.071961855
25.087 1878464.436 0.072147874
25.218 1873075.827 0.072335856
25.349 1867694.243 0.072525809
25.480 1862319.751 0.072717741
25.613 1856952.417 0.072911658
25.745 1851592.307 0.073107569
25.879 1846239.491 0.073305481
26.013 1840894.037 0.073505401
26.147 1835556.013 0.073707337
26.282 1830225.490 0.073911298
26.418 1824902.539 0.074117290
26.554 1819587.230 0.074325322
26.691 1814279.636 0.074535400
26.829 1808979.830 0.074747534
26.967 1803687.886 0.074961729
27.106 1798403.876 0.075177996
27.245 1793127.878 0.075396340
27.385 1787859.965 0.075616770
27.526 1782600.216 0.075839294
27.667 1777348.706 0.076063919
27.809 1772105.515 0.076290653
27.951 1766870.721 0.076519503
28.095 1761644.405 0.076750478
28.238 1756426.645 0.076983585
28.383 1751217.524 0.077218832
28.528 1746017.124 0.077456225
28.674 1740825.528 0.077695773
28.820 1735642.819 0.077937484
28.968 1730469.082 0.078181363
29.115 1725304.403 0.078427420
29.264 1720148.868 0.078675661
29.413 1715002.564 0.078926092
29.563 1709865.579 0.079178723
29.713 1704738.003 0.079433558
29.865 1699619.925 0.079690607
30.017 1694511.435 0.079949874
30.169 1689412.626 0.080211367
30.323 1684323.591 0.080475093
30.477 1679244.422 0.080741057
30.631 1674175.215 0.081009268
30.787 1669116.064 0.081279729
30.943 1664067.066 0.081552449
31.100 1659028.319 0.081827432
31.258 1653999.920 0.082104685
31.416 1648981.969 0.082384213
31.575 1643974.567 0.082666021
31.735 1638977.814 0.082950116
31.896 1633991.813 0.083236501
32.057 1629016.668 0.083525182
32.220 1624052.482 0.083816164
32.382 1619099.360 0.084109451
32.546 1614157.410 0.084405047
32.711 1609226.739 0.084702956
32.876 1604307.455 0.085003183
33.042 1599399.668 0.085305730
33.208 1594503.489 0.085610600
33.376 1589619.029 0.085917798
33.544 1584746.401 0.086227325
33.713 1579885.719 0.086539184
33.883 1575037.099 0.086853377
34.054 1570200.656 0.087169906
34.226 1565376.507 0.087488772
34.398 1560564.772 0.087809976
34.571 1555765.570 0.088133519
34.745 1550979.021 0.088459402
34.920 1546205.247 0.088787624
35.095 1541444.372 0.089118185
35.272 1536696.519 0.089451085
35.449 1531961.815 0.089786322
35.627 1527240.386 0.090123894
35.806 1522532.359 0.090463799
35.985 1517837.864 0.090806036
36.166 1513157.030 0.091150600
36.347 1508489.990 0.091497489
36.530 1503836.876 0.091846698
36.713 1499197.823 0.092198223
36.897 1494572.964 0.092552059
37.081 1489962.437 0.092908201
37.267 1485366.379 0.093266642
37.453 1480784.929 0.093627375
37.641 1476218.228 0.093990394
37.829 1471666.417 0.094355690
38.018 1467129.638 0.094723255
38.208 1462608.037 0.095093080
38.399 1458101.757 0.095465155
38.590 1453610.946 0.095839469
38.783 1449135.751 0.096216012
38.976 1444676.322 0.096594772
39.170 1440232.810 0.096975735
39.366 1435805.365 0.097358889
39.562 1431394.142 0.097744219
39.758 1426999.295 0.098131712
39.956 1422620.979 0.098521350
40.155 1418259.352 0.098913118
40.354 1413914.572 0.099306998
40.555 1409586.799 0.099702973
40.756 1405276.193 0.100101023
40.958 1400982.919 0.100501128
41.161 1396707.138 0.100903268
41.365 1392449.016 0.101307420
41.570 1388208.720 0.101713563
41.775 1383986.416 0.102121672
41.982 1379782.276 0.102531724
42.189 1375596.467 0.102943691
42.397 1371429.163 0.103357549
42.607 1367280.536 0.103773269
42.817 1363150.761 0.104190822
43.027 1359040.013 0.104610179
43.239 1354948.469 0.105031310
43.452 1350876.308 0.105454181
43.665 1346823.708 0.105878759
43.879 1342790.851 0.106305012
44.094 1338777.919 0.106732902
44.310 1334785.094 0.107162395
44.527 1330812.563 0.107593451
44.745 1326860.510 0.108026032
44.963 1322929.123 0.108460098
45.182 1319018.589 0.108895606
45.402 1315129.100 0.109332515
45.623 1311260.845 0.109770781
45.845 1307414.016 0.110210357
46.067 1303588.807 0.110651197
46.290 1299785.411 0.111093254
46.514 1296004.026 0.111536478
46.739 1292244.846 0.111980818
46.965 1288508.070 0.112426222
47.191 1284793.897 0.112872636
47.418 1281102.526 0.113320007
47.646 1277434.160 0.113768277
47.874 1273788.999 0.114217388
48.103 1270167.246 0.114667282
48.333 1266569.107 0.115117898
48.563 1262994.786 0.115569175
48.795 1259444.488 0.116021047
49.026 1255918.422 0.116473451
49.259 1252416.794 0.116926320
49.492 1248939.814 0.117379586
49.725 1245487.691 0.117833179
49.960 1242060.635 0.118287029
50.194 1238658.858 0.118741064
50.430 1235282.571 0.119195209
50.665 1231931.988 0.119649389
50.902 1228607.320 0.120103527
51.138 1225308.784 0.120557545
51.376 1222036.592 0.121011363
51.613 1218790.960 0.121464899
51.851 1215572.104 0.121918072
52.090 1212380.239 0.122370795
52.329 1209215.583 0.122822985
52.568 1206078.353 0.123274553
52.807 1202968.766 0.123725412
53.047 1199887.039 0.124175470
53.287 1196833.390 0.124624637
53.527 1193808.038 0.125072820
53.767 1190811.202 0.125519924
54.008 1187843.099 0.125965855
54.248 1184903.948 0.126410514
54.489 1181993.968 0.126853805
54.730 1179113.377 0.127295628
54.971 1176262.394 0.127735882
55.211 1173441.238 0.128174465
55.452 1170650.125 0.128611274
55.692 1167889.275 0.129046204
55.932 1165158.905 0.129479152
56.173 1162459.231 0.129910010
56.412 1159790.472 0.130338670
56.652 1157152.842 0.130765024
56.891 1154546.558 0.131188964
57.130 1151971.835 0.131610378
57.368 1149428.887 0.132029155
57.606 1146917.927 0.132445183
57.843 1144439.169 0.132858350
58.079 1141992.824 0.133268543
58.315 1139579.104 0.133675646
58.550 1137198.217 0.134079545
58.784 1134850.374 0.134480125
59.017 1132535.781 0.134877271
59.250 1130254.644 0.135270866
59.481 1128007.169 0.135660793
59.711 1125793.560 0.136046936
59.940 1123614.017 0.136429177
60.168 1121468.743 0.136807400
60.394 1119357.935 0.137181488
60.619 1117281.791 0.137551322
60.843 1115240.507 0.137916786
61.065 1113234.275 0.138277763
61.285 1111263.288 0.138634136
61.503 1109327.735 0.138985788
61.720 1107427.803 0.139332603
61.935 1105563.678 0.139674466
62.147 1103735.542 0.140011262
62.358 1101943.577 0.140342875
62.566 1100187.961 0.140669192
62.772 1098468.869 0.140990100
62.975 1096786.475 0.141305488
63.176 1095140.949 0.141615242
63.375 1093532.460 0.141919255
63.570 1091961.171 0.142217416
63.763 1090427.246 0.142509618
63.953 1088930.843 0.142795755
64.139 1087472.118 0.143075720
64.323 1086051.225 0.143349412
64.503 1084668.314 0.143616728
64.680 1083323.531 0.143877567
64.853 1082017.019 0.144131831
65.022 1080748.918 0.144379424
65.188 1079519.365 0.144620250
65.349 1078328.492 0.144854216
65.507 1077176.429 0.145081233
65.660 1076063.302 0.145301211
65.810 1074989.231 0.145514065
65.955 1073954.336 0.145719710
66.095 1072958.730 0.145918064
66.230 1072002.524 0.146109050
66.361 1071085.823 0.146292590
66.487 1070208.731 0.146468610
66.608 1069371.345 0.146637039
66.724 1068573.759 0.146797810
66.835 1067816.063 0.146950856
66.941 1067098.342 0.147096115
67.041 1066420.678 0.147233528
67.135 1065783.148 0.147363037
67.224 1065185.824 0.147484590
67.307 1064628.774 0.147598135
67.384 1064112.062 0.147703626
67.456 1063635.747 0.147801019
67.522 1063199.884 0.147890273
67.581 1062804.522 0.147971351
67.635 1062449.707 0.148044219
67.682 1062135.479 0.148108846
67.723 1061861.876 0.148165205
67.758 1061628.928 0.148213273
67.787 1061436.663 0.148253029
67.809 1061285.101 0.148284457
67.825 1061174.262 0.148307543
67.835 1061104.157 0.148322278
67.838 1061074.795 0.148328655
67.835 1061086.179 0.148326673
67.825 1061138.307 0.148316332
67.810 1061231.173 0.148297637
67.787 1061364.766 0.148270596
67.759 1061539.071 0.148235220
67.724 1061754.067 0.148191525
67.683 1062009.729 0.148139529
67.636 1062306.028 0.148079255
67.583 1062642.928 0.148010728
67.523 1063020.391 0.147933978
67.458 1063438.373 0.147849036
67.386 1063896.827 0.147755938
67.309 1064395.698 0.147654725
67.226 1064934.929 0.147545438
67.137 1065514.460 0.147428123
67.043 1066134.222 0.147302829
66.943 1066794.146 0.147169609
66.837 1067494.156 0.147028517
66.727 1068234.172 0.146879612
66.611 1069014.111 0.146722955
66.490 1069833.884 0.146558610
66.364 1070693.399 0.146386645
66.233 1071592.560 0.146207130
66.097 1072531.265 0.146020136
65.957 1073509.410 0.145825740
65.812 1074526.886 0.145624019
65.663 1075583.580 0.145415054
50.711 1230353.224 0.119897330
50.852 1228368.491 0.120169088
50.992 1226415.696 0.120437692
51.130 1224494.994 0.120703066
51.267 1222606.537 0.120965138
51.401 1220750.476 0.121223835
51.535 1218926.961 0.121479082
51.666 1217136.140 0.121730807
51.796 1215378.157 0.121978938
51.924 1213653.159 0.122223403
52.051 1211961.285 0.122464129
52.175 1210302.678 0.122701047
52.298 1208677.474 0.122934086
52.419 1207085.810 0.123163176
52.537 1205527.820 0.123388248
52.654 1204003.636 0.123609233
52.769 1202513.387 0.123826064
52.882 1201057.201 0.124038674
52.992 1199635.203 0.124246997
53.100 1198247.515 0.124450969
53.206 1196894.259 0.124650524
53.310 1195575.551 0.124845599
53.412 1194291.507 0.125036134
53.511 1193042.240 0.125222065
53.608 1191827.860 0.125403335
53.702 1190648.475 0.125579883
53.794 1189504.189 0.125751653
53.883 1188395.105 0.125918588
53.970 1187321.321 0.126080633
54.054 1186282.935 0.126237734
54.136 1185280.041 0.126389840
54.215 1184312.728 0.126536899
54.292 1183381.084 0.126678862
54.365 1182485.196 0.126815682
54.436 1181625.143 0.126947311
54.504 1180801.006 0.127073706
54.569 1180012.860 0.127194823
54.632 1179260.777 0.127310621
54.691 1178544.826 0.127421059
54.748 1177865.075 0.127526101
54.802 1177221.586 0.127625709
54.853 1176614.418 0.127719849
54.900 1176043.629 0.127808489
54.945 1175509.271 0.127891597
54.987 1175011.394 0.127969144
55.026 1174550.045 0.128041104
55.061 1174125.267 0.128107451
55.094 1173737.099 0.128168162
55.123 1173385.579 0.128223215
55.150 1173070.738 0.128272592
55.173 1172792.607 0.128316274
55.193 1172551.212 0.128354247
55.210 1172346.574 0.128386496
55.224 1172178.714 0.128413012
55.235 1172047.646 0.128433783
55.242 1171953.384 0.128448804
55.246 1171895.934 0.128458069
55.248 1171875.304 0.128461574
55.246 1171891.494 0.128459320
55.240 1171944.502 0.128451305
55.232 1172034.322 0.128437534
55.220 1172160.947 0.128418012
55.206 1172324.364 0.128392746
55.188 1172524.557 0.128361744
55.167 1172761.506 0.128325019
55.143 1173035.188 0.128282583
55.115 1173345.578 0.128234451
55.085 1173692.645 0.128180642
55.051 1174076.357 0.128121173
55.015 1174496.676 0.128056067
54.975 1174953.563 0.127985345
54.933 1175446.974 0.127909035
54.887 1175976.863 0.127827161
54.838 1176543.179 0.127739754
54.787 1177145.869 0.127646844
54.732 1177784.876 0.127548463
54.675 1178460.140 0.127444647
54.614 1179171.599 0.127335430
54.551 1179919.184 0.127220851
54.485 1180702.827 0.127100951
54.416 1181522.455 0.126975769
54.344 1182377.993 0.126845349
54.270 1183269.360 0.126709735
54.193 1184196.474 0.126568974
54.113 1185159.252 0.126423114
54.030 1186157.604 0.126272203
53.945 1187191.440 0.126116293
53.857 1188260.665 0.125955435
53.767 1189365.184 0.125789683
53.675 1190504.896 0.125619092
53.579 1191679.698 0.125443718
53.482 1192889.487 0.125263618
53.382 1194134.153 0.125078851
53.280 1195413.587 0.124889477
53.175 1196727.675 0.124695557
53.068 1198076.303 0.124497153
52.959 1199459.351 0.124294327
52.848 1200876.699 0.124087145
52.735 1202328.225 0.123875670
52.619 1203813.803 0.123659969
52.502 1205333.305 0.123440109
52.383 1206886.601 0.123216157
52.261 1208473.560 0.122988181
52.138 1210094.046 0.122756251
52.013 1211747.925 0.122520436
51.886 1213435.056 0.122280806
51.757 1215155.301 0.122037433
51.626 1216908.516 0.121790388
51.494 1218694.557 0.121539743
51.360 1220513.279 0.121285569
51.225 1222364.533 0.121027941
51.088 1224248.169 0.120766931
50.949 1226164.036 0.120502612
50.809 1228111.982 0.120235059
50.667 1230091.852 0.119964344
50.524 1232103.489 0.119690543
50.380 1234146.736 0.119413730
50.234 1236221.434 0.119133978
50.087 1238327.423 0.118851362
49.939 1240464.542 0.118565957
49.790 1242632.626 0.118277837
49.639 1244831.513 0.117987076
49.487 1247061.036 0.117693749
49.335 1249321.029 0.117397930
49.181 1251611.326 0.117099692
49.026 1253931.756 0.116799110
48.870 1256282.152 0.116496257
48.713 1258662.341 0.116191206
48.555 1261072.154 0.115884030
48.397 1263511.419 0.115574802
48.237 1265979.961 0.115263594
48.077 1268477.608 0.114950478
47.916 1271004.186 0.114635525
47.754 1273559.519 0.114318807
47.592 1276143.432 0.114000393
47.429 1278755.750 0.113680354
47.265 1281396.295 0.113358759
47.100 1284064.891 0.113035678
46.935 1286761.361 0.112711179
46.770 1289485.526 0.112385329
46.604 1292237.210 0.112058195
46.437 1295016.232 0.111729845
46.270 1297822.416 0.111400344
46.103 1300655.581 0.111069757
45.935 1303515.550 0.110738149
45.767 1306402.144 0.110405583
45.598 1309315.182 0.110072124
45.429 1312254.487 0.109737832
45.260 1315219.878 0.109402770
45.090 1318211.178 0.109066999
44.920 1321228.206 0.108730578
44.750 1324270.783 0.108393568
44.580 1327338.732 0.108056026
44.410 1330431.872 0.107718010
44.239 1333550.027 0.107379578
44.068 1336693.017 0.107040785
43.897 1339860.664 0.106701686
43.726 1343052.791 0.106362337
43.555 1346269.221 0.106022790
43.384 1349509.775 0.105683098
43.213 1352774.278 0.105343314
43.042 1356062.554 0.105003487
42.871 1359374.425 0.104663670
42.699 1362709.718 0.104323910
42.528 1366068.257 0.103984257
42.357 1369449.867 0.103644758
42.186 1372854.374 0.103305459
42.015 1376281.606 0.102966408
41.844 1379731.389 0.102627648
41.673 1383203.551 0.102289224
41.503 1386697.921 0.101951179
41.332 1390214.327 0.101613557
41.162 1393752.599 0.101276398
40.992 1397312.568 0.100939744
40.821 1400894.063 0.100603634
40.652 1404496.918 0.100268108
40.482 1408120.965 0.099933203
40.313 1411766.035 0.099598958
40.143 1415431.965 0.099265409
39.974 1419118.587 0.098932592
39.806 1422825.738 0.098600542
39.637 1426553.254 0.098269293
39.469 1430300.971 0.097938879
39.301 1434068.728 0.097609333
39.133 1437856.364 0.097280685
38.966 1441663.717 0.096952968
38.799 1445490.628 0.096626211
38.632 1449336.938 0.096300445
38.466 1453202.490 0.095975698
38.300 1457087.127 0.095651998
38.134 1460990.692 0.095329373
37.969 1464913.029 0.095007849
37.804 1468853.986 0.094687451
37.639 1472813.408 0.094368207
37.475 1476791.143 0.094050139
37.311 1480787.039 0.093733271
37.147 1484800.945 0.093417628
36.984 1488832.713 0.093103230
36.822 1492882.193 0.092790101
36.659 1496949.237 0.092478261
36.497 1501033.699 0.092167731
36.336 1505135.432 0.091858530
36.175 1509254.292 0.091550678
36.014 1513390.136 0.091244194
35.854 1517542.819 0.090939096
35.694 1521712.199 0.090635401
35.535 1525898.137 0.090333126
35.376 1530100.492 0.090032287
35.218 1534319.124 0.089732900
35.060 1538553.896 0.089434981
34.902 1542804.670 0.089138544
34.745 1547071.311 0.088843603
34.588 1551353.683 0.088550171
34.432 1555651.652 0.088258263
34.276 1559965.084 0.087967890
34.121 1564293.849 0.087679065
33.966 1568637.814 0.087391799
33.812 1572996.849 0.087106104
33.658 1577370.825 0.086821989
33.505 1581759.613 0.086539467
33.352 1586163.087 0.086258545
33.200 1590581.120 0.085979234
33.048 1595013.587 0.085701543
32.896 1599460.363 0.085425480
32.745 1603921.325 0.085151053
32.595 1608396.350 0.084878271
32.445 1612885.317 0.084607140
32.296 1617388.106 0.084337667
32.147 1621904.596 0.084069859
31.998 1626434.670 0.083803723
31.850 1630978.209 0.083539264
31.703 1635535.097 0.083276488
31.556 1640105.218 0.083015399
31.409 1644688.458 0.082756004
31.263 1649284.701 0.082498306
31.118 1653893.837 0.082242310
30.973 1658515.751 0.081988020
30.828 1663150.334 0.081735440
30.684 1667797.476 0.081484572
30.541 1672457.066 0.081235420
30.398 1677128.996 0.080987988
30.255 1681813.160 0.080742277
30.113 1686509.451 0.080498290
29.972 1691217.762 0.080256029
29.830 1695937.989 0.080015495
29.690 1700670.029 0.079776692
29.550 1705413.778 0.079539619
29.410 1710169.135 0.079304279
29.271 1714935.997 0.079070671
29.133 1719714.265 0.078838798
28.995 1724503.839 0.078608659
28.857 1729304.621 0.078380255
28.720 1734116.512 0.078153586
28.583 1738939.417 0.077928652
28.447 1743773.238 0.077705453
28.312 1748617.880 0.077483989
28.177 1753473.249 0.077264259
28.042 1758339.252 0.077046263
27.908 1763215.795 0.076830000
27.774 1768102.786 0.076615469
27.641 1773000.135 0.076402669
27.508 1777907.751 0.076191599
27.376 1782825.545 0.075982257
27.244 1787753.427 0.075774642
27.113 1792691.309 0.075568753
26.982 1797639.105 0.075364588
26.852 1802596.728 0.075162145
26.722 1807564.092 0.074961422
26.593 1812541.112 0.074762418
26.464 1817527.704 0.074565130
26.335 1822523.784 0.074369556
26.207 1827529.271 0.074175695
26.080 1832544.081 0.073983544
25.953 1837568.134 0.073793100
25.826 1842601.350 0.073604361
25.700 1847643.647 0.073417325
25.574 1852694.948 0.073231989
25.449 1857755.174 0.073048350
25.324 1862824.247 0.072866407
25.200 1867902.091 0.072686155
25.076 1872988.628 0.072507594
24.953 1878083.784 0.072330719
24.830 1883187.483 0.072155528
24.707 1888299.652 0.071982019
24.585 1893420.216 0.071810188
24.464 1898549.103 0.071640032
24.343 1903686.241 0.071471549
24.222 1908831.557 0.071304736
24.102 1913984.982 0.071139590
23.982 1919146.444 0.070976108
23.862 1924315.873 0.070814286
23.743 1929493.202 0.070654123
23.625 1934678.361 0.070495615
23.507 1939871.282 0.070338759
23.389 1945071.899 0.070183553
23.272 1950280.144 0.070029992
23.155 1955495.952 0.069878076
23.038 1960719.258 0.069727800
22.922 1965949.995 0.069579161
22.807 1971188.101 0.069432158
22.692 1976433.512 0.069286786
22.577 1981686.163 0.069143044
22.463 1986945.994 0.069000929
22.349 1992212.941 0.068860437
22.235 1997486.944 0.068721567
22.122 2002767.942 0.068584315
22.009 2008055.873 0.068448678
21.897 2013350.680 0.068314656
21.785 2018652.301 0.068182243
21.673 2023960.680 0.068051440
21.562 2029275.756 0.067922242
21.452 2034597.474 0.067794647
21.341 2039925.775 0.067668654
21.231 2045260.603 0.067544259
21.122 2050601.902 0.067421462
21.013 2055949.616 0.067300258
20.904 2061303.691 0.067180648
20.795 2066664.071 0.067062628
20.687 2072030.702 0.066946196
20.580 2077403.531 0.066831351
20.472 2082782.505 0.066718091
20.365 2088167.571 0.066606414
20.259 2093558.677 0.066496319
20.153 2098955.770 0.066387803
20.047 2104358.800 0.066280867
