20.081 2109031.402 0.065997056
20.196 2103128.461 0.066113739
20.312 2097233.012 0.066232279
20.428 2091345.123 0.066352676
20.544 2085464.867 0.066474933
20.661 2079592.315 0.066599050
20.778 2073727.538 0.066725029
20.896 2067870.611 0.066852873
21.014 2062021.607 0.066982584
21.133 2056180.600 0.067114163
21.252 2050347.666 0.067247613
21.371 2044522.879 0.067382936
21.491 2038706.318 0.067520134
21.612 2032898.059 0.067659210
21.733 2027098.181 0.067800166
21.854 2021306.762 0.067943005
21.976 2015523.882 0.068087729
22.098 2009749.621 0.068234341
22.221 2003984.061 0.068382843
22.344 1998227.285 0.068533239
22.468 1992479.373 0.068685531
22.592 1986740.411 0.068839722
22.716 1981010.483 0.068995815
22.841 1975289.674 0.069153812
22.967 1969578.071 0.069313717
23.093 1963875.759 0.069475532
23.220 1958182.828 0.069639261
23.347 1952499.365 0.069804907
23.474 1946825.461 0.069972472
23.602 1941161.206 0.070141959
23.731 1935506.691 0.070313372
23.860 1929862.008 0.070486713
23.989 1924227.250 0.070661985
24.119 1918602.513 0.070839192
24.249 1912987.889 0.071018335
24.380 1907383.476 0.071199419
24.512 1901789.371 0.071382446
24.644 1896205.670 0.071567418
24.776 1890632.474 0.071754339
24.909 1885069.880 0.071943211
25.043 1879517.991 0.072134037
25.177 1873976.907 0.072326820
25.311 1868446.732 0.072521561
25.446 1862927.569 0.072718264
25.582 1857419.522 0.072916931
25.718 1851922.698 0.073117564
25.854 1846437.203 0.073320166
25.991 1840963.144 0.073524738
26.129 1835500.631 0.073731282
26.267 1830049.773 0.073939801
26.406 1824610.681 0.074150296
26.545 1819183.467 0.074362768
26.685 1813768.244 0.074577220
26.825 1808365.127 0.074793653
26.966 1802974.229 0.075012067
27.107 1797595.668 0.075232465
27.249 1792229.561 0.075454846
27.392 1786876.026 0.075679211
27.534 1781535.183 0.075905562
27.678 1776207.153 0.076133898
27.822 1770892.058 0.076364219
27.966 1765590.021 0.076596526
28.112 1760301.166 0.076830819
28.257 1755025.618 0.077067095
28.403 1749763.504 0.077305356
28.550 1744514.952 0.077545600
28.697 1739280.091 0.077787826
28.845 1734059.051 0.078032031
28.994 1728851.963 0.078278216
29.142 1723658.960 0.078526376
29.292 1718480.175 0.078776511
29.442 1713315.744 0.079028617
29.592 1708165.804 0.079282692
29.743 1703030.490 0.079538733
29.895 1697909.944 0.079796734
30.047 1692804.303 0.080056694
30.200 1687713.710 0.080318607
30.353 1682638.308 0.080582469
30.507 1677578.239 0.080848274
30.661 1672533.650 0.081116018
30.816 1667504.687 0.081385694
30.971 1662491.497 0.081657297
31.127 1657494.230 0.081930819
31.284 1652513.036 0.082206253
31.441 1647548.066 0.082483593
31.598 1642599.474 0.082762829
31.756 1637667.413 0.083043954
31.915 1632752.041 0.083326958
32.074 1627853.513 0.083611832
32.234 1622971.988 0.083898566
32.394 1618107.625 0.084187150
32.555 1613260.586 0.084477572
32.716 1608431.033 0.084769822
32.878 1603619.130 0.085063885
33.040 1598825.042 0.085359751
33.203 1594048.934 0.085657406
33.366 1589290.976 0.085956835
33.529 1584551.336 0.086258024
33.694 1579830.184 0.086560959
33.858 1575127.693 0.086865622
34.024 1570444.036 0.087171999
34.189 1565779.387 0.087480070
34.356 1561133.922 0.087789820
27.765 1771368.399 0.076389458
27.713 1773265.313 0.076307636
27.661 1775189.012 0.076224984
27.607 1777139.406 0.076141520
27.554 1779116.407 0.076057259
27.499 1781119.923 0.075972219
27.444 1783149.864 0.075886417
27.389 1785206.139 0.075799870
27.333 1787288.653 0.075712593
27.276 1789397.314 0.075624606
27.219 1791532.027 0.075535924
27.161 1793692.698 0.075446564
27.103 1795879.230 0.075356544
27.044 1798091.528 0.075265882
26.985 1800329.495 0.075174593
26.925 1802593.032 0.075082696
26.865 1804882.042 0.074990207
26.804 1807196.426 0.074897145
26.742 1809536.084 0.074803525
26.681 1811900.916 0.074709366
26.618 1814290.821 0.074614684
26.555 1816705.699 0.074519497
26.492 1819145.447 0.074423822
26.428 1821609.964 0.074327677
26.364 1824099.146 0.074231078
26.299 1826612.891 0.074134043
26.234 1829151.095 0.074036588
26.169 1831713.654 0.073938732
26.103 1834300.463 0.073840491
26.036 1836911.418 0.073741881
25.970 1839546.413 0.073642921
25.902 1842205.342 0.073543627
25.835 1844888.100 0.073444015
25.767 1847594.580 0.073344104
25.698 1850324.676 0.073243909
25.630 1853078.280 0.073143447
25.560 1855855.285 0.073042735
25.491 1858655.585 0.072941790
25.421 1861479.069 0.072840628
25.351 1864325.632 0.072739265
25.280 1867195.165 0.072637719
25.209 1870087.558 0.072536004
25.138 1873002.704 0.072434139
25.066 1875940.493 0.072332138
24.994 1878900.817 0.072230017
24.922 1881883.565 0.072127794
24.849 1884888.630 0.072025483
24.777 1887915.901 0.071923101
24.703 1890965.269 0.071820662
24.630 1894036.624 0.071718184
24.556 1897129.856 0.071615681
24.482 1900244.855 0.071513168
24.408 1903381.512 0.071410662
24.333 1906539.717 0.071308177
24.258 1909719.359 0.071205729
24.183 1912920.328 0.071103332
24.108 1916142.515 0.071001001
24.032 1919385.810 0.070898752
23.957 1922650.102 0.070796598
23.881 1925935.281 0.070694556
23.804 1929241.238 0.070592638
23.728 1932567.863 0.070490860
23.651 1935915.045 0.070389235
23.574 1939282.675 0.070287778
23.497 1942670.644 0.070186504
23.420 1946078.841 0.070085425
23.342 1949507.158 0.069984556
23.264 1952955.484 0.069883911
23.186 1956423.712 0.069783503
23.108 1959911.731 0.069683345
23.030 1963419.432 0.069583452
22.952 1966946.707 0.069483836
22.873 1970493.448 0.069384510
22.794 1974059.545 0.069285488
22.715 1977644.891 0.069186783
22.636 1981249.377 0.069088406
22.557 1984872.895 0.068990373
22.478 1988515.338 0.068892693
22.398 1992176.599 0.068795381
22.319 1995856.570 0.068698449
22.239 1999555.144 0.068601909
22.159 2003272.214 0.068505772
22.079 2007007.674 0.068410053
21.999 2010761.417 0.068314761
21.919 2014533.339 0.068219909
21.839 2018323.332 0.068125509
21.758 2022131.291 0.068031573
21.678 2025957.112 0.067938112
21.597 2029800.689 0.067845137
21.516 2033661.918 0.067752661
21.436 2037540.695 0.067660693
21.355 2041436.915 0.067569246
21.274 2045350.476 0.067478330
21.193 2049281.273 0.067387957
21.112 2053229.203 0.067298137
21.031 2057194.165 0.067208881
20.950 2061176.055 0.067120200
20.868 2065174.773 0.067032104
20.787 2069190.215 0.066944604
20.706 2073222.281 0.066857711
20.624 2077270.871 0.066771434
20.543 2081335.882 0.066685784
20.461 2085417.216 0.066600771
20.380 2089514.773 0.066516406
20.298 2093628.452 0.066432698
20.217 2097758.156 0.066349657
20.135 2101903.784 0.066267294
20.054 2106065.240 0.066185617
