20.027 2115258.045 0.065772510
20.125 2110247.718 0.065869757
20.222 2105249.840 0.065968193
20.320 2100264.507 0.066067811
20.418 2095291.812 0.066168605
20.516 2090331.852 0.066270568
20.615 2085384.723 0.066373693
20.713 2080450.523 0.066477975
20.812 2075529.348 0.066583406
20.911 2070621.298 0.066689980
21.010 2065726.471 0.066797691
21.109 2060844.967 0.066906530
21.208 2055976.886 0.067016493
21.308 2051122.329 0.067127571
21.407 2046281.398 0.067239757
21.507 2041454.195 0.067353045
21.607 2036640.823 0.067467428
21.707 2031841.386 0.067582897
21.807 2027055.988 0.067699446
21.907 2022284.734 0.067817067
22.007 2017527.729 0.067935753
22.108 2012785.081 0.068055496
22.209 2008056.895 0.068176288
22.309 2003343.280 0.068298122
22.410 1998644.344 0.068420988
22.511 1993960.196 0.068544880
22.613 1989290.945 0.068669789
22.714 1984636.702 0.068795706
22.815 1979997.578 0.068922623
22.917 1975373.685 0.069050532
23.018 1970765.134 0.069179423
23.120 1966172.039 0.069309287
23.222 1961594.514 0.069440116
23.324 1957032.672 0.069571900
23.426 1952486.629 0.069704631
23.528 1947956.501 0.069838297
23.630 1943442.403 0.069972890
23.732 1938944.453 0.070108400
23.835 1934462.768 0.070244817
23.937 1929997.467 0.070382130
24.040 1925548.668 0.070520329
24.142 1921116.492 0.070659404
24.245 1916701.057 0.070799344
24.348 1912302.486 0.070940137
24.450 1907920.899 0.071081773
24.553 1903556.418 0.071224241
24.656 1899209.168 0.071367529
24.759 1894879.270 0.071511625
24.862 1890566.849 0.071656517
24.965 1886272.029 0.071802193
25.068 1881994.936 0.071948642
25.171 1877735.696 0.072095849
25.274 1873494.434 0.072243803
25.377 1869271.279 0.072392491
25.480 1865066.357 0.072541899
25.583 1860879.798 0.072692014
25.686 1856711.729 0.072842823
25.789 1852562.280 0.072994311
25.893 1848431.582 0.073146464
25.996 1844319.764 0.073299268
26.099 1840226.958 0.073452709
26.202 1836153.296 0.073606771
26.305 1832098.909 0.073761440
26.408 1828063.930 0.073916700
26.511 1824048.493 0.074072535
26.613 1820052.731 0.074228930
26.716 1816076.779 0.074385869
26.819 1812120.771 0.074543335
26.922 1808184.842 0.074701312
27.024 1804269.129 0.074859783
27.127 1800373.768 0.075018731
27.229 1796498.894 0.075178138
27.331 1792644.646 0.075337987
27.434 1788811.161 0.075498259
27.536 1784998.576 0.075658938
27.638 1781207.031 0.075820003
27.740 1777436.664 0.075981437
27.841 1773687.614 0.076143221
27.943 1769960.020 0.076305335
28.044 1766254.024 0.076467760
28.146 1762569.764 0.076630475
28.247 1758907.382 0.076793461
28.348 1755267.018 0.076956698
28.449 1751648.815 0.077120165
28.549 1748052.912 0.077283840
28.650 1744479.453 0.077447704
28.750 1740928.580 0.077611733
28.850 1737400.433 0.077775907
28.949 1733895.158 0.077940204
29.049 1730412.895 0.078104601
29.148 1726953.788 0.078269075
29.247 1723517.981 0.078433605
29.346 1720105.616 0.078598166
29.445 1716716.837 0.078762735
29.543 1713351.789 0.078927290
29.641 1710010.613 0.079091805
29.738 1706693.456 0.079256257
29.836 1703400.459 0.079420621
29.933 1700131.768 0.079584873
30.029 1696887.526 0.079748988
30.126 1693667.878 0.079912940
30.222 1690472.967 0.080076704
30.317 1687302.937 0.080240255
30.413 1684157.932 0.080403566
30.507 1681038.097 0.080566611
30.602 1677943.575 0.080729365
30.696 1674874.509 0.080891800
30.790 1671831.043 0.081053889
30.883 1668813.321 0.081215606
30.976 1665821.486 0.081376923
31.068 1662855.680 0.081537813
31.160 1659916.046 0.081698247
31.252 1657002.728 0.081858199
31.343 1654115.866 0.082017640
31.433 1651255.603 0.082176542
31.523 1648422.080 0.082334876
31.613 1645615.440 0.082492614
31.701 1642835.821 0.082649726
31.790 1640083.365 0.082806185
31.878 1637358.212 0.082961961
31.965 1634660.502 0.083117024
32.052 1631990.372 0.083271346
32.138 1629347.962 0.083424896
32.223 1626733.410 0.083577646
32.308 1624146.852 0.083729565
32.393 1621588.427 0.083880624
32.476 1619058.268 0.084030792
32.559 1616556.514 0.084180040
32.642 1614083.297 0.084328338
32.723 1611638.751 0.084475656
32.804 1609223.012 0.084621963
32.885 1606836.209 0.084767228
32.964 1604478.477 0.084911423
33.043 1602149.944 0.085054517
33.121 1599850.742 0.085196478
33.199 1597580.998 0.085337278
33.275 1595340.843 0.085476885
33.351 1593130.402 0.085615270
33.426 1590949.801 0.085752402
33.501 1588799.167 0.085888251
33.574 1586678.623 0.086022788
33.647 1584588.292 0.086155981
33.718 1582528.295 0.086287801
33.789 1580498.755 0.086418218
33.859 1578499.790 0.086547203
33.929 1576531.519 0.086674726
33.997 1574594.059 0.086800757
34.064 1572687.526 0.086925266
34.131 1570812.034 0.087048226
34.196 1568967.698 0.087169607
34.261 1567154.627 0.087289379
34.325 1565372.934 0.087407515
34.388 1563622.728 0.087523986
34.449 1561904.115 0.087638764
34.510 1560217.203 0.087751821
34.570 1558562.095 0.087863130
34.629 1556938.895 0.087972662
34.686 1555347.705 0.088080391
34.743 1553788.624 0.088186291
34.799 1552261.751 0.088290334
34.853 1550767.183 0.088392494
34.907 1549305.014 0.088492746
34.959 1547875.338 0.088591064
35.011 1546478.247 0.088687424
35.061 1545113.829 0.088781800
35.110 1543782.174 0.088874168
35.158 1542483.367 0.088964504
35.205 1541217.493 0.089052784
35.251 1539984.634 0.089138987
35.296 1538784.871 0.089223088
35.339 1537618.283 0.089305066
35.382 1536484.945 0.089384900
35.423 1535384.934 0.089462567
35.463 1534318.321 0.089538048
35.501 1533285.177 0.089611322
35.539 1532285.572 0.089682369
35.575 1531319.571 0.089751171
35.611 1530387.239 0.089817708
35.644 1529488.639 0.089881963
35.677 1528623.831 0.089943919
35.709 1527792.874 0.090003558
35.739 1526995.822 0.090060863
35.768 1526232.731 0.090115820
35.795 1525503.651 0.090168414
35.822 1524808.633 0.090218629
35.847 1524147.722 0.090266451
35.871 1523520.966 0.090311869
35.893 1522928.405 0.090354868
35.915 1522370.081 0.090395438
35.935 1521846.031 0.090433566
35.953 1521356.291 0.090469243
35.971 1520900.896 0.090502457
35.987 1520479.876 0.090533201
36.001 1520093.259 0.090561464
36.015 1519741.074 0.090587241
36.027 1519423.343 0.090610522
36.038 1519140.088 0.090631302
36.047 1518891.329 0.090649574
36.055 1518677.083 0.090665334
36.062 1518497.365 0.090678578
36.067 1518352.187 0.090689301
36.072 1518241.558 0.090697500
36.074 1518165.487 0.090703174
36.076 1518123.978 0.090706320
36.076 1518117.035 0.090706939
36.075 1518144.656 0.090705029
36.072 1518206.841 0.090700591
36.068 1518303.585 0.090693627
36.063 1518434.881 0.090684138
36.057 1518600.719 0.090672128
36.049 1518801.089 0.090657599
36.040 1519035.975 0.090640557
36.029 1519305.361 0.090621005
36.017 1519609.230 0.090598950
36.004 1519947.558 0.090574397
35.989 1520320.323 0.090547354
35.974 1520727.500 0.090517829
35.957 1521169.058 0.090485829
35.938 1521644.969 0.090451364
35.918 1522155.199 0.090414443
35.897 1522699.713 0.090375077
35.875 1523278.473 0.090333277
35.851 1523891.439 0.090289055
35.827 1524538.570 0.090242422
35.800 1525219.820 0.090193393
35.773 1525935.144 0.090141980
35.744 1526684.492 0.090088198
35.714 1527467.813 0.090032062
35.683 1528285.054 0.089973587
35.651 1529136.159 0.089912789
35.617 1530021.071 0.089849686
35.582 1530939.731 0.089784293
35.546 1531892.075 0.089716630
35.509 1532878.040 0.089646714
35.470 1533897.560 0.089574565
35.430 1534950.567 0.089500202
35.389 1536036.990 0.089423645
35.347 1537156.758 0.089344914
35.304 1538309.795 0.089264030
35.259 1539496.026 0.089181016
35.214 1540715.373 0.089095892
35.167 1541967.754 0.089008682
35.119 1543253.090 0.088919408
35.070 1544571.294 0.088828094
35.020 1545922.283 0.088734763
34.969 1547305.967 0.088639439
34.917 1548722.259 0.088542148
34.863 1550171.065 0.088442913
34.809 1551652.295 0.088341761
34.753 1553165.853 0.088238717
34.697 1554711.642 0.088133807
34.639 1556289.565 0.088027058
34.581 1557899.523 0.087918495
34.521 1559541.413 0.087808147
34.460 1561215.134 0.087696040
34.399 1562920.580 0.087582202
34.336 1564657.647 0.087466660
34.273 1566426.226 0.087349444
34.208 1568226.210 0.087230580
34.143 1570057.487 0.087110098
34.076 1571919.946 0.086988027
34.009 1573813.474 0.086864394
33.941 1575737.957 0.086739230
33.872 1577693.279 0.086612564
33.802 1579679.323 0.086484424
33.731 1581695.972 0.086354841
33.660 1583743.105 0.086223845
33.587 1585820.603 0.086091464
33.514 1587928.343 0.085957730
33.440 1590066.202 0.085822671
33.365 1592234.058 0.085686319
33.289 1594431.784 0.085548703
33.212 1596659.255 0.085409853
33.135 1598916.344 0.085269800
33.057 1601202.923 0.085128574
32.978 1603518.863 0.084986205
32.899 1605864.033 0.084842723
32.819 1608238.305 0.084698160
32.738 1610641.545 0.084552544
32.656 1613073.621 0.084405907
32.574 1615534.401 0.084258278
32.491 1618023.750 0.084109688
32.407 1620541.534 0.083960166
32.323 1623087.618 0.083809743
32.238 1625661.865 0.083658449
32.153 1628264.139 0.083506314
32.067 1630894.302 0.083353367
31.980 1633552.217 0.083199638
31.893 1636237.745 0.083045156
31.805 1638950.748 0.082889951
31.717 1641691.085 0.082734053
31.628 1644458.618 0.082577489
31.538 1647253.204 0.082420291
31.448 1650074.705 0.082262485
31.358 1652922.979 0.082104101
31.267 1655797.883 0.081945168
31.176 1658699.277 0.081785713
31.084 1661627.018 0.081625765
30.991 1664580.963 0.081465352
30.899 1667560.970 0.081304502
30.805 1670566.896 0.081143241
30.712 1673598.597 0.080981599
30.618 1676655.930 0.080819600
30.523 1679738.752 0.080657274
30.428 1682846.919 0.080494645
30.333 1685980.287 0.080331741
30.237 1689138.711 0.080168589
30.141 1692322.049 0.080005213
30.045 1695530.156 0.079841640
29.948 1698762.888 0.079677895
29.851 1702020.100 0.079514003
29.754 1705301.649 0.079349990
29.656 1708607.390 0.079185881
29.559 1711937.180 0.079021699
29.460 1715290.874 0.078857469
29.362 1718668.329 0.078693216
29.263 1722069.401 0.078528962
29.164 1725493.945 0.078364731
29.065 1728941.820 0.078200547
28.965 1732412.881 0.078036432
28.865 1735906.985 0.077872409
28.766 1739423.989 0.077708501
28.665 1742963.751 0.077544729
28.565 1746526.127 0.077381116
28.464 1750110.976 0.077217683
28.363 1753718.156 0.077054450
28.263 1757347.525 0.076891441
28.161 1760998.941 0.076728674
28.060 1764672.263 0.076566170
27.959 1768367.351 0.076403950
27.857 1772084.064 0.076242034
27.755 1775822.261 0.076080441
27.653 1779581.804 0.075919191
27.551 1783362.553 0.075758302
27.449 1787164.368 0.075597794
27.347 1790987.111 0.075437685
27.244 1794830.644 0.075277993
27.142 1798694.830 0.075118737
27.039 1802579.530 0.074959934
26.937 1806484.608 0.074801601
26.834 1810409.928 0.074643757
26.731 1814355.353 0.074486417
26.628 1818320.748 0.074329598
26.526 1822305.978 0.074173318
26.423 1826310.909 0.074017592
26.320 1830335.406 0.073862435
26.217 1834379.337 0.073707865
26.113 1838442.568 0.073553895
26.010 1842524.966 0.073400542
25.907 1846626.400 0.073247820
25.804 1850746.739 0.073095744
25.701 1854885.852 0.072944329
25.598 1859043.608 0.072793588
25.495 1863219.878 0.072643536
25.391 1867414.532 0.072494186
25.288 1871627.443 0.072345552
25.185 1875858.483 0.072197647
25.082 1880107.523 0.072050485
24.979 1884374.438 0.071904077
24.876 1888659.101 0.071758437
24.773 1892961.387 0.071613578
24.670 1897281.171 0.071469511
24.567 1901618.329 0.071326248
24.464 1905972.736 0.071183801
24.361 1910344.271 0.071042182
24.259 1914732.810 0.070901402
24.156 1919138.232 0.070761473
24.053 1923560.415 0.070622405
23.951 1927999.240 0.070484209
23.848 1932454.586 0.070346896
23.746 1936926.335 0.070210477
23.643 1941414.367 0.070074961
23.541 1945918.565 0.069940359
23.439 1950438.812 0.069806681
23.337 1954974.990 0.069673936
23.235 1959526.985 0.069542134
23.133 1964094.681 0.069411285
23.031 1968677.963 0.069281398
22.930 1973276.718 0.069152482
22.828 1977890.831 0.069024546
22.727 1982520.192 0.068897599
22.625 1987164.687 0.068771650
22.524 1991824.205 0.068646706
22.423 1996498.636 0.068522778
22.322 2001187.870 0.068399873
22.221 2005891.798 0.068277999
22.120 2010610.311 0.068157164
22.020 2015343.301 0.068037377
21.919 2020090.661 0.067918645
21.819 2024852.284 0.067800976
21.719 2029628.065 0.067684377
21.619 2034417.898 0.067568857
21.519 2039221.679 0.067454422
21.419 2044039.303 0.067341080
21.319 2048870.668 0.067228838
21.220 2053715.671 0.067117703
21.120 2058574.211 0.067007683
21.021 2063446.185 0.066898784
20.922 2068331.493 0.066791013
20.823 2073230.036 0.066684377
20.724 2078141.715 0.066578884
20.626 2083066.429 0.066474538
20.527 2088004.083 0.066371349
20.429 2092954.577 0.066269320
20.331 2097917.817 0.066168461
20.233 2102893.705 0.066068776
20.135 2107882.147 0.065970272
20.038 2112883.047 0.065872957
3262744.124 0.022
3252698.971 0.022
3242654.799 0.022
3232611.655 0.022
3222569.591 0.022
3212528.657 0.023
3202488.903 0.023
3192450.381 0.023
3182413.143 0.023
3172377.240 0.023
3162342.726 0.023
3152309.654 0.023
3142278.078 0.024
3132248.053 0.024
3122219.634 0.024
3112192.875 0.024
3102167.835 0.024
3092144.568 0.024
3082123.134 0.024
3072103.589 0.025
3062085.993 0.025
3052070.404 0.025
3042056.883 0.025
3032045.490 0.025
3022036.286 0.025
3012029.334 0.026
3002024.695 0.026
2992022.433 0.026
2982022.613 0.026
2972025.297 0.026
2962030.553 0.026
2952038.446 0.027
2942049.043 0.027
2932062.412 0.027
2922078.620 0.027
2912097.738 0.027
2902119.834 0.028
2892144.981 0.028
2882173.248 0.028
2872204.710 0.028
2862239.439 0.028
2852277.509 0.029
2842318.995 0.029
2832363.973 0.029
2822412.520 0.029
2812464.714 0.029
2802520.633 0.030
2792580.357 0.030
2782643.967 0.030
2772711.543 0.030
2762783.169 0.030
2752858.928 0.031
2742938.904 0.031
2733023.184 0.031
2723111.854 0.031
2713205.002 0.031
2703302.716 0.032
2693405.087 0.032
2683512.206 0.032
2673624.165 0.032
2663741.058 0.033
2653862.979 0.033
2643990.024 0.033
2634122.291 0.033
2624259.878 0.034
2614402.883 0.034
2604551.410 0.034
2594705.559 0.034
2584865.435 0.035
2575031.142 0.035
2565202.787 0.035
2555380.478 0.035
2545564.324 0.036
2535754.436 0.036
2525950.926 0.036
2516153.908 0.036
2506363.498 0.037
2496579.812 0.037
2486802.969 0.037
2477033.089 0.038
2467270.294 0.038
2457514.707 0.038
2447766.454 0.039
2438025.662 0.039
2428292.459 0.039
2418566.977 0.039
2408849.347 0.040
2399139.704 0.040
2389438.184 0.040
2379744.926 0.041
2370060.069 0.041
2360383.756 0.041
2350716.131 0.042
2341057.341 0.042
2331407.533 0.042
2321766.859 0.043
2312135.471 0.043
2302513.526 0.043
2292901.179 0.044
2283298.590 0.044
2273705.923 0.044
2264123.341 0.045
2254551.012 0.045
2244989.104 0.046
2235437.790 0.046
2225897.245 0.046
2216367.646 0.047
2206849.172 0.047
2197342.007 0.048
2187846.336 0.048
2178362.348 0.048
2168890.233 0.049
2159430.186 0.049
2149982.404 0.050
2140547.088 0.050
2131124.441 0.050
2121714.668 0.051
2112317.981 0.051
2102934.592 0.052
2093564.718 0.052
2084208.578 0.053
2074866.395 0.053
2065538.397 0.054
2056224.815 0.054
2046925.881 0.055
2037641.834 0.055
2028372.916 0.056
2019119.371 0.056
2009881.450 0.057
2000659.406 0.057
1991453.497 0.058
1982263.983 0.058
1973091.132 0.059
1963935.213 0.059
1954796.501 0.060
1945675.274 0.060
1936571.818 0.061
1927486.420 0.061
1918419.372 0.062
1909370.973 0.062
1900341.526 0.063
1891331.338 0.064
1882340.721 0.064
1873369.994 0.065
1864419.480 0.065
1855489.506 0.066
1846580.408 0.067
1837692.523 0.067
1828826.198 0.068
1819981.782 0.069
1811159.633 0.069
1802360.112 0.070
1793583.588 0.070
1784830.435 0.071
1776101.034 0.072
1767395.772 0.073
1758715.043 0.073
1750059.245 0.074
1741428.786 0.075
1732824.079 0.075
1724245.544 0.076
1715693.608 0.077
1707168.705 0.077
1698671.275 0.078
1690201.769 0.079
1681760.640 0.080
1673348.354 0.081
1664965.380 0.081
1656612.197 0.082
1648289.292 0.083
1639997.159 0.084
1631736.301 0.084
1623507.227 0.085
1615310.457 0.086
1607146.519 0.087
1599015.946 0.088
1590919.284 0.089
1582857.086 0.090
1574829.914 0.090
1566838.336 0.091
1558882.934 0.092
1550964.296 0.093
1543083.020 0.094
1535239.712 0.095
1527434.989 0.096
1519669.476 0.097
1511943.810 0.098
1504258.635 0.099
1496614.605 0.100
1489012.385 0.101
1481452.649 0.102
1473936.081 0.103
1466463.376 0.103
1459035.236 0.104
1451652.376 0.106
1444315.520 0.107
1437025.402 0.108
1429782.766 0.109
1422588.367 0.110
1415442.968 0.111
1408347.344 0.112
1401302.280 0.113
1394308.571 0.114
1387367.021 0.115
1380478.445 0.116
1373643.667 0.117
1366863.522 0.118
1360138.853 0.119
1353470.516 0.120
1346859.374 0.121
1340306.298 0.123
1333812.172 0.124
1327377.886 0.125
1321004.342 0.126
1314692.447 0.127
1308443.119 0.128
1302257.285 0.129
1296135.877 0.130
1290079.838 0.132
1284090.117 0.133
1278167.670 0.134
1272313.460 0.135
1266528.457 0.136
1260813.637 0.137
1255169.982 0.138
1249598.477 0.140
1244100.116 0.141
1238675.893 0.142
1233326.809 0.143
1228053.868 0.144
1222858.074 0.145
1217740.438 0.146
1212701.967 0.148
1207743.675 0.149
1202866.571 0.150
1198071.667 0.151
1193359.973 0.152
1188732.497 0.153
1184190.246 0.154
1179734.221 0.155
1175365.421 0.156
1171084.840 0.157
1166893.466 0.158
1162792.281 0.159
1158782.257 0.160
1154864.362 0.161
1151039.551 0.162
1147308.771 0.163
1143672.957 0.164
1140133.031 0.165
1136689.905 0.166
1133344.473 0.167
1130097.618 0.168
1126950.203 0.169
1123903.077 0.169
1120957.070 0.170
1118112.993 0.171
1115371.637 0.172
1112733.772 0.173
1110200.147 0.173
1107771.487 0.174
1105448.493 0.175
1103231.842 0.175
1101122.185 0.176
1099120.148 0.176
1097226.325 0.177
1095441.288 0.178
1093765.575 0.178
1092199.696 0.178
1090744.130 0.179
1089399.326 0.179
1088165.700 0.180
1087043.634 0.180
1086033.480 0.180
1085135.553 0.181
1084350.137 0.181
1083677.479 0.181
1083117.791 0.181
1082671.251 0.181
1082338.001 0.181
1082118.147 0.181
1082011.759 0.182
1082018.871 0.182
1082139.480 0.181
1082373.549 0.181
1082721.002 0.181
1083181.729 0.181
1083755.584 0.181
1084442.384 0.181
1085241.914 0.181
1086153.920 0.180
1087178.117 0.180
1088314.182 0.180
1089561.762 0.179
1090920.469 0.179
1092389.884 0.178
1093969.553 0.178
1095658.995 0.177
1097457.695 0.177
1099365.110 0.176
1101380.667 0.176
1103503.766 0.175
1105733.780 0.175
1108070.053 0.174
1110511.906 0.173
1113058.634 0.172
1115709.509 0.172
1118463.780 0.171
1121320.674 0.170
1124279.398 0.169
1127339.138 0.169
1130499.061 0.168
1133758.318 0.167
1137116.041 0.166
1140571.348 0.165
1144123.340 0.164
1147771.107 0.163
1151513.722 0.162
1155350.251 0.161
1159279.744 0.160
1163301.245 0.159
1167413.787 0.158
1171616.395 0.157
1175908.086 0.156
1180287.871 0.155
1184754.758 0.154
1189307.745 0.153
1193945.831 0.152
1198668.009 0.151
1203473.270 0.150
1208360.605 0.148
1213329.002 0.147
1218377.450 0.146
1223504.937 0.145
1228710.455 0.144
1233992.996 0.143
1239351.552 0.142
1244785.122 0.141
1250292.706 0.139
1255873.308 0.138
1261525.937 0.137
1267249.608 0.136
1273043.339 0.135
1278906.155 0.134
1284837.088 0.133
1290835.174 0.131
1296899.460 0.130
1303028.995 0.129
1309222.840 0.128
1315480.062 0.127
1321799.735 0.126
1328180.944 0.125
1334622.781 0.124
1341124.346 0.122
1347684.750 0.121
1354303.111 0.120
1360978.558 0.119
1367710.229 0.118
1374497.270 0.117
1381338.839 0.116
1388234.103 0.115
1395182.238 0.114
1402182.431 0.113
1409233.879 0.112
1416335.787 0.111
1423487.374 0.109
1430687.864 0.108
1437936.497 0.107
1445232.517 0.106
1452575.183 0.105
1459963.762 0.104
1467397.531 0.103
1474875.777 0.102
1482397.798 0.101
1489962.901 0.100
1497570.403 0.099
1505219.632 0.099
1512909.923 0.098
1520640.625 0.097
1528411.092 0.096
1536220.691 0.095
1544068.798 0.094
1551954.797 0.093
1559878.082 0.092
1567838.057 0.091
1575834.134 0.090
1583865.735 0.089
1591932.291 0.089
1600033.240 0.088
1608168.032 0.087
1616336.123 0.086
1624536.978 0.085
1632770.072 0.084
1641034.887 0.084
1649330.913 0.083
1657657.649 0.082
1666014.601 0.081
1674401.285 0.080
1682817.221 0.080
1691261.942 0.079
1699734.983 0.078
1708235.891 0.077
1716764.217 0.077
1725319.521 0.076
1733901.371 0.075
1742509.340 0.075
1751143.009 0.074
1759801.965 0.073
1768485.803 0.072
1777194.124 0.072
1785926.536 0.071
1794682.651 0.070
1803462.091 0.070
1812264.482 0.069
1821089.455 0.068
1829936.650 0.068
1838805.711 0.067
1847696.288 0.067
1856608.036 0.066
1865540.617 0.065
1874493.698 0.065
1883466.951 0.064
1892460.054 0.064
1901472.690 0.063
1910504.545 0.062
1919555.315 0.062
1928624.696 0.061
1937712.391 0.061
1946818.108 0.060
1955941.559 0.060
1965082.462 0.059
1974240.537 0.059
1983415.510 0.058
1992607.113 0.058
2001815.079 0.057
2011039.147 0.056
2020279.060 0.056
2029534.566 0.056
2038805.415 0.055
2048091.362 0.055
2057392.167 0.054
2066707.592 0.054
2076037.403 0.053
2085381.370 0.053
2094739.267 0.052
2104110.871 0.052
2113495.963 0.051
2122894.326 0.051
2132305.749 0.050
2141730.021 0.050
2151166.936 0.050
2160616.292 0.049
2170077.889 0.049
2179551.530 0.048
2189037.020 0.048
2198534.170 0.048
2208042.791 0.047
2217562.697 0.047
2227093.708 0.046
2236635.642 0.046
2246188.323 0.046
2255751.577 0.045
2265325.232 0.045
2274909.118 0.044
2284503.070 0.044
2294106.923 0.044
2303720.514 0.043
2313343.686 0.043
2322976.279 0.043
2332618.141 0.042
2342269.117 0.042
2351929.058 0.042
2361597.816 0.041
2371275.244 0.041
2380961.199 0.041
2390655.538 0.040
2400358.121 0.040
2410068.811 0.040
2419787.472 0.039
2429513.969 0.039
2439248.170 0.039
2448989.945 0.038
2458739.165 0.038
2468495.704 0.038
2478259.436 0.038
2488030.238 0.037
2497807.989 0.037
2507592.568 0.037
2517383.858 0.036
2527181.741 0.036
2536986.102 0.036
2546796.828 0.036
2556613.806 0.035
2566436.927 0.035
2576266.080 0.035
2586101.158 0.035
2595942.056 0.034
2605788.667 0.034
2615640.889 0.034
2625498.620 0.034
2635361.757 0.033
2645230.203 0.033
2655103.859 0.033
2664982.628 0.033
2674866.413 0.032
2684755.121 0.032
2694648.659 0.032
2704546.933 0.032
2714449.854 0.031
2724357.330 0.031
2734269.274 0.031
2744185.598 0.031
2754106.215 0.031
2764031.040 0.030
2773959.988 0.030
2783892.976 0.030
2793829.921 0.030
2803770.742 0.029
2813715.359 0.029
2823663.693 0.029
2833615.663 0.029
2843571.194 0.029
2853530.208 0.028
2863492.630 0.028
2873458.384 0.028
2883427.397 0.028
2893399.595 0.028
2903374.907 0.028
2913353.260 0.027
2923334.585 0.027
2933318.810 0.027
2943305.868 0.027
2953295.690 0.027
2963288.208 0.026
2973283.356 0.026
2983281.067 0.026
2993281.277 0.026
3003283.920 0.026
3013288.933 0.026
3023296.253 0.025
3033305.818 0.025
3043317.565 0.025
3053331.433 0.025
3063347.362 0.025
3073365.293 0.025
3083385.165 0.024
3093406.921 0.024
3103430.502 0.024
3113455.852 0.024
3123482.912 0.024
3133511.628 0.024
3143541.944 0.024
3153573.805 0.023
3163607.155 0.023
3173641.942 0.023
3183678.113 0.023
3193715.613 0.023
3203754.391 0.023
3213794.396 0.023
3223835.576 0.022
3233877.880 0.022
3243921.258 0.022
3253965.661 0.022
3264011.038 0.022
3274057.342 0.022
3284104.524 0.022
3294152.537 0.021
3304201.332 0.021
3314250.863 0.021
3324301.083 0.021
3334351.947 0.021
3344403.408 0.021
3354455.422 0.021
3364507.944 0.021
3374560.930 0.020
3384614.334 0.020
3394668.115 0.020
3404722.228 0.020
3414776.631 0.020
3424831.282 0.020
3434886.139 0.020
3444941.159 0.020
3454996.302 0.020
3465051.526 0.019
3475106.792 0.019
3485162.059 0.019
3495217.287 0.019
3505272.436 0.019
3515327.468 0.019
3525382.344 0.019
3535437.024 0.019
3545491.472 0.019
3555545.648 0.018
3565599.516 0.018
3575653.038 0.018
3585706.178 0.018
3595758.898 0.018
3605811.162 0.018
3615862.935 0.018
3625914.181 0.018
3635964.863 0.018
3646014.948 0.018
3656064.399 0.017
3666113.183 0.017
3676161.265 0.017
3686208.611 0.017
3696255.186 0.017
3706300.959 0.017
3716345.895 0.017
3726389.961 0.017
3736433.124 0.017
3746475.353 0.017
3756516.614 0.017
3766556.875 0.016
3776596.105 0.016
3786634.273 0.016
3796671.346 0.016
3806707.293 0.016
3816742.085 0.016
3826775.689 0.016
3836808.076 0.016
3846839.215 0.016
3856869.077 0.016
3866897.631 0.016
3876924.847 0.016
3886950.698 0.015
3896975.152 0.015
3906998.182 0.015
3917019.758 0.015
3927039.853 0.015
3937058.436 0.015
3947075.481 0.015
3957090.959 0.015
3967104.843 0.015
3977117.104 0.015
3987127.715 0.015
3997136.650 0.015
4007143.880 0.015
4017149.379 0.014
4027153.120 0.014
4037155.077 0.014
4047155.223 0.014
4057153.532 0.014
4067149.978 0.014
4077144.534 0.014
4087137.175 0.014
4097127.876 0.014
4107116.611 0.014
4117103.355 0.014
4127088.082 0.014
4137070.768 0.014
4147051.387 0.014
4157029.915 0.014
4167006.328 0.013
4176980.601 0.013
4186952.710 0.013
4196922.631 0.013
4206890.339 0.013
4216855.811 0.013
4226819.024 0.013
4236779.953 0.013
4246738.575 0.013
4256694.867 0.013
4266648.806 0.013
4276600.369 0.013
4286549.532 0.013
4296496.273 0.013
4306440.570 0.013
4316382.399 0.013
4326321.739 0.012
4336258.567 0.012
4346192.860 0.012
4356124.598 0.012
4366053.757 0.012
4375980.316 0.012
4385904.254 0.012
4395825.549 0.012
4405744.178 0.012
4415660.122 0.012
4425573.358 0.012
4435483.866 0.012
4445391.624 0.012
4455296.611 0.012
4465198.807 0.012
4475098.190 0.012
4484994.741 0.012
4494888.439 0.012
4504779.263 0.012
4514667.192 0.011
4524552.207 0.011
4534434.288 0.011
4544313.414 0.011
4554189.565 0.011
4564062.722 0.011
4573932.865 0.011
4583799.974 0.011
4593664.030 0.011
4603525.012 0.011
4613382.902 0.011
4623237.681 0.011
4633089.328 0.011
4642937.826 0.011
4652783.154 0.011
4662625.294 0.011
4672464.227 0.011
4682299.935 0.011
4692132.397 0.011
4701961.597 0.011
4711787.515 0.011
4721610.132 0.011
4731429.431 0.010
4741245.393 0.010
4751058.000 0.010
4760867.233 0.010
4770673.074 0.010
4780475.506 0.010
4790274.510 0.010
4800070.069 0.010
4809862.165 0.010
4819650.780 0.010
4829435.896 0.010
4839217.495 0.010
4848995.561 0.010
4858770.076 0.010
4868541.022 0.010
4878308.383 0.010
4888072.139 0.010
4897832.276 0.010
4907588.775 0.010
4917341.620 0.010
4927090.793 0.010
4936836.277 0.010
4946578.056 0.010
4956316.113 0.010
4966050.431 0.010
4975780.993 0.009
4985507.784 0.009
4995230.785 0.009
5004949.981 0.009
5014665.356 0.009
5024376.892 0.009
5034084.574 0.009
5043788.386 0.009
5053488.310 0.009
5063184.331 0.009
5072876.434 0.009
5082564.601 0.009
5092248.817 0.009
5101929.066 0.009
5111605.332 0.009
5121277.600 0.009
5130945.853 0.009
5140610.075 0.009
5150270.252 0.009
5159926.367 0.009
5169578.405 0.009
5179226.351 0.009
5188870.188 0.009
5198509.903 0.009
5208145.478 0.009
5217776.899 0.009
5227404.151 0.009
5237027.218 0.009
5246646.086 0.009
5256260.739 0.008
5265871.162 0.008
5275477.340 0.008
5285079.258 0.008
5294676.901 0.008
5304270.254 0.008
5313859.303 0.008
5323444.033 0.008
5333024.429 0.008
5342600.475 0.008
372558.518 0.806
360364.670 0.826
348170.464 0.846
335975.912 0.865
323781.026 0.883
311585.817 0.901
299390.298 0.918
287194.482 0.933
274998.380 0.947
262802.004 0.959
250605.367 0.969
238408.480 0.978
226211.356 0.985
214014.007 0.991
201816.446 0.994
189618.683 0.997
177420.732 0.999
165222.604 0.999
153024.312 1.000
140825.868 1.000
128627.283 1.000
116428.571 1.000
104229.743 1.000
92030.811 1.000
79831.787 1.000
67632.685 1.000
55433.514 1.000
43234.289 1.000
31035.021 1.000
18835.721 1.000
6636.404 1.000
5562.921 1.000
17762.240 1.000
29961.541 1.000
42160.813 1.000
54360.043 1.000
66559.218 1.000
78758.327 1.000
90957.358 1.000
103156.299 1.000
115355.137 1.000
127553.860 1.000
139752.456 1.000
151950.913 1.000
164149.219 0.999
176347.361 0.999
188545.329 0.997
200743.108 0.995
212940.688 0.991
225138.056 0.986
237335.200 0.979
249532.108 0.970
261728.768 0.960
273925.167 0.948
286121.294 0.934
298317.136 0.919
310512.682 0.903
322707.918 0.885
334902.834 0.867
347097.416 0.848
359291.653 0.828
371485.532 0.808
383679.042 0.788
20.058 2108118.294 0.066077637
20.120 2104924.401 0.066140264
20.182 2101745.435 0.066203183
20.245 2098581.466 0.066266385
20.307 2095432.564 0.066329862
20.368 2092298.800 0.066393607
20.430 2089180.245 0.066457610
20.492 2086076.967 0.066521865
20.553 2082989.039 0.066586362
20.615 2079916.531 0.066651094
20.676 2076859.513 0.066716052
20.737 2073818.057 0.066781228
20.798 2070792.232 0.066846614
20.858 2067782.110 0.066912200
20.919 2064787.762 0.066977980
20.979 2061809.258 0.067043944
21.040 2058846.669 0.067110083
21.100 2055900.067 0.067176390
21.160 2052969.522 0.067242856
21.219 2050055.105 0.067309472
21.279 2047156.887 0.067376229
21.338 2044274.939 0.067443119
21.397 2041409.332 0.067510133
21.456 2038560.138 0.067577263
21.515 2035727.426 0.067644499
21.574 2032911.267 0.067711833
21.632 2030111.734 0.067779255
21.690 2027328.896 0.067846758
21.748 2024562.824 0.067914332
21.806 2021813.589 0.067981968
21.864 2019081.262 0.068049657
21.921 2016365.912 0.068117391
21.978 2013667.612 0.068185159
22.035 2010986.431 0.068252954
22.092 2008322.440 0.068320765
22.148 2005675.709 0.068388584
22.205 2003046.308 0.068456402
22.261 2000434.308 0.068524209
22.316 1997839.778 0.068591996
22.372 1995262.788 0.068659754
22.427 1992703.409 0.068727473
22.482 1990161.709 0.068795145
22.537 1987637.759 0.068862760
22.591 1985131.627 0.068930309
22.646 1982643.383 0.068997782
22.700 1980173.096 0.069065170
22.753 1977720.835 0.069132463
22.807 1975286.669 0.069199652
22.860 1972870.666 0.069266728
22.913 1970472.895 0.069333680
22.965 1968093.423 0.069400501
23.018 1965732.320 0.069467179
23.070 1963389.652 0.069533706
23.121 1961065.487 0.069600072
23.173 1958759.893 0.069666268
23.224 1956472.936 0.069732283
23.275 1954204.684 0.069798109
23.325 1951955.204 0.069863736
23.376 1949724.561 0.069929154
23.425 1947512.821 0.069994353
23.475 1945320.051 0.070059325
23.524 1943146.317 0.070124059
23.573 1940991.683 0.070188546
23.622 1938856.214 0.070252777
23.670 1936739.976 0.070316741
23.718 1934643.032 0.070380430
23.765 1932565.447 0.070443833
23.813 1930507.284 0.070506942
23.859 1928468.607 0.070569746
23.906 1926449.479 0.070632236
23.952 1924449.962 0.070694402
23.998 1922470.120 0.070756236
24.043 1920510.013 0.070817727
24.088 1918569.704 0.070878866
24.133 1916649.254 0.070939644
24.177 1914748.724 0.071000051
24.221 1912868.173 0.071060078
24.265 1911007.663 0.071119716
24.308 1909167.253 0.071178954
24.351 1907347.002 0.071237784
24.393 1905546.969 0.071296197
24.435 1903767.211 0.071354183
24.476 1902007.788 0.071411733
24.518 1900268.756 0.071468838
24.558 1898550.173 0.071525489
24.599 1896852.094 0.071581677
24.639 1895174.576 0.071637392
24.678 1893517.675 0.071692625
24.717 1891881.445 0.071747369
24.756 1890265.941 0.071801613
24.794 1888671.217 0.071855349
24.832 1887097.326 0.071908569
24.869 1885544.321 0.071961263
24.906 1884012.255 0.072013422
24.942 1882501.180 0.072065039
24.978 1881011.146 0.072116104
25.014 1879542.205 0.072166610
25.049 1878094.407 0.072216547
25.083 1876667.801 0.072265908
25.118 1875262.436 0.072314683
25.151 1873878.360 0.072362866
25.184 1872515.623 0.072410447
25.217 1871174.269 0.072457420
25.249 1869854.347 0.072503775
25.281 1868555.902 0.072549504
25.312 1867278.980 0.072594601
25.343 1866023.624 0.072639058
25.374 1864789.880 0.072682866
25.403 1863577.790 0.072726019
25.433 1862387.397 0.072768508
25.462 1861218.744 0.072810327
25.490 1860071.871 0.072851468
25.518 1858946.819 0.072891925
25.545 1857843.628 0.072931689
25.572 1856762.338 0.072970755
25.598 1855702.987 0.073009115
25.624 1854665.612 0.073046763
25.649 1853650.252 0.073083691
25.674 1852656.942 0.073119895
25.698 1851685.718 0.073155366
25.722 1850736.616 0.073190100
25.745 1849809.669 0.073224089
25.768 1848904.910 0.073257328
25.790 1848022.373 0.073289811
25.811 1847162.090 0.073321532
25.832 1846324.091 0.073352485
25.853 1845508.407 0.073382665
25.873 1844715.068 0.073412067
25.892 1843944.103 0.073440685
25.911 1843195.539 0.073468514
25.929 1842469.405 0.073495549
25.947 1841765.725 0.073521786
25.964 1841084.527 0.073547219
25.981 1840425.835 0.073571843
25.997 1839789.673 0.073595656
26.013 1839176.064 0.073618651
26.028 1838585.031 0.073640825
26.042 1838016.595 0.073662175
26.056 1837470.777 0.073682695
26.069 1836947.598 0.073702383
26.082 1836447.076 0.073721234
26.094 1835969.229 0.073739246
26.106 1835514.075 0.073756414
26.117 1835081.630 0.073772737
26.127 1834671.911 0.073788210
26.137 1834284.932 0.073802832
26.147 1833920.707 0.073816599
26.155 1833579.250 0.073829508
26.164 1833260.572 0.073841559
26.171 1832964.685 0.073852747
26.178 1832691.600 0.073863072
26.185 1832441.326 0.073872531
26.190 1832213.873 0.073881123
26.196 1832009.248 0.073888845
26.200 1831827.458 0.073895698
26.205 1831668.510 0.073901678
26.208 1831532.409 0.073906786
26.211 1831419.159 0.073911020
26.214 1831328.765 0.073914380
26.215 1831261.228 0.073916865
26.217 1831216.552 0.073918474
26.217 1831194.736 0.073919207
26.217 1831195.781 0.073919064
26.217 1831219.685 0.073918046
26.216 1831266.449 0.073916151
26.214 1831336.068 0.073913382
26.212 1831428.540 0.073909737
26.209 1831543.860 0.073905218
26.205 1831682.024 0.073899826
26.201 1831843.024 0.073893562
26.197 1832026.855 0.073886426
26.192 1832233.508 0.073878421
26.186 1832462.975 0.073869547
26.180 1832715.247 0.073859806
26.173 1832990.312 0.073849201
26.165 1833288.160 0.073837732
26.157 1833608.779 0.073825403
26.149 1833952.155 0.073812215
26.139 1834318.275 0.073798171
26.130 1834707.125 0.073783274
26.119 1835118.688 0.073767525
26.108 1835552.948 0.073750929
26.097 1836009.889 0.073733487
26.085 1836489.491 0.073715204
26.072 1836991.736 0.073696083
26.059 1837516.605 0.073676127
26.045 1838064.076 0.073655339
26.031 1838634.129 0.073633725
26.016 1839226.741 0.073611286
26.001 1839841.889 0.073588028
25.985 1840479.548 0.073563955
25.968 1841139.696 0.073539071
25.951 1841822.305 0.073513381
25.934 1842527.350 0.073486889
25.916 1843254.803 0.073459601
25.897 1844004.637 0.073431520
25.878 1844776.822 0.073402652
25.858 1845571.330 0.073373002
25.837 1846388.131 0.073342576
25.817 1847227.192 0.073311379
25.795 1848088.482 0.073279417
25.773 1848971.969 0.073246694
25.751 1849877.620 0.073213218
25.728 1850805.399 0.073178994
25.704 1851755.274 0.073144027
25.680 1852727.207 0.073108325
25.656 1853721.162 0.073071894
25.630 1854737.103 0.073034739
25.605 1855774.992 0.072996868
25.579 1856834.790 0.072958287
25.552 1857916.458 0.072919003
25.525 1859019.956 0.072879022
25.497 1860145.244 0.072838352
25.469 1861292.280 0.072797000
25.440 1862461.022 0.072754972
25.411 1863651.429 0.072712277
25.382 1864863.455 0.072668921
25.351 1866097.058 0.072624912
25.321 1867352.193 0.072580257
25.290 1868628.815 0.072534964
25.258 1869926.878 0.072489041
25.226 1871246.334 0.072442496
25.193 1872587.138 0.072395336
25.160 1873949.241 0.072347569
25.127 1875332.595 0.072299204
25.093 1876737.150 0.072250248
25.059 1878162.859 0.072200710
25.024 1879609.669 0.072150598
24.988 1881077.531 0.072099921
24.953 1882566.393 0.072048686
24.916 1884076.203 0.071996903
24.880 1885606.909 0.071944579
24.843 1887158.458 0.071891724
24.805 1888730.797 0.071838345
24.767 1890323.871 0.071784453
24.729 1891937.625 0.071730055
24.690 1893572.006 0.071675160
24.651 1895226.957 0.071619778
24.611 1896902.421 0.071563917
24.571 1898598.344 0.071507586
24.530 1900314.667 0.071450794
24.489 1902051.333 0.071393550
24.448 1903808.284 0.071335864
24.406 1905585.462 0.071277744
24.364 1907382.807 0.071219200
24.322 1909200.261 0.071160241
24.279 1911037.764 0.071100876
24.235 1912895.255 0.071041114
24.192 1914772.674 0.070980965
24.148 1916669.961 0.070920438
24.103 1918587.052 0.070859543
24.058 1920523.888 0.070798288
24.013 1922480.405 0.070736684
23.968 1924456.542 0.070674739
23.922 1926452.234 0.070612463
23.875 1928467.420 0.070549866
23.829 1930502.035 0.070486956
23.782 1932556.016 0.070423744
23.735 1934629.298 0.070360240
23.687 1936721.816 0.070296451
23.639 1938833.507 0.070232389
23.591 1940964.303 0.070168062
23.542 1943114.141 0.070103480
23.493 1945282.954 0.070038653
23.444 1947470.677 0.069973589
23.394 1949677.242 0.069908299
23.344 1951902.583 0.069842793
23.294 1954146.634 0.069777079
23.243 1956409.326 0.069711167
23.192 1958690.594 0.069645066
23.141 1960990.369 0.069578787
23.090 1963308.583 0.069512338
23.038 1965645.168 0.069445730
22.986 1968000.057 0.069378971
22.934 1970373.180 0.069312071
22.881 1972764.469 0.069245039
22.828 1975173.855 0.069177885
22.775 1977601.269 0.069110619
22.722 1980046.642 0.069043249
22.668 1982509.904 0.068975785
22.614 1984990.986 0.068908236
22.560 1987489.819 0.068840612
22.505 1990006.331 0.068772922
22.450 1992540.455 0.068705175
22.395 1995092.118 0.068637380
22.340 1997661.251 0.068569547
22.285 2000247.784 0.068501685
22.229 2002851.647 0.068433803
22.173 2005472.767 0.068365911
22.117 2008111.076 0.068298016
22.061 2010766.503 0.068230129
22.004 2013438.975 0.068162258
21.947 2016128.423 0.068094413
21.890 2018834.776 0.068026603
21.833 2021557.962 0.067958835
21.775 2024297.910 0.067891120
21.718 2027054.550 0.067823467
21.660 2029827.810 0.067755883
21.602 2032617.618 0.067688378
21.543 2035423.904 0.067620961
21.485 2038246.596 0.067553641
21.426 2041085.624 0.067486426
21.367 2043940.914 0.067419324
21.308 2046812.397 0.067352346
21.249 2049700.001 0.067285498
21.190 2052603.654 0.067218790
21.130 2055523.286 0.067152230
21.070 2058458.824 0.067085827
21.010 2061410.198 0.067019590
20.950 2064377.336 0.066953526
20.890 2067360.167 0.066887644
20.830 2070358.620 0.066821952
20.769 2073372.624 0.066756459
20.708 2076402.107 0.066691173
20.648 2079446.998 0.066626102
20.587 2082507.227 0.066561255
20.525 2085582.722 0.066496639
20.464 2088673.413 0.066432263
20.403 2091779.228 0.066368135
20.341 2094900.097 0.066304263
20.279 2098035.950 0.066240654
20.218 2101186.715 0.066177317
20.156 2104352.322 0.066114260
20.094 2107532.700 0.066051491
20.031 2110727.780 0.065989017
