20.027 2110180.063 0.066022362
20.071 2107939.130 0.066066515
20.114 2105719.766 0.066110531
20.156 2103522.041 0.066154400
20.199 2101346.026 0.066198114
20.241 2099191.792 0.066241664
20.282 2097059.409 0.066285040
20.324 2094948.946 0.066328233
20.365 2092860.472 0.066371235
20.405 2090794.057 0.066414036
20.445 2088749.769 0.066456628
20.485 2086727.675 0.066499001
20.525 2084727.842 0.066541148
20.564 2082750.338 0.066583058
20.602 2080795.230 0.066624724
20.641 2078862.581 0.066666137
20.679 2076952.460 0.066707288
20.716 2075064.929 0.066748168
20.753 2073200.053 0.066788770
20.790 2071357.897 0.066829083
20.826 2069538.523 0.066869101
20.862 2067741.994 0.066908814
20.898 2065968.373 0.066948215
20.933 2064217.720 0.066987294
20.968 2062490.096 0.067026044
21.002 2060785.563 0.067064456
21.036 2059104.179 0.067102523
21.069 2057446.004 0.067140236
21.102 2055811.097 0.067177588
21.135 2054199.515 0.067214570
21.167 2052611.315 0.067251175
21.199 2051046.555 0.067287394
21.230 2049505.290 0.067323221
21.261 2047987.575 0.067358647
21.291 2046493.465 0.067393665
21.321 2045023.014 0.067428267
21.351 2043576.275 0.067462447
21.380 2042153.300 0.067496196
21.408 2040754.142 0.067529508
21.436 2039378.852 0.067562375
21.464 2038027.480 0.067594791
21.491 2036700.075 0.067626748
21.518 2035396.686 0.067658239
21.544 2034117.362 0.067689259
21.570 2032862.150 0.067719799
21.595 2031631.096 0.067749854
21.620 2030424.247 0.067779417
21.645 2029241.647 0.067808481
21.668 2028083.341 0.067837040
21.692 2026949.372 0.067865089
21.715 2025839.783 0.067892621
21.737 2024754.615 0.067919629
21.759 2023693.910 0.067946109
21.781 2022657.707 0.067972054
21.802 2021646.047 0.067997460
21.822 2020658.967 0.068022319
21.842 2019696.506 0.068046627
21.861 2018758.700 0.068070378
21.880 2017845.585 0.068093568
21.899 2016957.195 0.068116191
21.917 2016093.566 0.068138243
21.934 2015254.731 0.068159718
21.951 2014440.722 0.068180611
21.967 2013651.570 0.068200919
21.983 2012887.306 0.068220637
21.999 2012147.961 0.068239760
22.014 2011433.562 0.068258285
22.028 2010744.137 0.068276206
22.042 2010079.715 0.068293521
22.055 2009440.319 0.068310226
22.068 2008825.977 0.068326316
22.080 2008236.712 0.068341789
22.092 2007672.547 0.068356640
22.103 2007133.504 0.068370867
22.113 2006619.605 0.068384467
22.124 2006130.871 0.068397436
22.133 2005667.320 0.068409772
22.142 2005228.972 0.068421473
22.151 2004815.843 0.068432534
22.159 2004427.951 0.068442955
22.166 2004065.311 0.068452733
22.173 2003727.937 0.068461865
22.179 2003415.843 0.068470350
22.185 2003129.043 0.068478186
22.190 2002867.547 0.068485371
22.195 2002631.366 0.068491904
22.199 2002420.511 0.068497784
22.203 2002234.989 0.068503008
22.206 2002074.809 0.068507576
22.209 2001939.977 0.068511488
22.211 2001830.500 0.068514742
22.212 2001746.381 0.068517337
22.213 2001687.625 0.068519273
22.214 2001654.235 0.068520551
22.214 2001646.212 0.068521169
22.213 2001663.557 0.068521127
22.212 2001706.270 0.068520426
22.210 2001774.350 0.068519066
22.208 2001867.795 0.068517047
22.205 2001986.601 0.068514370
22.201 2002130.765 0.068511036
22.197 2002300.281 0.068507045
22.193 2002495.144 0.068502398
22.188 2002715.345 0.068497097
22.182 2002960.877 0.068491143
22.176 2003231.732 0.068484537
22.170 2003527.898 0.068477281
22.163 2003849.365 0.068469377
22.155 2004196.121 0.068460826
22.147 2004568.152 0.068451631
22.138 2004965.446 0.068441794
22.129 2005387.986 0.068431316
22.119 2005835.757 0.068420201
22.108 2006308.743 0.068408452
22.097 2006806.924 0.068396070
22.086 2007330.283 0.068383059
22.074 2007878.800 0.068369421
22.062 2008452.453 0.068355161
22.049 2009051.222 0.068340281
22.035 2009675.083 0.068324785
22.021 2010324.014 0.068308676
22.006 2010997.989 0.068291958
21.991 2011696.983 0.068274635
21.976 2012420.970 0.068256711
21.959 2013169.923 0.068238190
21.943 2013943.813 0.068219076
21.926 2014742.611 0.068199373
21.908 2015566.288 0.068179087
21.890 2016414.812 0.068158222
21.871 2017288.152 0.068136782
21.852 2018186.274 0.068114773
21.832 2019109.146 0.068092199
21.812 2020056.733 0.068069066
21.791 2021028.999 0.068045379
21.770 2022025.909 0.068021142
21.748 2023047.425 0.067996363
21.726 2024093.510 0.067971045
21.703 2025164.124 0.067945196
21.680 2026259.229 0.067918821
21.656 2027378.783 0.067891925
21.632 2028522.745 0.067864515
21.607 2029691.074 0.067836597
21.582 2030883.727 0.067808177
21.557 2032100.660 0.067779262
21.531 2033341.828 0.067749857
21.504 2034607.186 0.067719971
21.477 2035896.689 0.067689608
21.449 2037210.289 0.067658777
21.421 2038547.938 0.067627483
21.393 2039909.590 0.067595734
21.364 2041295.194 0.067563538
21.335 2042704.700 0.067530900
21.305 2044138.059 0.067497828
40.105 1418131.759 0.098962662
39.913 1422332.213 0.098585768
39.722 1426556.789 0.098210085
39.531 1430805.269 0.097835655
39.340 1435077.437 0.097462519
39.150 1439373.077 0.097090716
38.961 1443691.975 0.096720286
38.771 1448033.919 0.096351266
38.583 1452398.697 0.095983692
38.395 1456786.099 0.095617600
38.207 1461195.917 0.095253022
38.020 1465627.944 0.094889993
37.834 1470081.974 0.094528544
37.648 1474557.804 0.094168707
37.462 1479055.230 0.093810510
37.277 1483574.051 0.093453982
37.093 1488114.069 0.093099153
36.909 1492675.083 0.092746048
36.726 1497256.899 0.092394693
36.543 1501859.320 0.092045113
36.361 1506482.152 0.091697332
36.180 1511125.204 0.091351373
35.999 1515788.285 0.091007259
35.819 1520471.206 0.090665011
35.639 1525173.778 0.090324649
35.460 1529895.816 0.089986192
35.282 1534637.135 0.089649660
35.104 1539397.552 0.089315071
34.927 1544176.884 0.088982442
34.750 1548974.952 0.088651788
34.574 1553791.578 0.088323127
34.399 1558626.583 0.087996472
34.224 1563479.792 0.087671839
34.050 1568351.032 0.087349240
33.877 1573240.129 0.087028689
33.704 1578146.912 0.086710197
33.532 1583071.212 0.086393777
33.361 1588012.860 0.086079438
33.190 1592971.690 0.085767192
33.020 1597947.535 0.085457048
32.850 1602940.234 0.085149015
32.681 1607949.622 0.084843102
32.513 1612975.540 0.084539316
32.346 1618017.828 0.084237666
32.179 1623076.328 0.083938157
32.012 1628150.883 0.083640796
31.847 1633241.338 0.083345590
31.682 1638347.540 0.083052544
31.517 1643469.337 0.082761662
31.354 1648606.577 0.082472949
31.191 1653759.111 0.082186409
31.028 1658926.792 0.081902046
30.867 1664109.471 0.081619863
30.706 1669307.005 0.081339862
30.545 1674519.249 0.081062047
30.385 1679746.061 0.080786420
30.226 1684987.300 0.080512981
30.068 1690242.825 0.080241733
29.910 1695512.498 0.079972676
29.753 1700796.183 0.079705811
29.596 1706093.743 0.079441138
29.440 1711405.043 0.079178658
29.285 1716729.950 0.078918371
29.130 1722068.334 0.078660275
28.976 1727420.061 0.078404370
28.823 1732785.005 0.078150656
28.670 1738163.035 0.077899130
28.518 1743554.026 0.077649792
28.366 1748957.851 0.077402639
28.216 1754374.386 0.077157670
28.065 1759803.509 0.076914883
27.916 1765245.096 0.076674274
27.767 1770699.028 0.076435843
27.618 1776165.184 0.076199585
27.471 1781643.447 0.075965499
27.323 1787133.698 0.075733580
27.177 1792635.823 0.075503827
27.031 1798149.705 0.075276235
26.886 1803675.232 0.075050801
26.741 1809212.290 0.074827522
26.597 1814760.768 0.074606393
26.453 1820320.555 0.074387412
26.310 1825891.543 0.074170573
26.168 1831473.623 0.073955873
26.026 1837066.688 0.073743309
25.885 1842670.631 0.073532875
25.744 1848285.348 0.073324567
25.604 1853910.735 0.073118381
25.465 1859546.689 0.072914313
25.326 1865193.108 0.072712358
25.188 1870849.891 0.072512512
25.050 1876516.939 0.072314770
24.913 1882194.152 0.072119127
24.776 1887881.432 0.071925579
24.640 1893578.683 0.071734121
24.505 1899285.809 0.071544749
24.370 1905002.715 0.071357458
24.236 1910729.307 0.071172242
24.102 1916465.491 0.070989099
23.969 1922211.176 0.070808021
23.836 1927966.271 0.070629006
23.704 1933730.686 0.070452048
23.572 1939504.330 0.070277143
23.441 1945287.116 0.070104286
23.311 1951078.955 0.069933473
23.181 1956879.763 0.069764698
23.051 1962689.451 0.069597957
22.922 1968507.936 0.069433246
22.794 1974335.134 0.069270561
22.666 1980170.961 0.069109896
22.539 1986015.335 0.068951248
22.412 1991868.173 0.068794613
22.285 1997729.397 0.068639985
22.159 2003598.925 0.068487361
22.034 2009476.678 0.068336738
21.909 2015362.579 0.068188109
21.785 2021256.548 0.068041473
21.661 2027158.511 0.067896825
21.538 2033068.390 0.067754161
21.415 2038986.111 0.067613477
21.293 2044911.598 0.067474770
21.171 2050844.778 0.067338037
21.049 2056785.579 0.067203274
20.928 2062733.927 0.067070478
20.808 2068689.752 0.066939645
20.688 2074652.982 0.066810773
20.568 2080623.547 0.066683859
20.449 2086601.377 0.066558899
20.331 2092586.405 0.066435892
20.213 2098578.561 0.066314834
20.095 2104577.779 0.066195723
