20.027 2110180.063 0.066022362
20.071 2107939.130 0.066066515
20.114 2105719.766 0.066110531
20.156 2103522.041 0.066154400
20.199 2101346.026 0.066198114
20.241 2099191.792 0.066241664
20.282 2097059.409 0.066285040
20.324 2094948.946 0.066328233
20.365 2092860.472 0.066371235
20.405 2090794.057 0.066414036
20.445 2088749.769 0.066456628
20.485 2086727.675 0.066499001
20.525 2084727.842 0.066541148
20.564 2082750.338 0.066583058
20.602 2080795.230 0.066624724
20.641 2078862.581 0.066666137
20.679 2076952.460 0.066707288
20.716 2075064.929 0.066748168
20.753 2073200.053 0.066788770
20.790 2071357.897 0.066829083
20.826 2069538.523 0.066869101
20.862 2067741.994 0.066908814
20.898 2065968.373 0.066948215
20.933 2064217.720 0.066987294
20.968 2062490.096 0.067026044
21.002 2060785.563 0.067064456
21.036 2059104.179 0.067102523
21.069 2057446.004 0.067140236
21.102 2055811.097 0.067177588
21.135 2054199.515 0.067214570
21.167 2052611.315 0.067251175
21.199 2051046.555 0.067287394
21.230 2049505.290 0.067323221
21.261 2047987.575 0.067358647
21.291 2046493.465 0.067393665
21.321 2045023.014 0.067428267
21.351 2043576.275 0.067462447
21.380 2042153.300 0.067496196
21.408 2040754.142 0.067529508
21.436 2039378.852 0.067562375
21.464 2038027.480 0.067594791
21.491 2036700.075 0.067626748
21.518 2035396.686 0.067658239
21.544 2034117.362 0.067689259
21.570 2032862.150 0.067719799
21.595 2031631.096 0.067749854
21.620 2030424.247 0.067779417
21.645 2029241.647 0.067808481
21.668 2028083.341 0.067837040
21.692 2026949.372 0.067865089
21.715 2025839.783 0.067892621
21.737 2024754.615 0.067919629
21.759 2023693.910 0.067946109
21.781 2022657.707 0.067972054
21.802 2021646.047 0.067997460
21.822 2020658.967 0.068022319
21.842 2019696.506 0.068046627
21.861 2018758.700 0.068070378
21.880 2017845.585 0.068093568
21.899 2016957.195 0.068116191
21.917 2016093.566 0.068138243
21.934 2015254.731 0.068159718
21.951 2014440.722 0.068180611
21.967 2013651.570 0.068200919
21.983 2012887.306 0.068220637
21.999 2012147.961 0.068239760
22.014 2011433.562 0.068258285
22.028 2010744.137 0.068276206
22.042 2010079.715 0.068293521
22.055 2009440.319 0.068310226
22.068 2008825.977 0.068326316
22.080 2008236.712 0.068341789
22.092 2007672.547 0.068356640
22.103 2007133.504 0.068370867
22.113 2006619.605 0.068384467
22.124 2006130.871 0.068397436
22.133 2005667.320 0.068409772
22.142 2005228.972 0.068421473
22.151 2004815.843 0.068432534
22.159 2004427.951 0.068442955
22.166 2004065.311 0.068452733
22.173 2003727.937 0.068461865
22.179 2003415.843 0.068470350
22.185 2003129.043 0.068478186
22.190 2002867.547 0.068485371
22.195 2002631.366 0.068491904
22.199 2002420.511 0.068497784
22.203 2002234.989 0.068503008
22.206 2002074.809 0.068507576
22.209 2001939.977 0.068511488
22.211 2001830.500 0.068514742
22.212 2001746.381 0.068517337
22.213 2001687.625 0.068519273
22.214 2001654.235 0.068520551
22.214 2001646.212 0.068521169
22.213 2001663.557 0.068521127
22.212 2001706.270 0.068520426
22.210 2001774.350 0.068519066
22.208 2001867.795 0.068517047
22.205 2001986.601 0.068514370
22.201 2002130.765 0.068511036
22.197 2002300.281 0.068507045
22.193 2002495.144 0.068502398
22.188 2002715.345 0.068497097
22.182 2002960.877 0.068491143
22.176 2003231.732 0.068484537
22.170 2003527.898 0.068477281
22.163 2003849.365 0.068469377
22.155 2004196.121 0.068460826
22.147 2004568.152 0.068451631
22.138 2004965.446 0.068441794
22.129 2005387.986 0.068431316
22.119 2005835.757 0.068420201
22.108 2006308.743 0.068408452
22.097 2006806.924 0.068396070
22.086 2007330.283 0.068383059
22.074 2007878.800 0.068369421
22.062 2008452.453 0.068355161
22.049 2009051.222 0.068340281
22.035 2009675.083 0.068324785
22.021 2010324.014 0.068308676
22.006 2010997.989 0.068291958
21.991 2011696.983 0.068274635
21.976 2012420.970 0.068256711
21.959 2013169.923 0.068238190
21.943 2013943.813 0.068219076
21.926 2014742.611 0.068199373
21.908 2015566.288 0.068179087
21.890 2016414.812 0.068158222
21.871 2017288.152 0.068136782
21.852 2018186.274 0.068114773
21.832 2019109.146 0.068092199
21.812 2020056.733 0.068069066
21.791 2021028.999 0.068045379
21.770 2022025.909 0.068021142
21.748 2023047.425 0.067996363
21.726 2024093.510 0.067971045
21.703 2025164.124 0.067945196
21.680 2026259.229 0.067918821
21.656 2027378.783 0.067891925
21.632 2028522.745 0.067864515
21.607 2029691.074 0.067836597
21.582 2030883.727 0.067808177
21.557 2032100.660 0.067779262
21.531 2033341.828 0.067749857
21.504 2034607.186 0.067719971
21.477 2035896.689 0.067689608
21.449 2037210.289 0.067658777
21.421 2038547.938 0.067627483
21.393 2039909.590 0.067595734
21.364 2041295.194 0.067563538
21.335 2042704.700 0.067530900
21.305 2044138.059 0.067497828
21.275 2045595.219 0.067464330
21.244 2047076.127 0.067430412
21.213 2048580.732 0.067396083
21.181 2050108.980 0.067361350
21.149 2051660.817 0.067326220
21.117 2053236.188 0.067290702
21.084 2054835.038 0.067254802
21.051 2056457.310 0.067218530
21.017 2058102.949 0.067181892
20.983 2059771.896 0.067144897
20.948 2061464.094 0.067107553
20.913 2063179.484 0.067069868
20.878 2064918.006 0.067031849
20.842 2066679.602 0.066993507
20.806 2068464.211 0.066954848
20.769 2070271.771 0.066915881
20.732 2072102.220 0.066876615
20.694 2073955.498 0.066837058
20.656 2075831.541 0.066797218
20.618 2077730.285 0.066757104
20.580 2079651.668 0.066716726
20.541 2081595.624 0.066676090
20.501 2083562.089 0.066635208
20.461 2085550.997 0.066594086
20.421 2087562.283 0.066552734
20.381 2089595.880 0.066511160
20.340 2091651.721 0.066469375
20.299 2093729.739 0.066427386
20.257 2095829.866 0.066385202
20.215 2097952.034 0.066342833
20.173 2100096.174 0.066300288
20.130 2102262.218 0.066257576
20.087 2104450.094 0.066214705
20.044 2106659.734 0.066171686
74.410 1026714.904 0.155671500
74.832 1024931.051 0.156072058
75.255 1023195.553 0.156463535
75.680 1021508.659 0.156845737
76.105 1019870.612 0.157218475
76.532 1018281.649 0.157581560
76.960 1016742.003 0.157934809
77.389 1015251.899 0.158278041
77.819 1013811.558 0.158611078
78.249 1012421.194 0.158933748
78.681 1011081.014 0.159245881
79.113 1009791.220 0.159547313
79.546 1008552.007 0.159837883
79.979 1007363.562 0.160117436
80.413 1006226.068 0.160385822
80.847 1005139.697 0.160642895
81.282 1004104.618 0.160888514
81.717 1003120.991 0.161122546
82.151 1002188.967 0.161344860
82.585 1001308.693 0.161555335
83.019 1000480.306 0.161753852
83.452 999703.935 0.161940302
83.884 998979.703 0.162114578
84.315 998307.725 0.162276583
84.743 997688.106 0.162426225
85.169 997120.945 0.162563419
85.591 996606.333 0.162688087
86.007 996144.350 0.162800158
86.417 995735.072 0.162899567
86.816 995378.563 0.162986258
87.200 995074.880 0.163060180
87.562 994824.073 0.163121291
87.891 994626.182 0.163169556
88.168 994481.238 0.163204947
88.366 994389.265 0.163227444
88.455 994350.278 0.163237032
88.416 994364.283 0.163233708
88.258 994431.278 0.163217473
88.008 994551.251 0.163188336
87.698 994724.184 0.163146314
87.347 994950.050 0.163091432
86.970 995228.811 0.163023722
86.577 995560.422 0.162943222
86.171 995944.832 0.162849978
85.757 996381.978 0.162744046
85.337 996871.790 0.162625484
84.913 997414.191 0.162494362
84.485 998009.094 0.162350754
84.055 998656.404 0.162194742
83.624 999356.019 0.162026415
83.191 1000107.828 0.161845867
82.757 1000911.714 0.161653200
82.323 1001767.549 0.161448523
81.889 1002675.200 0.161231949
81.454 1003634.525 0.161003599
81.019 1004645.376 0.160763599
80.585 1005707.595 0.160512082
80.151 1006821.018 0.160249184
79.717 1007985.476 0.159975050
79.284 1009200.790 0.159689826
78.851 1010466.775 0.159393666
78.420 1011783.240 0.159086728
77.989 1013149.986 0.158769175
77.558 1014566.808 0.158441174
77.129 1016033.496 0.158102896
76.701 1017549.833 0.157754516
76.273 1019115.594 0.157396213
75.847 1020730.551 0.157028170
75.422 1022394.469 0.156650573
74.998 1024107.108 0.156263612
74.575 1025868.221 0.155867477
74.154 1027677.557 0.155462364
73.733 1029534.861 0.155048470
73.314 1031439.870 0.154625995
72.897 1033392.320 0.154195140
72.481 1035391.938 0.153756110
72.066 1037438.451 0.153309108
71.653 1039531.580 0.152854342
71.241 1041671.040 0.152392019
70.831 1043856.545 0.151922348
70.422 1046087.803 0.151445540
70.015 1048364.520 0.150961804
69.609 1050686.398 0.150471351
69.205 1053053.136 0.149974392
68.803 1055464.429 0.149471138
68.403 1057919.970 0.148961800
68.004 1060419.448 0.148446589
67.606 1062962.552 0.147925715
67.211 1065548.965 0.147399387
66.817 1068178.371 0.146867815
66.425 1070850.449 0.146331206
66.035 1073564.878 0.145789767
65.647 1076321.335 0.145243703
65.260 1079119.494 0.144693219
64.876 1081959.030 0.144138516
64.493 1084839.613 0.143579797
64.112 1087760.914 0.143017260
63.733 1090722.604 0.142451102
63.355 1093724.350 0.141881518
62.980 1096765.820 0.141308703
62.607 1099846.682 0.140732846
62.235 1102966.602 0.140154136
61.865 1106125.246 0.139572760
61.498 1109322.279 0.138988901
61.132 1112557.368 0.138402740
60.768 1115830.177 0.137814456
60.406 1119140.371 0.137224225
60.047 1122487.618 0.136632220
59.689 1125871.581 0.136038611
59.333 1129291.929 0.135443565
58.979 1132748.326 0.134847247
58.627 1136240.440 0.134249819
58.277 1139767.939 0.133651438
57.928 1143330.492 0.133052261
57.582 1146927.768 0.132452439
57.238 1150559.437 0.131852123
56.896 1154225.171 0.131251457
56.556 1157924.641 0.130650586
56.218 1161657.522 0.130049649
55.881 1165423.488 0.129448783
55.547 1169222.216 0.128848122
55.215 1173053.382 0.128247796
54.885 1176916.667 0.127647932
54.556 1180811.749 0.127048654
54.230 1184738.312 0.126450085
53.905 1188696.038 0.125852341
53.583 1192684.614 0.125255537
53.262 1196703.727 0.124659785
52.944 1200753.064 0.124065195
52.627 1204832.317 0.123471870
52.312 1208941.179 0.122879915
52.000 1213079.345 0.122289428
51.689 1217246.509 0.121700506
51.380 1221442.372 0.121113244
51.073 1225666.634 0.120527730
50.768 1229918.997 0.119944055
50.464 1234199.167 0.119362302
50.163 1238506.849 0.118782554
49.864 1242841.754 0.118204890
49.566 1247203.593 0.117629387
49.270 1251592.078 0.117056119
48.976 1256006.927 0.116485158
48.684 1260447.856 0.115916572
48.394 1264914.587 0.115350428
48.106 1269406.842 0.114786790
47.819 1273924.345 0.114225718
47.535 1278466.825 0.113667272
47.252 1283034.011 0.113111507
46.971 1287625.634 0.112558479
46.691 1292241.430 0.112008240
46.414 1296881.135 0.111460837
46.138 1301544.488 0.110916320
45.864 1306231.231 0.110374733
45.592 1310941.107 0.109836120
45.321 1315673.863 0.109300522
45.052 1320429.248 0.108767977
44.785 1325207.012 0.108238523
44.520 1330006.910 0.107712195
44.256 1334828.696 0.107189027
43.994 1339672.130 0.106669049
43.734 1344536.971 0.106152293
43.475 1349422.984 0.105638784
43.218 1354329.933 0.105128551
42.962 1359257.586 0.104621618
42.709 1364205.713 0.104118008
42.457 1369174.087 0.103617741
42.206 1374162.482 0.103120839
41.957 1379170.677 0.102627320
41.710 1384198.450 0.102137200
41.464 1389245.582 0.101650496
41.220 1394311.859 0.101167221
40.977 1399397.067 0.100687390
40.736 1404500.994 0.100211013
40.496 1409623.431 0.099738101
40.258 1414764.172 0.099268664
40.021 1419923.011 0.098802709
39.786 1425099.748 0.098340244
39.553 1430294.181 0.097881275
39.320 1435506.112 0.097425806
39.090 1440735.347 0.096973841
38.861 1445981.690 0.096525384
38.633 1451244.952 0.096080436
38.406 1456524.943 0.095638998
38.181 1461821.474 0.095201071
37.958 1467134.363 0.094766654
37.736 1472463.424 0.094335746
37.515 1477808.478 0.093908344
37.296 1483169.346 0.093484444
37.077 1488545.851 0.093064045
36.861 1493937.817 0.092647140
36.645 1499345.073 0.092233725
36.431 1504767.446 0.091823794
36.219 1510204.770 0.091417341
36.007 1515656.875 0.091014358
35.797 1521123.598 0.090614839
35.589 1526604.775 0.090218775
35.381 1532100.245 0.089826157
35.175 1537609.848 0.089436977
34.970 1543133.428 0.089051224
34.766 1548670.827 0.088668889
34.564 1554221.893 0.088289962
34.362 1559786.474 0.087914431
34.162 1565364.418 0.087542285
33.963 1570955.578 0.087173513
33.766 1576559.806 0.086808102
33.569 1582176.957 0.086446041
33.374 1587806.888 0.086087316
33.180 1593449.457 0.085731915
32.987 1599104.525 0.085379825
32.795 1604771.952 0.085031032
32.604 1610451.602 0.084685522
32.415 1616143.339 0.084343282
32.226 1621847.030 0.084004297
32.039 1627562.543 0.083668553
31.853 1633289.748 0.083336036
31.668 1639028.515 0.083006731
31.484 1644778.717 0.082680623
31.301 1650540.228 0.082357697
31.119 1656312.924 0.082037938
30.938 1662096.681 0.081721330
30.758 1667891.378 0.081407859
30.579 1673696.895 0.081097510
30.401 1679513.113 0.080790265
30.225 1685339.916 0.080486111
30.049 1691177.186 0.080185031
29.874 1697024.810 0.079887009
29.700 1702882.674 0.079592031
29.528 1708750.667 0.079300079
29.356 1714628.677 0.079011139
29.185 1720516.596 0.078725195
29.015 1726414.316 0.078442230
28.846 1732321.729 0.078162229
28.678 1738238.731 0.077885177
28.511 1744165.218 0.077611057
28.345 1750101.085 0.077339854
28.180 1756046.233 0.077071552
28.016 1762000.559 0.076806135
27.852 1767963.965 0.076543589
27.690 1773936.352 0.076283896
27.528 1779917.623 0.076027043
27.368 1785907.683 0.075773012
27.208 1791906.436 0.075521791
27.049 1797913.789 0.075273361
26.891 1803929.649 0.075027710
26.733 1809953.924 0.074784821
26.577 1815986.524 0.074544680
26.421 1822027.361 0.074307272
26.267 1828076.344 0.074072582
26.113 1834133.387 0.073840596
25.960 1840198.403 0.073611298
25.807 1846271.308 0.073384675
25.656 1852352.016 0.073160712
25.505 1858440.445 0.072939395
25.355 1864536.511 0.072720711
25.206 1870640.134 0.072504645
25.057 1876751.233 0.072291183
24.910 1882869.728 0.072080312
24.763 1888995.540 0.071872019
24.617 1895128.592 0.071666289
24.472 1901268.807 0.071463112
24.327 1907416.108 0.071262472
24.183 1913570.421 0.071064357
24.040 1919731.671 0.070868756
23.897 1925899.785 0.070675654
23.756 1932074.690 0.070485041
23.615 1938256.314 0.070296903
23.474 1944444.586 0.070111230
23.335 1950639.437 0.069928008
23.196 1956840.796 0.069747228
23.058 1963048.595 0.069568876
22.920 1969262.766 0.069392942
22.783 1975483.242 0.069219416
22.647 1981709.958 0.069048286
22.512 1987942.846 0.068879541
22.377 1994181.842 0.068713171
22.242 2000426.883 0.068549167
22.109 2006677.905 0.068387517
21.976 2012934.844 0.068228213
21.844 2019197.639 0.068071244
21.712 2025466.230 0.067916601
21.581 2031740.554 0.067764275
21.450 2038020.552 0.067614257
21.321 2044306.165 0.067466538
21.191 2050597.334 0.067321110
21.063 2056894.000 0.067177964
20.935 2063196.108 0.067037092
20.807 2069503.599 0.066898487
20.681 2075816.419 0.066762141
20.554 2082134.510 0.066628046
20.429 2088457.818 0.066496195
20.304 2094786.290 0.066366581
20.179 2101119.871 0.066239197
20.055 2107458.508 0.066114038
