20.027 2115258.045 0.065772510
20.125 2110247.718 0.065869757
20.222 2105249.840 0.065968193
20.320 2100264.507 0.066067811
20.418 2095291.812 0.066168605
20.516 2090331.852 0.066270568
20.615 2085384.723 0.066373693
20.713 2080450.523 0.066477975
20.812 2075529.348 0.066583406
20.911 2070621.298 0.066689980
21.010 2065726.471 0.066797691
21.109 2060844.967 0.066906530
21.208 2055976.886 0.067016493
21.308 2051122.329 0.067127571
21.407 2046281.398 0.067239757
21.507 2041454.195 0.067353045
21.607 2036640.823 0.067467428
21.707 2031841.386 0.067582897
21.807 2027055.988 0.067699446
21.907 2022284.734 0.067817067
22.007 2017527.729 0.067935753
22.108 2012785.081 0.068055496
22.209 2008056.895 0.068176288
22.309 2003343.280 0.068298122
22.410 1998644.344 0.068420988
22.511 1993960.196 0.068544880
22.613 1989290.945 0.068669789
22.714 1984636.702 0.068795706
22.815 1979997.578 0.068922623
22.917 1975373.685 0.069050532
23.018 1970765.134 0.069179423
23.120 1966172.039 0.069309287
23.222 1961594.514 0.069440116
23.324 1957032.672 0.069571900
23.426 1952486.629 0.069704631
23.528 1947956.501 0.069838297
23.630 1943442.403 0.069972890
23.732 1938944.453 0.070108400
23.835 1934462.768 0.070244817
23.937 1929997.467 0.070382130
24.040 1925548.668 0.070520329
24.142 1921116.492 0.070659404
24.245 1916701.057 0.070799344
24.348 1912302.486 0.070940137
24.450 1907920.899 0.071081773
24.553 1903556.418 0.071224241
24.656 1899209.168 0.071367529
24.759 1894879.270 0.071511625
24.862 1890566.849 0.071656517
24.965 1886272.029 0.071802193
25.068 1881994.936 0.071948642
25.171 1877735.696 0.072095849
25.274 1873494.434 0.072243803
25.377 1869271.279 0.072392491
25.480 1865066.357 0.072541899
25.583 1860879.798 0.072692014
25.686 1856711.729 0.072842823
25.789 1852562.280 0.072994311
25.893 1848431.582 0.073146464
25.996 1844319.764 0.073299268
26.099 1840226.958 0.073452709
26.202 1836153.296 0.073606771
26.305 1832098.909 0.073761440
26.408 1828063.930 0.073916700
26.511 1824048.493 0.074072535
26.613 1820052.731 0.074228930
26.716 1816076.779 0.074385869
26.819 1812120.771 0.074543335
26.922 1808184.842 0.074701312
27.024 1804269.129 0.074859783
27.127 1800373.768 0.075018731
27.229 1796498.894 0.075178138
27.331 1792644.646 0.075337987
27.434 1788811.161 0.075498259
27.536 1784998.576 0.075658938
27.638 1781207.031 0.075820003
27.740 1777436.664 0.075981437
27.841 1773687.614 0.076143221
27.943 1769960.020 0.076305335
28.044 1766254.024 0.076467760
28.146 1762569.764 0.076630475
28.247 1758907.382 0.076793461
28.348 1755267.018 0.076956698
28.449 1751648.815 0.077120165
28.549 1748052.912 0.077283840
28.650 1744479.453 0.077447704
28.750 1740928.580 0.077611733
28.850 1737400.433 0.077775907
28.949 1733895.158 0.077940204
29.049 1730412.895 0.078104601
29.148 1726953.788 0.078269075
29.247 1723517.981 0.078433605
29.346 1720105.616 0.078598166
29.445 1716716.837 0.078762735
29.543 1713351.789 0.078927290
29.641 1710010.613 0.079091805
29.738 1706693.456 0.079256257
29.836 1703400.459 0.079420621
29.933 1700131.768 0.079584873
30.029 1696887.526 0.079748988
30.126 1693667.878 0.079912940
30.222 1690472.967 0.080076704
30.317 1687302.937 0.080240255
30.413 1684157.932 0.080403566
30.507 1681038.097 0.080566611
30.602 1677943.575 0.080729365
30.696 1674874.509 0.080891800
30.790 1671831.043 0.081053889
30.883 1668813.321 0.081215606
30.976 1665821.486 0.081376923
31.068 1662855.680 0.081537813
31.160 1659916.046 0.081698247
31.252 1657002.728 0.081858199
31.343 1654115.866 0.082017640
31.433 1651255.603 0.082176542
31.523 1648422.080 0.082334876
31.613 1645615.440 0.082492614
31.701 1642835.821 0.082649726
31.790 1640083.365 0.082806185
31.878 1637358.212 0.082961961
31.965 1634660.502 0.083117024
32.052 1631990.372 0.083271346
32.138 1629347.962 0.083424896
32.223 1626733.410 0.083577646
32.308 1624146.852 0.083729565
32.393 1621588.427 0.083880624
32.476 1619058.268 0.084030792
32.559 1616556.514 0.084180040
32.642 1614083.297 0.084328338
32.723 1611638.751 0.084475656
32.804 1609223.012 0.084621963
32.885 1606836.209 0.084767228
32.964 1604478.477 0.084911423
33.043 1602149.944 0.085054517
33.121 1599850.742 0.085196478
33.199 1597580.998 0.085337278
33.275 1595340.843 0.085476885
33.351 1593130.402 0.085615270
33.426 1590949.801 0.085752402
33.501 1588799.167 0.085888251
33.574 1586678.623 0.086022788
33.647 1584588.292 0.086155981
33.718 1582528.295 0.086287801
33.789 1580498.755 0.086418218
33.859 1578499.790 0.086547203
33.929 1576531.519 0.086674726
33.997 1574594.059 0.086800757
34.064 1572687.526 0.086925266
34.131 1570812.034 0.087048226
34.196 1568967.698 0.087169607
34.261 1567154.627 0.087289379
34.325 1565372.934 0.087407515
34.388 1563622.728 0.087523986
34.449 1561904.115 0.087638764
34.510 1560217.203 0.087751821
34.570 1558562.095 0.087863130
34.629 1556938.895 0.087972662
34.686 1555347.705 0.088080391
34.743 1553788.624 0.088186291
34.799 1552261.751 0.088290334
34.853 1550767.183 0.088392494
34.907 1549305.014 0.088492746
34.959 1547875.338 0.088591064
35.011 1546478.247 0.088687424
35.061 1545113.829 0.088781800
35.110 1543782.174 0.088874168
35.158 1542483.367 0.088964504
35.205 1541217.493 0.089052784
35.251 1539984.634 0.089138987
35.296 1538784.871 0.089223088
35.339 1537618.283 0.089305066
35.382 1536484.945 0.089384900
35.423 1535384.934 0.089462567
35.463 1534318.321 0.089538048
35.501 1533285.177 0.089611322
35.539 1532285.572 0.089682369
35.575 1531319.571 0.089751171
35.611 1530387.239 0.089817708
35.644 1529488.639 0.089881963
35.677 1528623.831 0.089943919
35.709 1527792.874 0.090003558
35.739 1526995.822 0.090060863
35.768 1526232.731 0.090115820
35.795 1525503.651 0.090168414
35.822 1524808.633 0.090218629
35.847 1524147.722 0.090266451
35.871 1523520.966 0.090311869
35.893 1522928.405 0.090354868
35.915 1522370.081 0.090395438
35.935 1521846.031 0.090433566
35.953 1521356.291 0.090469243
35.971 1520900.896 0.090502457
35.987 1520479.876 0.090533201
36.001 1520093.259 0.090561464
36.015 1519741.074 0.090587241
36.027 1519423.343 0.090610522
36.038 1519140.088 0.090631302
36.047 1518891.329 0.090649574
36.055 1518677.083 0.090665334
36.062 1518497.365 0.090678578
36.067 1518352.187 0.090689301
36.072 1518241.558 0.090697500
36.074 1518165.487 0.090703174
36.076 1518123.978 0.090706320
36.076 1518117.035 0.090706939
36.075 1518144.656 0.090705029
36.072 1518206.841 0.090700591
36.068 1518303.585 0.090693627
36.063 1518434.881 0.090684138
36.057 1518600.719 0.090672128
36.049 1518801.089 0.090657599
36.040 1519035.975 0.090640557
36.029 1519305.361 0.090621005
36.017 1519609.230 0.090598950
36.004 1519947.558 0.090574397
35.989 1520320.323 0.090547354
35.974 1520727.500 0.090517829
35.957 1521169.058 0.090485829
35.938 1521644.969 0.090451364
35.918 1522155.199 0.090414443
35.897 1522699.713 0.090375077
35.875 1523278.473 0.090333277
35.851 1523891.439 0.090289055
35.827 1524538.570 0.090242422
35.800 1525219.820 0.090193393
35.773 1525935.144 0.090141980
35.744 1526684.492 0.090088198
35.714 1527467.813 0.090032062
35.683 1528285.054 0.089973587
35.651 1529136.159 0.089912789
35.617 1530021.071 0.089849686
35.582 1530939.731 0.089784293
35.546 1531892.075 0.089716630
35.509 1532878.040 0.089646714
35.470 1533897.560 0.089574565
35.430 1534950.567 0.089500202
35.389 1536036.990 0.089423645
35.347 1537156.758 0.089344914
35.304 1538309.795 0.089264030
35.259 1539496.026 0.089181016
35.214 1540715.373 0.089095892
35.167 1541967.754 0.089008682
35.119 1543253.090 0.088919408
35.070 1544571.294 0.088828094
35.020 1545922.283 0.088734763
34.969 1547305.967 0.088639439
34.917 1548722.259 0.088542148
34.863 1550171.065 0.088442913
34.809 1551652.295 0.088341761
34.753 1553165.853 0.088238717
34.697 1554711.642 0.088133807
34.639 1556289.565 0.088027058
34.581 1557899.523 0.087918495
34.521 1559541.413 0.087808147
34.460 1561215.134 0.087696040
34.399 1562920.580 0.087582202
34.336 1564657.647 0.087466660
34.273 1566426.226 0.087349444
34.208 1568226.210 0.087230580
34.143 1570057.487 0.087110098
34.076 1571919.946 0.086988027
34.009 1573813.474 0.086864394
33.941 1575737.957 0.086739230
33.872 1577693.279 0.086612564
33.802 1579679.323 0.086484424
33.731 1581695.972 0.086354841
33.660 1583743.105 0.086223845
33.587 1585820.603 0.086091464
33.514 1587928.343 0.085957730
33.440 1590066.202 0.085822671
33.365 1592234.058 0.085686319
33.289 1594431.784 0.085548703
33.212 1596659.255 0.085409853
33.135 1598916.344 0.085269800
33.057 1601202.923 0.085128574
32.978 1603518.863 0.084986205
32.899 1605864.033 0.084842723
32.819 1608238.305 0.084698160
32.738 1610641.545 0.084552544
32.656 1613073.621 0.084405907
32.574 1615534.401 0.084258278
32.491 1618023.750 0.084109688
32.407 1620541.534 0.083960166
32.323 1623087.618 0.083809743
32.238 1625661.865 0.083658449
32.153 1628264.139 0.083506314
32.067 1630894.302 0.083353367
31.980 1633552.217 0.083199638
31.893 1636237.745 0.083045156
31.805 1638950.748 0.082889951
31.717 1641691.085 0.082734053
31.628 1644458.618 0.082577489
31.538 1647253.204 0.082420291
31.448 1650074.705 0.082262485
31.358 1652922.979 0.082104101
31.267 1655797.883 0.081945168
31.176 1658699.277 0.081785713
31.084 1661627.018 0.081625765
30.991 1664580.963 0.081465352
30.899 1667560.970 0.081304502
30.805 1670566.896 0.081143241
30.712 1673598.597 0.080981599
30.618 1676655.930 0.080819600
30.523 1679738.752 0.080657274
30.428 1682846.919 0.080494645
30.333 1685980.287 0.080331741
30.237 1689138.711 0.080168589
30.141 1692322.049 0.080005213
30.045 1695530.156 0.079841640
29.948 1698762.888 0.079677895
29.851 1702020.100 0.079514003
29.754 1705301.649 0.079349990
29.656 1708607.390 0.079185881
29.559 1711937.180 0.079021699
29.460 1715290.874 0.078857469
29.362 1718668.329 0.078693216
29.263 1722069.401 0.078528962
29.164 1725493.945 0.078364731
29.065 1728941.820 0.078200547
28.965 1732412.881 0.078036432
28.865 1735906.985 0.077872409
28.766 1739423.989 0.077708501
28.665 1742963.751 0.077544729
28.565 1746526.127 0.077381116
28.464 1750110.976 0.077217683
28.363 1753718.156 0.077054450
28.263 1757347.525 0.076891441
28.161 1760998.941 0.076728674
28.060 1764672.263 0.076566170
27.959 1768367.351 0.076403950
27.857 1772084.064 0.076242034
27.755 1775822.261 0.076080441
27.653 1779581.804 0.075919191
27.551 1783362.553 0.075758302
27.449 1787164.368 0.075597794
27.347 1790987.111 0.075437685
27.244 1794830.644 0.075277993
27.142 1798694.830 0.075118737
27.039 1802579.530 0.074959934
26.937 1806484.608 0.074801601
26.834 1810409.928 0.074643757
26.731 1814355.353 0.074486417
26.628 1818320.748 0.074329598
26.526 1822305.978 0.074173318
26.423 1826310.909 0.074017592
26.320 1830335.406 0.073862435
26.217 1834379.337 0.073707865
26.113 1838442.568 0.073553895
26.010 1842524.966 0.073400542
25.907 1846626.400 0.073247820
25.804 1850746.739 0.073095744
25.701 1854885.852 0.072944329
25.598 1859043.608 0.072793588
25.495 1863219.878 0.072643536
25.391 1867414.532 0.072494186
25.288 1871627.443 0.072345552
25.185 1875858.483 0.072197647
25.082 1880107.523 0.072050485
24.979 1884374.438 0.071904077
24.876 1888659.101 0.071758437
24.773 1892961.387 0.071613578
24.670 1897281.171 0.071469511
24.567 1901618.329 0.071326248
24.464 1905972.736 0.071183801
24.361 1910344.271 0.071042182
24.259 1914732.810 0.070901402
24.156 1919138.232 0.070761473
24.053 1923560.415 0.070622405
23.951 1927999.240 0.070484209
23.848 1932454.586 0.070346896
23.746 1936926.335 0.070210477
23.643 1941414.367 0.070074961
23.541 1945918.565 0.069940359
23.439 1950438.812 0.069806681
23.337 1954974.990 0.069673936
23.235 1959526.985 0.069542134
23.133 1964094.681 0.069411285
23.031 1968677.963 0.069281398
22.930 1973276.718 0.069152482
22.828 1977890.831 0.069024546
22.727 1982520.192 0.068897599
22.625 1987164.687 0.068771650
22.524 1991824.205 0.068646706
22.423 1996498.636 0.068522778
22.322 2001187.870 0.068399873
22.221 2005891.798 0.068277999
22.120 2010610.311 0.068157164
22.020 2015343.301 0.068037377
21.919 2020090.661 0.067918645
21.819 2024852.284 0.067800976
21.719 2029628.065 0.067684377
21.619 2034417.898 0.067568857
21.519 2039221.679 0.067454422
21.419 2044039.303 0.067341080
21.319 2048870.668 0.067228838
21.220 2053715.671 0.067117703
21.120 2058574.211 0.067007683
21.021 2063446.185 0.066898784
20.922 2068331.493 0.066791013
20.823 2073230.036 0.066684377
20.724 2078141.715 0.066578884
20.626 2083066.429 0.066474538
20.527 2088004.083 0.066371349
20.429 2092954.577 0.066269320
20.331 2097917.817 0.066168461
20.233 2102893.705 0.066068776
20.135 2107882.147 0.065970272
20.038 2112883.047 0.065872957
3262744.124 0.022
3252698.971 0.022
3242654.799 0.022
3232611.655 0.022
3222569.591 0.022
3212528.657 0.023
3202488.903 0.023
3192450.381 0.023
3182413.143 0.023
3172377.240 0.023
3162342.726 0.023
3152309.654 0.023
3142278.078 0.024
3132248.053 0.024
3122219.634 0.024
3112192.875 0.024
3102167.835 0.024
3092144.568 0.024
3082123.134 0.024
3072103.589 0.025
3062085.993 0.025
3052070.404 0.025
3042056.883 0.025
3032045.490 0.025
3022036.286 0.025
3012029.334 0.026
3002024.695 0.026
2992022.433 0.026
2982022.613 0.026
2972025.297 0.026
2962030.553 0.026
2952038.446 0.027
2942049.043 0.027
2932062.412 0.027
2922078.620 0.027
2912097.738 0.027
2902119.834 0.028
2892144.981 0.028
2882173.248 0.028
2872204.710 0.028
2862239.439 0.028
2852277.509 0.029
2842318.995 0.029
2832363.973 0.029
2822412.520 0.029
2812464.714 0.029
2802520.633 0.030
2792580.357 0.030
2782643.967 0.030
2772711.543 0.030
2762783.169 0.030
2752858.928 0.031
2742938.904 0.031
2733023.184 0.031
2723111.854 0.031
2713205.002 0.031
2703302.716 0.032
2693405.087 0.032
2683512.206 0.032
2673624.165 0.032
2663741.058 0.033
2653862.979 0.033
2643990.024 0.033
2634122.291 0.033
2624259.878 0.034
2614402.883 0.034
2604551.410 0.034
2594705.559 0.034
2584865.435 0.035
2575031.142 0.035
2565202.787 0.035
2555380.478 0.035
2545564.324 0.036
2535754.436 0.036
2525950.926 0.036
2516153.908 0.036
2506363.498 0.037
2496579.812 0.037
2486802.969 0.037
2477033.089 0.038
2467270.294 0.038
2457514.707 0.038
2447766.454 0.039
2438025.662 0.039
2428292.459 0.039
2418566.977 0.039
2408849.347 0.040
2399139.704 0.040
2389438.184 0.040
2379744.926 0.041
2370060.069 0.041
2360383.756 0.041
2350716.131 0.042
2341057.341 0.042
2331407.533 0.042
2321766.859 0.043
2312135.471 0.043
2302513.526 0.043
2292901.179 0.044
2283298.590 0.044
2273705.923 0.044
2264123.341 0.045
2254551.012 0.045
2244989.104 0.046
2235437.790 0.046
2225897.245 0.046
2216367.646 0.047
2206849.172 0.047
2197342.007 0.048
2187846.336 0.048
2178362.348 0.048
2168890.233 0.049
2159430.186 0.049
2149982.404 0.050
2140547.088 0.050
2131124.441 0.050
2121714.668 0.051
2112317.981 0.051
2102934.592 0.052
2093564.718 0.052
2084208.578 0.053
2074866.395 0.053
2065538.397 0.054
2056224.815 0.054
2046925.881 0.055
2037641.834 0.055
2028372.916 0.056
2019119.371 0.056
2009881.450 0.057
2000659.406 0.057
1991453.497 0.058
1982263.983 0.058
1973091.132 0.059
1963935.213 0.059
1954796.501 0.060
1945675.274 0.060
1936571.818 0.061
1927486.420 0.061
1918419.372 0.062
1909370.973 0.062
1900341.526 0.063
1891331.338 0.064
1882340.721 0.064
1873369.994 0.065
1864419.480 0.065
1855489.506 0.066
1846580.408 0.067
1837692.523 0.067
1828826.198 0.068
1819981.782 0.069
1811159.633 0.069
1802360.112 0.070
1793583.588 0.070
1784830.435 0.071
1776101.034 0.072
1767395.772 0.073
1758715.043 0.073
1750059.245 0.074
1741428.786 0.075
1732824.079 0.075
1724245.544 0.076
1715693.608 0.077
1707168.705 0.077
1698671.275 0.078
1690201.769 0.079
1681760.640 0.080
1673348.354 0.081
1664965.380 0.081
1656612.197 0.082
1648289.292 0.083
1639997.159 0.084
1631736.301 0.084
1623507.227 0.085
1615310.457 0.086
1607146.519 0.087
1599015.946 0.088
1590919.284 0.089
1582857.086 0.090
1574829.914 0.090
1566838.336 0.091
1558882.934 0.092
1550964.296 0.093
1543083.020 0.094
1535239.712 0.095
1527434.989 0.096
1519669.476 0.097
1511943.810 0.098
1504258.635 0.099
1496614.605 0.100
1489012.385 0.101
1481452.649 0.102
1473936.081 0.103
1466463.376 0.103
1459035.236 0.104
1451652.376 0.106
1444315.520 0.107
1437025.402 0.108
1429782.766 0.109
1422588.367 0.110
1415442.968 0.111
1408347.344 0.112
1401302.280 0.113
1394308.571 0.114
1387367.021 0.115
1380478.445 0.116
1373643.667 0.117
1366863.522 0.118
1360138.853 0.119
1353470.516 0.120
1346859.374 0.121
1340306.298 0.123
1333812.172 0.124
1327377.886 0.125
1321004.342 0.126
1314692.447 0.127
1308443.119 0.128
1302257.285 0.129
1296135.877 0.130
1290079.838 0.132
1284090.117 0.133
1278167.670 0.134
1272313.460 0.135
1266528.457 0.136
1260813.637 0.137
1255169.982 0.138
1249598.477 0.140
1244100.116 0.141
1238675.893 0.142
1233326.809 0.143
1228053.868 0.144
1222858.074 0.145
1217740.438 0.146
1212701.967 0.148
1207743.675 0.149
1202866.571 0.150
1198071.667 0.151
1193359.973 0.152
1188732.497 0.153
1184190.246 0.154
1179734.221 0.155
1175365.421 0.156
1171084.840 0.157
1166893.466 0.158
1162792.281 0.159
1158782.257 0.160
1154864.362 0.161
1151039.551 0.162
1147308.771 0.163
1143672.957 0.164
1140133.031 0.165
1136689.905 0.166
1133344.473 0.167
1130097.618 0.168
1126950.203 0.169
1123903.077 0.169
1120957.070 0.170
1118112.993 0.171
1115371.637 0.172
1112733.772 0.173
1110200.147 0.173
1107771.487 0.174
1105448.493 0.175
1103231.842 0.175
1101122.185 0.176
1099120.148 0.176
1097226.325 0.177
1095441.288 0.178
1093765.575 0.178
1092199.696 0.178
1090744.130 0.179
1089399.326 0.179
1088165.700 0.180
1087043.634 0.180
1086033.480 0.180
1085135.553 0.181
1084350.137 0.181
1083677.479 0.181
1083117.791 0.181
1082671.251 0.181
1082338.001 0.181
1082118.147 0.181
1082011.759 0.182
1082018.871 0.182
1082139.480 0.181
1082373.549 0.181
1082721.002 0.181
1083181.729 0.181
1083755.584 0.181
1084442.384 0.181
1085241.914 0.181
1086153.920 0.180
1087178.117 0.180
1088314.182 0.180
1089561.762 0.179
1090920.469 0.179
1092389.884 0.178
1093969.553 0.178
1095658.995 0.177
1097457.695 0.177
1099365.110 0.176
1101380.667 0.176
1103503.766 0.175
1105733.780 0.175
1108070.053 0.174
1110511.906 0.173
1113058.634 0.172
1115709.509 0.172
1118463.780 0.171
1121320.674 0.170
1124279.398 0.169
1127339.138 0.169
1130499.061 0.168
1133758.318 0.167
1137116.041 0.166
1140571.348 0.165
1144123.340 0.164
1147771.107 0.163
1151513.722 0.162
1155350.251 0.161
1159279.744 0.160
1163301.245 0.159
1167413.787 0.158
1171616.395 0.157
1175908.086 0.156
1180287.871 0.155
1184754.758 0.154
1189307.745 0.153
1193945.831 0.152
1198668.009 0.151
1203473.270 0.150
1208360.605 0.148
1213329.002 0.147
1218377.450 0.146
1223504.937 0.145
1228710.455 0.144
1233992.996 0.143
1239351.552 0.142
1244785.122 0.141
1250292.706 0.139
1255873.308 0.138
1261525.937 0.137
1267249.608 0.136
1273043.339 0.135
1278906.155 0.134
1284837.088 0.133
1290835.174 0.131
1296899.460 0.130
1303028.995 0.129
1309222.840 0.128
1315480.062 0.127
1321799.735 0.126
1328180.944 0.125
1334622.781 0.124
1341124.346 0.122
1347684.750 0.121
1354303.111 0.120
1360978.558 0.119
1367710.229 0.118
1374497.270 0.117
1381338.839 0.116
1388234.103 0.115
1395182.238 0.114
1402182.431 0.113
1409233.879 0.112
1416335.787 0.111
1423487.374 0.109
1430687.864 0.108
1437936.497 0.107
1445232.517 0.106
1452575.183 0.105
1459963.762 0.104
1467397.531 0.103
1474875.777 0.102
1482397.798 0.101
1489962.901 0.100
1497570.403 0.099
1505219.632 0.099
1512909.923 0.098
1520640.625 0.097
1528411.092 0.096
1536220.691 0.095
1544068.798 0.094
1551954.797 0.093
1559878.082 0.092
1567838.057 0.091
1575834.134 0.090
1583865.735 0.089
1591932.291 0.089
1600033.240 0.088
1608168.032 0.087
1616336.123 0.086
1624536.978 0.085
1632770.072 0.084
1641034.887 0.084
1649330.913 0.083
1657657.649 0.082
1666014.601 0.081
1674401.285 0.080
1682817.221 0.080
1691261.942 0.079
1699734.983 0.078
1708235.891 0.077
1716764.217 0.077
1725319.521 0.076
1733901.371 0.075
1742509.340 0.075
1751143.009 0.074
1759801.965 0.073
1768485.803 0.072
1777194.124 0.072
1785926.536 0.071
1794682.651 0.070
1803462.091 0.070
1812264.482 0.069
1821089.455 0.068
1829936.650 0.068
1838805.711 0.067
1847696.288 0.067
1856608.036 0.066
1865540.617 0.065
1874493.698 0.065
1883466.951 0.064
1892460.054 0.064
1901472.690 0.063
1910504.545 0.062
1919555.315 0.062
1928624.696 0.061
1937712.391 0.061
1946818.108 0.060
1955941.559 0.060
1965082.462 0.059
1974240.537 0.059
1983415.510 0.058
1992607.113 0.058
2001815.079 0.057
2011039.147 0.056
2020279.060 0.056
2029534.566 0.056
2038805.415 0.055
2048091.362 0.055
2057392.167 0.054
2066707.592 0.054
2076037.403 0.053
2085381.370 0.053
2094739.267 0.052
2104110.871 0.052
2113495.963 0.051
2122894.326 0.051
2132305.749 0.050
2141730.021 0.050
2151166.936 0.050
2160616.292 0.049
2170077.889 0.049
2179551.530 0.048
2189037.020 0.048
2198534.170 0.048
2208042.791 0.047
2217562.697 0.047
2227093.708 0.046
2236635.642 0.046
2246188.323 0.046
2255751.577 0.045
2265325.232 0.045
2274909.118 0.044
2284503.070 0.044
2294106.923 0.044
2303720.514 0.043
2313343.686 0.043
2322976.279 0.043
2332618.141 0.042
2342269.117 0.042
2351929.058 0.042
2361597.816 0.041
2371275.244 0.041
2380961.199 0.041
2390655.538 0.040
2400358.121 0.040
2410068.811 0.040
2419787.472 0.039
2429513.969 0.039
2439248.170 0.039
2448989.945 0.038
2458739.165 0.038
2468495.704 0.038
2478259.436 0.038
2488030.238 0.037
2497807.989 0.037
2507592.568 0.037
2517383.858 0.036
2527181.741 0.036
2536986.102 0.036
2546796.828 0.036
2556613.806 0.035
2566436.927 0.035
2576266.080 0.035
2586101.158 0.035
2595942.056 0.034
2605788.667 0.034
2615640.889 0.034
2625498.620 0.034
2635361.757 0.033
2645230.203 0.033
2655103.859 0.033
2664982.628 0.033
2674866.413 0.032
2684755.121 0.032
2694648.659 0.032
2704546.933 0.032
2714449.854 0.031
2724357.330 0.031
2734269.274 0.031
2744185.598 0.031
2754106.215 0.031
2764031.040 0.030
2773959.988 0.030
2783892.976 0.030
2793829.921 0.030
2803770.742 0.029
2813715.359 0.029
2823663.693 0.029
2833615.663 0.029
2843571.194 0.029
2853530.208 0.028
2863492.630 0.028
2873458.384 0.028
2883427.397 0.028
2893399.595 0.028
2903374.907 0.028
2913353.260 0.027
2923334.585 0.027
2933318.810 0.027
2943305.868 0.027
2953295.690 0.027
2963288.208 0.026
2973283.356 0.026
2983281.067 0.026
2993281.277 0.026
3003283.920 0.026
3013288.933 0.026
3023296.253 0.025
3033305.818 0.025
3043317.565 0.025
3053331.433 0.025
3063347.362 0.025
3073365.293 0.025
3083385.165 0.024
3093406.921 0.024
3103430.502 0.024
3113455.852 0.024
3123482.912 0.024
3133511.628 0.024
3143541.944 0.024
3153573.805 0.023
3163607.155 0.023
3173641.942 0.023
3183678.113 0.023
3193715.613 0.023
3203754.391 0.023
3213794.396 0.023
3223835.576 0.022
3233877.880 0.022
3243921.258 0.022
3253965.661 0.022
3264011.038 0.022
3274057.342 0.022
3284104.524 0.022
3294152.537 0.021
3304201.332 0.021
3314250.863 0.021
3324301.083 0.021
3334351.947 0.021
3344403.408 0.021
3354455.422 0.021
3364507.944 0.021
3374560.930 0.020
3384614.334 0.020
3394668.115 0.020
3404722.228 0.020
3414776.631 0.020
3424831.282 0.020
3434886.139 0.020
3444941.159 0.020
3454996.302 0.020
3465051.526 0.019
3475106.792 0.019
3485162.059 0.019
3495217.287 0.019
3505272.436 0.019
3515327.468 0.019
3525382.344 0.019
3535437.024 0.019
3545491.472 0.019
3555545.648 0.018
3565599.516 0.018
3575653.038 0.018
3585706.178 0.018
3595758.898 0.018
3605811.162 0.018
3615862.935 0.018
3625914.181 0.018
3635964.863 0.018
3646014.948 0.018
3656064.399 0.017
3666113.183 0.017
3676161.265 0.017
3686208.611 0.017
3696255.186 0.017
3706300.959 0.017
3716345.895 0.017
3726389.961 0.017
3736433.124 0.017
3746475.353 0.017
3756516.614 0.017
3766556.875 0.016
3776596.105 0.016
3786634.273 0.016
3796671.346 0.016
3806707.293 0.016
3816742.085 0.016
3826775.689 0.016
3836808.076 0.016
3846839.215 0.016
3856869.077 0.016
3866897.631 0.016
3876924.847 0.016
3886950.698 0.015
3896975.152 0.015
3906998.182 0.015
3917019.758 0.015
3927039.853 0.015
3937058.436 0.015
3947075.481 0.015
3957090.959 0.015
3967104.843 0.015
3977117.104 0.015
3987127.715 0.015
3997136.650 0.015
4007143.880 0.015
4017149.379 0.014
4027153.120 0.014
4037155.077 0.014
4047155.223 0.014
4057153.532 0.014
4067149.978 0.014
4077144.534 0.014
4087137.175 0.014
4097127.876 0.014
4107116.611 0.014
4117103.355 0.014
4127088.082 0.014
4137070.768 0.014
4147051.387 0.014
4157029.915 0.014
4167006.328 0.013
4176980.601 0.013
4186952.710 0.013
4196922.631 0.013
4206890.339 0.013
4216855.811 0.013
4226819.024 0.013
4236779.953 0.013
4246738.575 0.013
4256694.867 0.013
4266648.806 0.013
4276600.369 0.013
4286549.532 0.013
4296496.273 0.013
4306440.570 0.013
4316382.399 0.013
4326321.739 0.012
4336258.567 0.012
4346192.860 0.012
4356124.598 0.012
4366053.757 0.012
4375980.316 0.012
4385904.254 0.012
4395825.549 0.012
4405744.178 0.012
4415660.122 0.012
4425573.358 0.012
4435483.866 0.012
4445391.624 0.012
4455296.611 0.012
4465198.807 0.012
4475098.190 0.012
4484994.741 0.012
4494888.439 0.012
4504779.263 0.012
4514667.192 0.011
4524552.207 0.011
4534434.288 0.011
4544313.414 0.011
4554189.565 0.011
4564062.722 0.011
4573932.865 0.011
4583799.974 0.011
4593664.030 0.011
4603525.012 0.011
4613382.902 0.011
4623237.681 0.011
4633089.328 0.011
4642937.826 0.011
4652783.154 0.011
4662625.294 0.011
4672464.227 0.011
4682299.935 0.011
4692132.397 0.011
4701961.597 0.011
4711787.515 0.011
4721610.132 0.011
4731429.431 0.010
4741245.393 0.010
4751058.000 0.010
4760867.233 0.010
4770673.074 0.010
4780475.506 0.010
4790274.510 0.010
4800070.069 0.010
4809862.165 0.010
4819650.780 0.010
4829435.896 0.010
4839217.495 0.010
4848995.561 0.010
4858770.076 0.010
4868541.022 0.010
4878308.383 0.010
4888072.139 0.010
4897832.276 0.010
4907588.775 0.010
4917341.620 0.010
4927090.793 0.010
4936836.277 0.010
4946578.056 0.010
4956316.113 0.010
4966050.431 0.010
4975780.993 0.009
4985507.784 0.009
4995230.785 0.009
5004949.981 0.009
5014665.356 0.009
5024376.892 0.009
5034084.574 0.009
5043788.386 0.009
5053488.310 0.009
5063184.331 0.009
5072876.434 0.009
5082564.601 0.009
5092248.817 0.009
5101929.066 0.009
5111605.332 0.009
5121277.600 0.009
5130945.853 0.009
5140610.075 0.009
5150270.252 0.009
5159926.367 0.009
5169578.405 0.009
5179226.351 0.009
5188870.188 0.009
5198509.903 0.009
5208145.478 0.009
5217776.899 0.009
5227404.151 0.009
5237027.218 0.009
5246646.086 0.009
5256260.739 0.008
5265871.162 0.008
5275477.340 0.008
5285079.258 0.008
5294676.901 0.008
5304270.254 0.008
5313859.303 0.008
5323444.033 0.008
5333024.429 0.008
5342600.475 0.008
372558.518 0.806
360364.670 0.826
348170.464 0.846
335975.912 0.865
323781.026 0.883
311585.817 0.901
299390.298 0.918
287194.482 0.933
274998.380 0.947
262802.004 0.959
250605.367 0.969
238408.480 0.978
226211.356 0.985
214014.007 0.991
201816.446 0.994
189618.683 0.997
177420.732 0.999
165222.604 0.999
153024.312 1.000
140825.868 1.000
128627.283 1.000
116428.571 1.000
104229.743 1.000
92030.811 1.000
79831.787 1.000
67632.685 1.000
55433.514 1.000
43234.289 1.000
31035.021 1.000
18835.721 1.000
6636.404 1.000
5562.921 1.000
17762.240 1.000
29961.541 1.000
42160.813 1.000
54360.043 1.000
66559.218 1.000
78758.327 1.000
90957.358 1.000
103156.299 1.000
115355.137 1.000
127553.860 1.000
139752.456 1.000
151950.913 1.000
164149.219 0.999
176347.361 0.999
188545.329 0.997
200743.108 0.995
212940.688 0.991
225138.056 0.986
237335.200 0.979
249532.108 0.970
261728.768 0.960
273925.167 0.948
286121.294 0.934
298317.136 0.919
310512.682 0.903
322707.918 0.885
334902.834 0.867
347097.416 0.848
359291.653 0.828
371485.532 0.808
383679.042 0.788
395872.171 0.767
408064.905 0.747
420257.233 0.727
432449.144 0.707
444640.624 0.688
456831.662 0.668
469022.245 0.649
481212.361 0.631
493401.999 0.613
505591.146 0.595
517779.791 0.578
529967.919 0.562
542155.521 0.545
554342.584 0.530
566529.094 0.515
578715.042 0.500
590900.413 0.486
603085.197 0.472
615269.381 0.459
627452.952 0.446
639635.899 0.434
651818.211 0.422
663999.873 0.410
676180.875 0.399
688361.204 0.389
700540.849 0.378
712719.796 0.368
724898.035 0.359
737075.552 0.349
749252.336 0.340
761428.375 0.332
773603.656 0.323
785778.168 0.315
797951.898 0.307
810124.834 0.300
822296.964 0.292
834468.276 0.285
846638.758 0.278
858808.397 0.272
870977.182 0.265
883145.101 0.259
895312.141 0.253
907478.291 0.247
919643.537 0.242
931807.869 0.236
943971.274 0.231
956133.739 0.226
968295.254 0.221
980455.805 0.216
992615.381 0.212
1004773.969 0.207
1016931.558 0.203
1029088.135 0.199
1041243.688 0.194
1053398.205 0.190
1065551.675 0.187
1077704.084 0.183
1089855.422 0.179
1102005.675 0.176
1114154.831 0.172
1126302.880 0.169
1138449.807 0.166
1150595.603 0.162
1162740.253 0.159
1174883.747 0.156
1187026.072 0.153
1199167.217 0.151
1211307.168 0.148
1223445.914 0.145
1235583.443 0.143
1247719.743 0.140
1259854.802 0.137
1271988.607 0.135
1284121.147 0.133
1296252.409 0.130
1308382.382 0.128
1320511.053 0.126
1332638.411 0.124
1344764.443 0.122
1356889.137 0.120
1369012.481 0.118
1381134.463 0.116
1393255.071 0.114
1405374.294 0.112
1417492.118 0.110
1429608.532 0.109
1441723.524 0.107
1453837.081 0.105
1465949.192 0.104
1478059.845 0.102
1490169.028 0.100
1502276.728 0.099
1514382.933 0.097
1526487.632 0.096
1538590.812 0.095
1550692.462 0.093
1562792.569 0.092
1574891.122 0.090
1586988.108 0.089
1599083.514 0.088
1611177.331 0.087
1623269.544 0.085
1635360.142 0.084
1647449.114 0.083
1659536.447 0.082
1671622.128 0.081
1683706.147 0.080
1695788.491 0.078
1707869.148 0.077
1719948.106 0.076
1732025.353 0.075
1744100.876 0.074
1756174.665 0.073
1768246.707 0.072
1780316.989 0.071
1792385.501 0.071
1804452.229 0.070
1816517.163 0.069
1828580.289 0.068
1840641.596 0.067
1852701.072 0.066
1864758.705 0.065
1876814.483 0.065
1888868.394 0.064
1900920.426 0.063
1912970.567 0.062
1925018.804 0.061
1937065.127 0.061
1949109.523 0.060
1961151.980 0.059
1973192.485 0.059
1985231.028 0.058
1997267.596 0.057
2009302.177 0.057
2021334.759 0.056
2033365.331 0.055
2045393.879 0.055
2057420.393 0.054
2069444.860 0.053
2081467.268 0.053
2093487.606 0.052
2105505.861 0.052
2117522.022 0.051
2129536.076 0.051
2141548.011 0.050
2153557.816 0.049
2165565.479 0.049
2177570.988 0.048
20.070 2108300.061 0.066049026
20.157 2103882.182 0.066135561
20.244 2099474.743 0.066223014
20.331 2095077.814 0.066311381
20.417 2090691.464 0.066400656
20.505 2086315.765 0.066490835
20.592 2081950.786 0.066581912
20.679 2077596.599 0.066673883
20.766 2073253.276 0.066766741
20.854 2068920.887 0.066860481
20.941 2064599.507 0.066955099
21.029 2060289.206 0.067050589
21.117 2055990.060 0.067146945
21.205 2051702.140 0.067244162
21.293 2047425.522 0.067342235
21.381 2043160.279 0.067441157
21.469 2038906.486 0.067540923
21.557 2034664.219 0.067641528
21.646 2030433.554 0.067742966
21.734 2026214.565 0.067845230
21.823 2022007.331 0.067948315
21.912 2017811.927 0.068052216
22.000 2013628.432 0.068156925
22.089 2009456.922 0.068262437
22.178 2005297.476 0.068368746
22.267 2001150.172 0.068475846
22.356 1997015.091 0.068583729
22.445 1992892.309 0.068692390
22.535 1988781.909 0.068801822
22.624 1984683.969 0.068912019
22.713 1980598.571 0.069022973
22.803 1976525.796 0.069134679
22.892 1972465.724 0.069247129
22.982 1968418.438 0.069360316
23.072 1964384.020 0.069474234
23.161 1960362.552 0.069588875
23.251 1956354.119 0.069704231
23.341 1952358.802 0.069820297
23.431 1948376.686 0.069937063
23.521 1944407.856 0.070054523
23.611 1940452.396 0.070172669
23.701 1936510.390 0.070291493
23.791 1932581.925 0.070410988
23.881 1928667.086 0.070531145
23.971 1924765.960 0.070651956
24.061 1920878.632 0.070773413
24.151 1917005.191 0.070895508
24.242 1913145.723 0.071018232
24.332 1909300.317 0.071141577
24.422 1905469.060 0.071265534
24.512 1901652.040 0.071390094
24.603 1897849.348 0.071515249
24.693 1894061.071 0.071640988
24.783 1890287.300 0.071767304
24.874 1886528.125 0.071894186
24.964 1882783.636 0.072021626
25.054 1879053.923 0.072149613
25.145 1875339.078 0.072278138
25.235 1871639.193 0.072407191
25.325 1867954.358 0.072536761
25.415 1864284.666 0.072666840
25.506 1860630.210 0.072797416
25.596 1856991.082 0.072928480
25.686 1853367.375 0.073060020
25.776 1849759.182 0.073192025
25.866 1846166.599 0.073324486
25.956 1842589.718 0.073457390
26.046 1839028.633 0.073590728
26.136 1835483.440 0.073724486
26.226 1831954.234 0.073858654
26.316 1828441.110 0.073993221
26.406 1824944.162 0.074128174
26.495 1821463.488 0.074263502
26.585 1817999.183 0.074399192
26.674 1814551.344 0.074535232
26.764 1811120.067 0.074671610
26.853 1807705.450 0.074808314
26.943 1804307.588 0.074945329
27.032 1800926.581 0.075082644
27.121 1797562.525 0.075220246
27.210 1794215.518 0.075358121
27.299 1790885.658 0.075496256
27.387 1787573.044 0.075634637
27.476 1784277.775 0.075773251
27.564 1780999.948 0.075912084
27.653 1777739.663 0.076051122
27.741 1774497.020 0.076190350
27.829 1771272.116 0.076329754
27.917 1768065.053 0.076469321
28.004 1764875.928 0.076609034
28.092 1761704.843 0.076748879
28.179 1758551.897 0.076888842
28.266 1755417.190 0.077028907
28.353 1752300.822 0.077169058
28.440 1749202.894 0.077309281
28.527 1746123.506 0.077449559
28.613 1743062.759 0.077589877
28.699 1740020.753 0.077730219
28.785 1736997.588 0.077870569
28.871 1733993.366 0.078010910
28.957 1731008.188 0.078151226
29.042 1728042.153 0.078291500
29.127 1725095.364 0.078431716
29.212 1722167.920 0.078571857
29.296 1719259.924 0.078711906
29.381 1716371.475 0.078851845
29.465 1713502.675 0.078991658
29.549 1710653.624 0.079131326
29.632 1707824.424 0.079270832
29.715 1705015.176 0.079410158
29.798 1702225.979 0.079549287
29.881 1699456.935 0.079688201
29.963 1696708.144 0.079826880
30.045 1693979.708 0.079965308
30.126 1691271.725 0.080103465
30.208 1688584.297 0.080241332
30.289 1685917.524 0.080378892
30.369 1683271.505 0.080516126
30.449 1680646.341 0.080653013
30.529 1678042.131 0.080789537
30.609 1675458.975 0.080925676
30.688 1672896.972 0.081061412
30.766 1670356.221 0.081196726
30.845 1667836.821 0.081331598
30.923 1665338.870 0.081466009
31.000 1662862.467 0.081599938
31.077 1660407.710 0.081733367
31.154 1657974.697 0.081866275
31.230 1655563.525 0.081998642
31.306 1653174.291 0.082130449
31.381 1650807.093 0.082261675
31.456 1648462.026 0.082392300
31.530 1646139.186 0.082522304
31.604 1643838.670 0.082651666
31.678 1641560.573 0.082780367
31.750 1639304.990 0.082908386
31.823 1637072.015 0.083035703
31.895 1634861.742 0.083162297
31.966 1632674.265 0.083288147
32.037 1630509.677 0.083413234
32.107 1628368.071 0.083537536
32.177 1626249.538 0.083661033
32.246 1624154.171 0.083783704
32.315 1622082.060 0.083905530
32.383 1620033.296 0.084026489
32.450 1618007.969 0.084146560
32.517 1616006.168 0.084265724
32.583 1614027.982 0.084383959
32.649 1612073.499 0.084501246
32.714 1610142.806 0.084617563
32.779 1608235.991 0.084732891
32.842 1606353.139 0.084847208
32.906 1604494.336 0.084960495
32.968 1602659.667 0.085072732
33.030 1600849.215 0.085183897
33.091 1599063.064 0.085293971
33.152 1597301.296 0.085402934
33.212 1595563.993 0.085510765
33.271 1593851.237 0.085617446
33.329 1592163.107 0.085722955
33.387 1590499.682 0.085827274
33.444 1588861.041 0.085930383
33.500 1587247.261 0.086032262
33.556 1585658.420 0.086132892
33.611 1584094.593 0.086232254
33.665 1582555.856 0.086330329
33.718 1581042.281 0.086427098
33.770 1579553.942 0.086522542
33.822 1578090.912 0.086616642
33.873 1576653.261 0.086709380
33.923 1575241.059 0.086800738
33.973 1573854.376 0.086890698
34.021 1572493.280 0.086979242
34.069 1571157.837 0.087066353
34.116 1569848.115 0.087152012
34.162 1568564.177 0.087236202
34.208 1567306.088 0.087318907
34.252 1566073.911 0.087400110
34.296 1564867.706 0.087479795
34.339 1563687.536 0.087557944
34.380 1562533.458 0.087634542
34.421 1561405.532 0.087709573
34.462 1560303.814 0.087783021
34.501 1559228.361 0.087854872
34.539 1558179.226 0.087925110
34.577 1557156.465 0.087993720
34.613 1556160.127 0.088060689
34.649 1555190.266 0.088126001
34.684 1554246.930 0.088189644
34.718 1553330.168 0.088251603
34.751 1552440.028 0.088311866
34.783 1551576.554 0.088370419
34.814 1550739.793 0.088427250
34.844 1549929.787 0.088482347
34.873 1549146.578 0.088535698
34.901 1548390.208 0.088587292
34.928 1547660.714 0.088637116
34.955 1546958.136 0.088685161
34.980 1546282.510 0.088731416
35.004 1545633.872 0.088775871
35.028 1545012.254 0.088818516
35.050 1544417.691 0.088859341
35.072 1543850.212 0.088898339
35.092 1543309.848 0.088935500
35.112 1542796.626 0.088970815
35.130 1542310.575 0.089004278
35.148 1541851.718 0.089035880
35.164 1541420.081 0.089065616
35.179 1541015.686 0.089093477
35.194 1540638.553 0.089119459
35.207 1540288.703 0.089143554
35.220 1539966.154 0.089165759
35.231 1539670.923 0.089186067
35.242 1539403.025 0.089204474
35.251 1539162.473 0.089220976
35.259 1538949.280 0.089235570
35.267 1538763.458 0.089248252
35.273 1538605.015 0.089259019
35.278 1538473.959 0.089267869
35.283 1538370.296 0.089274800
35.286 1538294.033 0.089279810
35.288 1538245.172 0.089282898
35.290 1538223.714 0.089284064
35.290 1538229.662 0.089283306
35.289 1538263.013 0.089280626
35.287 1538323.764 0.089276023
35.284 1538411.913 0.089269499
35.280 1538527.454 0.089261056
35.275 1538670.379 0.089250694
35.269 1538840.681 0.089238417
35.263 1539038.348 0.089224227
35.255 1539263.371 0.089208126
35.246 1539515.735 0.089190120
35.236 1539795.427 0.089170212
35.225 1540102.431 0.089148405
35.213 1540436.729 0.089124706
35.199 1540798.302 0.089099118
35.185 1541187.132 0.089071649
35.170 1541603.195 0.089042303
35.154 1542046.468 0.089011088
35.137 1542516.928 0.088978010
35.119 1543014.548 0.088943076
35.100 1543539.300 0.088906295
35.080 1544091.157 0.088867673
35.059 1544670.087 0.088827221
35.037 1545276.059 0.088784946
35.014 1545909.040 0.088740857
34.990 1546568.995 0.088694965
34.965 1547255.890 0.088647279
34.939 1547969.685 0.088597810
34.913 1548710.344 0.088546568
34.885 1549477.826 0.088493564
34.856 1550272.089 0.088438810
34.826 1551093.092 0.088382317
34.796 1551940.790 0.088324098
34.764 1552815.139 0.088264165
34.732 1553716.091 0.088202530
34.698 1554643.600 0.088139207
34.664 1555597.615 0.088074210
34.629 1556578.087 0.088007551
34.593 1557584.964 0.087939244
34.556 1558618.193 0.087869305
34.518 1559677.721 0.087797748
34.479 1560763.491 0.087724587
34.439 1561875.449 0.087649838
34.399 1563013.536 0.087573516
34.357 1564177.693 0.087495637
34.315 1565367.860 0.087416217
34.272 1566583.977 0.087335272
34.228 1567825.981 0.087252818
34.183 1569093.809 0.087168872
34.137 1570387.396 0.087083451
34.091 1571706.677 0.086996572
34.043 1573051.586 0.086908253
33.995 1574422.055 0.086818511
33.946 1575818.016 0.086727364
33.896 1577239.398 0.086634829
33.846 1578686.130 0.086540926
33.795 1580158.143 0.086445671
33.743 1581655.362 0.086349085
33.690 1583177.714 0.086251184
33.636 1584725.125 0.086151989
33.582 1586297.520 0.086051518
33.527 1587894.821 0.085949790
33.471 1589516.952 0.085846825
33.414 1591163.835 0.085742642
33.357 1592835.390 0.085637260
33.299 1594531.538 0.085530699
33.241 1596252.199 0.085422978
33.181 1597997.290 0.085314118
33.121 1599766.730 0.085204139
33.061 1601560.436 0.085093060
32.999 1603378.324 0.084980901
32.937 1605220.308 0.084867683
32.875 1607086.306 0.084753426
32.811 1608976.229 0.084638150
32.747 1610889.992 0.084521876
32.683 1612827.507 0.084404623
32.618 1614788.687 0.084286413
32.552 1616773.443 0.084167265
32.486 1618781.685 0.084047200
32.419 1620813.324 0.083926239
32.351 1622868.270 0.083804402
32.283 1624946.431 0.083681709
32.214 1627047.717 0.083558182
32.145 1629172.034 0.083433840
32.075 1631319.290 0.083308705
32.005 1633489.393 0.083182796
31.934 1635682.248 0.083056134
31.863 1637897.762 0.082928740
31.791 1640135.841 0.082800633
31.719 1642396.388 0.082671835
31.646 1644679.309 0.082542365
31.573 1646984.508 0.082412245
31.499 1649311.890 0.082281493
31.424 1651661.356 0.082150130
31.350 1654032.811 0.082018177
31.274 1656426.157 0.081885653
31.199 1658841.296 0.081752578
31.123 1661278.132 0.081618973
31.046 1663736.564 0.081484856
30.969 1666216.496 0.081350249
30.892 1668717.828 0.081215169
30.814 1671240.460 0.081079637
30.736 1673784.295 0.080943673
30.658 1676349.233 0.080807295
30.579 1678935.172 0.080670523
30.499 1681542.015 0.080533376
30.420 1684169.661 0.080395873
30.340 1686818.009 0.080258032
30.259 1689486.959 0.080119874
30.179 1692176.410 0.079981415
30.098 1694886.262 0.079842676
30.016 1697616.414 0.079703673
29.935 1700366.766 0.079564426
29.853 1703137.215 0.079424953
29.770 1705927.661 0.079285271
29.688 1708738.004 0.079145399
29.605 1711568.140 0.079005355
29.522 1714417.970 0.078865154
29.438 1717287.393 0.078724817
29.355 1720176.306 0.078584359
29.271 1723084.608 0.078443797
29.186 1726012.199 0.078303150
29.102 1728958.977 0.078162433
29.017 1731924.840 0.078021663
28.932 1734909.688 0.077880857
28.847 1737913.419 0.077740032
28.762 1740935.933 0.077599203
28.676 1743977.127 0.077458387
28.590 1747036.902 0.077317599
28.504 1750115.156 0.077176856
28.418 1753211.788 0.077036173
28.332 1756326.699 0.076895565
28.245 1759459.787 0.076755047
28.158 1762610.951 0.076614636
28.071 1765780.093 0.076474345
27.984 1768967.111 0.076334190
27.897 1772171.905 0.076194185
27.809 1775394.377 0.076054345
27.722 1778634.425 0.075914684
27.634 1781891.952 0.075775216
27.546 1785166.856 0.075635955
27.458 1788459.040 0.075496915
27.370 1791768.405 0.075358110
27.282 1795094.851 0.075219553
27.194 1798438.281 0.075081257
27.105 1801798.596 0.074943236
27.017 1805175.699 0.074805503
26.928 1808569.491 0.074668070
26.839 1811979.875 0.074530951
26.750 1815406.754 0.074394157
26.661 1818850.031 0.074257702
26.572 1822309.609 0.074121597
26.483 1825785.392 0.073985854
26.394 1829277.283 0.073850485
26.305 1832785.187 0.073715503
26.216 1836309.009 0.073580918
26.126 1839848.652 0.073446742
26.037 1843404.023 0.073312987
25.947 1846975.026 0.073179663
25.858 1850561.567 0.073046781
25.768 1854163.551 0.072914352
25.679 1857780.887 0.072782388
25.589 1861413.479 0.072650898
25.500 1865061.234 0.072519893
25.410 1868724.061 0.072389383
25.320 1872401.867 0.072259378
25.230 1876094.560 0.072129888
25.141 1879802.047 0.072000923
25.051 1883524.239 0.071872493
24.961 1887261.043 0.071744607
24.872 1891012.369 0.071617274
24.782 1894778.127 0.071490504
24.692 1898558.227 0.071364306
24.602 1902352.580 0.071238689
24.513 1906161.095 0.071113662
24.423 1909983.686 0.070989233
24.333 1913820.263 0.070865412
24.244 1917670.737 0.070742206
24.154 1921535.023 0.070619624
24.065 1925413.031 0.070497674
23.975 1929304.676 0.070376364
23.886 1933209.871 0.070255703
23.796 1937128.530 0.070135699
23.707 1941060.567 0.070016358
23.617 1945005.897 0.069897689
23.528 1948964.435 0.069779699
23.439 1952936.097 0.069662396
23.349 1956920.798 0.069545787
23.260 1960918.455 0.069429879
23.171 1964928.984 0.069314680
23.082 1968952.303 0.069200196
22.993 1972988.329 0.069086434
22.904 1977036.980 0.068973402
22.815 1981098.175 0.068861105
22.726 1985171.832 0.068749552
22.637 1989257.870 0.068638747
22.549 1993356.209 0.068528698
22.460 1997466.769 0.068419411
22.372 2001589.471 0.068310892
22.283 2005724.235 0.068203147
22.195 2009870.982 0.068096184
22.106 2014029.634 0.067990007
22.018 2018200.114 0.067884622
21.930 2022382.343 0.067780036
21.842 2026576.245 0.067676255
21.754 2030781.742 0.067573283
21.666 2034998.759 0.067471128
21.579 2039227.220 0.067369794
21.491 2043467.050 0.067269286
21.403 2047718.172 0.067169612
21.316 2051980.514 0.067070775
21.229 2056253.999 0.066972781
21.141 2060538.556 0.066875636
21.054 2064834.110 0.066779345
20.967 2069140.589 0.066683913
20.880 2073457.919 0.066589345
20.793 2077786.029 0.066495646
20.707 2082124.848 0.066402821
20.620 2086474.303 0.066310876
20.534 2090834.325 0.066219816
20.447 2095204.841 0.066129644
20.361 2099585.784 0.066040367
20.275 2103977.082 0.065951988
20.189 2108378.667 0.065864514
20.103 2112790.469 0.065777948
20.017 2117212.421 0.065692295
