20.020 2114879.595 0.065802253
20.072 2112188.140 0.065854332
20.124 2109517.744 0.065906413
20.176 2106868.491 0.065958486
20.227 2104240.462 0.066010540
20.279 2101633.740 0.066062564
20.329 2099048.408 0.066114549
20.380 2096484.548 0.066166484
20.430 2093942.241 0.066218359
20.480 2091421.569 0.066270163
20.530 2088922.613 0.066321886
20.579 2086445.453 0.066373518
20.628 2083990.171 0.066425048
20.676 2081556.847 0.066476467
20.724 2079145.559 0.066527763
20.772 2076756.388 0.066578927
20.820 2074389.413 0.066629948
20.867 2072044.712 0.066680816
20.914 2069722.363 0.066731521
20.960 2067422.446 0.066782053
21.006 2065145.036 0.066832400
21.052 2062890.211 0.066882555
21.098 2060658.049 0.066932505
21.142 2058448.624 0.066982241
21.187 2056262.012 0.067031752
21.231 2054098.290 0.067081030
21.275 2051957.532 0.067130063
21.319 2049839.811 0.067178842
21.362 2047745.203 0.067227357
21.404 2045673.779 0.067275598
21.447 2043625.614 0.067323554
21.488 2041600.779 0.067371217
21.530 2039599.346 0.067418576
21.571 2037621.386 0.067465621
21.611 2035666.969 0.067512343
21.652 2033736.167 0.067558732
21.691 2031829.047 0.067604779
21.731 2029945.680 0.067650474
21.770 2028086.133 0.067695807
21.808 2026250.474 0.067740769
21.846 2024438.770 0.067785350
21.884 2022651.087 0.067829542
21.921 2020887.491 0.067873335
21.958 2019148.047 0.067916720
21.994 2017432.819 0.067959687
22.030 2015741.871 0.068002228
22.065 2014075.267 0.068044333
22.100 2012433.068 0.068085995
22.134 2010815.336 0.068127203
22.168 2009222.132 0.068167949
22.201 2007653.516 0.068208224
22.234 2006109.547 0.068248020
22.267 2004590.284 0.068287329
22.299 2003095.785 0.068326142
22.330 2001626.107 0.068364450
22.361 2000181.306 0.068402246
22.392 1998761.438 0.068439520
22.422 1997366.558 0.068476266
22.451 1995996.719 0.068512476
22.480 1994651.975 0.068548140
22.509 1993332.377 0.068583253
22.537 1992037.977 0.068617805
22.564 1990768.826 0.068651790
22.591 1989524.973 0.068685200
22.618 1988306.468 0.068718029
22.643 1987113.357 0.068750267
22.669 1985945.689 0.068781910
22.694 1984803.509 0.068812949
22.718 1983686.863 0.068843378
22.742 1982595.794 0.068873190
22.765 1981530.347 0.068902379
22.788 1980490.564 0.068930938
22.810 1979476.486 0.068958861
22.832 1978488.154 0.068986142
22.853 1977525.607 0.069012774
22.873 1976588.885 0.069038752
22.893 1975678.025 0.069064070
22.913 1974793.063 0.069088723
22.932 1973934.037 0.069112704
22.950 1973100.979 0.069136009
22.968 1972293.924 0.069158633
22.985 1971512.905 0.069180570
23.001 1970757.954 0.069201815
23.018 1970029.101 0.069222363
23.033 1969326.377 0.069242211
23.048 1968649.808 0.069261354
23.062 1967999.425 0.069279786
23.076 1967375.252 0.069297505
23.089 1966777.316 0.069314506
23.102 1966205.642 0.069330786
23.114 1965660.252 0.069346340
23.126 1965141.169 0.069361165
23.136 1964648.414 0.069375258
23.147 1964182.008 0.069388616
23.156 1963741.970 0.069401235
23.166 1963328.319 0.069413114
23.174 1962941.070 0.069424248
23.182 1962580.241 0.069434636
23.190 1962245.845 0.069444276
23.196 1961937.898 0.069453164
23.203 1961656.411 0.069461300
23.208 1961401.397 0.069468681
23.213 1961172.865 0.069475305
23.218 1960970.825 0.069481172
23.222 1960795.287 0.069486279
23.225 1960646.255 0.069490626
23.228 1960523.738 0.069494212
23.230 1960427.740 0.069497036
23.231 1960358.265 0.069499097
23.232 1960315.315 0.069500394
23.232 1960298.893 0.069500929
23.232 1960308.998 0.069500699
23.231 1960345.632 0.069499706
23.230 1960408.791 0.069497950
23.228 1960498.473 0.069495431
23.225 1960614.675 0.069492150
23.222 1960757.391 0.069488107
23.218 1960926.616 0.069483304
23.214 1961122.341 0.069477741
23.209 1961344.560 0.069471421
23.203 1961593.263 0.069464343
23.197 1961868.438 0.069456511
23.190 1962170.076 0.069447925
23.183 1962498.162 0.069438588
23.175 1962852.684 0.069428502
23.166 1963233.627 0.069417668
23.157 1963640.974 0.069406091
23.147 1964074.709 0.069393772
23.137 1964534.813 0.069380714
23.126 1965021.268 0.069366920
23.115 1965534.053 0.069352394
23.103 1966073.148 0.069337138
23.090 1966638.529 0.069321156
23.077 1967230.173 0.069304452
23.063 1967848.056 0.069287029
23.049 1968492.153 0.069268892
23.034 1969162.436 0.069250044
23.019 1969858.879 0.069230490
23.003 1970581.452 0.069210234
22.986 1971330.127 0.069189281
22.969 1972104.871 0.069167635
22.951 1972905.655 0.069145302
22.933 1973732.444 0.069122286
22.914 1974585.206 0.069098593
22.895 1975463.905 0.069074228
22.875 1976368.507 0.069049196
22.854 1977298.973 0.069023503
22.833 1978255.267 0.068997155
22.812 1979237.351 0.068970157
22.789 1980245.183 0.068942516
22.767 1981278.725 0.068914238
22.744 1982337.934 0.068885328
22.720 1983422.768 0.068855794
22.696 1984533.184 0.068825643
22.671 1985669.137 0.068794879
22.645 1986830.583 0.068763512
22.620 1988017.475 0.068731546
22.593 1989229.766 0.068698990
22.566 1990467.408 0.068665851
22.539 1991730.353 0.068632135
22.511 1993018.551 0.068597850
22.482 1994331.951 0.068563005
22.453 1995670.503 0.068527605
22.424 1997034.154 0.068491660
22.394 1998422.850 0.068455176
22.364 1999836.539 0.068418162
22.333 2001275.165 0.068380626
22.301 2002738.673 0.068342575
22.269 2004227.007 0.068304019
22.237 2005740.110 0.068264965
22.204 2007277.924 0.068225422
22.170 2008840.390 0.068185398
22.137 2010427.449 0.068144902
22.102 2012039.041 0.068103943
22.067 2013675.105 0.068062529
22.032 2015335.579 0.068020669
21.996 2017020.402 0.067978371
21.960 2018729.510 0.067935646
21.924 2020462.840 0.067892502
21.886 2022220.327 0.067848948
21.849 2024001.907 0.067804993
21.811 2025807.513 0.067760647
21.772 2027637.080 0.067715918
21.734 2029490.540 0.067670817
21.694 2031367.826 0.067625353
21.655 2033268.869 0.067579535
21.614 2035193.601 0.067533372
21.574 2037141.953 0.067486875
21.533 2039113.854 0.067440053
21.491 2041109.233 0.067392916
21.450 2043128.020 0.067345473
21.407 2045170.144 0.067297735
21.365 2047235.531 0.067249710
21.322 2049324.109 0.067201410
21.278 2051435.804 0.067152844
21.234 2053570.544 0.067104021
21.190 2055728.253 0.067054953
21.146 2057908.857 0.067005648
21.101 2060112.280 0.066956118
21.055 2062338.447 0.066906372
21.010 2064587.282 0.066856420
20.964 2066858.708 0.066806272
20.917 2069152.647 0.066755939
20.870 2071469.023 0.066705430
20.823 2073807.758 0.066654757
20.776 2076168.773 0.066603929
20.728 2078551.989 0.066552956
20.680 2080957.329 0.066501849
20.631 2083384.711 0.066450618
20.582 2085834.056 0.066399274
20.533 2088305.284 0.066347826
20.484 2090798.315 0.066296285
20.434 2093313.068 0.066244661
20.383 2095849.462 0.066192965
20.333 2098407.415 0.066141207
20.282 2100986.845 0.066089397
20.231 2103587.671 0.066037546
20.180 2106209.811 0.065985664
20.128 2108853.180 0.065933761
20.076 2111517.698 0.065881848
20.024 2114203.281 0.065829934
2591655.307 0.034
2578952.163 0.035
2566257.210 0.035
2553570.621 0.035
2540892.572 0.036
2528223.243 0.036
2515562.816 0.036
2502911.477 0.037
2490269.416 0.037
2477636.824 0.038
2465013.899 0.038
2452400.841 0.038
2439797.852 0.039
2427205.141 0.039
2414622.919 0.040
2402051.401 0.040
2389490.806 0.040
2376941.359 0.041
2364403.287 0.041
2351876.822 0.042
2339362.201 0.042
2326859.666 0.043
2314369.463 0.043
2301891.841 0.043
2289427.059 0.044
2276975.375 0.044
2264537.057 0.045
2252112.375 0.045
2239701.607 0.046
2227305.035 0.046
2214922.947 0.047
2202555.637 0.047
2190203.406 0.048
2177866.559 0.048
2165545.408 0.049
2153240.274 0.049
2140951.481 0.050
2128679.361 0.051
2116424.255 0.051
2104186.509 0.052
2091966.476 0.052
2079764.518 0.053
2067581.004 0.054
2055416.311 0.054
2043270.824 0.055
2031144.936 0.055
2019039.049 0.056
2006953.574 0.057
1994888.930 0.057
1982845.546 0.058
1970823.860 0.059
1958824.320 0.059
1946847.384 0.060
1934893.520 0.061
1922963.206 0.062
1911056.931 0.062
1899175.194 0.063
1887318.508 0.064
1875487.395 0.065
1863682.390 0.065
1851904.039 0.066
1840152.901 0.067
1828429.549 0.068
1816734.568 0.069
1805068.555 0.070
1793432.124 0.070
1781825.901 0.071
1770250.526 0.072
1758706.655 0.073
1747194.960 0.074
1735716.125 0.075
1724270.855 0.076
1712859.868 0.077
1701483.900 0.078
1690143.702 0.079
1678840.047 0.080
1667573.723 0.081
1656345.536 0.082
1645156.312 0.083
1634006.898 0.084
1622898.159 0.085
1611830.979 0.086
1600806.266 0.088
1589824.948 0.089
1578887.974 0.090
1567996.317 0.091
1557150.970 0.092
1546352.952 0.094
1535603.305 0.095
1524903.095 0.096
1514253.413 0.097
1503655.376 0.099
1493110.126 0.100
1482618.832 0.101
1472182.689 0.103
1461802.921 0.104
1451480.780 0.106
1441217.544 0.107
1431014.522 0.108
1420873.054 0.110
1410794.506 0.111
1400780.278 0.113
1390831.800 0.114
1380950.532 0.116
1371137.967 0.117
1361395.631 0.119
1351725.081 0.121
1342127.908 0.122
1332605.735 0.124
1323160.221 0.126
1313793.057 0.127
1304505.968 0.129
1295300.714 0.131
1286179.090 0.132
1277142.923 0.134
1268194.077 0.136
1259334.450 0.138
1250565.973 0.139
1241890.612 0.141
1233310.368 0.143
1224827.274 0.145
1216443.396 0.147
1208160.834 0.149
1199981.719 0.150
1191908.213 0.152
1183942.509 0.154
1176086.831 0.156
1168343.428 0.158
1160714.580 0.160
1153202.590 0.162
1145809.787 0.164
1138538.522 0.166
1131391.168 0.167
1124370.117 0.169
1117477.777 0.171
1110716.573 0.173
1104088.940 0.175
1097597.326 0.177
1091244.182 0.179
1085031.968 0.181
1078963.143 0.182
1073040.164 0.184
1067265.482 0.186
1061641.541 0.188
1056170.772 0.190
1050855.589 0.191
1045698.385 0.193
1040701.530 0.195
1035867.365 0.196
1031198.196 0.198
1026696.295 0.199
1022363.887 0.201
1018203.155 0.202
1014216.227 0.204
1010405.178 0.205
1006772.020 0.206
1003318.699 0.208
1000047.093 0.209
996959.004 0.210
994056.154 0.211
991340.183 0.212
988812.641 0.213
986474.986 0.214
984328.581 0.215
982374.688 0.216
980614.465 0.216
979048.964 0.217
977679.127 0.217
976505.783 0.218
975529.645 0.218
974751.310 0.219
974171.255 0.219
973789.836 0.219
973607.289 0.219
973623.726 0.219
973839.137 0.219
974253.389 0.219
974866.227 0.219
975677.275 0.218
976686.034 0.218
977891.891 0.217
979294.110 0.217
980891.846 0.216
982684.138 0.215
984669.916 0.215
986848.004 0.214
989217.124 0.213
991775.897 0.212
994522.850 0.211
997456.416 0.210
1000574.942 0.209
1003876.693 0.208
1007359.853 0.206
1011022.534 0.205
1014862.779 0.204
1018878.563 0.202
1023067.803 0.201
1027428.362 0.199
1031958.051 0.198
1036654.634 0.196
1041515.835 0.194
1046539.342 0.193
1051722.807 0.191
1057063.858 0.189
1062560.098 0.188
1068209.109 0.186
1074008.458 0.184
1079955.700 0.182
1086048.382 0.180
1092284.047 0.178
1098660.235 0.177
1105174.488 0.175
1111824.355 0.173
1118607.391 0.171
1125521.160 0.169
1132563.242 0.167
1139731.231 0.165
1147022.737 0.163
1154435.391 0.161
1161966.846 0.160
1169614.777 0.158
1177376.884 0.156
1185250.894 0.154
1193234.559 0.152
1201325.662 0.150
1209522.015 0.148
1217821.461 0.146
1226221.874 0.145
1234721.160 0.143
1243317.257 0.141
1252008.138 0.139
1260791.808 0.137
1269666.307 0.136
1278629.709 0.134
1287680.121 0.132
1296815.687 0.130
1306034.584 0.129
1315335.023 0.127
1324715.249 0.125
1334173.544 0.124
1343708.221 0.122
1353317.629 0.120
1363000.148 0.119
1372754.193 0.117
1382578.213 0.116
1392470.688 0.114
1402430.129 0.113
1412455.082 0.111
1422544.121 0.110
1432695.854 0.108
1442908.916 0.107
1453181.974 0.105
1463513.725 0.104
1473902.893 0.103
1484348.232 0.101
1494848.524 0.100
1505402.576 0.098
1516009.225 0.097
1526667.333 0.096
1537375.787 0.095
1548133.500 0.093
1558939.410 0.092
1569792.479 0.091
1580691.694 0.090
1591636.063 0.089
1602624.617 0.087
1613656.412 0.086
1624730.522 0.085
1635846.044 0.084
1647002.097 0.083
1658197.818 0.082
1669432.365 0.081
1680704.915 0.080
1692014.665 0.079
1703360.827 0.078
1714742.636 0.077
1726159.341 0.076
1737610.209 0.075
1749094.524 0.074
1760611.586 0.073
1772160.711 0.072
1783741.231 0.071
1795352.493 0.070
1806993.858 0.069
1818664.703 0.069
1830364.416 0.068
1842092.403 0.067
1853848.081 0.066
1865630.878 0.065
1877440.239 0.065
1889275.619 0.064
1901136.484 0.063
1913022.315 0.062
1924932.601 0.061
1936866.845 0.061
1948824.560 0.060
1960805.268 0.059
1972808.504 0.059
1984833.811 0.058
1996880.743 0.057
2008948.865 0.057
2021037.747 0.056
2033146.973 0.055
2045276.134 0.055
2057424.828 0.054
2069592.664 0.053
2081779.258 0.053
2093984.235 0.052
2106207.227 0.052
2118447.873 0.051
2130705.822 0.050
2142980.727 0.050
2155272.251 0.049
2167580.062 0.049
2179903.836 0.048
2192243.255 0.048
2204598.008 0.047
2216967.789 0.047
2229352.299 0.046
2241751.246 0.046
2254164.342 0.045
2266591.305 0.045
2279031.860 0.044
2291485.737 0.044
2303952.669 0.043
2316432.397 0.043
2328924.666 0.042
2341429.226 0.042
2353945.831 0.042
2366474.241 0.041
2379014.220 0.041
2391565.537 0.040
2404127.963 0.040
2416701.277 0.039
2429285.260 0.039
2441879.696 0.039
2454484.376 0.038
2467099.092 0.038
2479723.641 0.038
2492357.824 0.037
2505001.446 0.037
2517654.313 0.036
2530316.238 0.036
2542987.035 0.036
2555666.522 0.035
2568354.520 0.035
2581050.854 0.035
2593755.350 0.034
2606467.840 0.034
2619188.156 0.034
2631916.135 0.033
2644651.616 0.033
2657394.440 0.033
2670144.453 0.032
2682901.501 0.032
2695665.433 0.032
2708436.103 0.032
2721213.365 0.031
2733997.075 0.031
2746787.093 0.031
2759583.281 0.030
2772385.503 0.030
2785193.625 0.030
2798007.515 0.030
2810827.044 0.029
2823652.083 0.029
2836482.509 0.029
2849318.197 0.029
2862159.025 0.028
2875004.874 0.028
2887855.626 0.028
2900711.166 0.028
2913571.378 0.027
2926436.150 0.027
2939305.372 0.027
2952178.935 0.027
2965056.730 0.026
2977938.653 0.026
2990824.598 0.026
3003714.463 0.026
3016608.147 0.026
3029505.550 0.025
3042406.574 0.025
3055311.121 0.025
3068219.097 0.025
3081130.406 0.024
3094044.957 0.024
3106962.657 0.024
3119883.417 0.024
3132807.146 0.024
3145733.759 0.024
3158663.168 0.023
3171595.287 0.023
3184530.032 0.023
3197467.321 0.023
3210407.072 0.023
3223349.202 0.022
3236293.634 0.022
3249240.288 0.022
3262189.085 0.022
3275139.951 0.022
3288092.808 0.022
3301047.582 0.021
3314004.200 0.021
3326962.588 0.021
3339922.674 0.021
3352884.389 0.021
3365847.660 0.021
3378812.420 0.020
3391778.599 0.020
3404746.131 0.020
3417714.948 0.020
3430684.985 0.020
3443656.176 0.020
3456628.457 0.020
3469601.764 0.019
3482576.035 0.019
3495551.207 0.019
3508527.219 0.019
3521504.011 0.019
3534481.522 0.019
3547459.693 0.019
3560438.465 0.018
3573417.781 0.018
3586397.583 0.018
3599377.814 0.018
3612358.419 0.018
3625339.341 0.018
3638320.527 0.018
3651301.922 0.018
3664283.472 0.017
3677265.124 0.017
3690246.826 0.017
3703228.526 0.017
3716210.172 0.017
3729191.713 0.017
3742173.099 0.017
3755154.281 0.017
3768135.209 0.016
3781115.833 0.016
3794096.107 0.016
3807075.981 0.016
3820055.409 0.016
3833034.344 0.016
3846012.739 0.016
3858990.548 0.016
3871967.726 0.016
3884944.227 0.015
3897920.008 0.015
3910895.023 0.015
3923869.229 0.015
3936842.582 0.015
3949815.040 0.015
3962786.560 0.015
3975757.099 0.015
3988726.616 0.015
4001695.070 0.015
4014662.418 0.014
4027628.621 0.014
4040593.638 0.014
4053557.429 0.014
4066519.955 0.014
4079481.175 0.014
4092441.052 0.014
4105399.546 0.014
4118356.619 0.014
4131312.234 0.014
4144266.352 0.014
4157218.936 0.014
4170169.949 0.013
4183119.354 0.013
4196067.116 0.013
4209013.197 0.013
4221957.562 0.013
4234900.175 0.013
4247841.001 0.013
4260780.005 0.013
4273717.152 0.013
4286652.408 0.013
4299585.738 0.013
4312517.109 0.013
4325446.486 0.013
4338373.837 0.012
4351299.129 0.012
4364222.327 0.012
4377143.400 0.012
4390062.315 0.012
4402979.040 0.012
4415893.543 0.012
4428805.791 0.012
4441715.755 0.012
4454623.401 0.012
4467528.700 0.012
4480431.619 0.012
4493332.130 0.012
4506230.200 0.012
4519125.800 0.011
4532018.900 0.011
4544909.470 0.011
4557797.479 0.011
4570682.900 0.011
4583565.702 0.011
4596445.857 0.011
4609323.335 0.011
4622198.108 0.011
4635070.147 0.011
4647939.425 0.011
4660805.912 0.011
4673669.581 0.011
4686530.404 0.011
4699388.353 0.011
4712243.401 0.011
4725095.521 0.010
4737944.685 0.010
4750790.867 0.010
4763634.039 0.010
4776474.175 0.010
4789311.248 0.010
4802145.233 0.010
4814976.102 0.010
4827803.831 0.010
4840628.392 0.010
4853449.760 0.010
4866267.910 0.010
4879082.816 0.010
4891894.452 0.010
4904702.794 0.010
4917507.816 0.010
4930309.494 0.010
4943107.802 0.010
4955902.716 0.010
4968694.212 0.009
4981482.265 0.009
4994266.850 0.009
5007047.944 0.009
5019825.523 0.009
5032599.562 0.009
5045370.038 0.009
5058136.927 0.009
5070900.206 0.009
5083659.851 0.009
5096415.839 0.009
5109168.146 0.009
5121916.749 0.009
5134661.626 0.009
5147402.754 0.009
5160140.110 0.009
5172873.670 0.009
5185603.413 0.009
5198329.317 0.009
5211051.358 0.009
5223769.514 0.009
5236483.764 0.009
5249194.085 0.009
5261900.455 0.008
5274602.852 0.008
5287301.255 0.008
5299995.642 0.008
5312685.992 0.008
5325372.282 0.008
0.0 0.0 0.0
0.0 0.0 0.0
0.0 0.0 0.0
0.0 0.0 0.0
0.0 0.0 0.0
0.0 0.0 0.0
0.0 0.0 0.0
0.0 0.0 0.0
0.0 0.0 0.0
0.0 0.0 0.0
0.0 0.0 0.0
0.0 0.0 0.0
0.0 0.0 0.0
0.0 0.0 0.0
0.0 0.0 0.0
0.0 0.0 0.0
0.0 0.0 0.0
0.0 0.0 0.0
0.0 0.0 0.0
0.0 0.0 0.0
0.0 0.0 0.0
0.0 0.0 0.0
0.0 0.0 0.0
0.0 0.0 0.0
0.0 0.0 0.0
0.0 0.0 0.0
0.0 0.0 0.0
0.0 0.0 0.0
0.0 0.0 0.0
0.0 0.0 0.0
0.0 0.0 0.0
0.0 0.0 0.0
0.0 0.0 0.0
0.0 0.0 0.0
0.0 0.0 0.0
0.0 0.0 0.0
0.0 0.0 0.0
0.0 0.0 0.0
0.0 0.0 0.0
0.0 0.0 0.0
0.0 0.0 0.0
0.0 0.0 0.0
0.0 0.0 0.0
0.0 0.0 0.0
0.0 0.0 0.0
0.0 0.0 0.0
0.0 0.0 0.0
0.0 0.0 0.0
0.0 0.0 0.0
0.0 0.0 0.0
0.0 0.0 0.0
0.0 0.0 0.0
0.0 0.0 0.0
0.0 0.0 0.0
0.0 0.0 0.0
0.0 0.0 0.0
0.0 0.0 0.0
0.0 0.0 0.0
0.0 0.0 0.0
0.0 0.0 0.0
0.0 0.0 0.0
0.0 0.0 0.0
0.0 0.0 0.0
0.0 0.0 0.0
0.0 0.0 0.0
0.0 0.0 0.0
0.0 0.0 0.0
0.0 0.0 0.0
0.0 0.0 0.0
0.0 0.0 0.0
0.0 0.0 0.0
0.0 0.0 0.0
0.0 0.0 0.0
0.0 0.0 0.0
0.0 0.0 0.0
0.0 0.0 0.0
0.0 0.0 0.0
0.0 0.0 0.0
0.0 0.0 0.0
0.0 0.0 0.0
0.0 0.0 0.0
0.0 0.0 0.0
0.0 0.0 0.0
0.0 0.0 0.0
0.0 0.0 0.0
0.0 0.0 0.0
0.0 0.0 0.0
0.0 0.0 0.0
0.0 0.0 0.0
0.0 0.0 0.0
0.0 0.0 0.0
0.0 0.0 0.0
0.0 0.0 0.0
0.0 0.0 0.0
0.0 0.0 0.0
0.0 0.0 0.0
0.0 0.0 0.0
0.0 0.0 0.0
0.0 0.0 0.0
0.0 0.0 0.0
0.0 0.0 0.0
0.0 0.0 0.0
0.0 0.0 0.0
0.0 0.0 0.0
0.0 0.0 0.0
0.0 0.0 0.0
0.0 0.0 0.0
0.0 0.0 0.0
0.0 0.0 0.0
0.0 0.0 0.0
0.0 0.0 0.0
0.0 0.0 0.0
0.0 0.0 0.0
0.0 0.0 0.0
0.0 0.0 0.0
0.0 0.0 0.0
0.0 0.0 0.0
0.0 0.0 0.0
0.0 0.0 0.0
0.0 0.0 0.0
0.0 0.0 0.0
0.0 0.0 0.0
0.0 0.0 0.0
0.0 0.0 0.0
0.0 0.0 0.0
0.0 0.0 0.0
0.0 0.0 0.0
0.0 0.0 0.0
0.0 0.0 0.0
0.0 0.0 0.0
0.0 0.0 0.0
0.0 0.0 0.0
0.0 0.0 0.0
0.0 0.0 0.0
0.0 0.0 0.0
0.0 0.0 0.0
0.0 0.0 0.0
0.0 0.0 0.0
0.0 0.0 0.0
0.0 0.0 0.0
0.0 0.0 0.0
0.0 0.0 0.0
0.0 0.0 0.0
0.0 0.0 0.0
0.0 0.0 0.0
0.0 0.0 0.0
0.0 0.0 0.0
0.0 0.0 0.0
0.0 0.0 0.0
0.0 0.0 0.0
0.0 0.0 0.0
0.0 0.0 0.0
0.0 0.0 0.0
0.0 0.0 0.0
0.0 0.0 0.0
0.0 0.0 0.0
0.0 0.0 0.0
0.0 0.0 0.0
0.0 0.0 0.0
0.0 0.0 0.0
0.0 0.0 0.0
0.0 0.0 0.0
0.0 0.0 0.0
0.0 0.0 0.0
0.0 0.0 0.0
0.0 0.0 0.0
0.0 0.0 0.0
0.0 0.0 0.0
0.0 0.0 0.0
0.0 0.0 0.0
0.0 0.0 0.0
0.0 0.0 0.0
0.0 0.0 0.0
0.0 0.0 0.0
0.0 0.0 0.0
0.0 0.0 0.0
0.0 0.0 0.0
0.0 0.0 0.0
0.0 0.0 0.0
0.0 0.0 0.0
0.0 0.0 0.0
0.0 0.0 0.0
0.0 0.0 0.0
0.0 0.0 0.0
0.0 0.0 0.0
0.0 0.0 0.0
0.0 0.0 0.0
0.0 0.0 0.0
0.0 0.0 0.0
0.0 0.0 0.0
0.0 0.0 0.0
0.0 0.0 0.0
0.0 0.0 0.0
0.0 0.0 0.0
0.0 0.0 0.0
0.0 0.0 0.0
0.0 0.0 0.0
0.0 0.0 0.0
0.0 0.0 0.0
0.0 0.0 0.0
0.0 0.0 0.0
0.0 0.0 0.0
0.0 0.0 0.0
0.0 0.0 0.0
0.0 0.0 0.0
0.0 0.0 0.0
0.0 0.0 0.0
0.0 0.0 0.0
0.0 0.0 0.0
0.0 0.0 0.0
0.0 0.0 0.0
0.0 0.0 0.0
0.0 0.0 0.0
0.0 0.0 0.0
0.0 0.0 0.0
0.0 0.0 0.0
0.0 0.0 0.0
0.0 0.0 0.0
0.0 0.0 0.0
0.0 0.0 0.0
0.0 0.0 0.0
0.0 0.0 0.0
0.0 0.0 0.0
0.0 0.0 0.0
0.0 0.0 0.0
0.0 0.0 0.0
0.0 0.0 0.0
0.0 0.0 0.0
0.0 0.0 0.0
0.0 0.0 0.0
0.0 0.0 0.0
0.0 0.0 0.0
0.0 0.0 0.0
0.0 0.0 0.0
0.0 0.0 0.0
0.0 0.0 0.0
0.0 0.0 0.0
0.0 0.0 0.0
0.0 0.0 0.0
0.0 0.0 0.0
0.0 0.0 0.0
0.0 0.0 0.0
0.0 0.0 0.0
0.0 0.0 0.0
0.0 0.0 0.0
0.0 0.0 0.0
0.0 0.0 0.0
0.0 0.0 0.0
0.0 0.0 0.0
0.0 0.0 0.0
0.0 0.0 0.0
0.0 0.0 0.0
0.0 0.0 0.0
0.0 0.0 0.0
0.0 0.0 0.0
0.0 0.0 0.0
0.0 0.0 0.0
0.0 0.0 0.0
0.0 0.0 0.0
0.0 0.0 0.0
0.0 0.0 0.0
0.0 0.0 0.0
0.0 0.0 0.0
0.0 0.0 0.0
0.0 0.0 0.0
0.0 0.0 0.0
0.0 0.0 0.0
0.0 0.0 0.0
0.0 0.0 0.0
0.0 0.0 0.0
0.0 0.0 0.0
0.0 0.0 0.0
0.0 0.0 0.0
0.0 0.0 0.0
0.0 0.0 0.0
0.0 0.0 0.0
0.0 0.0 0.0
0.0 0.0 0.0
0.0 0.0 0.0
0.0 0.0 0.0
0.0 0.0 0.0
0.0 0.0 0.0
0.0 0.0 0.0
0.0 0.0 0.0
0.0 0.0 0.0
0.0 0.0 0.0
0.0 0.0 0.0
0.0 0.0 0.0
0.0 0.0 0.0
0.0 0.0 0.0
0.0 0.0 0.0
0.0 0.0 0.0
0.0 0.0 0.0
0.0 0.0 0.0
0.0 0.0 0.0
0.0 0.0 0.0
0.0 0.0 0.0
0.0 0.0 0.0
0.0 0.0 0.0
0.0 0.0 0.0
0.0 0.0 0.0
0.0 0.0 0.0
0.0 0.0 0.0
0.0 0.0 0.0
0.0 0.0 0.0
0.0 0.0 0.0
0.0 0.0 0.0
0.0 0.0 0.0
0.0 0.0 0.0
0.0 0.0 0.0
0.0 0.0 0.0
0.0 0.0 0.0
0.0 0.0 0.0
0.0 0.0 0.0
0.0 0.0 0.0
0.0 0.0 0.0
0.0 0.0 0.0
0.0 0.0 0.0
0.0 0.0 0.0
0.0 0.0 0.0
0.0 0.0 0.0
0.0 0.0 0.0
0.0 0.0 0.0
0.0 0.0 0.0
0.0 0.0 0.0
0.0 0.0 0.0
0.0 0.0 0.0
0.0 0.0 0.0
0.0 0.0 0.0
0.0 0.0 0.0
0.0 0.0 0.0
0.0 0.0 0.0
0.0 0.0 0.0
0.0 0.0 0.0
0.0 0.0 0.0
0.0 0.0 0.0
0.0 0.0 0.0
0.0 0.0 0.0
0.0 0.0 0.0
0.0 0.0 0.0
0.0 0.0 0.0
0.0 0.0 0.0
0.0 0.0 0.0
0.0 0.0 0.0
0.0 0.0 0.0
0.0 0.0 0.0
0.0 0.0 0.0
0.0 0.0 0.0
0.0 0.0 0.0
0.0 0.0 0.0
0.0 0.0 0.0
0.0 0.0 0.0
0.0 0.0 0.0
0.0 0.0 0.0
0.0 0.0 0.0
0.0 0.0 0.0
0.0 0.0 0.0
0.0 0.0 0.0
0.0 0.0 0.0
0.0 0.0 0.0
0.0 0.0 0.0
0.0 0.0 0.0
0.0 0.0 0.0
0.0 0.0 0.0
0.0 0.0 0.0
0.0 0.0 0.0
0.0 0.0 0.0
0.0 0.0 0.0
0.0 0.0 0.0
0.0 0.0 0.0
0.0 0.0 0.0
0.0 0.0 0.0
0.0 0.0 0.0
0.0 0.0 0.0
0.0 0.0 0.0
0.0 0.0 0.0
0.0 0.0 0.0
0.0 0.0 0.0
0.0 0.0 0.0
0.0 0.0 0.0
0.0 0.0 0.0
0.0 0.0 0.0
0.0 0.0 0.0
0.0 0.0 0.0
0.0 0.0 0.0
0.0 0.0 0.0
0.0 0.0 0.0
0.0 0.0 0.0
0.0 0.0 0.0
0.0 0.0 0.0
0.0 0.0 0.0
0.0 0.0 0.0
0.0 0.0 0.0
0.0 0.0 0.0
0.0 0.0 0.0
0.0 0.0 0.0
0.0 0.0 0.0
0.0 0.0 0.0
0.0 0.0 0.0
0.0 0.0 0.0
0.0 0.0 0.0
0.0 0.0 0.0
0.0 0.0 0.0
0.0 0.0 0.0
0.0 0.0 0.0
0.0 0.0 0.0
0.0 0.0 0.0
0.0 0.0 0.0
0.0 0.0 0.0
0.0 0.0 0.0
0.0 0.0 0.0
0.0 0.0 0.0
0.0 0.0 0.0
0.0 0.0 0.0
0.0 0.0 0.0
0.0 0.0 0.0
0.0 0.0 0.0
0.0 0.0 0.0
0.0 0.0 0.0
0.0 0.0 0.0
0.0 0.0 0.0
0.0 0.0 0.0
0.0 0.0 0.0
0.0 0.0 0.0
0.0 0.0 0.0
0.0 0.0 0.0
0.0 0.0 0.0
0.0 0.0 0.0
0.0 0.0 0.0
0.0 0.0 0.0
0.0 0.0 0.0
0.0 0.0 0.0
0.0 0.0 0.0
0.0 0.0 0.0
0.0 0.0 0.0
0.0 0.0 0.0
0.0 0.0 0.0
0.0 0.0 0.0
0.0 0.0 0.0
0.0 0.0 0.0
0.0 0.0 0.0
0.0 0.0 0.0
0.0 0.0 0.0
0.0 0.0 0.0
0.0 0.0 0.0
0.0 0.0 0.0
0.0 0.0 0.0
0.0 0.0 0.0
0.0 0.0 0.0
0.0 0.0 0.0
0.0 0.0 0.0
0.0 0.0 0.0
0.0 0.0 0.0
0.0 0.0 0.0
0.0 0.0 0.0
0.0 0.0 0.0
0.0 0.0 0.0
0.0 0.0 0.0
0.0 0.0 0.0
0.0 0.0 0.0
0.0 0.0 0.0
0.0 0.0 0.0
0.0 0.0 0.0
0.0 0.0 0.0
0.0 0.0 0.0
0.0 0.0 0.0
0.0 0.0 0.0
0.0 0.0 0.0
0.0 0.0 0.0
0.0 0.0 0.0
0.0 0.0 0.0
0.0 0.0 0.0
0.0 0.0 0.0
0.0 0.0 0.0
0.0 0.0 0.0
0.0 0.0 0.0
0.0 0.0 0.0
0.0 0.0 0.0
0.0 0.0 0.0
0.0 0.0 0.0
0.0 0.0 0.0
0.0 0.0 0.0
0.0 0.0 0.0
0.0 0.0 0.0
0.0 0.0 0.0
0.0 0.0 0.0
0.0 0.0 0.0
0.0 0.0 0.0
0.0 0.0 0.0
0.0 0.0 0.0
0.0 0.0 0.0
0.0 0.0 0.0
0.0 0.0 0.0
0.0 0.0 0.0
0.0 0.0 0.0
0.0 0.0 0.0
0.0 0.0 0.0
0.0 0.0 0.0
0.0 0.0 0.0
0.0 0.0 0.0
0.0 0.0 0.0
0.0 0.0 0.0
0.0 0.0 0.0
0.0 0.0 0.0
0.0 0.0 0.0
0.0 0.0 0.0
0.0 0.0 0.0
0.0 0.0 0.0
0.0 0.0 0.0
0.0 0.0 0.0
0.0 0.0 0.0
0.0 0.0 0.0
0.0 0.0 0.0
0.0 0.0 0.0
0.0 0.0 0.0
0.0 0.0 0.0
0.0 0.0 0.0
0.0 0.0 0.0
0.0 0.0 0.0
0.0 0.0 0.0
0.0 0.0 0.0
0.0 0.0 0.0
0.0 0.0 0.0
0.0 0.0 0.0
0.0 0.0 0.0
0.0 0.0 0.0
0.0 0.0 0.0
0.0 0.0 0.0
0.0 0.0 0.0
0.0 0.0 0.0
0.0 0.0 0.0
0.0 0.0 0.0
0.0 0.0 0.0
0.0 0.0 0.0
0.0 0.0 0.0
0.0 0.0 0.0
0.0 0.0 0.0
0.0 0.0 0.0
0.0 0.0 0.0
0.0 0.0 0.0
0.0 0.0 0.0
0.0 0.0 0.0
0.0 0.0 0.0
0.0 0.0 0.0
0.0 0.0 0.0
0.0 0.0 0.0
0.0 0.0 0.0
0.0 0.0 0.0
0.0 0.0 0.0
0.0 0.0 0.0
0.0 0.0 0.0
0.0 0.0 0.0
0.0 0.0 0.0
0.0 0.0 0.0
0.0 0.0 0.0
0.0 0.0 0.0
0.0 0.0 0.0
0.0 0.0 0.0
0.0 0.0 0.0
0.0 0.0 0.0
0.0 0.0 0.0
0.0 0.0 0.0
0.0 0.0 0.0
0.0 0.0 0.0
0.0 0.0 0.0
0.0 0.0 0.0
0.0 0.0 0.0
0.0 0.0 0.0
0.0 0.0 0.0
0.0 0.0 0.0
0.0 0.0 0.0
0.0 0.0 0.0
0.0 0.0 0.0
0.0 0.0 0.0
0.0 0.0 0.0
0.0 0.0 0.0
0.0 0.0 0.0
0.0 0.0 0.0
0.0 0.0 0.0
0.0 0.0 0.0
0.0 0.0 0.0
0.0 0.0 0.0
0.0 0.0 0.0
0.0 0.0 0.0
0.0 0.0 0.0
0.0 0.0 0.0
0.0 0.0 0.0
0.0 0.0 0.0
0.0 0.0 0.0
0.0 0.0 0.0
0.0 0.0 0.0
0.0 0.0 0.0
0.0 0.0 0.0
0.0 0.0 0.0
0.0 0.0 0.0
0.0 0.0 0.0
0.0 0.0 0.0
0.0 0.0 0.0
0.0 0.0 0.0
0.0 0.0 0.0
0.0 0.0 0.0
0.0 0.0 0.0
0.0 0.0 0.0
0.0 0.0 0.0
0.0 0.0 0.0
0.0 0.0 0.0
0.0 0.0 0.0
0.0 0.0 0.0
0.0 0.0 0.0
0.0 0.0 0.0
0.0 0.0 0.0
0.0 0.0 0.0
0.0 0.0 0.0
0.0 0.0 0.0
0.0 0.0 0.0
0.0 0.0 0.0
0.0 0.0 0.0
0.0 0.0 0.0
0.0 0.0 0.0
0.0 0.0 0.0
0.0 0.0 0.0
0.0 0.0 0.0
0.0 0.0 0.0
0.0 0.0 0.0
0.0 0.0 0.0
0.0 0.0 0.0
0.0 0.0 0.0
0.0 0.0 0.0
0.0 0.0 0.0
0.0 0.0 0.0
0.0 0.0 0.0
0.0 0.0 0.0
0.0 0.0 0.0
0.0 0.0 0.0
0.0 0.0 0.0
0.0 0.0 0.0
0.0 0.0 0.0
0.0 0.0 0.0
0.0 0.0 0.0
0.0 0.0 0.0
0.0 0.0 0.0
0.0 0.0 0.0
0.0 0.0 0.0
0.0 0.0 0.0
0.0 0.0 0.0
0.0 0.0 0.0
0.0 0.0 0.0
0.0 0.0 0.0
0.0 0.0 0.0
0.0 0.0 0.0
0.0 0.0 0.0
0.0 0.0 0.0
0.0 0.0 0.0
0.0 0.0 0.0
0.0 0.0 0.0
0.0 0.0 0.0
0.0 0.0 0.0
0.0 0.0 0.0
0.0 0.0 0.0
0.0 0.0 0.0
0.0 0.0 0.0
0.0 0.0 0.0
0.0 0.0 0.0
0.0 0.0 0.0
0.0 0.0 0.0
0.0 0.0 0.0
0.0 0.0 0.0
0.0 0.0 0.0
0.0 0.0 0.0
0.0 0.0 0.0
0.0 0.0 0.0
0.0 0.0 0.0
0.0 0.0 0.0
0.0 0.0 0.0
0.0 0.0 0.0
0.0 0.0 0.0
0.0 0.0 0.0
0.0 0.0 0.0
0.0 0.0 0.0
0.0 0.0 0.0
0.0 0.0 0.0
0.0 0.0 0.0
0.0 0.0 0.0
0.0 0.0 0.0
0.0 0.0 0.0
0.0 0.0 0.0
0.0 0.0 0.0
0.0 0.0 0.0
0.0 0.0 0.0
0.0 0.0 0.0
0.0 0.0 0.0
0.0 0.0 0.0
0.0 0.0 0.0
0.0 0.0 0.0
0.0 0.0 0.0
0.0 0.0 0.0
0.0 0.0 0.0
0.0 0.0 0.0
0.0 0.0 0.0
0.0 0.0 0.0
0.0 0.0 0.0
0.0 0.0 0.0
0.0 0.0 0.0
0.0 0.0 0.0
0.0 0.0 0.0
0.0 0.0 0.0
0.0 0.0 0.0
0.0 0.0 0.0
0.0 0.0 0.0
0.0 0.0 0.0
0.0 0.0 0.0
0.0 0.0 0.0
0.0 0.0 0.0
0.0 0.0 0.0
0.0 0.0 0.0
0.0 0.0 0.0
0.0 0.0 0.0
0.0 0.0 0.0
0.0 0.0 0.0
0.0 0.0 0.0
0.0 0.0 0.0
0.0 0.0 0.0
0.0 0.0 0.0
0.0 0.0 0.0
0.0 0.0 0.0
0.0 0.0 0.0
0.0 0.0 0.0
0.0 0.0 0.0
0.0 0.0 0.0
0.0 0.0 0.0
0.0 0.0 0.0
0.0 0.0 0.0
0.0 0.0 0.0
0.0 0.0 0.0
0.0 0.0 0.0
0.0 0.0 0.0
0.0 0.0 0.0
0.0 0.0 0.0
0.0 0.0 0.0
0.0 0.0 0.0
0.0 0.0 0.0
0.0 0.0 0.0
0.0 0.0 0.0
0.0 0.0 0.0
0.0 0.0 0.0
0.0 0.0 0.0
0.0 0.0 0.0
0.0 0.0 0.0
0.0 0.0 0.0
0.0 0.0 0.0
0.0 0.0 0.0
0.0 0.0 0.0
0.0 0.0 0.0
0.0 0.0 0.0
0.0 0.0 0.0
0.0 0.0 0.0
0.0 0.0 0.0
0.0 0.0 0.0
0.0 0.0 0.0
0.0 0.0 0.0
0.0 0.0 0.0
0.0 0.0 0.0
0.0 0.0 0.0
0.0 0.0 0.0
0.0 0.0 0.0
0.0 0.0 0.0
0.0 0.0 0.0
0.0 0.0 0.0
0.0 0.0 0.0
0.0 0.0 0.0
0.0 0.0 0.0
0.0 0.0 0.0
0.0 0.0 0.0
0.0 0.0 0.0
0.0 0.0 0.0
0.0 0.0 0.0
0.0 0.0 0.0
0.0 0.0 0.0
0.0 0.0 0.0
0.0 0.0 0.0
0.0 0.0 0.0
0.0 0.0 0.0
0.0 0.0 0.0
0.0 0.0 0.0
0.0 0.0 0.0
0.0 0.0 0.0
0.0 0.0 0.0
0.0 0.0 0.0
0.0 0.0 0.0
0.0 0.0 0.0
0.0 0.0 0.0
0.0 0.0 0.0
0.0 0.0 0.0
0.0 0.0 0.0
0.0 0.0 0.0
0.0 0.0 0.0
0.0 0.0 0.0
0.0 0.0 0.0
0.0 0.0 0.0
0.0 0.0 0.0
0.0 0.0 0.0
0.0 0.0 0.0
0.0 0.0 0.0
0.0 0.0 0.0
0.0 0.0 0.0
0.0 0.0 0.0
0.0 0.0 0.0
0.0 0.0 0.0
0.0 0.0 0.0
0.0 0.0 0.0
0.0 0.0 0.0
0.0 0.0 0.0
0.0 0.0 0.0
0.0 0.0 0.0
0.0 0.0 0.0
0.0 0.0 0.0
0.0 0.0 0.0
0.0 0.0 0.0
0.0 0.0 0.0
0.0 0.0 0.0
0.0 0.0 0.0
0.0 0.0 0.0
0.0 0.0 0.0
0.0 0.0 0.0
0.0 0.0 0.0
0.0 0.0 0.0
0.0 0.0 0.0
0.0 0.0 0.0
0.0 0.0 0.0
0.0 0.0 0.0
0.0 0.0 0.0
0.0 0.0 0.0
0.0 0.0 0.0
0.0 0.0 0.0
0.0 0.0 0.0
0.0 0.0 0.0
0.0 0.0 0.0
0.0 0.0 0.0
0.0 0.0 0.0
0.0 0.0 0.0
0.0 0.0 0.0
0.0 0.0 0.0
0.0 0.0 0.0
0.0 0.0 0.0
0.0 0.0 0.0
0.0 0.0 0.0
0.0 0.0 0.0
0.0 0.0 0.0
0.0 0.0 0.0
0.0 0.0 0.0
0.0 0.0 0.0
0.0 0.0 0.0
0.0 0.0 0.0
0.0 0.0 0.0
0.0 0.0 0.0
0.0 0.0 0.0
0.0 0.0 0.0
0.0 0.0 0.0
0.0 0.0 0.0
0.0 0.0 0.0
0.0 0.0 0.0
0.0 0.0 0.0
0.0 0.0 0.0
0.0 0.0 0.0
0.0 0.0 0.0
0.0 0.0 0.0
0.0 0.0 0.0
0.0 0.0 0.0
0.0 0.0 0.0
0.0 0.0 0.0
0.0 0.0 0.0
0.0 0.0 0.0
0.0 0.0 0.0
0.0 0.0 0.0
0.0 0.0 0.0
0.0 0.0 0.0
0.0 0.0 0.0
0.0 0.0 0.0
0.0 0.0 0.0
0.0 0.0 0.0
0.0 0.0 0.0
0.0 0.0 0.0
0.0 0.0 0.0
0.0 0.0 0.0
0.0 0.0 0.0
0.0 0.0 0.0
0.0 0.0 0.0
0.0 0.0 0.0
0.0 0.0 0.0
0.0 0.0 0.0
0.0 0.0 0.0
0.0 0.0 0.0
0.0 0.0 0.0
0.0 0.0 0.0
0.0 0.0 0.0
0.0 0.0 0.0
0.0 0.0 0.0
0.0 0.0 0.0
0.0 0.0 0.0
0.0 0.0 0.0
0.0 0.0 0.0
0.0 0.0 0.0
0.0 0.0 0.0
0.0 0.0 0.0
0.0 0.0 0.0
0.0 0.0 0.0
0.0 0.0 0.0
0.0 0.0 0.0
0.0 0.0 0.0
0.0 0.0 0.0
0.0 0.0 0.0
0.0 0.0 0.0
0.0 0.0 0.0
0.0 0.0 0.0
0.0 0.0 0.0
0.0 0.0 0.0
0.0 0.0 0.0
0.0 0.0 0.0
0.0 0.0 0.0
0.0 0.0 0.0
0.0 0.0 0.0
0.0 0.0 0.0
0.0 0.0 0.0
0.0 0.0 0.0
0.0 0.0 0.0
0.0 0.0 0.0
0.0 0.0 0.0
0.0 0.0 0.0
0.0 0.0 0.0
0.0 0.0 0.0
0.0 0.0 0.0
0.0 0.0 0.0
0.0 0.0 0.0
0.0 0.0 0.0
0.0 0.0 0.0
0.0 0.0 0.0
0.0 0.0 0.0
0.0 0.0 0.0
0.0 0.0 0.0
0.0 0.0 0.0
0.0 0.0 0.0
0.0 0.0 0.0
0.0 0.0 0.0
0.0 0.0 0.0
0.0 0.0 0.0
0.0 0.0 0.0
0.0 0.0 0.0
0.0 0.0 0.0
0.0 0.0 0.0
0.0 0.0 0.0
0.0 0.0 0.0
0.0 0.0 0.0
0.0 0.0 0.0
0.0 0.0 0.0
0.0 0.0 0.0
0.0 0.0 0.0
0.0 0.0 0.0
0.0 0.0 0.0
0.0 0.0 0.0
0.0 0.0 0.0
0.0 0.0 0.0
0.0 0.0 0.0
0.0 0.0 0.0
0.0 0.0 0.0
0.0 0.0 0.0
0.0 0.0 0.0
0.0 0.0 0.0
0.0 0.0 0.0
0.0 0.0 0.0
0.0 0.0 0.0
0.0 0.0 0.0
0.0 0.0 0.0
0.0 0.0 0.0
0.0 0.0 0.0
0.0 0.0 0.0
0.0 0.0 0.0
0.0 0.0 0.0
0.0 0.0 0.0
0.0 0.0 0.0
0.0 0.0 0.0
0.0 0.0 0.0
0.0 0.0 0.0
0.0 0.0 0.0
0.0 0.0 0.0
0.0 0.0 0.0
0.0 0.0 0.0
0.0 0.0 0.0
0.0 0.0 0.0
5333815.768 0.008
5321104.986 0.008
5308389.924 0.008
5295670.602 0.008
5282947.039 0.008
5270219.255 0.008
5257487.272 0.008
5244751.108 0.009
5232010.785 0.009
5219266.323 0.009
5206517.742 0.009
5193765.063 0.009
5181008.306 0.009
5168247.493 0.009
5155482.645 0.009
5142713.782 0.009
5129940.925 0.009
5117164.095 0.009
5104383.314 0.009
5091598.603 0.009
5078809.984 0.009
5066017.477 0.009
5053221.105 0.009
5040420.889 0.009
5027616.851 0.009
5014809.013 0.009
5001997.397 0.009
4989182.024 0.009
4976362.918 0.009
4963540.100 0.010
4950713.593 0.010
4937883.419 0.010
4925049.601 0.010
4912212.162 0.010
4899371.124 0.010
4886526.511 0.010
4873678.345 0.010
4860826.650 0.010
4847971.449 0.010
4835112.765 0.010
4822250.623 0.010
4809385.045 0.010
4796516.055 0.010
4783643.677 0.010
4770767.936 0.010
4757888.855 0.010
4745006.459 0.010
4732120.772 0.010
4719231.818 0.011
4706339.623 0.011
4693444.211 0.011
4680545.607 0.011
4667643.837 0.011
4654738.925 0.011
4641830.897 0.011
4628919.778 0.011
4616005.594 0.011
4603088.371 0.011
4590168.135 0.011
4577244.912 0.011
4564318.728 0.011
4551389.609 0.011
4538457.584 0.011
4525522.677 0.011
4512584.916 0.011
4499644.328 0.012
4486700.941 0.012
4473754.782 0.012
4460805.878 0.012
4447854.257 0.012
4434899.948 0.012
4421942.978 0.012
4408983.376 0.012
4396021.170 0.012
4383056.389 0.012
4370089.062 0.012
4357119.218 0.012
4344146.887 0.012
4331172.097 0.012
4318194.879 0.013
4305215.262 0.013
4292233.277 0.013
4279248.955 0.013
4266262.324 0.013
4253273.418 0.013
4240282.265 0.013
4227288.898 0.013
4214293.349 0.013
4201295.648 0.013
4188295.828 0.013
4175293.921 0.013
4162289.960 0.013
4149283.976 0.014
4136276.004 0.014
4123266.076 0.014
4110254.226 0.014
4097240.487 0.014
4084224.893 0.014
4071207.479 0.014
4058188.280 0.014
4045167.330 0.014
4032144.664 0.014
4019120.317 0.014
4006094.326 0.015
3993066.726 0.015
3980037.554 0.015
3967006.846 0.015
3953974.639 0.015
3940940.971 0.015
3927905.879 0.015
3914869.401 0.015
3901831.575 0.015
3888792.440 0.015
3875752.034 0.016
3862710.398 0.016
3849667.571 0.016
3836623.592 0.016
3823578.503 0.016
3810532.344 0.016
3797485.155 0.016
3784436.980 0.016
3771387.859 0.016
3758337.835 0.017
3745286.951 0.017
3732235.250 0.017
3719182.776 0.017
3706129.572 0.017
3693075.684 0.017
3680021.155 0.017
3666966.033 0.017
3653910.361 0.017
3640854.188 0.018
3627797.559 0.018
3614740.522 0.018
3601683.124 0.018
3588625.415 0.018
3575567.443 0.018
3562509.257 0.018
3549450.907 0.019
3536392.443 0.019
3523333.917 0.019
3510275.381 0.019
3497216.886 0.019
3484158.484 0.019
3471100.231 0.019
3458042.178 0.019
3444984.382 0.020
3431926.896 0.020
3418869.778 0.020
3405813.082 0.020
3392756.868 0.020
3379701.192 0.020
3366646.113 0.021
3353591.690 0.021
3340537.983 0.021
3327485.053 0.021
3314432.961 0.021
3301381.770 0.021
3288331.542 0.022
3275282.341 0.022
3262234.233 0.022
3249187.281 0.022
3236141.553 0.022
3223097.115 0.022
3210054.036 0.023
3197012.385 0.023
3183972.230 0.023
3170933.643 0.023
3157896.696 0.023
3144861.461 0.024
3131828.011 0.024
3118796.422 0.024
3105766.769 0.024
3092739.128 0.024
3079713.577 0.025
3066690.195 0.025
3053669.063 0.025
3040650.260 0.025
3027633.870 0.025
3014619.975 0.026
3001608.660 0.026
2988600.012 0.026
2975594.116 0.026
2962591.062 0.026
2949590.940 0.027
2936593.839 0.027
2923599.853 0.027
2910609.075 0.027
2897621.601 0.028
2884637.527 0.028
2871656.952 0.028
2858679.974 0.028
2845706.696 0.029
2832737.220 0.029
2819771.650 0.029
2806810.093 0.029
2793852.656 0.030
2780899.450 0.030
2767950.584 0.030
2755006.173 0.031
2742066.331 0.031
2729131.176 0.031
2716200.825 0.031
2703275.401 0.032
2690355.024 0.032
2677439.822 0.032
2664529.919 0.033
2651625.447 0.033
2638726.535 0.033
2625833.318 0.034
2612945.932 0.034
2600064.515 0.034
2587189.208 0.035
2574320.154 0.035
2561457.500 0.035
2548601.392 0.036
2535751.984 0.036
2522909.428 0.036
2510073.881 0.037
2497245.503 0.037
2484424.457 0.037
2471610.907 0.038
2458805.023 0.038
2446006.976 0.039
2433216.941 0.039
2420435.096 0.039
2407661.624 0.040
2394896.710 0.040
2382140.541 0.041
2369393.312 0.041
2356655.217 0.041
2343926.457 0.042
2331207.236 0.042
2318497.762 0.043
2305798.247 0.043
2293108.908 0.044
2280429.965 0.044
2267761.644 0.045
2255104.174 0.045
2242457.790 0.046
2229822.732 0.046
2217199.243 0.047
2204587.573 0.047
2191987.978 0.048
2179400.716 0.048
2166826.053 0.049
2154264.261 0.049
2141715.615 0.050
2129180.400 0.051
2116658.905 0.051
2104151.423 0.052
2091658.257 0.052
2079179.715 0.053
2066716.113 0.054
2054267.771 0.054
2041835.020 0.055
2029418.195 0.056
2017017.641 0.056
2004633.710 0.057
1992266.761 0.058
1979917.161 0.058
1967585.289 0.059
1955271.527 0.060
1942976.271 0.060
1930699.922 0.061
1918442.895 0.062
1906205.609 0.063
1893988.498 0.063
1881792.003 0.064
1869616.576 0.065
1857462.682 0.066
1845330.794 0.067
1833221.397 0.068
1821134.990 0.068
1809072.082 0.069
1797033.194 0.070
1785018.861 0.071
1773029.630 0.072
1761066.062 0.073
1749128.731 0.074
1737218.228 0.075
1725335.154 0.076
1713480.130 0.077
1701653.787 0.078
1689856.777 0.079
1678089.765 0.080
1666353.435 0.081
1654648.485 0.082
1642975.635 0.083
1631335.620 0.085
1619729.194 0.086
1608157.132 0.087
1596620.227 0.088
1585119.294 0.089
1573655.168 0.091
1562228.704 0.092
1550840.782 0.093
1539492.302 0.094
1528184.189 0.096
1516917.391 0.097
1505692.881 0.098
1494511.656 0.100
1483374.742 0.101
1472283.188 0.103
1461238.071 0.104
1450240.498 0.106
1439291.601 0.107
1428392.546 0.109
1417544.524 0.110
1406748.761 0.112
1396006.513 0.114
1385319.066 0.115
1374687.744 0.117
1364113.900 0.119
1353598.925 0.120
1343144.242 0.122
1332751.314 0.124
1322421.638 0.126
1312156.750 0.127
1301958.222 0.129
1291827.669 0.131
1281766.742 0.133
1271777.134 0.135
1261860.580 0.137
1252018.855 0.139
1242253.777 0.141
1232567.208 0.143
1222961.051 0.145
1213437.256 0.147
1203997.816 0.149
1194644.766 0.152
1185380.192 0.154
1176206.219 0.156
1167125.023 0.158
1158138.821 0.160
1149249.878 0.163
1140460.505 0.165
1131773.056 0.167
1123189.931 0.170
1114713.575 0.172
1106346.477 0.174
1098091.166 0.177
1089950.217 0.179
1081926.243 0.182
1074021.900 0.184
1066239.878 0.186
1058582.908 0.189
1051053.753 0.191
1043655.209 0.194
1036390.104 0.196
1029261.292 0.199
1022271.654 0.201
1015424.091 0.203
1008721.525 0.206
1002166.891 0.208
995763.137 0.210
989513.219 0.213
983420.094 0.215
977486.719 0.217
971716.044 0.220
966111.007 0.222
960674.532 0.224
955409.516 0.226
950318.831 0.228
945405.313 0.231
940671.758 0.233
936120.916 0.235
931755.481 0.236
927578.089 0.238
923591.308 0.240
919797.633 0.242
916199.477 0.243
912799.168 0.245
909598.937 0.246
906600.916 0.248
903807.130 0.249
901219.489 0.250
898839.783 0.252
896669.678 0.253
894710.708 0.254
892964.270 0.254
891431.619 0.255
890113.868 0.256
889011.975 0.256
888126.750 0.257
887458.844 0.257
887008.751 0.257
886776.804 0.257
886763.175 0.257
886967.874 0.257
887390.750 0.257
888031.489 0.257
888889.617 0.256
889964.503 0.256
891255.357 0.255
892761.238 0.254
894481.053 0.254
896413.565 0.253
898557.394 0.252
900911.022 0.251
903472.801 0.249
906240.955 0.248
909213.588 0.247
912388.691 0.245
915764.143 0.244
919337.726 0.242
923107.123 0.240
927069.933 0.239
931223.668 0.237
935565.772 0.235
940093.615 0.233
944804.510 0.231
949695.714 0.229
954764.437 0.227
960007.847 0.224
965423.076 0.222
971007.229 0.220
976757.387 0.218
982670.613 0.215
988743.957 0.213
994974.464 0.211
1001359.176 0.208
1007895.136 0.206
1014579.397 0.204
1021409.019 0.201
1028381.081 0.199
1035492.677 0.196
1042740.925 0.194
1050122.967 0.192
1057635.971 0.189
1065277.138 0.187
1073043.699 0.184
1080932.921 0.182
1088942.107 0.179
1097068.598 0.177
1105309.775 0.175
1113663.059 0.172
1122125.913 0.170
1130695.845 0.168
1139370.403 0.165
1148147.184 0.163
1157023.825 0.161
1165998.011 0.159
1175067.473 0.156
1184229.985 0.154
1193483.368 0.152
1202825.488 0.150
1212254.258 0.148
1221767.634 0.146
1231363.618 0.143
1241040.256 0.141
1250795.637 0.139
1260627.896 0.137
1270535.209 0.135
1280515.794 0.133
1290567.914 0.131
1300689.869 0.130
1310880.002 0.128
1321136.695 0.126
1331458.371 0.124
1341843.488 0.122
1352290.544 0.121
1362798.074 0.119
1373364.649 0.117
1383988.873 0.115
1394669.389 0.114
1405404.871 0.112
1416194.026 0.111
1427035.594 0.109
1437928.348 0.107
1448871.090 0.106
1459862.653 0.104
1470901.899 0.103
1481987.720 0.101
1493119.034 0.100
1504294.787 0.099
1515513.952 0.097
1526775.529 0.096
1538078.542 0.095
1549422.038 0.093
1560805.091 0.092
1572226.796 0.091
1583686.273 0.089
1595182.663 0.088
1606715.127 0.087
1618282.849 0.086
1629885.033 0.085
1641520.903 0.084
1653189.700 0.082
1664890.688 0.081
1676623.146 0.080
1688386.372 0.079
1700179.680 0.078
1712002.403 0.077
1723853.889 0.076
1735733.502 0.075
1747640.621 0.074
1759574.642 0.073
1771534.974 0.072
1783521.040 0.071
1795532.278 0.070
1807568.138 0.069
1819628.084 0.069
1831711.594 0.068
1843818.156 0.067
1855947.272 0.066
1868098.455 0.065
1880271.228 0.064
1892465.127 0.064
1904679.698 0.063
1916914.499 0.062
1929169.095 0.061
1941443.065 0.060
1953735.993 0.060
1966047.477 0.059
1978377.121 0.058
1990724.539 0.058
2003089.354 0.057
2015471.197 0.056
2027869.707 0.056
2040284.531 0.055
2052715.325 0.054
2065161.751 0.054
2077623.479 0.053
2090100.186 0.052
2102591.556 0.052
2115097.281 0.051
2127617.058 0.051
2140150.590 0.050
2152697.589 0.049
2165257.770 0.049
2177830.856 0.048
2190416.575 0.048
2203014.660 0.047
2215624.853 0.047
2228246.896 0.046
2240880.540 0.046
2253525.540 0.045
2266181.655 0.045
2278848.652 0.044
2291526.299 0.044
2304214.371 0.043
2316912.645 0.043
2329620.907 0.042
2342338.941 0.042
2355066.541 0.042
2367803.501 0.041
2380549.621 0.041
2393304.704 0.040
2406068.558 0.040
2418840.993 0.039
2431621.824 0.039
2444410.868 0.039
2457207.946 0.038
2470012.884 0.038
2482825.509 0.037
2495645.652 0.037
2508473.148 0.037
2521307.832 0.036
2534149.547 0.036
2546998.133 0.036
2559853.438 0.035
2572715.309 0.035
2585583.598 0.035
2598458.159 0.034
2611338.848 0.034
2624225.524 0.034
2637118.048 0.033
2650016.285 0.033
2662920.099 0.033
2675829.360 0.032
2688743.937 0.032
2701663.705 0.032
2714588.537 0.031
2727518.310 0.031
2740452.904 0.031
2753392.199 0.031
2766336.078 0.030
2779284.427 0.030
2792237.131 0.030
2805194.080 0.029
2818155.163 0.029
2831120.272 0.029
2844089.302 0.029
2857062.147 0.028
2870038.705 0.028
2883018.874 0.028
2896002.554 0.028
2908989.647 0.027
2921980.057 0.027
2934973.686 0.027
2947970.443 0.027
2960970.234 0.026
2973972.968 0.026
2986978.555 0.026
2999986.906 0.026
3012997.935 0.026
3026011.556 0.025
3039027.683 0.025
3052046.234 0.025
3065067.125 0.025
3078090.276 0.025
3091115.606 0.024
3104143.037 0.024
3117172.491 0.024
3130203.891 0.024
3143237.161 0.024
3156272.227 0.023
3169309.014 0.023
3182347.451 0.023
3195387.465 0.023
3208428.986 0.023
3221471.943 0.022
3234516.268 0.022
3247561.893 0.022
3260608.750 0.022
3273656.774 0.022
3286705.897 0.022
3299756.057 0.021
3312807.189 0.021
3325859.230 0.021
3338912.118 0.021
3351965.791 0.021
3365020.188 0.021
3378075.250 0.020
3391130.917 0.020
3404187.130 0.020
3417243.831 0.020
3430300.964 0.020
3443358.472 0.020
3456416.299 0.020
3469474.389 0.019
3482532.688 0.019
3495591.141 0.019
3508649.697 0.019
3521708.301 0.019
3534766.901 0.019
3547825.446 0.019
3560883.886 0.018
3573942.168 0.018
3587000.244 0.018
3600058.063 0.018
3613115.578 0.018
3626172.739 0.018
3639229.499 0.018
3652285.810 0.017
3665341.625 0.017
3678396.899 0.017
3691451.585 0.017
3704505.637 0.017
3717559.011 0.017
3730611.663 0.017
3743663.547 0.017
3756714.621 0.017
3769764.841 0.016
3782814.164 0.016
3795862.548 0.016
3808909.951 0.016
3821956.331 0.016
3835001.647 0.016
3848045.859 0.016
3861088.925 0.016
3874130.806 0.016
3887171.462 0.015
3900210.854 0.015
3913248.942 0.015
3926285.689 0.015
3939321.055 0.015
3952355.003 0.015
3965387.496 0.015
3978418.495 0.015
3991447.964 0.015
4004475.866 0.015
4017502.165 0.014
4030526.826 0.014
4043549.811 0.014
4056571.086 0.014
4069590.616 0.014
4082608.365 0.014
4095624.299 0.014
4108638.384 0.014
4121650.586 0.014
4134660.872 0.014
4147669.206 0.014
4160675.557 0.014
4173679.891 0.013
4186682.176 0.013
4199682.380 0.013
4212680.469 0.013
4225676.412 0.013
4238670.178 0.013
4251661.734 0.013
4264651.050 0.013
4277638.094 0.013
4290622.836 0.013
4303605.245 0.013
4316585.290 0.013
4329562.942 0.012
4342538.171 0.012
4355510.947 0.012
4368481.240 0.012
4381449.020 0.012
4394414.260 0.012
4407376.930 0.012
4420337.000 0.012
4433294.444 0.012
4446249.231 0.012
4459201.335 0.012
4472150.727 0.012
4485097.379 0.012
4498041.263 0.012
4510982.353 0.012
4523920.621 0.011
4536856.039 0.011
4549788.582 0.011
4562718.221 0.011
4575644.931 0.011
4588568.685 0.011
4601489.456 0.011
4614407.219 0.011
4627321.947 0.011
4640233.615 0.011
4653142.197 0.011
4666047.668 0.011
4678950.001 0.011
4691849.173 0.011
4704745.157 0.011
4717637.929 0.011
4730527.464 0.010
4743413.737 0.010
4756296.723 0.010
4769176.399 0.010
4782052.740 0.010
4794925.722 0.010
4807795.321 0.010
4820661.512 0.010
4833524.273 0.010
4846383.579 0.010
4859239.407 0.010
4872091.733 0.010
4884940.534 0.010
4897785.788 0.010
4910627.470 0.010
4923465.559 0.010
4936300.030 0.010
4949130.862 0.010
4961958.032 0.010
4974781.517 0.009
4987601.294 0.009
5000417.343 0.009
5013229.639 0.009
5026038.162 0.009
5038842.890 0.009
5051643.799 0.009
5064440.869 0.009
5077234.079 0.009
5090023.405 0.009
5102808.827 0.009
5115590.324 0.009
5128367.873 0.009
5141141.455 0.009
5153911.047 0.009
5166676.629 0.009
5179438.180 0.009
5192195.678 0.009
5204949.104 0.009
5217698.435 0.009
5230443.653 0.009
5243184.736 0.009
5255921.664 0.008
5268654.416 0.008
5281382.972 0.008
5294107.313 0.008
5306827.417 0.008
5319543.265 0.008
5332254.836 0.008
0.0 0.0 0.0
0.0 0.0 0.0
0.0 0.0 0.0
0.0 0.0 0.0
0.0 0.0 0.0
0.0 0.0 0.0
0.0 0.0 0.0
0.0 0.0 0.0
0.0 0.0 0.0
0.0 0.0 0.0
0.0 0.0 0.0
0.0 0.0 0.0
0.0 0.0 0.0
0.0 0.0 0.0
0.0 0.0 0.0
0.0 0.0 0.0
0.0 0.0 0.0
0.0 0.0 0.0
0.0 0.0 0.0
0.0 0.0 0.0
0.0 0.0 0.0
0.0 0.0 0.0
0.0 0.0 0.0
0.0 0.0 0.0
0.0 0.0 0.0
0.0 0.0 0.0
0.0 0.0 0.0
0.0 0.0 0.0
0.0 0.0 0.0
0.0 0.0 0.0
0.0 0.0 0.0
0.0 0.0 0.0
0.0 0.0 0.0
0.0 0.0 0.0
0.0 0.0 0.0
0.0 0.0 0.0
0.0 0.0 0.0
0.0 0.0 0.0
0.0 0.0 0.0
0.0 0.0 0.0
0.0 0.0 0.0
0.0 0.0 0.0
0.0 0.0 0.0
0.0 0.0 0.0
0.0 0.0 0.0
0.0 0.0 0.0
0.0 0.0 0.0
0.0 0.0 0.0
0.0 0.0 0.0
0.0 0.0 0.0
0.0 0.0 0.0
0.0 0.0 0.0
0.0 0.0 0.0
0.0 0.0 0.0
0.0 0.0 0.0
0.0 0.0 0.0
0.0 0.0 0.0
0.0 0.0 0.0
0.0 0.0 0.0
0.0 0.0 0.0
0.0 0.0 0.0
0.0 0.0 0.0
0.0 0.0 0.0
0.0 0.0 0.0
0.0 0.0 0.0
0.0 0.0 0.0
0.0 0.0 0.0
0.0 0.0 0.0
0.0 0.0 0.0
0.0 0.0 0.0
0.0 0.0 0.0
0.0 0.0 0.0
0.0 0.0 0.0
0.0 0.0 0.0
0.0 0.0 0.0
0.0 0.0 0.0
0.0 0.0 0.0
0.0 0.0 0.0
0.0 0.0 0.0
0.0 0.0 0.0
0.0 0.0 0.0
0.0 0.0 0.0
0.0 0.0 0.0
0.0 0.0 0.0
0.0 0.0 0.0
0.0 0.0 0.0
0.0 0.0 0.0
0.0 0.0 0.0
0.0 0.0 0.0
0.0 0.0 0.0
0.0 0.0 0.0
0.0 0.0 0.0
0.0 0.0 0.0
0.0 0.0 0.0
0.0 0.0 0.0
0.0 0.0 0.0
0.0 0.0 0.0
0.0 0.0 0.0
0.0 0.0 0.0
0.0 0.0 0.0
0.0 0.0 0.0
0.0 0.0 0.0
0.0 0.0 0.0
0.0 0.0 0.0
0.0 0.0 0.0
0.0 0.0 0.0
0.0 0.0 0.0
0.0 0.0 0.0
0.0 0.0 0.0
0.0 0.0 0.0
0.0 0.0 0.0
0.0 0.0 0.0
0.0 0.0 0.0
0.0 0.0 0.0
0.0 0.0 0.0
0.0 0.0 0.0
0.0 0.0 0.0
0.0 0.0 0.0
0.0 0.0 0.0
0.0 0.0 0.0
0.0 0.0 0.0
0.0 0.0 0.0
0.0 0.0 0.0
0.0 0.0 0.0
0.0 0.0 0.0
0.0 0.0 0.0
0.0 0.0 0.0
0.0 0.0 0.0
0.0 0.0 0.0
0.0 0.0 0.0
0.0 0.0 0.0
0.0 0.0 0.0
0.0 0.0 0.0
0.0 0.0 0.0
0.0 0.0 0.0
0.0 0.0 0.0
0.0 0.0 0.0
0.0 0.0 0.0
0.0 0.0 0.0
0.0 0.0 0.0
0.0 0.0 0.0
0.0 0.0 0.0
0.0 0.0 0.0
0.0 0.0 0.0
0.0 0.0 0.0
0.0 0.0 0.0
0.0 0.0 0.0
0.0 0.0 0.0
0.0 0.0 0.0
0.0 0.0 0.0
0.0 0.0 0.0
0.0 0.0 0.0
0.0 0.0 0.0
0.0 0.0 0.0
0.0 0.0 0.0
0.0 0.0 0.0
0.0 0.0 0.0
0.0 0.0 0.0
0.0 0.0 0.0
0.0 0.0 0.0
0.0 0.0 0.0
0.0 0.0 0.0
0.0 0.0 0.0
0.0 0.0 0.0
0.0 0.0 0.0
0.0 0.0 0.0
0.0 0.0 0.0
0.0 0.0 0.0
0.0 0.0 0.0
0.0 0.0 0.0
0.0 0.0 0.0
0.0 0.0 0.0
0.0 0.0 0.0
0.0 0.0 0.0
0.0 0.0 0.0
0.0 0.0 0.0
0.0 0.0 0.0
0.0 0.0 0.0
0.0 0.0 0.0
0.0 0.0 0.0
0.0 0.0 0.0
0.0 0.0 0.0
0.0 0.0 0.0
0.0 0.0 0.0
0.0 0.0 0.0
0.0 0.0 0.0
0.0 0.0 0.0
0.0 0.0 0.0
0.0 0.0 0.0
0.0 0.0 0.0
0.0 0.0 0.0
0.0 0.0 0.0
0.0 0.0 0.0
0.0 0.0 0.0
0.0 0.0 0.0
0.0 0.0 0.0
0.0 0.0 0.0
0.0 0.0 0.0
0.0 0.0 0.0
0.0 0.0 0.0
0.0 0.0 0.0
0.0 0.0 0.0
0.0 0.0 0.0
0.0 0.0 0.0
0.0 0.0 0.0
0.0 0.0 0.0
0.0 0.0 0.0
0.0 0.0 0.0
0.0 0.0 0.0
0.0 0.0 0.0
0.0 0.0 0.0
0.0 0.0 0.0
0.0 0.0 0.0
0.0 0.0 0.0
0.0 0.0 0.0
0.0 0.0 0.0
0.0 0.0 0.0
0.0 0.0 0.0
0.0 0.0 0.0
0.0 0.0 0.0
0.0 0.0 0.0
0.0 0.0 0.0
0.0 0.0 0.0
0.0 0.0 0.0
0.0 0.0 0.0
0.0 0.0 0.0
0.0 0.0 0.0
0.0 0.0 0.0
0.0 0.0 0.0
0.0 0.0 0.0
0.0 0.0 0.0
0.0 0.0 0.0
0.0 0.0 0.0
0.0 0.0 0.0
0.0 0.0 0.0
0.0 0.0 0.0
0.0 0.0 0.0
0.0 0.0 0.0
0.0 0.0 0.0
0.0 0.0 0.0
0.0 0.0 0.0
0.0 0.0 0.0
0.0 0.0 0.0
0.0 0.0 0.0
0.0 0.0 0.0
0.0 0.0 0.0
0.0 0.0 0.0
0.0 0.0 0.0
0.0 0.0 0.0
0.0 0.0 0.0
0.0 0.0 0.0
0.0 0.0 0.0
0.0 0.0 0.0
0.0 0.0 0.0
0.0 0.0 0.0
0.0 0.0 0.0
0.0 0.0 0.0
0.0 0.0 0.0
0.0 0.0 0.0
0.0 0.0 0.0
0.0 0.0 0.0
0.0 0.0 0.0
0.0 0.0 0.0
0.0 0.0 0.0
0.0 0.0 0.0
0.0 0.0 0.0
0.0 0.0 0.0
0.0 0.0 0.0
0.0 0.0 0.0
0.0 0.0 0.0
0.0 0.0 0.0
0.0 0.0 0.0
0.0 0.0 0.0
0.0 0.0 0.0
0.0 0.0 0.0
0.0 0.0 0.0
0.0 0.0 0.0
0.0 0.0 0.0
0.0 0.0 0.0
0.0 0.0 0.0
0.0 0.0 0.0
0.0 0.0 0.0
0.0 0.0 0.0
0.0 0.0 0.0
0.0 0.0 0.0
0.0 0.0 0.0
0.0 0.0 0.0
0.0 0.0 0.0
0.0 0.0 0.0
0.0 0.0 0.0
0.0 0.0 0.0
0.0 0.0 0.0
0.0 0.0 0.0
0.0 0.0 0.0
0.0 0.0 0.0
0.0 0.0 0.0
0.0 0.0 0.0
0.0 0.0 0.0
0.0 0.0 0.0
0.0 0.0 0.0
0.0 0.0 0.0
0.0 0.0 0.0
0.0 0.0 0.0
0.0 0.0 0.0
0.0 0.0 0.0
0.0 0.0 0.0
0.0 0.0 0.0
0.0 0.0 0.0
0.0 0.0 0.0
0.0 0.0 0.0
0.0 0.0 0.0
0.0 0.0 0.0
0.0 0.0 0.0
0.0 0.0 0.0
0.0 0.0 0.0
0.0 0.0 0.0
0.0 0.0 0.0
0.0 0.0 0.0
0.0 0.0 0.0
0.0 0.0 0.0
0.0 0.0 0.0
0.0 0.0 0.0
0.0 0.0 0.0
0.0 0.0 0.0
0.0 0.0 0.0
0.0 0.0 0.0
0.0 0.0 0.0
0.0 0.0 0.0
0.0 0.0 0.0
0.0 0.0 0.0
0.0 0.0 0.0
0.0 0.0 0.0
0.0 0.0 0.0
0.0 0.0 0.0
0.0 0.0 0.0
0.0 0.0 0.0
0.0 0.0 0.0
0.0 0.0 0.0
0.0 0.0 0.0
0.0 0.0 0.0
0.0 0.0 0.0
0.0 0.0 0.0
0.0 0.0 0.0
0.0 0.0 0.0
0.0 0.0 0.0
0.0 0.0 0.0
0.0 0.0 0.0
0.0 0.0 0.0
0.0 0.0 0.0
0.0 0.0 0.0
0.0 0.0 0.0
0.0 0.0 0.0
0.0 0.0 0.0
0.0 0.0 0.0
0.0 0.0 0.0
0.0 0.0 0.0
0.0 0.0 0.0
0.0 0.0 0.0
0.0 0.0 0.0
0.0 0.0 0.0
0.0 0.0 0.0
0.0 0.0 0.0
0.0 0.0 0.0
0.0 0.0 0.0
0.0 0.0 0.0
0.0 0.0 0.0
0.0 0.0 0.0
0.0 0.0 0.0
0.0 0.0 0.0
0.0 0.0 0.0
0.0 0.0 0.0
0.0 0.0 0.0
0.0 0.0 0.0
0.0 0.0 0.0
0.0 0.0 0.0
0.0 0.0 0.0
0.0 0.0 0.0
0.0 0.0 0.0
0.0 0.0 0.0
0.0 0.0 0.0
0.0 0.0 0.0
0.0 0.0 0.0
0.0 0.0 0.0
0.0 0.0 0.0
0.0 0.0 0.0
0.0 0.0 0.0
0.0 0.0 0.0
0.0 0.0 0.0
0.0 0.0 0.0
0.0 0.0 0.0
0.0 0.0 0.0
0.0 0.0 0.0
0.0 0.0 0.0
0.0 0.0 0.0
0.0 0.0 0.0
0.0 0.0 0.0
0.0 0.0 0.0
0.0 0.0 0.0
0.0 0.0 0.0
0.0 0.0 0.0
0.0 0.0 0.0
0.0 0.0 0.0
0.0 0.0 0.0
0.0 0.0 0.0
0.0 0.0 0.0
0.0 0.0 0.0
0.0 0.0 0.0
0.0 0.0 0.0
0.0 0.0 0.0
0.0 0.0 0.0
0.0 0.0 0.0
0.0 0.0 0.0
0.0 0.0 0.0
0.0 0.0 0.0
0.0 0.0 0.0
0.0 0.0 0.0
0.0 0.0 0.0
0.0 0.0 0.0
0.0 0.0 0.0
0.0 0.0 0.0
0.0 0.0 0.0
0.0 0.0 0.0
0.0 0.0 0.0
0.0 0.0 0.0
0.0 0.0 0.0
0.0 0.0 0.0
0.0 0.0 0.0
0.0 0.0 0.0
0.0 0.0 0.0
0.0 0.0 0.0
0.0 0.0 0.0
0.0 0.0 0.0
0.0 0.0 0.0
0.0 0.0 0.0
0.0 0.0 0.0
0.0 0.0 0.0
0.0 0.0 0.0
0.0 0.0 0.0
0.0 0.0 0.0
0.0 0.0 0.0
0.0 0.0 0.0
0.0 0.0 0.0
0.0 0.0 0.0
0.0 0.0 0.0
0.0 0.0 0.0
0.0 0.0 0.0
0.0 0.0 0.0
0.0 0.0 0.0
0.0 0.0 0.0
0.0 0.0 0.0
0.0 0.0 0.0
0.0 0.0 0.0
0.0 0.0 0.0
0.0 0.0 0.0
0.0 0.0 0.0
0.0 0.0 0.0
0.0 0.0 0.0
0.0 0.0 0.0
0.0 0.0 0.0
0.0 0.0 0.0
0.0 0.0 0.0
0.0 0.0 0.0
0.0 0.0 0.0
0.0 0.0 0.0
0.0 0.0 0.0
0.0 0.0 0.0
0.0 0.0 0.0
0.0 0.0 0.0
0.0 0.0 0.0
0.0 0.0 0.0
0.0 0.0 0.0
0.0 0.0 0.0
0.0 0.0 0.0
0.0 0.0 0.0
0.0 0.0 0.0
0.0 0.0 0.0
0.0 0.0 0.0
0.0 0.0 0.0
0.0 0.0 0.0
0.0 0.0 0.0
0.0 0.0 0.0
0.0 0.0 0.0
0.0 0.0 0.0
0.0 0.0 0.0
0.0 0.0 0.0
0.0 0.0 0.0
0.0 0.0 0.0
0.0 0.0 0.0
0.0 0.0 0.0
0.0 0.0 0.0
0.0 0.0 0.0
0.0 0.0 0.0
0.0 0.0 0.0
0.0 0.0 0.0
0.0 0.0 0.0
0.0 0.0 0.0
0.0 0.0 0.0
0.0 0.0 0.0
0.0 0.0 0.0
0.0 0.0 0.0
0.0 0.0 0.0
0.0 0.0 0.0
0.0 0.0 0.0
0.0 0.0 0.0
0.0 0.0 0.0
0.0 0.0 0.0
0.0 0.0 0.0
0.0 0.0 0.0
0.0 0.0 0.0
0.0 0.0 0.0
0.0 0.0 0.0
0.0 0.0 0.0
0.0 0.0 0.0
0.0 0.0 0.0
0.0 0.0 0.0
0.0 0.0 0.0
0.0 0.0 0.0
0.0 0.0 0.0
0.0 0.0 0.0
0.0 0.0 0.0
0.0 0.0 0.0
0.0 0.0 0.0
0.0 0.0 0.0
0.0 0.0 0.0
0.0 0.0 0.0
0.0 0.0 0.0
0.0 0.0 0.0
0.0 0.0 0.0
0.0 0.0 0.0
0.0 0.0 0.0
0.0 0.0 0.0
0.0 0.0 0.0
0.0 0.0 0.0
0.0 0.0 0.0
0.0 0.0 0.0
0.0 0.0 0.0
0.0 0.0 0.0
0.0 0.0 0.0
0.0 0.0 0.0
0.0 0.0 0.0
0.0 0.0 0.0
0.0 0.0 0.0
0.0 0.0 0.0
0.0 0.0 0.0
0.0 0.0 0.0
0.0 0.0 0.0
0.0 0.0 0.0
0.0 0.0 0.0
0.0 0.0 0.0
0.0 0.0 0.0
0.0 0.0 0.0
0.0 0.0 0.0
0.0 0.0 0.0
0.0 0.0 0.0
0.0 0.0 0.0
0.0 0.0 0.0
0.0 0.0 0.0
0.0 0.0 0.0
0.0 0.0 0.0
0.0 0.0 0.0
0.0 0.0 0.0
0.0 0.0 0.0
0.0 0.0 0.0
0.0 0.0 0.0
0.0 0.0 0.0
0.0 0.0 0.0
0.0 0.0 0.0
0.0 0.0 0.0
0.0 0.0 0.0
0.0 0.0 0.0
0.0 0.0 0.0
0.0 0.0 0.0
0.0 0.0 0.0
0.0 0.0 0.0
0.0 0.0 0.0
0.0 0.0 0.0
0.0 0.0 0.0
0.0 0.0 0.0
0.0 0.0 0.0
0.0 0.0 0.0
0.0 0.0 0.0
0.0 0.0 0.0
0.0 0.0 0.0
0.0 0.0 0.0
0.0 0.0 0.0
0.0 0.0 0.0
0.0 0.0 0.0
0.0 0.0 0.0
0.0 0.0 0.0
0.0 0.0 0.0
0.0 0.0 0.0
0.0 0.0 0.0
0.0 0.0 0.0
0.0 0.0 0.0
0.0 0.0 0.0
0.0 0.0 0.0
0.0 0.0 0.0
0.0 0.0 0.0
0.0 0.0 0.0
0.0 0.0 0.0
0.0 0.0 0.0
0.0 0.0 0.0
0.0 0.0 0.0
0.0 0.0 0.0
0.0 0.0 0.0
0.0 0.0 0.0
0.0 0.0 0.0
0.0 0.0 0.0
0.0 0.0 0.0
0.0 0.0 0.0
0.0 0.0 0.0
0.0 0.0 0.0
0.0 0.0 0.0
0.0 0.0 0.0
0.0 0.0 0.0
0.0 0.0 0.0
0.0 0.0 0.0
0.0 0.0 0.0
0.0 0.0 0.0
0.0 0.0 0.0
0.0 0.0 0.0
0.0 0.0 0.0
0.0 0.0 0.0
0.0 0.0 0.0
0.0 0.0 0.0
0.0 0.0 0.0
0.0 0.0 0.0
0.0 0.0 0.0
0.0 0.0 0.0
0.0 0.0 0.0
0.0 0.0 0.0
0.0 0.0 0.0
0.0 0.0 0.0
0.0 0.0 0.0
0.0 0.0 0.0
0.0 0.0 0.0
0.0 0.0 0.0
0.0 0.0 0.0
0.0 0.0 0.0
0.0 0.0 0.0
0.0 0.0 0.0
0.0 0.0 0.0
0.0 0.0 0.0
0.0 0.0 0.0
0.0 0.0 0.0
0.0 0.0 0.0
0.0 0.0 0.0
0.0 0.0 0.0
0.0 0.0 0.0
0.0 0.0 0.0
0.0 0.0 0.0
0.0 0.0 0.0
0.0 0.0 0.0
0.0 0.0 0.0
0.0 0.0 0.0
0.0 0.0 0.0
0.0 0.0 0.0
0.0 0.0 0.0
0.0 0.0 0.0
0.0 0.0 0.0
0.0 0.0 0.0
0.0 0.0 0.0
0.0 0.0 0.0
0.0 0.0 0.0
0.0 0.0 0.0
0.0 0.0 0.0
0.0 0.0 0.0
0.0 0.0 0.0
0.0 0.0 0.0
0.0 0.0 0.0
0.0 0.0 0.0
0.0 0.0 0.0
0.0 0.0 0.0
0.0 0.0 0.0
0.0 0.0 0.0
0.0 0.0 0.0
0.0 0.0 0.0
0.0 0.0 0.0
0.0 0.0 0.0
0.0 0.0 0.0
0.0 0.0 0.0
0.0 0.0 0.0
0.0 0.0 0.0
0.0 0.0 0.0
0.0 0.0 0.0
0.0 0.0 0.0
0.0 0.0 0.0
0.0 0.0 0.0
0.0 0.0 0.0
0.0 0.0 0.0
0.0 0.0 0.0
0.0 0.0 0.0
0.0 0.0 0.0
0.0 0.0 0.0
0.0 0.0 0.0
0.0 0.0 0.0
0.0 0.0 0.0
0.0 0.0 0.0
0.0 0.0 0.0
0.0 0.0 0.0
0.0 0.0 0.0
0.0 0.0 0.0
0.0 0.0 0.0
0.0 0.0 0.0
0.0 0.0 0.0
0.0 0.0 0.0
0.0 0.0 0.0
0.0 0.0 0.0
0.0 0.0 0.0
0.0 0.0 0.0
0.0 0.0 0.0
0.0 0.0 0.0
0.0 0.0 0.0
0.0 0.0 0.0
0.0 0.0 0.0
0.0 0.0 0.0
0.0 0.0 0.0
0.0 0.0 0.0
0.0 0.0 0.0
0.0 0.0 0.0
0.0 0.0 0.0
0.0 0.0 0.0
0.0 0.0 0.0
0.0 0.0 0.0
0.0 0.0 0.0
0.0 0.0 0.0
0.0 0.0 0.0
0.0 0.0 0.0
0.0 0.0 0.0
0.0 0.0 0.0
0.0 0.0 0.0
0.0 0.0 0.0
0.0 0.0 0.0
0.0 0.0 0.0
0.0 0.0 0.0
0.0 0.0 0.0
0.0 0.0 0.0
0.0 0.0 0.0
0.0 0.0 0.0
0.0 0.0 0.0
0.0 0.0 0.0
0.0 0.0 0.0
0.0 0.0 0.0
0.0 0.0 0.0
0.0 0.0 0.0
0.0 0.0 0.0
0.0 0.0 0.0
0.0 0.0 0.0
0.0 0.0 0.0
0.0 0.0 0.0
0.0 0.0 0.0
0.0 0.0 0.0
0.0 0.0 0.0
0.0 0.0 0.0
0.0 0.0 0.0
0.0 0.0 0.0
0.0 0.0 0.0
0.0 0.0 0.0
0.0 0.0 0.0
0.0 0.0 0.0
0.0 0.0 0.0
0.0 0.0 0.0
0.0 0.0 0.0
0.0 0.0 0.0
0.0 0.0 0.0
0.0 0.0 0.0
0.0 0.0 0.0
0.0 0.0 0.0
0.0 0.0 0.0
0.0 0.0 0.0
0.0 0.0 0.0
0.0 0.0 0.0
0.0 0.0 0.0
0.0 0.0 0.0
0.0 0.0 0.0
0.0 0.0 0.0
0.0 0.0 0.0
0.0 0.0 0.0
0.0 0.0 0.0
0.0 0.0 0.0
0.0 0.0 0.0
0.0 0.0 0.0
0.0 0.0 0.0
0.0 0.0 0.0
0.0 0.0 0.0
0.0 0.0 0.0
0.0 0.0 0.0
0.0 0.0 0.0
0.0 0.0 0.0
0.0 0.0 0.0
0.0 0.0 0.0
0.0 0.0 0.0
0.0 0.0 0.0
0.0 0.0 0.0
0.0 0.0 0.0
0.0 0.0 0.0
0.0 0.0 0.0
0.0 0.0 0.0
0.0 0.0 0.0
0.0 0.0 0.0
0.0 0.0 0.0
0.0 0.0 0.0
0.0 0.0 0.0
0.0 0.0 0.0
0.0 0.0 0.0
0.0 0.0 0.0
0.0 0.0 0.0
0.0 0.0 0.0
0.0 0.0 0.0
0.0 0.0 0.0
0.0 0.0 0.0
0.0 0.0 0.0
0.0 0.0 0.0
0.0 0.0 0.0
0.0 0.0 0.0
0.0 0.0 0.0
0.0 0.0 0.0
0.0 0.0 0.0
0.0 0.0 0.0
0.0 0.0 0.0
0.0 0.0 0.0
0.0 0.0 0.0
0.0 0.0 0.0
0.0 0.0 0.0
0.0 0.0 0.0
0.0 0.0 0.0
0.0 0.0 0.0
0.0 0.0 0.0
0.0 0.0 0.0
0.0 0.0 0.0
0.0 0.0 0.0
0.0 0.0 0.0
0.0 0.0 0.0
0.0 0.0 0.0
0.0 0.0 0.0
0.0 0.0 0.0
0.0 0.0 0.0
0.0 0.0 0.0
0.0 0.0 0.0
0.0 0.0 0.0
0.0 0.0 0.0
0.0 0.0 0.0
0.0 0.0 0.0
0.0 0.0 0.0
0.0 0.0 0.0
0.0 0.0 0.0
0.0 0.0 0.0
0.0 0.0 0.0
0.0 0.0 0.0
0.0 0.0 0.0
0.0 0.0 0.0
0.0 0.0 0.0
0.0 0.0 0.0
0.0 0.0 0.0
0.0 0.0 0.0
0.0 0.0 0.0
0.0 0.0 0.0
0.0 0.0 0.0
0.0 0.0 0.0
0.0 0.0 0.0
0.0 0.0 0.0
0.0 0.0 0.0
0.0 0.0 0.0
0.0 0.0 0.0
0.0 0.0 0.0
0.0 0.0 0.0
0.0 0.0 0.0
0.0 0.0 0.0
0.0 0.0 0.0
0.0 0.0 0.0
0.0 0.0 0.0
0.0 0.0 0.0
0.0 0.0 0.0
0.0 0.0 0.0
0.0 0.0 0.0
0.0 0.0 0.0
0.0 0.0 0.0
0.0 0.0 0.0
0.0 0.0 0.0
0.0 0.0 0.0
0.0 0.0 0.0
0.0 0.0 0.0
0.0 0.0 0.0
0.0 0.0 0.0
0.0 0.0 0.0
0.0 0.0 0.0
0.0 0.0 0.0
0.0 0.0 0.0
0.0 0.0 0.0
0.0 0.0 0.0
0.0 0.0 0.0
0.0 0.0 0.0
0.0 0.0 0.0
0.0 0.0 0.0
0.0 0.0 0.0
0.0 0.0 0.0
0.0 0.0 0.0
0.0 0.0 0.0
0.0 0.0 0.0
0.0 0.0 0.0
0.0 0.0 0.0
0.0 0.0 0.0
0.0 0.0 0.0
0.0 0.0 0.0
0.0 0.0 0.0
0.0 0.0 0.0
0.0 0.0 0.0
0.0 0.0 0.0
0.0 0.0 0.0
0.0 0.0 0.0
0.0 0.0 0.0
0.0 0.0 0.0
0.0 0.0 0.0
0.0 0.0 0.0
0.0 0.0 0.0
0.0 0.0 0.0
0.0 0.0 0.0
0.0 0.0 0.0
0.0 0.0 0.0
0.0 0.0 0.0
0.0 0.0 0.0
0.0 0.0 0.0
0.0 0.0 0.0
0.0 0.0 0.0
0.0 0.0 0.0
0.0 0.0 0.0
0.0 0.0 0.0
0.0 0.0 0.0
0.0 0.0 0.0
0.0 0.0 0.0
0.0 0.0 0.0
0.0 0.0 0.0
0.0 0.0 0.0
0.0 0.0 0.0
0.0 0.0 0.0
0.0 0.0 0.0
0.0 0.0 0.0
0.0 0.0 0.0
0.0 0.0 0.0
0.0 0.0 0.0
0.0 0.0 0.0
0.0 0.0 0.0
0.0 0.0 0.0
0.0 0.0 0.0
0.0 0.0 0.0
0.0 0.0 0.0
0.0 0.0 0.0
0.0 0.0 0.0
0.0 0.0 0.0
0.0 0.0 0.0
0.0 0.0 0.0
0.0 0.0 0.0
0.0 0.0 0.0
0.0 0.0 0.0
0.0 0.0 0.0
0.0 0.0 0.0
0.0 0.0 0.0
0.0 0.0 0.0
0.0 0.0 0.0
0.0 0.0 0.0
0.0 0.0 0.0
0.0 0.0 0.0
0.0 0.0 0.0
0.0 0.0 0.0
0.0 0.0 0.0
0.0 0.0 0.0
0.0 0.0 0.0
0.0 0.0 0.0
0.0 0.0 0.0
0.0 0.0 0.0
0.0 0.0 0.0
0.0 0.0 0.0
0.0 0.0 0.0
0.0 0.0 0.0
0.0 0.0 0.0
0.0 0.0 0.0
0.0 0.0 0.0
0.0 0.0 0.0
0.0 0.0 0.0
0.0 0.0 0.0
0.0 0.0 0.0
0.0 0.0 0.0
0.0 0.0 0.0
0.0 0.0 0.0
0.0 0.0 0.0
0.0 0.0 0.0
0.0 0.0 0.0
0.0 0.0 0.0
0.0 0.0 0.0
0.0 0.0 0.0
0.0 0.0 0.0
0.0 0.0 0.0
0.0 0.0 0.0
0.0 0.0 0.0
0.0 0.0 0.0
0.0 0.0 0.0
0.0 0.0 0.0
0.0 0.0 0.0
0.0 0.0 0.0
0.0 0.0 0.0
0.0 0.0 0.0
0.0 0.0 0.0
0.0 0.0 0.0
0.0 0.0 0.0
0.0 0.0 0.0
0.0 0.0 0.0
0.0 0.0 0.0
0.0 0.0 0.0
0.0 0.0 0.0
0.0 0.0 0.0
0.0 0.0 0.0
0.0 0.0 0.0
0.0 0.0 0.0
0.0 0.0 0.0
0.0 0.0 0.0
0.0 0.0 0.0
0.0 0.0 0.0
0.0 0.0 0.0
0.0 0.0 0.0
0.0 0.0 0.0
0.0 0.0 0.0
0.0 0.0 0.0
0.0 0.0 0.0
0.0 0.0 0.0
0.0 0.0 0.0
0.0 0.0 0.0
0.0 0.0 0.0
0.0 0.0 0.0
0.0 0.0 0.0
0.0 0.0 0.0
0.0 0.0 0.0
0.0 0.0 0.0
0.0 0.0 0.0
0.0 0.0 0.0
0.0 0.0 0.0
0.0 0.0 0.0
0.0 0.0 0.0
0.0 0.0 0.0
0.0 0.0 0.0
0.0 0.0 0.0
0.0 0.0 0.0
0.0 0.0 0.0
0.0 0.0 0.0
0.0 0.0 0.0
0.0 0.0 0.0
0.0 0.0 0.0
0.0 0.0 0.0
0.0 0.0 0.0
0.0 0.0 0.0
0.0 0.0 0.0
0.0 0.0 0.0
0.0 0.0 0.0
0.0 0.0 0.0
0.0 0.0 0.0
0.0 0.0 0.0
0.0 0.0 0.0
0.0 0.0 0.0
0.0 0.0 0.0
0.0 0.0 0.0
0.0 0.0 0.0
0.0 0.0 0.0
0.0 0.0 0.0
0.0 0.0 0.0
0.0 0.0 0.0
0.0 0.0 0.0
0.0 0.0 0.0
0.0 0.0 0.0
45.138 1319410.990 0.108865014
45.122 1319679.072 0.108835346
45.104 1319986.608 0.108801295
45.084 1320333.571 0.108762874
45.062 1320719.929 0.108720096
45.038 1321145.649 0.108672975
45.011 1321610.692 0.108621529
44.983 1322115.016 0.108565775
44.952 1322658.577 0.108505733
44.919 1323241.326 0.108441424
44.884 1323863.210 0.108372870
44.846 1324524.175 0.108300095
44.807 1325224.162 0.108223124
44.765 1325963.108 0.108141983
44.722 1326740.949 0.108056701
44.676 1327557.614 0.107967307
44.629 1328413.032 0.107873830
44.579 1329307.129 0.107776304
44.527 1330239.824 0.107674761
44.473 1331211.036 0.107569235
44.418 1332220.681 0.107459762
44.360 1333268.670 0.107346378
44.300 1334354.913 0.107229121
44.239 1335479.315 0.107108031
44.175 1336641.778 0.106983147
44.110 1337842.204 0.106854511
44.042 1339080.488 0.106722163
43.973 1340356.525 0.106586149
43.902 1341670.207 0.106446511
43.830 1343021.421 0.106303294
43.755 1344410.053 0.106156546
43.679 1345835.987 0.106006311
43.601 1347299.102 0.105852638
43.521 1348799.277 0.105695576
43.440 1350336.387 0.105535173
43.357 1351910.304 0.105371480
43.273 1353520.899 0.105204547
43.186 1355168.039 0.105034424
43.098 1356851.590 0.104861165
43.009 1358571.415 0.104684822
42.918 1360327.376 0.104505447
42.826 1362119.330 0.104323095
42.732 1363947.134 0.104137819
42.637 1365810.642 0.103949674
42.540 1367709.708 0.103758714
42.442 1369644.181 0.103564996
42.342 1371613.910 0.103368574
42.241 1373618.741 0.103169505
42.139 1375658.519 0.102967845
42.036 1377733.087 0.102763651
41.931 1379842.286 0.102556979
41.825 1381985.955 0.102347887
41.718 1384163.933 0.102136431
41.609 1386376.055 0.101922669
41.500 1388622.156 0.101706658
41.389 1390902.070 0.101488455
41.277 1393215.629 0.101268119
41.164 1395562.662 0.101045706
41.050 1397943.000 0.100821273
40.935 1400356.469 0.100594879
40.819 1402802.897 0.100366581
40.702 1405282.109 0.100136435
40.584 1407793.929 0.099904500
40.465 1410338.181 0.099670831
40.346 1412914.688 0.099435486
40.225 1415523.270 0.099198521
40.103 1418163.748 0.098959992
39.981 1420835.942 0.098719956
39.858 1423539.670 0.098478468
39.734 1426274.750 0.098235585
39.609 1429041.001 0.097991360
39.484 1431838.237 0.097745849
39.357 1434666.276 0.097499107
39.230 1437524.933 0.097251187
39.103 1440414.022 0.097002144
38.975 1443333.359 0.096752030
38.846 1446282.756 0.096500899
38.716 1449262.028 0.096248803
38.586 1452270.987 0.095995794
38.456 1455309.448 0.095741923
38.325 1458377.221 0.095487242
38.193 1461474.120 0.095231801
38.061 1464599.956 0.094975650
37.928 1467754.542 0.094718839
37.795 1470937.690 0.094461416
37.662 1474149.210 0.094203431
37.528 1477388.916 0.093944930
37.394 1480656.619 0.093685962
37.259 1483952.130 0.093426572
37.124 1487275.261 0.093166808
36.988 1490625.824 0.092906714
36.853 1494003.632 0.092646335
36.716 1497408.496 0.092385717
36.580 1500840.230 0.092124902
36.444 1504298.644 0.091863934
36.307 1507783.554 0.091602855
36.170 1511294.770 0.091341707
36.032 1514832.108 0.091080532
35.895 1518395.381 0.090819370
35.757 1521984.403 0.090558261
35.619 1525598.988 0.090297244
35.481 1529238.953 0.090036358
35.343 1532904.111 0.089775641
35.204 1536594.280 0.089515131
35.066 1540309.276 0.089254864
34.927 1544048.915 0.088994877
34.788 1547813.015 0.088735205
34.650 1551601.395 0.088475883
34.511 1555413.873 0.088216945
34.372 1559250.268 0.087958425
34.233 1563110.401 0.087700356
34.094 1566994.091 0.087442770
33.955 1570901.161 0.087185699
33.816 1574831.432 0.086929175
33.677 1578784.727 0.086673226
33.538 1582760.868 0.086417884
33.399 1586759.682 0.086163178
33.260 1590780.991 0.085909137
33.121 1594824.622 0.085655787
32.982 1598890.402 0.085403158
32.844 1602978.157 0.085151275
32.705 1607087.716 0.084900166
32.566 1611218.908 0.084649855
32.428 1615371.562 0.084400368
32.290 1619545.509 0.084151729
32.151 1623740.580 0.083903963
32.013 1627956.608 0.083657093
31.875 1632193.426 0.083411141
31.737 1636450.868 0.083166130
31.600 1640728.769 0.082922083
31.462 1645026.965 0.082679019
31.325 1649345.292 0.082436960
31.187 1653683.590 0.082195926
31.050 1658041.695 0.081955937
30.913 1662419.449 0.081717012
30.777 1666816.692 0.081479169
30.640 1671233.264 0.081242428
30.504 1675669.009 0.081006804
30.368 1680123.771 0.080772317
30.232 1684597.393 0.080538982
30.096 1689089.721 0.080306817
29.961 1693600.602 0.080075836
29.826 1698129.883 0.079846055
29.691 1702677.412 0.079617490
29.556 1707243.039 0.079390154
29.422 1711826.614 0.079164063
29.287 1716427.989 0.078939229
29.154 1721047.016 0.078715666
29.020 1725683.548 0.078493387
28.886 1730337.440 0.078272405
28.753 1735008.547 0.078052732
28.620 1739696.726 0.077834378
28.488 1744401.834 0.077617357
28.355 1749123.729 0.077401679
28.223 1753862.271 0.077187354
28.092 1758617.321 0.076974394
27.960 1763388.739 0.076762807
27.829 1768176.389 0.076552604
27.698 1772980.133 0.076343794
27.568 1777799.837 0.076136387
27.437 1782635.365 0.075930390
27.307 1787486.584 0.075725813
27.178 1792353.362 0.075522663
27.048 1797235.566 0.075320948
26.919 1802133.067 0.075120677
26.791 1807045.735 0.074921856
26.662 1811973.442 0.074724492
26.534 1816916.059 0.074528593
26.406 1821873.460 0.074334165
26.279 1826845.520 0.074141213
26.152 1831832.114 0.073949745
26.025 1836833.118 0.073759766
25.899 1841848.409 0.073571282
25.773 1846877.867 0.073384298
25.647 1851921.369 0.073198819
25.521 1856978.797 0.073014850
25.396 1862050.031 0.072832397
25.272 1867134.954 0.072651464
25.147 1872233.449 0.072472054
25.023 1877345.399 0.072294174
24.899 1882470.690 0.072117826
24.776 1887609.207 0.071943015
24.653 1892760.837 0.071769744
24.530 1897925.469 0.071598017
24.408 1903102.990 0.071427837
24.286 1908293.291 0.071259209
24.164 1913496.261 0.071092134
24.043 1918711.792 0.070926617
23.922 1923939.777 0.070762660
23.801 1929180.108 0.070600266
23.681 1934432.680 0.070439437
23.561 1939697.388 0.070280177
23.441 1944974.127 0.070122487
23.322 1950262.794 0.069966371
23.203 1955563.287 0.069811831
23.085 1960875.504 0.069658868
22.966 1966199.345 0.069507486
22.848 1971534.709 0.069357685
22.731 1976881.498 0.069209469
22.614 1982239.613 0.069062839
22.497 1987608.957 0.068917797
22.380 1992989.434 0.068774345
22.264 1998380.948 0.068632485
22.148 2003783.404 0.068492219
22.033 2009196.708 0.068353547
21.918 2014620.767 0.068216473
21.803 2020055.489 0.068080997
21.689 2025500.781 0.067947122
21.575 2030956.552 0.067814849
21.461 2036422.714 0.067684179
21.348 2041899.176 0.067555114
21.235 2047385.850 0.067427655
21.122 2052882.649 0.067301805
21.010 2058389.484 0.067177565
20.898 2063906.271 0.067054936
20.786 2069432.923 0.066933921
20.675 2074969.355 0.066814520
20.564 2080515.484 0.066696735
20.453 2086071.227 0.066580568
20.343 2091636.501 0.066466021
20.233 2097211.223 0.066353095
20.123 2102795.313 0.066241792
20.014 2108388.691 0.066132114
