20.026 2119028.957 0.065589184
20.112 2114637.951 0.065673696
20.197 2110262.160 0.065759005
20.282 2105901.684 0.065845103
20.368 2101556.623 0.065931979
20.453 2097227.078 0.066019624
20.539 2092913.150 0.066108030
20.624 2088614.940 0.066197185
20.709 2084332.551 0.066287082
20.795 2080066.085 0.066377709
20.880 2075815.644 0.066469058
20.966 2071581.333 0.066561118
21.051 2067363.255 0.066653880
21.136 2063161.514 0.066747333
21.222 2058976.214 0.066841468
21.307 2054807.462 0.066936274
21.392 2050655.362 0.067031740
21.477 2046520.021 0.067127857
21.563 2042401.545 0.067224614
21.648 2038300.040 0.067322000
21.733 2034215.614 0.067420005
21.818 2030148.374 0.067518618
21.903 2026098.429 0.067617827
21.988 2022065.886 0.067717622
22.073 2018050.856 0.067817992
22.158 2014053.445 0.067918925
22.243 2010073.766 0.068020410
22.327 2006111.926 0.068122435
22.412 2002168.037 0.068224990
22.497 1998242.209 0.068328061
22.581 1994334.553 0.068431637
22.665 1990445.180 0.068535707
22.750 1986574.203 0.068640258
22.834 1982721.733 0.068745277
22.918 1978887.882 0.068850753
23.002 1975072.763 0.068956673
23.086 1971276.490 0.069063025
23.170 1967499.175 0.069169795
23.253 1963740.931 0.069276971
23.337 1960001.874 0.069384539
23.420 1956282.116 0.069492487
23.503 1952581.773 0.069600802
23.586 1948900.959 0.069709469
23.669 1945239.789 0.069818476
23.752 1941598.377 0.069927809
23.835 1937976.840 0.070037453
23.917 1934375.293 0.070147395
24.000 1930793.852 0.070257621
24.082 1927232.633 0.070368117
24.164 1923691.752 0.070478868
24.245 1920171.325 0.070589860
24.327 1916671.470 0.070701078
24.408 1913192.302 0.070812507
24.490 1909733.939 0.070924133
24.571 1906296.498 0.071035940
24.651 1902880.095 0.071147913
24.732 1899484.849 0.071260037
24.812 1896110.876 0.071372297
24.892 1892758.294 0.071484677
24.972 1889427.221 0.071597161
25.052 1886117.774 0.071709733
25.131 1882830.070 0.071822378
25.210 1879564.228 0.071935079
25.289 1876320.365 0.072047820
25.367 1873098.600 0.072160585
25.446 1869899.048 0.072273357
25.524 1866721.830 0.072386119
25.601 1863567.061 0.072498856
25.679 1860434.860 0.072611549
25.756 1857325.345 0.072724182
25.832 1854238.632 0.072836739
25.909 1851174.840 0.072949201
25.985 1848134.085 0.073061551
26.061 1845116.485 0.073173772
26.136 1842122.157 0.073285847
26.211 1839151.218 0.073397757
26.286 1836203.785 0.073509486
26.360 1833279.973 0.073621014
26.434 1830379.901 0.073732325
26.508 1827503.683 0.073843400
26.581 1824651.436 0.073954220
26.654 1821823.275 0.074064769
26.727 1819019.316 0.074175026
26.799 1816239.673 0.074284975
26.870 1813484.463 0.074394596
26.942 1810753.799 0.074503871
27.012 1808047.795 0.074612781
27.083 1805366.566 0.074721308
27.153 1802710.224 0.074829432
27.222 1800078.883 0.074937135
27.291 1797472.655 0.075044399
27.360 1794891.653 0.075151203
27.428 1792335.988 0.075257529
27.495 1789805.772 0.075363359
27.562 1787301.115 0.075468672
27.629 1784822.128 0.075573451
27.695 1782368.921 0.075677675
27.761 1779941.603 0.075781325
27.826 1777540.282 0.075884383
27.890 1775165.066 0.075986829
27.954 1772816.063 0.076088644
28.018 1770493.381 0.076189808
28.080 1768197.124 0.076290304
28.143 1765927.399 0.076390110
28.205 1763684.310 0.076489209
28.266 1761467.963 0.076587580
28.326 1759278.459 0.076685206
28.386 1757115.902 0.076782066
28.446 1754980.393 0.076878141
28.504 1752872.035 0.076973414
28.563 1750790.926 0.077067863
28.620 1748737.167 0.077161472
28.677 1746710.857 0.077254220
28.733 1744712.093 0.077346090
28.789 1742740.971 0.077437061
28.844 1740797.589 0.077527116
28.898 1738882.040 0.077616237
28.952 1736994.420 0.077704403
29.005 1735134.821 0.077791599
29.057 1733303.336 0.077877804
29.109 1731500.055 0.077963001
29.160 1729725.069 0.078047171
29.210 1727978.466 0.078130298
29.259 1726260.335 0.078212363
29.308 1724570.763 0.078293348
29.356 1722909.836 0.078373237
29.403 1721277.637 0.078452011
29.450 1719674.251 0.078529654
29.496 1718099.760 0.078606148
29.541 1716554.245 0.078681478
29.585 1715037.785 0.078755625
29.629 1713550.461 0.078828575
29.671 1712092.349 0.078900310
29.713 1710663.525 0.078970814
29.754 1709264.064 0.079040072
29.795 1707894.041 0.079108069
29.834 1706553.526 0.079174788
29.873 1705242.592 0.079240214
29.911 1703961.307 0.079304334
29.948 1702709.740 0.079367131
29.984 1701487.959 0.079428592
30.020 1700296.027 0.079488703
30.054 1699134.010 0.079547449
30.088 1698001.970 0.079604817
30.121 1696899.968 0.079660793
30.153 1695828.063 0.079715365
30.184 1694786.314 0.079768520
30.214 1693774.778 0.079820246
30.244 1692793.509 0.079870529
30.272 1691842.562 0.079919359
30.300 1690921.988 0.079966723
30.327 1690031.838 0.080012611
30.353 1689172.161 0.080057011
30.378 1688343.004 0.080099914
30.402 1687544.413 0.080141308
30.425 1686776.432 0.080181184
30.447 1686039.104 0.080219532
30.468 1685332.469 0.080256343
30.489 1684656.568 0.080291608
30.508 1684011.437 0.080325319
30.527 1683397.112 0.080357468
30.545 1682813.628 0.080388046
30.561 1682261.017 0.080417046
30.577 1681739.311 0.080444461
30.592 1681248.538 0.080470286
30.606 1680788.726 0.080494512
30.619 1680359.900 0.080517135
30.631 1679962.086 0.080538148
30.642 1679595.304 0.080557548
30.652 1679259.576 0.080575328
30.662 1678954.921 0.080591485
30.670 1678681.356 0.080606015
30.677 1678438.895 0.080618914
30.683 1678227.553 0.080630179
30.689 1678047.342 0.080639807
30.693 1677898.271 0.080647796
30.697 1677780.349 0.080654144
30.699 1677693.582 0.080658850
30.701 1677637.976 0.080661912
30.702 1677613.532 0.080663329
30.701 1677620.253 0.080663102
30.700 1677658.138 0.080661230
30.698 1677727.185 0.080657715
30.694 1677827.389 0.080652556
30.690 1677958.745 0.080645755
30.685 1678121.244 0.080637314
30.679 1678314.879 0.080627235
30.672 1678539.637 0.080615521
30.664 1678795.505 0.080602174
30.655 1679082.469 0.080587198
30.645 1679400.513 0.080570597
30.634 1679749.618 0.080552374
30.623 1680129.765 0.080532535
30.610 1680540.931 0.080511083
30.596 1680983.093 0.080488026
30.582 1681456.227 0.080463367
30.566 1681960.306 0.080437114
30.550 1682495.300 0.080409272
30.532 1683061.179 0.080379849
30.514 1683657.913 0.080348852
30.494 1684285.467 0.080316288
30.474 1684943.805 0.080282166
30.453 1685632.891 0.080246493
30.431 1686352.686 0.080209279
30.408 1687103.151 0.080170532
30.384 1687884.242 0.080130262
30.360 1688695.917 0.080088478
30.334 1689538.130 0.080045191
30.308 1690410.834 0.080000411
30.280 1691313.982 0.079954149
30.252 1692247.523 0.079906416
30.223 1693211.406 0.079857223
30.193 1694205.577 0.079806582
30.162 1695229.983 0.079754506
30.130 1696284.567 0.079701005
30.097 1697369.271 0.079646093
30.064 1698484.037 0.079589783
30.029 1699628.804 0.079532089
29.994 1700803.509 0.079473022
29.958 1702008.090 0.079412598
29.921 1703242.482 0.079350831
29.884 1704506.617 0.079287734
29.845 1705800.429 0.079223321
29.806 1707123.848 0.079157609
29.766 1708476.804 0.079090612
29.725 1709859.225 0.079022345
29.683 1711271.038 0.078952824
29.640 1712712.169 0.078882064
29.597 1714182.541 0.078810081
29.553 1715682.078 0.078736891
29.508 1717210.702 0.078662512
29.463 1718768.333 0.078586958
29.416 1720354.890 0.078510248
29.369 1721970.291 0.078432397
29.321 1723614.454 0.078353424
29.273 1725287.294 0.078273344
29.224 1726988.726 0.078192176
29.174 1728718.663 0.078109938
29.123 1730477.017 0.078026645
29.071 1732263.701 0.077942318
29.019 1734078.624 0.077856973
28.966 1735921.695 0.077770629
28.913 1737792.823 0.077683303
28.859 1739691.914 0.077595015
28.804 1741618.876 0.077505782
28.749 1743573.613 0.077415624
28.692 1745556.030 0.077324557
28.636 1747566.030 0.077232603
28.578 1749603.515 0.077139778
28.520 1751668.388 0.077046103
28.462 1753760.549 0.076951595
28.402 1755879.898 0.076856274
28.342 1758026.333 0.076760159
28.282 1760199.754 0.076663269
28.221 1762400.058 0.076565623
28.159 1764627.142 0.076467240
28.097 1766880.902 0.076368139
28.034 1769161.233 0.076268340
27.971 1771468.029 0.076167861
27.907 1773801.186 0.076066723
27.843 1776160.596 0.075964943
27.778 1778546.151 0.075862542
27.712 1780957.745 0.075759538
27.646 1783395.268 0.075655951
27.580 1785858.611 0.075551800
27.513 1788347.665 0.075447104
27.445 1790862.320 0.075341882
27.377 1793402.464 0.075236154
27.309 1795967.988 0.075129938
27.240 1798558.778 0.075023253
27.171 1801174.723 0.074916119
27.101 1803815.711 0.074808554
27.031 1806481.628 0.074700577
26.960 1809172.362 0.074592207
26.889 1811887.797 0.074483463
26.817 1814627.821 0.074374363
26.745 1817392.319 0.074264926
26.673 1820181.176 0.074155171
26.600 1822994.277 0.074045116
26.527 1825831.506 0.073934779
26.453 1828692.748 0.073824179
26.379 1831577.887 0.073713334
26.305 1834486.807 0.073602262
26.230 1837419.391 0.073490981
26.155 1840375.523 0.073379509
26.080 1843355.086 0.073267864
26.004 1846357.963 0.073156064
25.928 1849384.038 0.073044125
25.852 1852433.192 0.072932066
25.775 1855505.308 0.072819904
25.698 1858600.269 0.072707657
25.621 1861717.958 0.072595341
25.543 1864858.257 0.072482974
25.465 1868021.047 0.072370572
25.387 1871206.212 0.072258152
25.308 1874413.633 0.072145731
25.229 1877643.193 0.072033326
25.150 1880894.773 0.071920953
25.071 1884168.256 0.071808628
24.992 1887463.525 0.071696368
24.912 1890780.461 0.071584188
24.832 1894118.946 0.071472105
24.751 1897478.864 0.071360134
24.671 1900860.096 0.071248290
24.590 1904262.525 0.071136591
24.509 1907686.033 0.071025050
24.428 1911130.504 0.070913683
24.347 1914595.820 0.070802505
24.265 1918081.864 0.070691532
24.183 1921588.519 0.070580777
24.101 1925115.668 0.070470257
24.019 1928663.195 0.070359984
23.937 1932230.984 0.070249975
23.854 1935818.918 0.070140243
23.772 1939426.881 0.070030801
23.689 1943054.758 0.069921666
23.606 1946702.433 0.069812849
23.523 1950369.790 0.069704365
23.440 1954056.715 0.069596228
23.356 1957763.092 0.069488451
23.273 1961488.808 0.069381048
23.189 1965233.747 0.069274031
23.105 1968997.796 0.069167414
23.021 1972780.841 0.069061210
22.937 1976582.768 0.068955431
22.853 1980403.464 0.068850091
22.769 1984242.817 0.068745202
22.685 1988100.714 0.068640776
22.600 1991977.042 0.068536825
22.516 1995871.690 0.068433363
22.431 1999784.546 0.068330400
22.346 2003715.499 0.068227949
22.262 2007664.438 0.068126022
22.177 2011631.252 0.068024631
22.092 2015615.832 0.067923786
22.007 2019618.067 0.067823500
21.922 2023637.849 0.067723783
21.837 2027675.067 0.067624648
21.752 2031729.614 0.067526105
21.667 2035801.382 0.067428165
21.581 2039890.262 0.067330840
21.496 2043996.146 0.067234139
21.411 2048118.929 0.067138074
21.325 2052258.503 0.067042655
21.240 2056414.762 0.066947893
21.155 2060587.601 0.066853798
21.069 2064776.913 0.066760381
20.984 2068982.594 0.066667651
20.898 2073204.540 0.066575618
20.813 2077442.647 0.066484294
20.728 2081696.810 0.066393687
20.642 2085966.927 0.066303808
20.557 2090252.894 0.066214666
20.471 2094554.611 0.066126271
20.386 2098871.974 0.066038633
20.300 2103204.883 0.065951760
20.215 2107553.237 0.065865663
20.129 2111916.934 0.065780351
20.044 2116295.876 0.065695833
1498300.633 0.099
1495176.053 0.100
1492066.643 0.100
1488972.511 0.101
1485893.764 0.101
1482830.511 0.101
1479782.861 0.102
1476750.921 0.102
1473734.802 0.103
1470734.611 0.103
1467750.460 0.103
1464782.458 0.104
1461830.716 0.104
1458895.343 0.105
1455976.450 0.105
1453074.149 0.105
1450188.550 0.106
1447319.765 0.106
1444467.906 0.106
1441633.085 0.107
1438815.412 0.107
1436015.002 0.108
1433231.965 0.108
1430466.416 0.108
1427718.465 0.109
1424988.226 0.109
1422275.812 0.110
1419581.336 0.110
1416904.911 0.110
1414246.650 0.111
1411606.666 0.111
1408985.073 0.112
1406381.984 0.112
1403797.512 0.112
1401231.771 0.113
1398684.873 0.113
1396156.933 0.114
1393648.063 0.114
1391158.376 0.114
1388687.987 0.115
1386237.007 0.115
1383805.549 0.115
1381393.727 0.116
1379001.654 0.116
1376629.440 0.117
1374277.200 0.117
1371945.044 0.117
1369633.086 0.118
1367341.436 0.118
1365070.206 0.118
1362819.507 0.119
1360589.450 0.119
1358380.145 0.120
1356191.704 0.120
1354024.235 0.120
1351877.848 0.121
1349752.652 0.121
1347648.757 0.121
1345566.270 0.122
1343505.299 0.122
1341465.952 0.122
1339448.335 0.123
1337452.555 0.123
1335478.718 0.123
1333526.929 0.124
1331597.293 0.124
1329689.913 0.124
1327804.894 0.125
1325942.339 0.125
1324102.349 0.125
1322285.026 0.126
1320490.471 0.126
1318718.784 0.126
1316970.064 0.127
1315244.411 0.127
1313541.921 0.127
1311862.692 0.128
1310206.820 0.128
1308574.399 0.128
1306965.526 0.128
1305380.292 0.129
1303818.791 0.129
1302281.114 0.129
1300767.351 0.130
1299277.594 0.130
1297811.929 0.130
1296370.444 0.130
1294953.227 0.131
1293560.362 0.131
1292191.933 0.131
1290848.025 0.131
1289528.718 0.132
1288234.095 0.132
1286964.233 0.132
1285719.213 0.132
1284499.110 0.133
1283304.002 0.133
1282133.962 0.133
1280989.064 0.133
1279869.380 0.134
1278774.981 0.134
1277705.935 0.134
1276662.312 0.134
1275644.177 0.134
1274651.596 0.135
1273684.632 0.135
1272743.348 0.135
1271827.804 0.135
1270938.060 0.135
1270074.173 0.135
1269236.200 0.136
1268424.195 0.136
1267638.212 0.136
1266878.302 0.136
1266144.515 0.136
1265436.899 0.136
1264755.501 0.137
1264100.366 0.137
1263471.538 0.137
1262869.059 0.137
1262292.968 0.137
1261743.304 0.137
1261220.104 0.137
1260723.403 0.137
1260253.234 0.137
1259809.629 0.138
1259392.617 0.138
1259002.227 0.138
1258638.485 0.138
1258301.415 0.138
1257991.041 0.138
1257707.383 0.138
1257450.461 0.138
1257220.291 0.138
1257016.890 0.138
1256840.271 0.138
1256690.447 0.138
1256567.427 0.138
1256471.220 0.138
1256401.832 0.138
1256359.269 0.138
1256343.533 0.138
1256354.624 0.138
1256392.543 0.138
1256457.287 0.138
1256548.851 0.138
1256667.230 0.138
1256812.414 0.138
1256984.395 0.138
1257183.160 0.138
1257408.696 0.138
1257660.988 0.138
1257940.019 0.138
1258245.769 0.138
1258578.219 0.138
1258937.345 0.138
1259323.123 0.138
1259735.528 0.138
1260174.531 0.137
1260640.103 0.137
1261132.213 0.137
1261650.828 0.137
1262195.913 0.137
1262767.431 0.137
1263365.345 0.137
1263989.614 0.137
1264640.197 0.137
1265317.051 0.136
1266020.131 0.136
1266749.391 0.136
1267504.782 0.136
1268286.255 0.136
1269093.758 0.136
1269927.240 0.135
1270786.644 0.135
1271671.915 0.135
1272582.997 0.135
1273519.829 0.135
1274482.351 0.135
1275470.502 0.134
1276484.217 0.134
1277523.432 0.134
1278588.081 0.134
1279678.096 0.134
1280793.407 0.133
1281933.945 0.133
1283099.637 0.133
1284290.411 0.133
1285506.192 0.132
1286746.904 0.132
1288012.470 0.132
1289302.812 0.132
1290617.851 0.131
1291957.506 0.131
1293321.695 0.131
1294710.336 0.131
1296123.343 0.130
1297560.633 0.130
1299022.117 0.130
1300507.710 0.130
1302017.323 0.129
1303550.866 0.129
1305108.249 0.129
1306689.381 0.128
1308294.169 0.128
1309922.519 0.128
1311574.338 0.128
1313249.530 0.127
1314948.000 0.127
1316669.650 0.127
1318414.383 0.126
1320182.101 0.126
1321972.704 0.126
1323786.092 0.125
1325622.165 0.125
1327480.821 0.125
1329361.958 0.124
1331265.474 0.124
1333191.264 0.124
1335139.226 0.123
1337109.253 0.123
1339101.241 0.123
1341115.085 0.122
1343150.678 0.122
1345207.913 0.122
1347286.682 0.121
1349386.879 0.121
1351508.395 0.121
1353651.121 0.120
1355814.947 0.120
1357999.766 0.120
1360205.466 0.119
1362431.938 0.119
1364679.072 0.118
1366946.755 0.118
1369234.878 0.118
1371543.328 0.117
1373871.995 0.117
1376220.766 0.117
1378589.530 0.116
1380978.173 0.116
1383386.584 0.116
1385814.650 0.115
1388262.258 0.115
1390729.296 0.114
1393215.649 0.114
1395721.206 0.114
1398245.853 0.113
1400789.477 0.113
1403351.964 0.112
1405933.201 0.112
1408533.075 0.112
1411151.473 0.111
1413788.281 0.111
1416443.385 0.110
1419116.674 0.110
1421808.033 0.110
1424517.349 0.109
1427244.510 0.109
1429989.403 0.109
1432751.914 0.108
1435531.931 0.108
1438329.341 0.107
1441144.033 0.107
1443975.894 0.107
1446824.811 0.106
1449690.673 0.106
1452573.369 0.105
1455472.787 0.105
1458388.815 0.105
1461321.342 0.104
1464270.259 0.104
1467235.454 0.103
1470216.817 0.103
1473214.238 0.103
1476227.608 0.102
1479256.816 0.102
1482301.755 0.101
1485362.314 0.101
1488438.386 0.101
1491529.862 0.100
1494636.635 0.100
1497758.597 0.099
1500895.640 0.099
1504047.659 0.099
1507214.546 0.098
1510396.196 0.098
1513592.502 0.097
1516803.360 0.097
1520028.664 0.097
1523268.310 0.096
1526522.195 0.096
1529790.213 0.096
1533072.261 0.095
1536368.238 0.095
1539678.039 0.094
1543001.564 0.094
1546338.710 0.094
1549689.377 0.093
1553053.463 0.093
1556430.867 0.092
1559821.492 0.092
1563225.235 0.092
1566642.000 0.091
1570071.686 0.091
1573514.197 0.091
1576969.434 0.090
1580437.300 0.090
1583917.699 0.089
1587410.534 0.089
1590915.709 0.089
1594433.130 0.088
1597962.701 0.088
1601504.328 0.088
1605057.917 0.087
1608623.376 0.087
1612200.610 0.086
1615789.528 0.086
1619390.037 0.086
1623002.047 0.085
1626625.466 0.085
1630260.204 0.085
1633906.171 0.084
1637563.277 0.084
1641231.434 0.084
1644910.552 0.083
1648600.545 0.083
1652301.324 0.082
1656012.803 0.082
1659734.895 0.082
1663467.514 0.081
1667210.575 0.081
1670963.992 0.081
1674727.681 0.080
1678501.558 0.080
1682285.539 0.080
1686079.542 0.079
1689883.484 0.079
1693697.283 0.079
1697520.857 0.078
1701354.125 0.078
1705197.007 0.078
1709049.422 0.077
1712911.291 0.077
1716782.535 0.077
1720663.076 0.076
1724552.834 0.076
1728451.733 0.076
1732359.695 0.075
1736276.643 0.075
1740202.502 0.075
1744137.196 0.074
1748080.648 0.074
1752032.786 0.074
1755993.533 0.073
1759962.817 0.073
1763940.564 0.073
1767926.701 0.072
1771921.156 0.072
1775923.856 0.072
1779934.731 0.072
1783953.709 0.071
1787980.719 0.071
1792015.692 0.071
1796058.558 0.070
1800109.248 0.070
1804167.692 0.070
1808233.823 0.069
1812307.572 0.069
1816388.873 0.069
1820477.658 0.068
1824573.861 0.068
1828677.415 0.068
1832788.256 0.068
1836906.317 0.067
1841031.535 0.067
1845163.844 0.067
1849303.181 0.066
1853449.482 0.066
1857602.684 0.066
1861762.724 0.066
1865929.541 0.065
1870103.073 0.065
1874283.257 0.065
1878470.034 0.064
1882663.342 0.064
1886863.121 0.064
1891069.312 0.064
1895281.855 0.063
1899500.691 0.063
1903725.762 0.063
1907957.009 0.063
1912194.375 0.062
1916437.802 0.062
1920687.234 0.062
1924942.613 0.061
1929203.884 0.061
1933470.990 0.061
1937743.876 0.061
1942022.487 0.060
1946306.769 0.060
1950596.666 0.060
1954892.126 0.060
1959193.093 0.059
1963499.516 0.059
1967811.341 0.059
1972128.516 0.059
1976450.988 0.058
1980778.706 0.058
1985111.618 0.058
1989449.673 0.058
1993792.820 0.057
1998141.009 0.057
2002494.190 0.057
2006852.313 0.057
2011215.328 0.056
2015583.187 0.056
2019955.841 0.056
2024333.241 0.056
2028715.339 0.056
2033102.088 0.055
2037493.440 0.055
2041889.348 0.055
2046289.766 0.055
2050694.646 0.054
2055103.942 0.054
2059517.609 0.054
2063935.601 0.054
2068357.873 0.053
2072784.380 0.053
2077215.078 0.053
2081649.921 0.053
2086088.866 0.053
2090531.870 0.052
2094978.888 0.052
2099429.878 0.052
2103884.797 0.052
2108343.602 0.052
2112806.251 0.051
2117272.702 0.051
2121742.913 0.051
2126216.843 0.051
2130694.450 0.050
2135175.694 0.050
2139660.534 0.050
2144148.930 0.050
2148640.841 0.050
2153136.228 0.049
2157635.051 0.049
2162137.272 0.049
2166642.850 0.049
2171151.747 0.049
2175663.925 0.048
2180179.345 0.048
2184697.970 0.048
2189219.761 0.048
2193744.681 0.048
2198272.693 0.048
2202803.760 0.047
2207337.844 0.047
2211874.910 0.047
2216414.921 0.047
2220957.841 0.047
2225503.635 0.046
2230052.266 0.046
2234603.699 0.046
2239157.899 0.046
2243714.831 0.046
2248274.461 0.045
2252836.754 0.045
2257401.676 0.045
2261969.192 0.045
2266539.269 0.045
2271111.874 0.045
2275686.973 0.044
2280264.532 0.044
2284844.519 0.044
2289426.902 0.044
2294011.647 0.044
2298598.722 0.044
2303188.096 0.043
2307779.735 0.043
2312373.609 0.043
2316969.687 0.043
2321567.935 0.043
2326168.325 0.043
2330770.824 0.042
2335375.402 0.042
2339982.028 0.042
2344590.672 0.042
2349201.304 0.042
2353813.894 0.042
2358428.412 0.041
2363044.829 0.041
2367663.115 0.041
2372283.240 0.041
2376905.176 0.041
2381528.895 0.041
2386154.366 0.040
2390781.562 0.040
2395410.454 0.040
2400041.015 0.040
2404673.215 0.040
2409307.028 0.040
2413942.425 0.040
2418579.380 0.039
2423217.864 0.039
2427857.851 0.039
2432499.314 0.039
2437142.225 0.039
2441786.558 0.039
2446432.287 0.039
2451079.385 0.038
2455727.826 0.038
2460377.584 0.038
2465028.633 0.038
2469680.947 0.038
2474334.500 0.038
2478989.268 0.038
2483645.225 0.037
2488302.346 0.037
2492960.605 0.037
2497619.978 0.037
2502280.441 0.037
2506941.968 0.037
2511604.535 0.037
2516268.119 0.036
2520932.694 0.036
2525598.236 0.036
2530264.723 0.036
2534932.130 0.036
2539600.433 0.036
2544269.610 0.036
2548939.636 0.036
2553610.489 0.035
2558282.146 0.035
2562954.583 0.035
2567627.778 0.035
2572301.708 0.035
2576976.350 0.035
2581651.683 0.035
2586327.684 0.035
2591004.330 0.034
2595681.600 0.034
2600359.472 0.034
2605037.923 0.034
2609716.933 0.034
2614396.480 0.034
2619076.542 0.034
2623757.097 0.034
2628438.126 0.033
2633119.605 0.033
2637801.516 0.033
2642483.836 0.033
2647166.545 0.033
2651849.623 0.033
2656533.048 0.033
2661216.801 0.033
2665900.861 0.033
2670585.207 0.032
2675269.820 0.032
2679954.681 0.032
2684639.767 0.032
2689325.062 0.032
2694010.543 0.032
2698696.192 0.032
2703381.990 0.032
2708067.917 0.032
2712753.953 0.031
2717440.080 0.031
2722126.279 0.031
2726812.530 0.031
2731498.815 0.031
2736185.115 0.031
2740871.411 0.031
2745557.684 0.031
2750243.917 0.031
2754930.091 0.031
2759616.187 0.030
2764302.187 0.030
2768988.074 0.030
2773673.828 0.030
2778359.433 0.030
2783044.870 0.030
2787730.122 0.030
2792415.171 0.030
2797099.999 0.030
2801784.589 0.030
2806468.924 0.029
2811152.985 0.029
2815836.757 0.029
2820520.221 0.029
2825203.361 0.029
2829886.160 0.029
2834568.601 0.029
2839250.667 0.029
2843932.341 0.029
2848613.607 0.029
2853294.448 0.028
2857974.847 0.028
2862654.789 0.028
2867334.256 0.028
2872013.233 0.028
2876691.704 0.028
2881369.652 0.028
2886047.061 0.028
2890723.915 0.028
2895400.199 0.028
2900075.896 0.028
2904750.992 0.028
2909425.469 0.027
2914099.314 0.027
2918772.509 0.027
2923445.041 0.027
2928116.892 0.027
2932788.049 0.027
2937458.495 0.027
2942128.216 0.027
2946797.197 0.027
2951465.423 0.027
2956132.877 0.027
2960799.547 0.026
2965465.417 0.026
2970130.471 0.026
2974794.697 0.026
2979458.078 0.026
2984120.600 0.026
2988782.249 0.026
2993443.011 0.026
2998102.870 0.026
3002761.813 0.026
3007419.826 0.026
3012076.894 0.026
3016733.003 0.026
3021388.140 0.025
3026042.289 0.025
3030695.438 0.025
3035347.572 0.025
3039998.677 0.025
3044648.741 0.025
3049297.748 0.025
3053945.686 0.025
3058592.541 0.025
3063238.299 0.025
5334075.703 0.008
5321364.745 0.008
5308649.509 0.008
5295930.013 0.008
5283206.279 0.008
5270478.325 0.008
5257746.173 0.008
5245009.842 0.009
5232269.353 0.009
5219524.727 0.009
5206775.983 0.009
5194023.143 0.009
5181266.227 0.009
5168505.255 0.009
5155740.250 0.009
5142971.231 0.009
5130198.220 0.009
5117421.237 0.009
5104640.305 0.009
5091855.444 0.009
5079066.675 0.009
5066274.021 0.009
5053477.503 0.009
5040677.142 0.009
5027872.960 0.009
5015064.980 0.009
5002253.222 0.009
4989437.710 0.009
4976618.465 0.009
4963795.510 0.010
4950968.867 0.010
4938138.559 0.010
4925304.607 0.010
4912467.035 0.010
4899625.867 0.010
4886781.123 0.010
4873932.829 0.010
4861081.006 0.010
4848225.678 0.010
4835366.869 0.010
4822504.602 0.010
4809638.901 0.010
4796769.789 0.010
4783897.291 0.010
4771021.429 0.010
4758142.230 0.010
4745259.716 0.010
4732373.912 0.010
4719484.843 0.011
4706592.533 0.011
4693697.008 0.011
4680798.292 0.011
4667896.410 0.011
4654991.387 0.011
4642083.249 0.011
4629172.022 0.011
4616257.730 0.011
4603340.400 0.011
4590420.059 0.011
4577496.731 0.011
4564570.443 0.011
4551641.221 0.011
4538709.093 0.011
4525774.085 0.011
4512836.224 0.011
4499895.537 0.012
4486952.051 0.012
4474005.794 0.012
4461056.793 0.012
4448105.076 0.012
4435150.671 0.012
4422193.607 0.012
4409233.911 0.012
4396271.612 0.012
4383306.738 0.012
4370339.320 0.012
4357369.385 0.012
4344396.963 0.012
4331422.084 0.012
4318444.778 0.013
4305465.073 0.013
4292483.001 0.013
4279498.591 0.013
4266511.875 0.013
4253522.883 0.013
4240531.646 0.013
4227538.195 0.013
4214542.562 0.013
4201544.778 0.013
4188544.876 0.013
4175542.887 0.013
4162538.844 0.013
4149532.780 0.014
4136524.728 0.014
4123514.720 0.014
4110502.791 0.014
4097488.973 0.014
4084473.302 0.014
4071455.810 0.014
4058436.534 0.014
4045415.507 0.014
4032392.764 0.014
4019368.342 0.014
4006342.275 0.015
3993314.600 0.015
3980285.353 0.015
3967254.571 0.015
3954222.290 0.015
3941188.549 0.015
3928153.383 0.015
3915116.832 0.015
3902078.933 0.015
3889039.726 0.015
3875999.249 0.016
3862957.541 0.016
3849914.642 0.016
3836870.592 0.016
3823825.431 0.016
3810779.201 0.016
3797731.942 0.016
3784683.696 0.016
3771634.505 0.016
3758584.411 0.017
3745533.457 0.017
3732481.686 0.017
3719429.142 0.017
3706375.869 0.017
3693321.911 0.017
3680267.313 0.017
3667212.120 0.017
3654156.380 0.017
3641100.137 0.018
3628043.438 0.018
3614986.332 0.018
3601928.865 0.018
3588871.086 0.018
3575813.044 0.018
3562754.788 0.018
3549696.369 0.019
3536637.835 0.019
3523579.240 0.019
3510520.633 0.019
3497462.067 0.019
3484403.596 0.019
3471345.271 0.019
3458287.148 0.019
3445229.280 0.020
3432171.724 0.020
3419114.534 0.020
3406057.767 0.020
3393001.480 0.020
3379945.731 0.020
3366890.579 0.021
3353836.083 0.021
3340782.303 0.021
3327729.299 0.021
3314677.133 0.021
3301625.867 0.021
3288575.564 0.022
3275526.287 0.022
3262478.102 0.022
3249431.074 0.022
3236385.269 0.022
3223340.753 0.022
3210297.596 0.023
3197255.865 0.023
3184215.631 0.023
3171176.964 0.023
3158139.935 0.023
3145104.618 0.024
3132071.086 0.024
3119039.414 0.024
3106009.677 0.024
3092981.951 0.024
3079956.315 0.025
3066932.847 0.025
3053911.627 0.025
3040892.736 0.025
3027876.256 0.025
3014862.272 0.026
3001850.866 0.026
2988842.125 0.026
2975836.137 0.026
2962832.989 0.026
2949832.771 0.027
2936835.574 0.027
2923841.490 0.027
2910850.614 0.027
2897863.040 0.028
2884878.864 0.028
2871898.186 0.028
2858921.105 0.028
2845947.722 0.029
2832978.139 0.029
2820012.461 0.029
2807050.795 0.029
2794093.247 0.030
2781139.928 0.030
2768190.948 0.030
2755246.421 0.031
2742306.462 0.031
2729371.188 0.031
2716440.716 0.031
2703515.169 0.032
2690594.668 0.032
2677679.339 0.032
2664769.309 0.033
2651864.706 0.033
2638965.663 0.033
2626072.312 0.034
2613184.789 0.034
2600303.234 0.034
2587427.786 0.035
2574558.590 0.035
2561695.790 0.035
2548839.535 0.036
2535989.977 0.036
2523147.268 0.036
2510311.567 0.037
2497483.032 0.037
2484661.825 0.037
2471848.113 0.038
2459042.063 0.038
2446243.847 0.039
2433453.641 0.039
2420671.623 0.039
2407897.974 0.040
2395132.879 0.040
2382376.527 0.041
2369629.111 0.041
2356890.826 0.041
2344161.873 0.042
2331442.455 0.042
2318732.781 0.043
2306033.062 0.043
2293343.515 0.044
2280664.361 0.044
2267995.825 0.045
2255338.135 0.045
2242691.528 0.046
2230056.242 0.046
2217432.522 0.047
2204820.616 0.047
2192220.780 0.048
2179633.273 0.048
2167058.361 0.049
2154496.314 0.049
2141947.409 0.050
2129411.930 0.051
2116890.165 0.051
2104382.408 0.052
2091888.962 0.052
2079410.135 0.053
2066946.242 0.054
2054497.603 0.054
2042064.549 0.055
2029647.416 0.055
2017246.547 0.056
2004862.294 0.057
1992495.017 0.058
1980145.084 0.058
1967812.870 0.059
1955498.760 0.060
1943203.148 0.060
1930926.438 0.061
1918669.040 0.062
1906431.377 0.063
1894213.880 0.063
1882016.991 0.064
1869841.163 0.065
1857686.859 0.066
1845554.552 0.067
1833444.728 0.068
1821357.884 0.068
1809294.530 0.069
1797255.186 0.070
1785240.387 0.071
1773250.681 0.072
1761286.627 0.073
1749348.801 0.074
1737437.790 0.075
1725554.198 0.076
1713698.644 0.077
1701871.760 0.078
1690074.197 0.079
1678306.620 0.080
1666569.711 0.081
1654864.171 0.082
1643190.716 0.083
1631550.083 0.085
1619943.026 0.086
1608370.318 0.087
1596832.752 0.088
1585331.144 0.089
1573866.326 0.091
1562439.155 0.092
1551050.509 0.093
1539701.289 0.094
1528392.419 0.096
1517124.846 0.097
1505899.543 0.098
1494717.508 0.100
1483579.763 0.101
1472487.359 0.103
1461441.373 0.104
1450442.909 0.106
1439493.101 0.107
1428593.112 0.109
1417744.136 0.110
1406947.395 0.112
1396204.145 0.114
1385515.673 0.115
1374883.301 0.117
1364308.382 0.119
1353792.306 0.120
1343336.496 0.122
1332942.414 0.124
1322611.555 0.126
1312345.456 0.127
1302145.688 0.129
1292013.864 0.131
1281951.636 0.133
1271960.696 0.135
1262042.777 0.137
1252199.654 0.139
1242433.144 0.141
1232745.109 0.143
1223137.451 0.145
1213612.117 0.147
1204171.101 0.149
1194816.439 0.152
1185550.213 0.154
1176374.549 0.156
1167291.620 0.158
1158303.645 0.160
1149412.888 0.163
1140621.656 0.165
1131932.305 0.167
1123347.234 0.170
1114868.886 0.172
1106499.750 0.174
1098242.354 0.177
1090099.272 0.179
1082073.117 0.182
1074166.543 0.184
1066382.241 0.186
1058722.939 0.189
1051191.402 0.191
1043790.424 0.194
1036522.832 0.196
1029391.481 0.198
1022399.250 0.201
1015549.041 0.203
1008843.774 0.206
1002286.385 0.208
995879.823 0.210
989627.041 0.213
983530.998 0.215
977594.650 0.217
971820.949 0.220
966212.832 0.222
960773.222 0.224
955505.019 0.226
950411.093 0.228
945494.283 0.231
940757.386 0.233
936203.150 0.234
931834.272 0.236
927653.390 0.238
923663.072 0.240
919865.814 0.242
916264.032 0.243
912860.055 0.245
909656.115 0.246
906654.348 0.248
903856.779 0.249
901265.320 0.250
898881.765 0.252
896707.782 0.253
894744.906 0.254
892994.537 0.254
891457.935 0.255
890136.212 0.256
889030.332 0.256
888141.106 0.257
887469.189 0.257
887015.076 0.257
886779.105 0.257
886761.450 0.257
886962.125 0.257
887380.981 0.257
888017.707 0.257
888871.833 0.256
889942.729 0.256
891229.609 0.255
892731.535 0.255
894447.417 0.254
896376.020 0.253
898515.966 0.252
900865.741 0.251
903423.697 0.249
906188.063 0.248
909156.944 0.247
912328.332 0.245
915700.111 0.244
919270.061 0.242
923035.870 0.240
926995.135 0.239
931145.374 0.237
935484.028 0.235
940008.471 0.233
944716.015 0.231
949603.920 0.229
954669.395 0.227
959909.610 0.225
965321.697 0.222
970902.762 0.220
976649.886 0.218
982560.131 0.216
988630.550 0.213
994858.186 0.211
1001240.080 0.208
1007773.278 0.206
1014454.831 0.204
1021281.799 0.201
1028251.261 0.199
1035360.310 0.196
1042606.064 0.194
1049985.664 0.192
1057496.278 0.189
1065135.107 0.187
1072899.380 0.184
1080786.364 0.182
1088793.362 0.180
1096917.713 0.177
1105156.798 0.175
1113508.037 0.172
1121968.893 0.170
1130536.871 0.168
1139209.522 0.165
1147984.438 0.163
1156859.258 0.161
1165831.665 0.159
1174899.389 0.156
1184060.203 0.154
1193311.929 0.152
1202652.431 0.150
1212079.621 0.148
1221591.453 0.146
1231185.930 0.143
1240861.096 0.141
1250615.041 0.139
1260445.897 0.137
1270351.841 0.135
1280331.089 0.133
1290381.903 0.132
1300502.583 0.130
1310691.472 0.128
1320946.950 0.126
1331267.439 0.124
1341651.398 0.122
1352097.323 0.121
1362603.748 0.119
1373169.244 0.117
1383792.415 0.115
1394471.902 0.114
1405206.379 0.112
1415994.553 0.111
1426835.163 0.109
1437726.981 0.107
1448668.808 0.106
1459659.478 0.104
1470697.851 0.103
1481782.819 0.101
1492913.300 0.100
1504088.239 0.099
1515306.609 0.097
1526567.409 0.096
1537869.661 0.095
1549212.415 0.093
1560594.742 0.092
1572015.739 0.091
1583474.522 0.089
1594970.234 0.088
1606502.035 0.087
1618069.109 0.086
1629670.659 0.085
1641305.909 0.084
1652974.101 0.082
1664674.496 0.081
1676406.374 0.080
1688169.032 0.079
1699961.785 0.078
1711783.965 0.077
1723634.920 0.076
1735514.013 0.075
1747420.624 0.074
1759354.147 0.073
1771313.992 0.072
1783299.581 0.071
1795310.352 0.070
1807345.755 0.069
1819405.254 0.069
1831488.326 0.068
1843594.459 0.067
1855723.155 0.066
1867873.926 0.065
1880046.296 0.064
1892239.800 0.064
1904453.985 0.063
1916688.407 0.062
1928942.633 0.061
1941216.238 0.061
1953508.811 0.060
1965819.945 0.059
1978149.247 0.058
1990496.330 0.058
2002860.816 0.057
2015242.337 0.056
2027640.531 0.056
2040055.046 0.055
2052485.536 0.054
2064931.664 0.054
2077393.100 0.053
2089869.521 0.052
2102360.611 0.052
2114866.060 0.051
2127385.566 0.051
2139918.834 0.050
2152465.572 0.050
2165025.498 0.049
2177598.334 0.048
2190183.807 0.048
2202781.652 0.047
2215391.607 0.047
2228013.418 0.046
2240646.834 0.046
2253291.610 0.045
2265947.506 0.045
2278614.287 0.044
2291291.722 0.044
2303979.585 0.043
2316677.656 0.043
2329385.716 0.042
2342103.553 0.042
2354830.959 0.042
2367567.729 0.041
2380313.662 0.041
2393068.561 0.040
2405832.234 0.040
2418604.492 0.039
2431385.148 0.039
2444174.020 0.039
2456970.930 0.038
2469775.702 0.038
2482588.164 0.037
2495408.147 0.037
2508235.484 0.037
2521070.014 0.036
2533911.575 0.036
2546760.012 0.036
2559615.168 0.035
2572476.894 0.035
2585345.040 0.035
2598219.460 0.034
2611100.011 0.034
2623986.550 0.034
2636878.940 0.033
2649777.044 0.033
2662680.728 0.033
2675589.860 0.032
2688504.311 0.032
2701423.954 0.032
2714348.663 0.031
2727278.315 0.031
2740212.790 0.031
2753151.967 0.031
2766095.731 0.030
2779043.965 0.030
2791996.557 0.030
2804953.394 0.029
2817914.368 0.029
2830879.369 0.029
2843848.292 0.029
2856821.032 0.028
2869797.485 0.028
2882777.552 0.028
2895761.130 0.028
2908748.123 0.027
2921738.434 0.027
2934731.966 0.027
2947728.626 0.027
2960728.321 0.026
2973730.961 0.026
2986736.454 0.026
2999744.714 0.026
3012755.652 0.026
3025769.182 0.025
3038785.220 0.025
3051803.682 0.025
3064824.486 0.025
3077847.550 0.025
3090872.795 0.024
3103900.141 0.024
3116929.511 0.024
3129960.828 0.024
3142994.015 0.024
3156028.999 0.023
3169065.706 0.023
3182104.062 0.023
3195143.996 0.023
3208185.438 0.023
3221228.317 0.022
3234272.564 0.022
3247318.111 0.022
3260364.892 0.022
3273412.839 0.022
3286461.887 0.022
3299511.971 0.021
3312563.028 0.021
3325614.995 0.021
3338667.809 0.021
3351721.408 0.021
3364775.732 0.021
3377830.721 0.020
3390886.315 0.020
3403942.456 0.020
3416999.086 0.020
3430056.147 0.020
3443113.583 0.020
3456171.339 0.020
3469229.358 0.019
3482287.586 0.019
3495345.970 0.019
3508404.455 0.019
3521462.988 0.019
3534521.519 0.019
3547579.994 0.019
3560638.364 0.018
3573696.576 0.018
3586754.583 0.018
3599812.333 0.018
3612869.778 0.018
3625926.869 0.018
3638983.560 0.018
3652039.801 0.017
3665095.547 0.017
3678150.752 0.017
3691205.368 0.017
3704259.351 0.017
3717312.655 0.017
3730365.237 0.017
3743417.051 0.017
3756468.055 0.017
3769518.205 0.016
3782567.457 0.016
3795615.771 0.016
3808663.103 0.016
3821709.413 0.016
3834754.658 0.016
3847798.798 0.016
3860841.793 0.016
3873883.602 0.016
3886924.186 0.015
3899963.506 0.015
3913001.521 0.015
3926038.195 0.015
3939073.488 0.015
3952107.363 0.015
3965139.781 0.015
3978170.706 0.015
3991200.100 0.015
4004227.928 0.015
4017254.152 0.014
4030278.736 0.014
4043301.645 0.014
4056322.843 0.014
4069342.296 0.014
4082359.968 0.014
4095375.824 0.014
4108389.831 0.014
4121401.954 0.014
4134412.159 0.014
4147420.414 0.014
4160426.684 0.014
4173430.937 0.013
4186433.141 0.013
4199433.261 0.013
4212431.268 0.013
4225427.128 0.013
4238420.809 0.013
4251412.281 0.013
4264401.511 0.013
4277388.469 0.013
4290373.125 0.013
4303355.446 0.013
4316335.404 0.013
4329312.968 0.012
4342288.107 0.012
4355260.793 0.012
4368230.995 0.012
4381198.684 0.012
4394163.831 0.012
4407126.408 0.012
4420086.385 0.012
4433043.734 0.012
4445998.426 0.012
4458950.434 0.012
4471899.729 0.012
4484846.283 0.012
4497790.069 0.012
4510731.059 0.012
4523669.227 0.011
4536604.544 0.011
4549536.984 0.011
4562466.521 0.011
4575393.127 0.011
4588316.776 0.011
4601237.441 0.011
4614155.098 0.011
4627069.719 0.011
4639981.278 0.011
4652889.751 0.011
4665795.111 0.011
4678697.333 0.011
4691596.392 0.011
4704492.263 0.011
4717384.920 0.011
4730274.340 0.010
4743160.496 0.010
4756043.365 0.010
4768922.923 0.010
4781799.144 0.010
4794672.005 0.010
4807541.482 0.010
4820407.550 0.010
4833270.187 0.010
4846129.367 0.010
4858985.069 0.010
4871837.268 0.010
4884685.941 0.010
4897531.064 0.010
4910372.616 0.010
4923210.572 0.010
4936044.910 0.010
4948875.607 0.010
4961702.641 0.010
4974525.989 0.009
4987345.628 0.009
5000161.537 0.009
5012973.693 0.009
5025782.074 0.009
5038586.658 0.009
5051387.422 0.009
5064184.347 0.009
5076977.408 0.009
5089766.586 0.009
5102551.858 0.009
5115333.204 0.009
5128110.601 0.009
5140884.028 0.009
5153653.465 0.009
5166418.890 0.009
5179180.282 0.009
5191937.621 0.009
5204690.885 0.009
5217440.055 0.009
5230185.108 0.009
5242926.026 0.009
5255662.787 0.008
5268395.370 0.008
5281123.757 0.008
5293847.926 0.008
5306567.857 0.008
5319283.531 0.008
5331994.926 0.008
0.0 0.0 0.0
0.0 0.0 0.0
0.0 0.0 0.0
0.0 0.0 0.0
0.0 0.0 0.0
0.0 0.0 0.0
0.0 0.0 0.0
0.0 0.0 0.0
0.0 0.0 0.0
0.0 0.0 0.0
0.0 0.0 0.0
0.0 0.0 0.0
0.0 0.0 0.0
0.0 0.0 0.0
0.0 0.0 0.0
0.0 0.0 0.0
0.0 0.0 0.0
0.0 0.0 0.0
0.0 0.0 0.0
0.0 0.0 0.0
0.0 0.0 0.0
0.0 0.0 0.0
0.0 0.0 0.0
0.0 0.0 0.0
0.0 0.0 0.0
0.0 0.0 0.0
0.0 0.0 0.0
0.0 0.0 0.0
0.0 0.0 0.0
0.0 0.0 0.0
0.0 0.0 0.0
0.0 0.0 0.0
0.0 0.0 0.0
0.0 0.0 0.0
0.0 0.0 0.0
0.0 0.0 0.0
0.0 0.0 0.0
0.0 0.0 0.0
0.0 0.0 0.0
0.0 0.0 0.0
0.0 0.0 0.0
0.0 0.0 0.0
0.0 0.0 0.0
0.0 0.0 0.0
0.0 0.0 0.0
0.0 0.0 0.0
0.0 0.0 0.0
0.0 0.0 0.0
0.0 0.0 0.0
0.0 0.0 0.0
0.0 0.0 0.0
0.0 0.0 0.0
0.0 0.0 0.0
0.0 0.0 0.0
0.0 0.0 0.0
0.0 0.0 0.0
0.0 0.0 0.0
0.0 0.0 0.0
0.0 0.0 0.0
0.0 0.0 0.0
0.0 0.0 0.0
0.0 0.0 0.0
0.0 0.0 0.0
0.0 0.0 0.0
0.0 0.0 0.0
0.0 0.0 0.0
0.0 0.0 0.0
0.0 0.0 0.0
0.0 0.0 0.0
0.0 0.0 0.0
0.0 0.0 0.0
0.0 0.0 0.0
0.0 0.0 0.0
0.0 0.0 0.0
0.0 0.0 0.0
0.0 0.0 0.0
0.0 0.0 0.0
0.0 0.0 0.0
0.0 0.0 0.0
0.0 0.0 0.0
0.0 0.0 0.0
0.0 0.0 0.0
0.0 0.0 0.0
0.0 0.0 0.0
0.0 0.0 0.0
0.0 0.0 0.0
0.0 0.0 0.0
0.0 0.0 0.0
0.0 0.0 0.0
0.0 0.0 0.0
0.0 0.0 0.0
0.0 0.0 0.0
0.0 0.0 0.0
0.0 0.0 0.0
0.0 0.0 0.0
0.0 0.0 0.0
0.0 0.0 0.0
0.0 0.0 0.0
0.0 0.0 0.0
0.0 0.0 0.0
0.0 0.0 0.0
0.0 0.0 0.0
0.0 0.0 0.0
0.0 0.0 0.0
0.0 0.0 0.0
0.0 0.0 0.0
0.0 0.0 0.0
0.0 0.0 0.0
0.0 0.0 0.0
0.0 0.0 0.0
0.0 0.0 0.0
0.0 0.0 0.0
0.0 0.0 0.0
0.0 0.0 0.0
0.0 0.0 0.0
0.0 0.0 0.0
0.0 0.0 0.0
0.0 0.0 0.0
0.0 0.0 0.0
0.0 0.0 0.0
0.0 0.0 0.0
0.0 0.0 0.0
0.0 0.0 0.0
0.0 0.0 0.0
0.0 0.0 0.0
0.0 0.0 0.0
0.0 0.0 0.0
0.0 0.0 0.0
0.0 0.0 0.0
0.0 0.0 0.0
0.0 0.0 0.0
0.0 0.0 0.0
0.0 0.0 0.0
0.0 0.0 0.0
0.0 0.0 0.0
0.0 0.0 0.0
0.0 0.0 0.0
0.0 0.0 0.0
0.0 0.0 0.0
0.0 0.0 0.0
0.0 0.0 0.0
0.0 0.0 0.0
0.0 0.0 0.0
0.0 0.0 0.0
0.0 0.0 0.0
0.0 0.0 0.0
0.0 0.0 0.0
0.0 0.0 0.0
0.0 0.0 0.0
0.0 0.0 0.0
0.0 0.0 0.0
0.0 0.0 0.0
0.0 0.0 0.0
0.0 0.0 0.0
0.0 0.0 0.0
0.0 0.0 0.0
0.0 0.0 0.0
0.0 0.0 0.0
0.0 0.0 0.0
0.0 0.0 0.0
0.0 0.0 0.0
0.0 0.0 0.0
0.0 0.0 0.0
0.0 0.0 0.0
0.0 0.0 0.0
0.0 0.0 0.0
0.0 0.0 0.0
0.0 0.0 0.0
0.0 0.0 0.0
0.0 0.0 0.0
0.0 0.0 0.0
0.0 0.0 0.0
0.0 0.0 0.0
0.0 0.0 0.0
0.0 0.0 0.0
0.0 0.0 0.0
0.0 0.0 0.0
0.0 0.0 0.0
0.0 0.0 0.0
0.0 0.0 0.0
0.0 0.0 0.0
0.0 0.0 0.0
0.0 0.0 0.0
0.0 0.0 0.0
0.0 0.0 0.0
0.0 0.0 0.0
0.0 0.0 0.0
0.0 0.0 0.0
0.0 0.0 0.0
0.0 0.0 0.0
0.0 0.0 0.0
0.0 0.0 0.0
0.0 0.0 0.0
0.0 0.0 0.0
0.0 0.0 0.0
0.0 0.0 0.0
0.0 0.0 0.0
0.0 0.0 0.0
0.0 0.0 0.0
0.0 0.0 0.0
0.0 0.0 0.0
0.0 0.0 0.0
0.0 0.0 0.0
0.0 0.0 0.0
0.0 0.0 0.0
0.0 0.0 0.0
0.0 0.0 0.0
0.0 0.0 0.0
0.0 0.0 0.0
0.0 0.0 0.0
0.0 0.0 0.0
0.0 0.0 0.0
0.0 0.0 0.0
0.0 0.0 0.0
0.0 0.0 0.0
0.0 0.0 0.0
0.0 0.0 0.0
0.0 0.0 0.0
0.0 0.0 0.0
0.0 0.0 0.0
0.0 0.0 0.0
0.0 0.0 0.0
0.0 0.0 0.0
0.0 0.0 0.0
0.0 0.0 0.0
0.0 0.0 0.0
0.0 0.0 0.0
0.0 0.0 0.0
0.0 0.0 0.0
0.0 0.0 0.0
0.0 0.0 0.0
0.0 0.0 0.0
0.0 0.0 0.0
0.0 0.0 0.0
0.0 0.0 0.0
0.0 0.0 0.0
0.0 0.0 0.0
0.0 0.0 0.0
0.0 0.0 0.0
0.0 0.0 0.0
0.0 0.0 0.0
0.0 0.0 0.0
0.0 0.0 0.0
0.0 0.0 0.0
0.0 0.0 0.0
0.0 0.0 0.0
0.0 0.0 0.0
0.0 0.0 0.0
0.0 0.0 0.0
0.0 0.0 0.0
0.0 0.0 0.0
0.0 0.0 0.0
0.0 0.0 0.0
0.0 0.0 0.0
0.0 0.0 0.0
0.0 0.0 0.0
0.0 0.0 0.0
0.0 0.0 0.0
0.0 0.0 0.0
0.0 0.0 0.0
0.0 0.0 0.0
0.0 0.0 0.0
0.0 0.0 0.0
0.0 0.0 0.0
0.0 0.0 0.0
0.0 0.0 0.0
0.0 0.0 0.0
0.0 0.0 0.0
0.0 0.0 0.0
0.0 0.0 0.0
0.0 0.0 0.0
0.0 0.0 0.0
0.0 0.0 0.0
0.0 0.0 0.0
0.0 0.0 0.0
0.0 0.0 0.0
0.0 0.0 0.0
0.0 0.0 0.0
0.0 0.0 0.0
0.0 0.0 0.0
0.0 0.0 0.0
0.0 0.0 0.0
0.0 0.0 0.0
0.0 0.0 0.0
0.0 0.0 0.0
0.0 0.0 0.0
0.0 0.0 0.0
0.0 0.0 0.0
0.0 0.0 0.0
0.0 0.0 0.0
0.0 0.0 0.0
0.0 0.0 0.0
0.0 0.0 0.0
0.0 0.0 0.0
0.0 0.0 0.0
0.0 0.0 0.0
0.0 0.0 0.0
0.0 0.0 0.0
0.0 0.0 0.0
0.0 0.0 0.0
0.0 0.0 0.0
0.0 0.0 0.0
0.0 0.0 0.0
0.0 0.0 0.0
0.0 0.0 0.0
0.0 0.0 0.0
0.0 0.0 0.0
0.0 0.0 0.0
0.0 0.0 0.0
0.0 0.0 0.0
0.0 0.0 0.0
0.0 0.0 0.0
0.0 0.0 0.0
0.0 0.0 0.0
0.0 0.0 0.0
0.0 0.0 0.0
0.0 0.0 0.0
0.0 0.0 0.0
0.0 0.0 0.0
0.0 0.0 0.0
0.0 0.0 0.0
0.0 0.0 0.0
0.0 0.0 0.0
0.0 0.0 0.0
0.0 0.0 0.0
0.0 0.0 0.0
0.0 0.0 0.0
0.0 0.0 0.0
0.0 0.0 0.0
0.0 0.0 0.0
0.0 0.0 0.0
0.0 0.0 0.0
0.0 0.0 0.0
0.0 0.0 0.0
0.0 0.0 0.0
0.0 0.0 0.0
0.0 0.0 0.0
0.0 0.0 0.0
0.0 0.0 0.0
0.0 0.0 0.0
0.0 0.0 0.0
0.0 0.0 0.0
0.0 0.0 0.0
0.0 0.0 0.0
0.0 0.0 0.0
0.0 0.0 0.0
0.0 0.0 0.0
0.0 0.0 0.0
0.0 0.0 0.0
0.0 0.0 0.0
0.0 0.0 0.0
0.0 0.0 0.0
0.0 0.0 0.0
0.0 0.0 0.0
0.0 0.0 0.0
0.0 0.0 0.0
0.0 0.0 0.0
0.0 0.0 0.0
0.0 0.0 0.0
0.0 0.0 0.0
0.0 0.0 0.0
0.0 0.0 0.0
0.0 0.0 0.0
0.0 0.0 0.0
0.0 0.0 0.0
0.0 0.0 0.0
0.0 0.0 0.0
0.0 0.0 0.0
0.0 0.0 0.0
0.0 0.0 0.0
0.0 0.0 0.0
0.0 0.0 0.0
0.0 0.0 0.0
0.0 0.0 0.0
0.0 0.0 0.0
0.0 0.0 0.0
0.0 0.0 0.0
0.0 0.0 0.0
0.0 0.0 0.0
0.0 0.0 0.0
0.0 0.0 0.0
0.0 0.0 0.0
0.0 0.0 0.0
0.0 0.0 0.0
0.0 0.0 0.0
0.0 0.0 0.0
0.0 0.0 0.0
0.0 0.0 0.0
0.0 0.0 0.0
0.0 0.0 0.0
0.0 0.0 0.0
0.0 0.0 0.0
0.0 0.0 0.0
0.0 0.0 0.0
0.0 0.0 0.0
0.0 0.0 0.0
0.0 0.0 0.0
0.0 0.0 0.0
0.0 0.0 0.0
0.0 0.0 0.0
0.0 0.0 0.0
0.0 0.0 0.0
0.0 0.0 0.0
0.0 0.0 0.0
0.0 0.0 0.0
0.0 0.0 0.0
0.0 0.0 0.0
0.0 0.0 0.0
0.0 0.0 0.0
0.0 0.0 0.0
0.0 0.0 0.0
0.0 0.0 0.0
0.0 0.0 0.0
0.0 0.0 0.0
0.0 0.0 0.0
0.0 0.0 0.0
0.0 0.0 0.0
0.0 0.0 0.0
0.0 0.0 0.0
0.0 0.0 0.0
0.0 0.0 0.0
0.0 0.0 0.0
0.0 0.0 0.0
0.0 0.0 0.0
0.0 0.0 0.0
0.0 0.0 0.0
0.0 0.0 0.0
0.0 0.0 0.0
0.0 0.0 0.0
0.0 0.0 0.0
0.0 0.0 0.0
0.0 0.0 0.0
0.0 0.0 0.0
0.0 0.0 0.0
0.0 0.0 0.0
0.0 0.0 0.0
0.0 0.0 0.0
0.0 0.0 0.0
0.0 0.0 0.0
0.0 0.0 0.0
0.0 0.0 0.0
0.0 0.0 0.0
0.0 0.0 0.0
0.0 0.0 0.0
0.0 0.0 0.0
0.0 0.0 0.0
0.0 0.0 0.0
0.0 0.0 0.0
0.0 0.0 0.0
0.0 0.0 0.0
0.0 0.0 0.0
0.0 0.0 0.0
0.0 0.0 0.0
0.0 0.0 0.0
0.0 0.0 0.0
0.0 0.0 0.0
0.0 0.0 0.0
0.0 0.0 0.0
0.0 0.0 0.0
0.0 0.0 0.0
0.0 0.0 0.0
0.0 0.0 0.0
0.0 0.0 0.0
0.0 0.0 0.0
0.0 0.0 0.0
0.0 0.0 0.0
0.0 0.0 0.0
0.0 0.0 0.0
0.0 0.0 0.0
0.0 0.0 0.0
0.0 0.0 0.0
0.0 0.0 0.0
0.0 0.0 0.0
0.0 0.0 0.0
0.0 0.0 0.0
0.0 0.0 0.0
0.0 0.0 0.0
0.0 0.0 0.0
0.0 0.0 0.0
0.0 0.0 0.0
0.0 0.0 0.0
0.0 0.0 0.0
0.0 0.0 0.0
0.0 0.0 0.0
0.0 0.0 0.0
0.0 0.0 0.0
0.0 0.0 0.0
0.0 0.0 0.0
0.0 0.0 0.0
0.0 0.0 0.0
0.0 0.0 0.0
0.0 0.0 0.0
0.0 0.0 0.0
0.0 0.0 0.0
0.0 0.0 0.0
0.0 0.0 0.0
0.0 0.0 0.0
0.0 0.0 0.0
0.0 0.0 0.0
0.0 0.0 0.0
0.0 0.0 0.0
0.0 0.0 0.0
0.0 0.0 0.0
0.0 0.0 0.0
0.0 0.0 0.0
0.0 0.0 0.0
0.0 0.0 0.0
0.0 0.0 0.0
0.0 0.0 0.0
0.0 0.0 0.0
0.0 0.0 0.0
0.0 0.0 0.0
0.0 0.0 0.0
0.0 0.0 0.0
0.0 0.0 0.0
0.0 0.0 0.0
0.0 0.0 0.0
0.0 0.0 0.0
0.0 0.0 0.0
0.0 0.0 0.0
0.0 0.0 0.0
0.0 0.0 0.0
0.0 0.0 0.0
0.0 0.0 0.0
0.0 0.0 0.0
0.0 0.0 0.0
0.0 0.0 0.0
0.0 0.0 0.0
0.0 0.0 0.0
0.0 0.0 0.0
0.0 0.0 0.0
0.0 0.0 0.0
0.0 0.0 0.0
0.0 0.0 0.0
0.0 0.0 0.0
0.0 0.0 0.0
0.0 0.0 0.0
0.0 0.0 0.0
0.0 0.0 0.0
0.0 0.0 0.0
0.0 0.0 0.0
0.0 0.0 0.0
0.0 0.0 0.0
0.0 0.0 0.0
0.0 0.0 0.0
0.0 0.0 0.0
0.0 0.0 0.0
0.0 0.0 0.0
0.0 0.0 0.0
0.0 0.0 0.0
0.0 0.0 0.0
0.0 0.0 0.0
0.0 0.0 0.0
0.0 0.0 0.0
0.0 0.0 0.0
0.0 0.0 0.0
0.0 0.0 0.0
0.0 0.0 0.0
0.0 0.0 0.0
0.0 0.0 0.0
0.0 0.0 0.0
0.0 0.0 0.0
0.0 0.0 0.0
0.0 0.0 0.0
0.0 0.0 0.0
0.0 0.0 0.0
0.0 0.0 0.0
0.0 0.0 0.0
0.0 0.0 0.0
0.0 0.0 0.0
0.0 0.0 0.0
0.0 0.0 0.0
0.0 0.0 0.0
0.0 0.0 0.0
0.0 0.0 0.0
0.0 0.0 0.0
0.0 0.0 0.0
0.0 0.0 0.0
0.0 0.0 0.0
0.0 0.0 0.0
0.0 0.0 0.0
0.0 0.0 0.0
0.0 0.0 0.0
0.0 0.0 0.0
0.0 0.0 0.0
0.0 0.0 0.0
0.0 0.0 0.0
0.0 0.0 0.0
0.0 0.0 0.0
0.0 0.0 0.0
0.0 0.0 0.0
0.0 0.0 0.0
0.0 0.0 0.0
5330831.349 0.008
5318116.102 0.008
5305396.577 0.008
5292672.794 0.008
5279944.773 0.008
5267212.535 0.008
5254476.100 0.008
5241735.487 0.009
5228990.718 0.009
5216241.812 0.009
5203488.791 0.009
5190731.675 0.009
5177970.484 0.009
5165205.240 0.009
5152435.963 0.009
5139662.674 0.009
5126885.395 0.009
5114104.147 0.009
5101318.950 0.009
5088529.826 0.009
5075736.797 0.009
5062939.884 0.009
5050139.108 0.009
5037334.492 0.009
5024526.058 0.009
5011713.826 0.009
4998897.820 0.009
4986078.061 0.009
4973254.571 0.009
4960427.374 0.010
4947596.490 0.010
4934761.944 0.010
4921923.757 0.010
4909081.952 0.010
4896236.552 0.010
4883387.580 0.010
4870535.060 0.010
4857679.014 0.010
4844819.465 0.010
4831956.438 0.010
4819089.956 0.010
4806220.042 0.010
4793346.720 0.010
4780470.014 0.010
4767589.949 0.010
4754706.548 0.010
4741819.835 0.010
4728929.836 0.010
4716036.575 0.011
4703140.076 0.011
4690240.365 0.011
4677337.466 0.011
4664431.404 0.011
4651522.205 0.011
4638609.894 0.011
4625694.498 0.011
4612776.040 0.011
4599854.548 0.011
4586930.048 0.011
4574002.565 0.011
4561072.125 0.011
4548138.757 0.011
4535202.485 0.011
4522263.337 0.011
4509321.340 0.012
4496376.521 0.012
4483428.907 0.012
4470478.527 0.012
4457525.406 0.012
4444569.574 0.012
4431611.059 0.012
4418649.888 0.012
4405686.090 0.012
4392719.694 0.012
4379750.728 0.012
4366779.221 0.012
4353805.203 0.012
4340828.703 0.012
4327849.750 0.012
4314868.375 0.013
4301884.607 0.013
4288898.476 0.013
4275910.013 0.013
4262919.249 0.013
4249926.214 0.013
4236930.940 0.013
4223933.457 0.013
4210933.798 0.013
4197931.994 0.013
4184928.077 0.013
4171922.079 0.013
4158914.034 0.014
4145903.973 0.014
4132891.930 0.014
4119877.937 0.014
4106862.030 0.014
4093844.240 0.014
4080824.603 0.014
4067803.153 0.014
4054779.924 0.014
4041754.952 0.014
4028728.271 0.014
4015699.917 0.014
4002669.926 0.015
3989638.334 0.015
3976605.177 0.015
3963570.492 0.015
3950534.316 0.015
3937496.687 0.015
3924457.642 0.015
3911417.218 0.015
3898375.456 0.015
3885332.393 0.015
3872288.067 0.016
3859242.520 0.016
3846195.790 0.016
3833147.918 0.016
3820098.944 0.016
3807048.908 0.016
3793997.853 0.016
3780945.820 0.016
3767892.852 0.016
3754838.989 0.017
3741784.276 0.017
3728728.756 0.017
3715672.473 0.017
3702615.470 0.017
3689557.793 0.017
3676499.485 0.017
3663440.594 0.017
3650381.165 0.018
3637321.245 0.018
3624260.880 0.018
3611200.118 0.018
3598139.006 0.018
3585077.595 0.018
3572015.931 0.018
3558954.065 0.018
3545892.048 0.019
3532829.929 0.019
3519767.760 0.019
3506705.592 0.019
3493643.478 0.019
3480581.471 0.019
3467519.624 0.019
3454457.992 0.020
3441396.628 0.020
3428335.589 0.020
3415274.931 0.020
3402214.710 0.020
3389154.984 0.020
3376095.810 0.020
3363037.248 0.021
3349979.356 0.021
3336922.196 0.021
3323865.828 0.021
3310810.313 0.021
3297755.714 0.021
3284702.095 0.022
3271649.519 0.022
3258598.051 0.022
3245547.757 0.022
3232498.703 0.022
3219450.957 0.022
3206404.586 0.023
3193359.661 0.023
3180316.251 0.023
3167274.427 0.023
3154234.260 0.023
3141195.825 0.024
3128159.194 0.024
3115124.444 0.024
3102091.648 0.024
3089060.886 0.024
3076032.234 0.025
3063005.771 0.025
3049981.579 0.025
3036959.738 0.025
3023940.332 0.025
3010923.443 0.026
2997909.157 0.026
2984897.559 0.026
2971888.739 0.026
2958882.783 0.027
2945879.783 0.027
2932879.829 0.027
2919883.015 0.027
2906889.435 0.027
2893899.184 0.028
2880912.359 0.028
2867929.060 0.028
2854949.386 0.028
2841973.439 0.029
2829001.322 0.029
2816033.141 0.029
2803069.001 0.030
2790109.012 0.030
2777153.283 0.030
2764201.926 0.030
2751255.055 0.031
2738312.785 0.031
2725375.234 0.031
2712442.521 0.031
2699514.768 0.032
2686592.098 0.032
2673674.637 0.032
2660762.512 0.033
2647855.853 0.033
2634954.793 0.033
2622059.465 0.034
2609170.007 0.034
2596286.557 0.034
2583409.257 0.035
2570538.252 0.035
2557673.687 0.035
2544815.712 0.036
2531964.480 0.036
2519120.145 0.036
2506282.864 0.037
2493452.798 0.037
2480630.111 0.038
2467814.968 0.038
2455007.540 0.038
2442207.999 0.039
2429416.522 0.039
2416633.287 0.039
2403858.478 0.040
2391092.280 0.040
2378334.885 0.041
2365586.484 0.041
2352847.277 0.042
2340117.463 0.042
2327397.249 0.043
2314686.844 0.043
2301986.460 0.043
2289296.317 0.044
2276616.636 0.044
2263947.643 0.045
2251289.571 0.045
2238642.655 0.046
2226007.136 0.046
2213383.260 0.047
2200771.279 0.047
2188171.448 0.048
2175584.029 0.048
2163009.290 0.049
2150447.503 0.050
2137898.948 0.050
2125363.908 0.051
2112842.676 0.051
2100335.547 0.052
2087842.827 0.053
2075364.825 0.053
2062901.858 0.054
2050454.252 0.054
2038022.336 0.055
2025606.451 0.056
2013206.942 0.056
2000824.164 0.057
1988458.479 0.058
1976110.258 0.058
1963779.881 0.059
1951467.733 0.060
1939174.214 0.061
1926899.728 0.061
1914644.690 0.062
1902409.527 0.063
1890194.672 0.064
1878000.572 0.065
1865827.683 0.065
1853676.471 0.066
1841547.414 0.067
1829441.002 0.068
1817357.736 0.069
1805298.129 0.070
1793262.707 0.071
1781252.009 0.071
1769266.587 0.072
1757307.005 0.073
1745373.844 0.074
1733467.697 0.075
1721589.173 0.076
1709738.894 0.077
1697917.500 0.078
1686125.647 0.079
1674364.004 0.080
1662633.263 0.082
1650934.127 0.083
1639267.321 0.084
1627633.587 0.085
1616033.686 0.086
1604468.399 0.087
1592938.526 0.088
1581444.887 0.090
1569988.327 0.091
1558569.707 0.092
1547189.914 0.094
1535849.857 0.095
1524550.468 0.096
1513292.704 0.098
1502077.546 0.099
1490906.000 0.100
1479779.100 0.102
1468697.904 0.103
1457663.501 0.105
1446677.004 0.106
1435739.559 0.108
1424852.338 0.109
1414016.546 0.111
1403233.417 0.112
1392504.219 0.114
1381830.252 0.116
1371212.847 0.117
1360653.371 0.119
1350153.227 0.121
1339713.852 0.123
1329336.720 0.124
1319023.341 0.126
1308775.264 0.128
1298594.076 0.130
1288481.405 0.132
1278438.916 0.134
1268468.317 0.136
1258571.358 0.138
1248749.828 0.140
1239005.561 0.142
1229340.433 0.144
1219756.365 0.146
1210255.322 0.148
1200839.311 0.150
1191510.388 0.152
1182270.650 0.155
1173122.244 0.157
1164067.357 0.159
1155108.228 0.161
1146247.137 0.164
1137486.410 0.166
1128828.421 0.168
1120275.585 0.170
1111830.365 0.173
1103495.264 0.175
1095272.831 0.178
1087165.654 0.180
1079176.365 0.182
1071307.633 0.185
1063562.165 0.187
1055942.704 0.190
1048452.030 0.192
1041092.951 0.195
1033868.308 0.197
1026780.968 0.199
1019833.820 0.202
1013029.779 0.204
1006371.773 0.207
999862.747 0.209
993505.655 0.211
987303.457 0.214
981259.116 0.216
975375.590 0.218
969655.830 0.221
964102.775 0.223
958719.343 0.225
953508.429 0.227
948472.897 0.229
943615.576 0.231
938939.249 0.233
934446.654 0.235
930140.471 0.237
926023.318 0.239
922097.743 0.241
918366.218 0.242
914831.134 0.244
911494.789 0.246
908359.388 0.247
905427.029 0.248
902699.705 0.250
900179.288 0.251
897867.533 0.252
895766.062 0.253
893876.369 0.254
892199.806 0.255
890737.583 0.255
889490.763 0.256
888460.258 0.257
887646.826 0.257
887051.067 0.257
886673.422 0.257
886514.171 0.258
886573.433 0.258
886851.163 0.257
887347.156 0.257
888061.044 0.257
888992.298 0.256
890140.234 0.256
891504.009 0.255
893082.629 0.254
894874.951 0.253
896879.686 0.253
899095.407 0.251
901520.548 0.250
904153.414 0.249
906992.187 0.248
910034.928 0.246
913279.586 0.245
916724.004 0.243
920365.927 0.242
924203.004 0.240
27.266 1796789.704 0.075118272
27.378 1792602.646 0.075291881
27.489 1788434.863 0.075466209
27.600 1784286.492 0.075641238
27.712 1780157.676 0.075816954
27.823 1776048.554 0.075993339
27.935 1771959.268 0.076170376
28.046 1767889.962 0.076348048
28.157 1763840.777 0.076526338
28.269 1759811.857 0.076705227
28.380 1755803.347 0.076884698
28.491 1751815.391 0.077064731
28.602 1747848.133 0.077245309
28.713 1743901.721 0.077426411
28.825 1739976.300 0.077608019
28.936 1736072.017 0.077790113
29.046 1732189.019 0.077972671
29.157 1728327.455 0.078155675
29.268 1724487.473 0.078339103
29.379 1720669.221 0.078522933
29.489 1716872.849 0.078707144
29.600 1713098.506 0.078891715
29.710 1709346.344 0.079076623
29.820 1705616.512 0.079261845
29.930 1701909.162 0.079447359
30.040 1698224.444 0.079633142
30.149 1694562.511 0.079819169
30.259 1690923.516 0.080005416
30.368 1687307.610 0.080191861
30.477 1683714.946 0.080378476
30.586 1680145.678 0.080565239
30.695 1676599.959 0.080752123
30.803 1673077.943 0.080939102
30.911 1669579.784 0.081126151
31.019 1666105.636 0.081313244
31.127 1662655.653 0.081500352
31.235 1659229.991 0.081687450
31.342 1655828.803 0.081874510
31.449 1652452.246 0.082061504
31.555 1649100.474 0.082248404
31.661 1645773.642 0.082435182
31.767 1642471.905 0.082621809
31.873 1639195.420 0.082808255
31.978 1635944.342 0.082994492
32.083 1632718.825 0.083180489
32.187 1629519.026 0.083366217
32.292 1626345.100 0.083551646
32.395 1623197.202 0.083736744
32.499 1620075.487 0.083921481
32.601 1616980.111 0.084105825
32.704 1613911.229 0.084289745
32.806 1610868.996 0.084473209
32.907 1607853.566 0.084656185
33.008 1604865.094 0.084838641
33.109 1601903.735 0.085020544
33.209 1598969.641 0.085201861
33.309 1596062.968 0.085382559
33.408 1593183.867 0.085562604
33.506 1590332.493 0.085741964
33.604 1587508.998 0.085920604
33.701 1584713.534 0.086098491
33.798 1581946.253 0.086275589
33.894 1579207.307 0.086451865
33.990 1576496.845 0.086627284
34.085 1573815.018 0.086801811
34.179 1571161.977 0.086975411
34.272 1568537.869 0.087148050
34.365 1565942.844 0.087319691
34.458 1563377.049 0.087490300
34.549 1560840.632 0.087659841
34.640 1558333.738 0.087828278
34.730 1555856.513 0.087995577
34.819 1553409.102 0.088161700
34.908 1550991.649 0.088326612
34.996 1548604.297 0.088490277
35.083 1546247.187 0.088652660
35.169 1543920.462 0.088813724
35.254 1541624.261 0.088973434
35.339 1539358.724 0.089131752
35.422 1537123.989 0.089288645
35.505 1534920.192 0.089444074
35.587 1532747.470 0.089598006
35.668 1530605.958 0.089750403
35.748 1528495.789 0.089901230
35.827 1526417.095 0.090050451
35.906 1524370.008 0.090198032
35.983 1522354.658 0.090343936
36.059 1520371.172 0.090488128
36.134 1518419.679 0.090630573
36.209 1516500.304 0.090771237
36.282 1514613.170 0.090910084
36.354 1512758.402 0.091047079
36.425 1510936.119 0.091182190
36.495 1509146.443 0.091315381
36.564 1507389.490 0.091446619
36.632 1505665.379 0.091575870
36.699 1503974.223 0.091703101
36.765 1502316.135 0.091828279
36.829 1500691.228 0.091951372
36.893 1499099.611 0.092072348
36.955 1497541.392 0.092191174
37.016 1496016.677 0.092307819
37.076 1494525.570 0.092422252
37.134 1493068.174 0.092534443
37.192 1491644.589 0.092644360
37.248 1490254.913 0.092751976
37.303 1488899.244 0.092857260
37.356 1487577.676 0.092960183
37.409 1486290.300 0.093060717
37.460 1485037.209 0.093158835
37.510 1483818.489 0.093254510
37.558 1482634.227 0.093347714
37.605 1481484.507 0.093438422
37.651 1480369.410 0.093526607
37.696 1479289.017 0.093612247
37.739 1478243.405 0.093695315
37.781 1477232.648 0.093775789
37.821 1476256.820 0.093853645
37.860 1475315.990 0.093928862
37.897 1474410.227 0.094001417
37.934 1473539.597 0.094071290
37.968 1472704.162 0.094138461
38.002 1471903.984 0.094202909
38.034 1471139.122 0.094264617
38.064 1470409.630 0.094323567
38.093 1469715.563 0.094379740
38.121 1469056.972 0.094433121
38.147 1468433.904 0.094483694
38.172 1467846.407 0.094531444
38.195 1467294.523 0.094576357
38.216 1466778.294 0.094618420
38.237 1466297.756 0.094657620
38.255 1465852.947 0.094693946
38.272 1465443.899 0.094727386
38.288 1465070.643 0.094757931
38.302 1464733.206 0.094785572
38.315 1464431.613 0.094810301
38.326 1464165.887 0.094832109
38.336 1463936.048 0.094850991
38.344 1463742.113 0.094866941
38.351 1463584.097 0.094879955
38.356 1463462.011 0.094890027
38.359 1463375.864 0.094897156
38.361 1463325.663 0.094901339
38.362 1463311.411 0.094902575
38.361 1463333.110 0.094900864
38.358 1463390.759 0.094896205
38.354 1463484.351 0.094888602
38.349 1463613.882 0.094878055
38.341 1463779.341 0.094864568
38.333 1463980.715 0.094848145
38.323 1464217.990 0.094828791
38.311 1464491.147 0.094806512
38.298 1464800.167 0.094781315
38.283 1465145.027 0.094753207
38.267 1465525.700 0.094722196
38.249 1465942.159 0.094688293
38.230 1466394.372 0.094651506
38.209 1466882.306 0.094611847
38.187 1467405.925 0.094569328
38.164 1467965.189 0.094523961
38.138 1468560.058 0.094475760
38.112 1469190.488 0.094424740
38.084 1469856.432 0.094370914
38.054 1470557.841 0.094314300
38.023 1471294.663 0.094254913
37.991 1472066.845 0.094192771
37.957 1472874.331 0.094127892
37.922 1473717.060 0.094060295
37.885 1474594.972 0.093990000
37.847 1475508.003 0.093917028
37.808 1476456.087 0.093841398
37.767 1477439.155 0.093763133
37.725 1478457.137 0.093682255
37.681 1479509.959 0.093598788
37.636 1480597.545 0.093512755
37.590 1481719.818 0.093424180
37.542 1482876.697 0.093333089
37.493 1484068.102 0.093239507
37.443 1485293.946 0.093143460
37.391 1486554.144 0.093044975
37.339 1487848.607 0.092944079
37.285 1489177.243 0.092840800
37.229 1490539.961 0.092735167
37.173 1491936.665 0.092627208
37.115 1493367.258 0.092516953
37.056 1494831.642 0.092404432
36.996 1496329.715 0.092289674
36.934 1497861.374 0.092172711
36.872 1499426.516 0.092053574
36.808 1501025.032 0.091932293
36.743 1502656.817 0.091808902
36.677 1504321.758 0.091683433
36.610 1506019.744 0.091555917
36.541 1507750.662 0.091426388
36.472 1509514.396 0.091294880
36.401 1511310.830 0.091161426
36.330 1513139.845 0.091026059
36.257 1515001.321 0.090888814
36.184 1516895.136 0.090749725
36.109 1518821.167 0.090608827
36.033 1520779.290 0.090466154
35.957 1522769.378 0.090321742
35.879 1524791.305 0.090175626
35.801 1526844.941 0.090027840
35.721 1528930.156 0.089878421
35.641 1531046.819 0.089727404
35.559 1533194.798 0.089574824
35.477 1535373.958 0.089420718
35.394 1537584.164 0.089265120
35.310 1539825.280 0.089108068
35.225 1542097.170 0.088949597
35.139 1544399.694 0.088789743
35.053 1546732.713 0.088628542
34.966 1549096.086 0.088466029
34.878 1551489.673 0.088302242
34.789 1553913.331 0.088137216
34.699 1556366.917 0.087970986
34.609 1558850.286 0.087803589
34.518 1561363.294 0.087635060
34.426 1563905.795 0.087465435
34.333 1566477.642 0.087294749
34.240 1569078.689 0.087123039
34.146 1571708.787 0.086950339
34.052 1574367.788 0.086776685
33.957 1577055.542 0.086602111
33.861 1579771.901 0.086426654
33.764 1582516.712 0.086250346
33.667 1585289.827 0.086073223
33.570 1588091.092 0.085895320
33.472 1590920.357 0.085716671
33.373 1593777.469 0.085537309
33.274 1596662.275 0.085357268
33.174 1599574.622 0.085176582
33.074 1602514.357 0.084995284
32.973 1605481.325 0.084813408
32.872 1608475.374 0.084630985
32.770 1611496.348 0.084448050
32.668 1614544.093 0.084264633
32.565 1617618.455 0.084080767
32.462 1620719.277 0.083896484
32.359 1623846.406 0.083711816
32.255 1626999.686 0.083526793
32.150 1630178.962 0.083341446
32.046 1633384.077 0.083155806
31.941 1636614.878 0.082969903
31.835 1639871.208 0.082783767
31.730 1643152.912 0.082597429
31.623 1646459.834 0.082410916
31.517 1649791.819 0.082224259
31.410 1653148.713 0.082037486
31.303 1656530.358 0.081850625
31.196 1659936.602 0.081663704
31.088 1663367.287 0.081476751
30.981 1666822.261 0.081289794
30.872 1670301.367 0.081102859
30.764 1673804.452 0.080915973
30.656 1677331.362 0.080729163
30.547 1680881.942 0.080542454
30.438 1684456.039 0.080355872
30.328 1688053.500 0.080169443
30.219 1691674.170 0.079983191
30.109 1695317.898 0.079797141
30.000 1698984.532 0.079611317
29.890 1702673.918 0.079425743
29.780 1706385.905 0.079240443
29.669 1710120.342 0.079055440
29.559 1713877.078 0.078870757
29.449 1717655.962 0.078686416
29.338 1721456.844 0.078502439
29.227 1725279.575 0.078318849
29.116 1729124.005 0.078135666
29.005 1732989.985 0.077952912
28.894 1736877.367 0.077770608
28.783 1740786.004 0.077588774
28.672 1744715.749 0.077407431
28.561 1748666.453 0.077226597
28.450 1752637.972 0.077046293
28.338 1756630.159 0.076866538
28.227 1760642.870 0.076687350
28.115 1764675.960 0.076508748
28.004 1768729.285 0.076330750
27.893 1772802.701 0.076153374
27.781 1776896.066 0.075976638
27.670 1781009.238 0.075800558
27.558 1785142.074 0.075625151
27.447 1789294.435 0.075450435
27.335 1793466.180 0.075276425
27.224 1797657.169 0.075103137
27.113 1801867.263 0.074930587
27.001 1806096.324 0.074758790
26.890 1810344.214 0.074587762
26.779 1814610.796 0.074417517
26.667 1818895.934 0.074248070
26.556 1823199.492 0.074079435
26.445 1827521.335 0.073911626
26.334 1831861.329 0.073744656
26.223 1836219.340 0.073578539
26.112 1840595.235 0.073413288
26.001 1844988.882 0.073248917
25.891 1849400.150 0.073085437
25.780 1853828.908 0.072922861
25.669 1858275.025 0.072761201
25.559 1862738.373 0.072600470
25.449 1867218.822 0.072440678
25.338 1871716.246 0.072281837
25.228 1876230.516 0.072123959
25.118 1880761.507 0.071967054
25.008 1885309.093 0.071811132
24.898 1889873.148 0.071656206
24.789 1894453.549 0.071502284
24.679 1899050.172 0.071349377
24.570 1903662.895 0.071197495
24.461 1908291.595 0.071046647
24.352 1912936.152 0.070896844
24.243 1917596.444 0.070748094
24.134 1922272.352 0.070600406
24.025 1926963.758 0.070453789
23.917 1931670.543 0.070308252
23.808 1936392.589 0.070163805
23.700 1941129.780 0.070020454
23.592 1945881.999 0.069878208
23.484 1950649.133 0.069737076
23.376 1955431.065 0.069597065
23.269 1960227.684 0.069458183
23.162 1965038.874 0.069320438
23.054 1969864.525 0.069183837
22.947 1974704.525 0.069048387
22.841 1979558.763 0.068914096
22.734 1984427.129 0.068780971
22.627 1989309.514 0.068649019
22.521 1994205.809 0.068518246
22.415 1999115.907 0.068388659
22.309 2004039.701 0.068260266
22.203 2008977.084 0.068133071
22.098 2013927.952 0.068007082
21.993 2018892.198 0.067882306
21.888 2023869.720 0.067758747
21.783 2028860.413 0.067636412
21.678 2033864.176 0.067515308
21.573 2038880.906 0.067395440
21.469 2043910.502 0.067276814
21.365 2048952.863 0.067159436
21.261 2054007.891 0.067043311
21.157 2059075.486 0.066928445
21.054 2064155.549 0.066814844
20.951 2069247.984 0.066702513
20.847 2074352.693 0.066591457
20.745 2079469.580 0.066481682
20.642 2084598.550 0.066373194
20.539 2089739.508 0.066265997
20.437 2094892.360 0.066160097
20.335 2100057.012 0.066055499
20.233 2105233.372 0.065952209
20.132 2110421.348 0.065850230
20.031 2115620.848 0.065749570
