20.051 2108321.338 0.066077870
20.175 2101986.217 0.066202418
20.300 2095656.166 0.066329187
20.425 2089331.239 0.066458183
20.551 2083011.490 0.066589412
20.677 2076696.972 0.066722883
20.804 2070387.741 0.066858600
20.931 2064083.853 0.066996573
21.059 2057785.363 0.067136808
21.188 2051492.328 0.067279314
21.317 2045204.807 0.067424097
21.447 2038922.856 0.067571167
21.578 2032646.534 0.067720532
21.709 2026375.901 0.067872200
21.841 2020111.017 0.068026181
21.973 2013851.942 0.068182483
22.106 2007598.738 0.068341115
22.240 2001351.467 0.068502088
22.374 1995110.192 0.068665410
22.509 1988874.975 0.068831092
22.644 1982645.881 0.068999144
22.781 1976422.976 0.069169576
22.918 1970206.323 0.069342398
23.055 1963995.991 0.069517622
23.194 1957792.046 0.069695258
23.333 1951594.555 0.069875317
23.472 1945403.588 0.070057810
23.613 1939219.214 0.070242750
23.754 1933041.503 0.070430147
23.896 1926870.526 0.070620013
24.038 1920706.354 0.070812360
24.181 1914549.062 0.071007201
24.325 1908398.721 0.071204548
24.470 1902255.406 0.071404412
24.615 1896119.193 0.071606808
24.762 1889990.157 0.071811748
24.909 1883868.376 0.072019244
25.056 1877753.926 0.072229310
25.205 1871646.888 0.072441959
25.354 1865547.340 0.072657204
25.504 1859455.363 0.072875060
25.655 1853371.038 0.073095539
25.806 1847294.449 0.073318657
25.959 1841225.677 0.073544425
26.112 1835164.808 0.073772860
26.266 1829111.927 0.074003975
26.421 1823067.121 0.074237784
26.576 1817030.476 0.074474301
26.733 1811002.080 0.074713543
26.890 1804982.025 0.074955522
27.048 1798970.399 0.075200255
27.207 1792967.294 0.075447755
27.367 1786972.803 0.075698038
27.528 1780987.020 0.075951119
27.690 1775010.039 0.076207013
27.852 1769041.956 0.076465735
28.016 1763082.869 0.076727301
28.180 1757132.875 0.076991726
28.345 1751192.074 0.077259025
28.512 1745260.566 0.077529214
28.679 1739338.454 0.077802308
28.847 1733425.839 0.078078323
29.016 1727522.826 0.078357274
29.186 1721629.521 0.078639178
29.356 1715746.029 0.078924049
29.528 1709872.460 0.079211903
29.701 1704008.921 0.079502756
29.875 1698155.524 0.079796624
30.050 1692312.381 0.080093521
30.225 1686479.603 0.080393464
30.402 1680657.307 0.080696468
30.580 1674845.607 0.081002549
30.759 1669044.621 0.081311721
30.939 1663254.467 0.081624000
31.120 1657475.266 0.081939401
31.302 1651707.138 0.082257940
31.485 1645950.207 0.082579631
31.669 1640204.597 0.082904490
31.854 1634470.434 0.083232531
32.040 1628747.845 0.083563769
32.228 1623036.959 0.083898217
32.416 1617337.905 0.084235892
32.606 1611650.817 0.084576806
32.797 1605975.828 0.084920973
32.988 1600313.072 0.085268408
33.181 1594662.686 0.085619123
33.376 1589024.809 0.085973133
33.571 1583399.580 0.086330449
33.767 1577787.141 0.086691085
33.965 1572187.636 0.087055053
34.164 1566601.208 0.087422365
34.364 1561028.005 0.087793034
34.565 1555468.175 0.088167069
34.768 1549921.869 0.088544483
34.972 1544389.237 0.088925285
35.177 1538870.434 0.089309487
35.383 1533365.616 0.089697098
35.590 1527874.939 0.090088128
35.799 1522398.562 0.090482585
36.009 1516936.648 0.090880477
36.221 1511489.357 0.091281813
36.433 1506056.856 0.091686600
36.647 1500639.311 0.092094845
36.863 1495236.890 0.092506553
37.079 1489849.764 0.092921731
37.297 1484478.106 0.093340383
37.517 1479122.090 0.093762514
37.738 1473781.892 0.094188127
37.960 1468457.691 0.094617225
38.183 1463149.668 0.095049810
38.408 1457858.006 0.095485884
38.635 1452582.888 0.095925446
38.862 1447324.502 0.096368497
39.092 1442083.036 0.096815035
39.322 1436858.682 0.097265057
39.554 1431651.633 0.097718562
39.788 1426462.083 0.098175545
40.023 1421290.232 0.098636001
40.260 1416136.277 0.099099923
40.498 1411000.421 0.099567305
40.737 1405882.868 0.100038138
40.979 1400783.825 0.100512412
41.221 1395703.499 0.100990118
41.465 1390642.102 0.101471243
41.711 1385599.847 0.101955774
41.959 1380576.949 0.102443697
42.207 1375573.625 0.102934995
42.458 1370590.096 0.103429652
42.710 1365626.583 0.103927649
42.964 1360683.313 0.104428967
43.219 1355760.510 0.104933582
43.476 1350858.405 0.105441474
43.735 1345977.229 0.105952615
43.995 1341117.215 0.106466981
44.257 1336278.602 0.106984544
44.521 1331461.626 0.107505272
44.786 1326666.529 0.108029136
45.053 1321893.555 0.108556102
45.322 1317142.948 0.109086134
45.592 1312414.959 0.109619196
45.864 1307709.836 0.110155247
46.138 1303027.833 0.110694249
46.414 1298369.205 0.111236156
46.692 1293734.210 0.111780925
46.971 1289123.108 0.112328507
47.252 1284536.161 0.112878854
47.535 1279973.634 0.113431914
47.819 1275435.794 0.113987632
48.106 1270922.911 0.114545952
48.394 1266435.256 0.115106817
48.684 1261973.104 0.115670164
48.976 1257536.731 0.116235930
49.269 1253126.415 0.116804049
49.565 1248742.438 0.117374454
49.862 1244385.083 0.117947071
50.162 1240054.635 0.118521829
50.463 1235751.382 0.119098650
50.766 1231475.613 0.119677456
51.071 1227227.622 0.120258164
51.378 1223007.701 0.120840690
51.687 1218816.147 0.121424947
51.997 1214653.259 0.122010844
52.310 1210519.336 0.122598288
52.625 1206414.682 0.123187183
52.941 1202339.599 0.123777431
53.259 1198294.396 0.124368928
53.580 1194279.378 0.124961571
53.902 1190294.858 0.125555251
54.226 1186341.145 0.126149857
54.553 1182418.554 0.126745275
54.881 1178527.399 0.127341389
55.211 1174667.998 0.127938076
55.543 1170840.668 0.128535216
55.877 1167045.729 0.129132680
56.213 1163283.503 0.129730339
56.551 1159554.312 0.130328061
56.891 1155858.479 0.130925710
57.233 1152196.331 0.131523146
57.577 1148568.192 0.132120229
57.923 1144974.391 0.132716812
58.271 1141415.256 0.133312748
58.621 1137891.115 0.133907885
58.973 1134402.299 0.134502068
59.326 1130949.139 0.135095142
59.682 1127531.966 0.135686945
60.040 1124151.111 0.136277314
60.400 1120806.908 0.136866084
60.761 1117499.688 0.137453085
61.125 1114229.786 0.138038145
61.491 1110997.533 0.138621091
61.858 1107803.263 0.139201744
62.227 1104647.310 0.139779926
62.599 1101530.005 0.140355454
62.972 1098451.681 0.140928143
63.347 1095412.670 0.141497807
63.724 1092413.304 0.142064255
64.103 1089453.913 0.142627297
64.484 1086534.827 0.143186739
64.867 1083656.375 0.143742385
65.252 1080818.885 0.144294037
65.638 1078022.683 0.144841498
66.026 1075268.094 0.145384564
66.416 1072555.443 0.145923035
66.808 1069885.050 0.146456707
67.202 1067257.237 0.146985374
67.597 1064672.321 0.147508831
67.995 1062130.617 0.148026870
68.393 1059632.441 0.148539284
68.794 1057178.102 0.149045864
0.0 0.0 0.0
0.0 0.0 0.0
0.0 0.0 0.0
0.0 0.0 0.0
0.0 0.0 0.0
0.0 0.0 0.0
0.0 0.0 0.0
0.0 0.0 0.0
0.0 0.0 0.0
0.0 0.0 0.0
0.0 0.0 0.0
0.0 0.0 0.0
0.0 0.0 0.0
0.0 0.0 0.0
0.0 0.0 0.0
0.0 0.0 0.0
0.0 0.0 0.0
0.0 0.0 0.0
0.0 0.0 0.0
0.0 0.0 0.0
0.0 0.0 0.0
0.0 0.0 0.0
0.0 0.0 0.0
0.0 0.0 0.0
0.0 0.0 0.0
0.0 0.0 0.0
0.0 0.0 0.0
0.0 0.0 0.0
0.0 0.0 0.0
0.0 0.0 0.0
0.0 0.0 0.0
0.0 0.0 0.0
0.0 0.0 0.0
0.0 0.0 0.0
0.0 0.0 0.0
0.0 0.0 0.0
0.0 0.0 0.0
0.0 0.0 0.0
0.0 0.0 0.0
0.0 0.0 0.0
0.0 0.0 0.0
0.0 0.0 0.0
0.0 0.0 0.0
0.0 0.0 0.0
0.0 0.0 0.0
0.0 0.0 0.0
0.0 0.0 0.0
0.0 0.0 0.0
0.0 0.0 0.0
0.0 0.0 0.0
0.0 0.0 0.0
0.0 0.0 0.0
0.0 0.0 0.0
0.0 0.0 0.0
0.0 0.0 0.0
0.0 0.0 0.0
0.0 0.0 0.0
0.0 0.0 0.0
0.0 0.0 0.0
0.0 0.0 0.0
0.0 0.0 0.0
0.0 0.0 0.0
0.0 0.0 0.0
0.0 0.0 0.0
0.0 0.0 0.0
0.0 0.0 0.0
0.0 0.0 0.0
0.0 0.0 0.0
0.0 0.0 0.0
0.0 0.0 0.0
0.0 0.0 0.0
0.0 0.0 0.0
0.0 0.0 0.0
0.0 0.0 0.0
0.0 0.0 0.0
0.0 0.0 0.0
0.0 0.0 0.0
0.0 0.0 0.0
0.0 0.0 0.0
0.0 0.0 0.0
0.0 0.0 0.0
0.0 0.0 0.0
0.0 0.0 0.0
0.0 0.0 0.0
0.0 0.0 0.0
0.0 0.0 0.0
0.0 0.0 0.0
0.0 0.0 0.0
0.0 0.0 0.0
0.0 0.0 0.0
0.0 0.0 0.0
0.0 0.0 0.0
0.0 0.0 0.0
0.0 0.0 0.0
0.0 0.0 0.0
0.0 0.0 0.0
0.0 0.0 0.0
0.0 0.0 0.0
0.0 0.0 0.0
0.0 0.0 0.0
0.0 0.0 0.0
0.0 0.0 0.0
0.0 0.0 0.0
0.0 0.0 0.0
0.0 0.0 0.0
0.0 0.0 0.0
0.0 0.0 0.0
0.0 0.0 0.0
0.0 0.0 0.0
0.0 0.0 0.0
0.0 0.0 0.0
0.0 0.0 0.0
0.0 0.0 0.0
0.0 0.0 0.0
0.0 0.0 0.0
0.0 0.0 0.0
0.0 0.0 0.0
0.0 0.0 0.0
0.0 0.0 0.0
0.0 0.0 0.0
0.0 0.0 0.0
0.0 0.0 0.0
0.0 0.0 0.0
0.0 0.0 0.0
0.0 0.0 0.0
0.0 0.0 0.0
0.0 0.0 0.0
0.0 0.0 0.0
0.0 0.0 0.0
0.0 0.0 0.0
0.0 0.0 0.0
0.0 0.0 0.0
0.0 0.0 0.0
0.0 0.0 0.0
0.0 0.0 0.0
0.0 0.0 0.0
0.0 0.0 0.0
0.0 0.0 0.0
0.0 0.0 0.0
0.0 0.0 0.0
0.0 0.0 0.0
0.0 0.0 0.0
0.0 0.0 0.0
0.0 0.0 0.0
0.0 0.0 0.0
0.0 0.0 0.0
0.0 0.0 0.0
0.0 0.0 0.0
0.0 0.0 0.0
0.0 0.0 0.0
0.0 0.0 0.0
0.0 0.0 0.0
0.0 0.0 0.0
0.0 0.0 0.0
0.0 0.0 0.0
0.0 0.0 0.0
0.0 0.0 0.0
0.0 0.0 0.0
0.0 0.0 0.0
0.0 0.0 0.0
0.0 0.0 0.0
0.0 0.0 0.0
0.0 0.0 0.0
0.0 0.0 0.0
0.0 0.0 0.0
0.0 0.0 0.0
0.0 0.0 0.0
0.0 0.0 0.0
0.0 0.0 0.0
0.0 0.0 0.0
0.0 0.0 0.0
0.0 0.0 0.0
0.0 0.0 0.0
0.0 0.0 0.0
0.0 0.0 0.0
0.0 0.0 0.0
0.0 0.0 0.0
0.0 0.0 0.0
0.0 0.0 0.0
0.0 0.0 0.0
0.0 0.0 0.0
0.0 0.0 0.0
0.0 0.0 0.0
0.0 0.0 0.0
0.0 0.0 0.0
0.0 0.0 0.0
0.0 0.0 0.0
0.0 0.0 0.0
0.0 0.0 0.0
0.0 0.0 0.0
0.0 0.0 0.0
1263061.574 0.137
1262473.480 0.137
1261911.802 0.137
1261376.576 0.137
1260867.837 0.137
1260385.621 0.137
1259929.960 0.137
1259500.884 0.138
1259098.422 0.138
1258722.601 0.138
1258373.447 0.138
1258050.983 0.138
1257755.231 0.138
1257486.211 0.138
1257243.941 0.138
1257028.438 0.138
1256839.716 0.138
1256677.788 0.138
1256542.666 0.138
1256434.358 0.138
1256352.871 0.138
1256298.212 0.138
1256270.384 0.138
1256269.388 0.138
1256295.226 0.138
1256347.895 0.138
1256427.391 0.138
1256533.709 0.138
1256666.843 0.138
1256826.782 0.138
1257013.516 0.138
1257227.033 0.138
1257467.317 0.138
1257734.353 0.138
1258028.123 0.138
1258348.606 0.138
1258695.781 0.138
1259069.624 0.138
1259470.111 0.138
1259897.213 0.137
1260350.904 0.137
1260831.151 0.137
1261337.923 0.137
1261871.185 0.137
1262430.903 0.137
1263017.038 0.137
1263629.551 0.137
1264268.403 0.137
1264933.550 0.136
1265624.948 0.136
1266342.551 0.136
1267086.313 0.136
1267856.183 0.136
1268652.112 0.136
1269474.048 0.136
1270321.936 0.135
1271195.721 0.135
1272095.347 0.135
1273020.755 0.135
1273971.885 0.135
1274948.676 0.134
1275951.065 0.134
1276978.988 0.134
1278032.379 0.134
1279111.170 0.134
1280215.295 0.133
1281344.682 0.133
1282499.260 0.133
1283678.957 0.133
1284883.699 0.133
1286113.411 0.132
1287368.017 0.132
1288647.437 0.132
1289951.595 0.132
1291280.409 0.131
1292633.799 0.131
1294011.681 0.131
1295413.973 0.131
1296840.589 0.130
1298291.443 0.130
1299766.449 0.130
1301265.519 0.129
1302788.563 0.129
1304335.492 0.129
1305906.214 0.129
1307500.638 0.128
1309118.671 0.128
1310760.218 0.128
1312425.186 0.127
1314113.478 0.127
1315824.998 0.127
1317559.648 0.127
1319317.331 0.126
1321097.947 0.126
1322901.397 0.126
1324727.581 0.125
1326576.397 0.125
1328447.744 0.125
1330341.518 0.124
1332257.618 0.124
1334195.938 0.124
1336156.375 0.123
1338138.824 0.123
1340143.179 0.123
1342169.333 0.122
1344217.181 0.122
1346286.616 0.122
1348377.529 0.121
1350489.812 0.121
1352623.358 0.120
1354778.057 0.120
1356953.799 0.120
1359150.476 0.119
1361367.977 0.119
1363606.191 0.119
1365865.008 0.118
1368144.318 0.118
1370444.008 0.118
1372763.967 0.117
1375104.083 0.117
1377464.245 0.116
1379844.340 0.116
1382244.255 0.116
1384663.879 0.115
1387103.097 0.115
1389561.799 0.115
1392039.869 0.114
1394537.196 0.114
1397053.667 0.113
1399589.167 0.113
1402143.584 0.113
1404716.804 0.112
1407308.714 0.112
1409919.201 0.111
1412548.151 0.111
1415195.451 0.111
1417860.987 0.110
1420544.647 0.110
1423246.317 0.110
1425965.885 0.109
1428703.236 0.109
1431458.259 0.108
1434230.840 0.108
1437020.867 0.108
1439828.227 0.107
1442652.809 0.107
1445494.499 0.106
1448353.187 0.106
1451228.759 0.106
1454121.105 0.105
1457030.114 0.105
1459955.673 0.104
1462897.672 0.104
1465856.001 0.104
1468830.549 0.103
1471821.206 0.103
1474827.862 0.102
1477850.407 0.102
1480888.733 0.102
1483942.730 0.101
1487012.290 0.101
1490097.303 0.100
1493197.663 0.100
1496313.262 0.100
1499443.991 0.099
1502589.745 0.099
1505750.416 0.098
1508925.899 0.098
1512116.087 0.098
1515320.875 0.097
1518540.157 0.097
1521773.829 0.096
1525021.787 0.096
1528283.926 0.096
1531560.144 0.095
1534850.336 0.095
1538154.400 0.095
1541472.234 0.094
1544803.736 0.094
1548148.805 0.093
1551507.339 0.093
1554879.238 0.093
1558264.402 0.092
1561662.731 0.092
1565074.126 0.091
1568498.488 0.091
1571935.718 0.091
1575385.720 0.090
1578848.395 0.090
1582323.646 0.090
1585811.378 0.089
1589311.493 0.089
1592823.897 0.088
1596348.495 0.088
1599885.192 0.088
1603433.893 0.087
1606994.506 0.087
1610566.937 0.087
1614151.094 0.086
1617746.883 0.086
1621354.215 0.086
1624972.997 0.085
1628603.139 0.085
1632244.551 0.084
1635897.142 0.084
1639560.824 0.084
1643235.509 0.083
1646921.107 0.083
1650617.531 0.083
1654324.694 0.082
1658042.510 0.082
1661770.891 0.082
1665509.752 0.081
1669259.008 0.081
1673018.575 0.081
1676788.367 0.080
1680568.301 0.080
1684358.295 0.080
1688158.264 0.079
1691968.127 0.079
1695787.803 0.078
1699617.209 0.078
1703456.264 0.078
1707304.890 0.077
1711163.005 0.077
1715030.530 0.077
1718907.388 0.076
1722793.498 0.076
1726688.783 0.076
1730593.167 0.075
1734506.571 0.075
1738428.920 0.075
1742360.138 0.075
1746300.148 0.074
1750248.877 0.074
1754206.249 0.074
1758172.191 0.073
1762146.628 0.073
1766129.489 0.073
1770120.699 0.072
1774120.187 0.072
1778127.882 0.072
1782143.712 0.071
1786167.605 0.071
1790199.493 0.071
1794239.305 0.070
1798286.971 0.070
1802342.422 0.070
1806405.591 0.070
1810476.409 0.069
1814554.808 0.069
1818640.721 0.069
1822734.082 0.068
1826834.824 0.068
1830942.881 0.068
1835058.188 0.067
1839180.680 0.067
1843310.292 0.067
1847446.961 0.067
1851590.622 0.066
1855741.212 0.066
1859898.668 0.066
1864062.929 0.065
1868233.931 0.065
1872411.614 0.065
1876595.916 0.065
1880786.777 0.064
1884984.135 0.064
1889187.932 0.064
1100123.822 0.176
1098182.728 0.177
1096350.132 0.177
1094626.585 0.178
1093012.610 0.178
1091508.700 0.179
1090115.317 0.179
1088832.889 0.179
1087661.815 0.180
1086602.460 0.180
1085655.155 0.180
1084820.196 0.181
1084097.848 0.181
1083488.337 0.181
1082991.858 0.181
1082608.567 0.181
1082338.586 0.181
1082182.001 0.181
1082138.863 0.181
1082209.184 0.181
1082392.942 0.181
1082690.079 0.181
1083100.501 0.181
1083624.076 0.181
1084260.640 0.181
1085009.990 0.181
1085871.890 0.180
1086846.069 0.180
1087932.222 0.180
1089130.008 0.179
1090439.057 0.179
1091858.961 0.179
1093389.284 0.178
1095029.556 0.178
1096779.278 0.177
1098637.920 0.177
1100604.923 0.176
1102679.699 0.175
1104861.632 0.175
1107150.081 0.174
1109544.377 0.173
1112043.828 0.173
1114647.715 0.172
1117355.298 0.171
1120165.815 0.171
1123078.481 0.170
1126092.494 0.169
1129207.028 0.168
1132421.243 0.167
1135734.279 0.166
1139145.261 0.165
1142653.298 0.164
1146257.486 0.164
1149956.905 0.163
1153750.626 0.162
1157637.706 0.161
1161617.193 0.160
1165688.124 0.159
1169849.528 0.158
1174100.428 0.157
1178439.838 0.155
1182866.766 0.154
1187380.217 0.153
1191979.189 0.152
1196662.678 0.151
1201429.677 0.150
1206279.178 0.149
1211210.171 0.148
1216221.643 0.147
1221312.586 0.146
1226481.989 0.144
1231728.845 0.143
1237052.145 0.142
1242450.889 0.141
1247924.073 0.140
1253470.703 0.139
1259089.785 0.138
1264780.331 0.137
1270541.359 0.135
1276371.892 0.134
1282270.958 0.133
1288237.593 0.132
1294270.838 0.131
1300369.743 0.130
1306533.364 0.129
1312760.766 0.127
1319051.019 0.126
1325403.205 0.125
1331816.411 0.124
1338289.737 0.123
1344822.287 0.122
1351413.178 0.121
1358061.533 0.120
1364766.487 0.118
1371527.183 0.117
1378342.775 0.116
1385212.424 0.115
1392135.304 0.114
1399110.597 0.113
1406137.496 0.112
1413215.203 0.111
1420342.930 0.110
1427519.900 0.109
1434745.346 0.108
1442018.511 0.107
1449338.647 0.106
1456705.018 0.105
1464116.896 0.104
1471573.564 0.103
1479074.316 0.102
1486618.456 0.101
1494205.295 0.100
1501834.156 0.099
1509504.374 0.098
1517215.289 0.097
1524966.255 0.096
1532756.632 0.095
1540585.793 0.094
1548453.119 0.093
1556357.998 0.092
1564299.832 0.092
1572278.027 0.091
1580292.004 0.090
1588341.187 0.089
1596425.013 0.088
1604542.926 0.087
1612694.379 0.086
1620878.834 0.086
1629095.762 0.085
1637344.641 0.084
1645624.958 0.083
1653936.209 0.082
1662277.895 0.082
1670649.529 0.081
1679050.630 0.080
1687480.724 0.079
1695939.345 0.078
1704426.036 0.078
1712940.345 0.077
1721481.830 0.076
1730050.054 0.076
1738644.588 0.075
1747265.009 0.074
1755910.903 0.073
1764581.861 0.073
1773277.480 0.072
1781997.367 0.071
1790741.130 0.071
1799508.389 0.070
1808298.766 0.069
1817111.892 0.069
1825947.402 0.068
1834804.938 0.067
1843684.147 0.067
1852584.683 0.066
1861506.205 0.066
1870448.377 0.065
1879410.869 0.064
1888393.356 0.064
1897395.520 0.063
1906417.045 0.063
1915457.622 0.062
1924516.947 0.062
1933594.721 0.061
1942690.650 0.060
1951804.443 0.060
1960935.816 0.059
1970084.488 0.059
1979250.182 0.058
1988432.628 0.058
1997631.558 0.057
2006846.709 0.057
2016077.823 0.056
2025324.643 0.056
2034586.921 0.055
2043864.408 0.055
2053156.863 0.054
2062464.045 0.054
2071785.721 0.053
2081121.658 0.053
2090471.628 0.052
2099835.407 0.052
2109212.774 0.051
2118603.511 0.051
2128007.405 0.051
2137424.244 0.050
2146853.822 0.050
2156295.932 0.049
2165750.376 0.049
2175216.953 0.049
2184695.469 0.048
2194185.732 0.048
2203687.553 0.047
2213200.744 0.047
2222725.123 0.046
2232260.509 0.046
2241806.723 0.046
2251363.591 0.045
2260930.938 0.045
2270508.595 0.045
2280096.394 0.044
2289694.170 0.044
2299301.760 0.044
2308919.003 0.043
2318545.741 0.043
2328181.819 0.042
2337827.082 0.042
2347481.380 0.042
2357144.563 0.041
2366816.484 0.041
2376496.998 0.041
2386185.962 0.040
2395883.236 0.040
2405588.681 0.040
2415302.160 0.040
2425023.537 0.039
2434752.680 0.039
2444489.458 0.039
2454233.741 0.038
2463985.401 0.038
2473744.313 0.038
2483510.353 0.037
2493283.399 0.037
2503063.328 0.037
2512850.024 0.037
2522643.367 0.036
2532443.243 0.036
2542249.537 0.036
2552062.135 0.035
2561880.928 0.035
2571705.805 0.035
2581536.657 0.035
2591373.378 0.034
2601215.863 0.034
2611064.007 0.034
2620917.707 0.034
2630776.862 0.033
2640641.372 0.033
2650511.139 0.033
2660386.064 0.033
2670266.051 0.032
2680151.005 0.032
2690040.833 0.032
2699935.441 0.032
2709834.739 0.032
2719738.635 0.031
2729647.041 0.031
2739559.868 0.031
2749477.029 0.031
2759398.439 0.030
2769324.012 0.030
2779253.664 0.030
2789187.313 0.030
2799124.877 0.030
2809066.275 0.029
2819011.427 0.029
2828960.254 0.029
2838912.678 0.029
2848868.622 0.029
2858828.009 0.028
2868790.766 0.028
2878756.816 0.028
2888726.086 0.028
2898698.505 0.028
2908674.000 0.027
2918652.499 0.027
2928633.933 0.027
2938618.233 0.027
2948605.329 0.027
2958595.154 0.027
2968587.641 0.026
2978582.723 0.026
2988580.335 0.026
2998580.412 0.026
3008582.890 0.026
3018587.705 0.025
3028594.794 0.025
3038604.096 0.025
3048615.549 0.025
3058629.092 0.025
3068644.665 0.025
3078662.209 0.025
3088681.665 0.024
3098702.974 0.024
3108726.079 0.024
3118750.923 0.024
3128777.450 0.024
3138805.604 0.024
3148835.329 0.023
3158866.571 0.023
3168899.275 0.023
3178933.389 0.023
3188968.859 0.023
3199005.632 0.023
3209043.657 0.023
3219082.882 0.022
3229123.256 0.022
3239164.729 0.022
3249207.251 0.022
3259250.772 0.022
3269295.243 0.022
3279340.616 0.022
3289386.843 0.022
3299433.876 0.021
3309481.668 0.021
3319530.173 0.021
3329579.343 0.021
3339629.134 0.021
3349679.500 0.021
3359730.396 0.021
3369781.777 0.021
3379833.599 0.020
3389885.819 0.020
3399938.393 0.020
3409991.278 0.020
3420044.432 0.020
3430097.812 0.020
3440151.377 0.020
3450205.085 0.020
3460258.895 0.019
3470312.766 0.019
3480366.659 0.019
3490420.533 0.019
3500474.348 0.019
3510528.065 0.019
3520581.645 0.019
3530635.049 0.019
3540688.240 0.019
3550741.178 0.018
3560793.827 0.018
3570846.149 0.018
3580898.107 0.018
3590949.664 0.018
3601000.783 0.018
3611051.429 0.018
3621101.566 0.018
3631151.158 0.018
3641200.169 0.018
3651248.565 0.018
3661296.311 0.017
3671343.373 0.017
3681389.715 0.017
3691435.305 0.017
3701480.109 0.017
3711524.093 0.017
3721567.224 0.017
3731609.469 0.017
3741650.795 0.017
3751691.171 0.017
3761730.563 0.016
3771768.941 0.016
3781806.271 0.016
3791842.524 0.016
3801877.667 0.016
3811911.669 0.016
3821944.501 0.016
3831976.130 0.016
3842006.527 0.016
3852035.662 0.016
3862063.505 0.016
3872090.026 0.016
3882115.196 0.015
3892138.985 0.015
3902161.364 0.015
3912182.305 0.015
3922201.778 0.015
3932219.755 0.015
3942236.208 0.015
3952251.109 0.015
3962264.430 0.015
3972276.143 0.015
3982286.220 0.015
3992294.635 0.015
4002301.359 0.015
4012306.367 0.015
4022309.630 0.014
4032311.123 0.014
4042310.819 0.014
4052308.692 0.014
4062304.714 0.014
4072298.861 0.014
4082291.107 0.014
4092281.426 0.014
4102269.792 0.014
4112256.180 0.014
4122240.564 0.014
4132222.921 0.014
4142203.224 0.014
4152181.449 0.014
4162157.572 0.013
4172131.568 0.013
4182103.412 0.013
4192073.081 0.013
4202040.550 0.013
4212005.796 0.013
4221968.794 0.013
4231929.521 0.013
4241887.955 0.013
4251844.070 0.013
4261797.844 0.013
4271749.255 0.013
4281698.278 0.013
4291644.892 0.013
4301589.072 0.013
4311530.798 0.013
4321470.046 0.013
4331406.794 0.012
4341341.020 0.012
4351272.701 0.012
4361201.816 0.012
4371128.343 0.012
4381052.259 0.012
4390973.544 0.012
4400892.176 0.012
4410808.133 0.012
4420721.394 0.012
4430631.938 0.012
4440539.743 0.012
4450444.790 0.012
4460347.056 0.012
4470246.521 0.012
4480143.164 0.012
4490036.966 0.012
4499927.904 0.012
4509815.959 0.012
4519701.111 0.011
4529583.340 0.011
4539462.624 0.011
4549338.945 0.011
4559212.282 0.011
4569082.616 0.011
4578949.927 0.011
4588814.194 0.011
4598675.400 0.011
4608533.524 0.011
4618388.546 0.011
4628240.448 0.011
4638089.211 0.011
4647934.815 0.011
4657777.241 0.011
4667616.470 0.011
4677452.484 0.011
4687285.264 0.011
4697114.790 0.011
4706941.045 0.011
4716764.010 0.011
4726583.667 0.010
4736399.996 0.010
4746212.981 0.010
4756022.601 0.010
4765828.841 0.010
4775631.680 0.010
4785431.102 0.010
4795227.089 0.010
4805019.622 0.010
4814808.684 0.010
4824594.257 0.010
4834376.323 0.010
4844154.866 0.010
4853929.867 0.010
4863701.309 0.010
4873469.174 0.010
4883233.446 0.010
4892994.108 0.010
4902751.141 0.010
4912504.529 0.010
4922254.255 0.010
4932000.302 0.010
4941742.653 0.010
4951481.292 0.010
4961216.201 0.010
4970947.363 0.009
4980674.763 0.009
4990398.383 0.009
5000118.207 0.009
5009834.219 0.009
5019546.402 0.009
5029254.739 0.009
5038959.215 0.009
5048659.814 0.009
5058356.518 0.009
5068049.312 0.009
5077738.181 0.009
5087423.107 0.009
5097104.075 0.009
5106781.069 0.009
5116454.073 0.009
5126123.072 0.009
5135788.049 0.009
5145448.989 0.009
5155105.877 0.009
5164758.697 0.009
5174407.432 0.009
5184052.069 0.009
5193692.590 0.009
5203328.982 0.009
5212961.228 0.009
5222589.314 0.009
5232213.224 0.009
5241832.942 0.009
5251448.455 0.009
5261059.746 0.008
5270666.800 0.008
5280269.604 0.008
5289868.141 0.008
5299462.396 0.008
5309052.356 0.008
5318638.005 0.008
5328219.328 0.008
5337796.311 0.008
0.0 0.0 0.0
0.0 0.0 0.0
0.0 0.0 0.0
0.0 0.0 0.0
0.0 0.0 0.0
0.0 0.0 0.0
0.0 0.0 0.0
0.0 0.0 0.0
0.0 0.0 0.0
0.0 0.0 0.0
0.0 0.0 0.0
0.0 0.0 0.0
0.0 0.0 0.0
0.0 0.0 0.0
0.0 0.0 0.0
0.0 0.0 0.0
0.0 0.0 0.0
0.0 0.0 0.0
0.0 0.0 0.0
0.0 0.0 0.0
0.0 0.0 0.0
0.0 0.0 0.0
0.0 0.0 0.0
0.0 0.0 0.0
0.0 0.0 0.0
0.0 0.0 0.0
0.0 0.0 0.0
0.0 0.0 0.0
0.0 0.0 0.0
0.0 0.0 0.0
0.0 0.0 0.0
0.0 0.0 0.0
0.0 0.0 0.0
0.0 0.0 0.0
0.0 0.0 0.0
0.0 0.0 0.0
0.0 0.0 0.0
0.0 0.0 0.0
0.0 0.0 0.0
0.0 0.0 0.0
0.0 0.0 0.0
0.0 0.0 0.0
0.0 0.0 0.0
0.0 0.0 0.0
0.0 0.0 0.0
0.0 0.0 0.0
0.0 0.0 0.0
0.0 0.0 0.0
0.0 0.0 0.0
0.0 0.0 0.0
0.0 0.0 0.0
0.0 0.0 0.0
0.0 0.0 0.0
0.0 0.0 0.0
0.0 0.0 0.0
0.0 0.0 0.0
0.0 0.0 0.0
0.0 0.0 0.0
0.0 0.0 0.0
0.0 0.0 0.0
0.0 0.0 0.0
0.0 0.0 0.0
0.0 0.0 0.0
0.0 0.0 0.0
0.0 0.0 0.0
0.0 0.0 0.0
0.0 0.0 0.0
0.0 0.0 0.0
0.0 0.0 0.0
0.0 0.0 0.0
0.0 0.0 0.0
0.0 0.0 0.0
0.0 0.0 0.0
0.0 0.0 0.0
0.0 0.0 0.0
0.0 0.0 0.0
0.0 0.0 0.0
0.0 0.0 0.0
0.0 0.0 0.0
0.0 0.0 0.0
0.0 0.0 0.0
0.0 0.0 0.0
0.0 0.0 0.0
0.0 0.0 0.0
0.0 0.0 0.0
0.0 0.0 0.0
0.0 0.0 0.0
0.0 0.0 0.0
0.0 0.0 0.0
0.0 0.0 0.0
0.0 0.0 0.0
0.0 0.0 0.0
0.0 0.0 0.0
0.0 0.0 0.0
0.0 0.0 0.0
0.0 0.0 0.0
0.0 0.0 0.0
0.0 0.0 0.0
0.0 0.0 0.0
0.0 0.0 0.0
0.0 0.0 0.0
0.0 0.0 0.0
0.0 0.0 0.0
0.0 0.0 0.0
0.0 0.0 0.0
0.0 0.0 0.0
0.0 0.0 0.0
0.0 0.0 0.0
0.0 0.0 0.0
0.0 0.0 0.0
0.0 0.0 0.0
0.0 0.0 0.0
0.0 0.0 0.0
0.0 0.0 0.0
0.0 0.0 0.0
0.0 0.0 0.0
0.0 0.0 0.0
0.0 0.0 0.0
0.0 0.0 0.0
0.0 0.0 0.0
0.0 0.0 0.0
0.0 0.0 0.0
0.0 0.0 0.0
0.0 0.0 0.0
0.0 0.0 0.0
0.0 0.0 0.0
0.0 0.0 0.0
0.0 0.0 0.0
0.0 0.0 0.0
0.0 0.0 0.0
0.0 0.0 0.0
0.0 0.0 0.0
0.0 0.0 0.0
0.0 0.0 0.0
0.0 0.0 0.0
0.0 0.0 0.0
0.0 0.0 0.0
0.0 0.0 0.0
0.0 0.0 0.0
0.0 0.0 0.0
0.0 0.0 0.0
0.0 0.0 0.0
0.0 0.0 0.0
0.0 0.0 0.0
0.0 0.0 0.0
0.0 0.0 0.0
0.0 0.0 0.0
0.0 0.0 0.0
0.0 0.0 0.0
0.0 0.0 0.0
0.0 0.0 0.0
0.0 0.0 0.0
0.0 0.0 0.0
0.0 0.0 0.0
0.0 0.0 0.0
0.0 0.0 0.0
0.0 0.0 0.0
0.0 0.0 0.0
0.0 0.0 0.0
0.0 0.0 0.0
0.0 0.0 0.0
0.0 0.0 0.0
0.0 0.0 0.0
0.0 0.0 0.0
0.0 0.0 0.0
0.0 0.0 0.0
0.0 0.0 0.0
0.0 0.0 0.0
0.0 0.0 0.0
0.0 0.0 0.0
0.0 0.0 0.0
0.0 0.0 0.0
0.0 0.0 0.0
0.0 0.0 0.0
0.0 0.0 0.0
0.0 0.0 0.0
0.0 0.0 0.0
0.0 0.0 0.0
0.0 0.0 0.0
0.0 0.0 0.0
0.0 0.0 0.0
0.0 0.0 0.0
0.0 0.0 0.0
0.0 0.0 0.0
0.0 0.0 0.0
0.0 0.0 0.0
0.0 0.0 0.0
0.0 0.0 0.0
0.0 0.0 0.0
0.0 0.0 0.0
0.0 0.0 0.0
0.0 0.0 0.0
0.0 0.0 0.0
0.0 0.0 0.0
0.0 0.0 0.0
0.0 0.0 0.0
0.0 0.0 0.0
0.0 0.0 0.0
0.0 0.0 0.0
0.0 0.0 0.0
0.0 0.0 0.0
0.0 0.0 0.0
0.0 0.0 0.0
0.0 0.0 0.0
0.0 0.0 0.0
0.0 0.0 0.0
0.0 0.0 0.0
0.0 0.0 0.0
0.0 0.0 0.0
0.0 0.0 0.0
0.0 0.0 0.0
0.0 0.0 0.0
0.0 0.0 0.0
0.0 0.0 0.0
0.0 0.0 0.0
0.0 0.0 0.0
0.0 0.0 0.0
0.0 0.0 0.0
0.0 0.0 0.0
0.0 0.0 0.0
0.0 0.0 0.0
0.0 0.0 0.0
0.0 0.0 0.0
0.0 0.0 0.0
0.0 0.0 0.0
0.0 0.0 0.0
0.0 0.0 0.0
0.0 0.0 0.0
0.0 0.0 0.0
0.0 0.0 0.0
0.0 0.0 0.0
0.0 0.0 0.0
0.0 0.0 0.0
0.0 0.0 0.0
0.0 0.0 0.0
0.0 0.0 0.0
0.0 0.0 0.0
0.0 0.0 0.0
0.0 0.0 0.0
0.0 0.0 0.0
0.0 0.0 0.0
0.0 0.0 0.0
0.0 0.0 0.0
0.0 0.0 0.0
0.0 0.0 0.0
0.0 0.0 0.0
0.0 0.0 0.0
0.0 0.0 0.0
0.0 0.0 0.0
0.0 0.0 0.0
0.0 0.0 0.0
0.0 0.0 0.0
0.0 0.0 0.0
0.0 0.0 0.0
0.0 0.0 0.0
0.0 0.0 0.0
0.0 0.0 0.0
0.0 0.0 0.0
0.0 0.0 0.0
0.0 0.0 0.0
0.0 0.0 0.0
0.0 0.0 0.0
0.0 0.0 0.0
0.0 0.0 0.0
0.0 0.0 0.0
0.0 0.0 0.0
0.0 0.0 0.0
0.0 0.0 0.0
0.0 0.0 0.0
0.0 0.0 0.0
0.0 0.0 0.0
0.0 0.0 0.0
0.0 0.0 0.0
0.0 0.0 0.0
0.0 0.0 0.0
0.0 0.0 0.0
0.0 0.0 0.0
0.0 0.0 0.0
0.0 0.0 0.0
0.0 0.0 0.0
0.0 0.0 0.0
0.0 0.0 0.0
0.0 0.0 0.0
0.0 0.0 0.0
0.0 0.0 0.0
0.0 0.0 0.0
0.0 0.0 0.0
0.0 0.0 0.0
0.0 0.0 0.0
0.0 0.0 0.0
0.0 0.0 0.0
0.0 0.0 0.0
0.0 0.0 0.0
0.0 0.0 0.0
0.0 0.0 0.0
0.0 0.0 0.0
0.0 0.0 0.0
0.0 0.0 0.0
0.0 0.0 0.0
0.0 0.0 0.0
0.0 0.0 0.0
0.0 0.0 0.0
0.0 0.0 0.0
0.0 0.0 0.0
0.0 0.0 0.0
0.0 0.0 0.0
0.0 0.0 0.0
0.0 0.0 0.0
0.0 0.0 0.0
0.0 0.0 0.0
0.0 0.0 0.0
0.0 0.0 0.0
0.0 0.0 0.0
0.0 0.0 0.0
0.0 0.0 0.0
0.0 0.0 0.0
0.0 0.0 0.0
0.0 0.0 0.0
0.0 0.0 0.0
0.0 0.0 0.0
0.0 0.0 0.0
0.0 0.0 0.0
0.0 0.0 0.0
0.0 0.0 0.0
0.0 0.0 0.0
0.0 0.0 0.0
0.0 0.0 0.0
0.0 0.0 0.0
0.0 0.0 0.0
0.0 0.0 0.0
0.0 0.0 0.0
0.0 0.0 0.0
0.0 0.0 0.0
0.0 0.0 0.0
0.0 0.0 0.0
0.0 0.0 0.0
0.0 0.0 0.0
0.0 0.0 0.0
0.0 0.0 0.0
0.0 0.0 0.0
0.0 0.0 0.0
0.0 0.0 0.0
0.0 0.0 0.0
0.0 0.0 0.0
0.0 0.0 0.0
0.0 0.0 0.0
0.0 0.0 0.0
0.0 0.0 0.0
0.0 0.0 0.0
0.0 0.0 0.0
0.0 0.0 0.0
0.0 0.0 0.0
0.0 0.0 0.0
0.0 0.0 0.0
0.0 0.0 0.0
0.0 0.0 0.0
0.0 0.0 0.0
0.0 0.0 0.0
0.0 0.0 0.0
0.0 0.0 0.0
0.0 0.0 0.0
0.0 0.0 0.0
0.0 0.0 0.0
0.0 0.0 0.0
0.0 0.0 0.0
0.0 0.0 0.0
0.0 0.0 0.0
0.0 0.0 0.0
0.0 0.0 0.0
0.0 0.0 0.0
0.0 0.0 0.0
0.0 0.0 0.0
0.0 0.0 0.0
0.0 0.0 0.0
0.0 0.0 0.0
0.0 0.0 0.0
0.0 0.0 0.0
0.0 0.0 0.0
0.0 0.0 0.0
0.0 0.0 0.0
0.0 0.0 0.0
0.0 0.0 0.0
0.0 0.0 0.0
0.0 0.0 0.0
0.0 0.0 0.0
0.0 0.0 0.0
0.0 0.0 0.0
0.0 0.0 0.0
0.0 0.0 0.0
0.0 0.0 0.0
0.0 0.0 0.0
0.0 0.0 0.0
0.0 0.0 0.0
0.0 0.0 0.0
0.0 0.0 0.0
0.0 0.0 0.0
0.0 0.0 0.0
0.0 0.0 0.0
0.0 0.0 0.0
0.0 0.0 0.0
0.0 0.0 0.0
0.0 0.0 0.0
0.0 0.0 0.0
0.0 0.0 0.0
0.0 0.0 0.0
0.0 0.0 0.0
0.0 0.0 0.0
0.0 0.0 0.0
0.0 0.0 0.0
0.0 0.0 0.0
0.0 0.0 0.0
0.0 0.0 0.0
0.0 0.0 0.0
0.0 0.0 0.0
0.0 0.0 0.0
0.0 0.0 0.0
0.0 0.0 0.0
0.0 0.0 0.0
0.0 0.0 0.0
0.0 0.0 0.0
0.0 0.0 0.0
0.0 0.0 0.0
0.0 0.0 0.0
0.0 0.0 0.0
0.0 0.0 0.0
0.0 0.0 0.0
0.0 0.0 0.0
0.0 0.0 0.0
0.0 0.0 0.0
0.0 0.0 0.0
0.0 0.0 0.0
0.0 0.0 0.0
0.0 0.0 0.0
0.0 0.0 0.0
0.0 0.0 0.0
0.0 0.0 0.0
0.0 0.0 0.0
0.0 0.0 0.0
0.0 0.0 0.0
0.0 0.0 0.0
0.0 0.0 0.0
0.0 0.0 0.0
0.0 0.0 0.0
0.0 0.0 0.0
0.0 0.0 0.0
0.0 0.0 0.0
0.0 0.0 0.0
0.0 0.0 0.0
0.0 0.0 0.0
0.0 0.0 0.0
0.0 0.0 0.0
0.0 0.0 0.0
0.0 0.0 0.0
0.0 0.0 0.0
0.0 0.0 0.0
0.0 0.0 0.0
0.0 0.0 0.0
0.0 0.0 0.0
0.0 0.0 0.0
0.0 0.0 0.0
0.0 0.0 0.0
0.0 0.0 0.0
0.0 0.0 0.0
0.0 0.0 0.0
0.0 0.0 0.0
0.0 0.0 0.0
0.0 0.0 0.0
0.0 0.0 0.0
0.0 0.0 0.0
0.0 0.0 0.0
0.0 0.0 0.0
0.0 0.0 0.0
0.0 0.0 0.0
0.0 0.0 0.0
0.0 0.0 0.0
0.0 0.0 0.0
0.0 0.0 0.0
0.0 0.0 0.0
0.0 0.0 0.0
0.0 0.0 0.0
0.0 0.0 0.0
0.0 0.0 0.0
0.0 0.0 0.0
0.0 0.0 0.0
0.0 0.0 0.0
0.0 0.0 0.0
0.0 0.0 0.0
0.0 0.0 0.0
0.0 0.0 0.0
0.0 0.0 0.0
0.0 0.0 0.0
0.0 0.0 0.0
0.0 0.0 0.0
0.0 0.0 0.0
0.0 0.0 0.0
0.0 0.0 0.0
0.0 0.0 0.0
0.0 0.0 0.0
0.0 0.0 0.0
0.0 0.0 0.0
0.0 0.0 0.0
0.0 0.0 0.0
0.0 0.0 0.0
0.0 0.0 0.0
0.0 0.0 0.0
0.0 0.0 0.0
0.0 0.0 0.0
0.0 0.0 0.0
0.0 0.0 0.0
0.0 0.0 0.0
0.0 0.0 0.0
0.0 0.0 0.0
0.0 0.0 0.0
0.0 0.0 0.0
0.0 0.0 0.0
0.0 0.0 0.0
0.0 0.0 0.0
0.0 0.0 0.0
0.0 0.0 0.0
0.0 0.0 0.0
0.0 0.0 0.0
0.0 0.0 0.0
0.0 0.0 0.0
0.0 0.0 0.0
0.0 0.0 0.0
0.0 0.0 0.0
0.0 0.0 0.0
0.0 0.0 0.0
0.0 0.0 0.0
0.0 0.0 0.0
0.0 0.0 0.0
0.0 0.0 0.0
0.0 0.0 0.0
0.0 0.0 0.0
0.0 0.0 0.0
0.0 0.0 0.0
0.0 0.0 0.0
0.0 0.0 0.0
0.0 0.0 0.0
0.0 0.0 0.0
0.0 0.0 0.0
0.0 0.0 0.0
0.0 0.0 0.0
0.0 0.0 0.0
0.0 0.0 0.0
0.0 0.0 0.0
0.0 0.0 0.0
0.0 0.0 0.0
0.0 0.0 0.0
0.0 0.0 0.0
0.0 0.0 0.0
0.0 0.0 0.0
0.0 0.0 0.0
0.0 0.0 0.0
0.0 0.0 0.0
0.0 0.0 0.0
0.0 0.0 0.0
0.0 0.0 0.0
0.0 0.0 0.0
0.0 0.0 0.0
0.0 0.0 0.0
0.0 0.0 0.0
0.0 0.0 0.0
0.0 0.0 0.0
0.0 0.0 0.0
0.0 0.0 0.0
0.0 0.0 0.0
0.0 0.0 0.0
0.0 0.0 0.0
0.0 0.0 0.0
0.0 0.0 0.0
0.0 0.0 0.0
5339815.825 0.008
5333125.652 0.008
5326431.144 0.008
5319732.311 0.008
5313029.163 0.008
5306321.712 0.008
5299609.967 0.008
5292893.939 0.008
5286173.638 0.008
5279449.075 0.008
5272720.260 0.008
5265987.204 0.008
5259249.917 0.008
5252508.410 0.008
5245762.693 0.009
5239012.778 0.009
5232258.674 0.009
5225500.393 0.009
5218737.945 0.009
5211971.340 0.009
5205200.591 0.009
5198425.707 0.009
5191646.699 0.009
5184863.579 0.009
5178076.356 0.009
5171285.042 0.009
5164489.649 0.009
5157690.186 0.009
5150886.665 0.009
5144079.096 0.009
5137267.492 0.009
5130451.863 0.009
5123632.219 0.009
5116808.573 0.009
5109980.936 0.009
5103149.317 0.009
5096313.730 0.009
5089474.185 0.009
5082630.693 0.009
5075783.266 0.009
5068931.915 0.009
5062076.652 0.009
5055217.487 0.009
5048354.432 0.009
5041487.500 0.009
5034616.700 0.009
5027742.046 0.009
5020863.548 0.009
5013981.217 0.009
5007095.067 0.009
5000205.108 0.009
4993311.352 0.009
4986413.810 0.009
4979512.495 0.009
4972607.419 0.009
4965698.592 0.010
4958786.028 0.010
4951869.738 0.010
4944949.733 0.010
4938026.027 0.010
4931098.630 0.010
4924167.555 0.010
4917232.815 0.010
4910294.420 0.010
4903352.384 0.010
4896406.718 0.010
4889457.435 0.010
4882504.547 0.010
4875548.066 0.010
4868588.005 0.010
4861624.376 0.010
4854657.191 0.010
4847686.464 0.010
4840712.205 0.010
4833734.428 0.010
4826753.146 0.010
4819768.371 0.010
4812780.116 0.010
4805788.393 0.010
4798793.215 0.010
4791794.595 0.010
4784792.545 0.010
4777787.079 0.010
4770778.210 0.010
4763765.950 0.010
4756750.312 0.010
4749731.309 0.010
4742708.955 0.010
4735683.262 0.010
4728654.244 0.010
4721621.914 0.011
4714586.284 0.011
4707547.369 0.011
4700505.182 0.011
4693459.735 0.011
4686411.043 0.011
4679359.118 0.011
4672303.975 0.011
4665245.626 0.011
4658184.086 0.011
4651119.368 0.011
4644051.486 0.011
4636980.453 0.011
4629906.283 0.011
4622828.989 0.011
4615748.587 0.011
4608665.090 0.011
4601578.511 0.011
4594488.865 0.011
4587396.165 0.011
4580300.427 0.011
4573201.663 0.011
4566099.889 0.011
4558995.118 0.011
4551887.365 0.011
4544776.643 0.011
4537662.969 0.011
4530546.355 0.011
4523426.817 0.011
4516304.369 0.011
4509179.026 0.012
4502050.802 0.012
4494919.712 0.012
4487785.771 0.012
4480648.993 0.012
4473509.394 0.012
4466366.989 0.012
4459221.792 0.012
4452073.819 0.012
4444923.084 0.012
4437769.604 0.012
4430613.392 0.012
4423454.465 0.012
4416292.838 0.012
4409128.525 0.012
4401961.544 0.012
4394791.908 0.012
4387619.635 0.012
4380444.738 0.012
4373267.235 0.012
4366087.141 0.012
4358904.471 0.012
4351719.242 0.012
4344531.469 0.012
4337341.169 0.012
4330148.358 0.012
4322953.052 0.013
4315755.267 0.013
4308555.019 0.013
4301352.324 0.013
4294147.200 0.013
4286939.663 0.013
4279729.729 0.013
4272517.414 0.013
4265302.736 0.013
4258085.712 0.013
4250866.357 0.013
4243644.689 0.013
4236420.726 0.013
4229194.483 0.013
4221965.979 0.013
4214735.230 0.013
4207502.254 0.013
4200267.068 0.013
4193029.689 0.013
4185790.135 0.013
4178548.424 0.013
4171304.572 0.013
4164058.599 0.013
4156810.521 0.014
4149560.357 0.014
4142308.125 0.014
4135053.842 0.014
4127797.527 0.014
4120539.197 0.014
4113278.872 0.014
4106016.570 0.014
4098752.309 0.014
4091486.107 0.014
4084217.984 0.014
4076947.958 0.014
4069676.047 0.014
4062402.271 0.014
4055126.649 0.014
4047849.200 0.014
4040569.942 0.014
4033288.896 0.014
4026006.080 0.014
4018721.514 0.014
4011435.218 0.015
4004147.211 0.015
3996857.512 0.015
3989566.143 0.015
3982273.122 0.015
3974978.469 0.015
3967682.205 0.015
3960384.350 0.015
3953084.924 0.015
3945783.948 0.015
3938481.442 0.015
3931177.427 0.015
3923871.923 0.015
3916564.951 0.015
3909256.532 0.015
3901946.688 0.015
3894635.439 0.015
3887322.807 0.015
3880008.813 0.016
3872693.478 0.016
3865376.824 0.016
3858058.873 0.016
3850739.646 0.016
3843419.166 0.016
3836097.455 0.016
3828774.534 0.016
3821450.426 0.016
3814125.153 0.016
3806798.738 0.016
3799471.203 0.016
3792142.572 0.016
3784812.867 0.016
3777482.110 0.016
3770150.326 0.016
3762817.538 0.016
3755483.768 0.017
3748149.041 0.017
3740813.379 0.017
3733476.807 0.017
3726139.349 0.017
3718801.029 0.017
3711461.870 0.017
3704121.898 0.017
3696781.136 0.017
3689439.609 0.017
3682097.343 0.017
3674754.361 0.017
3667410.689 0.017
3660066.351 0.017
3652721.375 0.017
3645375.783 0.018
3638029.604 0.018
3630682.861 0.018
3623335.581 0.018
3615987.790 0.018
3608639.514 0.018
3601290.780 0.018
3593941.614 0.018
3586592.043 0.018
3579242.093 0.018
3571891.792 0.018
3564541.167 0.018
3557190.245 0.018
3549839.053 0.019
3542487.620 0.019
3535135.973 0.019
3527784.140 0.019
3520432.149 0.019
3513080.029 0.019
3505727.808 0.019
3498375.515 0.019
3491023.179 0.019
3483670.829 0.019
3476318.494 0.019
3468966.203 0.019
3461613.987 0.019
3454261.874 0.020
3446909.896 0.020
3439558.082 0.020
3432206.463 0.020
3424855.069 0.020
3417503.931 0.020
3410153.080 0.020
3402802.547 0.020
3395452.364 0.020
3388102.562 0.020
3380753.174 0.020
3373404.231 0.020
3366055.765 0.021
3358707.809 0.021
3351360.395 0.021
3344013.558 0.021
3336667.328 0.021
3329321.741 0.021
3321976.830 0.021
3314632.627 0.021
3307289.169 0.021
3299946.488 0.021
3292604.619 0.021
3285263.597 0.022
3277923.457 0.022
3270584.235 0.022
3263245.965 0.022
3255908.684 0.022
3248572.427 0.022
3241237.231 0.022
3233903.133 0.022
3226570.168 0.022
3219238.374 0.022
3211907.789 0.023
3204578.450 0.023
3197250.394 0.023
3189923.660 0.023
3182598.286 0.023
3175274.312 0.023
3167951.775 0.023
3160630.715 0.023
3153311.172 0.023
3145993.185 0.023
3138676.795 0.024
3131362.042 0.024
3124048.966 0.024
3116737.609 0.024
3109428.012 0.024
3102120.217 0.024
3094814.265 0.024
3087510.199 0.024
3080208.062 0.025
3072907.895 0.025
3065609.744 0.025
3058313.650 0.025
3051019.658 0.025
3043727.813 0.025
3036438.159 0.025
3029150.740 0.025
3021865.602 0.025
3014582.791 0.026
3007302.353 0.026
3000024.334 0.026
2992748.780 0.026
2985475.740 0.026
2978205.259 0.026
2970937.387 0.026
2963672.171 0.026
2956409.660 0.027
2949149.904 0.027
2941892.950 0.027
2934638.849 0.027
2927387.652 0.027
2920139.409 0.027
2912894.170 0.027
2905651.988 0.027
2898412.914 0.028
2891177.000 0.028
2883944.300 0.028
2876714.865 0.028
2869488.751 0.028
2862266.010 0.028
2855046.698 0.028
2847830.868 0.029
2840618.577 0.029
2833409.881 0.029
2826204.835 0.029
2819003.497 0.029
2811805.923 0.029
2804612.172 0.029
2797422.301 0.030
2790236.370 0.030
2783054.437 0.030
2775876.563 0.030
2768702.807 0.030
2761533.231 0.030
2754367.895 0.031
2747206.862 0.031
2740050.193 0.031
2732897.952 0.031
2725750.202 0.031
2718607.007 0.031
2711468.432 0.032
2704334.541 0.032
2697205.401 0.032
2690081.077 0.032
2682961.637 0.032
2675847.147 0.032
2668737.677 0.032
2661633.294 0.033
2654534.067 0.033
2647440.067 0.033
2640351.365 0.033
2633268.030 0.033
2626190.136 0.034
2619117.753 0.034
2612050.956 0.034
2604989.818 0.034
2597934.414 0.034
2590884.818 0.034
2583841.105 0.035
2576803.354 0.035
2569771.640 0.035
2562746.041 0.035
2555726.636 0.035
2548713.505 0.036
2541706.726 0.036
2534706.382 0.036
2527712.552 0.036
2520725.320 0.036
2513744.768 0.037
2506770.980 0.037
2499804.041 0.037
2492844.035 0.037
2485891.050 0.037
2478945.171 0.038
2472006.486 0.038
2465075.084 0.038
2458151.054 0.038
2451234.486 0.038
2444325.472 0.039
2437424.103 0.039
2430530.471 0.039
2423644.671 0.039
2416766.797 0.039
2409896.944 0.040
2403035.208 0.040
2396181.687 0.040
2389336.478 0.040
2382499.682 0.041
2375671.397 0.041
2368851.724 0.041
2362040.766 0.041
2355238.625 0.042
2348445.405 0.042
2341661.210 0.042
2334886.148 0.042
2328120.324 0.042
2321363.846 0.043
2314616.823 0.043
2307879.365 0.043
2301151.582 0.043
2294433.588 0.044
2287725.495 0.044
2281027.417 0.044
2274339.469 0.044
2267661.768 0.045
2260994.432 0.045
2254337.578 0.045
2247691.327 0.045
2241055.799 0.046
2234431.117 0.046
2227817.404 0.046
2221214.784 0.047
2214623.383 0.047
2208043.327 0.047
2201474.745 0.047
2194917.766 0.048
2188372.521 0.048
2181839.141 0.048
2175317.759 0.048
2168808.510 0.049
2162311.528 0.049
2155826.952 0.049
2149354.919 0.050
2142895.569 0.050
2136449.043 0.050
2130015.482 0.051
2123595.031 0.051
2117187.834 0.051
2110794.038 0.051
2104413.790 0.052
2098047.239 0.052
2091694.537 0.052
2085355.834 0.053
2079031.285 0.053
2072721.044 0.053
2066425.268 0.054
2060144.113 0.054
2053877.741 0.054
2047626.310 0.055
2041389.984 0.055
2035168.927 0.055
2028963.303 0.056
2022773.279 0.056
2016599.025 0.056
2010440.709 0.057
2004298.504 0.057
1998172.582 0.057
1992063.119 0.058
1985970.290 0.058
1979894.274 0.058
1973835.250 0.059
1967793.399 0.059
1961768.904 0.059
1955761.950 0.060
1949772.722 0.060
1943801.409 0.060
1937848.200 0.061
1931913.286 0.061
1925996.860 0.061
1920099.116 0.062
1914220.252 0.062
1908360.464 0.063
1902519.953 0.063
1896698.919 0.063
1890897.567 0.064
1885116.101 0.064
1879354.727 0.064
1873613.654 0.065
1867893.093 0.065
1862193.254 0.066
1856514.353 0.066
1850856.603 0.066
1845220.223 0.067
1839605.430 0.067
1834012.447 0.068
1828441.496 0.068
1822892.800 0.068
1817366.586 0.069
1811863.082 0.069
1806382.516 0.070
1800925.121 0.070
1795491.130 0.070
1790080.778 0.071
1784694.300 0.071
1779331.936 0.072
1773993.925 0.072
1768680.510 0.072
1763391.933 0.073
1758128.441 0.073
1752890.280 0.074
1747677.699 0.074
1742490.949 0.075
1737330.281 0.075
1732195.949 0.075
1727088.208 0.076
1722007.317 0.076
1716953.532 0.077
1711927.116 0.077
1706928.328 0.078
1701957.434 0.078
1697014.697 0.078
1692100.385 0.079
1687214.765 0.079
1682358.107 0.080
1677530.682 0.080
1672732.762 0.081
1667964.621 0.081
1663226.534 0.081
1658518.778 0.082
1653841.630 0.082
1649195.371 0.083
1644580.279 0.083
1639996.636 0.084
1635444.726 0.084
1630924.833 0.085
1626437.240 0.085
1621982.235 0.085
1617560.104 0.086
1613171.135 0.086
1608815.617 0.087
1604493.841 0.087
1600206.096 0.088
1595952.675 0.088
1591733.869 0.089
1587549.971 0.089
1583401.274 0.089
1579288.073 0.090
1575210.662 0.090
1571169.336 0.091
1567164.391 0.091
1563196.121 0.092
1559264.823 0.092
1555370.793 0.093
1551514.327 0.093
1547695.721 0.093
1543915.271 0.094
1540173.274 0.094
1536470.025 0.095
1532805.821 0.095
1529180.955 0.096
1525595.724 0.096
1522050.421 0.096
1518545.341 0.097
1515080.776 0.097
1511657.019 0.098
1508274.362 0.098
1504933.095 0.099
1501633.507 0.099
1498375.888 0.099
1495160.525 0.100
1491987.703 0.100
1488857.708 0.101
1485770.822 0.101
1482727.327 0.101
1479727.503 0.102
1476771.629 0.102
1473859.979 0.103
1470992.829 0.103
1468170.451 0.103
1465393.114 0.104
1462661.087 0.104
1459974.634 0.104
1457334.018 0.105
1454739.500 0.105
1452191.337 0.105
1449689.783 0.106
1447235.091 0.106
1444827.508 0.106
1442467.281 0.107
1440154.651 0.107
1437889.857 0.107
1435673.136 0.108
1433504.718 0.108
1431384.832 0.108
1429313.702 0.109
1427291.549 0.109
1425318.590 0.109
1423395.036 0.109
1421521.096 0.110
1419696.974 0.110
1417922.869 0.110
1416198.977 0.111
1414525.488 0.111
1412902.587 0.111
1411330.457 0.111
1409809.272 0.111
1408339.204 0.112
1406920.419 0.112
1405553.078 0.112
1404237.337 0.112
1402973.346 0.112
1401761.250 0.113
1400601.189 0.113
1399493.297 0.113
1398437.702 0.113
1397434.526 0.113
1396483.888 0.113
1395585.898 0.114
1394740.661 0.114
1393948.276 0.114
1393208.837 0.114
1392522.432 0.114
1391889.141 0.114
1391309.040 0.114
1390782.196 0.114
1390308.674 0.114
1389888.529 0.114
1389521.812 0.115
1389208.566 0.115
1388948.828 0.115
1388742.630 0.115
1388589.997 0.115
1388490.946 0.115
1388445.489 0.115
1388453.633 0.115
1388515.375 0.115
1388630.710 0.115
1388799.621 0.115
1389022.091 0.115
1389298.091 0.115
1389627.589 0.115
1390010.546 0.114
1390446.916 0.114
1390936.646 0.114
1391479.680 0.114
1392075.951 0.114
1392725.389 0.114
1393427.918 0.114
1394183.454 0.114
1394991.909 0.114
1395853.186 0.114
1396767.185 0.113
1397733.799 0.113
1398752.915 0.113
1399824.414 0.113
1400948.172 0.113
1402124.059 0.113
1403351.938 0.112
1404631.669 0.112
1405963.105 0.112
1407346.094 0.112
1408780.478 0.112
1410266.096 0.111
1411802.779 0.111
1413390.354 0.111
1415028.645 0.111
1416717.469 0.110
1418456.638 0.110
1420245.961 0.110
1422085.241 0.110
1423974.278 0.109
1425912.865 0.109
1427900.794 0.109
1429937.851 0.109
1432023.818 0.108
1434158.474 0.108
1436341.592 0.108
1438572.944 0.107
1440852.297 0.107
1443179.413 0.107
1445554.054 0.106
1447975.976 0.106
1450444.932 0.106
1452960.674 0.105
1455522.947 0.105
1458131.498 0.105
1460786.067 0.104
1463486.394 0.104
1466232.215 0.104
1469023.264 0.103
1471859.273 0.103
1474739.971 0.102
1477665.085 0.102
1480634.341 0.102
1483647.461 0.101
1486704.167 0.101
1489804.179 0.100
1492947.214 0.100
1496132.990 0.100
1499361.220 0.099
1502631.618 0.099
1505943.897 0.098
1509297.768 0.098
1512692.941 0.098
1516129.125 0.097
1519606.028 0.097
1523123.357 0.096
1526680.819 0.096
1530278.121 0.095
1533914.966 0.095
1537591.062 0.095
1541306.111 0.094
1545059.819 0.094
1548851.889 0.093
1552682.025 0.093
1556549.932 0.092
1560455.312 0.092
1564397.870 0.092
1568377.309 0.091
1572393.335 0.091
1576445.651 0.090
1580533.962 0.090
1584657.973 0.089
1588817.391 0.089
1593011.921 0.088
1597241.269 0.088
1601505.144 0.088
1605803.253 0.087
1610135.306 0.087
1614501.011 0.086
1618900.080 0.086
1623332.223 0.085
1627797.152 0.085
1632294.582 0.084
1636824.226 0.084
1641385.800 0.084
1645979.020 0.083
1650603.604 0.083
1655259.270 0.082
1659945.738 0.082
1664662.731 0.081
1669409.970 0.081
1674187.179 0.080
1678994.083 0.080
1683830.410 0.080
1688695.886 0.079
1693590.243 0.079
1698513.210 0.078
1703464.520 0.078
1708443.907 0.077
1713451.106 0.077
1718485.855 0.077
1723547.892 0.076
1728636.958 0.076
1733752.793 0.075
1738895.142 0.075
1744063.750 0.074
1749258.363 0.074
1754478.731 0.074
1759724.602 0.073
1764995.729 0.073
1770291.865 0.072
1775612.765 0.072
1780958.188 0.071
1786327.890 0.071
1791721.633 0.071
1797139.179 0.070
1802580.291 0.070
1808044.736 0.069
1813532.280 0.069
1819042.693 0.069
1824575.747 0.068
1830131.213 0.068
1835708.866 0.067
1841308.482 0.067
1846929.840 0.067
1852572.720 0.066
1858236.902 0.066
1863922.170 0.065
1869628.310 0.065
1875355.108 0.065
1881102.353 0.064
1886869.835 0.064
1892657.346 0.064
1898464.681 0.063
1904291.634 0.063
1910138.004 0.062
1916003.589 0.062
1921888.190 0.062
1927791.610 0.061
1933713.652 0.061
1939654.124 0.061
1945612.832 0.060
1951589.587 0.060
1957584.198 0.060
1963596.478 0.059
1969626.243 0.059
1975673.308 0.058
1981737.490 0.058
1987818.610 0.058
1993916.487 0.057
2000030.945 0.057
2006161.808 0.057
2012308.901 0.056
2018472.052 0.056
2024651.089 0.056
2030845.844 0.055
2037056.148 0.055
2043281.835 0.055
2049522.740 0.054
2055778.699 0.054
2062049.552 0.054
2068335.137 0.053
2074635.296 0.053
2080949.872 0.053
2087278.708 0.053
2093621.650 0.052
2099978.545 0.052
2106349.242 0.052
2112733.591 0.051
2119131.442 0.051
2125542.650 0.051
2131967.067 0.050
2138404.549 0.050
2144854.953 0.050
2151318.137 0.050
2157793.962 0.049
2164282.287 0.049
2170782.974 0.049
2177295.889 0.048
2183820.894 0.048
2190357.857 0.048
2196906.644 0.048
2203467.124 0.047
2210039.168 0.047
2216622.646 0.047
2223217.430 0.046
2229823.395 0.046
2236440.414 0.046
2243068.364 0.046
2249707.122 0.045
2256356.566 0.045
2263016.576 0.045
2269687.031 0.045
2276367.815 0.044
2283058.810 0.044
2289759.899 0.044
2296470.969 0.044
2303191.904 0.043
2309922.592 0.043
2316662.923 0.043
2323412.784 0.043
2330172.066 0.042
2336940.661 0.042
2343718.461 0.042
2350505.361 0.042
2357301.253 0.041
2364106.035 0.041
2370919.601 0.041
2377741.851 0.041
2384572.681 0.041
2391411.992 0.040
2398259.685 0.040
2405115.659 0.040
2411979.818 0.040
2418852.064 0.039
2425732.302 0.039
2432620.436 0.039
2439516.372 0.039
2446420.018 0.039
2453331.279 0.038
2460250.066 0.038
2467176.287 0.038
2474109.852 0.038
2481050.673 0.038
2487998.660 0.037
2494953.727 0.037
2501915.787 0.037
2508884.754 0.037
2515860.543 0.036
2522843.070 0.036
2529832.251 0.036
2536828.004 0.036
2543830.247 0.036
2550838.898 0.036
2557853.878 0.035
2564875.105 0.035
2571902.502 0.035
2578935.990 0.035
2585975.491 0.035
2593020.929 0.034
2600072.227 0.034
2607129.310 0.034
2614192.103 0.034
2621260.532 0.034
2628334.523 0.033
2635414.003 0.033
2642498.901 0.033
2649589.145 0.033
2656684.663 0.033
2663785.386 0.033
2670891.244 0.032
2678002.168 0.032
2685118.089 0.032
2692238.940 0.032
2699364.653 0.032
2706495.162 0.032
2713630.400 0.031
2720770.302 0.031
2727914.804 0.031
2735063.840 0.031
2742217.347 0.031
2749375.262 0.031
2756537.521 0.030
2763704.064 0.030
2770874.827 0.030
2778049.751 0.030
2785228.774 0.030
2792411.836 0.030
2799598.878 0.030
2806789.840 0.029
2813984.665 0.029
2821183.293 0.029
2828385.668 0.029
2835591.733 0.029
2842801.429 0.029
2850014.703 0.029
2857231.497 0.028
2864451.756 0.028
2871675.427 0.028
2878902.454 0.028
2886132.783 0.028
2893366.361 0.028
2900603.136 0.028
2907843.054 0.027
2915086.064 0.027
2922332.113 0.027
2929581.151 0.027
2936833.126 0.027
2944087.988 0.027
2951345.688 0.027
2958606.174 0.027
2965869.399 0.026
2973135.313 0.026
2980403.867 0.026
2987675.014 0.026
2994948.706 0.026
3002224.896 0.026
3009503.535 0.026
3016784.579 0.026
3024067.981 0.025
3031353.694 0.025
3038641.674 0.025
3045931.874 0.025
3053224.251 0.025
3060518.760 0.025
3067815.356 0.025
3075113.996 0.025
3082414.636 0.024
3089717.233 0.024
3097021.745 0.024
3104328.129 0.024
3111636.342 0.024
3118946.344 0.024
3126258.091 0.024
3133571.544 0.024
3140886.661 0.024
3148203.401 0.023
3155521.724 0.023
3162841.591 0.023
3170162.961 0.023
3177485.795 0.023
3184810.054 0.023
3192135.699 0.023
3199462.691 0.023
3206790.993 0.023
3214120.565 0.023
3221451.371 0.022
3228783.372 0.022
3236116.533 0.022
3243450.814 0.022
3250786.181 0.022
3258122.596 0.022
3265460.024 0.022
3272798.428 0.022
3280137.772 0.022
3287478.022 0.022
3294819.142 0.021
3302161.098 0.021
3309503.853 0.021
3316847.375 0.021
3324191.629 0.021
3331536.580 0.021
3338882.196 0.021
3346228.442 0.021
3353575.286 0.021
3360922.693 0.021
3368270.632 0.021
3375619.070 0.020
3382967.974 0.020
3390317.312 0.020
3397667.053 0.020
3405017.163 0.020
3412367.613 0.020
3419718.370 0.020
3427069.403 0.020
3434420.681 0.020
3441772.174 0.020
3449123.852 0.020
3456475.682 0.020
3463827.637 0.019
3471179.685 0.019
3478531.797 0.019
3485883.943 0.019
3493236.093 0.019
3500588.220 0.019
3507940.293 0.019
3515292.283 0.019
3522644.163 0.019
3529995.904 0.019
3537347.476 0.019
3544698.853 0.019
3552050.006 0.018
3559400.908 0.018
3566751.530 0.018
3574101.845 0.018
3581451.827 0.018
3588801.447 0.018
3596150.679 0.018
3603499.497 0.018
3610847.873 0.018
3618195.781 0.018
3040278.652 0.025
3030266.354 0.025
3020256.255 0.025
3010248.419 0.026
3000242.908 0.026
2990239.785 0.026
2980239.114 0.026
2970240.961 0.026
2960245.390 0.026
2950252.468 0.027
2940262.262 0.027
2930274.840 0.027
2920290.270 0.027
2910308.622 0.027
2900329.965 0.028
2890354.371 0.028
2880381.911 0.028
2870412.658 0.028
2860446.685 0.028
2850484.066 0.029
2840524.878 0.029
2830569.195 0.029
2820617.095 0.029
2810668.656 0.029
2800723.956 0.030
2790783.075 0.030
2780846.095 0.030
2770913.096 0.030
2760984.161 0.030
2751059.375 0.031
2741138.822 0.031
2731222.587 0.031
2721310.759 0.031
2711403.424 0.032
2701500.672 0.032
2691602.593 0.032
2681709.278 0.032
2671820.821 0.032
2661937.314 0.033
2652058.853 0.033
2642185.533 0.033
2632317.453 0.033
2622454.710 0.034
2612597.405 0.034
2602745.639 0.034
2592899.515 0.034
2583059.136 0.035
2573224.607 0.035
2563396.037 0.035
2553573.532 0.035
2543757.202 0.036
2533947.159 0.036
2524143.514 0.036
2514346.383 0.037
2504555.880 0.037
2494772.123 0.037
2484995.231 0.037
2475225.324 0.038
2465462.525 0.038
2455706.957 0.038
2445958.746 0.039
2436218.019 0.039
2426484.906 0.039
2416759.537 0.039
2407042.045 0.040
2397332.565 0.040
2387631.234 0.040
2377938.190 0.041
2368253.574 0.041
2358577.528 0.041
2348910.197 0.042
2339251.728 0.042
2329602.269 0.042
2319961.973 0.043
2310330.991 0.043
2300709.481 0.043
2291097.599 0.044
2281495.505 0.044
2271903.363 0.045
2262321.337 0.045
2252749.596 0.045
2243188.308 0.046
2233637.646 0.046
2224097.786 0.046
2214568.905 0.047
2205051.184 0.047
2195544.807 0.048
2186049.958 0.048
2176566.828 0.048
2167095.608 0.049
2157636.493 0.049
2148189.680 0.050
2138755.371 0.050
2129333.769 0.051
2119925.082 0.051
2110529.520 0.051
2101147.297 0.052
2091778.630 0.052
2082423.739 0.053
2073082.849 0.053
2063756.187 0.054
2054443.984 0.054
2045146.475 0.055
2035863.898 0.055
2026596.497 0.056
2017344.517 0.056
2008108.208 0.057
1998887.826 0.057
1989683.627 0.058
1980495.875 0.058
1971324.837 0.059
1962170.783 0.059
1953033.989 0.060
1943914.736 0.060
1934813.307 0.061
1925729.992 0.061
1916665.086 0.062
1907618.886 0.063
1898591.696 0.063
1889583.825 0.064
1880595.587 0.064
1871627.301 0.065
1862679.290 0.066
1853751.885 0.066
1844845.420 0.067
1835960.235 0.067
1827096.678 0.068
1818255.099 0.069
1809435.856 0.069
1800639.313 0.070
1791865.840 0.071
1783115.811 0.071
1774389.610 0.072
1765687.624 0.073
1757010.248 0.073
1748357.884 0.074
1739730.938 0.075
1731129.826 0.075
1722554.970 0.076
1714006.797 0.077
1705485.744 0.078
1696992.252 0.078
1688526.772 0.079
1680089.762 0.080
1671681.686 0.081
1663303.016 0.081
1654954.234 0.082
1646635.826 0.083
1638348.290 0.084
1630092.129 0.085
1621867.856 0.085
1613675.990 0.086
1605517.061 0.087
1597391.607 0.088
1589300.174 0.089
1581243.315 0.090
1573221.595 0.091
1565235.586 0.091
1557285.870 0.092
1549373.037 0.093
1541497.686 0.094
1533660.428 0.095
1525861.880 0.096
1518102.669 0.097
1510383.435 0.098
1502704.822 0.099
1495067.489 0.100
1487472.102 0.101
1479919.337 0.102
1472409.880 0.103
1464944.427 0.104
1457523.684 0.105
1450148.369 0.106
1442819.206 0.107
1435536.932 0.108
1428302.294 0.109
1421116.048 0.110
1413978.960 0.111
1406891.809 0.112
1399855.379 0.113
1392870.469 0.114
1385937.885 0.115
1379058.444 0.116
1372232.974 0.117
1365462.310 0.118
1358747.300 0.119
1352088.799 0.121
1345487.673 0.122
1338944.797 0.123
1332461.056 0.124
1326037.342 0.125
1319674.559 0.126
1313373.617 0.127
1307135.436 0.128
1300960.944 0.130
1294851.077 0.131
1288806.777 0.132
1282828.997 0.133
1276918.694 0.134
1271076.834 0.135
1265304.387 0.136
1259602.332 0.138
1253971.651 0.139
1248413.333 0.140
1242928.370 0.141
1237517.761 0.142
1232182.506 0.143
1226923.609 0.144
1221742.079 0.146
1216638.923 0.147
1211615.154 0.148
1206671.781 0.149
1201809.819 0.150
1197030.277 0.151
1192334.166 0.152
1187722.494 0.153
1183196.269 0.154
1178756.490 0.155
1174404.158 0.156
1170140.266 0.158
1165965.799 0.159
1161881.740 0.160
1157889.061 0.161
1153988.726 0.162
1150181.691 0.163
1146468.901 0.163
1142851.288 0.164
1139329.774 0.165
1135905.266 0.166
1132578.659 0.167
1129350.831 0.168
1126222.643 0.169
1123194.942 0.170
1120268.553 0.170
1117444.285 0.171
1114722.924 0.172
1112105.238 0.173
1109591.970 0.173
1107183.842 0.174
1104881.551 0.175
1102685.769 0.175
1100597.141 0.176
1098616.288 0.177
1096743.802 0.177
1094980.245 0.178
1093326.152 0.178
1091782.028 0.179
1090348.345 0.179
1089025.545 0.179
1087814.039 0.180
1086714.202 0.180
1085726.380 0.180
1084850.881 0.181
1084087.983 0.181
1083437.924 0.181
1082900.912 0.181
1082477.116 0.181
1082166.672 0.181
1081969.677 0.182
1081886.196 0.182
1081916.254 0.182
1082059.842 0.182
1082316.914 0.181
1082687.388 0.181
1083171.147 0.181
1083768.036 0.181
1084477.867 0.181
1085300.416 0.181
1086235.422 0.180
1087282.592 0.180
1088441.599 0.180
1089712.080 0.179
1091093.641 0.179
1092585.856 0.178
1094188.265 0.178
1095900.380 0.177
1097721.679 0.177
1099651.613 0.176
1101689.604 0.176
1103835.045 0.175
1106087.302 0.174
1108445.715 0.174
1110909.598 0.173
1113478.242 0.172
1116150.914 0.172
1118926.857 0.171
1121805.293 0.170
1124785.424 0.169
1127866.433 0.168
1131047.483 0.168
1134327.719 0.167
1137706.270 0.166
1141182.251 0.165
1144754.759 0.164
1148422.879 0.163
1152185.685 0.162
1156042.236 0.161
1159991.582 0.160
1164032.764 0.159
1168164.811 0.158
1172386.747 0.157
1176697.587 0.156
1181096.341 0.155
1185582.014 0.154
1190153.604 0.153
1194810.107 0.152
1199550.516 0.151
1204373.821 0.149
1209279.011 0.148
1214265.076 0.147
1219331.001 0.146
1224475.778 0.145
1229698.394 0.144
1234997.843 0.143
1240373.119 0.142
1245823.218 0.140
1251347.141 0.139
1256943.894 0.138
1262612.486 0.137
1268351.930 0.136
1274161.248 0.135
1280039.464 0.134
1285985.611 0.132
1291998.727 0.131
1298077.857 0.130
1304222.055 0.129
1310430.382 0.128
1316701.904 0.127
1323035.699 0.126
1329430.853 0.124
1335886.457 0.123
1342401.615 0.122
1348975.438 0.121
1355607.047 0.120
1362295.571 0.119
1369040.150 0.118
1375839.932 0.117
1382694.078 0.116
1389601.754 0.115
1396562.139 0.113
1403574.422 0.112
1410637.802 0.111
1417751.485 0.110
1424914.691 0.109
1432126.649 0.108
1439386.597 0.107
1446693.784 0.106
1454047.469 0.105
1461446.921 0.104
1468891.418 0.103
1476380.251 0.102
1483912.719 0.101
1491488.130 0.100
1499105.803 0.099
1506765.068 0.098
1514465.263 0.097
1522205.736 0.096
1529985.847 0.096
1537804.961 0.095
1545662.457 0.094
1553557.721 0.093
1561490.149 0.092
1569459.146 0.091
1577464.127 0.090
1585504.514 0.089
1593579.740 0.088
1601689.247 0.088
1609832.483 0.087
1618008.908 0.086
1626217.989 0.085
1634459.201 0.084
1642732.028 0.083
1651035.962 0.083
1659370.503 0.082
1667735.160 0.081
1676129.448 0.080
1684552.892 0.080
1693005.023 0.079
1701485.379 0.078
1709993.509 0.077
1718528.964 0.077
1727091.307 0.076
1735680.106 0.075
1744294.936 0.074
1752935.379 0.074
1761601.024 0.073
1770291.467 0.072
1779006.310 0.072
1787745.161 0.071
1796507.637 0.070
1805293.357 0.070
1814101.951 0.069
1822933.050 0.068
1831786.296 0.068
1840661.333 0.067
1849557.812 0.066
1858475.391 0.066
1867413.732 0.065
1876372.502 0.065
1885351.376 0.064
1894350.032 0.063
1903368.153 0.063
1912405.430 0.062
1921461.554 0.062
1930536.227 0.061
1939629.150 0.061
1948740.034 0.060
1957868.591 0.060
1967014.539 0.059
1976177.600 0.058
1985357.502 0.058
1994553.974 0.057
2003766.754 0.057
2012995.580 0.056
2022240.197 0.056
2031500.352 0.055
2040775.796 0.055
2050066.287 0.054
2059371.583 0.054
2068691.448 0.053
2078025.649 0.053
2087373.956 0.053
2096736.145 0.052
2106111.992 0.052
2115501.280 0.051
2124903.793 0.051
2134319.318 0.050
2143747.648 0.050
2153188.576 0.049
2162641.901 0.049
2172107.423 0.049
2181584.946 0.048
2191074.276 0.048
2200575.224 0.047
2210087.602 0.047
2219611.225 0.047
2229145.911 0.046
2238691.482 0.046
2248247.761 0.045
2257814.575 0.045
2267391.751 0.045
2276979.122 0.044
2286576.521 0.044
2296183.784 0.044
2305800.751 0.043
2315427.262 0.043
2325063.160 0.043
2334708.292 0.042
2344362.505 0.042
2354025.649 0.042
2363697.576 0.041
2373378.140 0.041
2383067.199 0.041
2392764.611 0.040
2402470.235 0.040
2412183.935 0.040
2421905.575 0.039
2431635.021 0.039
2441372.141 0.039
2451116.805 0.038
2460868.886 0.038
2470628.256 0.038
2480394.791 0.038
2490168.368 0.037
2499948.866 0.037
2509736.165 0.037
2519530.147 0.036
2529330.696 0.036
2539137.696 0.036
2548951.035 0.036
2558770.601 0.035
2568596.283 0.035
2578427.973 0.035
2588265.563 0.035
2598108.947 0.034
2607958.021 0.034
2617812.681 0.034
2627672.826 0.034
2637538.354 0.033
2647409.168 0.033
2657285.168 0.033
2667166.258 0.033
2677052.343 0.032
2686943.328 0.032
2696839.120 0.032
2706739.628 0.032
2716644.760 0.031
2726554.426 0.031
2736468.539 0.031
2746387.011 0.031
2756309.756 0.030
2766236.687 0.030
2776167.722 0.030
2786102.776 0.030
2796041.768 0.030
2805984.617 0.029
2815931.241 0.029
2825881.563 0.029
2835835.503 0.029
2845792.984 0.029
2855753.930 0.028
2865718.265 0.028
2875685.914 0.028
2885656.803 0.028
2895630.860 0.028
2905608.013 0.027
2915588.190 0.027
2925571.320 0.027
2935557.334 0.027
2945546.163 0.027
2955537.739 0.027
2965531.994 0.026
2975528.863 0.026
2985528.278 0.026
2995530.175 0.026
3005534.490 0.026
3015541.159 0.026
3025550.118 0.025
3035561.306 0.025
3045574.661 0.025
3055590.121 0.025
3065607.627 0.025
3075627.119 0.025
3085648.538 0.024
3095671.825 0.024
3105696.922 0.024
3115723.773 0.024
3125752.320 0.024
3135782.508 0.024
3145814.281 0.024
3155847.585 0.023
3165882.365 0.023
3175918.566 0.023
3185956.137 0.023
3195995.024 0.023
3206035.176 0.023
3216076.540 0.022
3226119.065 0.022
3236162.701 0.022
3246207.398 0.022
3256253.106 0.022
3266299.775 0.022
3276347.358 0.022
3286395.806 0.022
3296445.071 0.021
3306495.106 0.021
3316545.864 0.021
3326597.299 0.021
3336649.364 0.021
3346702.015 0.021
3356755.206 0.021
3366808.892 0.021
3376863.029 0.020
3386917.574 0.020
3396972.482 0.020
3407027.711 0.020
3417083.217 0.020
3427138.960 0.020
3437194.896 0.020
3447250.984 0.020
3457307.183 0.019
3467363.452 0.019
3477419.751 0.019
3487476.039 0.019
3497532.277 0.019
3507588.425 0.019
3517644.444 0.019
3527700.296 0.019
3537755.941 0.019
3547811.342 0.019
3557866.461 0.018
3567921.261 0.018
3577975.703 0.018
3588029.752 0.018
3598083.371 0.018
3608136.524 0.018
3618189.174 0.018
3628241.286 0.018
3638292.824 0.018
3648343.753 0.018
3658394.040 0.017
3668443.648 0.017
3678492.543 0.017
3688540.692 0.017
3698588.061 0.017
3708634.616 0.017
3718680.324 0.017
3728725.152 0.017
3738769.068 0.017
3748812.038 0.017
3758854.031 0.017
3768895.014 0.016
3778934.956 0.016
3788973.824 0.016
3799011.589 0.016
3809048.219 0.016
3819083.682 0.016
3829117.948 0.016
3839150.988 0.016
3849182.770 0.016
3859213.264 0.016
3869242.441 0.016
3879270.272 0.016
3889296.726 0.015
3899321.775 0.015
3909345.390 0.015
3919367.541 0.015
3929388.201 0.015
3939407.342 0.015
3949424.933 0.015
3959440.949 0.015
3969455.361 0.015
3979468.141 0.015
3989479.262 0.015
3999488.697 0.015
4009496.419 0.015
4019502.400 0.014
4029506.614 0.014
4039509.034 0.014
4049509.635 0.014
4059508.389 0.014
4069505.271 0.014
4079500.254 0.014
4089493.314 0.014
4099484.424 0.014
4109473.559 0.014
4119460.694 0.014
4129445.804 0.014
4139428.863 0.014
4149409.847 0.014
4159388.731 0.014
4169365.491 0.013
4179340.102 0.013
4189312.540 0.013
4199282.781 0.013
4209250.801 0.013
4219216.576 0.013
4229180.082 0.013
4239141.296 0.013
4249100.195 0.013
4259056.755 0.013
4269010.954 0.013
4278962.767 0.013
4288912.172 0.013
4298859.147 0.013
4308803.668 0.013
4318745.714 0.013
4328685.261 0.012
4338622.288 0.012
4348556.772 0.012
4358488.692 0.012
4368418.024 0.012
4378344.749 0.012
4388268.843 0.012
4398190.285 0.012
4408109.055 0.012
4418025.129 0.012
4427938.488 0.012
4437849.110 0.012
4447756.974 0.012
4457662.059 0.012
4467564.343 0.012
4477463.808 0.012
4487360.431 0.012
4497254.192 0.012
4507145.072 0.012
4517033.049 0.011
4526918.103 0.011
4536800.214 0.011
4546679.362 0.011
4556555.528 0.011
4566428.690 0.011
4576298.830 0.011
4586165.929 0.011
4596029.965 0.011
4605890.920 0.011
4615748.775 0.011
4625603.509 0.011
4635455.105 0.011
4645303.542 0.011
4655148.801 0.011
4664990.865 0.011
4674829.713 0.011
4684665.327 0.011
4694497.688 0.011
4704326.778 0.011
4714152.578 0.011
4723975.070 0.010
4733794.235 0.010
4743610.054 0.010
4753422.510 0.010
4763231.585 0.010
4773037.259 0.010
4782839.516 0.010
4792638.337 0.010
4802433.705 0.010
4812225.601 0.010
4822014.008 0.010
4831798.909 0.010
4841580.285 0.010
4851358.119 0.010
4861132.393 0.010
4870903.091 0.010
4880670.195 0.010
4890433.688 0.010
4900193.552 0.010
4909949.770 0.010
4919702.326 0.010
4929451.202 0.010
4939196.382 0.010
4948937.848 0.010
4958675.583 0.010
4968409.572 0.009
4978139.797 0.009
4987866.242 0.009
4997588.890 0.009
5007307.724 0.009
5017022.729 0.009
5026733.887 0.009
5036441.183 0.009
5046144.601 0.009
5055844.123 0.009
5065539.734 0.009
5075231.418 0.009
5084919.159 0.009
5094602.940 0.009
5104282.747 0.009
5113958.562 0.009
5123630.371 0.009
5133298.157 0.009
5142961.904 0.009
5152621.598 0.009
5162277.222 0.009
5171928.760 0.009
5181576.199 0.009
5191219.521 0.009
5200858.711 0.009
5210493.755 0.009
5220124.636 0.009
5229751.340 0.009
5239373.851 0.009
5248992.155 0.009
5258606.235 0.008
5268216.077 0.008
5277821.667 0.008
5287422.988 0.008
5297020.026 0.008
5306612.767 0.008
5316201.195 0.008
5325785.295 0.008
0.0 0.0 0.0
0.0 0.0 0.0
0.0 0.0 0.0
0.0 0.0 0.0
0.0 0.0 0.0
0.0 0.0 0.0
0.0 0.0 0.0
0.0 0.0 0.0
0.0 0.0 0.0
0.0 0.0 0.0
0.0 0.0 0.0
0.0 0.0 0.0
0.0 0.0 0.0
0.0 0.0 0.0
0.0 0.0 0.0
0.0 0.0 0.0
0.0 0.0 0.0
0.0 0.0 0.0
0.0 0.0 0.0
0.0 0.0 0.0
0.0 0.0 0.0
0.0 0.0 0.0
0.0 0.0 0.0
0.0 0.0 0.0
0.0 0.0 0.0
0.0 0.0 0.0
0.0 0.0 0.0
0.0 0.0 0.0
0.0 0.0 0.0
0.0 0.0 0.0
0.0 0.0 0.0
0.0 0.0 0.0
0.0 0.0 0.0
0.0 0.0 0.0
0.0 0.0 0.0
0.0 0.0 0.0
0.0 0.0 0.0
0.0 0.0 0.0
0.0 0.0 0.0
0.0 0.0 0.0
0.0 0.0 0.0
0.0 0.0 0.0
0.0 0.0 0.0
0.0 0.0 0.0
0.0 0.0 0.0
0.0 0.0 0.0
0.0 0.0 0.0
0.0 0.0 0.0
0.0 0.0 0.0
0.0 0.0 0.0
0.0 0.0 0.0
0.0 0.0 0.0
0.0 0.0 0.0
0.0 0.0 0.0
0.0 0.0 0.0
0.0 0.0 0.0
0.0 0.0 0.0
0.0 0.0 0.0
0.0 0.0 0.0
0.0 0.0 0.0
0.0 0.0 0.0
0.0 0.0 0.0
0.0 0.0 0.0
0.0 0.0 0.0
0.0 0.0 0.0
0.0 0.0 0.0
0.0 0.0 0.0
0.0 0.0 0.0
0.0 0.0 0.0
0.0 0.0 0.0
0.0 0.0 0.0
0.0 0.0 0.0
0.0 0.0 0.0
0.0 0.0 0.0
0.0 0.0 0.0
0.0 0.0 0.0
0.0 0.0 0.0
0.0 0.0 0.0
0.0 0.0 0.0
0.0 0.0 0.0
0.0 0.0 0.0
0.0 0.0 0.0
0.0 0.0 0.0
0.0 0.0 0.0
0.0 0.0 0.0
0.0 0.0 0.0
0.0 0.0 0.0
0.0 0.0 0.0
0.0 0.0 0.0
0.0 0.0 0.0
0.0 0.0 0.0
0.0 0.0 0.0
0.0 0.0 0.0
0.0 0.0 0.0
0.0 0.0 0.0
0.0 0.0 0.0
0.0 0.0 0.0
0.0 0.0 0.0
0.0 0.0 0.0
0.0 0.0 0.0
0.0 0.0 0.0
0.0 0.0 0.0
0.0 0.0 0.0
0.0 0.0 0.0
0.0 0.0 0.0
0.0 0.0 0.0
0.0 0.0 0.0
0.0 0.0 0.0
0.0 0.0 0.0
0.0 0.0 0.0
0.0 0.0 0.0
0.0 0.0 0.0
0.0 0.0 0.0
0.0 0.0 0.0
0.0 0.0 0.0
0.0 0.0 0.0
0.0 0.0 0.0
0.0 0.0 0.0
0.0 0.0 0.0
0.0 0.0 0.0
0.0 0.0 0.0
0.0 0.0 0.0
0.0 0.0 0.0
0.0 0.0 0.0
0.0 0.0 0.0
0.0 0.0 0.0
0.0 0.0 0.0
0.0 0.0 0.0
0.0 0.0 0.0
0.0 0.0 0.0
0.0 0.0 0.0
0.0 0.0 0.0
0.0 0.0 0.0
0.0 0.0 0.0
0.0 0.0 0.0
0.0 0.0 0.0
0.0 0.0 0.0
0.0 0.0 0.0
0.0 0.0 0.0
0.0 0.0 0.0
0.0 0.0 0.0
0.0 0.0 0.0
0.0 0.0 0.0
0.0 0.0 0.0
0.0 0.0 0.0
0.0 0.0 0.0
0.0 0.0 0.0
0.0 0.0 0.0
0.0 0.0 0.0
0.0 0.0 0.0
0.0 0.0 0.0
0.0 0.0 0.0
0.0 0.0 0.0
0.0 0.0 0.0
0.0 0.0 0.0
0.0 0.0 0.0
0.0 0.0 0.0
0.0 0.0 0.0
0.0 0.0 0.0
0.0 0.0 0.0
0.0 0.0 0.0
0.0 0.0 0.0
0.0 0.0 0.0
0.0 0.0 0.0
0.0 0.0 0.0
0.0 0.0 0.0
0.0 0.0 0.0
0.0 0.0 0.0
0.0 0.0 0.0
0.0 0.0 0.0
0.0 0.0 0.0
0.0 0.0 0.0
0.0 0.0 0.0
0.0 0.0 0.0
0.0 0.0 0.0
0.0 0.0 0.0
0.0 0.0 0.0
0.0 0.0 0.0
0.0 0.0 0.0
0.0 0.0 0.0
0.0 0.0 0.0
0.0 0.0 0.0
0.0 0.0 0.0
0.0 0.0 0.0
0.0 0.0 0.0
0.0 0.0 0.0
0.0 0.0 0.0
0.0 0.0 0.0
0.0 0.0 0.0
0.0 0.0 0.0
0.0 0.0 0.0
0.0 0.0 0.0
0.0 0.0 0.0
0.0 0.0 0.0
0.0 0.0 0.0
0.0 0.0 0.0
0.0 0.0 0.0
0.0 0.0 0.0
0.0 0.0 0.0
0.0 0.0 0.0
0.0 0.0 0.0
0.0 0.0 0.0
0.0 0.0 0.0
0.0 0.0 0.0
0.0 0.0 0.0
0.0 0.0 0.0
0.0 0.0 0.0
0.0 0.0 0.0
0.0 0.0 0.0
0.0 0.0 0.0
0.0 0.0 0.0
0.0 0.0 0.0
0.0 0.0 0.0
0.0 0.0 0.0
0.0 0.0 0.0
0.0 0.0 0.0
0.0 0.0 0.0
0.0 0.0 0.0
0.0 0.0 0.0
0.0 0.0 0.0
0.0 0.0 0.0
0.0 0.0 0.0
0.0 0.0 0.0
0.0 0.0 0.0
0.0 0.0 0.0
0.0 0.0 0.0
0.0 0.0 0.0
0.0 0.0 0.0
0.0 0.0 0.0
0.0 0.0 0.0
0.0 0.0 0.0
0.0 0.0 0.0
0.0 0.0 0.0
0.0 0.0 0.0
0.0 0.0 0.0
0.0 0.0 0.0
0.0 0.0 0.0
0.0 0.0 0.0
0.0 0.0 0.0
0.0 0.0 0.0
0.0 0.0 0.0
0.0 0.0 0.0
0.0 0.0 0.0
0.0 0.0 0.0
0.0 0.0 0.0
0.0 0.0 0.0
0.0 0.0 0.0
0.0 0.0 0.0
0.0 0.0 0.0
0.0 0.0 0.0
0.0 0.0 0.0
0.0 0.0 0.0
0.0 0.0 0.0
0.0 0.0 0.0
0.0 0.0 0.0
0.0 0.0 0.0
0.0 0.0 0.0
0.0 0.0 0.0
0.0 0.0 0.0
0.0 0.0 0.0
0.0 0.0 0.0
0.0 0.0 0.0
0.0 0.0 0.0
0.0 0.0 0.0
0.0 0.0 0.0
0.0 0.0 0.0
0.0 0.0 0.0
0.0 0.0 0.0
0.0 0.0 0.0
0.0 0.0 0.0
0.0 0.0 0.0
0.0 0.0 0.0
0.0 0.0 0.0
49.461 1246157.417 0.117858055
49.425 1246690.194 0.117787787
49.387 1247264.686 0.117712128
49.345 1247880.833 0.117631105
49.302 1248538.575 0.117544750
49.255 1249237.843 0.117453097
49.206 1249978.566 0.117356179
49.154 1250760.671 0.117254034
49.099 1251584.078 0.117146700
49.042 1252448.704 0.117034218
48.983 1253354.463 0.116916631
48.920 1254301.264 0.116793982
48.855 1255289.013 0.116666317
48.788 1256317.613 0.116533683
48.718 1257386.960 0.116396130
48.646 1258496.950 0.116253709
48.571 1259647.473 0.116106471
48.494 1260838.418 0.115954470
48.415 1262069.667 0.115797761
48.333 1263341.102 0.115636401
48.249 1264652.600 0.115470448
48.163 1266004.033 0.115299961
48.074 1267395.273 0.115125000
47.983 1268826.186 0.114945628
47.890 1270296.636 0.114761906
47.795 1271806.485 0.114573900
47.698 1273355.590 0.114381674
47.599 1274943.806 0.114185293
47.498 1276570.985 0.113984826
47.395 1278236.976 0.113780340
47.289 1279941.625 0.113571904
47.182 1281684.775 0.113359588
47.073 1283466.268 0.113143461
46.963 1285285.941 0.112923595
46.850 1287143.631 0.112700062
46.736 1289039.170 0.112472934
46.620 1290972.389 0.112242284
46.502 1292943.117 0.112008185
46.383 1294951.180 0.111770711
46.262 1296996.402 0.111529937
46.139 1299078.605 0.111285936
46.015 1301197.608 0.111038785
45.889 1303353.229 0.110788557
45.762 1305545.285 0.110535329
45.634 1307773.588 0.110279176
45.504 1310037.952 0.110020174
45.373 1312338.187 0.109758399
45.240 1314674.102 0.109493926
45.107 1317045.503 0.109226831
44.972 1319452.196 0.108957190
44.835 1321893.986 0.108685079
44.698 1324370.676 0.108410572
44.559 1326882.066 0.108133747
44.420 1329427.957 0.107854677
44.279 1332008.149 0.107573437
44.137 1334622.438 0.107290103
43.994 1337270.621 0.107004748
43.851 1339952.496 0.106717447
43.706 1342667.855 0.106428273
43.561 1345416.493 0.106137299
43.414 1348198.203 0.105844597
43.267 1351012.777 0.105550241
43.119 1353860.007 0.105254302
42.970 1356739.684 0.104956851
42.821 1359651.598 0.104657958
42.670 1362595.538 0.104357694
42.519 1365571.295 0.104056128
42.368 1368578.656 0.103753328
42.216 1371617.410 0.103449364
42.063 1374687.345 0.103144302
41.909 1377788.249 0.102838209
41.755 1380919.910 0.102531151
41.601 1384082.115 0.102223193
41.446 1387274.651 0.101914401
41.291 1390497.306 0.101604837
41.135 1393749.865 0.101294564
40.979 1397032.118 0.100983646
40.822 1400343.850 0.100672142
40.665 1403684.850 0.100360114
40.508 1407054.904 0.100047622
40.350 1410453.801 0.099734723
40.192 1413881.327 0.099421477
40.034 1417337.272 0.099107940
39.876 1420821.424 0.098794168
39.717 1424333.571 0.098480218
39.558 1427873.502 0.098166142
39.399 1431441.008 0.097851996
39.240 1435035.878 0.097537831
39.081 1438657.903 0.097223700
38.921 1442306.874 0.096909653
38.762 1445982.582 0.096595740
38.602 1449684.820 0.096282011
38.442 1453413.380 0.095968514
38.283 1457168.056 0.095655296
38.123 1460948.642 0.095342402
37.963 1464754.933 0.095029880
37.803 1468586.724 0.094717773
37.643 1472443.812 0.094406126
37.484 1476325.993 0.094094980
37.324 1480233.067 0.093784378
37.164 1484164.830 0.093474361
37.005 1488121.084 0.093164970
36.845 1492101.628 0.092856242
36.686 1496106.264 0.092548217
36.526 1500134.794 0.092240933
36.367 1504187.022 0.091934425
36.208 1508262.751 0.091628730
36.049 1512361.786 0.091323884
35.891 1516483.934 0.091019919
35.732 1520629.002 0.090716869
35.574 1524796.798 0.090414767
35.416 1528987.131 0.090113645
35.258 1533199.811 0.089813533
35.100 1537434.650 0.089514461
34.942 1541691.460 0.089216460
34.785 1545970.054 0.088919556
34.628 1550270.247 0.088623779
34.472 1554591.855 0.088329155
34.315 1558934.694 0.088035711
34.159 1563298.583 0.087743472
34.003 1567683.340 0.087452462
33.847 1572088.785 0.087162707
33.692 1576514.740 0.086874229
33.537 1580961.028 0.086587051
33.382 1585427.472 0.086301195
33.228 1589913.896 0.086016683
33.074 1594420.127 0.085733535
32.920 1598945.993 0.085451772
32.767 1603491.321 0.085171412
32.614 1608055.941 0.084892475
32.461 1612639.684 0.084614978
32.309 1617242.381 0.084338940
32.157 1621863.867 0.084064377
32.005 1626503.975 0.083791306
31.854 1631162.542 0.083519742
31.703 1635839.403 0.083249702
31.553 1640534.396 0.082981199
31.403 1645247.362 0.082714247
31.253 1649978.141 0.082448861
31.104 1654726.573 0.082185054
30.955 1659492.503 0.081922838
30.806 1664275.774 0.081662226
30.658 1669076.231 0.081403228
30.511 1673893.721 0.081145858
30.363 1678728.091 0.080890124
30.216 1683579.191 0.080636037
30.070 1688446.871 0.080383608
29.924 1693330.981 0.080132846
29.778 1698231.375 0.079883759
29.633 1703147.905 0.079636357
29.489 1708080.428 0.079390648
29.344 1713028.799 0.079146639
29.200 1717992.875 0.078904338
29.057 1722972.514 0.078663751
28.914 1727967.577 0.078424887
28.771 1732977.924 0.078187751
28.629 1738003.417 0.077952349
28.488 1743043.918 0.077718687
28.346 1748099.294 0.077486770
28.206 1753169.408 0.077256603
28.065 1758254.127 0.077028192
27.925 1763353.320 0.076801541
27.786 1768466.854 0.076576653
27.647 1773594.600 0.076353533
27.508 1778736.429 0.076132185
27.370 1783892.213 0.075912612
27.233 1789061.826 0.075694818
27.095 1794245.141 0.075478804
26.959 1799442.035 0.075264574
26.822 1804652.384 0.075052131
26.687 1809876.066 0.074841476
26.551 1815112.959 0.074632612
26.416 1820362.943 0.074425541
26.282 1825625.900 0.074220264
26.148 1830901.711 0.074016782
26.014 1836190.260 0.073815098
25.881 1841491.430 0.073615212
25.748 1846805.106 0.073417125
25.616 1852131.176 0.073220838
25.484 1857469.525 0.073026352
25.353 1862820.042 0.072833668
25.222 1868182.617 0.072642785
25.091 1873557.139 0.072453704
24.961 1878943.500 0.072266425
24.832 1884341.592 0.072080948
24.703 1889751.308 0.071897274
24.574 1895172.542 0.071715402
24.446 1900605.190 0.071535331
24.318 1906049.147 0.071357062
24.190 1911504.311 0.071180593
24.064 1916970.579 0.071005925
23.937 1922447.851 0.070833057
23.811 1927936.026 0.070661989
23.685 1933435.005 0.070492718
23.560 1938944.690 0.070325246
23.436 1944464.983 0.070159570
23.311 1949995.788 0.069995691
23.187 1955537.009 0.069833606
23.064 1961088.552 0.069673316
22.941 1966650.322 0.069514819
22.818 1972222.227 0.069358115
22.696 1977804.175 0.069203201
22.575 1983396.074 0.069050078
22.453 1988997.833 0.068898745
22.332 1994609.364 0.068749199
22.212 2000230.577 0.068601441
22.092 2005861.385 0.068455468
21.972 2011501.700 0.068311281
21.853 2017151.436 0.068168878
21.734 2022810.508 0.068028258
21.616 2028478.831 0.067889420
21.498 2034156.321 0.067752363
21.380 2039842.895 0.067617087
21.263 2045538.470 0.067483590
21.147 2051242.966 0.067351871
21.030 2056956.300 0.067221930
20.914 2062678.394 0.067093767
20.799 2068409.168 0.066967379
20.684 2074148.542 0.066842768
20.569 2079896.440 0.066719931
20.455 2085652.784 0.066598869
20.341 2091417.498 0.066479582
20.227 2097190.506 0.066362068
20.114 2102971.734 0.066246327
20.002 2108761.106 0.066132360
