20.027 2115258.045 0.065772510
20.125 2110247.718 0.065869757
20.222 2105249.840 0.065968193
20.320 2100264.507 0.066067811
20.418 2095291.812 0.066168605
20.516 2090331.852 0.066270568
20.615 2085384.723 0.066373693
20.713 2080450.523 0.066477975
20.812 2075529.348 0.066583406
20.911 2070621.298 0.066689980
21.010 2065726.471 0.066797691
21.109 2060844.967 0.066906530
21.208 2055976.886 0.067016493
21.308 2051122.329 0.067127571
21.407 2046281.398 0.067239757
21.507 2041454.195 0.067353045
21.607 2036640.823 0.067467428
21.707 2031841.386 0.067582897
21.807 2027055.988 0.067699446
21.907 2022284.734 0.067817067
22.007 2017527.729 0.067935753
22.108 2012785.081 0.068055496
22.209 2008056.895 0.068176288
22.309 2003343.280 0.068298122
22.410 1998644.344 0.068420988
22.511 1993960.196 0.068544880
22.613 1989290.945 0.068669789
22.714 1984636.702 0.068795706
22.815 1979997.578 0.068922623
22.917 1975373.685 0.069050532
23.018 1970765.134 0.069179423
23.120 1966172.039 0.069309287
23.222 1961594.514 0.069440116
23.324 1957032.672 0.069571900
23.426 1952486.629 0.069704631
23.528 1947956.501 0.069838297
23.630 1943442.403 0.069972890
23.732 1938944.453 0.070108400
23.835 1934462.768 0.070244817
23.937 1929997.467 0.070382130
24.040 1925548.668 0.070520329
24.142 1921116.492 0.070659404
24.245 1916701.057 0.070799344
24.348 1912302.486 0.070940137
24.450 1907920.899 0.071081773
24.553 1903556.418 0.071224241
24.656 1899209.168 0.071367529
24.759 1894879.270 0.071511625
24.862 1890566.849 0.071656517
24.965 1886272.029 0.071802193
25.068 1881994.936 0.071948642
25.171 1877735.696 0.072095849
25.274 1873494.434 0.072243803
25.377 1869271.279 0.072392491
25.480 1865066.357 0.072541899
25.583 1860879.798 0.072692014
25.686 1856711.729 0.072842823
25.789 1852562.280 0.072994311
25.893 1848431.582 0.073146464
25.996 1844319.764 0.073299268
26.099 1840226.958 0.073452709
26.202 1836153.296 0.073606771
26.305 1832098.909 0.073761440
26.408 1828063.930 0.073916700
26.511 1824048.493 0.074072535
26.613 1820052.731 0.074228930
26.716 1816076.779 0.074385869
26.819 1812120.771 0.074543335
26.922 1808184.842 0.074701312
27.024 1804269.129 0.074859783
27.127 1800373.768 0.075018731
27.229 1796498.894 0.075178138
27.331 1792644.646 0.075337987
27.434 1788811.161 0.075498259
27.536 1784998.576 0.075658938
27.638 1781207.031 0.075820003
27.740 1777436.664 0.075981437
27.841 1773687.614 0.076143221
27.943 1769960.020 0.076305335
28.044 1766254.024 0.076467760
28.146 1762569.764 0.076630475
28.247 1758907.382 0.076793461
28.348 1755267.018 0.076956698
28.449 1751648.815 0.077120165
28.549 1748052.912 0.077283840
28.650 1744479.453 0.077447704
28.750 1740928.580 0.077611733
28.850 1737400.433 0.077775907
28.949 1733895.158 0.077940204
29.049 1730412.895 0.078104601
29.148 1726953.788 0.078269075
29.247 1723517.981 0.078433605
29.346 1720105.616 0.078598166
29.445 1716716.837 0.078762735
29.543 1713351.789 0.078927290
29.641 1710010.613 0.079091805
29.738 1706693.456 0.079256257
29.836 1703400.459 0.079420621
29.933 1700131.768 0.079584873
30.029 1696887.526 0.079748988
30.126 1693667.878 0.079912940
30.222 1690472.967 0.080076704
30.317 1687302.937 0.080240255
30.413 1684157.932 0.080403566
30.507 1681038.097 0.080566611
30.602 1677943.575 0.080729365
30.696 1674874.509 0.080891800
30.790 1671831.043 0.081053889
30.883 1668813.321 0.081215606
30.976 1665821.486 0.081376923
31.068 1662855.680 0.081537813
31.160 1659916.046 0.081698247
31.252 1657002.728 0.081858199
31.343 1654115.866 0.082017640
31.433 1651255.603 0.082176542
31.523 1648422.080 0.082334876
31.613 1645615.440 0.082492614
31.701 1642835.821 0.082649726
31.790 1640083.365 0.082806185
31.878 1637358.212 0.082961961
31.965 1634660.502 0.083117024
32.052 1631990.372 0.083271346
32.138 1629347.962 0.083424896
32.223 1626733.410 0.083577646
32.308 1624146.852 0.083729565
32.393 1621588.427 0.083880624
32.476 1619058.268 0.084030792
32.559 1616556.514 0.084180040
32.642 1614083.297 0.084328338
32.723 1611638.751 0.084475656
32.804 1609223.012 0.084621963
32.885 1606836.209 0.084767228
32.964 1604478.477 0.084911423
33.043 1602149.944 0.085054517
33.121 1599850.742 0.085196478
33.199 1597580.998 0.085337278
33.275 1595340.843 0.085476885
33.351 1593130.402 0.085615270
33.426 1590949.801 0.085752402
33.501 1588799.167 0.085888251
33.574 1586678.623 0.086022788
33.647 1584588.292 0.086155981
33.718 1582528.295 0.086287801
33.789 1580498.755 0.086418218
33.859 1578499.790 0.086547203
33.929 1576531.519 0.086674726
33.997 1574594.059 0.086800757
34.064 1572687.526 0.086925266
34.131 1570812.034 0.087048226
34.196 1568967.698 0.087169607
34.261 1567154.627 0.087289379
34.325 1565372.934 0.087407515
34.388 1563622.728 0.087523986
34.449 1561904.115 0.087638764
34.510 1560217.203 0.087751821
34.570 1558562.095 0.087863130
34.629 1556938.895 0.087972662
34.686 1555347.705 0.088080391
34.743 1553788.624 0.088186291
34.799 1552261.751 0.088290334
34.853 1550767.183 0.088392494
34.907 1549305.014 0.088492746
34.959 1547875.338 0.088591064
35.011 1546478.247 0.088687424
35.061 1545113.829 0.088781800
35.110 1543782.174 0.088874168
35.158 1542483.367 0.088964504
35.205 1541217.493 0.089052784
35.251 1539984.634 0.089138987
35.296 1538784.871 0.089223088
35.339 1537618.283 0.089305066
35.382 1536484.945 0.089384900
35.423 1535384.934 0.089462567
35.463 1534318.321 0.089538048
35.501 1533285.177 0.089611322
35.539 1532285.572 0.089682369
35.575 1531319.571 0.089751171
35.611 1530387.239 0.089817708
35.644 1529488.639 0.089881963
35.677 1528623.831 0.089943919
35.709 1527792.874 0.090003558
35.739 1526995.822 0.090060863
35.768 1526232.731 0.090115820
35.795 1525503.651 0.090168414
35.822 1524808.633 0.090218629
35.847 1524147.722 0.090266451
35.871 1523520.966 0.090311869
35.893 1522928.405 0.090354868
35.915 1522370.081 0.090395438
35.935 1521846.031 0.090433566
35.953 1521356.291 0.090469243
35.971 1520900.896 0.090502457
35.987 1520479.876 0.090533201
36.001 1520093.259 0.090561464
36.015 1519741.074 0.090587241
36.027 1519423.343 0.090610522
36.038 1519140.088 0.090631302
36.047 1518891.329 0.090649574
36.055 1518677.083 0.090665334
36.062 1518497.365 0.090678578
36.067 1518352.187 0.090689301
36.072 1518241.558 0.090697500
36.074 1518165.487 0.090703174
36.076 1518123.978 0.090706320
36.076 1518117.035 0.090706939
36.075 1518144.656 0.090705029
36.072 1518206.841 0.090700591
36.068 1518303.585 0.090693627
36.063 1518434.881 0.090684138
36.057 1518600.719 0.090672128
36.049 1518801.089 0.090657599
36.040 1519035.975 0.090640557
36.029 1519305.361 0.090621005
36.017 1519609.230 0.090598950
36.004 1519947.558 0.090574397
35.989 1520320.323 0.090547354
35.974 1520727.500 0.090517829
35.957 1521169.058 0.090485829
35.938 1521644.969 0.090451364
35.918 1522155.199 0.090414443
35.897 1522699.713 0.090375077
35.875 1523278.473 0.090333277
35.851 1523891.439 0.090289055
35.827 1524538.570 0.090242422
35.800 1525219.820 0.090193393
35.773 1525935.144 0.090141980
35.744 1526684.492 0.090088198
35.714 1527467.813 0.090032062
35.683 1528285.054 0.089973587
35.651 1529136.159 0.089912789
35.617 1530021.071 0.089849686
35.582 1530939.731 0.089784293
35.546 1531892.075 0.089716630
35.509 1532878.040 0.089646714
35.470 1533897.560 0.089574565
35.430 1534950.567 0.089500202
35.389 1536036.990 0.089423645
35.347 1537156.758 0.089344914
35.304 1538309.795 0.089264030
35.259 1539496.026 0.089181016
35.214 1540715.373 0.089095892
35.167 1541967.754 0.089008682
35.119 1543253.090 0.088919408
35.070 1544571.294 0.088828094
35.020 1545922.283 0.088734763
34.969 1547305.967 0.088639439
34.917 1548722.259 0.088542148
34.863 1550171.065 0.088442913
34.809 1551652.295 0.088341761
34.753 1553165.853 0.088238717
34.697 1554711.642 0.088133807
34.639 1556289.565 0.088027058
34.581 1557899.523 0.087918495
34.521 1559541.413 0.087808147
34.460 1561215.134 0.087696040
34.399 1562920.580 0.087582202
34.336 1564657.647 0.087466660
34.273 1566426.226 0.087349444
34.208 1568226.210 0.087230580
34.143 1570057.487 0.087110098
34.076 1571919.946 0.086988027
34.009 1573813.474 0.086864394
33.941 1575737.957 0.086739230
33.872 1577693.279 0.086612564
33.802 1579679.323 0.086484424
33.731 1581695.972 0.086354841
33.660 1583743.105 0.086223845
33.587 1585820.603 0.086091464
33.514 1587928.343 0.085957730
33.440 1590066.202 0.085822671
33.365 1592234.058 0.085686319
33.289 1594431.784 0.085548703
33.212 1596659.255 0.085409853
33.135 1598916.344 0.085269800
33.057 1601202.923 0.085128574
32.978 1603518.863 0.084986205
32.899 1605864.033 0.084842723
32.819 1608238.305 0.084698160
32.738 1610641.545 0.084552544
32.656 1613073.621 0.084405907
32.574 1615534.401 0.084258278
32.491 1618023.750 0.084109688
32.407 1620541.534 0.083960166
32.323 1623087.618 0.083809743
32.238 1625661.865 0.083658449
32.153 1628264.139 0.083506314
32.067 1630894.302 0.083353367
31.980 1633552.217 0.083199638
31.893 1636237.745 0.083045156
31.805 1638950.748 0.082889951
31.717 1641691.085 0.082734053
31.628 1644458.618 0.082577489
31.538 1647253.204 0.082420291
31.448 1650074.705 0.082262485
31.358 1652922.979 0.082104101
31.267 1655797.883 0.081945168
31.176 1658699.277 0.081785713
31.084 1661627.018 0.081625765
30.991 1664580.963 0.081465352
30.899 1667560.970 0.081304502
30.805 1670566.896 0.081143241
30.712 1673598.597 0.080981599
30.618 1676655.930 0.080819600
30.523 1679738.752 0.080657274
30.428 1682846.919 0.080494645
30.333 1685980.287 0.080331741
30.237 1689138.711 0.080168589
30.141 1692322.049 0.080005213
30.045 1695530.156 0.079841640
29.948 1698762.888 0.079677895
29.851 1702020.100 0.079514003
29.754 1705301.649 0.079349990
29.656 1708607.390 0.079185881
29.559 1711937.180 0.079021699
29.460 1715290.874 0.078857469
29.362 1718668.329 0.078693216
29.263 1722069.401 0.078528962
29.164 1725493.945 0.078364731
29.065 1728941.820 0.078200547
28.965 1732412.881 0.078036432
28.865 1735906.985 0.077872409
28.766 1739423.989 0.077708501
28.665 1742963.751 0.077544729
28.565 1746526.127 0.077381116
28.464 1750110.976 0.077217683
28.363 1753718.156 0.077054450
28.263 1757347.525 0.076891441
28.161 1760998.941 0.076728674
28.060 1764672.263 0.076566170
27.959 1768367.351 0.076403950
27.857 1772084.064 0.076242034
27.755 1775822.261 0.076080441
27.653 1779581.804 0.075919191
27.551 1783362.553 0.075758302
27.449 1787164.368 0.075597794
27.347 1790987.111 0.075437685
27.244 1794830.644 0.075277993
27.142 1798694.830 0.075118737
27.039 1802579.530 0.074959934
26.937 1806484.608 0.074801601
26.834 1810409.928 0.074643757
26.731 1814355.353 0.074486417
26.628 1818320.748 0.074329598
26.526 1822305.978 0.074173318
26.423 1826310.909 0.074017592
26.320 1830335.406 0.073862435
26.217 1834379.337 0.073707865
26.113 1838442.568 0.073553895
26.010 1842524.966 0.073400542
25.907 1846626.400 0.073247820
25.804 1850746.739 0.073095744
25.701 1854885.852 0.072944329
25.598 1859043.608 0.072793588
25.495 1863219.878 0.072643536
25.391 1867414.532 0.072494186
25.288 1871627.443 0.072345552
25.185 1875858.483 0.072197647
25.082 1880107.523 0.072050485
24.979 1884374.438 0.071904077
24.876 1888659.101 0.071758437
24.773 1892961.387 0.071613578
24.670 1897281.171 0.071469511
24.567 1901618.329 0.071326248
24.464 1905972.736 0.071183801
24.361 1910344.271 0.071042182
24.259 1914732.810 0.070901402
24.156 1919138.232 0.070761473
24.053 1923560.415 0.070622405
23.951 1927999.240 0.070484209
23.848 1932454.586 0.070346896
23.746 1936926.335 0.070210477
23.643 1941414.367 0.070074961
23.541 1945918.565 0.069940359
23.439 1950438.812 0.069806681
23.337 1954974.990 0.069673936
23.235 1959526.985 0.069542134
23.133 1964094.681 0.069411285
23.031 1968677.963 0.069281398
22.930 1973276.718 0.069152482
22.828 1977890.831 0.069024546
22.727 1982520.192 0.068897599
22.625 1987164.687 0.068771650
22.524 1991824.205 0.068646706
22.423 1996498.636 0.068522778
22.322 2001187.870 0.068399873
22.221 2005891.798 0.068277999
22.120 2010610.311 0.068157164
22.020 2015343.301 0.068037377
21.919 2020090.661 0.067918645
21.819 2024852.284 0.067800976
21.719 2029628.065 0.067684377
21.619 2034417.898 0.067568857
21.519 2039221.679 0.067454422
21.419 2044039.303 0.067341080
21.319 2048870.668 0.067228838
21.220 2053715.671 0.067117703
21.120 2058574.211 0.067007683
21.021 2063446.185 0.066898784
20.922 2068331.493 0.066791013
20.823 2073230.036 0.066684377
20.724 2078141.715 0.066578884
20.626 2083066.429 0.066474538
20.527 2088004.083 0.066371349
20.429 2092954.577 0.066269320
20.331 2097917.817 0.066168461
20.233 2102893.705 0.066068776
20.135 2107882.147 0.065970272
20.038 2112883.047 0.065872957
3262744.124 0.022
3252698.971 0.022
3242654.799 0.022
3232611.655 0.022
3222569.591 0.022
3212528.657 0.023
3202488.903 0.023
3192450.381 0.023
3182413.143 0.023
3172377.240 0.023
3162342.726 0.023
3152309.654 0.023
3142278.078 0.024
3132248.053 0.024
3122219.634 0.024
3112192.875 0.024
3102167.835 0.024
3092144.568 0.024
3082123.134 0.024
3072103.589 0.025
3062085.993 0.025
3052070.404 0.025
3042056.883 0.025
3032045.490 0.025
3022036.286 0.025
3012029.334 0.026
3002024.695 0.026
2992022.433 0.026
2982022.613 0.026
2972025.297 0.026
2962030.553 0.026
2952038.446 0.027
2942049.043 0.027
2932062.412 0.027
2922078.620 0.027
2912097.738 0.027
2902119.834 0.028
2892144.981 0.028
2882173.248 0.028
2872204.710 0.028
2862239.439 0.028
2852277.509 0.029
2842318.995 0.029
2832363.973 0.029
2822412.520 0.029
2812464.714 0.029
2802520.633 0.030
2792580.357 0.030
2782643.967 0.030
2772711.543 0.030
2762783.169 0.030
2752858.928 0.031
2742938.904 0.031
2733023.184 0.031
2723111.854 0.031
2713205.002 0.031
2703302.716 0.032
2693405.087 0.032
2683512.206 0.032
2673624.165 0.032
2663741.058 0.033
2653862.979 0.033
2643990.024 0.033
2634122.291 0.033
2624259.878 0.034
2614402.883 0.034
2604551.410 0.034
2594705.559 0.034
2584865.435 0.035
2575031.142 0.035
2565202.787 0.035
2555380.478 0.035
2545564.324 0.036
2535754.436 0.036
2525950.926 0.036
2516153.908 0.036
2506363.498 0.037
2496579.812 0.037
2486802.969 0.037
2477033.089 0.038
2467270.294 0.038
2457514.707 0.038
2447766.454 0.039
2438025.662 0.039
2428292.459 0.039
2418566.977 0.039
2408849.347 0.040
2399139.704 0.040
2389438.184 0.040
2379744.926 0.041
2370060.069 0.041
2360383.756 0.041
2350716.131 0.042
2341057.341 0.042
2331407.533 0.042
2321766.859 0.043
2312135.471 0.043
2302513.526 0.043
2292901.179 0.044
2283298.590 0.044
2273705.923 0.044
2264123.341 0.045
2254551.012 0.045
2244989.104 0.046
2235437.790 0.046
2225897.245 0.046
2216367.646 0.047
2206849.172 0.047
2197342.007 0.048
2187846.336 0.048
2178362.348 0.048
2168890.233 0.049
2159430.186 0.049
2149982.404 0.050
2140547.088 0.050
2131124.441 0.050
2121714.668 0.051
2112317.981 0.051
2102934.592 0.052
2093564.718 0.052
2084208.578 0.053
2074866.395 0.053
2065538.397 0.054
2056224.815 0.054
2046925.881 0.055
2037641.834 0.055
2028372.916 0.056
2019119.371 0.056
2009881.450 0.057
2000659.406 0.057
1991453.497 0.058
1982263.983 0.058
1973091.132 0.059
1963935.213 0.059
1954796.501 0.060
1945675.274 0.060
1936571.818 0.061
1927486.420 0.061
1918419.372 0.062
1909370.973 0.062
1900341.526 0.063
1891331.338 0.064
1882340.721 0.064
1873369.994 0.065
1864419.480 0.065
1855489.506 0.066
1846580.408 0.067
1837692.523 0.067
1828826.198 0.068
1819981.782 0.069
1811159.633 0.069
1802360.112 0.070
1793583.588 0.070
1784830.435 0.071
1776101.034 0.072
1767395.772 0.073
1758715.043 0.073
1750059.245 0.074
1741428.786 0.075
1732824.079 0.075
1724245.544 0.076
1715693.608 0.077
1707168.705 0.077
1698671.275 0.078
1690201.769 0.079
1681760.640 0.080
1673348.354 0.081
1664965.380 0.081
1656612.197 0.082
1648289.292 0.083
1639997.159 0.084
1631736.301 0.084
1623507.227 0.085
1615310.457 0.086
1607146.519 0.087
1599015.946 0.088
1590919.284 0.089
1582857.086 0.090
1574829.914 0.090
1566838.336 0.091
1558882.934 0.092
1550964.296 0.093
1543083.020 0.094
1535239.712 0.095
1527434.989 0.096
1519669.476 0.097
1511943.810 0.098
1504258.635 0.099
1496614.605 0.100
1489012.385 0.101
1481452.649 0.102
1473936.081 0.103
1466463.376 0.103
1459035.236 0.104
1451652.376 0.106
1444315.520 0.107
1437025.402 0.108
1429782.766 0.109
1422588.367 0.110
1415442.968 0.111
1408347.344 0.112
1401302.280 0.113
1394308.571 0.114
1387367.021 0.115
1380478.445 0.116
1373643.667 0.117
1366863.522 0.118
1360138.853 0.119
1353470.516 0.120
1346859.374 0.121
1340306.298 0.123
1333812.172 0.124
1327377.886 0.125
1321004.342 0.126
1314692.447 0.127
1308443.119 0.128
1302257.285 0.129
1296135.877 0.130
1290079.838 0.132
1284090.117 0.133
1278167.670 0.134
1272313.460 0.135
1266528.457 0.136
1260813.637 0.137
1255169.982 0.138
1249598.477 0.140
1244100.116 0.141
1238675.893 0.142
1233326.809 0.143
1228053.868 0.144
1222858.074 0.145
1217740.438 0.146
1212701.967 0.148
1207743.675 0.149
1202866.571 0.150
1198071.667 0.151
1193359.973 0.152
1188732.497 0.153
1184190.246 0.154
1179734.221 0.155
1175365.421 0.156
1171084.840 0.157
1166893.466 0.158
1162792.281 0.159
1158782.257 0.160
1154864.362 0.161
1151039.551 0.162
1147308.771 0.163
1143672.957 0.164
1140133.031 0.165
1136689.905 0.166
1133344.473 0.167
1130097.618 0.168
1126950.203 0.169
1123903.077 0.169
1120957.070 0.170
1118112.993 0.171
1115371.637 0.172
1112733.772 0.173
1110200.147 0.173
1107771.487 0.174
1105448.493 0.175
1103231.842 0.175
1101122.185 0.176
1099120.148 0.176
1097226.325 0.177
1095441.288 0.178
1093765.575 0.178
1092199.696 0.178
1090744.130 0.179
1089399.326 0.179
1088165.700 0.180
1087043.634 0.180
1086033.480 0.180
1085135.553 0.181
1084350.137 0.181
1083677.479 0.181
1083117.791 0.181
1082671.251 0.181
1082338.001 0.181
1082118.147 0.181
1082011.759 0.182
1082018.871 0.182
1082139.480 0.181
1082373.549 0.181
1082721.002 0.181
1083181.729 0.181
1083755.584 0.181
1084442.384 0.181
1085241.914 0.181
1086153.920 0.180
1087178.117 0.180
1088314.182 0.180
1089561.762 0.179
1090920.469 0.179
1092389.884 0.178
1093969.553 0.178
1095658.995 0.177
1097457.695 0.177
1099365.110 0.176
1101380.667 0.176
1103503.766 0.175
1105733.780 0.175
1108070.053 0.174
1110511.906 0.173
1113058.634 0.172
1115709.509 0.172
1118463.780 0.171
1121320.674 0.170
1124279.398 0.169
1127339.138 0.169
1130499.061 0.168
1133758.318 0.167
1137116.041 0.166
1140571.348 0.165
1144123.340 0.164
1147771.107 0.163
1151513.722 0.162
1155350.251 0.161
1159279.744 0.160
1163301.245 0.159
1167413.787 0.158
1171616.395 0.157
1175908.086 0.156
1180287.871 0.155
1184754.758 0.154
1189307.745 0.153
1193945.831 0.152
1198668.009 0.151
1203473.270 0.150
1208360.605 0.148
1213329.002 0.147
1218377.450 0.146
1223504.937 0.145
1228710.455 0.144
1233992.996 0.143
1239351.552 0.142
1244785.122 0.141
1250292.706 0.139
1255873.308 0.138
1261525.937 0.137
1267249.608 0.136
1273043.339 0.135
1278906.155 0.134
1284837.088 0.133
1290835.174 0.131
1296899.460 0.130
1303028.995 0.129
1309222.840 0.128
1315480.062 0.127
1321799.735 0.126
1328180.944 0.125
1334622.781 0.124
1341124.346 0.122
1347684.750 0.121
1354303.111 0.120
1360978.558 0.119
1367710.229 0.118
1374497.270 0.117
1381338.839 0.116
1388234.103 0.115
1395182.238 0.114
1402182.431 0.113
1409233.879 0.112
1416335.787 0.111
1423487.374 0.109
1430687.864 0.108
1437936.497 0.107
1445232.517 0.106
1452575.183 0.105
1459963.762 0.104
1467397.531 0.103
1474875.777 0.102
1482397.798 0.101
1489962.901 0.100
1497570.403 0.099
1505219.632 0.099
1512909.923 0.098
1520640.625 0.097
1528411.092 0.096
1536220.691 0.095
1544068.798 0.094
1551954.797 0.093
1559878.082 0.092
1567838.057 0.091
1575834.134 0.090
1583865.735 0.089
1591932.291 0.089
1600033.240 0.088
1608168.032 0.087
1616336.123 0.086
1624536.978 0.085
1632770.072 0.084
1641034.887 0.084
1649330.913 0.083
1657657.649 0.082
1666014.601 0.081
1674401.285 0.080
1682817.221 0.080
1691261.942 0.079
1699734.983 0.078
1708235.891 0.077
1716764.217 0.077
1725319.521 0.076
1733901.371 0.075
1742509.340 0.075
1751143.009 0.074
1759801.965 0.073
1768485.803 0.072
1777194.124 0.072
1785926.536 0.071
1794682.651 0.070
1803462.091 0.070
1812264.482 0.069
1821089.455 0.068
1829936.650 0.068
1838805.711 0.067
1847696.288 0.067
1856608.036 0.066
1865540.617 0.065
1874493.698 0.065
1883466.951 0.064
1892460.054 0.064
1901472.690 0.063
1910504.545 0.062
1919555.315 0.062
1928624.696 0.061
1937712.391 0.061
1946818.108 0.060
1955941.559 0.060
1965082.462 0.059
1974240.537 0.059
1983415.510 0.058
1992607.113 0.058
2001815.079 0.057
2011039.147 0.056
2020279.060 0.056
2029534.566 0.056
2038805.415 0.055
2048091.362 0.055
2057392.167 0.054
2066707.592 0.054
2076037.403 0.053
2085381.370 0.053
2094739.267 0.052
2104110.871 0.052
2113495.963 0.051
2122894.326 0.051
2132305.749 0.050
2141730.021 0.050
2151166.936 0.050
2160616.292 0.049
2170077.889 0.049
2179551.530 0.048
2189037.020 0.048
2198534.170 0.048
2208042.791 0.047
2217562.697 0.047
2227093.708 0.046
2236635.642 0.046
2246188.323 0.046
2255751.577 0.045
2265325.232 0.045
2274909.118 0.044
2284503.070 0.044
2294106.923 0.044
2303720.514 0.043
2313343.686 0.043
2322976.279 0.043
2332618.141 0.042
2342269.117 0.042
2351929.058 0.042
2361597.816 0.041
2371275.244 0.041
2380961.199 0.041
2390655.538 0.040
2400358.121 0.040
2410068.811 0.040
2419787.472 0.039
2429513.969 0.039
2439248.170 0.039
2448989.945 0.038
2458739.165 0.038
2468495.704 0.038
2478259.436 0.038
2488030.238 0.037
2497807.989 0.037
2507592.568 0.037
2517383.858 0.036
2527181.741 0.036
2536986.102 0.036
2546796.828 0.036
2556613.806 0.035
2566436.927 0.035
2576266.080 0.035
2586101.158 0.035
2595942.056 0.034
2605788.667 0.034
2615640.889 0.034
2625498.620 0.034
2635361.757 0.033
2645230.203 0.033
2655103.859 0.033
2664982.628 0.033
2674866.413 0.032
2684755.121 0.032
2694648.659 0.032
2704546.933 0.032
2714449.854 0.031
2724357.330 0.031
2734269.274 0.031
2744185.598 0.031
2754106.215 0.031
2764031.040 0.030
2773959.988 0.030
2783892.976 0.030
2793829.921 0.030
2803770.742 0.029
2813715.359 0.029
2823663.693 0.029
2833615.663 0.029
2843571.194 0.029
2853530.208 0.028
2863492.630 0.028
2873458.384 0.028
2883427.397 0.028
2893399.595 0.028
2903374.907 0.028
2913353.260 0.027
2923334.585 0.027
2933318.810 0.027
2943305.868 0.027
2953295.690 0.027
2963288.208 0.026
2973283.356 0.026
2983281.067 0.026
2993281.277 0.026
3003283.920 0.026
3013288.933 0.026
3023296.253 0.025
3033305.818 0.025
3043317.565 0.025
3053331.433 0.025
3063347.362 0.025
3073365.293 0.025
3083385.165 0.024
3093406.921 0.024
3103430.502 0.024
3113455.852 0.024
3123482.912 0.024
3133511.628 0.024
3143541.944 0.024
3153573.805 0.023
3163607.155 0.023
3173641.942 0.023
3183678.113 0.023
3193715.613 0.023
3203754.391 0.023
3213794.396 0.023
3223835.576 0.022
3233877.880 0.022
3243921.258 0.022
3253965.661 0.022
3264011.038 0.022
3274057.342 0.022
3284104.524 0.022
3294152.537 0.021
3304201.332 0.021
3314250.863 0.021
3324301.083 0.021
3334351.947 0.021
3344403.408 0.021
3354455.422 0.021
3364507.944 0.021
3374560.930 0.020
3384614.334 0.020
3394668.115 0.020
3404722.228 0.020
3414776.631 0.020
3424831.282 0.020
3434886.139 0.020
3444941.159 0.020
3454996.302 0.020
3465051.526 0.019
3475106.792 0.019
3485162.059 0.019
3495217.287 0.019
3505272.436 0.019
3515327.468 0.019
3525382.344 0.019
3535437.024 0.019
3545491.472 0.019
3555545.648 0.018
3565599.516 0.018
3575653.038 0.018
3585706.178 0.018
3595758.898 0.018
3605811.162 0.018
3615862.935 0.018
3625914.181 0.018
3635964.863 0.018
3646014.948 0.018
3656064.399 0.017
3666113.183 0.017
3676161.265 0.017
3686208.611 0.017
3696255.186 0.017
3706300.959 0.017
3716345.895 0.017
3726389.961 0.017
3736433.124 0.017
3746475.353 0.017
3756516.614 0.017
3766556.875 0.016
3776596.105 0.016
3786634.273 0.016
3796671.346 0.016
3806707.293 0.016
3816742.085 0.016
3826775.689 0.016
3836808.076 0.016
3846839.215 0.016
3856869.077 0.016
3866897.631 0.016
3876924.847 0.016
3886950.698 0.015
3896975.152 0.015
3906998.182 0.015
3917019.758 0.015
3927039.853 0.015
3937058.436 0.015
3947075.481 0.015
3957090.959 0.015
3967104.843 0.015
3977117.104 0.015
3987127.715 0.015
3997136.650 0.015
4007143.880 0.015
4017149.379 0.014
4027153.120 0.014
4037155.077 0.014
4047155.223 0.014
4057153.532 0.014
4067149.978 0.014
4077144.534 0.014
4087137.175 0.014
4097127.876 0.014
4107116.611 0.014
4117103.355 0.014
4127088.082 0.014
4137070.768 0.014
4147051.387 0.014
4157029.915 0.014
4167006.328 0.013
4176980.601 0.013
4186952.710 0.013
4196922.631 0.013
4206890.339 0.013
4216855.811 0.013
4226819.024 0.013
4236779.953 0.013
4246738.575 0.013
4256694.867 0.013
4266648.806 0.013
4276600.369 0.013
4286549.532 0.013
4296496.273 0.013
4306440.570 0.013
4316382.399 0.013
4326321.739 0.012
4336258.567 0.012
4346192.860 0.012
4356124.598 0.012
4366053.757 0.012
4375980.316 0.012
4385904.254 0.012
4395825.549 0.012
4405744.178 0.012
4415660.122 0.012
4425573.358 0.012
4435483.866 0.012
4445391.624 0.012
4455296.611 0.012
4465198.807 0.012
4475098.190 0.012
4484994.741 0.012
4494888.439 0.012
4504779.263 0.012
4514667.192 0.011
4524552.207 0.011
4534434.288 0.011
4544313.414 0.011
4554189.565 0.011
4564062.722 0.011
4573932.865 0.011
4583799.974 0.011
4593664.030 0.011
4603525.012 0.011
4613382.902 0.011
4623237.681 0.011
4633089.328 0.011
4642937.826 0.011
4652783.154 0.011
4662625.294 0.011
4672464.227 0.011
4682299.935 0.011
4692132.397 0.011
4701961.597 0.011
4711787.515 0.011
4721610.132 0.011
4731429.431 0.010
4741245.393 0.010
4751058.000 0.010
4760867.233 0.010
4770673.074 0.010
4780475.506 0.010
4790274.510 0.010
4800070.069 0.010
4809862.165 0.010
4819650.780 0.010
4829435.896 0.010
4839217.495 0.010
4848995.561 0.010
4858770.076 0.010
4868541.022 0.010
4878308.383 0.010
4888072.139 0.010
4897832.276 0.010
4907588.775 0.010
4917341.620 0.010
4927090.793 0.010
4936836.277 0.010
4946578.056 0.010
4956316.113 0.010
4966050.431 0.010
4975780.993 0.009
4985507.784 0.009
4995230.785 0.009
5004949.981 0.009
5014665.356 0.009
5024376.892 0.009
5034084.574 0.009
5043788.386 0.009
5053488.310 0.009
5063184.331 0.009
5072876.434 0.009
5082564.601 0.009
5092248.817 0.009
5101929.066 0.009
5111605.332 0.009
5121277.600 0.009
5130945.853 0.009
5140610.075 0.009
5150270.252 0.009
5159926.367 0.009
5169578.405 0.009
5179226.351 0.009
5188870.188 0.009
5198509.903 0.009
5208145.478 0.009
5217776.899 0.009
5227404.151 0.009
5237027.218 0.009
5246646.086 0.009
5256260.739 0.008
5265871.162 0.008
5275477.340 0.008
5285079.258 0.008
5294676.901 0.008
5304270.254 0.008
5313859.303 0.008
5323444.033 0.008
5333024.429 0.008
5342600.475 0.008
372558.518 0.806
360364.670 0.826
348170.464 0.846
335975.912 0.865
323781.026 0.883
311585.817 0.901
299390.298 0.918
287194.482 0.933
274998.380 0.947
262802.004 0.959
250605.367 0.969
238408.480 0.978
226211.356 0.985
214014.007 0.991
201816.446 0.994
189618.683 0.997
177420.732 0.999
165222.604 0.999
153024.312 1.000
140825.868 1.000
128627.283 1.000
116428.571 1.000
104229.743 1.000
92030.811 1.000
79831.787 1.000
67632.685 1.000
55433.514 1.000
43234.289 1.000
31035.021 1.000
18835.721 1.000
6636.404 1.000
5562.921 1.000
17762.240 1.000
29961.541 1.000
42160.813 1.000
54360.043 1.000
66559.218 1.000
78758.327 1.000
90957.358 1.000
103156.299 1.000
115355.137 1.000
127553.860 1.000
139752.456 1.000
151950.913 1.000
164149.219 0.999
176347.361 0.999
188545.329 0.997
200743.108 0.995
212940.688 0.991
225138.056 0.986
237335.200 0.979
249532.108 0.970
261728.768 0.960
273925.167 0.948
286121.294 0.934
298317.136 0.919
310512.682 0.903
322707.918 0.885
334902.834 0.867
347097.416 0.848
359291.653 0.828
371485.532 0.808
383679.042 0.788
395872.171 0.767
408064.905 0.747
420257.233 0.727
432449.144 0.707
444640.624 0.688
456831.662 0.668
469022.245 0.649
481212.361 0.631
493401.999 0.613
505591.146 0.595
517779.791 0.578
529967.919 0.562
542155.521 0.545
554342.584 0.530
566529.094 0.515
578715.042 0.500
590900.413 0.486
603085.197 0.472
615269.381 0.459
627452.952 0.446
639635.899 0.434
651818.211 0.422
663999.873 0.410
676180.875 0.399
688361.204 0.389
700540.849 0.378
712719.796 0.368
724898.035 0.359
737075.552 0.349
749252.336 0.340
761428.375 0.332
773603.656 0.323
785778.168 0.315
797951.898 0.307
810124.834 0.300
822296.964 0.292
834468.276 0.285
846638.758 0.278
858808.397 0.272
870977.182 0.265
883145.101 0.259
895312.141 0.253
907478.291 0.247
919643.537 0.242
931807.869 0.236
943971.274 0.231
956133.739 0.226
968295.254 0.221
980455.805 0.216
992615.381 0.212
1004773.969 0.207
1016931.558 0.203
1029088.135 0.199
1041243.688 0.194
1053398.205 0.190
1065551.675 0.187
1077704.084 0.183
1089855.422 0.179
1102005.675 0.176
1114154.831 0.172
1126302.880 0.169
1138449.807 0.166
1150595.603 0.162
1162740.253 0.159
1174883.747 0.156
1187026.072 0.153
1199167.217 0.151
1211307.168 0.148
1223445.914 0.145
1235583.443 0.143
1247719.743 0.140
1259854.802 0.137
1271988.607 0.135
1284121.147 0.133
1296252.409 0.130
1308382.382 0.128
1320511.053 0.126
1332638.411 0.124
1344764.443 0.122
1356889.137 0.120
1369012.481 0.118
1381134.463 0.116
1393255.071 0.114
1405374.294 0.112
1417492.118 0.110
1429608.532 0.109
1441723.524 0.107
1453837.081 0.105
1465949.192 0.104
1478059.845 0.102
1490169.028 0.100
1502276.728 0.099
1514382.933 0.097
1526487.632 0.096
1538590.812 0.095
1550692.462 0.093
1562792.569 0.092
1574891.122 0.090
1586988.108 0.089
1599083.514 0.088
1611177.331 0.087
1623269.544 0.085
1635360.142 0.084
1647449.114 0.083
1659536.447 0.082
1671622.128 0.081
1683706.147 0.080
1695788.491 0.078
1707869.148 0.077
1719948.106 0.076
1732025.353 0.075
1744100.876 0.074
1756174.665 0.073
1768246.707 0.072
1780316.989 0.071
1792385.501 0.071
1804452.229 0.070
1816517.163 0.069
1828580.289 0.068
1840641.596 0.067
1852701.072 0.066
1864758.705 0.065
1876814.483 0.065
1888868.394 0.064
1900920.426 0.063
1912970.567 0.062
1925018.804 0.061
1937065.127 0.061
1949109.523 0.060
1961151.980 0.059
1973192.485 0.059
1985231.028 0.058
1997267.596 0.057
2009302.177 0.057
2021334.759 0.056
2033365.331 0.055
2045393.879 0.055
2057420.393 0.054
2069444.860 0.053
2081467.268 0.053
2093487.606 0.052
2105505.861 0.052
2117522.022 0.051
2129536.076 0.051
2141548.011 0.050
2153557.816 0.049
2165565.479 0.049
2177570.988 0.048
2189574.330 0.048
2201575.494 0.047
2213574.468 0.047
2225571.240 0.046
2237565.798 0.046
2249558.130 0.045
2261548.224 0.045
2273536.069 0.044
2285521.651 0.044
2297504.960 0.044
2309485.984 0.043
2321464.710 0.043
2333441.127 0.042
2345415.222 0.042
2357386.984 0.041
2369356.401 0.041
2381323.461 0.041
2393288.152 0.040
2405250.463 0.040
2417210.380 0.039
2429167.893 0.039
2441122.990 0.039
2453075.658 0.038
2465025.886 0.038
2476973.661 0.038
2488918.973 0.037
2500861.808 0.037
2512802.156 0.037
2524740.004 0.036
2536675.340 0.036
2548608.153 0.036
2560538.431 0.035
2572466.161 0.035
2584391.333 0.035
2596313.933 0.034
2608233.951 0.034
2620151.374 0.034
2632066.191 0.033
2643978.389 0.033
2655887.957 0.033
2667794.883 0.033
2679699.155 0.032
2691600.762 0.032
2703499.691 0.032
2715395.930 0.031
2727289.469 0.031
2739180.294 0.031
2751068.394 0.031
2762953.758 0.030
2774836.373 0.030
2786716.228 0.030
2798593.310 0.030
2810467.609 0.029
2822339.111 0.029
2834207.807 0.029
2846073.682 0.029
2857936.727 0.028
2869796.928 0.028
2881654.275 0.028
2893508.755 0.028
2905360.357 0.027
2917209.069 0.027
2929054.878 0.027
2940897.774 0.027
2952737.744 0.027
2964574.777 0.026
2976408.861 0.026
2988239.984 0.026
3000068.134 0.026
3011893.300 0.026
3023715.470 0.025
3035534.632 0.025
3047350.774 0.025
3059163.885 0.025
3070973.953 0.025
3082780.966 0.024
3094584.912 0.024
3106385.779 0.024
20.015 2112233.251 0.065939384
20.079 2108990.723 0.066002033
20.142 2105762.804 0.066064998
20.205 2102549.565 0.066128273
20.268 2099351.074 0.066191848
20.331 2096167.402 0.066255717
20.394 2092998.618 0.066319871
20.457 2089844.793 0.066384301
20.519 2086705.997 0.066449002
20.582 2083582.299 0.066513963
20.644 2080473.771 0.066579177
20.706 2077380.482 0.066644635
20.768 2074302.503 0.066710330
20.830 2071239.904 0.066776254
20.892 2068192.756 0.066842397
20.953 2065161.130 0.066908752
21.015 2062145.096 0.066975310
21.076 2059144.724 0.067042063
21.137 2056160.085 0.067109003
21.198 2053191.251 0.067176121
21.259 2050238.292 0.067243408
21.319 2047301.278 0.067310856
21.380 2044380.281 0.067378456
21.440 2041475.371 0.067446200
21.500 2038586.619 0.067514079
21.560 2035714.096 0.067582084
21.620 2032857.872 0.067650207
21.679 2030018.019 0.067718439
21.739 2027194.607 0.067786770
21.798 2024387.707 0.067855193
21.857 2021597.390 0.067923698
21.915 2018823.726 0.067992277
21.974 2016066.786 0.068060920
22.032 2013326.641 0.068129618
22.090 2010603.361 0.068198362
22.148 2007897.017 0.068267144
22.206 2005207.678 0.068335954
22.263 2002535.416 0.068404783
22.321 1999880.301 0.068473623
22.378 1997242.402 0.068542462
22.434 1994621.790 0.068611294
22.491 1992018.535 0.068680107
22.547 1989432.707 0.068748894
22.603 1986864.376 0.068817644
22.659 1984313.610 0.068886349
22.715 1981780.481 0.068954999
22.770 1979265.056 0.069023584
22.825 1976767.405 0.069092096
22.880 1974287.599 0.069160524
22.934 1971825.704 0.069228860
22.988 1969381.790 0.069297094
23.042 1966955.927 0.069365216
23.096 1964548.181 0.069433217
23.149 1962158.622 0.069501087
23.203 1959787.317 0.069568817
23.255 1957434.335 0.069636398
23.308 1955099.742 0.069703819
23.360 1952783.607 0.069771071
23.412 1950485.997 0.069838145
23.464 1948206.978 0.069905030
23.515 1945946.618 0.069971718
23.566 1943704.982 0.070038198
23.617 1941482.138 0.070104462
23.667 1939278.151 0.070170499
23.717 1937093.086 0.070236299
23.767 1934927.010 0.070301854
23.816 1932779.987 0.070367153
23.866 1930652.083 0.070432187
23.914 1928543.361 0.070496946
23.963 1926453.886 0.070561420
24.011 1924383.723 0.070625601
24.059 1922332.934 0.070689478
24.106 1920301.583 0.070753041
24.153 1918289.733 0.070816282
24.200 1916297.446 0.070879190
24.246 1914324.785 0.070941756
24.292 1912371.812 0.071003970
24.337 1910438.588 0.071065824
24.382 1908525.173 0.071127306
24.427 1906631.630 0.071188409
24.472 1904758.018 0.071249122
24.516 1902904.397 0.071309436
24.559 1901070.826 0.071369341
24.602 1899257.365 0.071428828
24.645 1897464.073 0.071487889
24.688 1895691.006 0.071546513
24.730 1893938.224 0.071604691
24.771 1892205.784 0.071662414
24.813 1890493.742 0.071719673
24.853 1888802.154 0.071776458
24.894 1887131.078 0.071832761
24.934 1885480.567 0.071888573
24.973 1883850.676 0.071943884
25.012 1882241.461 0.071998686
25.051 1880652.975 0.072052969
25.089 1879085.272 0.072106724
25.127 1877538.403 0.072159944
25.164 1876012.422 0.072212619
25.201 1874507.381 0.072264741
25.237 1873023.329 0.072316300
25.273 1871560.318 0.072367289
25.309 1870118.399 0.072417699
25.344 1868697.619 0.072467521
25.378 1867298.029 0.072516747
25.413 1865919.676 0.072565370
25.446 1864562.609 0.072613380
25.479 1863226.873 0.072660769
25.512 1861912.517 0.072707531
25.544 1860619.584 0.072753656
25.576 1859348.122 0.072799136
25.607 1858098.173 0.072843965
25.638 1856869.783 0.072888134
25.668 1855662.994 0.072931636
25.698 1854477.849 0.072974464
25.727 1853314.389 0.073016609
25.756 1852172.656 0.073058065
25.784 1851052.691 0.073098824
25.812 1849954.534 0.073138880
25.839 1848878.223 0.073178225
25.865 1847823.797 0.073216853
25.892 1846791.293 0.073254757
25.917 1845780.750 0.073291929
25.942 1844792.202 0.073328365
25.967 1843825.686 0.073364056
25.991 1842881.237 0.073398997
26.014 1841958.888 0.073433182
26.037 1841058.673 0.073466604
26.060 1840180.625 0.073499259
26.082 1839324.775 0.073531138
26.103 1838491.154 0.073562239
26.124 1837679.794 0.073592553
26.144 1836890.722 0.073622077
26.164 1836123.969 0.073650805
26.183 1835379.561 0.073678731
26.202 1834657.527 0.073705851
26.220 1833957.892 0.073732159
26.237 1833280.682 0.073757652
26.254 1832625.922 0.073782324
26.271 1831993.636 0.073806170
26.287 1831383.847 0.073829188
26.302 1830796.577 0.073851371
26.317 1830231.848 0.073872717
26.331 1829689.680 0.073893221
26.344 1829170.093 0.073912880
26.357 1828673.107 0.073931690
26.370 1828198.739 0.073949647
26.382 1827747.007 0.073966749
26.393 1827317.928 0.073982992
26.404 1826911.516 0.073998372
26.414 1826527.787 0.074012888
26.423 1826166.754 0.074026537
26.432 1825828.432 0.074039316
26.441 1825512.831 0.074051222
26.448 1825219.963 0.074062253
26.456 1824949.839 0.074072408
26.462 1824702.469 0.074081685
26.468 1824477.860 0.074090081
26.474 1824276.022 0.074097595
26.479 1824096.961 0.074104226
26.483 1823940.683 0.074109973
26.487 1823807.193 0.074114834
26.490 1823696.497 0.074118808
26.493 1823608.597 0.074121895
26.495 1823543.495 0.074124094
26.496 1823501.195 0.074125405
26.497 1823481.697 0.074125827
26.497 1823485.000 0.074125360
26.497 1823511.104 0.074124004
26.496 1823560.008 0.074121760
26.494 1823631.708 0.074118628
26.492 1823726.201 0.074114608
26.489 1823843.483 0.074109701
26.486 1823983.549 0.074103908
26.482 1824146.392 0.074097230
26.478 1824332.005 0.074089668
26.473 1824540.382 0.074081224
26.467 1824771.512 0.074071898
26.461 1825025.386 0.074061693
26.454 1825301.995 0.074050611
26.447 1825601.326 0.074038653
26.439 1825923.367 0.074025822
26.430 1826268.106 0.074012119
26.421 1826635.529 0.073997548
26.411 1827025.620 0.073982111
26.401 1827438.365 0.073965811
26.390 1827873.746 0.073948650
26.379 1828331.747 0.073930632
26.367 1828812.349 0.073911760
26.354 1829315.533 0.073892037
26.341 1829841.280 0.073871468
26.327 1830389.569 0.073850055
26.313 1830960.379 0.073827802
26.298 1831553.686 0.073804713
26.283 1832169.468 0.073780793
26.267 1832807.702 0.073756046
26.251 1833468.362 0.073730476
26.234 1834151.422 0.073704088
26.216 1834856.857 0.073676886
26.198 1835584.640 0.073648876
26.179 1836334.741 0.073620061
26.160 1837107.133 0.073590448
26.140 1837901.786 0.073560041
26.120 1838718.670 0.073528846
26.099 1839557.754 0.073496869
26.077 1840419.005 0.073464115
26.055 1841302.392 0.073430589
26.033 1842207.880 0.073396298
26.010 1843135.436 0.073361247
25.986 1844085.025 0.073325444
25.962 1845056.611 0.073288893
25.937 1846050.158 0.073251601
25.912 1847065.628 0.073213576
25.886 1848102.985 0.073174822
25.860 1849162.190 0.073135348
25.833 1850243.202 0.073095159
25.806 1851345.984 0.073054263
25.779 1852470.493 0.073012667
25.750 1853616.688 0.072970378
25.722 1854784.528 0.072927403
25.692 1855973.970 0.072883749
25.663 1857184.971 0.072839424
25.632 1858417.487 0.072794435
25.602 1859671.472 0.072748790
25.570 1860946.883 0.072702497
25.539 1862243.672 0.072655563
25.506 1863561.794 0.072607996
25.474 1864901.201 0.072559805
25.441 1866261.845 0.072510996
25.407 1867643.679 0.072461579
25.373 1869046.653 0.072411562
25.338 1870470.717 0.072360952
25.303 1871915.822 0.072309758
25.268 1873381.917 0.072257989
25.232 1874868.950 0.072205652
25.196 1876376.869 0.072152757
25.159 1877905.623 0.072099312
25.121 1879455.158 0.072045326
25.084 1881025.421 0.071990808
25.046 1882616.358 0.071935765
25.007 1884227.914 0.071880208
24.968 1885860.035 0.071824144
24.929 1887512.664 0.071767584
24.889 1889185.745 0.071710535
24.848 1890879.223 0.071653007
24.808 1892593.040 0.071595009
24.767 1894327.139 0.071536550
24.725 1896081.461 0.071477640
24.683 1897855.949 0.071418287
24.641 1899650.543 0.071358501
24.598 1901465.185 0.071298290
24.555 1903299.814 0.071237665
24.512 1905154.371 0.071176635
24.468 1907028.795 0.071115208
24.423 1908923.024 0.071053395
24.379 1910836.999 0.070991205
24.334 1912770.656 0.070928647
24.288 1914723.935 0.070865730
24.243 1916696.771 0.070802465
24.196 1918689.104 0.070738860
24.150 1920700.869 0.070674926
24.103 1922732.002 0.070610671
24.056 1924782.441 0.070546105
24.008 1926852.121 0.070481238
23.960 1928940.977 0.070416079
23.912 1931048.945 0.070350638
23.864 1933175.959 0.070284924
23.815 1935321.954 0.070218948
23.766 1937486.864 0.070152717
23.716 1939670.624 0.070086243
23.666 1941873.166 0.070019535
23.616 1944094.425 0.069952601
23.565 1946334.334 0.069885452
23.515 1948592.826 0.069818098
23.463 1950869.832 0.069750547
23.412 1953165.287 0.069682810
23.360 1955479.122 0.069614896
23.308 1957811.269 0.069546813
23.256 1960161.660 0.069478573
23.203 1962530.226 0.069410184
23.151 1964916.900 0.069341656
23.097 1967321.612 0.069272998
23.044 1969744.293 0.069204219
22.990 1972184.875 0.069135330
22.936 1974643.288 0.069066339
22.882 1977119.462 0.068997256
22.828 1979613.328 0.068928089
22.773 1982124.817 0.068858850
22.718 1984653.858 0.068789546
22.663 1987200.381 0.068720187
22.607 1989764.317 0.068650782
22.551 1992345.595 0.068581341
22.495 1994944.144 0.068511872
22.439 1997559.895 0.068442385
22.383 2000192.777 0.068372889
22.326 2002842.719 0.068303393
22.269 2005509.650 0.068233906
22.212 2008193.500 0.068164437
22.155 2010894.198 0.068094995
22.097 2013611.672 0.068025589
22.039 2016345.853 0.067956228
21.981 2019096.669 0.067886921
21.923 2021864.048 0.067817677
21.865 2024647.920 0.067748504
21.806 2027448.214 0.067679411
21.747 2030264.858 0.067610408
21.688 2033097.782 0.067541502
21.629 2035946.914 0.067472702
21.570 2038812.183 0.067404018
21.510 2041693.517 0.067335457
21.451 2044590.846 0.067267029
21.391 2047504.098 0.067198741
21.331 2050433.202 0.067130602
21.270 2053378.088 0.067062621
21.210 2056338.683 0.066994806
21.150 2059314.917 0.066927166
21.089 2062306.719 0.066859708
21.028 2065314.017 0.066792441
20.967 2068336.741 0.066725374
20.906 2071374.820 0.066658513
20.845 2074428.183 0.066591869
20.783 2077496.758 0.066525448
20.721 2080580.476 0.066459259
20.660 2083679.266 0.066393310
20.598 2086793.057 0.066327608
20.536 2089921.779 0.066262163
20.474 2093065.360 0.066196981
20.412 2096223.731 0.066132071
20.349 2099396.822 0.066067440
20.287 2102584.562 0.066003096
20.224 2105786.881 0.065939048
20.161 2109003.710 0.065875302
20.098 2112234.978 0.065811866
20.036 2115480.616 0.065748749
