20.047 2118317.060 0.065591847
20.126 2114263.078 0.065670073
20.205 2110225.687 0.065748907
20.284 2106204.984 0.065828339
20.362 2102201.072 0.065908359
20.441 2098214.050 0.065988956
20.519 2094244.019 0.066070121
20.598 2090291.081 0.066151843
20.676 2086355.337 0.066234110
20.754 2082436.889 0.066316914
20.832 2078535.839 0.066400242
20.911 2074652.289 0.066484084
20.989 2070786.342 0.066568430
21.066 2066938.102 0.066653268
21.144 2063107.672 0.066738587
21.222 2059295.155 0.066824377
21.300 2055500.655 0.066910625
21.377 2051724.277 0.066997322
21.454 2047966.124 0.067084455
21.532 2044226.302 0.067172012
21.609 2040504.915 0.067259983
21.686 2036802.069 0.067348356
21.763 2033117.869 0.067437119
21.839 2029452.420 0.067526261
21.916 2025805.829 0.067615768
21.992 2022178.202 0.067705630
22.069 2018569.644 0.067795834
22.145 2014980.262 0.067886368
22.221 2011410.164 0.067977220
22.297 2007859.454 0.068068377
22.372 2004328.242 0.068159827
22.448 2000816.633 0.068251557
22.523 1997324.735 0.068343555
22.598 1993852.656 0.068435808
22.673 1990400.503 0.068528303
22.748 1986968.383 0.068621027
22.822 1983556.405 0.068713966
22.896 1980164.676 0.068807109
22.970 1976793.304 0.068900441
23.044 1973442.398 0.068993950
23.118 1970112.065 0.069087621
23.191 1966802.414 0.069181441
23.265 1963513.552 0.069275397
23.338 1960245.589 0.069369476
23.410 1956998.632 0.069463662
23.483 1953772.790 0.069557942
23.555 1950568.171 0.069652303
23.627 1947384.883 0.069746730
23.699 1944223.035 0.069841208
23.770 1941082.734 0.069935725
23.841 1937964.090 0.070030265
23.912 1934867.210 0.070124814
23.983 1931792.202 0.070219357
24.053 1928739.174 0.070313880
24.123 1925708.235 0.070408368
24.193 1922699.491 0.070502806
24.262 1919713.051 0.070597180
24.331 1916749.022 0.070691475
24.400 1913807.512 0.070785675
24.468 1910888.627 0.070879766
24.536 1907992.475 0.070973732
24.604 1905119.163 0.071067559
24.671 1902268.796 0.071161230
24.738 1899441.483 0.071254731
24.805 1896637.328 0.071348047
24.871 1893856.438 0.071441161
24.937 1891098.919 0.071534058
25.003 1888364.875 0.071626723
25.068 1885654.413 0.071719140
25.133 1882967.636 0.071811294
25.197 1880304.649 0.071903168
25.261 1877665.557 0.071994747
25.325 1875050.462 0.072086015
25.388 1872459.469 0.072176957
25.451 1869892.681 0.072267556
25.513 1867350.200 0.072357796
25.575 1864832.128 0.072447662
25.637 1862338.567 0.072537138
25.698 1859869.618 0.072626208
25.758 1857425.383 0.072714855
25.818 1855005.961 0.072803064
25.878 1852611.452 0.072890818
25.937 1850241.956 0.072978103
25.996 1847897.571 0.073064901
26.054 1845578.397 0.073151196
26.112 1843284.529 0.073236973
26.169 1841016.066 0.073322216
26.225 1838773.104 0.073406909
26.282 1836555.738 0.073491035
26.337 1834364.065 0.073574579
26.392 1832198.178 0.073657525
26.447 1830058.171 0.073739857
26.501 1827944.138 0.073821559
26.555 1825856.171 0.073902615
26.608 1823794.362 0.073983010
26.660 1821758.802 0.074062728
26.712 1819749.581 0.074141753
26.763 1817766.789 0.074220070
26.814 1815810.514 0.074297663
26.864 1813880.845 0.074374517
26.913 1811977.868 0.074450615
26.962 1810101.669 0.074525944
27.011 1808252.334 0.074600488
27.058 1806429.948 0.074674231
27.106 1804634.593 0.074747159
27.152 1802866.354 0.074819257
27.198 1801125.310 0.074890509
27.243 1799411.544 0.074960902
27.288 1797725.135 0.075030420
27.332 1796066.161 0.075099050
27.375 1794434.702 0.075166776
27.418 1792830.832 0.075233585
27.460 1791254.629 0.075299462
27.501 1789706.168 0.075364393
27.542 1788185.521 0.075428366
27.581 1786692.761 0.075491365
27.621 1785227.960 0.075553378
27.659 1783791.189 0.075614392
27.697 1782382.516 0.075674392
27.734 1781002.010 0.075733367
27.771 1779649.738 0.075791303
27.807 1778325.765 0.075848187
27.842 1777030.157 0.075904008
27.876 1775762.976 0.075958753
27.910 1774524.285 0.076012410
27.943 1773314.145 0.076064967
27.975 1772132.615 0.076116412
28.006 1770979.754 0.076166734
28.037 1769855.619 0.076215923
28.067 1768760.267 0.076263966
28.096 1767693.751 0.076310853
28.124 1766656.125 0.076356574
28.152 1765647.442 0.076401118
28.179 1764667.751 0.076444476
28.205 1763717.101 0.076486637
28.230 1762795.542 0.076527591
28.255 1761903.119 0.076567331
28.278 1761039.878 0.076605845
28.301 1760205.862 0.076643127
28.323 1759401.114 0.076679166
28.345 1758625.675 0.076713956
28.365 1757879.584 0.076747487
28.385 1757162.879 0.076779753
28.404 1756475.598 0.076810745
28.422 1755817.774 0.076840457
28.440 1755189.443 0.076868882
28.456 1754590.636 0.076896013
28.472 1754021.383 0.076921844
28.487 1753481.715 0.076946368
28.501 1752971.660 0.076969581
28.514 1752491.242 0.076991477
28.527 1752040.488 0.077012050
28.538 1751619.420 0.077031296
28.549 1751228.061 0.077049211
28.559 1750866.429 0.077065790
28.568 1750534.545 0.077081029
28.577 1750232.426 0.077094926
28.584 1749960.086 0.077107475
28.591 1749717.541 0.077118676
28.597 1749504.802 0.077128525
28.602 1749321.880 0.077137019
28.606 1749168.786 0.077144157
28.609 1749045.526 0.077149938
28.611 1748952.107 0.077154359
28.613 1748888.535 0.077157420
28.614 1748854.811 0.077159121
28.614 1748850.939 0.077159460
28.613 1748876.917 0.077158438
28.611 1748932.744 0.077156055
28.609 1749018.418 0.077152312
28.605 1749133.933 0.077147209
28.601 1749279.284 0.077140749
28.596 1749454.462 0.077132932
28.590 1749659.459 0.077123760
28.583 1749894.264 0.077113236
28.576 1750158.864 0.077101362
28.567 1750453.245 0.077088141
28.558 1750777.392 0.077073577
28.548 1751131.287 0.077057672
28.537 1751514.913 0.077040430
28.525 1751928.249 0.077021856
28.513 1752371.273 0.077001954
28.499 1752843.963 0.076980729
28.485 1753346.293 0.076958185
28.470 1753878.237 0.076934329
28.454 1754439.769 0.076909165
28.438 1755030.858 0.076882700
28.420 1755651.474 0.076854940
28.402 1756301.585 0.076825892
28.383 1756981.157 0.076795561
28.363 1757690.155 0.076763956
28.342 1758428.543 0.076731084
28.321 1759196.283 0.076696952
28.298 1759993.334 0.076661568
28.275 1760819.657 0.076624941
28.251 1761675.210 0.076587079
28.227 1762559.947 0.076547991
28.201 1763473.825 0.076507685
28.175 1764416.797 0.076466172
28.148 1765388.815 0.076423460
28.120 1766389.830 0.076379559
28.092 1767419.792 0.076334479
28.063 1768478.648 0.076288231
28.033 1769566.345 0.076240825
28.002 1770682.829 0.076192272
27.970 1771828.044 0.076142583
27.938 1773001.933 0.076091768
27.905 1774204.438 0.076039840
27.872 1775435.498 0.075986809
27.837 1776695.054 0.075932689
27.802 1777983.042 0.075877489
27.766 1779299.400 0.075821224
27.729 1780644.063 0.075763905
27.692 1782016.965 0.075705545
27.654 1783418.039 0.075646156
27.615 1784847.218 0.075585752
27.576 1786304.432 0.075524346
27.536 1787789.610 0.075461951
27.495 1789302.682 0.075398580
27.454 1790843.575 0.075334247
27.412 1792412.215 0.075268967
27.369 1794008.527 0.075202752
27.326 1795632.436 0.075135616
27.282 1797283.865 0.075067575
27.237 1798962.736 0.074998642
27.192 1800668.970 0.074928832
27.146 1802402.488 0.074858160
27.099 1804163.209 0.074786639
27.052 1805951.050 0.074714285
27.004 1807765.931 0.074641114
26.956 1809607.766 0.074567139
26.906 1811476.472 0.074492375
26.857 1813371.964 0.074416839
26.807 1815294.154 0.074340546
26.756 1817242.956 0.074263510
26.704 1819218.283 0.074185747
26.652 1821220.045 0.074107274
26.600 1823248.153 0.074028104
26.547 1825302.516 0.073948255
26.493 1827383.045 0.073867741
26.439 1829489.647 0.073786578
26.384 1831622.229 0.073704783
26.329 1833780.698 0.073622371
26.273 1835964.961 0.073539358
26.217 1838174.923 0.073455760
26.160 1840410.489 0.073371592
26.103 1842671.563 0.073286871
26.045 1844958.048 0.073201613
25.987 1847269.847 0.073115834
25.928 1849606.863 0.073029550
25.869 1851968.998 0.072942776
25.809 1854356.152 0.072855529
25.749 1856768.227 0.072767825
25.688 1859205.122 0.072679680
25.627 1861666.737 0.072591110
25.566 1864152.971 0.072502130
25.504 1866663.723 0.072412758
25.441 1869198.892 0.072323008
25.378 1871758.375 0.072232897
25.315 1874342.069 0.072142441
25.251 1876949.871 0.072051656
25.187 1879581.678 0.071960556
25.123 1882237.386 0.071869160
25.058 1884916.892 0.071777481
24.992 1887620.089 0.071685536
24.927 1890346.875 0.071593340
24.861 1893097.143 0.071500909
24.794 1895870.788 0.071408259
24.727 1898667.704 0.071315406
24.660 1901487.786 0.071222364
24.593 1904330.927 0.071129149
24.525 1907197.020 0.071035777
24.457 1910085.960 0.070942262
24.388 1912997.638 0.070848621
24.319 1915931.949 0.070754868
24.250 1918888.784 0.070661018
24.181 1921868.037 0.070567086
24.111 1924869.600 0.070473088
24.041 1927893.364 0.070379038
23.970 1930939.223 0.070284950
23.900 1934007.067 0.070190841
23.829 1937096.790 0.070096723
23.758 1940208.283 0.070002613
23.686 1943341.438 0.069908524
23.614 1946496.146 0.069814470
23.542 1949672.300 0.069720467
23.470 1952869.790 0.069626527
23.397 1956088.509 0.069532667
23.324 1959328.348 0.069438898
23.251 1962589.199 0.069345236
23.178 1965870.953 0.069251693
23.105 1969173.502 0.069158285
23.031 1972496.738 0.069065025
22.957 1975840.553 0.068971925
22.883 1979204.837 0.068879000
22.808 1982589.484 0.068786263
22.734 1985994.385 0.068693728
22.659 1989419.431 0.068601407
22.584 1992864.517 0.068509313
22.509 1996329.532 0.068417461
22.433 1999814.371 0.068325861
22.358 2003318.924 0.068234528
22.282 2006843.086 0.068143475
22.206 2010386.749 0.068052712
22.130 2013949.805 0.067962254
22.054 2017532.148 0.067872113
21.977 2021133.671 0.067782301
21.901 2024754.267 0.067692829
21.824 2028393.831 0.067603711
21.747 2032052.256 0.067514959
21.670 2035729.436 0.067426584
21.593 2039425.265 0.067338598
21.516 2043139.638 0.067251013
21.439 2046872.450 0.067163841
21.361 2050623.595 0.067077093
21.284 2054392.969 0.066990781
21.206 2058180.467 0.066904917
21.128 2061985.986 0.066819511
21.050 2065809.420 0.066734574
20.972 2069650.666 0.066650119
20.894 2073509.622 0.066566155
20.816 2077386.182 0.066482695
20.738 2081280.246 0.066399748
20.659 2085191.710 0.066317327
20.581 2089120.472 0.066235440
20.502 2093066.429 0.066154100
20.424 2097029.481 0.066073317
20.345 2101009.526 0.065993101
20.266 2105006.463 0.065913463
20.188 2109020.192 0.065834412
20.109 2113050.611 0.065755960
20.030 2117097.621 0.065678117
5124789.650 0.009
5115119.312 0.009
5105444.970 0.009
5095766.640 0.009
5086084.338 0.009
5076398.079 0.009
5066707.880 0.009
5057013.757 0.009
5047315.725 0.009
5037613.801 0.009
5027908.001 0.009
5018198.341 0.009
5008484.838 0.009
4998767.508 0.009
4989046.367 0.009
4979321.431 0.009
4969592.718 0.009
4959860.244 0.010
4950124.025 0.010
4940384.079 0.010
4930640.422 0.010
4920893.070 0.010
4911142.041 0.010
4901387.353 0.010
4891629.020 0.010
4881867.062 0.010
4872101.495 0.010
4862332.336 0.010
4852559.603 0.010
4842783.312 0.010
4833003.482 0.010
4823220.130 0.010
4813433.273 0.010
4803642.930 0.010
4793849.117 0.010
4784051.853 0.010
4774251.155 0.010
4764447.041 0.010
4754639.530 0.010
4744828.640 0.010
4735014.387 0.010
4725196.792 0.010
4715375.872 0.011
4705551.646 0.011
4695724.131 0.011
4685893.347 0.011
4676059.312 0.011
4666222.045 0.011
4656381.564 0.011
4646537.889 0.011
4636691.038 0.011
4626841.031 0.011
4616987.886 0.011
4607131.624 0.011
4597272.262 0.011
4587409.820 0.011
4577544.319 0.011
4567675.777 0.011
4557804.214 0.011
4547929.650 0.011
4538052.105 0.011
4528171.598 0.011
4518288.149 0.011
4508401.780 0.012
4498512.509 0.012
4488620.358 0.012
4478725.346 0.012
4468827.495 0.012
4458926.824 0.012
4449023.355 0.012
4439117.108 0.012
4429208.104 0.012
4419296.364 0.012
4409381.909 0.012
4399464.761 0.012
4389544.941 0.012
4379622.471 0.012
4369697.371 0.012
4359769.664 0.012
4349839.371 0.012
4339906.514 0.012
4329971.116 0.012
4320033.198 0.013
4310092.782 0.013
4300149.892 0.013
4290204.549 0.013
4280256.776 0.013
4270306.596 0.013
4260354.032 0.013
4250399.107 0.013
4240441.843 0.013
4230482.265 0.013
4220520.395 0.013
4210556.257 0.013
4200589.875 0.013
4190621.272 0.013
4180650.472 0.013
4170677.500 0.013
4160702.380 0.014
4150725.135 0.014
4140745.791 0.014
4130764.372 0.014
4120780.903 0.014
4110795.409 0.014
4100807.915 0.014
4090818.446 0.014
4080827.027 0.014
4070833.685 0.014
4060838.444 0.014
4050841.331 0.014
4040842.371 0.014
4030841.592 0.014
4020839.018 0.014
4010834.678 0.015
4000828.597 0.015
3990820.802 0.015
3980811.321 0.015
3970800.180 0.015
3960787.408 0.015
3950773.031 0.015
3940757.077 0.015
3930739.575 0.015
3920720.552 0.015
3910700.037 0.015
3900678.058 0.015
3890654.645 0.015
3880629.825 0.016
3870603.629 0.016
3860576.085 0.016
3850547.223 0.016
3840517.072 0.016
3830485.664 0.016
3820453.027 0.016
3810419.192 0.016
3800384.190 0.016
3790348.052 0.016
3780310.808 0.016
3770272.490 0.016
3760233.130 0.017
3750192.759 0.017
3740151.409 0.017
3730109.112 0.017
3720065.901 0.017
3710021.809 0.017
3699976.868 0.017
3689931.112 0.017
3679884.574 0.017
3669837.287 0.017
3659789.287 0.017
3649740.607 0.018
3639691.281 0.018
3629641.344 0.018
3619590.833 0.018
3609539.780 0.018
3599488.224 0.018
3589436.198 0.018
3579383.741 0.018
3569330.887 0.018
3559277.675 0.018
3549224.140 0.019
3539170.321 0.019
3529116.255 0.019
3519061.980 0.019
3509007.536 0.019
3498952.959 0.019
3488898.290 0.019
3478843.568 0.019
3468788.832 0.019
3458734.123 0.019
3448679.481 0.020
3438624.947 0.020
3428570.562 0.020
3418516.367 0.020
3408462.404 0.020
3398408.716 0.020
3388355.345 0.020
3378302.335 0.020
3368249.728 0.021
3358197.568 0.021
3348145.900 0.021
3338094.769 0.021
3328044.218 0.021
3317994.295 0.021
3307945.044 0.021
3297896.511 0.021
3287848.745 0.022
3277801.792 0.022
3267755.699 0.022
3257710.515 0.022
3247666.288 0.022
3237623.067 0.022
3227580.902 0.022
3217539.844 0.022
3207499.941 0.023
3197461.247 0.023
3187423.811 0.023
3177387.686 0.023
3167352.926 0.023
3157319.581 0.023
3147287.708 0.023
3137257.359 0.024
3127228.590 0.024
3117201.455 0.024
3107176.011 0.024
3097152.315 0.024
3087130.423 0.024
3077110.393 0.025
3067092.283 0.025
3057076.152 0.025
3047062.061 0.025
3037050.069 0.025
3027040.236 0.025
3017032.625 0.026
3007027.298 0.026
2997024.318 0.026
2987023.747 0.026
2977025.651 0.026
2967030.095 0.026
2957037.144 0.027
2947046.864 0.027
2937059.323 0.027
2927074.589 0.027
2917092.731 0.027
2907113.818 0.027
2897137.921 0.028
2887165.110 0.028
2877195.458 0.028
2867229.037 0.028
2857265.922 0.028
2847306.186 0.029
2837349.906 0.029
2827397.157 0.029
2817448.016 0.029
2807502.563 0.029
2797560.876 0.030
2787623.034 0.030
2777689.120 0.030
2767759.215 0.030
2757833.403 0.030
2747911.766 0.031
2737994.391 0.031
2728081.363 0.031
2718172.770 0.031
2708268.700 0.032
2698369.243 0.032
2688474.489 0.032
2678584.529 0.032
2668699.457 0.033
2658819.367 0.033
2648944.354 0.033
2639074.514 0.033
2629209.946 0.033
2619350.747 0.034
2609497.020 0.034
2599648.865 0.034
2589806.385 0.034
2579969.684 0.035
2570138.869 0.035
2560314.046 0.035
2550495.325 0.036
2540682.814 0.036
2530876.626 0.036
2521076.874 0.036
2511283.672 0.037
2501497.136 0.037
2491717.384 0.037
2481944.536 0.037
2472178.712 0.038
2462420.035 0.038
2452668.629 0.038
2442924.621 0.039
2433188.138 0.039
2423459.311 0.039
2413738.270 0.040
2404025.149 0.040
2394320.083 0.040
2384623.210 0.041
2374934.669 0.041
2365254.600 0.041
2355583.147 0.042
2345920.456 0.042
2336266.673 0.042
2326621.949 0.043
2316986.434 0.043
2307360.284 0.043
2297743.654 0.044
2288136.702 0.044
2278539.591 0.044
2268952.482 0.045
2259375.542 0.045
2249808.939 0.045
2240252.843 0.046
2230707.428 0.046
2221172.871 0.047
2211649.348 0.047
2202137.043 0.047
2192636.138 0.048
2183146.822 0.048
2173669.282 0.049
2164203.713 0.049
2154750.310 0.049
2145309.272 0.050
2135880.800 0.050
2126465.099 0.051
2117062.378 0.051
2107672.848 0.052
2098296.723 0.052
2088934.222 0.052
2079585.566 0.053
2070250.980 0.053
2060930.692 0.054
2051624.936 0.054
2042333.947 0.055
2033057.964 0.055
2023797.231 0.056
2014551.996 0.056
2005322.509 0.057
1996109.027 0.057
1986911.808 0.058
1977731.117 0.058
1968567.222 0.059
1959420.395 0.059
1950290.913 0.060
1941179.057 0.061
1932085.112 0.061
1923009.371 0.062
1913952.127 0.062
1904913.681 0.063
1895894.339 0.063
1886894.410 0.064
1877914.209 0.065
1868954.057 0.065
1860014.279 0.066
1851095.207 0.066
1842197.177 0.067
1833320.530 0.068
1824465.616 0.068
1815632.786 0.069
1806822.402 0.069
1798034.827 0.070
1789270.432 0.071
1780529.597 0.071
1771812.703 0.072
1763120.142 0.073
1754452.310 0.074
1745809.609 0.074
1737192.450 0.075
1728601.250 0.076
1720036.430 0.076
1711498.423 0.077
1702987.665 0.078
1694504.601 0.079
1686049.684 0.079
1677623.372 0.080
1669226.132 0.081
1660858.440 0.082
1652520.778 0.082
1644213.635 0.083
1635937.511 0.084
1627692.911 0.085
1619480.351 0.086
1611300.352 0.087
1603153.446 0.087
1595040.173 0.088
1586961.081 0.089
1578916.728 0.090
1570907.679 0.091
1562934.509 0.092
1554997.802 0.093
1547098.151 0.094
1539236.158 0.094
1531412.435 0.095
1523627.602 0.096
1515882.291 0.097
1508177.140 0.098
1500512.800 0.099
1492889.930 0.100
1485309.199 0.101
1477771.285 0.102
1470276.878 0.103
1462826.677 0.104
1455421.389 0.105
1448061.735 0.106
1440748.442 0.107
1433482.249 0.108
1426263.906 0.109
1419094.172 0.110
1411973.815 0.111
1404903.616 0.112
1397884.364 0.113
1390916.857 0.114
1384001.906 0.115
1377140.330 0.116
1370332.958 0.118
1363580.630 0.119
1356884.193 0.120
1350244.507 0.121
1343662.440 0.122
1337138.869 0.123
1330674.679 0.124
1324270.768 0.125
1317928.038 0.126
1311647.403 0.128
1305429.785 0.129
1299276.114 0.130
1293187.325 0.131
1287164.366 0.132
1281208.188 0.133
1275319.751 0.134
1269500.021 0.136
1263749.970 0.137
1258070.578 0.138
1252462.827 0.139
1246927.708 0.140
1241466.214 0.141
1236079.342 0.142
1230768.094 0.144
1225533.475 0.145
1220376.491 0.146
1215298.152 0.147
1210299.467 0.148
1205381.448 0.149
1200545.106 0.150
1195791.451 0.151
1191121.492 0.152
1186536.237 0.154
1182036.688 0.155
1177623.847 0.156
1173298.710 0.157
1169062.267 0.158
1164915.503 0.159
1160859.396 0.160
1156894.915 0.161
1153023.022 0.162
1149244.667 0.163
1145560.791 0.164
1141972.324 0.165
1138480.181 0.166
1135085.267 0.166
1131788.469 0.167
1128590.660 0.168
1125492.697 0.169
1122495.419 0.170
1119599.647 0.171
1116806.182 0.171
1114115.804 0.172
1111529.273 0.173
1109047.325 0.174
1106670.675 0.174
1104400.011 0.175
1102235.998 0.176
1100179.274 0.176
1098230.449 0.177
1096390.107 0.177
1094658.802 0.178
1093037.059 0.178
1091525.374 0.179
1090124.209 0.179
1088833.997 0.179
1087655.139 0.180
1086588.001 0.180
1085632.917 0.180
1084790.187 0.181
1084060.076 0.181
1083442.814 0.181
1082938.598 0.181
1082547.587 0.181
1082269.905 0.181
1082105.641 0.182
1082054.848 0.182
1082117.540 0.181
1082293.699 0.181
1082583.267 0.181
1082986.154 0.181
1083502.231 0.181
1084131.334 0.181
1084873.265 0.181
1085727.788 0.180
1086694.635 0.180
1087773.503 0.180
1088964.055 0.179
1090265.919 0.179
1091678.692 0.179
1093201.939 0.178
1094835.193 0.178
1096577.955 0.177
1098429.698 0.177
1100389.864 0.176
1102457.866 0.176
1104633.091 0.175
1106914.899 0.174
1109302.622 0.174
1111795.568 0.173
1114393.022 0.172
1117094.244 0.171
1119898.473 0.171
1122804.925 0.170
1125812.798 0.169
1128921.269 0.168
1132129.496 0.167
1135436.622 0.166
1138841.772 0.165
1142344.056 0.165
1145942.570 0.164
1149636.394 0.163
1153424.600 0.162
1157306.246 0.161
1161280.378 0.160
1165346.035 0.159
1169502.247 0.158
1173748.034 0.157
1178082.413 0.156
1182504.390 0.155
1187012.971 0.153
1191607.154 0.152
1196285.934 0.151
1201048.304 0.150
1205893.256 0.149
1210819.779 0.148
1215826.861 0.147
1220913.492 0.146
1226078.662 0.145
1231321.361 0.143
1236640.583 0.142
1242035.324 0.141
1247504.583 0.140
1253047.362 0.139
1258662.668 0.138
1264349.513 0.137
1270106.913 0.135
1275933.890 0.134
1281829.473 0.133
1287792.695 0.132
1293822.599 0.131
1299918.232 0.130
1306078.650 0.129
1312302.916 0.127
1318590.101 0.126
1324939.285 0.125
1331349.556 0.124
1337820.011 0.123
1344349.754 0.122
1350937.900 0.121
1357583.573 0.120
1364285.907 0.119
1371044.042 0.117
1377857.133 0.116
1384724.340 0.115
1391644.836 0.114
1398617.802 0.113
1405642.430 0.112
1412717.921 0.111
1419843.486 0.110
1427018.349 0.109
1434241.739 0.108
1441512.901 0.107
1448831.085 0.106
1456195.553 0.105
1463605.578 0.104
1471060.442 0.103
1478559.438 0.102
1486101.868 0.101
1493687.044 0.100
1501314.287 0.099
1508982.931 0.098
1516692.317 0.097
1524441.796 0.096
1532230.729 0.095
1540058.487 0.094
1547924.451 0.093
1555828.009 0.093
1563768.560 0.092
1571745.512 0.091
1579758.282 0.090
1587806.297 0.089
1595888.991 0.088
1604005.808 0.087
1612156.201 0.086
1620339.631 0.086
1628555.567 0.085
1636803.488 0.084
1645082.880 0.083
1653393.237 0.082
1661734.062 0.082
1670104.865 0.081
1678505.166 0.080
1686934.489 0.079
1695392.370 0.079
1703878.349 0.078
1712391.974 0.077
1720932.803 0.076
1729500.398 0.076
1738094.330 0.075
1746714.175 0.074
1755359.519 0.073
1764029.952 0.073
1772725.071 0.072
1781444.481 0.071
1790187.793 0.071
1798954.623 0.070
1807744.595 0.069
1816557.337 0.069
1825392.486 0.068
1834249.682 0.068
1843128.574 0.067
1852028.812 0.066
1860950.057 0.066
1869891.973 0.065
1878854.228 0.064
1887836.497 0.064
1896838.462 0.063
1905859.807 0.063
1914900.222 0.062
1923959.404 0.062
1933037.052 0.061
1942132.871 0.060
1951246.573 0.060
1960377.870 0.059
1969526.482 0.059
1978692.134 0.058
1987874.552 0.058
1997073.470 0.057
2006288.624 0.057
2015519.756 0.056
2024766.609 0.056
2034028.933 0.055
2043306.481 0.055
2052599.010 0.054
2061906.281 0.054
2071228.058 0.053
2080564.109 0.053
2089914.206 0.052
2099278.124 0.052
2108655.643 0.052
2118046.544 0.051
2127450.614 0.051
2136867.640 0.050
2146297.416 0.050
2155739.737 0.049
2165194.400 0.049
2174661.209 0.049
2184139.968 0.048
2193630.483 0.048
2203132.566 0.047
2212646.030 0.047
2222170.692 0.047
2231706.370 0.046
2241252.885 0.046
2250810.063 0.045
2260377.730 0.045
2269955.716 0.045
2279543.853 0.044
2289141.975 0.044
2298749.919 0.044
2308367.525 0.043
2317994.634 0.043
2327631.090 0.042
2337276.740 0.042
2346931.432 0.042
2356595.017 0.041
2366267.347 0.041
2375948.278 0.041
2385637.666 0.040
2395335.371 0.040
2405041.253 0.040
2414755.176 0.040
2424477.004 0.039
2434206.604 0.039
2443943.845 0.039
2453688.598 0.038
2463440.735 0.038
2473200.129 0.038
2482966.657 0.037
2492740.196 0.037
2502520.625 0.037
2512307.825 0.037
2522101.679 0.036
2531902.070 0.036
2541708.885 0.036
2551522.010 0.035
2561341.334 0.035
2571166.746 0.035
2580998.140 0.035
2590835.407 0.034
2600678.442 0.034
2610527.141 0.034
2620381.401 0.034
2630241.120 0.033
2640106.199 0.033
2649976.537 0.033
2659852.039 0.033
2669732.607 0.032
2679618.146 0.032
2689508.563 0.032
2699403.764 0.032
2709303.658 0.032
2719208.154 0.031
2729117.163 0.031
2739030.597 0.031
2748948.369 0.031
2758870.393 0.030
2768796.584 0.030
2778726.857 0.030
2788661.130 0.030
2798599.321 0.030
2808541.349 0.029
2818487.134 0.029
2828436.597 0.029
2838389.660 0.029
2848346.246 0.029
2858306.278 0.028
2868269.681 0.028
2878236.381 0.028
2888206.304 0.028
2898179.378 0.028
2908155.530 0.027
2918134.690 0.027
2928116.786 0.027
2938101.750 0.027
2948089.513 0.027
2958080.008 0.027
2968073.166 0.026
2978068.921 0.026
2988067.209 0.026
2998067.963 0.026
3008071.120 0.026
3018076.616 0.026
3028084.389 0.025
3038094.376 0.025
3048106.515 0.025
3058120.747 0.025
3068137.010 0.025
3078155.246 0.025
3088175.395 0.024
3098197.399 0.024
3108221.201 0.024
3118246.743 0.024
3128273.969 0.024
3138302.823 0.024
3148333.250 0.023
3158365.196 0.023
3168398.605 0.023
3178433.425 0.023
3188469.601 0.023
3198507.083 0.023
3208545.817 0.023
3218585.753 0.022
3228626.839 0.022
3238669.024 0.022
3248712.259 0.022
3258756.495 0.022
3268801.682 0.022
3278847.771 0.022
3288894.715 0.022
3298942.466 0.021
3308990.977 0.021
3319040.201 0.021
3329090.092 0.021
3339140.603 0.021
3349191.691 0.021
3359243.308 0.021
3369295.412 0.021
3379347.958 0.020
3389400.901 0.020
3399454.200 0.020
3409507.809 0.020
3419561.688 0.020
3429615.794 0.020
3439670.085 0.020
3449724.520 0.020
3459779.056 0.019
3469833.655 0.019
3479888.275 0.019
3489942.876 0.019
3499997.419 0.019
3510051.864 0.019
3520106.172 0.019
3530160.305 0.019
3540214.224 0.019
3550267.891 0.019
3560321.268 0.018
3570374.319 0.018
3580427.005 0.018
3590479.291 0.018
3600531.139 0.018
3610582.514 0.018
3620633.379 0.018
3630683.699 0.018
3640733.438 0.018
3650782.563 0.018
3660831.037 0.017
3670878.826 0.017
3680925.896 0.017
3690972.213 0.017
3701017.744 0.017
3711062.455 0.017
3721106.312 0.017
3731149.283 0.017
3741191.335 0.017
3751232.436 0.017
3761272.554 0.017
3771311.656 0.016
3781349.711 0.016
3791386.687 0.016
3801422.553 0.016
3811457.279 0.016
3821490.832 0.016
3831523.184 0.016
3841554.302 0.016
3851584.158 0.016
3861612.721 0.016
3871639.962 0.016
3881665.850 0.016
3891690.357 0.015
3901713.454 0.015
3911735.111 0.015
3921755.301 0.015
3931773.994 0.015
3941791.162 0.015
3951806.777 0.015
3961820.811 0.015
3971833.236 0.015
3981844.025 0.015
3991853.150 0.015
4001860.585 0.015
4011866.301 0.015
4021870.273 0.014
4031872.473 0.014
4041872.875 0.014
4051871.453 0.014
4061868.181 0.014
4071863.031 0.014
4081855.980 0.014
4091847.000 0.014
4101836.067 0.014
4111823.154 0.014
4121808.237 0.014
4131791.291 0.014
4141772.291 0.014
4151751.212 0.014
4161728.028 0.013
4171702.717 0.013
4181675.253 0.013
4191645.613 0.013
4201613.772 0.013
4211579.706 0.013
4221543.391 0.013
4231504.805 0.013
4241463.923 0.013
4251420.722 0.013
4261375.179 0.013
4271327.270 0.013
4281276.973 0.013
4291224.265 0.013
4301169.123 0.013
4311111.524 0.013
4321051.446 0.013
4330988.867 0.012
4340923.765 0.012
4350856.116 0.012
4360785.900 0.012
4370713.094 0.012
4380637.676 0.012
4390559.626 0.012
4400478.921 0.012
4410395.539 0.012
4420309.460 0.012
4430220.663 0.012
4440129.125 0.012
4450034.827 0.012
4459937.747 0.012
4469837.865 0.012
4479735.159 0.012
4489629.609 0.012
4499521.195 0.012
4509409.897 0.012
4519295.693 0.011
4529178.564 0.011
4539058.489 0.011
4548935.449 0.011
4558809.424 0.011
4568680.394 0.011
4578548.339 0.011
4588413.239 0.011
4598275.075 0.011
4608133.828 0.011
4617989.478 0.011
4627842.005 0.011
4637691.392 0.011
4647537.617 0.011
4657380.663 0.011
4667220.511 0.011
4677057.141 0.011
4686890.535 0.011
4696720.675 0.011
4706547.540 0.011
4716371.114 0.011
4726191.377 0.010
4736008.312 0.010
4745821.899 0.010
4755632.121 0.010
4765438.960 0.010
4775242.396 0.010
4785042.413 0.010
4794838.993 0.010
4804632.117 0.010
4814421.768 0.010
4824207.928 0.010
4833990.580 0.010
4843769.706 0.010
4853545.287 0.010
4863317.308 0.010
4873085.751 0.010
4882850.597 0.010
4892611.831 0.010
4902369.435 0.010
4912123.391 0.010
4921873.683 0.010
4931620.294 0.010
4941363.207 0.010
4951102.405 0.010
4960837.871 0.010
4970569.588 0.009
4980297.541 0.009
4990021.712 0.009
4999742.084 0.009
5009458.642 0.009
5019171.369 0.009
5028880.248 0.009
5038585.263 0.009
5048286.398 0.009
5057983.637 0.009
5067676.964 0.009
5077366.362 0.009
5087051.815 0.009
5096733.309 0.009
5106410.825 0.009
5116084.350 0.009
5125753.867 0.009
5135419.360 0.009
5145080.813 0.009
5154738.211 0.009
5164391.539 0.009
5174040.780 0.009
5183685.920 0.009
5193326.942 0.009
5202963.832 0.009
5212596.574 0.009
5222225.153 0.009
5231849.553 0.009
5241469.760 0.009
5251085.758 0.009
5260697.532 0.008
5270305.067 0.008
5279908.348 0.008
5289507.360 0.008
5299102.089 0.008
5308692.519 0.008
5318278.635 0.008
5327860.423 0.008
390346.419 0.777
378151.315 0.797
365955.834 0.817
353759.990 0.837
341563.793 0.856
329367.256 0.875
317170.392 0.893
304973.211 0.910
292775.727 0.926
280577.952 0.941
268379.898 0.954
256181.576 0.965
243983.000 0.974
231784.180 0.982
219585.130 0.988
207385.861 0.993
195186.386 0.996
182986.717 0.998
170786.866 0.999
158586.844 1.000
146386.665 1.000
134186.340 1.000
121985.881 1.000
109785.302 1.000
97584.612 1.000
85383.826 1.000
73182.955 1.000
60982.010 1.000
48781.006 1.000
36579.952 1.000
24378.862 1.000
12177.748 1.000
23.378 1.000
12224.504 1.000
24425.618 1.000
36626.708 1.000
48827.761 1.000
61028.766 1.000
73229.710 1.000
85430.581 1.000
97631.367 1.000
109832.055 1.000
122032.635 1.000
134233.093 1.000
146433.417 1.000
158633.596 1.000
170833.617 0.999
183033.468 0.998
195233.136 0.996
207432.610 0.993
219631.878 0.988
231830.927 0.982
244029.746 0.974
256228.321 0.965
268426.642 0.953
280624.695 0.940
292822.469 0.926
305019.952 0.910
317217.131 0.893
329413.994 0.875
341610.530 0.856
353806.725 0.837
366002.568 0.817
378198.047 0.797
390393.150 0.777
402587.864 0.756
414782.177 0.736
426976.077 0.716
439169.553 0.696
451362.591 0.677
463555.180 0.658
475747.308 0.639
487938.962 0.621
500130.130 0.603
512320.801 0.586
524510.961 0.569
536700.600 0.553
548889.704 0.537
561078.263 0.521
573266.262 0.507
585453.691 0.492
597640.538 0.478
609826.789 0.465
622012.434 0.452
634197.459 0.439
646381.853 0.427
658565.604 0.416
670748.699 0.404
682931.127 0.393
695112.874 0.383
707293.930 0.373
719474.282 0.363
731653.918 0.353
743832.826 0.344
756010.993 0.335
768188.408 0.327
780365.058 0.319
792540.931 0.311
804716.016 0.303
816890.300 0.296
829063.770 0.288
841236.415 0.281
853408.223 0.275
865579.182 0.268
877749.279 0.262
889918.502 0.256
902086.839 0.250
914254.279 0.244
926420.809 0.239
938586.416 0.233
950751.089 0.228
962914.816 0.223
975077.584 0.218
987239.382 0.214
999400.198 0.209
1011560.018 0.205
1023718.832 0.200
1035876.626 0.196
1048033.390 0.192
1060189.110 0.188
1072343.775 0.184
1084497.373 0.181
1096649.891 0.177
1108801.318 0.174
1120951.641 0.170
1133100.848 0.167
1145248.928 0.164
1157395.867 0.161
1169541.654 0.158
1181686.278 0.155
1193829.725 0.152
1205971.984 0.149
1218113.042 0.146
1230252.888 0.144
1242391.509 0.141
1254528.894 0.139
1266665.030 0.136
1278799.905 0.134
1290933.507 0.131
1303065.825 0.129
1315196.845 0.127
1327326.556 0.125
1339454.946 0.123
1351582.003 0.121
1363707.714 0.119
1375832.068 0.117
1387955.052 0.115
1400076.655 0.113
1412196.865 0.111
1424315.668 0.109
1436433.054 0.108
1448549.010 0.106
1460663.525 0.104
1472776.585 0.103
1484888.179 0.101
1496998.296 0.100
1509106.922 0.098
1521214.046 0.097
1533319.656 0.095
1545423.739 0.094
1557526.285 0.092
1569627.280 0.091
1581726.712 0.090
1593824.570 0.088
1605920.842 0.087
1618015.515 0.086
1630108.578 0.085
1642200.018 0.083
1654289.823 0.082
1666377.982 0.081
1678464.482 0.080
1690549.311 0.079
1702632.457 0.078
1714713.909 0.077
1726793.654 0.076
1738871.680 0.075
1750947.975 0.074
1763022.527 0.073
1775095.325 0.072
1787166.355 0.071
1799235.606 0.070
1811303.067 0.069
1823368.724 0.068
1835432.567 0.067
1847494.582 0.067
1859554.759 0.066
1871613.084 0.065
1883669.547 0.064
1895724.134 0.063
1907776.835 0.063
1919827.636 0.062
1931876.527 0.061
1943923.494 0.060
1955968.526 0.060
1968011.612 0.059
1980052.738 0.058
1992091.894 0.058
2004129.066 0.057
2016164.244 0.056
2028197.415 0.056
2040228.566 0.055
2052257.687 0.054
2064284.765 0.054
2076309.789 0.053
2088332.745 0.053
2100353.623 0.052
2112372.410 0.051
2124389.094 0.051
2136403.663 0.050
2148416.106 0.050
2160426.411 0.049
2172434.565 0.049
2184440.556 0.048
2196444.373 0.048
2208446.004 0.047
2220445.436 0.047
2232442.658 0.046
2244437.657 0.046
2256430.423 0.045
2268420.942 0.045
2280409.204 0.044
2292395.195 0.044
2304378.905 0.043
2316360.320 0.043
2328339.430 0.042
2340316.222 0.042
2352290.685 0.042
2364262.806 0.041
2376232.573 0.041
2388199.976 0.040
2400165.000 0.040
2412127.636 0.040
2424087.871 0.039
2436045.692 0.039
2448001.089 0.039
2459954.049 0.038
2471904.560 0.038
2483852.610 0.037
2495798.188 0.037
2507741.282 0.037
2519681.879 0.036
2531619.968 0.036
2543555.537 0.036
2555488.574 0.035
2567419.067 0.035
2579347.004 0.035
2591272.374 0.034
2603195.165 0.034
2615115.364 0.034
2627032.959 0.034
2638947.940 0.033
2650860.294 0.033
2662770.009 0.033
2674677.074 0.032
2686581.475 0.032
2698483.203 0.032
2710382.244 0.032
2722278.588 0.031
2734172.221 0.031
2746063.133 0.031
2757951.311 0.030
2769836.744 0.030
2781719.419 0.030
2793599.326 0.030
2805476.451 0.029
2817350.784 0.029
2829222.312 0.029
2841091.024 0.029
2852956.908 0.028
2864819.951 0.028
2876680.143 0.028
2888537.472 0.028
2900391.925 0.028
2912243.490 0.027
2924092.157 0.027
2935937.913 0.027
2947780.746 0.027
2959620.645 0.027
2971457.597 0.026
2983291.592 0.026
2995122.617 0.026
3006950.660 0.026
3018775.710 0.025
3030597.755 0.025
3042416.783 0.025
3054232.783 0.025
3066045.742 0.025
3077855.649 0.025
3089662.492 0.024
3101466.260 0.024
3113266.939 0.024
3125064.520 0.024
3136858.990 0.024
3148650.337 0.023
3160438.550 0.023
3172223.617 0.023
3184005.526 0.023
3195784.265 0.023
3207559.823 0.023
3219332.188 0.022
3231101.348 0.022
3242867.292 0.022
3254630.008 0.022
3266389.483 0.022
3278145.707 0.022
3289898.668 0.022
3301648.353 0.021
3313394.752 0.021
3325137.853 0.021
3336877.643 0.021
3348614.112 0.021
3360347.247 0.021
3372077.037 0.020
3383803.470 0.020
3395526.534 0.020
3407246.219 0.020
3418962.511 0.020
3430675.400 0.020
3442384.874 0.020
3454090.921 0.020
3465793.530 0.019
3477492.688 0.019
3489188.384 0.019
3500880.607 0.019
3512569.345 0.019
3524254.587 0.019
3535936.319 0.019
3547614.532 0.019
3559289.214 0.018
3570960.352 0.018
3582627.935 0.018
3594291.951 0.018
3605952.390 0.018
3617609.239 0.018
3629262.486 0.018
3640912.121 0.018
3652558.131 0.017
3664200.505 0.017
3675839.232 0.017
3687474.299 0.017
3699105.695 0.017
3710733.408 0.017
3722357.428 0.017
3733977.742 0.017
3745594.339 0.017
3757207.207 0.017
3768816.335 0.016
3780421.711 0.016
3792023.323 0.016
3803621.161 0.016
3815215.212 0.016
3826805.465 0.016
3838391.908 0.016
3849974.531 0.016
3861553.320 0.016
3873128.265 0.016
3884699.355 0.015
3896266.577 0.015
3907829.921 0.015
3919389.374 0.015
3930944.926 0.015
3942496.564 0.015
3954044.277 0.015
3965588.055 0.015
20.055 2107930.645 0.066090431
20.123 2104487.237 0.066157738
20.190 2101057.811 0.066225452
20.258 2097642.440 0.066293565
20.325 2094241.195 0.066362069
20.392 2090854.148 0.066430956
20.459 2087481.370 0.066500219
20.526 2084122.932 0.066569850
20.593 2080778.907 0.066639840
20.659 2077449.368 0.066710182
20.726 2074134.385 0.066780867
20.793 2070834.032 0.066851888
20.859 2067548.381 0.066923237
20.925 2064277.505 0.066994905
20.992 2061021.476 0.067066883
21.058 2057780.367 0.067139165
21.124 2054554.252 0.067211740
21.190 2051343.203 0.067284602
21.255 2048147.294 0.067357742
21.321 2044966.598 0.067431150
21.387 2041801.189 0.067504819
21.452 2038651.139 0.067578740
21.517 2035516.523 0.067652905
21.582 2032397.414 0.067727304
21.647 2029293.886 0.067801930
21.712 2026206.013 0.067876772
21.777 2023133.869 0.067951823
21.841 2020077.528 0.068027073
21.906 2017037.064 0.068102514
21.970 2014012.551 0.068178137
22.034 2011004.062 0.068253932
22.098 2008011.673 0.068329891
22.161 2005035.458 0.068406004
22.225 2002075.490 0.068482262
22.288 1999131.845 0.068558657
22.351 1996204.596 0.068635178
22.414 1993293.817 0.068711816
22.477 1990399.584 0.068788563
22.540 1987521.970 0.068865408
22.602 1984661.049 0.068942342
22.664 1981816.897 0.069019355
22.726 1978989.587 0.069096439
22.788 1976179.194 0.069173583
22.850 1973385.791 0.069250778
22.911 1970609.453 0.069328014
22.972 1967850.255 0.069405281
23.033 1965108.270 0.069482570
23.094 1962383.572 0.069559870
23.155 1959676.236 0.069637172
23.215 1956986.335 0.069714466
23.275 1954313.943 0.069791742
23.335 1951659.133 0.069868990
23.394 1949021.981 0.069946200
23.454 1946402.559 0.070023361
23.513 1943800.940 0.070100464
23.571 1941217.198 0.070177498
23.630 1938651.406 0.070254454
23.688 1936103.638 0.070331321
23.746 1933573.965 0.070408089
23.804 1931062.462 0.070484747
23.861 1928569.200 0.070561285
23.919 1926094.253 0.070637693
23.976 1923637.692 0.070713960
24.032 1921199.590 0.070790077
24.088 1918780.018 0.070866031
24.145 1916379.049 0.070941815
24.200 1913996.754 0.071017415
24.256 1911633.204 0.071092823
24.311 1909288.471 0.071168027
24.366 1906962.625 0.071243017
24.420 1904655.737 0.071317783
24.474 1902367.878 0.071392314
24.528 1900099.118 0.071466598
24.582 1897849.526 0.071540627
24.635 1895619.173 0.071614388
24.688 1893408.128 0.071687872
24.740 1891216.459 0.071761068
24.792 1889044.236 0.071833964
24.844 1886891.527 0.071906551
24.896 1884758.401 0.071978818
24.947 1882644.925 0.072050754
24.997 1880551.167 0.072122349
25.048 1878477.194 0.072193591
25.098 1876423.072 0.072264471
25.147 1874388.869 0.072334977
25.197 1872374.651 0.072405100
25.246 1870380.483 0.072474827
25.294 1868406.431 0.072544150
25.342 1866452.559 0.072613056
25.390 1864518.932 0.072681537
25.437 1862605.615 0.072749580
25.484 1860712.671 0.072817176
25.530 1858840.164 0.072884314
25.576 1856988.156 0.072950984
25.622 1855156.710 0.073017175
25.667 1853345.887 0.073082877
25.712 1851555.750 0.073148080
25.756 1849786.359 0.073212773
25.800 1848037.775 0.073276945
25.844 1846310.059 0.073340587
25.887 1844603.268 0.073403689
25.929 1842917.463 0.073466240
25.971 1841252.703 0.073528230
26.013 1839609.044 0.073589650
26.054 1837986.545 0.073650489
26.095 1836385.263 0.073710737
26.135 1834805.253 0.073770384
26.175 1833246.572 0.073829421
26.215 1831709.274 0.073887838
26.253 1830193.416 0.073945625
26.292 1828699.049 0.074002773
26.330 1827226.229 0.074059271
26.367 1825775.007 0.074115112
26.404 1824345.436 0.074170284
26.440 1822937.568 0.074224780
26.476 1821551.454 0.074278589
26.512 1820187.143 0.074331703
26.547 1818844.685 0.074384112
26.581 1817524.130 0.074435808
26.615 1816225.526 0.074486782
26.648 1814948.920 0.074537025
26.681 1813694.359 0.074586528
26.713 1812461.890 0.074635283
26.745 1811251.558 0.074683281
26.776 1810063.408 0.074730515
26.807 1808897.484 0.074776975
26.837 1807753.829 0.074822654
26.867 1806632.487 0.074867543
26.896 1805533.498 0.074911635
26.924 1804456.905 0.074954923
26.952 1803402.748 0.074997397
26.980 1802371.066 0.075039051
27.006 1801361.898 0.075079878
27.033 1800375.282 0.075119870
27.058 1799411.257 0.075159020
27.083 1798469.857 0.075197321
27.108 1797551.119 0.075234766
27.132 1796655.078 0.075271349
27.155 1795781.768 0.075307062
27.178 1794931.222 0.075341899
27.200 1794103.473 0.075375855
27.222 1793298.552 0.075408922
27.243 1792516.490 0.075441096
27.264 1791757.318 0.075472369
27.284 1791021.064 0.075502737
27.303 1790307.756 0.075532193
27.322 1789617.422 0.075560733
27.340 1788950.089 0.075588351
27.357 1788305.782 0.075615041
27.374 1787684.525 0.075640800
27.390 1787086.344 0.075665623
27.406 1786511.261 0.075689504
27.421 1785959.297 0.075712439
27.436 1785430.475 0.075734424
27.449 1784924.815 0.075755456
27.463 1784442.336 0.075775529
27.475 1783983.056 0.075794641
27.487 1783546.994 0.075812788
27.499 1783134.166 0.075829965
27.509 1782744.589 0.075846171
27.520 1782378.276 0.075861402
27.529 1782035.241 0.075875656
27.538 1781715.499 0.075888929
27.546 1781419.061 0.075901218
27.554 1781145.938 0.075912523
27.561 1780896.141 0.075922840
27.567 1780669.679 0.075932168
27.573 1780466.560 0.075940505
27.578 1780286.793 0.075947848
27.583 1780130.382 0.075954198
27.587 1779997.335 0.075959552
27.590 1779887.655 0.075963910
27.593 1779801.347 0.075967271
27.595 1779738.413 0.075969633
27.596 1779698.855 0.075970997
27.597 1779682.674 0.075971363
27.597 1779689.871 0.075970729
27.596 1779720.443 0.075969097
27.595 1779774.389 0.075966467
27.594 1779851.706 0.075962838
27.591 1779952.391 0.075958212
27.588 1780076.438 0.075952589
27.584 1780223.843 0.075945971
27.580 1780394.598 0.075938359
27.575 1780588.695 0.075929753
27.570 1780806.127 0.075920156
27.563 1781046.884 0.075909570
27.557 1781310.955 0.075897995
27.549 1781598.329 0.075885435
27.541 1781908.994 0.075871892
27.533 1782242.937 0.075857368
27.523 1782600.144 0.075841866
27.513 1782980.600 0.075825388
27.503 1783384.288 0.075807938
27.492 1783811.193 0.075789519
27.480 1784261.295 0.075770135
27.467 1784734.577 0.075749787
27.454 1785231.020 0.075728482
27.441 1785750.602 0.075706222
27.427 1786293.302 0.075683011
27.412 1786859.098 0.075658854
27.396 1787447.967 0.075633755
27.380 1788059.885 0.075607718
27.364 1788694.826 0.075580749
27.346 1789352.766 0.075552852
27.329 1790033.678 0.075524033
27.310 1790737.533 0.075494296
27.291 1791464.304 0.075463646
27.271 1792213.961 0.075432090
27.251 1792986.475 0.075399634
27.230 1793781.814 0.075366282
27.209 1794599.947 0.075332040
27.187 1795440.841 0.075296916
27.164 1796304.462 0.075260915
27.141 1797190.777 0.075224044
27.118 1798099.750 0.075186309
27.093 1799031.346 0.075147717
27.068 1799985.527 0.075108275
27.043 1800962.257 0.075067989
27.017 1801961.497 0.075026867
26.990 1802983.208 0.074984917
26.963 1804027.350 0.074942144
26.936 1805093.884 0.074898558
26.907 1806182.766 0.074854165
26.879 1807293.956 0.074808973
26.849 1808427.411 0.074762991
26.820 1809583.086 0.074716225
26.789 1810760.938 0.074668685
26.758 1811960.922 0.074620378
26.727 1813182.992 0.074571313
26.695 1814427.102 0.074521497
26.662 1815693.204 0.074470940
26.629 1816981.251 0.074419651
26.596 1818291.193 0.074367637
26.562 1819622.983 0.074314908
26.527 1820976.570 0.074261472
26.492 1822351.904 0.074207339
26.456 1823748.933 0.074152518
26.420 1825167.606 0.074097017
26.384 1826607.871 0.074040847
26.347 1828069.674 0.073984016
26.309 1829552.961 0.073926533
26.271 1831057.680 0.073868409
26.232 1832583.773 0.073809652
26.193 1834131.188 0.073750273
26.154 1835699.866 0.073690282
26.114 1837289.752 0.073629686
26.073 1838900.788 0.073568498
26.033 1840532.918 0.073506726
25.991 1842186.082 0.073444381
25.949 1843860.222 0.073381472
25.907 1845555.279 0.073318009
25.865 1847271.192 0.073254003
25.821 1849007.902 0.073189464
25.778 1850765.348 0.073124402
25.734 1852543.468 0.073058827
25.689 1854342.201 0.072992749
25.645 1856161.485 0.072926178
25.599 1858001.256 0.072859126
25.554 1859861.451 0.072791602
25.508 1861742.008 0.072723617
25.461 1863642.862 0.072655181
25.414 1865563.949 0.072586305
25.367 1867505.203 0.072516998
25.319 1869466.560 0.072447272
25.271 1871447.953 0.072377138
25.223 1873449.318 0.072306605
25.174 1875470.587 0.072235684
25.124 1877511.693 0.072164385
25.075 1879572.570 0.072092720
25.025 1881653.150 0.072020699
24.975 1883753.364 0.071948332
24.924 1885873.146 0.071875630
24.873 1888012.427 0.071802603
24.821 1890171.137 0.071729263
24.770 1892349.207 0.071655619
24.717 1894546.569 0.071581682
24.665 1896763.152 0.071507464
24.612 1898998.887 0.071432973
24.559 1901253.702 0.071358222
24.506 1903527.529 0.071283220
24.452 1905820.295 0.071207978
24.398 1908131.930 0.071132506
24.343 1910462.363 0.071056815
24.289 1912811.522 0.070980916
24.234 1915179.336 0.070904819
24.178 1917565.732 0.070828533
24.123 1919970.639 0.070752071
24.067 1922393.984 0.070675442
24.011 1924835.695 0.070598656
23.954 1927295.698 0.070521724
23.897 1929773.922 0.070444656
23.840 1932270.293 0.070367462
23.783 1934784.738 0.070290153
23.726 1937317.184 0.070212739
23.668 1939867.557 0.070135229
23.610 1942435.783 0.070057635
23.551 1945021.790 0.069979966
23.493 1947625.503 0.069902233
23.434 1950246.848 0.069824444
23.375 1952885.751 0.069746611
23.315 1955542.139 0.069668743
23.256 1958215.936 0.069590851
23.196 1960907.069 0.069512943
23.136 1963615.464 0.069435031
23.076 1966341.045 0.069357123
23.015 1969083.739 0.069279229
22.954 1971843.470 0.069201360
22.894 1974620.165 0.069123524
22.832 1977413.748 0.069045731
22.771 1980224.145 0.068967992
22.709 1983051.282 0.068890315
22.648 1985895.084 0.068812710
22.586 1988755.475 0.068735186
22.524 1991632.381 0.068657752
22.461 1994525.729 0.068580419
22.399 1997435.441 0.068503195
22.336 2000361.446 0.068426090
22.273 2003303.666 0.068349112
22.210 2006262.029 0.068272271
22.147 2009236.458 0.068195575
22.084 2012226.881 0.068119035
22.020 2015233.221 0.068042658
21.956 2018255.405 0.067966454
21.893 2021293.359 0.067890432
21.829 2024347.007 0.067814600
21.764 2027416.276 0.067738967
21.700 2030501.091 0.067663542
21.636 2033601.378 0.067588333
21.571 2036717.063 0.067513350
21.506 2039848.072 0.067438600
21.441 2042994.332 0.067364092
21.376 2046155.767 0.067289835
21.311 2049332.306 0.067215837
21.246 2052523.873 0.067142106
21.181 2055730.396 0.067068651
21.115 2058951.801 0.066995480
21.050 2062188.014 0.066922600
20.984 2065438.964 0.066850021
20.918 2068704.576 0.066777751
20.852 2071984.778 0.066705796
20.786 2075279.496 0.066634166
20.720 2078588.659 0.066562868
20.654 2081912.194 0.066491911
20.587 2085250.029 0.066421301
20.521 2088602.090 0.066351048
20.454 2091968.307 0.066281158
20.388 2095348.608 0.066211639
20.321 2098742.920 0.066142499
20.254 2102151.172 0.066073746
20.187 2105573.294 0.066005387
20.120 2109009.212 0.065937429
20.053 2112458.857 0.065869881
