20.026 2119028.957 0.065589184
20.112 2114637.951 0.065673696
20.197 2110262.160 0.065759005
20.282 2105901.684 0.065845103
20.368 2101556.623 0.065931979
20.453 2097227.078 0.066019624
20.539 2092913.150 0.066108030
20.624 2088614.940 0.066197185
20.709 2084332.551 0.066287082
20.795 2080066.085 0.066377709
20.880 2075815.644 0.066469058
20.966 2071581.333 0.066561118
21.051 2067363.255 0.066653880
21.136 2063161.514 0.066747333
21.222 2058976.214 0.066841468
21.307 2054807.462 0.066936274
21.392 2050655.362 0.067031740
21.477 2046520.021 0.067127857
21.563 2042401.545 0.067224614
21.648 2038300.040 0.067322000
21.733 2034215.614 0.067420005
21.818 2030148.374 0.067518618
21.903 2026098.429 0.067617827
21.988 2022065.886 0.067717622
22.073 2018050.856 0.067817992
22.158 2014053.445 0.067918925
22.243 2010073.766 0.068020410
22.327 2006111.926 0.068122435
22.412 2002168.037 0.068224990
22.497 1998242.209 0.068328061
22.581 1994334.553 0.068431637
22.665 1990445.180 0.068535707
22.750 1986574.203 0.068640258
22.834 1982721.733 0.068745277
22.918 1978887.882 0.068850753
23.002 1975072.763 0.068956673
23.086 1971276.490 0.069063025
23.170 1967499.175 0.069169795
23.253 1963740.931 0.069276971
23.337 1960001.874 0.069384539
23.420 1956282.116 0.069492487
23.503 1952581.773 0.069600802
23.586 1948900.959 0.069709469
23.669 1945239.789 0.069818476
23.752 1941598.377 0.069927809
23.835 1937976.840 0.070037453
23.917 1934375.293 0.070147395
24.000 1930793.852 0.070257621
24.082 1927232.633 0.070368117
24.164 1923691.752 0.070478868
24.245 1920171.325 0.070589860
24.327 1916671.470 0.070701078
24.408 1913192.302 0.070812507
24.490 1909733.939 0.070924133
24.571 1906296.498 0.071035940
24.651 1902880.095 0.071147913
24.732 1899484.849 0.071260037
24.812 1896110.876 0.071372297
24.892 1892758.294 0.071484677
24.972 1889427.221 0.071597161
25.052 1886117.774 0.071709733
25.131 1882830.070 0.071822378
25.210 1879564.228 0.071935079
25.289 1876320.365 0.072047820
25.367 1873098.600 0.072160585
25.446 1869899.048 0.072273357
25.524 1866721.830 0.072386119
25.601 1863567.061 0.072498856
25.679 1860434.860 0.072611549
25.756 1857325.345 0.072724182
25.832 1854238.632 0.072836739
25.909 1851174.840 0.072949201
25.985 1848134.085 0.073061551
26.061 1845116.485 0.073173772
26.136 1842122.157 0.073285847
26.211 1839151.218 0.073397757
26.286 1836203.785 0.073509486
26.360 1833279.973 0.073621014
26.434 1830379.901 0.073732325
26.508 1827503.683 0.073843400
26.581 1824651.436 0.073954220
26.654 1821823.275 0.074064769
26.727 1819019.316 0.074175026
26.799 1816239.673 0.074284975
26.870 1813484.463 0.074394596
26.942 1810753.799 0.074503871
27.012 1808047.795 0.074612781
27.083 1805366.566 0.074721308
27.153 1802710.224 0.074829432
27.222 1800078.883 0.074937135
27.291 1797472.655 0.075044399
27.360 1794891.653 0.075151203
27.428 1792335.988 0.075257529
27.495 1789805.772 0.075363359
27.562 1787301.115 0.075468672
27.629 1784822.128 0.075573451
27.695 1782368.921 0.075677675
27.761 1779941.603 0.075781325
27.826 1777540.282 0.075884383
27.890 1775165.066 0.075986829
27.954 1772816.063 0.076088644
28.018 1770493.381 0.076189808
28.080 1768197.124 0.076290304
28.143 1765927.399 0.076390110
28.205 1763684.310 0.076489209
28.266 1761467.963 0.076587580
28.326 1759278.459 0.076685206
28.386 1757115.902 0.076782066
28.446 1754980.393 0.076878141
28.504 1752872.035 0.076973414
28.563 1750790.926 0.077067863
28.620 1748737.167 0.077161472
28.677 1746710.857 0.077254220
28.733 1744712.093 0.077346090
28.789 1742740.971 0.077437061
28.844 1740797.589 0.077527116
28.898 1738882.040 0.077616237
28.952 1736994.420 0.077704403
29.005 1735134.821 0.077791599
29.057 1733303.336 0.077877804
29.109 1731500.055 0.077963001
29.160 1729725.069 0.078047171
29.210 1727978.466 0.078130298
29.259 1726260.335 0.078212363
29.308 1724570.763 0.078293348
29.356 1722909.836 0.078373237
29.403 1721277.637 0.078452011
29.450 1719674.251 0.078529654
29.496 1718099.760 0.078606148
29.541 1716554.245 0.078681478
29.585 1715037.785 0.078755625
29.629 1713550.461 0.078828575
29.671 1712092.349 0.078900310
29.713 1710663.525 0.078970814
29.754 1709264.064 0.079040072
29.795 1707894.041 0.079108069
29.834 1706553.526 0.079174788
29.873 1705242.592 0.079240214
29.911 1703961.307 0.079304334
29.948 1702709.740 0.079367131
29.984 1701487.959 0.079428592
30.020 1700296.027 0.079488703
30.054 1699134.010 0.079547449
30.088 1698001.970 0.079604817
30.121 1696899.968 0.079660793
30.153 1695828.063 0.079715365
30.184 1694786.314 0.079768520
30.214 1693774.778 0.079820246
30.244 1692793.509 0.079870529
30.272 1691842.562 0.079919359
30.300 1690921.988 0.079966723
30.327 1690031.838 0.080012611
30.353 1689172.161 0.080057011
30.378 1688343.004 0.080099914
30.402 1687544.413 0.080141308
30.425 1686776.432 0.080181184
30.447 1686039.104 0.080219532
30.468 1685332.469 0.080256343
30.489 1684656.568 0.080291608
30.508 1684011.437 0.080325319
30.527 1683397.112 0.080357468
30.545 1682813.628 0.080388046
30.561 1682261.017 0.080417046
30.577 1681739.311 0.080444461
30.592 1681248.538 0.080470286
30.606 1680788.726 0.080494512
30.619 1680359.900 0.080517135
30.631 1679962.086 0.080538148
30.642 1679595.304 0.080557548
30.652 1679259.576 0.080575328
30.662 1678954.921 0.080591485
30.670 1678681.356 0.080606015
30.677 1678438.895 0.080618914
30.683 1678227.553 0.080630179
30.689 1678047.342 0.080639807
30.693 1677898.271 0.080647796
30.697 1677780.349 0.080654144
30.699 1677693.582 0.080658850
30.701 1677637.976 0.080661912
30.702 1677613.532 0.080663329
30.701 1677620.253 0.080663102
30.700 1677658.138 0.080661230
30.698 1677727.185 0.080657715
30.694 1677827.389 0.080652556
30.690 1677958.745 0.080645755
30.685 1678121.244 0.080637314
30.679 1678314.879 0.080627235
30.672 1678539.637 0.080615521
30.664 1678795.505 0.080602174
30.655 1679082.469 0.080587198
30.645 1679400.513 0.080570597
30.634 1679749.618 0.080552374
30.623 1680129.765 0.080532535
30.610 1680540.931 0.080511083
30.596 1680983.093 0.080488026
30.582 1681456.227 0.080463367
30.566 1681960.306 0.080437114
30.550 1682495.300 0.080409272
30.532 1683061.179 0.080379849
30.514 1683657.913 0.080348852
30.494 1684285.467 0.080316288
30.474 1684943.805 0.080282166
30.453 1685632.891 0.080246493
30.431 1686352.686 0.080209279
30.408 1687103.151 0.080170532
30.384 1687884.242 0.080130262
30.360 1688695.917 0.080088478
30.334 1689538.130 0.080045191
30.308 1690410.834 0.080000411
30.280 1691313.982 0.079954149
30.252 1692247.523 0.079906416
30.223 1693211.406 0.079857223
30.193 1694205.577 0.079806582
30.162 1695229.983 0.079754506
30.130 1696284.567 0.079701005
30.097 1697369.271 0.079646093
30.064 1698484.037 0.079589783
30.029 1699628.804 0.079532089
29.994 1700803.509 0.079473022
29.958 1702008.090 0.079412598
29.921 1703242.482 0.079350831
29.884 1704506.617 0.079287734
29.845 1705800.429 0.079223321
29.806 1707123.848 0.079157609
29.766 1708476.804 0.079090612
29.725 1709859.225 0.079022345
29.683 1711271.038 0.078952824
29.640 1712712.169 0.078882064
29.597 1714182.541 0.078810081
29.553 1715682.078 0.078736891
29.508 1717210.702 0.078662512
29.463 1718768.333 0.078586958
29.416 1720354.890 0.078510248
29.369 1721970.291 0.078432397
1032969.020 0.197
1037685.718 0.196
1042566.542 0.194
1047609.177 0.192
1052811.279 0.191
1058170.476 0.189
1063684.371 0.187
1069350.550 0.185
1075166.584 0.184
1081130.029 0.182
1087238.439 0.180
1093489.358 0.178
1099880.332 0.176
1106408.910 0.174
1113072.644 0.172
1119869.096 0.171
1126795.836 0.169
1133850.451 0.167
1141030.539 0.165
1148333.720 0.163
1155757.631 0.161
1163299.931 0.159
1170958.303 0.157
1178730.455 0.155
1186614.120 0.154
1194607.059 0.152
1202707.062 0.150
1210911.949 0.148
1219219.570 0.146
1227627.807 0.144
1236134.573 0.142
1244737.815 0.141
1253435.512 0.139
1262225.677 0.137
1271106.358 0.135
1280075.636 0.133
1289131.625 0.132
1298272.477 0.130
1307496.374 0.128
1316801.536 0.127
1326186.215 0.125
1335648.699 0.123
1345187.308 0.122
1354800.396 0.120
1364486.352 0.119
1374243.597 0.117
1384070.584 0.115
1393965.801 0.114
1403927.765 0.112
1413955.026 0.111
1424046.165 0.109
1434199.796 0.108
1444414.558 0.106
1454689.126 0.105
1465022.199 0.104
1475412.508 0.102
1485858.812 0.101
1496359.896 0.100
1506914.574 0.098
1517521.686 0.097
1528180.098 0.096
1538888.703 0.094
1549646.418 0.093
1560452.185 0.092
1571304.970 0.091
1582203.763 0.090
1593147.576 0.088
1604135.445 0.087
1615166.428 0.086
1626239.603 0.085
1637354.072 0.084
1648508.955 0.083
1659703.394 0.082
1670936.549 0.081
1682207.600 0.080
1693515.747 0.079
1704860.206 0.078
1716240.213 0.077
1727655.021 0.076
1739103.900 0.075
1750586.135 0.074
1762101.030 0.073
1773647.903 0.072
1785226.088 0.071
1796834.935 0.070
1808473.806 0.069
1820142.080 0.069
1831839.150 0.068
1843564.421 0.067
1855317.312 0.066
1867097.255 0.065
1878903.696 0.064
1890736.090 0.064
1902593.908 0.063
1914476.630 0.062
1926383.748 0.061
1938314.766 0.061
1950269.199 0.060
1962246.570 0.059
1974246.416 0.059
1986268.282 0.058
1998311.723 0.057
2010376.303 0.057
2022461.598 0.056
2034567.189 0.055
2046692.670 0.055
2058837.641 0.054
2071001.711 0.053
2083184.497 0.053
2095385.626 0.052
2107604.730 0.052
2119841.450 0.051
2132095.436 0.050
2144366.342 0.050
2156653.831 0.049
2168957.573 0.049
2181277.245 0.048
2193612.529 0.048
2205963.114 0.047
2218328.698 0.047
2230708.980 0.046
2243103.670 0.046
2255512.481 0.045
2267935.131 0.045
2280371.346 0.044
2292820.856 0.044
2305283.397 0.043
2317758.708 0.043
2330246.536 0.042
2342746.632 0.042
2355258.750 0.042
2367782.650 0.041
2380318.098 0.041
2392864.862 0.040
2405422.715 0.040
2417991.436 0.039
2430570.806 0.039
2443160.610 0.039
2455760.640 0.038
2468370.687 0.038
2480990.551 0.038
2493620.031 0.037
2506258.933 0.037
2518907.065 0.036
2531564.239 0.036
2544230.270 0.036
2556904.975 0.035
2569588.178 0.035
2582279.702 0.035
2594979.374 0.034
2607687.027 0.034
2620402.494 0.034
2633125.611 0.033
2645856.217 0.033
2658594.155 0.033
2671339.270 0.032
2684091.408 0.032
2696850.421 0.032
2709616.160 0.032
2722388.481 0.031
2735167.240 0.031
2747952.297 0.031
2760743.515 0.030
2773540.758 0.030
2786343.891 0.030
2799152.784 0.030
2811967.308 0.029
2824787.334 0.029
2837612.738 0.029
2850443.397 0.029
2863279.189 0.028
2876119.995 0.028
2888965.696 0.028
2901816.178 0.028
2914671.327 0.027
2927531.029 0.027
2940395.175 0.027
2953263.655 0.027
2966136.362 0.026
2979013.191 0.026
2991894.038 0.026
3004778.799 0.026
3017667.374 0.026
3030559.663 0.025
3043455.568 0.025
3056354.993 0.025
3069257.841 0.025
3082164.019 0.024
3095073.434 0.024
3107985.995 0.024
3120901.611 0.024
3133820.195 0.024
3146741.658 0.023
3159665.913 0.023
3172592.876 0.023
3185522.462 0.023
3198454.589 0.023
3211389.175 0.023
3224326.138 0.022
3237265.400 0.022
3250206.881 0.022
3263150.505 0.022
3276096.193 0.022
3289043.872 0.022
3301993.466 0.021
3314944.902 0.021
3327898.106 0.021
3340853.007 0.021
3353809.535 0.021
3366767.619 0.021
3379727.189 0.020
3392688.178 0.020
3405650.519 0.020
3418614.144 0.020
3431578.987 0.020
3444544.984 0.020
3457512.071 0.019
3470480.183 0.019
3483449.259 0.019
3496419.235 0.019
3509390.051 0.019
3522361.646 0.019
3535333.961 0.019
3548306.935 0.019
3561280.511 0.018
3574254.630 0.018
3587229.236 0.018
3600204.272 0.018
3613179.681 0.018
3626155.409 0.018
3639131.400 0.018
3652107.601 0.017
3665083.957 0.017
3678060.417 0.017
3691036.927 0.017
3704013.435 0.017
3716989.891 0.017
3729966.243 0.017
3742942.441 0.017
3755918.436 0.017
3768894.177 0.016
3781869.617 0.016
3794844.707 0.016
3807819.400 0.016
3820793.647 0.016
3833767.403 0.016
3846740.620 0.016
3859713.253 0.016
3872685.256 0.016
3885656.585 0.015
3898627.194 0.015
3911597.040 0.015
3924566.078 0.015
3937534.266 0.015
3950501.560 0.015
3963467.918 0.015
3976433.298 0.015
3989397.657 0.015
4002360.955 0.015
4015323.150 0.014
4028284.202 0.014
4041244.070 0.014
4054202.715 0.014
4067160.096 0.014
4080116.175 0.014
4093070.912 0.014
4106024.269 0.014
4118976.209 0.014
4131926.691 0.014
4144875.680 0.014
4157823.138 0.014
4170769.027 0.013
4183713.312 0.013
4196655.955 0.013
4209596.921 0.013
4222536.173 0.013
4235473.676 0.013
4248409.396 0.013
4261343.296 0.013
4274275.342 0.013
4287205.501 0.013
4300133.736 0.013
4313060.016 0.013
4325984.305 0.013
4338906.571 0.012
4351826.780 0.012
4364744.900 0.012
4377660.898 0.012
4390574.741 0.012
4403486.397 0.012
4416395.835 0.012
4429303.021 0.012
4442207.926 0.012
4455110.518 0.012
4468010.765 0.012
4480908.637 0.012
4493804.103 0.012
4506697.133 0.012
4519587.696 0.011
4532475.762 0.011
4545361.302 0.011
4558244.286 0.011
4571124.685 0.011
4584002.469 0.011
4596877.609 0.011
4609750.077 0.011
4622619.843 0.011
4635486.880 0.011
4648351.158 0.011
4661212.650 0.011
4674071.328 0.011
4686927.164 0.011
4699780.130 0.011
4712630.200 0.011
4725477.345 0.010
4738321.538 0.010
4751162.753 0.010
4764000.963 0.010
4776836.141 0.010
4789668.261 0.010
4802497.296 0.010
4815323.220 0.010
4828146.008 0.010
4840965.632 0.010
4853782.068 0.010
4866595.290 0.010
4879405.272 0.010
4892211.989 0.010
4905015.417 0.010
4917815.529 0.010
4930612.301 0.010
4943405.708 0.010
4956195.725 0.010
4968982.329 0.009
4981765.494 0.009
4994545.197 0.009
5007321.413 0.009
5020094.118 0.009
5032863.288 0.009
5045628.900 0.009
5058390.929 0.009
5071149.353 0.009
5083904.148 0.009
5096655.291 0.009
5109402.757 0.009
5122146.525 0.009
5134886.572 0.009
5147622.874 0.009
5160355.408 0.009
5173084.153 0.009
5185809.085 0.009
5198530.182 0.009
5211247.421 0.009
5223960.782 0.009
5236670.240 0.009
5249375.775 0.009
5262077.364 0.008
5274774.985 0.008
5287468.617 0.008
5300158.239 0.008
5312843.827 0.008
5325525.362 0.008
5338202.821 0.008
2880333.691 0.028
2873106.956 0.028
2865883.568 0.028
2858663.582 0.028
2851447.052 0.029
2844234.034 0.029
2837024.582 0.029
2829818.754 0.029
2822616.605 0.029
2815418.192 0.029
2808223.574 0.029
2801032.807 0.030
2793845.952 0.030
2786663.065 0.030
2779484.207 0.030
2772309.439 0.030
2765138.819 0.030
2757972.410 0.030
2750810.273 0.031
2743652.469 0.031
2736499.063 0.031
2729350.116 0.031
2722205.692 0.031
2715065.856 0.031
2707930.672 0.032
2700800.206 0.032
2693674.524 0.032
2686553.693 0.032
2679437.778 0.032
2672326.849 0.032
2665220.973 0.033
2658120.219 0.033
2651024.658 0.033
2643934.358 0.033
2636849.391 0.033
2629769.828 0.033
2622695.742 0.034
2615627.204 0.034
2608564.289 0.034
2601507.070 0.034
2594455.621 0.034
2587410.019 0.035
2580370.340 0.035
2573336.659 0.035
2566309.055 0.035
2559287.606 0.035
2552272.390 0.035
2545263.487 0.036
2538260.977 0.036
2531264.942 0.036
2524275.463 0.036
2517292.623 0.036
2510316.504 0.037
2503347.192 0.037
2496384.771 0.037
2489429.326 0.037
2482480.944 0.037
2475539.712 0.038
2468605.718 0.038
2461679.052 0.038
2454759.802 0.038
2447848.060 0.039
2440943.917 0.039
2434047.464 0.039
2427158.796 0.039
2420278.006 0.039
2413405.189 0.040
2406540.440 0.040
2399683.857 0.040
2392835.537 0.040
2385995.579 0.040
2379164.081 0.041
2372341.145 0.041
2365526.872 0.041
2358721.363 0.041
2351924.723 0.042
2345137.056 0.042
2338358.466 0.042
2331589.061 0.042
2324828.946 0.043
2318078.232 0.043
2311337.027 0.043
2304605.441 0.043
2297883.585 0.044
2291171.574 0.044
2284469.519 0.044
2277777.535 0.044
2271095.740 0.045
2264424.248 0.045
2257763.179 0.045
2251112.651 0.045
2244472.785 0.046
2237843.701 0.046
2231225.524 0.046
2224618.376 0.046
2218022.383 0.047
2211437.670 0.047
2204864.366 0.047
2198302.598 0.048
2191752.496 0.048
2185214.193 0.048
2178687.819 0.048
2172173.508 0.049
2165671.396 0.049
2159181.619 0.049
2152704.314 0.049
2146239.620 0.050
2139787.677 0.050
2133348.626 0.050
2126922.611 0.051
2120509.775 0.051
2114110.265 0.051
2107724.227 0.052
2101351.809 0.052
2094993.161 0.052
2088648.435 0.052
2082317.782 0.053
2076001.358 0.053
2069699.317 0.053
2063411.817 0.054
2057139.016 0.054
2050881.074 0.054
2044638.152 0.055
2038410.413 0.055
2032198.023 0.055
2026001.146 0.056
2019819.950 0.056
2013654.605 0.056
2007505.282 0.057
2001372.152 0.057
1995255.389 0.057
1989155.169 0.058
1983071.668 0.058
1977005.066 0.058
1970955.543 0.059
1964923.281 0.059
1958908.463 0.059
1952911.274 0.060
1946931.901 0.060
1940970.534 0.061
1935027.362 0.061
1929102.576 0.061
1923196.372 0.062
1917308.943 0.062
1911440.488 0.062
1905591.204 0.063
1899761.292 0.063
1893950.955 0.063
1888160.396 0.064
1882389.822 0.064
1876639.439 0.065
1870909.456 0.065
1865200.085 0.065
1859511.538 0.066
1853844.030 0.066
1848197.776 0.067
1842572.996 0.067
1836969.908 0.067
1831388.734 0.068
1825829.697 0.068
1820293.023 0.069
1814778.937 0.069
1809287.670 0.069
1803819.451 0.070
1798374.511 0.070
1792953.086 0.071
1787555.410 0.071
1782181.722 0.071
1776832.259 0.072
1771507.264 0.072
1766206.978 0.073
1760931.645 0.073
1755681.513 0.073
1750456.828 0.074
1745257.840 0.074
1740084.801 0.075
1734937.962 0.075
1729817.578 0.076
1724723.906 0.076
1719657.204 0.076
1714617.729 0.077
1709605.744 0.077
1704621.511 0.078
1699665.294 0.078
1694737.358 0.079
1689837.972 0.079
1684967.402 0.079
1680125.920 0.080
1675313.797 0.080
1670531.305 0.081
1665778.720 0.081
1661056.316 0.082
1656364.372 0.082
1651703.165 0.083
1647072.974 0.083
1642474.081 0.083
1637906.768 0.084
1633371.318 0.084
1628868.014 0.085
1624397.143 0.085
1619958.991 0.086
1615553.845 0.086
1611181.993 0.087
1606843.725 0.087
1602539.331 0.087
1598269.102 0.088
1594033.329 0.088
1589832.304 0.089
1585666.322 0.089
1581535.674 0.090
1577440.655 0.090
1573381.561 0.091
1569358.685 0.091
1565372.323 0.091
1561422.771 0.092
1557510.324 0.092
1553635.279 0.093
1549797.931 0.093
1545998.576 0.094
1542237.511 0.094
1538515.031 0.095
1534831.432 0.095
1531187.010 0.095
1527582.058 0.096
1524016.872 0.096
1520491.745 0.097
1517006.972 0.097
1513562.843 0.097
1510159.653 0.098
1506797.690 0.098
1503477.246 0.099
1500198.609 0.099
1496962.068 0.100
1493767.908 0.100
1490616.414 0.100
1487507.872 0.101
1484442.562 0.101
1481420.765 0.102
1478442.761 0.102
1475508.826 0.102
1472619.235 0.103
1469774.262 0.103
1466974.178 0.103
1464219.250 0.104
1461509.746 0.104
1458845.930 0.105
1456228.062 0.105
1453656.402 0.105
1451131.205 0.106
1448652.724 0.106
1446221.210 0.106
1443836.909 0.107
1441500.066 0.107
1439210.920 0.107
1436969.709 0.108
1434776.666 0.108
1432632.022 0.108
1430536.003 0.108
1428488.830 0.109
1426490.723 0.109
1424541.895 0.109
1422642.558 0.110
1420792.917 0.110
1418993.174 0.110
1417243.526 0.110
1415544.166 0.111
1413895.282 0.111
1412297.057 0.111
1410749.670 0.111
1409253.295 0.112
1407808.100 0.112
1406414.248 0.112
1405071.899 0.112
1403781.205 0.112
1402542.313 0.113
1401355.367 0.113
1400220.503 0.113
1399137.852 0.113
1398107.541 0.113
1397129.688 0.113
1396204.407 0.114
1395331.808 0.114
1394511.993 0.114
1393745.058 0.114
1393031.093 0.114
1392370.182 0.114
1391762.405 0.114
1391207.832 0.114
1390706.531 0.114
1390258.559 0.114
1389863.972 0.114
1389522.815 0.115
1389235.130 0.115
1389000.951 0.115
1388820.306 0.115
1388693.216 0.115
1388619.697 0.115
1388599.758 0.115
1388633.401 0.115
1388720.621 0.115
1388861.409 0.115
1389055.748 0.115
1389303.614 0.115
1389604.977 0.115
1389959.803 0.114
1390368.047 0.114
1390829.663 0.114
1391344.594 0.114
1391912.780 0.114
1392534.153 0.114
1393208.640 0.114
1393936.160 0.114
1394716.628 0.114
1395549.952 0.114
1396436.034 0.113
1397374.769 0.113
1398366.050 0.113
1399409.758 0.113
1400505.775 0.113
1401653.971 0.113
1402854.215 0.113
1404106.368 0.112
1405410.287 0.112
1406765.822 0.112
1408172.820 0.112
1409631.120 0.112
1411140.557 0.111
1412700.962 0.111
1414312.159 0.111
1415973.969 0.111
1417686.208 0.110
1419448.686 0.110
1421261.209 0.110
1423123.578 0.110
1425035.592 0.109
1426997.042 0.109
1429007.718 0.109
1431067.403 0.108
1433175.879 0.108
1435332.922 0.108
1437538.305 0.107
1439791.797 0.107
1442093.163 0.107
1444442.166 0.106
1446838.564 0.106
1449282.112 0.106
1451772.563 0.105
1454309.667 0.105
1456893.168 0.105
1459522.811 0.104
1462198.336 0.104
1464919.481 0.104
1467685.981 0.103
1470497.571 0.103
1473353.979 0.103
1476254.936 0.102
1479200.166 0.102
1482189.395 0.101
1485222.346 0.101
1488298.738 0.101
1491418.291 0.100
1494580.721 0.100
1497785.746 0.099
1501033.079 0.099
1504322.434 0.099
1507653.522 0.098
1511026.055 0.098
1514439.741 0.097
1517894.290 0.097
1521389.410 0.097
1524924.808 0.096
1528500.190 0.096
1532115.263 0.095
1535769.731 0.095
1539463.300 0.094
1543195.674 0.094
1546966.557 0.094
1550775.654 0.093
1554622.669 0.093
1558507.306 0.092
1562429.268 0.092
1566388.260 0.091
1570383.986 0.091
1574416.150 0.090
1578484.458 0.090
1582588.614 0.090
1586728.323 0.089
1590903.293 0.089
1595113.229 0.088
1599357.839 0.088
1603636.831 0.087
1607949.913 0.087
1612296.794 0.086
1616677.185 0.086
1621090.797 0.086
1625537.341 0.085
1630016.530 0.085
1634528.079 0.084
1639071.702 0.084
1643647.115 0.083
1648254.035 0.083
1652892.181 0.082
1657561.272 0.082
1662261.029 0.082
1666991.173 0.081
1671751.429 0.081
1676541.521 0.080
1681361.174 0.080
1686210.117 0.079
1691088.078 0.079
1695994.787 0.078
1700929.977 0.078
1705893.379 0.078
1710884.730 0.077
1715903.766 0.077
1720950.224 0.076
1726023.844 0.076
1731124.367 0.075
1736251.535 0.075
1741405.094 0.075
1746584.788 0.074
1751790.366 0.074
1757021.578 0.073
1762278.173 0.073
1767559.905 0.072
1772866.527 0.072
1778197.798 0.072
1783553.473 0.071
1788933.313 0.071
1794337.079 0.070
1799764.534 0.070
1805215.443 0.070
1810689.572 0.069
1816186.691 0.069
1821706.568 0.068
1827248.976 0.068
1832813.689 0.068
1838400.482 0.067
1844009.131 0.067
1849639.417 0.066
1855291.120 0.066
1860964.022 0.066
1866657.907 0.065
1872372.562 0.065
1878107.774 0.064
1883863.334 0.064
1889639.031 0.064
1895434.659 0.063
1901250.014 0.063
1907084.890 0.063
1912939.088 0.062
1918812.406 0.062
1924704.646 0.062
1930615.613 0.061
1936545.110 0.061
1942492.945 0.060
1948458.925 0.060
1954442.863 0.060
1960444.569 0.059
1966463.856 0.059
1972500.540 0.059
1978554.439 0.058
1984625.369 0.058
1990713.153 0.058
1996817.610 0.057
2002938.565 0.057
2009075.842 0.057
2015229.269 0.056
2021398.673 0.056
2027583.884 0.056
2033784.733 0.055
2040001.053 0.055
2046232.679 0.055
2052479.446 0.054
2058741.192 0.054
2065017.755 0.054
2071308.977 0.053
2077614.699 0.053
2083934.764 0.053
2090269.018 0.052
2096617.306 0.052
2102979.477 0.052
2109355.380 0.051
2115744.864 0.051
2122147.783 0.051
2128563.990 0.051
2134993.338 0.050
2141435.686 0.050
2147890.889 0.050
2154358.808 0.049
2160839.301 0.049
2167332.231 0.049
2173837.461 0.049
2180354.855 0.048
2186884.277 0.048
2193425.595 0.048
2199978.677 0.047
2206543.392 0.047
2213119.610 0.047
2219707.204 0.047
2226306.046 0.046
2232916.010 0.046
2239536.971 0.046
2246168.807 0.046
2252811.394 0.045
2259464.612 0.045
2266128.340 0.045
2272802.461 0.045
2279486.855 0.044
2286181.407 0.044
2292886.001 0.044
2299600.522 0.044
2306324.858 0.043
2313058.896 0.043
2319802.524 0.043
2326555.634 0.043
2333318.115 0.042
2340089.859 0.042
2346870.761 0.042
2353660.713 0.042
2360459.610 0.041
2367267.349 0.041
2374083.827 0.041
2380908.941 0.041
2387742.590 0.040
2394584.675 0.040
2401435.096 0.040
2408293.754 0.040
2415160.553 0.040
2422035.396 0.039
2428918.187 0.039
2435808.832 0.039
2442707.236 0.039
2449613.308 0.038
2456526.955 0.038
2463448.086 0.038
2470376.611 0.038
2477312.439 0.038
2484255.483 0.037
2491205.654 0.037
2498162.866 0.037
2505127.032 0.037
2512098.068 0.037
2519075.887 0.036
2526060.407 0.036
2533051.543 0.036
2540049.215 0.036
2547053.340 0.036
2554063.838 0.035
2561080.628 0.035
2568103.630 0.035
2575132.767 0.035
2582167.961 0.035
2589209.133 0.034
2596256.208 0.034
2603309.110 0.034
2610367.763 0.034
2617432.093 0.034
2624502.027 0.034
2631577.490 0.033
2638658.411 0.033
2645744.717 0.033
2652836.337 0.033
2659933.202 0.033
2667035.239 0.033
2674142.382 0.032
2681254.559 0.032
2688371.705 0.032
2695493.750 0.032
2702620.628 0.032
2709752.272 0.032
2716888.617 0.031
2724029.598 0.031
2731175.150 0.031
2738325.208 0.031
2745479.709 0.031
2752638.591 0.031
2759801.790 0.030
2766969.245 0.030
2774140.894 0.030
2781316.677 0.030
2788496.533 0.030
2795680.402 0.030
2802868.225 0.030
2810059.943 0.029
2817255.498 0.029
2824454.832 0.029
2831657.888 0.029
2838864.608 0.029
2846074.936 0.029
2853288.817 0.028
2860506.195 0.028
2867727.014 0.028
2874951.221 0.028
2882178.761 0.028
2889409.580 0.028
2896643.626 0.028
2903880.845 0.028
2911121.186 0.027
2918364.595 0.027
2925611.022 0.027
2932860.416 0.027
2940112.726 0.027
2947367.901 0.027
2954625.892 0.027
2961886.649 0.026
2969150.124 0.026
2976416.267 0.026
2983685.030 0.026
2990956.365 0.026
2998230.225 0.026
3005506.563 0.026
3012785.331 0.026
3020066.484 0.025
3027349.975 0.025
3034635.758 0.025
3041923.788 0.025
3049214.021 0.025
3056506.411 0.025
3063800.914 0.025
3071097.487 0.025
3078396.085 0.025
3085696.665 0.024
3092999.184 0.024
3100303.600 0.024
3107609.870 0.024
3114917.953 0.024
3122227.805 0.024
3129539.387 0.024
3136852.657 0.024
3144167.574 0.024
3151484.098 0.023
3158802.189 0.023
3166121.806 0.023
3173442.910 0.023
3180765.462 0.023
3188089.423 0.023
3195414.754 0.023
3202741.416 0.023
3210069.372 0.023
3217398.584 0.022
3224729.013 0.022
3232060.623 0.022
3239393.376 0.022
3246727.236 0.022
3254062.166 0.022
3261398.129 0.022
3268735.090 0.022
3276073.014 0.022
3283411.863 0.022
3290751.603 0.022
3298092.200 0.021
3305433.617 0.021
3312775.821 0.021
3320118.778 0.021
3327462.452 0.021
3334806.811 0.021
3342151.820 0.021
3349497.446 0.021
3356843.657 0.021
3364190.418 0.021
3371537.698 0.020
3378885.463 0.020
3386233.682 0.020
3393582.322 0.020
3400931.352 0.020
3408280.739 0.020
3415630.453 0.020
3422980.462 0.020
3430330.735 0.020
3437681.241 0.020
3445031.950 0.020
3452382.831 0.020
3459733.853 0.019
3467084.987 0.019
3474436.204 0.019
3481787.472 0.019
3489138.763 0.019
3496490.047 0.019
3503841.296 0.019
3511192.480 0.019
3518543.571 0.019
3525894.540 0.019
3533245.358 0.019
3540595.997 0.019
3547946.430 0.019
3555296.629 0.018
3562646.565 0.018
3569996.211 0.018
3577345.540 0.018
3584694.525 0.018
3592043.138 0.018
3599391.353 0.018
3606739.143 0.018
3614086.482 0.018
3621433.342 0.018
3628779.698 0.018
3636125.524 0.018
3643470.793 0.018
3650815.481 0.018
3658159.560 0.017
3665503.007 0.017
3672845.795 0.017
3680187.899 0.017
3687529.295 0.017
3694869.957 0.017
3702209.860 0.017
3709548.981 0.017
3716887.294 0.017
3724224.775 0.017
3731561.400 0.017
3738897.144 0.017
3746231.985 0.017
3753565.898 0.017
3760898.859 0.017
3768230.845 0.016
3775561.833 0.016
3782891.798 0.016
3790220.719 0.016
3797548.572 0.016
3804875.334 0.016
3812200.982 0.016
3819525.494 0.016
3826848.847 0.016
3834171.018 0.016
3841491.986 0.016
3848811.728 0.016
3856130.222 0.016
3863447.447 0.016
3870763.379 0.016
3878077.999 0.016
3885391.283 0.015
3892703.211 0.015
3900013.761 0.015
3907322.912 0.015
3914630.642 0.015
3921936.931 0.015
3929241.758 0.015
3936545.101 0.015
3943846.941 0.015
3951147.255 0.015
3958446.025 0.015
3965743.229 0.015
3973038.848 0.015
3980332.860 0.015
3987625.246 0.015
3994915.985 0.015
4002205.059 0.015
4009492.446 0.015
4016778.127 0.014
4024062.083 0.014
4031344.294 0.014
4038624.740 0.014
4045903.403 0.014
4053180.262 0.014
4060455.299 0.014
4067728.494 0.014
4074999.829 0.014
4082269.285 0.014
4089536.842 0.014
4096802.483 0.014
4104066.188 0.014
4111327.938 0.014
4118587.716 0.014
4125845.503 0.014
4133101.281 0.014
4140355.031 0.014
4147606.735 0.014
4154856.375 0.014
4162103.933 0.013
4169349.392 0.013
4176592.733 0.013
4183833.938 0.013
4191072.991 0.013
4198309.873 0.013
4205544.567 0.013
4212777.055 0.013
4220007.320 0.013
4227235.345 0.013
4234461.113 0.013
4241684.606 0.013
4248905.807 0.013
4256124.699 0.013
4263341.266 0.013
4270555.490 0.013
4277767.355 0.013
4284976.844 0.013
4292183.940 0.013
4299388.627 0.013
4306590.889 0.013
4313790.708 0.013
4320988.069 0.013
4328182.954 0.012
4335375.349 0.012
4342565.236 0.012
4349752.600 0.012
2060930.692 0.054
2051624.936 0.054
2042333.947 0.055
2033057.964 0.055
2023797.231 0.056
2014551.996 0.056
2005322.509 0.057
1996109.027 0.057
1986911.808 0.058
1977731.117 0.058
1968567.222 0.059
1959420.395 0.059
1950290.913 0.060
1941179.057 0.061
1932085.112 0.061
1923009.371 0.062
1913952.127 0.062
1904913.681 0.063
1895894.339 0.063
1886894.410 0.064
1877914.209 0.065
1868954.057 0.065
1860014.279 0.066
1851095.207 0.066
1842197.177 0.067
1833320.530 0.068
1824465.616 0.068
1815632.786 0.069
1806822.402 0.069
1798034.827 0.070
1789270.432 0.071
1780529.597 0.071
1771812.703 0.072
1763120.142 0.073
1754452.310 0.074
1745809.609 0.074
1737192.450 0.075
1728601.250 0.076
1720036.430 0.076
1711498.423 0.077
1702987.665 0.078
1694504.601 0.079
1686049.684 0.079
1677623.372 0.080
1669226.132 0.081
1660858.440 0.082
1652520.778 0.082
1644213.635 0.083
1635937.511 0.084
1627692.911 0.085
1619480.351 0.086
1611300.352 0.087
1603153.446 0.087
1595040.173 0.088
1586961.081 0.089
1578916.728 0.090
1570907.679 0.091
1562934.509 0.092
1554997.802 0.093
1547098.151 0.094
1539236.158 0.094
1531412.435 0.095
1523627.602 0.096
1515882.291 0.097
1508177.140 0.098
1500512.800 0.099
1492889.930 0.100
1485309.199 0.101
1477771.285 0.102
1470276.878 0.103
1462826.677 0.104
1455421.389 0.105
1448061.735 0.106
1440748.442 0.107
1433482.249 0.108
1426263.906 0.109
1419094.172 0.110
1411973.815 0.111
1404903.616 0.112
1397884.364 0.113
1390916.857 0.114
1384001.906 0.115
1377140.330 0.116
1370332.958 0.118
1363580.630 0.119
1356884.193 0.120
1350244.507 0.121
1343662.440 0.122
1337138.869 0.123
1330674.679 0.124
1324270.768 0.125
1317928.038 0.126
1311647.403 0.128
1305429.785 0.129
1299276.114 0.130
1293187.325 0.131
1287164.366 0.132
1281208.188 0.133
1275319.751 0.134
1269500.021 0.136
1263749.970 0.137
1258070.578 0.138
1252462.827 0.139
1246927.708 0.140
1241466.214 0.141
1236079.342 0.142
1230768.094 0.144
1225533.475 0.145
1220376.491 0.146
1215298.152 0.147
1210299.467 0.148
1205381.448 0.149
1200545.106 0.150
1195791.451 0.151
1191121.492 0.152
1186536.237 0.154
1182036.688 0.155
1177623.847 0.156
1173298.710 0.157
1169062.267 0.158
1164915.503 0.159
1160859.396 0.160
1156894.915 0.161
1153023.022 0.162
1149244.667 0.163
1145560.791 0.164
1141972.324 0.165
1138480.181 0.166
1135085.267 0.166
1131788.469 0.167
1128590.660 0.168
1125492.697 0.169
1122495.419 0.170
1119599.647 0.171
1116806.182 0.171
1114115.804 0.172
1111529.273 0.173
1109047.325 0.174
1106670.675 0.174
1104400.011 0.175
1102235.998 0.176
1100179.274 0.176
1098230.449 0.177
1096390.107 0.177
1094658.802 0.178
1093037.059 0.178
1091525.374 0.179
1090124.209 0.179
1088833.997 0.179
1087655.139 0.180
1086588.001 0.180
1085632.917 0.180
1084790.187 0.181
1084060.076 0.181
1083442.814 0.181
1082938.598 0.181
1082547.587 0.181
1082269.905 0.181
1082105.641 0.182
1082054.848 0.182
1082117.540 0.181
1082293.699 0.181
1082583.267 0.181
1082986.154 0.181
1083502.231 0.181
1084131.334 0.181
1084873.265 0.181
1085727.788 0.180
1086694.635 0.180
1087773.503 0.180
1088964.055 0.179
1090265.919 0.179
1091678.692 0.179
1093201.939 0.178
1094835.193 0.178
1096577.955 0.177
1098429.698 0.177
1100389.864 0.176
1102457.866 0.176
1104633.091 0.175
1106914.899 0.174
1109302.622 0.174
1111795.568 0.173
1114393.022 0.172
1117094.244 0.171
1119898.473 0.171
1122804.925 0.170
1125812.798 0.169
1128921.269 0.168
1132129.496 0.167
1135436.622 0.166
1138841.772 0.165
1142344.056 0.165
1145942.570 0.164
1149636.394 0.163
1153424.600 0.162
1157306.246 0.161
1161280.378 0.160
1165346.035 0.159
1169502.247 0.158
1173748.034 0.157
1178082.413 0.156
1182504.390 0.155
1187012.971 0.153
1191607.154 0.152
1196285.934 0.151
1201048.304 0.150
1205893.256 0.149
1210819.779 0.148
1215826.861 0.147
1220913.492 0.146
1226078.662 0.145
1231321.361 0.143
1236640.583 0.142
1242035.324 0.141
1247504.583 0.140
1253047.362 0.139
1258662.668 0.138
1264349.513 0.137
1270106.913 0.135
1275933.890 0.134
1281829.473 0.133
1287792.695 0.132
1293822.599 0.131
1299918.232 0.130
1306078.650 0.129
1312302.916 0.127
1318590.101 0.126
1324939.285 0.125
1331349.556 0.124
1337820.011 0.123
1344349.754 0.122
1350937.900 0.121
1357583.573 0.120
1364285.907 0.119
1371044.042 0.117
1377857.133 0.116
1384724.340 0.115
1391644.836 0.114
1398617.802 0.113
1405642.430 0.112
1412717.921 0.111
1419843.486 0.110
1427018.349 0.109
1434241.739 0.108
1441512.901 0.107
1448831.085 0.106
1456195.553 0.105
1463605.578 0.104
1471060.442 0.103
1478559.438 0.102
1486101.868 0.101
1493687.044 0.100
1501314.287 0.099
1508982.931 0.098
1516692.317 0.097
1524441.796 0.096
1532230.729 0.095
1540058.487 0.094
1547924.451 0.093
1555828.009 0.093
1563768.560 0.092
1571745.512 0.091
1579758.282 0.090
1587806.297 0.089
1595888.991 0.088
1604005.808 0.087
1612156.201 0.086
1620339.631 0.086
1628555.567 0.085
1636803.488 0.084
1645082.880 0.083
1653393.237 0.082
1661734.062 0.082
1670104.865 0.081
1678505.166 0.080
1686934.489 0.079
1695392.370 0.079
1703878.349 0.078
1712391.974 0.077
1720932.803 0.076
1729500.398 0.076
1738094.330 0.075
1746714.175 0.074
1755359.519 0.073
1764029.952 0.073
1772725.071 0.072
1781444.481 0.071
1790187.793 0.071
1798954.623 0.070
1807744.595 0.069
1816557.337 0.069
1825392.486 0.068
1834249.682 0.068
1843128.574 0.067
1852028.812 0.066
1860950.057 0.066
1869891.973 0.065
1878854.228 0.064
1887836.497 0.064
1896838.462 0.063
1905859.807 0.063
1914900.222 0.062
1923959.404 0.062
1933037.052 0.061
1942132.871 0.060
1951246.573 0.060
1960377.870 0.059
1969526.482 0.059
1978692.134 0.058
1987874.552 0.058
1997073.470 0.057
2006288.624 0.057
2015519.756 0.056
2024766.609 0.056
2034028.933 0.055
2043306.481 0.055
2052599.010 0.054
2061906.281 0.054
2071228.058 0.053
2080564.109 0.053
2089914.206 0.052
2099278.124 0.052
2108655.643 0.052
2118046.544 0.051
2127450.614 0.051
2136867.640 0.050
2146297.416 0.050
2155739.737 0.049
2165194.400 0.049
2174661.209 0.049
2184139.968 0.048
2193630.483 0.048
2203132.566 0.047
2212646.030 0.047
2222170.692 0.047
2231706.370 0.046
2241252.885 0.046
2250810.063 0.045
2260377.730 0.045
2269955.716 0.045
2279543.853 0.044
2289141.975 0.044
2298749.919 0.044
2308367.525 0.043
2317994.634 0.043
2327631.090 0.042
2337276.740 0.042
2346931.432 0.042
2356595.017 0.041
2366267.347 0.041
2375948.278 0.041
2385637.666 0.040
2395335.371 0.040
2405041.253 0.040
2414755.176 0.040
2424477.004 0.039
2434206.604 0.039
2443943.845 0.039
2453688.598 0.038
2463440.735 0.038
2473200.129 0.038
2482966.657 0.037
2492740.196 0.037
2502520.625 0.037
2512307.825 0.037
2522101.679 0.036
2531902.070 0.036
2541708.885 0.036
2551522.010 0.035
2561341.334 0.035
2571166.746 0.035
2580998.140 0.035
2590835.407 0.034
2600678.442 0.034
2610527.141 0.034
2620381.401 0.034
2630241.120 0.033
2640106.199 0.033
2649976.537 0.033
2659852.039 0.033
2669732.607 0.032
2679618.146 0.032
2689508.563 0.032
2699403.764 0.032
2709303.658 0.032
2719208.154 0.031
2729117.163 0.031
2739030.597 0.031
2748948.369 0.031
2758870.393 0.030
2768796.584 0.030
2778726.857 0.030
2788661.130 0.030
2798599.321 0.030
2808541.349 0.029
2818487.134 0.029
2828436.597 0.029
2838389.660 0.029
2848346.246 0.029
2858306.278 0.028
2868269.681 0.028
2878236.381 0.028
2888206.304 0.028
2898179.378 0.028
2908155.530 0.027
2918134.690 0.027
2928116.786 0.027
2938101.750 0.027
2948089.513 0.027
2958080.008 0.027
2968073.166 0.026
2978068.921 0.026
2988067.209 0.026
2998067.963 0.026
3008071.120 0.026
3018076.616 0.026
3028084.389 0.025
3038094.376 0.025
3048106.515 0.025
3058120.747 0.025
3068137.010 0.025
3078155.246 0.025
3088175.395 0.024
3098197.399 0.024
3108221.201 0.024
3118246.743 0.024
3128273.969 0.024
3138302.823 0.024
3148333.250 0.023
3158365.196 0.023
3168398.605 0.023
3178433.425 0.023
3188469.601 0.023
3198507.083 0.023
3208545.817 0.023
3218585.753 0.022
3228626.839 0.022
3238669.024 0.022
3248712.259 0.022
3258756.495 0.022
3268801.682 0.022
3278847.771 0.022
3288894.715 0.022
3298942.466 0.021
3308990.977 0.021
3319040.201 0.021
3329090.092 0.021
3339140.603 0.021
3349191.691 0.021
3359243.308 0.021
3369295.412 0.021
3379347.958 0.020
3389400.901 0.020
3399454.200 0.020
3409507.809 0.020
3419561.688 0.020
3429615.794 0.020
3439670.085 0.020
3449724.520 0.020
3459779.056 0.019
3469833.655 0.019
3479888.275 0.019
3489942.876 0.019
3499997.419 0.019
3510051.864 0.019
3520106.172 0.019
3530160.305 0.019
3540214.224 0.019
3550267.891 0.019
3560321.268 0.018
3570374.319 0.018
3580427.005 0.018
3590479.291 0.018
3600531.139 0.018
3610582.514 0.018
3620633.379 0.018
3630683.699 0.018
3640733.438 0.018
3650782.563 0.018
3660831.037 0.017
3670878.826 0.017
3680925.896 0.017
3690972.213 0.017
3701017.744 0.017
3711062.455 0.017
3721106.312 0.017
3731149.283 0.017
3741191.335 0.017
3751232.436 0.017
3761272.554 0.017
3771311.656 0.016
3781349.711 0.016
3791386.687 0.016
3801422.553 0.016
3811457.279 0.016
3821490.832 0.016
3831523.184 0.016
3841554.302 0.016
3851584.158 0.016
3861612.721 0.016
3871639.962 0.016
3881665.850 0.016
3891690.357 0.015
3901713.454 0.015
3911735.111 0.015
3921755.301 0.015
3931773.994 0.015
3941791.162 0.015
3951806.777 0.015
3961820.811 0.015
3971833.236 0.015
3981844.025 0.015
3991853.150 0.015
4001860.585 0.015
4011866.301 0.015
4021870.273 0.014
4031872.473 0.014
4041872.875 0.014
4051871.453 0.014
4061868.181 0.014
4071863.031 0.014
4081855.980 0.014
4091847.000 0.014
4101836.067 0.014
4111823.154 0.014
4121808.237 0.014
4131791.291 0.014
4141772.291 0.014
4151751.212 0.014
4161728.028 0.013
4171702.717 0.013
4181675.253 0.013
4191645.613 0.013
4201613.772 0.013
4211579.706 0.013
4221543.391 0.013
4231504.805 0.013
4241463.923 0.013
4251420.722 0.013
4261375.179 0.013
4271327.270 0.013
4281276.973 0.013
4291224.265 0.013
4301169.123 0.013
4311111.524 0.013
4321051.446 0.013
4330988.867 0.012
4340923.765 0.012
4350856.116 0.012
4360785.900 0.012
4370713.094 0.012
4380637.676 0.012
4390559.626 0.012
4400478.921 0.012
4410395.539 0.012
4420309.460 0.012
4430220.663 0.012
4440129.125 0.012
4450034.827 0.012
4459937.747 0.012
4469837.865 0.012
4479735.159 0.012
4489629.609 0.012
4499521.195 0.012
4509409.897 0.012
4519295.693 0.011
4529178.564 0.011
4539058.489 0.011
4548935.449 0.011
4558809.424 0.011
4568680.394 0.011
4578548.339 0.011
4588413.239 0.011
4598275.075 0.011
4608133.828 0.011
4617989.478 0.011
4627842.005 0.011
4637691.392 0.011
4647537.617 0.011
4657380.663 0.011
4667220.511 0.011
4677057.141 0.011
4686890.535 0.011
4696720.675 0.011
4706547.540 0.011
4716371.114 0.011
4726191.377 0.010
4736008.312 0.010
4745821.899 0.010
4755632.121 0.010
4765438.960 0.010
4775242.396 0.010
4785042.413 0.010
4794838.993 0.010
4804632.117 0.010
4814421.768 0.010
4824207.928 0.010
4833990.580 0.010
4843769.706 0.010
4853545.287 0.010
4863317.308 0.010
4873085.751 0.010
4882850.597 0.010
4892611.831 0.010
4902369.435 0.010
4912123.391 0.010
4921873.683 0.010
4931620.294 0.010
4941363.207 0.010
4951102.405 0.010
4960837.871 0.010
4970569.588 0.009
4980297.541 0.009
4990021.712 0.009
4999742.084 0.009
5009458.642 0.009
5019171.369 0.009
5028880.248 0.009
5038585.263 0.009
5048286.398 0.009
5057983.637 0.009
5067676.964 0.009
5077366.362 0.009
5087051.815 0.009
5096733.309 0.009
5106410.825 0.009
5116084.350 0.009
5125753.867 0.009
5135419.360 0.009
5145080.813 0.009
5154738.211 0.009
5164391.539 0.009
5174040.780 0.009
5183685.920 0.009
5193326.942 0.009
5202963.832 0.009
5212596.574 0.009
5222225.153 0.009
5231849.553 0.009
5241469.760 0.009
5251085.758 0.009
5260697.532 0.008
5270305.067 0.008
5279908.348 0.008
5289507.360 0.008
5299102.089 0.008
5308692.519 0.008
5318278.635 0.008
5327860.423 0.008
0.0 0.0 0.0
0.0 0.0 0.0
0.0 0.0 0.0
0.0 0.0 0.0
0.0 0.0 0.0
0.0 0.0 0.0
0.0 0.0 0.0
0.0 0.0 0.0
0.0 0.0 0.0
0.0 0.0 0.0
0.0 0.0 0.0
0.0 0.0 0.0
0.0 0.0 0.0
0.0 0.0 0.0
0.0 0.0 0.0
0.0 0.0 0.0
0.0 0.0 0.0
0.0 0.0 0.0
0.0 0.0 0.0
0.0 0.0 0.0
0.0 0.0 0.0
0.0 0.0 0.0
0.0 0.0 0.0
0.0 0.0 0.0
0.0 0.0 0.0
0.0 0.0 0.0
0.0 0.0 0.0
0.0 0.0 0.0
0.0 0.0 0.0
0.0 0.0 0.0
0.0 0.0 0.0
0.0 0.0 0.0
0.0 0.0 0.0
0.0 0.0 0.0
0.0 0.0 0.0
0.0 0.0 0.0
0.0 0.0 0.0
0.0 0.0 0.0
0.0 0.0 0.0
0.0 0.0 0.0
0.0 0.0 0.0
0.0 0.0 0.0
0.0 0.0 0.0
0.0 0.0 0.0
0.0 0.0 0.0
0.0 0.0 0.0
0.0 0.0 0.0
0.0 0.0 0.0
0.0 0.0 0.0
0.0 0.0 0.0
0.0 0.0 0.0
0.0 0.0 0.0
0.0 0.0 0.0
0.0 0.0 0.0
0.0 0.0 0.0
0.0 0.0 0.0
0.0 0.0 0.0
0.0 0.0 0.0
0.0 0.0 0.0
0.0 0.0 0.0
0.0 0.0 0.0
0.0 0.0 0.0
0.0 0.0 0.0
0.0 0.0 0.0
0.0 0.0 0.0
0.0 0.0 0.0
0.0 0.0 0.0
0.0 0.0 0.0
0.0 0.0 0.0
0.0 0.0 0.0
0.0 0.0 0.0
0.0 0.0 0.0
0.0 0.0 0.0
0.0 0.0 0.0
0.0 0.0 0.0
0.0 0.0 0.0
0.0 0.0 0.0
0.0 0.0 0.0
0.0 0.0 0.0
0.0 0.0 0.0
0.0 0.0 0.0
0.0 0.0 0.0
0.0 0.0 0.0
0.0 0.0 0.0
0.0 0.0 0.0
0.0 0.0 0.0
0.0 0.0 0.0
0.0 0.0 0.0
0.0 0.0 0.0
0.0 0.0 0.0
0.0 0.0 0.0
0.0 0.0 0.0
0.0 0.0 0.0
0.0 0.0 0.0
0.0 0.0 0.0
0.0 0.0 0.0
0.0 0.0 0.0
0.0 0.0 0.0
0.0 0.0 0.0
0.0 0.0 0.0
0.0 0.0 0.0
0.0 0.0 0.0
0.0 0.0 0.0
0.0 0.0 0.0
0.0 0.0 0.0
0.0 0.0 0.0
0.0 0.0 0.0
20.077 2104785.591 0.066213050
20.157 2100687.925 0.066294417
20.237 2096606.509 0.066376429
20.317 2092541.445 0.066459075
20.397 2088492.833 0.066542346
20.477 2084460.773 0.066626231
20.557 2080445.366 0.066710720
20.636 2076446.715 0.066795803
20.716 2072464.921 0.066881468
20.796 2068500.087 0.066967707
20.875 2064552.314 0.067054507
20.954 2060621.706 0.067141859
21.034 2056708.366 0.067229750
21.113 2052812.397 0.067318172
21.192 2048933.904 0.067407112
21.271 2045072.990 0.067496559
21.350 2041229.761 0.067586503
21.429 2037404.320 0.067676931
21.508 2033596.774 0.067767833
21.587 2029807.227 0.067859198
21.665 2026035.784 0.067951013
21.744 2022282.553 0.068043267
21.822 2018547.639 0.068135948
21.901 2014831.149 0.068229044
21.979 2011133.189 0.068322544
22.057 2007453.866 0.068416436
22.135 2003793.288 0.068510706
22.212 2000151.562 0.068605344
22.290 1996528.796 0.068700336
22.367 1992925.097 0.068795671
22.445 1989340.573 0.068891334
22.522 1985775.334 0.068987315
22.599 1982229.487 0.069083600
22.675 1978703.141 0.069180176
22.752 1975196.405 0.069277031
22.828 1971709.387 0.069374150
22.905 1968242.198 0.069471522
22.981 1964794.946 0.069569132
23.057 1961367.740 0.069666967
23.132 1957960.691 0.069765015
23.208 1954573.907 0.069863260
23.283 1951207.499 0.069961689
23.358 1947861.577 0.070060289
23.433 1944536.250 0.070159046
23.507 1941231.628 0.070257945
23.582 1937947.822 0.070356973
23.656 1934684.941 0.070456114
23.730 1931443.096 0.070555356
23.803 1928222.396 0.070654683
23.877 1925022.953 0.070754080
23.950 1921844.875 0.070853534
24.023 1918688.274 0.070953029
24.095 1915553.260 0.071052551
24.167 1912439.942 0.071152084
24.239 1909348.430 0.071251613
24.311 1906278.836 0.071351124
24.383 1903231.267 0.071450601
24.454 1900205.835 0.071550029
24.525 1897202.650 0.071649393
24.595 1894221.819 0.071748676
24.665 1891263.454 0.071847864
24.735 1888327.664 0.071946940
24.805 1885414.557 0.072045890
24.874 1882524.243 0.072144696
24.943 1879656.830 0.072243344
25.011 1876812.428 0.072341817
25.079 1873991.143 0.072440100
25.147 1871193.086 0.072538175
25.215 1868418.363 0.072636027
25.282 1865667.083 0.072733640
25.348 1862939.352 0.072830998
25.415 1860235.278 0.072928083
25.481 1857554.967 0.073024881
25.546 1854898.526 0.073121373
25.611 1852266.062 0.073217544
25.676 1849657.679 0.073313377
25.740 1847073.483 0.073408855
25.804 1844513.580 0.073503962
25.867 1841978.073 0.073598682
25.930 1839467.068 0.073692997
25.993 1836980.667 0.073786890
26.055 1834518.974 0.073880345
26.116 1832082.092 0.073973346
26.177 1829670.122 0.074065875
26.238 1827283.168 0.074157915
26.298 1824921.330 0.074249450
26.358 1822584.709 0.074340463
26.417 1820273.405 0.074430937
26.475 1817987.517 0.074520855
26.534 1815727.145 0.074610201
26.591 1813492.387 0.074698957
26.648 1811283.341 0.074787107
26.705 1809100.104 0.074874634
26.761 1806942.772 0.074961521
26.816 1804811.441 0.075047752
26.871 1802706.206 0.075133310
26.926 1800627.161 0.075218178
26.979 1798574.401 0.075302340
27.033 1796548.017 0.075385779
27.085 1794548.103 0.075468479
27.137 1792574.749 0.075550423
27.189 1790628.045 0.075631595
27.240 1788708.082 0.075711979
27.290 1786814.948 0.075791559
27.340 1784948.730 0.075870318
27.389 1783109.518 0.075948241
27.437 1781297.395 0.076025311
27.485 1779512.448 0.076101513
27.532 1777754.760 0.076176832
27.579 1776024.416 0.076251250
27.625 1774321.497 0.076324754
27.670 1772646.085 0.076397327
27.715 1770998.261 0.076468954
27.759 1769378.103 0.076539621
27.802 1767785.690 0.076609312
27.844 1766221.099 0.076678013
27.886 1764684.407 0.076745709
27.927 1763175.689 0.076812384
27.968 1761695.018 0.076878026
28.008 1760242.467 0.076942620
28.047 1758818.109 0.077006151
28.085 1757422.013 0.077068607
28.123 1756054.250 0.077129973
28.160 1754714.887 0.077190235
28.196 1753403.992 0.077249382
28.231 1752121.630 0.077307399
28.266 1750867.865 0.077364273
28.300 1749642.762 0.077419993
28.333 1748446.383 0.077474545
28.366 1747278.787 0.077527918
28.397 1746140.035 0.077580099
28.428 1745030.184 0.077631076
28.459 1743949.292 0.077680839
28.488 1742897.415 0.077729376
28.517 1741874.605 0.077776676
28.544 1740880.917 0.077822728
28.571 1739916.401 0.077867521
28.598 1738981.108 0.077911046
28.623 1738075.086 0.077953292
28.648 1737198.383 0.077994249
28.672 1736351.044 0.078033909
28.695 1735533.114 0.078072261
28.717 1734744.636 0.078109298
28.738 1733985.651 0.078145010
28.759 1733256.199 0.078179390
28.779 1732556.319 0.078212428
28.798 1731886.048 0.078244118
28.816 1731245.422 0.078274452
28.833 1730634.474 0.078303423
28.849 1730053.238 0.078331024
28.865 1729501.743 0.078357249
28.880 1728980.021 0.078382091
28.894 1728488.098 0.078405545
28.907 1728026.001 0.078427604
28.919 1727593.755 0.078448265
28.931 1727191.384 0.078467521
28.941 1726818.909 0.078485369
28.951 1726476.350 0.078501804
28.960 1726163.727 0.078516822
28.968 1725881.055 0.078530419
28.975 1725628.351 0.078542593
28.981 1725405.629 0.078553341
28.986 1725212.900 0.078562660
28.991 1725050.175 0.078570547
28.995 1724917.464 0.078577001
28.998 1724814.775 0.078582020
28.999 1724742.112 0.078585604
29.001 1724699.480 0.078587751
29.001 1724686.883 0.078588461
29.000 1724704.320 0.078587733
28.999 1724751.793 0.078585568
28.996 1724829.298 0.078581966
28.993 1724936.831 0.078576929
28.989 1725074.388 0.078570457
28.984 1725241.962 0.078562552
28.979 1725439.544 0.078553216
28.972 1725667.124 0.078542450
28.964 1725924.690 0.078530259
28.956 1726212.230 0.078516644
28.947 1726529.727 0.078501609
28.937 1726877.166 0.078485157
28.926 1727254.529 0.078467293
28.914 1727661.797 0.078448020
28.902 1728098.947 0.078427344
28.888 1728565.957 0.078405268
28.874 1729062.803 0.078381799
28.859 1729589.460 0.078356942
28.843 1730145.899 0.078330702
28.826 1730732.092 0.078303087
28.808 1731348.008 0.078274102
28.790 1731993.616 0.078243754
28.771 1732668.882 0.078212051
28.750 1733373.770 0.078178999
28.730 1734108.245 0.078144608
28.708 1734872.268 0.078108884
28.685 1735665.801 0.078071835
28.662 1736488.801 0.078033472
28.638 1737341.227 0.077993802
28.613 1738223.035 0.077952835
28.587 1739134.180 0.077910579
28.560 1740074.615 0.077867046
28.533 1741044.291 0.077822245
28.505 1742043.160 0.077776186
28.476 1743071.170 0.077728880
28.446 1744128.270 0.077680337
28.415 1745214.405 0.077630569
28.384 1746329.520 0.077579587
28.352 1747473.560 0.077527403
28.319 1748646.467 0.077474027
28.286 1749848.182 0.077419473
28.251 1751078.644 0.077363752
28.216 1752337.791 0.077306878
28.181 1753625.563 0.077248861
28.144 1754941.893 0.077189717
28.107 1756286.717 0.077129457
28.069 1757659.968 0.077068094
28.030 1759061.580 0.077005644
27.991 1760491.482 0.076942118
27.951 1761949.604 0.076877531
27.910 1763435.877 0.076811897
27.868 1764950.226 0.076745230
27.826 1766492.579 0.076677544
27.783 1768062.861 0.076608855
27.740 1769660.997 0.076539176
27.695 1771286.908 0.076468523
27.650 1772940.519 0.076396910
27.605 1774621.750 0.076324353
27.559 1776330.520 0.076250867
27.512 1778066.750 0.076176467
27.464 1779830.357 0.076101169
27.416 1781621.258 0.076024989
27.367 1783439.369 0.075947941
27.318 1785284.607 0.075870043
27.268 1787156.884 0.075791310
27.217 1789056.115 0.075711758
27.166 1790982.211 0.075631403
27.114 1792935.085 0.075550261
27.062 1794914.648 0.075468349
27.009 1796920.809 0.075385683
26.955 1798953.478 0.075302280
26.901 1801012.563 0.075218155
26.846 1803097.971 0.075133326
26.791 1805209.609 0.075047809
26.735 1807347.384 0.074961621
26.679 1809511.201 0.074874778
26.622 1811700.964 0.074787298
26.565 1813916.578 0.074699197
26.507 1816157.946 0.074610491
26.448 1818424.970 0.074521198
26.389 1820717.552 0.074431334
26.330 1823035.594 0.074340917
26.270 1825378.997 0.074249963
26.209 1827747.661 0.074158489
26.149 1830141.485 0.074066511
26.087 1832560.369 0.073974048
26.025 1835004.212 0.073881115
25.963 1837472.910 0.073787729
25.900 1839966.362 0.073693908
25.837 1842484.465 0.073599668
25.773 1845027.116 0.073505025
25.709 1847594.211 0.073409997
25.645 1850185.645 0.073314601
25.580 1852801.313 0.073218852
25.514 1855441.112 0.073122769
25.449 1858104.935 0.073026366
25.382 1860792.677 0.072929661
25.316 1863504.231 0.072832671
25.249 1866239.492 0.072735411
25.182 1868998.351 0.072637898
25.114 1871780.703 0.072540149
25.046 1874586.440 0.072442180
24.977 1877415.454 0.072344007
24.908 1880267.637 0.072245646
24.839 1883142.882 0.072147114
24.770 1886041.080 0.072048425
24.700 1888962.122 0.071949597
24.630 1891905.900 0.071850645
24.559 1894872.304 0.071751585
24.489 1897861.227 0.071652432
24.417 1900872.558 0.071553203
24.346 1903906.189 0.071453912
24.274 1906962.009 0.071354576
24.202 1910039.910 0.071255209
24.130 1913139.781 0.071155827
24.057 1916261.513 0.071056445
23.985 1919404.996 0.070957078
23.911 1922570.121 0.070857742
23.838 1925756.777 0.070758450
23.764 1928964.854 0.070659218
23.690 1932194.243 0.070560061
23.616 1935444.833 0.070460992
23.542 1938716.515 0.070362028
23.467 1942009.179 0.070263181
23.392 1945322.715 0.070164467
23.317 1948657.012 0.070065899
23.242 1952011.962 0.069967492
23.167 1955387.455 0.069869259
23.091 1958783.380 0.069771215
23.015 1962199.629 0.069673373
22.939 1965636.092 0.069575748
22.862 1969092.659 0.069478352
22.786 1972569.222 0.069381198
22.709 1976065.672 0.069284302
22.632 1979581.898 0.069187675
22.555 1983117.794 0.069091330
22.478 1986673.249 0.068995282
22.401 1990248.156 0.068899542
22.323 1993842.406 0.068804124
22.246 1997455.891 0.068709040
22.168 2001088.503 0.068614303
22.090 2004740.135 0.068519926
22.012 2008410.679 0.068425921
21.933 2012100.028 0.068332300
21.855 2015808.075 0.068239075
21.777 2019534.712 0.068146259
21.698 2023279.834 0.068053864
21.619 2027043.334 0.067961901
21.540 2030825.106 0.067870382
21.461 2034625.044 0.067779320
21.382 2038443.043 0.067688725
21.303 2042278.997 0.067598609
21.224 2046132.802 0.067508984
21.145 2050004.352 0.067419861
21.065 2053893.544 0.067331251
20.986 2057800.274 0.067243165
20.906 2061724.437 0.067155615
20.826 2065665.931 0.067068611
20.746 2069624.652 0.066982164
20.667 2073600.497 0.066896286
20.587 2077593.365 0.066810986
20.507 2081603.152 0.066726276
20.427 2085629.757 0.066642165
20.347 2089673.079 0.066558665
20.267 2093733.017 0.066475786
20.186 2097809.470 0.066393538
20.106 2101902.337 0.066311931
20.026 2106011.520 0.066230976
