20.011 2112976.395 0.065910329
20.131 2106783.128 0.066031398
20.252 2100595.695 0.066154552
20.374 2094414.154 0.066279797
20.496 2088238.564 0.066407137
20.618 2082068.987 0.066536576
20.741 2075905.481 0.066668121
20.865 2069748.109 0.066801777
20.989 2063596.933 0.066937548
21.114 2057452.015 0.067075442
21.239 2051313.419 0.067215463
21.365 2045181.209 0.067357618
21.491 2039055.449 0.067501913
21.618 2032936.205 0.067648354
21.746 2026823.542 0.067796948
21.874 2020717.529 0.067947702
22.002 2014618.231 0.068100622
22.131 2008525.718 0.068255716
22.261 2002440.058 0.068412990
22.391 1996361.321 0.068572453
22.522 1990289.577 0.068734110
22.654 1984224.898 0.068897970
22.786 1978167.356 0.069064041
22.919 1972117.023 0.069232331
23.052 1966073.973 0.069402847
23.186 1960038.281 0.069575597
23.321 1954010.020 0.069750590
23.456 1947989.268 0.069927834
23.592 1941976.102 0.070107338
23.728 1935970.598 0.070289110
23.865 1929972.835 0.070473158
24.003 1923982.893 0.070659492
24.141 1918000.852 0.070848121
24.280 1912026.793 0.071039053
24.420 1906060.797 0.071232297
24.560 1900102.949 0.071427863
24.701 1894153.330 0.071625760
24.843 1888212.027 0.071825997
24.985 1882279.125 0.072028584
25.128 1876354.710 0.072233529
25.271 1870438.869 0.072440844
25.416 1864531.692 0.072650536
25.561 1858633.268 0.072862616
25.706 1852743.687 0.073077094
25.853 1846863.040 0.073293979
26.000 1840991.420 0.073513281
26.148 1835128.921 0.073735010
26.296 1829275.636 0.073959176
26.446 1823431.662 0.074185789
26.595 1817597.095 0.074414858
26.746 1811772.033 0.074646393
26.898 1805956.574 0.074880405
27.050 1800150.818 0.075116903
27.203 1794354.866 0.075355897
27.356 1788568.820 0.075597398
27.511 1782792.783 0.075841414
27.666 1777026.860 0.076087956
27.822 1771271.156 0.076337034
27.979 1765525.778 0.076588657
28.136 1759790.833 0.076842836
28.294 1754066.431 0.077099579
28.453 1748352.681 0.077358897
28.613 1742649.695 0.077620799
28.774 1736957.585 0.077885294
28.935 1731276.467 0.078152392
29.097 1725606.453 0.078422102
29.260 1719947.663 0.078694434
29.424 1714300.211 0.078969395
29.589 1708664.219 0.079246996
29.755 1703039.806 0.079527244
29.921 1697427.093 0.079810149
30.088 1691826.205 0.080095719
30.256 1686237.264 0.080383962
30.425 1680660.397 0.080674887
30.595 1675095.731 0.080968500
30.765 1669543.394 0.081264811
30.937 1664003.516 0.081563826
31.109 1658476.229 0.081865553
31.282 1652961.665 0.082169998
31.456 1647459.959 0.082477169
31.631 1641971.245 0.082787071
31.807 1636495.661 0.083099712
31.984 1631033.347 0.083415097
32.161 1625584.441 0.083733231
32.340 1620149.086 0.084054120
32.519 1614727.424 0.084377770
32.700 1609319.601 0.084704183
32.881 1603925.762 0.085033365
33.063 1598546.056 0.085365320
33.246 1593180.632 0.085700050
33.430 1587829.641 0.086037559
33.615 1582493.236 0.086377849
33.801 1577171.570 0.086720923
33.988 1571864.800 0.087066782
34.176 1566573.084 0.087415428
34.364 1561296.580 0.087766860
34.554 1556035.450 0.088121079
34.745 1550789.856 0.088478084
34.936 1545559.963 0.088837875
35.129 1540345.936 0.089200450
35.323 1535147.943 0.089565806
35.517 1529966.154 0.089933941
35.713 1524800.740 0.090304852
35.909 1519651.874 0.090678533
36.107 1514519.731 0.091054981
36.305 1509404.488 0.091434189
36.505 1504306.322 0.091816152
36.705 1499225.414 0.092200862
36.907 1494161.946 0.092588310
37.109 1489116.102 0.092978490
37.313 1484088.067 0.093371390
37.517 1479078.030 0.093767001
37.723 1474086.179 0.094165312
37.929 1469112.705 0.094566309
38.137 1464157.802 0.094969980
38.346 1459221.665 0.095376311
38.555 1454304.490 0.095785287
38.766 1449406.477 0.096196891
38.977 1444527.826 0.096611107
39.190 1439668.739 0.097027916
39.404 1434829.421 0.097447298
39.619 1430010.079 0.097869234
39.834 1425210.920 0.098293701
40.051 1420432.156 0.098720677
40.269 1415673.997 0.099150138
40.488 1410936.659 0.099582058
40.707 1406220.356 0.100016411
40.928 1401525.308 0.100453169
41.150 1396851.734 0.100892303
41.373 1392199.855 0.101333781
41.597 1387569.895 0.101777573
41.822 1382962.081 0.102223645
42.048 1378376.639 0.102671962
42.275 1373813.799 0.103122488
42.503 1369273.792 0.103575184
42.732 1364756.851 0.104030011
42.961 1360263.212 0.104486930
43.192 1355793.112 0.104945896
43.424 1351346.789 0.105406866
43.657 1346924.484 0.105869794
43.891 1342526.439 0.106334632
44.126 1338152.900 0.106801332
44.361 1333804.113 0.107269841
44.598 1329480.324 0.107740109
44.836 1325181.785 0.108212079
45.074 1320908.747 0.108685697
45.314 1316661.462 0.109160902
45.554 1312440.187 0.109637637
45.795 1308245.178 0.110115838
46.038 1304076.693 0.110595441
46.281 1299934.993 0.111076381
46.525 1295820.339 0.111558591
46.769 1291732.995 0.112042000
47.015 1287673.225 0.112526536
47.261 1283641.296 0.113012127
47.508 1279637.477 0.113498695
47.756 1275662.035 0.113986164
48.005 1271715.243 0.114474453
48.255 1267797.372 0.114963480
48.505 1263908.697 0.115453162
48.756 1260049.491 0.115943411
49.007 1256220.032 0.116434140
49.260 1252420.597 0.116925259
49.512 1248651.464 0.117416674
49.766 1244912.912 0.117908291
50.020 1241205.224 0.118400014
50.275 1237528.681 0.118891742
50.530 1233883.565 0.119383376
50.785 1230270.160 0.119874812
51.042 1226688.751 0.120365945
51.298 1223139.623 0.120856667
51.555 1219623.062 0.121346869
51.812 1216139.356 0.121836439
52.070 1212688.790 0.122325263
52.328 1209271.654 0.122813227
52.586 1205888.235 0.123300212
52.845 1202538.822 0.123786098
53.103 1199223.705 0.124270764
53.362 1195943.171 0.124754087
53.621 1192697.511 0.125235940
53.879 1189487.014 0.125716197
54.138 1186311.970 0.126194728
54.397 1183172.667 0.126671402
54.656 1180069.395 0.127146086
54.914 1177002.442 0.127618647
55.172 1173972.097 0.128088947
55.430 1170978.648 0.128556850
55.688 1168022.381 0.129022216
55.945 1165103.585 0.129484905
56.201 1162222.543 0.129944775
56.457 1159379.543 0.130401681
56.713 1156574.866 0.130855481
56.967 1153808.798 0.131306027
57.221 1151081.618 0.131753174
57.475 1148393.608 0.132196773
57.727 1145745.046 0.132636675
57.978 1143136.210 0.133072731
22.400 1993678.176 0.068710390
22.460 1990858.735 0.068785856
22.520 1988060.799 0.068861259
22.580 1985284.463 0.068936587
22.640 1982529.819 0.069011827
22.699 1979796.963 0.069086967
22.758 1977085.988 0.069161995
22.817 1974396.989 0.069236897
22.875 1971730.057 0.069311661
22.933 1969085.288 0.069386275
22.991 1966462.773 0.069460724
23.048 1963862.604 0.069534998
23.105 1961284.875 0.069609082
23.161 1958729.677 0.069682964
23.217 1956197.102 0.069756632
23.273 1953687.241 0.069830071
23.329 1951200.186 0.069903270
23.384 1948736.026 0.069976216
23.438 1946294.852 0.070048896
23.493 1943876.753 0.070121296
23.547 1941481.820 0.070193404
23.600 1939110.140 0.070265207
23.653 1936761.804 0.070336693
23.706 1934436.898 0.070407847
23.758 1932135.511 0.070478658
23.810 1929857.730 0.070549112
23.861 1927603.641 0.070619197
23.912 1925373.330 0.070688900
23.963 1923166.884 0.070758208
24.013 1920984.388 0.070827108
24.062 1918825.925 0.070895587
24.111 1916691.581 0.070963633
24.160 1914581.439 0.071031233
24.208 1912495.582 0.071098374
24.256 1910434.092 0.071165043
24.304 1908397.051 0.071231229
24.350 1906384.540 0.071296918
24.397 1904396.640 0.071362097
24.443 1902433.430 0.071426755
24.488 1900494.990 0.071490879
24.533 1898581.398 0.071554457
24.577 1896692.732 0.071617476
24.621 1894829.070 0.071679924
24.664 1892990.487 0.071741788
24.707 1891177.060 0.071803058
24.749 1889388.863 0.071863720
24.791 1887625.970 0.071923763
24.832 1885888.455 0.071983175
24.873 1884176.392 0.072041943
24.913 1882489.850 0.072100058
24.953 1880828.902 0.072157505
24.992 1879193.618 0.072214276
25.031 1877584.067 0.072270356
25.068 1876000.318 0.072325737
25.106 1874442.438 0.072380405
25.143 1872910.494 0.072434351
25.179 1871404.552 0.072487563
25.215 1869924.677 0.072540030
25.250 1868470.934 0.072591742
25.284 1867043.384 0.072642687
25.318 1865642.092 0.072692856
25.351 1864267.117 0.072742238
25.384 1862918.520 0.072790822
25.416 1861596.361 0.072838600
25.448 1860300.698 0.072885559
25.479 1859031.588 0.072931692
25.509 1857789.087 0.072976987
25.539 1856573.251 0.073021437
25.568 1855384.135 0.073065030
25.596 1854221.791 0.073107759
25.624 1853086.271 0.073149613
25.651 1851977.627 0.073190585
25.677 1850895.909 0.073230664
25.703 1849841.166 0.073269844
25.728 1848813.445 0.073308115
25.753 1847812.793 0.073345469
25.777 1846839.257 0.073381899
25.800 1845892.879 0.073417395
25.823 1844973.705 0.073451952
25.845 1844081.775 0.073485560
25.866 1843217.132 0.073518214
25.887 1842379.814 0.073549906
25.907 1841569.861 0.073580628
25.926 1840787.311 0.073610375
25.945 1840032.199 0.073639140
25.963 1839304.560 0.073666917
25.980 1838604.429 0.073693699
25.996 1837931.839 0.073719480
26.012 1837286.820 0.073744256
26.028 1836669.403 0.073768020
26.042 1836079.618 0.073790768
26.056 1835517.492 0.073812495
26.069 1834983.051 0.073833195
26.081 1834476.321 0.073852864
26.093 1833997.325 0.073871498
26.104 1833546.088 0.073889092
26.115 1833122.629 0.073905644
26.124 1832726.970 0.073921149
26.133 1832359.130 0.073935604
26.142 1832019.125 0.073949005
26.149 1831706.973 0.073961351
26.156 1831422.688 0.073972637
26.162 1831166.285 0.073982862
26.168 1830937.776 0.073992023
26.172 1830737.171 0.074000119
26.176 1830564.482 0.074007147
26.180 1830419.716 0.074013107
26.182 1830302.881 0.074017996
26.184 1830213.983 0.074021815
26.185 1830153.026 0.074024561
26.186 1830120.014 0.074026235
26.185 1830114.949 0.074026837
26.185 1830137.832 0.074026365
26.183 1830188.662 0.074024821
26.181 1830267.437 0.074022205
26.177 1830374.155 0.074018517
26.174 1830508.809 0.074013759
26.169 1830671.396 0.074007932
26.164 1830861.907 0.074001036
26.158 1831080.334 0.073993074
26.151 1831326.668 0.073984048
26.144 1831600.897 0.073973959
26.136 1831903.010 0.073962810
26.127 1832232.992 0.073950604
26.118 1832590.828 0.073937343
26.108 1832976.503 0.073923031
26.097 1833389.999 0.073907671
26.085 1833831.296 0.073891266
26.073 1834300.376 0.073873820
26.060 1834797.217 0.073855337
26.047 1835321.795 0.073835821
26.032 1835874.088 0.073815277
26.017 1836454.070 0.073793710
26.002 1837061.715 0.073771124
25.985 1837696.995 0.073747524
25.968 1838359.881 0.073722916
25.951 1839050.343 0.073697306
25.932 1839768.350 0.073670699
25.913 1840513.870 0.073643100
25.893 1841286.868 0.073614517
25.873 1842087.310 0.073584956
25.852 1842915.159 0.073554423
25.830 1843770.379 0.073522925
25.808 1844652.930 0.073490469
25.784 1845562.773 0.073457062
25.761 1846499.867 0.073422712
25.736 1847464.170 0.073387427
25.711 1848455.639 0.073351213
25.686 1849474.229 0.073314079
25.659 1850519.896 0.073276034
25.632 1851592.592 0.073237085
25.605 1852692.270 0.073197241
25.576 1853818.882 0.073156510
25.547 1854972.376 0.073114902
25.518 1856152.704 0.073072425
25.488 1857359.811 0.073029089
25.457 1858593.646 0.072984903
25.426 1859854.155 0.072939877
25.394 1861141.282 0.072894020
25.361 1862454.970 0.072847341
25.328 1863795.164 0.072799852
25.294 1865161.805 0.072751561
25.260 1866554.833 0.072702479
25.225 1867974.189 0.072652617
25.189 1869419.812 0.072601985
25.153 1870891.639 0.072550594
25.116 1872389.607 0.072498454
25.079 1873913.654 0.072445576
25.041 1875463.713 0.072391972
25.003 1877039.719 0.072337651
24.964 1878641.606 0.072282627
24.924 1880269.307 0.072226909
24.884 1881922.752 0.072170509
24.843 1883601.873 0.072113440
24.802 1885306.599 0.072055711
24.760 1887036.861 0.071997336
24.718 1888792.586 0.071938326
24.675 1890573.702 0.071878693
24.632 1892380.135 0.071818449
24.588 1894211.812 0.071757605
24.544 1896068.658 0.071696175
24.499 1897950.598 0.071634170
24.454 1899857.555 0.071571602
24.408 1901789.452 0.071508484
24.361 1903746.213 0.071444829
24.315 1905727.757 0.071380648
24.267 1907734.008 0.071315955
24.220 1909764.884 0.071250761
24.171 1911820.306 0.071185080
24.122 1913900.192 0.071118923
24.073 1916004.462 0.071052305
24.024 1918133.033 0.070985237
23.974 1920285.823 0.070917732
23.923 1922462.747 0.070849804
23.872 1924663.723 0.070781464
23.820 1926888.666 0.070712727
23.769 1929137.490 0.070643604
23.716 1931410.111 0.070574109
23.664 1933706.443 0.070504254
23.610 1936026.398 0.070434053
23.557 1938369.891 0.070363518
23.503 1940736.833 0.070292663
23.449 1943127.137 0.070221500
23.394 1945540.715 0.070150043
23.339 1947977.477 0.070078304
23.283 1950437.335 0.070006296
23.227 1952920.199 0.069934033
23.171 1955425.979 0.069861527
23.114 1957954.585 0.069788791
23.057 1960505.926 0.069715839
23.000 1963079.911 0.069642682
22.942 1965676.448 0.069569335
22.884 1968295.447 0.069495810
22.825 1970936.815 0.069422119
22.767 1973600.459 0.069348277
22.707 1976286.287 0.069274295
22.648 1978994.207 0.069200186
22.588 1981724.125 0.069125964
22.528 1984475.947 0.069051640
22.468 1987249.581 0.068977228
22.407 1990044.932 0.068902741
22.346 1992861.906 0.068828191
22.284 1995700.409 0.068753590
22.223 1998560.347 0.068678951
22.161 2001441.624 0.068604288
22.099 2004344.147 0.068529612
22.036 2007267.820 0.068454935
21.973 2010212.548 0.068380271
21.910 2013178.235 0.068305631
21.847 2016164.787 0.068231028
21.783 2019172.108 0.068156475
21.719 2022200.103 0.068081983
21.655 2025248.675 0.068007565
21.591 2028317.729 0.067933232
21.526 2031407.169 0.067858998
21.462 2034516.900 0.067784874
21.396 2037646.825 0.067710871
21.331 2040796.849 0.067637003
21.266 2043966.875 0.067563280
21.200 2047156.807 0.067489715
21.134 2050366.549 0.067416320
21.068 2053596.006 0.067343106
21.001 2056845.082 0.067270084
20.935 2060113.679 0.067197268
20.868 2063401.703 0.067124667
20.801 2066709.057 0.067052294
20.734 2070035.646 0.066980160
20.666 2073381.373 0.066908276
20.599 2076746.143 0.066836655
20.531 2080129.859 0.066765306
20.463 2083532.428 0.066694242
20.395 2086953.752 0.066623474
20.326 2090393.736 0.066553012
20.258 2093852.285 0.066482868
20.189 2097329.304 0.066413053
20.121 2100824.697 0.066343578
20.052 2104338.370 0.066274453
