20.015 2112233.251 0.065939384
20.079 2108990.723 0.066002033
20.142 2105762.804 0.066064998
20.205 2102549.565 0.066128273
20.268 2099351.074 0.066191848
20.331 2096167.402 0.066255717
20.394 2092998.618 0.066319871
20.457 2089844.793 0.066384301
20.519 2086705.997 0.066449002
20.582 2083582.299 0.066513963
20.644 2080473.771 0.066579177
20.706 2077380.482 0.066644635
20.768 2074302.503 0.066710330
20.830 2071239.904 0.066776254
20.892 2068192.756 0.066842397
20.953 2065161.130 0.066908752
21.015 2062145.096 0.066975310
21.076 2059144.724 0.067042063
21.137 2056160.085 0.067109003
21.198 2053191.251 0.067176121
21.259 2050238.292 0.067243408
21.319 2047301.278 0.067310856
21.380 2044380.281 0.067378456
21.440 2041475.371 0.067446200
21.500 2038586.619 0.067514079
21.560 2035714.096 0.067582084
21.620 2032857.872 0.067650207
21.679 2030018.019 0.067718439
21.739 2027194.607 0.067786770
21.798 2024387.707 0.067855193
21.857 2021597.390 0.067923698
21.915 2018823.726 0.067992277
21.974 2016066.786 0.068060920
22.032 2013326.641 0.068129618
22.090 2010603.361 0.068198362
22.148 2007897.017 0.068267144
22.206 2005207.678 0.068335954
22.263 2002535.416 0.068404783
22.321 1999880.301 0.068473623
22.378 1997242.402 0.068542462
22.434 1994621.790 0.068611294
22.491 1992018.535 0.068680107
22.547 1989432.707 0.068748894
22.603 1986864.376 0.068817644
22.659 1984313.610 0.068886349
22.715 1981780.481 0.068954999
22.770 1979265.056 0.069023584
22.825 1976767.405 0.069092096
22.880 1974287.599 0.069160524
22.934 1971825.704 0.069228860
22.988 1969381.790 0.069297094
23.042 1966955.927 0.069365216
23.096 1964548.181 0.069433217
23.149 1962158.622 0.069501087
23.203 1959787.317 0.069568817
23.255 1957434.335 0.069636398
23.308 1955099.742 0.069703819
23.360 1952783.607 0.069771071
23.412 1950485.997 0.069838145
23.464 1948206.978 0.069905030
23.515 1945946.618 0.069971718
23.566 1943704.982 0.070038198
23.617 1941482.138 0.070104462
23.667 1939278.151 0.070170499
23.717 1937093.086 0.070236299
23.767 1934927.010 0.070301854
23.816 1932779.987 0.070367153
23.866 1930652.083 0.070432187
23.914 1928543.361 0.070496946
23.963 1926453.886 0.070561420
24.011 1924383.723 0.070625601
24.059 1922332.934 0.070689478
24.106 1920301.583 0.070753041
24.153 1918289.733 0.070816282
24.200 1916297.446 0.070879190
24.246 1914324.785 0.070941756
24.292 1912371.812 0.071003970
24.337 1910438.588 0.071065824
24.382 1908525.173 0.071127306
24.427 1906631.630 0.071188409
24.472 1904758.018 0.071249122
24.516 1902904.397 0.071309436
24.559 1901070.826 0.071369341
24.602 1899257.365 0.071428828
24.645 1897464.073 0.071487889
24.688 1895691.006 0.071546513
24.730 1893938.224 0.071604691
24.771 1892205.784 0.071662414
24.813 1890493.742 0.071719673
24.853 1888802.154 0.071776458
24.894 1887131.078 0.071832761
24.934 1885480.567 0.071888573
24.973 1883850.676 0.071943884
25.012 1882241.461 0.071998686
25.051 1880652.975 0.072052969
25.089 1879085.272 0.072106724
25.127 1877538.403 0.072159944
25.164 1876012.422 0.072212619
25.201 1874507.381 0.072264741
25.237 1873023.329 0.072316300
25.273 1871560.318 0.072367289
25.309 1870118.399 0.072417699
25.344 1868697.619 0.072467521
25.378 1867298.029 0.072516747
25.413 1865919.676 0.072565370
25.446 1864562.609 0.072613380
25.479 1863226.873 0.072660769
25.512 1861912.517 0.072707531
25.544 1860619.584 0.072753656
25.576 1859348.122 0.072799136
25.607 1858098.173 0.072843965
25.638 1856869.783 0.072888134
25.668 1855662.994 0.072931636
25.698 1854477.849 0.072974464
25.727 1853314.389 0.073016609
25.756 1852172.656 0.073058065
25.784 1851052.691 0.073098824
25.812 1849954.534 0.073138880
25.839 1848878.223 0.073178225
25.865 1847823.797 0.073216853
25.892 1846791.293 0.073254757
25.917 1845780.750 0.073291929
25.942 1844792.202 0.073328365
25.967 1843825.686 0.073364056
25.991 1842881.237 0.073398997
26.014 1841958.888 0.073433182
26.037 1841058.673 0.073466604
26.060 1840180.625 0.073499259
26.082 1839324.775 0.073531138
26.103 1838491.154 0.073562239
26.124 1837679.794 0.073592553
26.144 1836890.722 0.073622077
26.164 1836123.969 0.073650805
26.183 1835379.561 0.073678731
26.202 1834657.527 0.073705851
26.220 1833957.892 0.073732159
26.237 1833280.682 0.073757652
26.254 1832625.922 0.073782324
26.271 1831993.636 0.073806170
26.287 1831383.847 0.073829188
26.302 1830796.577 0.073851371
26.317 1830231.848 0.073872717
26.331 1829689.680 0.073893221
26.344 1829170.093 0.073912880
26.357 1828673.107 0.073931690
26.370 1828198.739 0.073949647
26.382 1827747.007 0.073966749
26.393 1827317.928 0.073982992
26.404 1826911.516 0.073998372
26.414 1826527.787 0.074012888
26.423 1826166.754 0.074026537
26.432 1825828.432 0.074039316
26.441 1825512.831 0.074051222
26.448 1825219.963 0.074062253
26.456 1824949.839 0.074072408
26.462 1824702.469 0.074081685
26.468 1824477.860 0.074090081
26.474 1824276.022 0.074097595
26.479 1824096.961 0.074104226
26.483 1823940.683 0.074109973
26.487 1823807.193 0.074114834
26.490 1823696.497 0.074118808
26.493 1823608.597 0.074121895
26.495 1823543.495 0.074124094
26.496 1823501.195 0.074125405
26.497 1823481.697 0.074125827
26.497 1823485.000 0.074125360
26.497 1823511.104 0.074124004
26.496 1823560.008 0.074121760
26.494 1823631.708 0.074118628
26.492 1823726.201 0.074114608
26.489 1823843.483 0.074109701
26.486 1823983.549 0.074103908
26.482 1824146.392 0.074097230
26.478 1824332.005 0.074089668
26.473 1824540.382 0.074081224
26.467 1824771.512 0.074071898
26.461 1825025.386 0.074061693
26.454 1825301.995 0.074050611
26.447 1825601.326 0.074038653
26.439 1825923.367 0.074025822
26.430 1826268.106 0.074012119
26.421 1826635.529 0.073997548
26.411 1827025.620 0.073982111
26.401 1827438.365 0.073965811
26.390 1827873.746 0.073948650
26.379 1828331.747 0.073930632
26.367 1828812.349 0.073911760
26.354 1829315.533 0.073892037
26.341 1829841.280 0.073871468
26.327 1830389.569 0.073850055
26.313 1830960.379 0.073827802
26.298 1831553.686 0.073804713
26.283 1832169.468 0.073780793
26.267 1832807.702 0.073756046
26.251 1833468.362 0.073730476
26.234 1834151.422 0.073704088
26.216 1834856.857 0.073676886
26.198 1835584.640 0.073648876
26.179 1836334.741 0.073620061
26.160 1837107.133 0.073590448
26.140 1837901.786 0.073560041
26.120 1838718.670 0.073528846
26.099 1839557.754 0.073496869
26.077 1840419.005 0.073464115
26.055 1841302.392 0.073430589
26.033 1842207.880 0.073396298
26.010 1843135.436 0.073361247
25.986 1844085.025 0.073325444
25.962 1845056.611 0.073288893
25.937 1846050.158 0.073251601
25.912 1847065.628 0.073213576
25.886 1848102.985 0.073174822
25.860 1849162.190 0.073135348
25.833 1850243.202 0.073095159
25.806 1851345.984 0.073054263
25.779 1852470.493 0.073012667
25.750 1853616.688 0.072970378
25.722 1854784.528 0.072927403
25.692 1855973.970 0.072883749
25.663 1857184.971 0.072839424
25.632 1858417.487 0.072794435
25.602 1859671.472 0.072748790
25.570 1860946.883 0.072702497
25.539 1862243.672 0.072655563
25.506 1863561.794 0.072607996
25.474 1864901.201 0.072559805
25.441 1866261.845 0.072510996
25.407 1867643.679 0.072461579
25.373 1869046.653 0.072411562
25.338 1870470.717 0.072360952
25.303 1871915.822 0.072309758
25.268 1873381.917 0.072257989
25.232 1874868.950 0.072205652
25.196 1876376.869 0.072152757
25.159 1877905.623 0.072099312
25.121 1879455.158 0.072045326
25.084 1881025.421 0.071990808
25.046 1882616.358 0.071935765
25.007 1884227.914 0.071880208
24.968 1885860.035 0.071824144
24.929 1887512.664 0.071767584
24.889 1889185.745 0.071710535
24.848 1890879.223 0.071653007
24.808 1892593.040 0.071595009
24.767 1894327.139 0.071536550
24.725 1896081.461 0.071477640
24.683 1897855.949 0.071418287
24.641 1899650.543 0.071358501
24.598 1901465.185 0.071298290
24.555 1903299.814 0.071237665
24.512 1905154.371 0.071176635
24.468 1907028.795 0.071115208
24.423 1908923.024 0.071053395
24.379 1910836.999 0.070991205
24.334 1912770.656 0.070928647
24.288 1914723.935 0.070865730
24.243 1916696.771 0.070802465
24.196 1918689.104 0.070738860
24.150 1920700.869 0.070674926
24.103 1922732.002 0.070610671
24.056 1924782.441 0.070546105
24.008 1926852.121 0.070481238
23.960 1928940.977 0.070416079
23.912 1931048.945 0.070350638
23.864 1933175.959 0.070284924
23.815 1935321.954 0.070218948
23.766 1937486.864 0.070152717
23.716 1939670.624 0.070086243
23.666 1941873.166 0.070019535
23.616 1944094.425 0.069952601
23.565 1946334.334 0.069885452
23.515 1948592.826 0.069818098
23.463 1950869.832 0.069750547
23.412 1953165.287 0.069682810
23.360 1955479.122 0.069614896
23.308 1957811.269 0.069546813
23.256 1960161.660 0.069478573
23.203 1962530.226 0.069410184
23.151 1964916.900 0.069341656
23.097 1967321.612 0.069272998
23.044 1969744.293 0.069204219
22.990 1972184.875 0.069135330
22.936 1974643.288 0.069066339
22.882 1977119.462 0.068997256
22.828 1979613.328 0.068928089
22.773 1982124.817 0.068858850
22.718 1984653.858 0.068789546
22.663 1987200.381 0.068720187
22.607 1989764.317 0.068650782
22.551 1992345.595 0.068581341
22.495 1994944.144 0.068511872
22.439 1997559.895 0.068442385
22.383 2000192.777 0.068372889
22.326 2002842.719 0.068303393
22.269 2005509.650 0.068233906
22.212 2008193.500 0.068164437
22.155 2010894.198 0.068094995
22.097 2013611.672 0.068025589
22.039 2016345.853 0.067956228
21.981 2019096.669 0.067886921
21.923 2021864.048 0.067817677
21.865 2024647.920 0.067748504
21.806 2027448.214 0.067679411
21.747 2030264.858 0.067610408
21.688 2033097.782 0.067541502
21.629 2035946.914 0.067472702
21.570 2038812.183 0.067404018
21.510 2041693.517 0.067335457
21.451 2044590.846 0.067267029
21.391 2047504.098 0.067198741
21.331 2050433.202 0.067130602
21.270 2053378.088 0.067062621
21.210 2056338.683 0.066994806
21.150 2059314.917 0.066927166
21.089 2062306.719 0.066859708
21.028 2065314.017 0.066792441
20.967 2068336.741 0.066725374
20.906 2071374.820 0.066658513
20.845 2074428.183 0.066591869
20.783 2077496.758 0.066525448
20.721 2080580.476 0.066459259
20.660 2083679.266 0.066393310
20.598 2086793.057 0.066327608
20.536 2089921.779 0.066262163
20.474 2093065.360 0.066196981
20.412 2096223.731 0.066132071
20.349 2099396.822 0.066067440
20.287 2102584.562 0.066003096
20.224 2105786.881 0.065939048
20.161 2109003.710 0.065875302
20.098 2112234.978 0.065811866
20.036 2115480.616 0.065748749
4194386.465 0.013
4181386.453 0.013
4168384.372 0.013
4155380.255 0.014
4142374.136 0.014
4129366.047 0.014
4116356.021 0.014
4103344.093 0.014
4090330.296 0.014
4077314.663 0.014
4064297.231 0.014
4051278.032 0.014
4038257.103 0.014
4025234.478 0.014
4012210.194 0.015
3999184.285 0.015
3986156.788 0.015
3973127.740 0.015
3960097.177 0.015
3947065.136 0.015
3934031.655 0.015
3920996.772 0.015
3907960.524 0.015
3894922.951 0.015
3881884.090 0.015
3868843.982 0.016
3855802.665 0.016
3842760.179 0.016
3829716.565 0.016
3816671.863 0.016
3803626.114 0.016
3790579.360 0.016
3777531.641 0.016
3764483.002 0.016
3751433.483 0.017
3738383.128 0.017
3725331.981 0.017
3712280.085 0.017
3699227.484 0.017
3686174.224 0.017
3673120.349 0.017
3660065.905 0.017
3647010.938 0.018
3633955.495 0.018
3620899.623 0.018
3607843.369 0.018
3594786.782 0.018
3581729.909 0.018
3568672.801 0.018
3555615.507 0.018
3542558.077 0.019
3529500.561 0.019
3516443.012 0.019
3503385.480 0.019
3490328.019 0.019
3477270.681 0.019
3464213.520 0.019
3451156.590 0.020
3438099.946 0.020
3425043.644 0.020
3411987.740 0.020
3398932.291 0.020
3385877.353 0.020
3372822.986 0.020
3359769.249 0.021
3346716.200 0.021
3333663.900 0.021
3320612.411 0.021
3307561.793 0.021
3294512.111 0.021
3281463.426 0.022
3268415.804 0.022
3255369.308 0.022
3242324.006 0.022
3229279.964 0.022
3216237.249 0.022
3203195.930 0.023
3190156.076 0.023
3177117.757 0.023
3164081.044 0.023
3151046.010 0.023
3138012.728 0.024
3124981.271 0.024
3111951.716 0.024
3098924.137 0.024
3085898.613 0.024
3072875.221 0.025
3059854.042 0.025
3046835.154 0.025
3033818.641 0.025
3020804.584 0.025
3007793.069 0.026
2994784.179 0.026
2981778.002 0.026
2968774.626 0.026
2955774.138 0.027
2942776.631 0.027
2929782.195 0.027
2916790.923 0.027
2903802.910 0.028
2890818.253 0.028
2877837.048 0.028
2864859.394 0.028
2851885.392 0.029
2838915.143 0.029
2825948.753 0.029
2812986.325 0.029
2800027.966 0.030
2787073.787 0.030
2774123.896 0.030
2761178.406 0.030
2748237.431 0.031
2735301.088 0.031
2722369.493 0.031
2709442.767 0.032
2696521.032 0.032
2683604.411 0.032
2670693.031 0.032
2657787.019 0.033
2644886.506 0.033
2631991.625 0.033
2619102.510 0.034
2606219.299 0.034
2593342.130 0.034
2580471.147 0.035
2567606.494 0.035
2554748.317 0.035
2541896.768 0.036
2529051.998 0.036
2516214.163 0.036
2503383.421 0.037
2490559.932 0.037
2477743.862 0.038
2464935.377 0.038
2452134.647 0.038
2439341.846 0.039
2426557.151 0.039
2413780.741 0.040
2401012.800 0.040
2388253.515 0.040
2375503.077 0.041
2362761.680 0.041
2350029.522 0.042
2337306.805 0.042
2324593.736 0.043
2311890.525 0.043
2299197.385 0.044
2286514.536 0.044
2273842.200 0.044
2261180.606 0.045
2248529.985 0.045
2235890.575 0.046
2223262.617 0.046
2210646.359 0.047
2198042.052 0.048
2185449.953 0.048
2172870.327 0.049
2160303.440 0.049
2147749.567 0.050
2135208.989 0.050
2122681.990 0.051
2110168.863 0.051
2097669.907 0.052
2085185.426 0.053
2072715.733 0.053
2060261.145 0.054
2047821.989 0.055
2035398.597 0.055
2022991.310 0.056
2010600.475 0.057
1998226.449 0.057
1985869.595 0.058
1973530.285 0.059
1961208.901 0.059
1948905.831 0.060
1936621.474 0.061
1924356.238 0.062
1912110.540 0.062
1899884.807 0.063
1887679.477 0.064
1875494.995 0.065
1863331.821 0.065
1851190.424 0.066
1839071.282 0.067
1826974.889 0.068
1814901.747 0.069
1802852.372 0.070
1790827.292 0.071
1778827.048 0.072
1766852.195 0.073
1754903.300 0.074
1742980.946 0.074
1731085.728 0.075
1719218.259 0.076
1707379.163 0.077
1695569.083 0.079
1683788.677 0.080
1672038.619 0.081
1660319.602 0.082
1648632.334 0.083
1636977.542 0.084
1625355.972 0.085
1613768.388 0.086
1602215.575 0.087
1590698.335 0.089
1579217.495 0.090
1567773.899 0.091
1556368.415 0.092
1545001.934 0.094
1533675.368 0.095
1522389.653 0.096
1511145.751 0.098
1499944.647 0.099
1488787.351 0.101
1477674.902 0.102
1466608.363 0.103
1455588.826 0.105
1444617.410 0.106
1433695.266 0.108
1422823.570 0.110
1412003.534 0.111
1401236.396 0.113
1390523.428 0.114
1379865.937 0.116
1369265.259 0.118
1358722.768 0.119
1348239.870 0.121
1337818.009 0.123
1327458.665 0.125
1317163.354 0.127
1306933.631 0.128
1296771.088 0.130
1286677.360 0.132
1276654.119 0.134
1266703.078 0.136
1256825.993 0.138
1247024.660 0.140
1237300.920 0.142
1227656.654 0.144
1218093.790 0.146
1208614.299 0.148
1199220.195 0.151
1189913.539 0.153
1180696.436 0.155
1171571.037 0.157
1162539.538 0.159
1153604.181 0.162
1144767.253 0.164
1136031.087 0.166
1127398.060 0.169
1118870.595 0.171
1110451.157 0.173
1102142.256 0.176
1093946.445 0.178
1085866.316 0.180
1077904.505 0.183
1070063.684 0.185
1062346.563 0.188
1054755.889 0.190
1047294.442 0.192
1039965.034 0.195
1032770.504 0.197
1025713.720 0.200
1018797.573 0.202
1012024.974 0.205
1005398.851 0.207
998922.145 0.209
992597.808 0.212
986428.795 0.214
980418.063 0.216
974568.565 0.219
968883.245 0.221
963365.032 0.223
958016.836 0.225
952841.541 0.227
947842.001 0.230
943021.030 0.232
938381.401 0.234
933925.834 0.235
929656.993 0.237
925577.480 0.239
921689.825 0.241
917996.481 0.243
914499.817 0.244
911202.111 0.246
908105.543 0.247
905212.191 0.249
902524.021 0.250
900042.881 0.251
897770.498 0.252
895708.470 0.253
893858.260 0.254
892221.195 0.255
890798.455 0.255
889591.075 0.256
888599.938 0.257
887825.771 0.257
887269.145 0.257
886930.473 0.257
886810.005 0.257
886907.831 0.257
887223.879 0.257
887757.913 0.257
888509.538 0.257
889478.201 0.256
890663.189 0.256
892063.635 0.255
893678.522 0.254
895506.681 0.253
897546.804 0.252
899797.439 0.251
902257.003 0.250
904923.783 0.249
907795.941 0.247
910871.524 0.246
914148.466 0.244
917624.597 0.243
921297.649 0.241
925165.261 0.239
929224.989 0.238
933474.311 0.236
937910.632 0.234
942531.294 0.232
947333.583 0.230
952314.731 0.228
957471.927 0.226
962802.321 0.223
968303.034 0.221
973971.156 0.219
979803.761 0.217
985797.905 0.214
991950.637 0.212
998259.001 0.210
1004720.039 0.207
1011330.800 0.205
1018088.342 0.202
1024989.735 0.200
1032032.065 0.198
1039212.440 0.195
1046527.991 0.193
1053975.873 0.190
1061553.272 0.188
1069257.405 0.185
1077085.521 0.183
1085034.907 0.181
1093102.886 0.178
1101286.819 0.176
1109584.108 0.173
1117992.198 0.171
1126508.573 0.169
1135130.763 0.166
1143856.342 0.164
1152682.927 0.162
1161608.182 0.160
1170629.813 0.157
1179745.574 0.155
1188953.265 0.153
1198250.731 0.151
1207635.860 0.149
1217106.589 0.147
1226660.897 0.144
1236296.808 0.142
1246012.393 0.140
1255805.764 0.138
1265675.075 0.136
1275618.527 0.134
1285634.359 0.132
1295720.854 0.131
1305876.334 0.129
1316099.163 0.127
1326387.744 0.125
1336740.517 0.123
1347155.962 0.121
1357632.596 0.120
1368168.971 0.118
1378763.677 0.116
1389415.338 0.115
1400122.612 0.113
1410884.190 0.111
1421698.798 0.110
1432565.191 0.108
1443482.157 0.107
1454448.515 0.105
1465463.113 0.104
1476524.827 0.102
1487632.564 0.101
1498785.256 0.099
1509981.863 0.098
1521221.371 0.097
1532502.793 0.095
1543825.165 0.094
1555187.549 0.093
1566589.028 0.091
1578028.710 0.090
1589505.726 0.089
1601019.228 0.088
1612568.389 0.086
1624152.402 0.085
1635770.482 0.084
1647421.862 0.083
1659105.795 0.082
1670821.551 0.081
1682568.420 0.080
1694345.709 0.079
1706152.741 0.078
1717988.857 0.077
1729853.412 0.076
1741745.779 0.075
1753665.346 0.074
1765611.514 0.073
1777583.700 0.072
1789581.335 0.071
1801603.862 0.070
1813650.741 0.069
1825721.441 0.068
1837815.445 0.067
1849932.249 0.066
1862071.359 0.066
1874232.295 0.065
1886414.587 0.064
1898617.775 0.063
1910841.410 0.062
1923085.056 0.062
1935348.283 0.061
1947630.675 0.060
1959931.821 0.059
1972251.322 0.059
1984588.789 0.058
1996943.839 0.057
2009316.100 0.057
2021705.206 0.056
2034110.802 0.055
2046532.538 0.055
2058970.073 0.054
2071423.073 0.053
2083891.213 0.053
2096374.172 0.052
2108871.640 0.052
2121383.309 0.051
2133908.880 0.050
2146448.062 0.050
2159000.567 0.049
2171566.115 0.049
2184144.430 0.048
2196735.245 0.048
2209338.296 0.047
2221953.324 0.047
2234580.078 0.046
2247218.309 0.046
2259867.776 0.045
2272528.241 0.045
2285199.471 0.044
2297881.237 0.044
2310573.317 0.043
2323275.492 0.043
2335987.546 0.042
2348709.269 0.042
2361440.454 0.041
2374180.899 0.041
2386930.406 0.040
2399688.780 0.040
2412455.829 0.040
2425231.366 0.039
2438015.208 0.039
2450807.173 0.038
2463607.086 0.038
2476414.771 0.038
2489230.060 0.037
2502052.783 0.037
2514882.777 0.037
2527719.881 0.036
2540563.935 0.036
2553414.785 0.035
2566272.278 0.035
2579136.263 0.035
2592006.593 0.034
2604883.123 0.034
2617765.710 0.034
2630654.216 0.033
2643548.501 0.033
2656448.433 0.033
2669353.876 0.032
2682264.702 0.032
2695180.781 0.032
2708101.987 0.032
2721028.197 0.031
2733959.288 0.031
2746895.140 0.031
2759835.636 0.030
2772780.658 0.030
2785730.094 0.030
2798683.829 0.030
2811641.755 0.029
2824603.761 0.029
2837569.741 0.029
2850539.589 0.029
2863513.202 0.028
2876490.477 0.028
2889471.313 0.028
2902455.612 0.028
2915443.276 0.027
2928434.209 0.027
2941428.316 0.027
2954425.504 0.027
2967425.681 0.026
2980428.757 0.026
2993434.642 0.026
3006443.249 0.026
3019454.490 0.025
3032468.281 0.025
3045484.538 0.025
3058503.177 0.025
3071524.117 0.025
3084547.277 0.024
3097572.577 0.024
3110599.940 0.024
3123629.288 0.024
3136660.544 0.024
3149693.634 0.023
3162728.483 0.023
3175765.018 0.023
3188803.167 0.023
3201842.858 0.023
3214884.022 0.023
3227926.589 0.022
3240970.489 0.022
3254015.657 0.022
3267062.024 0.022
3280109.525 0.022
3293158.095 0.021
3306207.669 0.021
3319258.185 0.021
3332309.579 0.021
3345361.790 0.021
3358414.756 0.021
3371468.417 0.020
3384522.713 0.020
3397577.586 0.020
3410632.977 0.020
3423688.828 0.020
3436745.082 0.020
3449801.685 0.020
3462858.578 0.019
3475915.709 0.019
3488973.022 0.019
3502030.464 0.019
3515087.982 0.019
3528145.523 0.019
3541203.035 0.019
3554260.467 0.018
3567317.768 0.018
3580374.888 0.018
3593431.777 0.018
3606488.387 0.018
3619544.667 0.018
3632600.571 0.018
3645656.050 0.018
3658711.058 0.017
3671765.548 0.017
3684819.474 0.017
3697872.789 0.017
3710925.450 0.017
3723977.410 0.017
3737028.626 0.017
3750079.054 0.017
3763128.650 0.016
3776177.371 0.016
3789225.175 0.016
3802272.020 0.016
3815317.863 0.016
3828362.664 0.016
3841406.381 0.016
3854448.973 0.016
3867490.401 0.016
3880530.624 0.016
3893569.604 0.015
3906607.300 0.015
3919643.674 0.015
3932678.687 0.015
3945712.302 0.015
3958744.480 0.015
3971775.185 0.015
3984804.378 0.015
3997832.024 0.015
4010858.086 0.015
4023882.527 0.014
4036905.311 0.014
4049926.404 0.014
4062945.769 0.014
4075963.372 0.014
4088979.178 0.014
4101993.152 0.014
4115005.261 0.014
4128015.470 0.014
4141023.746 0.014
4154030.056 0.014
4167034.366 0.013
4180036.644 0.013
4193036.857 0.013
4206034.972 0.013
4219030.958 0.013
4232024.783 0.013
4245016.415 0.013
4258005.822 0.013
4270992.974 0.013
4283977.840 0.013
4296960.388 0.013
4309940.589 0.013
4322918.412 0.013
4335893.828 0.012
4348866.805 0.012
4361837.315 0.012
4374805.328 0.012
4387770.816 0.012
4400733.748 0.012
4413694.096 0.012
4426651.832 0.012
4439606.926 0.012
4452559.351 0.012
4465509.079 0.012
4478456.082 0.012
4491400.332 0.012
4504341.801 0.012
4517280.462 0.011
4530216.288 0.011
4543149.251 0.011
4556079.326 0.011
4569006.485 0.011
4581930.702 0.011
4594851.950 0.011
4607770.203 0.011
4620685.435 0.011
4633597.620 0.011
4646506.732 0.011
4659412.747 0.011
4672315.637 0.011
4685215.379 0.011
4698111.946 0.011
4711005.314 0.011
4723895.458 0.010
4736782.353 0.010
4749665.974 0.010
4762546.297 0.010
4775423.298 0.010
4788296.953 0.010
4801167.236 0.010
4814034.125 0.010
4826897.595 0.010
4839757.623 0.010
4852614.186 0.010
4865467.258 0.010
4878316.819 0.010
4891162.843 0.010
4904005.308 0.010
4916844.191 0.010
4929679.469 0.010
4942511.119 0.010
4955339.119 0.010
4968163.446 0.009
4980984.077 0.009
4993800.990 0.009
5006614.164 0.009
5019423.575 0.009
5032229.202 0.009
5045031.022 0.009
5057829.015 0.009
5070623.157 0.009
5083413.428 0.009
5096199.807 0.009
5108982.270 0.009
5121760.798 0.009
5134535.369 0.009
5147305.961 0.009
5160072.554 0.009
5172835.127 0.009
5185593.658 0.009
5198348.127 0.009
5211098.514 0.009
5223844.796 0.009
5236586.955 0.009
5249324.969 0.009
5262058.818 0.008
5274788.482 0.008
5287513.940 0.008
5300235.173 0.008
5312952.160 0.008
5325664.881 0.008
5338373.316 0.008
0.0 0.0 0.0
0.0 0.0 0.0
0.0 0.0 0.0
0.0 0.0 0.0
0.0 0.0 0.0
0.0 0.0 0.0
0.0 0.0 0.0
0.0 0.0 0.0
0.0 0.0 0.0
0.0 0.0 0.0
0.0 0.0 0.0
0.0 0.0 0.0
0.0 0.0 0.0
0.0 0.0 0.0
0.0 0.0 0.0
0.0 0.0 0.0
0.0 0.0 0.0
0.0 0.0 0.0
0.0 0.0 0.0
0.0 0.0 0.0
0.0 0.0 0.0
0.0 0.0 0.0
0.0 0.0 0.0
0.0 0.0 0.0
0.0 0.0 0.0
0.0 0.0 0.0
0.0 0.0 0.0
0.0 0.0 0.0
0.0 0.0 0.0
0.0 0.0 0.0
0.0 0.0 0.0
0.0 0.0 0.0
0.0 0.0 0.0
0.0 0.0 0.0
0.0 0.0 0.0
0.0 0.0 0.0
0.0 0.0 0.0
0.0 0.0 0.0
0.0 0.0 0.0
0.0 0.0 0.0
0.0 0.0 0.0
0.0 0.0 0.0
0.0 0.0 0.0
0.0 0.0 0.0
0.0 0.0 0.0
0.0 0.0 0.0
0.0 0.0 0.0
0.0 0.0 0.0
0.0 0.0 0.0
0.0 0.0 0.0
0.0 0.0 0.0
0.0 0.0 0.0
0.0 0.0 0.0
0.0 0.0 0.0
0.0 0.0 0.0
0.0 0.0 0.0
0.0 0.0 0.0
0.0 0.0 0.0
0.0 0.0 0.0
0.0 0.0 0.0
0.0 0.0 0.0
0.0 0.0 0.0
0.0 0.0 0.0
0.0 0.0 0.0
0.0 0.0 0.0
0.0 0.0 0.0
0.0 0.0 0.0
0.0 0.0 0.0
0.0 0.0 0.0
5336492.753 0.008
5326914.397 0.008
5317331.702 0.008
5307744.682 0.008
5298153.353 0.008
5288557.730 0.008
5278957.826 0.008
5269353.659 0.008
5259745.241 0.008
5250132.588 0.009
5240515.716 0.009
5230894.639 0.009
5221269.372 0.009
5211639.932 0.009
5202006.332 0.009
5192368.588 0.009
5182726.716 0.009
5173080.730 0.009
5163430.647 0.009
5153776.482 0.009
5144118.251 0.009
5134455.968 0.009
5124789.650 0.009
5115119.312 0.009
5105444.970 0.009
5095766.640 0.009
5086084.338 0.009
5076398.079 0.009
5066707.880 0.009
5057013.757 0.009
5047315.725 0.009
5037613.801 0.009
5027908.001 0.009
5018198.341 0.009
5008484.838 0.009
4998767.508 0.009
4989046.367 0.009
4979321.431 0.009
4969592.718 0.009
4959860.244 0.010
4950124.025 0.010
4940384.079 0.010
4930640.422 0.010
4920893.070 0.010
4911142.041 0.010
4901387.353 0.010
4891629.020 0.010
4881867.062 0.010
4872101.495 0.010
4862332.336 0.010
4852559.603 0.010
4842783.312 0.010
4833003.482 0.010
4823220.130 0.010
4813433.273 0.010
4803642.930 0.010
4793849.117 0.010
4784051.853 0.010
4774251.155 0.010
4764447.041 0.010
4754639.530 0.010
4744828.640 0.010
4735014.387 0.010
4725196.792 0.010
4715375.872 0.011
4705551.646 0.011
4695724.131 0.011
4685893.347 0.011
4676059.312 0.011
4666222.045 0.011
4656381.564 0.011
4646537.889 0.011
4636691.038 0.011
4626841.031 0.011
4616987.886 0.011
4607131.624 0.011
4597272.262 0.011
4587409.820 0.011
4577544.319 0.011
4567675.777 0.011
4557804.214 0.011
4547929.650 0.011
4538052.105 0.011
4528171.598 0.011
4518288.149 0.011
4508401.780 0.012
4498512.509 0.012
4488620.358 0.012
4478725.346 0.012
4468827.495 0.012
4458926.824 0.012
4449023.355 0.012
4439117.108 0.012
4429208.104 0.012
4419296.364 0.012
4409381.909 0.012
4399464.761 0.012
4389544.941 0.012
4379622.471 0.012
4369697.371 0.012
4359769.664 0.012
4349839.371 0.012
4339906.514 0.012
4329971.116 0.012
4320033.198 0.013
4310092.782 0.013
4300149.892 0.013
4290204.549 0.013
4280256.776 0.013
4270306.596 0.013
4260354.032 0.013
4250399.107 0.013
4240441.843 0.013
4230482.265 0.013
4220520.395 0.013
4210556.257 0.013
4200589.875 0.013
4190621.272 0.013
4180650.472 0.013
4170677.500 0.013
4160702.380 0.014
4150725.135 0.014
4140745.791 0.014
4130764.372 0.014
4120780.903 0.014
4110795.409 0.014
4100807.915 0.014
4090818.446 0.014
4080827.027 0.014
4070833.685 0.014
4060838.444 0.014
4050841.331 0.014
4040842.371 0.014
4030841.592 0.014
4020839.018 0.014
4010834.678 0.015
4000828.597 0.015
3990820.802 0.015
3980811.321 0.015
3970800.180 0.015
3960787.408 0.015
3950773.031 0.015
3940757.077 0.015
3930739.575 0.015
3920720.552 0.015
3910700.037 0.015
3900678.058 0.015
3890654.645 0.015
3880629.825 0.016
3870603.629 0.016
3860576.085 0.016
3850547.223 0.016
3840517.072 0.016
3830485.664 0.016
3820453.027 0.016
3810419.192 0.016
3800384.190 0.016
3790348.052 0.016
3780310.808 0.016
3770272.490 0.016
3760233.130 0.017
3750192.759 0.017
3740151.409 0.017
3730109.112 0.017
3720065.901 0.017
3710021.809 0.017
3699976.868 0.017
3689931.112 0.017
3679884.574 0.017
3669837.287 0.017
3659789.287 0.017
3649740.607 0.018
3639691.281 0.018
3629641.344 0.018
3619590.833 0.018
3609539.780 0.018
3599488.224 0.018
3589436.198 0.018
3579383.741 0.018
3569330.887 0.018
3559277.675 0.018
3549224.140 0.019
3539170.321 0.019
3529116.255 0.019
3519061.980 0.019
3509007.536 0.019
3498952.959 0.019
3488898.290 0.019
3478843.568 0.019
3468788.832 0.019
3458734.123 0.019
3448679.481 0.020
3438624.947 0.020
3428570.562 0.020
3418516.367 0.020
3408462.404 0.020
3398408.716 0.020
3388355.345 0.020
3378302.335 0.020
3368249.728 0.021
3358197.568 0.021
3348145.900 0.021
3338094.769 0.021
3328044.218 0.021
3317994.295 0.021
3307945.044 0.021
3297896.511 0.021
3287848.745 0.022
3277801.792 0.022
3267755.699 0.022
3257710.515 0.022
3247666.288 0.022
3237623.067 0.022
3227580.902 0.022
3217539.844 0.022
3207499.941 0.023
3197461.247 0.023
3187423.811 0.023
3177387.686 0.023
3167352.926 0.023
3157319.581 0.023
3147287.708 0.023
3137257.359 0.024
3127228.590 0.024
3117201.455 0.024
3107176.011 0.024
3097152.315 0.024
3087130.423 0.024
3077110.393 0.025
3067092.283 0.025
3057076.152 0.025
3047062.061 0.025
3037050.069 0.025
3027040.236 0.025
3017032.625 0.026
3007027.298 0.026
2997024.318 0.026
2987023.747 0.026
2977025.651 0.026
2967030.095 0.026
2957037.144 0.027
2947046.864 0.027
2937059.323 0.027
2927074.589 0.027
2917092.731 0.027
2907113.818 0.027
2897137.921 0.028
2887165.110 0.028
2877195.458 0.028
2867229.037 0.028
2857265.922 0.028
2847306.186 0.029
2837349.906 0.029
2827397.157 0.029
2817448.016 0.029
2807502.563 0.029
2797560.876 0.030
2787623.034 0.030
2777689.120 0.030
2767759.215 0.030
2757833.403 0.030
2747911.766 0.031
2737994.391 0.031
2728081.363 0.031
2718172.770 0.031
2708268.700 0.032
2698369.243 0.032
2688474.489 0.032
2678584.529 0.032
2668699.457 0.033
2658819.367 0.033
2648944.354 0.033
2639074.514 0.033
2629209.946 0.033
2619350.747 0.034
2609497.020 0.034
2599648.865 0.034
2589806.385 0.034
2579969.684 0.035
2570138.869 0.035
2560314.046 0.035
2550495.325 0.036
2540682.814 0.036
2530876.626 0.036
2521076.874 0.036
2511283.672 0.037
2501497.136 0.037
2491717.384 0.037
2481944.536 0.037
2472178.712 0.038
2462420.035 0.038
2452668.629 0.038
2442924.621 0.039
2433188.138 0.039
2423459.311 0.039
2413738.270 0.040
2404025.149 0.040
2394320.083 0.040
2384623.210 0.041
2374934.669 0.041
2365254.600 0.041
2355583.147 0.042
2345920.456 0.042
2336266.673 0.042
2326621.949 0.043
2316986.434 0.043
2307360.284 0.043
2297743.654 0.044
2288136.702 0.044
2278539.591 0.044
2268952.482 0.045
2259375.542 0.045
2249808.939 0.045
2240252.843 0.046
2230707.428 0.046
2221172.871 0.047
2211649.348 0.047
2202137.043 0.047
2192636.138 0.048
2183146.822 0.048
2173669.282 0.049
2164203.713 0.049
2154750.310 0.049
2145309.272 0.050
2135880.800 0.050
2126465.099 0.051
2117062.378 0.051
2107672.848 0.052
2098296.723 0.052
2088934.222 0.052
2079585.566 0.053
2070250.980 0.053
2060930.692 0.054
2051624.936 0.054
2042333.947 0.055
2033057.964 0.055
2023797.231 0.056
2014551.996 0.056
2005322.509 0.057
1996109.027 0.057
1986911.808 0.058
1977731.117 0.058
1968567.222 0.059
1959420.395 0.059
1950290.913 0.060
1941179.057 0.061
1932085.112 0.061
1923009.371 0.062
1913952.127 0.062
1904913.681 0.063
1895894.339 0.063
1886894.410 0.064
1877914.209 0.065
1868954.057 0.065
1860014.279 0.066
1851095.207 0.066
1842197.177 0.067
1833320.530 0.068
1824465.616 0.068
1815632.786 0.069
1806822.402 0.069
1798034.827 0.070
1789270.432 0.071
1780529.597 0.071
1771812.703 0.072
1763120.142 0.073
1754452.310 0.074
1745809.609 0.074
1737192.450 0.075
1728601.250 0.076
1720036.430 0.076
1711498.423 0.077
1702987.665 0.078
1694504.601 0.079
1686049.684 0.079
1677623.372 0.080
1669226.132 0.081
1660858.440 0.082
1652520.778 0.082
1644213.635 0.083
1635937.511 0.084
1627692.911 0.085
1619480.351 0.086
1611300.352 0.087
1603153.446 0.087
1595040.173 0.088
1586961.081 0.089
1578916.728 0.090
1570907.679 0.091
1562934.509 0.092
1554997.802 0.093
1547098.151 0.094
1539236.158 0.094
1531412.435 0.095
1523627.602 0.096
1515882.291 0.097
1508177.140 0.098
1500512.800 0.099
1492889.930 0.100
1485309.199 0.101
1477771.285 0.102
1470276.878 0.103
1462826.677 0.104
1455421.389 0.105
1448061.735 0.106
1440748.442 0.107
1433482.249 0.108
1426263.906 0.109
1419094.172 0.110
1411973.815 0.111
1404903.616 0.112
1397884.364 0.113
1390916.857 0.114
1384001.906 0.115
1377140.330 0.116
1370332.958 0.118
1363580.630 0.119
1356884.193 0.120
1350244.507 0.121
1343662.440 0.122
1337138.869 0.123
1330674.679 0.124
1324270.768 0.125
1317928.038 0.126
1311647.403 0.128
1305429.785 0.129
1299276.114 0.130
1293187.325 0.131
1287164.366 0.132
1281208.188 0.133
1275319.751 0.134
1269500.021 0.136
1263749.970 0.137
1258070.578 0.138
1252462.827 0.139
1246927.708 0.140
1241466.214 0.141
1236079.342 0.142
1230768.094 0.144
1225533.475 0.145
1220376.491 0.146
1215298.152 0.147
1210299.467 0.148
1205381.448 0.149
1200545.106 0.150
1195791.451 0.151
1191121.492 0.152
1186536.237 0.154
1182036.688 0.155
1177623.847 0.156
1173298.710 0.157
1169062.267 0.158
1164915.503 0.159
1160859.396 0.160
1156894.915 0.161
1153023.022 0.162
1149244.667 0.163
1145560.791 0.164
1141972.324 0.165
1138480.181 0.166
1135085.267 0.166
1131788.469 0.167
1128590.660 0.168
1125492.697 0.169
1122495.419 0.170
1119599.647 0.171
1116806.182 0.171
1114115.804 0.172
1111529.273 0.173
1109047.325 0.174
1106670.675 0.174
1104400.011 0.175
1102235.998 0.176
1100179.274 0.176
1098230.449 0.177
1096390.107 0.177
1094658.802 0.178
1093037.059 0.178
1091525.374 0.179
1090124.209 0.179
1088833.997 0.179
1087655.139 0.180
1086588.001 0.180
1085632.917 0.180
1084790.187 0.181
1084060.076 0.181
1083442.814 0.181
1082938.598 0.181
1082547.587 0.181
1082269.905 0.181
1082105.641 0.182
1082054.848 0.182
1082117.540 0.181
1082293.699 0.181
1082583.267 0.181
1082986.154 0.181
1083502.231 0.181
1084131.334 0.181
1084873.265 0.181
1085727.788 0.180
1086694.635 0.180
1087773.503 0.180
1088964.055 0.179
1090265.919 0.179
1091678.692 0.179
1093201.939 0.178
1094835.193 0.178
1096577.955 0.177
1098429.698 0.177
1100389.864 0.176
1102457.866 0.176
1104633.091 0.175
1106914.899 0.174
1109302.622 0.174
1111795.568 0.173
1114393.022 0.172
1117094.244 0.171
1119898.473 0.171
1122804.925 0.170
1125812.798 0.169
1128921.269 0.168
1132129.496 0.167
1135436.622 0.166
1138841.772 0.165
1142344.056 0.165
1145942.570 0.164
1149636.394 0.163
1153424.600 0.162
1157306.246 0.161
1161280.378 0.160
1165346.035 0.159
1169502.247 0.158
1173748.034 0.157
1178082.413 0.156
1182504.390 0.155
1187012.971 0.153
1191607.154 0.152
1196285.934 0.151
1201048.304 0.150
1205893.256 0.149
1210819.779 0.148
1215826.861 0.147
1220913.492 0.146
1226078.662 0.145
1231321.361 0.143
1236640.583 0.142
1242035.324 0.141
1247504.583 0.140
1253047.362 0.139
1258662.668 0.138
1264349.513 0.137
1270106.913 0.135
1275933.890 0.134
1281829.473 0.133
1287792.695 0.132
1293822.599 0.131
1299918.232 0.130
1306078.650 0.129
1312302.916 0.127
1318590.101 0.126
1324939.285 0.125
1331349.556 0.124
1337820.011 0.123
1344349.754 0.122
1350937.900 0.121
1357583.573 0.120
1364285.907 0.119
1371044.042 0.117
1377857.133 0.116
1384724.340 0.115
1391644.836 0.114
1398617.802 0.113
1405642.430 0.112
1412717.921 0.111
1419843.486 0.110
1427018.349 0.109
1434241.739 0.108
1441512.901 0.107
1448831.085 0.106
1456195.553 0.105
1463605.578 0.104
1471060.442 0.103
1478559.438 0.102
1486101.868 0.101
1493687.044 0.100
1501314.287 0.099
1508982.931 0.098
1516692.317 0.097
1524441.796 0.096
1532230.729 0.095
1540058.487 0.094
1547924.451 0.093
1555828.009 0.093
1563768.560 0.092
1571745.512 0.091
1579758.282 0.090
1587806.297 0.089
1595888.991 0.088
1604005.808 0.087
1612156.201 0.086
1620339.631 0.086
1628555.567 0.085
1636803.488 0.084
1645082.880 0.083
1653393.237 0.082
1661734.062 0.082
1670104.865 0.081
1678505.166 0.080
1686934.489 0.079
1695392.370 0.079
1703878.349 0.078
1712391.974 0.077
1720932.803 0.076
1729500.398 0.076
1738094.330 0.075
1746714.175 0.074
1755359.519 0.073
1764029.952 0.073
1772725.071 0.072
1781444.481 0.071
1790187.793 0.071
1798954.623 0.070
1807744.595 0.069
1816557.337 0.069
1825392.486 0.068
1834249.682 0.068
1843128.574 0.067
1852028.812 0.066
1860950.057 0.066
1869891.973 0.065
1878854.228 0.064
1887836.497 0.064
1896838.462 0.063
1905859.807 0.063
1914900.222 0.062
1923959.404 0.062
1933037.052 0.061
1942132.871 0.060
1951246.573 0.060
1960377.870 0.059
1969526.482 0.059
1978692.134 0.058
1987874.552 0.058
1997073.470 0.057
2006288.624 0.057
2015519.756 0.056
2024766.609 0.056
2034028.933 0.055
2043306.481 0.055
2052599.010 0.054
2061906.281 0.054
2071228.058 0.053
2080564.109 0.053
2089914.206 0.052
2099278.124 0.052
2108655.643 0.052
2118046.544 0.051
2127450.614 0.051
2136867.640 0.050
2146297.416 0.050
2155739.737 0.049
2165194.400 0.049
2174661.209 0.049
2184139.968 0.048
2193630.483 0.048
2203132.566 0.047
2212646.030 0.047
2222170.692 0.047
2231706.370 0.046
2241252.885 0.046
2250810.063 0.045
2260377.730 0.045
2269955.716 0.045
2279543.853 0.044
2289141.975 0.044
2298749.919 0.044
2308367.525 0.043
2317994.634 0.043
2327631.090 0.042
2337276.740 0.042
2346931.432 0.042
2356595.017 0.041
2366267.347 0.041
2375948.278 0.041
2385637.666 0.040
2395335.371 0.040
2405041.253 0.040
2414755.176 0.040
2424477.004 0.039
2434206.604 0.039
2443943.845 0.039
2453688.598 0.038
2463440.735 0.038
2473200.129 0.038
2482966.657 0.037
2492740.196 0.037
2502520.625 0.037
2512307.825 0.037
2522101.679 0.036
2531902.070 0.036
2541708.885 0.036
2551522.010 0.035
2561341.334 0.035
2571166.746 0.035
2580998.140 0.035
2590835.407 0.034
2600678.442 0.034
2610527.141 0.034
2620381.401 0.034
2630241.120 0.033
2640106.199 0.033
2649976.537 0.033
2659852.039 0.033
2669732.607 0.032
2679618.146 0.032
2689508.563 0.032
2699403.764 0.032
2709303.658 0.032
2719208.154 0.031
2729117.163 0.031
2739030.597 0.031
2748948.369 0.031
2758870.393 0.030
2768796.584 0.030
2778726.857 0.030
2788661.130 0.030
2798599.321 0.030
2808541.349 0.029
2818487.134 0.029
2828436.597 0.029
2838389.660 0.029
2848346.246 0.029
2858306.278 0.028
2868269.681 0.028
2878236.381 0.028
2888206.304 0.028
2898179.378 0.028
2908155.530 0.027
2918134.690 0.027
2928116.786 0.027
2938101.750 0.027
2948089.513 0.027
2958080.008 0.027
2968073.166 0.026
2978068.921 0.026
2988067.209 0.026
2998067.963 0.026
3008071.120 0.026
3018076.616 0.026
3028084.389 0.025
3038094.376 0.025
3048106.515 0.025
3058120.747 0.025
3068137.010 0.025
3078155.246 0.025
3088175.395 0.024
3098197.399 0.024
3108221.201 0.024
3118246.743 0.024
3128273.969 0.024
3138302.823 0.024
3148333.250 0.023
3158365.196 0.023
3168398.605 0.023
3178433.425 0.023
3188469.601 0.023
3198507.083 0.023
3208545.817 0.023
3218585.753 0.022
3228626.839 0.022
3238669.024 0.022
3248712.259 0.022
3258756.495 0.022
3268801.682 0.022
3278847.771 0.022
3288894.715 0.022
3298942.466 0.021
3308990.977 0.021
3319040.201 0.021
3329090.092 0.021
3339140.603 0.021
3349191.691 0.021
3359243.308 0.021
3369295.412 0.021
3379347.958 0.020
3389400.901 0.020
3399454.200 0.020
3409507.809 0.020
3419561.688 0.020
3429615.794 0.020
3439670.085 0.020
3449724.520 0.020
3459779.056 0.019
3469833.655 0.019
3479888.275 0.019
3489942.876 0.019
3499997.419 0.019
3510051.864 0.019
3520106.172 0.019
3530160.305 0.019
3540214.224 0.019
3550267.891 0.019
3560321.268 0.018
3570374.319 0.018
3580427.005 0.018
3590479.291 0.018
3600531.139 0.018
3610582.514 0.018
3620633.379 0.018
3630683.699 0.018
3640733.438 0.018
3650782.563 0.018
3660831.037 0.017
3670878.826 0.017
3680925.896 0.017
3690972.213 0.017
3701017.744 0.017
3711062.455 0.017
3721106.312 0.017
3731149.283 0.017
3741191.335 0.017
3751232.436 0.017
3761272.554 0.017
3771311.656 0.016
3781349.711 0.016
3791386.687 0.016
3801422.553 0.016
3811457.279 0.016
3821490.832 0.016
3831523.184 0.016
3841554.302 0.016
3851584.158 0.016
3861612.721 0.016
3871639.962 0.016
3881665.850 0.016
3891690.357 0.015
3901713.454 0.015
3911735.111 0.015
3921755.301 0.015
3931773.994 0.015
3941791.162 0.015
3951806.777 0.015
3961820.811 0.015
3971833.236 0.015
3981844.025 0.015
3991853.150 0.015
4001860.585 0.015
4011866.301 0.015
4021870.273 0.014
4031872.473 0.014
4041872.875 0.014
4051871.453 0.014
4061868.181 0.014
4071863.031 0.014
4081855.980 0.014
4091847.000 0.014
4101836.067 0.014
4111823.154 0.014
4121808.237 0.014
4131791.291 0.014
4141772.291 0.014
4151751.212 0.014
4161728.028 0.013
4171702.717 0.013
4181675.253 0.013
4191645.613 0.013
4201613.772 0.013
4211579.706 0.013
4221543.391 0.013
4231504.805 0.013
4241463.923 0.013
4251420.722 0.013
4261375.179 0.013
4271327.270 0.013
4281276.973 0.013
4291224.265 0.013
4301169.123 0.013
4311111.524 0.013
4321051.446 0.013
4330988.867 0.012
4340923.765 0.012
4350856.116 0.012
4360785.900 0.012
4370713.094 0.012
4380637.676 0.012
4390559.626 0.012
4400478.921 0.012
4410395.539 0.012
4420309.460 0.012
4430220.663 0.012
4440129.125 0.012
4450034.827 0.012
4459937.747 0.012
4469837.865 0.012
4479735.159 0.012
4489629.609 0.012
4499521.195 0.012
4509409.897 0.012
4519295.693 0.011
4529178.564 0.011
4539058.489 0.011
4548935.449 0.011
4558809.424 0.011
4568680.394 0.011
4578548.339 0.011
4588413.239 0.011
4598275.075 0.011
4608133.828 0.011
4617989.478 0.011
4627842.005 0.011
4637691.392 0.011
4647537.617 0.011
4657380.663 0.011
4667220.511 0.011
4677057.141 0.011
4686890.535 0.011
4696720.675 0.011
4706547.540 0.011
4716371.114 0.011
4726191.377 0.010
4736008.312 0.010
4745821.899 0.010
4755632.121 0.010
4765438.960 0.010
4775242.396 0.010
4785042.413 0.010
4794838.993 0.010
4804632.117 0.010
4814421.768 0.010
4824207.928 0.010
4833990.580 0.010
4843769.706 0.010
4853545.287 0.010
4863317.308 0.010
4873085.751 0.010
4882850.597 0.010
4892611.831 0.010
4902369.435 0.010
4912123.391 0.010
4921873.683 0.010
4931620.294 0.010
4941363.207 0.010
4951102.405 0.010
4960837.871 0.010
4970569.588 0.009
4980297.541 0.009
4990021.712 0.009
4999742.084 0.009
5009458.642 0.009
5019171.369 0.009
5028880.248 0.009
5038585.263 0.009
5048286.398 0.009
5057983.637 0.009
5067676.964 0.009
5077366.362 0.009
5087051.815 0.009
5096733.309 0.009
5106410.825 0.009
5116084.350 0.009
5125753.867 0.009
5135419.360 0.009
5145080.813 0.009
5154738.211 0.009
5164391.539 0.009
5174040.780 0.009
5183685.920 0.009
5193326.942 0.009
5202963.832 0.009
5212596.574 0.009
5222225.153 0.009
5231849.553 0.009
5241469.760 0.009
5251085.758 0.009
5260697.532 0.008
5270305.067 0.008
5279908.348 0.008
5289507.360 0.008
5299102.089 0.008
5308692.519 0.008
5318278.635 0.008
5327860.423 0.008
390346.419 0.777
378151.315 0.797
365955.834 0.817
353759.990 0.837
341563.793 0.856
329367.256 0.875
317170.392 0.893
304973.211 0.910
292775.727 0.926
280577.952 0.941
268379.898 0.954
256181.576 0.965
243983.000 0.974
231784.180 0.982
219585.130 0.988
207385.861 0.993
195186.386 0.996
182986.717 0.998
170786.866 0.999
158586.844 1.000
146386.665 1.000
134186.340 1.000
121985.881 1.000
109785.302 1.000
97584.612 1.000
85383.826 1.000
73182.955 1.000
60982.010 1.000
48781.006 1.000
36579.952 1.000
24378.862 1.000
12177.748 1.000
23.378 1.000
12224.504 1.000
24425.618 1.000
36626.708 1.000
48827.761 1.000
61028.766 1.000
73229.710 1.000
85430.581 1.000
97631.367 1.000
109832.055 1.000
122032.635 1.000
134233.093 1.000
146433.417 1.000
158633.596 1.000
170833.617 0.999
183033.468 0.998
195233.136 0.996
207432.610 0.993
219631.878 0.988
231830.927 0.982
244029.746 0.974
256228.321 0.965
268426.642 0.953
280624.695 0.940
292822.469 0.926
305019.952 0.910
317217.131 0.893
329413.994 0.875
341610.530 0.856
353806.725 0.837
366002.568 0.817
378198.047 0.797
390393.150 0.777
402587.864 0.756
414782.177 0.736
426976.077 0.716
439169.553 0.696
451362.591 0.677
463555.180 0.658
475747.308 0.639
487938.962 0.621
500130.130 0.603
512320.801 0.586
524510.961 0.569
536700.600 0.553
548889.704 0.537
561078.263 0.521
573266.262 0.507
585453.691 0.492
597640.538 0.478
609826.789 0.465
622012.434 0.452
634197.459 0.439
646381.853 0.427
658565.604 0.416
670748.699 0.404
682931.127 0.393
695112.874 0.383
707293.930 0.373
719474.282 0.363
731653.918 0.353
743832.826 0.344
756010.993 0.335
768188.408 0.327
780365.058 0.319
792540.931 0.311
804716.016 0.303
816890.300 0.296
829063.770 0.288
841236.415 0.281
853408.223 0.275
865579.182 0.268
877749.279 0.262
889918.502 0.256
902086.839 0.250
914254.279 0.244
926420.809 0.239
938586.416 0.233
950751.089 0.228
962914.816 0.223
975077.584 0.218
987239.382 0.214
999400.198 0.209
1011560.018 0.205
1023718.832 0.200
1035876.626 0.196
1048033.390 0.192
1060189.110 0.188
1072343.775 0.184
1084497.373 0.181
1096649.891 0.177
1108801.318 0.174
1120951.641 0.170
1133100.848 0.167
1145248.928 0.164
1157395.867 0.161
1169541.654 0.158
1181686.278 0.155
1193829.725 0.152
1205971.984 0.149
1218113.042 0.146
1230252.888 0.144
1242391.509 0.141
1254528.894 0.139
1266665.030 0.136
1278799.905 0.134
1290933.507 0.131
1303065.825 0.129
1315196.845 0.127
1327326.556 0.125
1339454.946 0.123
1351582.003 0.121
1363707.714 0.119
1375832.068 0.117
1387955.052 0.115
1400076.655 0.113
1412196.865 0.111
1424315.668 0.109
1436433.054 0.108
1448549.010 0.106
1460663.525 0.104
1472776.585 0.103
1484888.179 0.101
1496998.296 0.100
1509106.922 0.098
1521214.046 0.097
1533319.656 0.095
1545423.739 0.094
1557526.285 0.092
1569627.280 0.091
1581726.712 0.090
1593824.570 0.088
1605920.842 0.087
1618015.515 0.086
1630108.578 0.085
1642200.018 0.083
1654289.823 0.082
1666377.982 0.081
1678464.482 0.080
1690549.311 0.079
1702632.457 0.078
1714713.909 0.077
1726793.654 0.076
1738871.680 0.075
1750947.975 0.074
1763022.527 0.073
1775095.325 0.072
1787166.355 0.071
1799235.606 0.070
1811303.067 0.069
1823368.724 0.068
1835432.567 0.067
1847494.582 0.067
1859554.759 0.066
1871613.084 0.065
1883669.547 0.064
1895724.134 0.063
1907776.835 0.063
1919827.636 0.062
1931876.527 0.061
1943923.494 0.060
1955968.526 0.060
1968011.612 0.059
1980052.738 0.058
1992091.894 0.058
2004129.066 0.057
2016164.244 0.056
2028197.415 0.056
2040228.566 0.055
2052257.687 0.054
2064284.765 0.054
2076309.789 0.053
2088332.745 0.053
2100353.623 0.052
2112372.410 0.051
2124389.094 0.051
2136403.663 0.050
2148416.106 0.050
2160426.411 0.049
2172434.565 0.049
2184440.556 0.048
2196444.373 0.048
2208446.004 0.047
2220445.436 0.047
2232442.658 0.046
2244437.657 0.046
2256430.423 0.045
2268420.942 0.045
2280409.204 0.044
2292395.195 0.044
2304378.905 0.043
2316360.320 0.043
2328339.430 0.042
2340316.222 0.042
2352290.685 0.042
2364262.806 0.041
2376232.573 0.041
2388199.976 0.040
2400165.000 0.040
2412127.636 0.040
2424087.871 0.039
2436045.692 0.039
2448001.089 0.039
2459954.049 0.038
2471904.560 0.038
2483852.610 0.037
2495798.188 0.037
2507741.282 0.037
2519681.879 0.036
2531619.968 0.036
2543555.537 0.036
2555488.574 0.035
2567419.067 0.035
2579347.004 0.035
2591272.374 0.034
2603195.165 0.034
2615115.364 0.034
2627032.959 0.034
2638947.940 0.033
2650860.294 0.033
2662770.009 0.033
2674677.074 0.032
2686581.475 0.032
2698483.203 0.032
2710382.244 0.032
2722278.588 0.031
2734172.221 0.031
2746063.133 0.031
2757951.311 0.030
2769836.744 0.030
2781719.419 0.030
2793599.326 0.030
2805476.451 0.029
2817350.784 0.029
2829222.312 0.029
2841091.024 0.029
2852956.908 0.028
2864819.951 0.028
2876680.143 0.028
2888537.472 0.028
2900391.925 0.028
2912243.490 0.027
2924092.157 0.027
2935937.913 0.027
2947780.746 0.027
2959620.645 0.027
2971457.597 0.026
2983291.592 0.026
2995122.617 0.026
3006950.660 0.026
3018775.710 0.025
3030597.755 0.025
3042416.783 0.025
3054232.783 0.025
3066045.742 0.025
3077855.649 0.025
3089662.492 0.024
3101466.260 0.024
3113266.939 0.024
3125064.520 0.024
3136858.990 0.024
3148650.337 0.023
3160438.550 0.023
3172223.617 0.023
3184005.526 0.023
3195784.265 0.023
3207559.823 0.023
3219332.188 0.022
3231101.348 0.022
3242867.292 0.022
3254630.008 0.022
3266389.483 0.022
3278145.707 0.022
3289898.668 0.022
3301648.353 0.021
3313394.752 0.021
3325137.853 0.021
3336877.643 0.021
3348614.112 0.021
3360347.247 0.021
3372077.037 0.020
3383803.470 0.020
3395526.534 0.020
3407246.219 0.020
3418962.511 0.020
3430675.400 0.020
3442384.874 0.020
3454090.921 0.020
3465793.530 0.019
3477492.688 0.019
3489188.384 0.019
3500880.607 0.019
3512569.345 0.019
3524254.587 0.019
3535936.319 0.019
3547614.532 0.019
3559289.214 0.018
3570960.352 0.018
3582627.935 0.018
3594291.951 0.018
3605952.390 0.018
3617609.239 0.018
3629262.486 0.018
3640912.121 0.018
3652558.131 0.017
3664200.505 0.017
3675839.232 0.017
3687474.299 0.017
3699105.695 0.017
3710733.408 0.017
3722357.428 0.017
3733977.742 0.017
3745594.339 0.017
3757207.207 0.017
3768816.335 0.016
3780421.711 0.016
3792023.323 0.016
3803621.161 0.016
3815215.212 0.016
3826805.465 0.016
3838391.908 0.016
3849974.531 0.016
3861553.320 0.016
3873128.265 0.016
3884699.355 0.015
3896266.577 0.015
3907829.921 0.015
3919389.374 0.015
3930944.926 0.015
3942496.564 0.015
3954044.277 0.015
3965588.055 0.015
20.055 2107930.645 0.066090431
20.123 2104487.237 0.066157738
20.190 2101057.811 0.066225452
20.258 2097642.440 0.066293565
20.325 2094241.195 0.066362069
20.392 2090854.148 0.066430956
20.459 2087481.370 0.066500219
20.526 2084122.932 0.066569850
20.593 2080778.907 0.066639840
20.659 2077449.368 0.066710182
20.726 2074134.385 0.066780867
20.793 2070834.032 0.066851888
20.859 2067548.381 0.066923237
20.925 2064277.505 0.066994905
20.992 2061021.476 0.067066883
21.058 2057780.367 0.067139165
21.124 2054554.252 0.067211740
21.190 2051343.203 0.067284602
21.255 2048147.294 0.067357742
21.321 2044966.598 0.067431150
21.387 2041801.189 0.067504819
21.452 2038651.139 0.067578740
21.517 2035516.523 0.067652905
21.582 2032397.414 0.067727304
21.647 2029293.886 0.067801930
21.712 2026206.013 0.067876772
21.777 2023133.869 0.067951823
21.841 2020077.528 0.068027073
21.906 2017037.064 0.068102514
21.970 2014012.551 0.068178137
22.034 2011004.062 0.068253932
22.098 2008011.673 0.068329891
22.161 2005035.458 0.068406004
22.225 2002075.490 0.068482262
22.288 1999131.845 0.068558657
22.351 1996204.596 0.068635178
22.414 1993293.817 0.068711816
22.477 1990399.584 0.068788563
22.540 1987521.970 0.068865408
22.602 1984661.049 0.068942342
22.664 1981816.897 0.069019355
22.726 1978989.587 0.069096439
22.788 1976179.194 0.069173583
22.850 1973385.791 0.069250778
22.911 1970609.453 0.069328014
22.972 1967850.255 0.069405281
23.033 1965108.270 0.069482570
23.094 1962383.572 0.069559870
23.155 1959676.236 0.069637172
23.215 1956986.335 0.069714466
23.275 1954313.943 0.069791742
23.335 1951659.133 0.069868990
23.394 1949021.981 0.069946200
23.454 1946402.559 0.070023361
23.513 1943800.940 0.070100464
23.571 1941217.198 0.070177498
23.630 1938651.406 0.070254454
23.688 1936103.638 0.070331321
23.746 1933573.965 0.070408089
23.804 1931062.462 0.070484747
23.861 1928569.200 0.070561285
23.919 1926094.253 0.070637693
23.976 1923637.692 0.070713960
24.032 1921199.590 0.070790077
24.088 1918780.018 0.070866031
24.145 1916379.049 0.070941815
24.200 1913996.754 0.071017415
24.256 1911633.204 0.071092823
24.311 1909288.471 0.071168027
24.366 1906962.625 0.071243017
24.420 1904655.737 0.071317783
24.474 1902367.878 0.071392314
24.528 1900099.118 0.071466598
24.582 1897849.526 0.071540627
24.635 1895619.173 0.071614388
24.688 1893408.128 0.071687872
24.740 1891216.459 0.071761068
24.792 1889044.236 0.071833964
24.844 1886891.527 0.071906551
24.896 1884758.401 0.071978818
24.947 1882644.925 0.072050754
24.997 1880551.167 0.072122349
25.048 1878477.194 0.072193591
25.098 1876423.072 0.072264471
25.147 1874388.869 0.072334977
25.197 1872374.651 0.072405100
25.246 1870380.483 0.072474827
25.294 1868406.431 0.072544150
25.342 1866452.559 0.072613056
25.390 1864518.932 0.072681537
25.437 1862605.615 0.072749580
25.484 1860712.671 0.072817176
25.530 1858840.164 0.072884314
25.576 1856988.156 0.072950984
25.622 1855156.710 0.073017175
25.667 1853345.887 0.073082877
25.712 1851555.750 0.073148080
25.756 1849786.359 0.073212773
25.800 1848037.775 0.073276945
25.844 1846310.059 0.073340587
25.887 1844603.268 0.073403689
25.929 1842917.463 0.073466240
25.971 1841252.703 0.073528230
26.013 1839609.044 0.073589650
26.054 1837986.545 0.073650489
26.095 1836385.263 0.073710737
26.135 1834805.253 0.073770384
26.175 1833246.572 0.073829421
26.215 1831709.274 0.073887838
26.253 1830193.416 0.073945625
26.292 1828699.049 0.074002773
26.330 1827226.229 0.074059271
26.367 1825775.007 0.074115112
26.404 1824345.436 0.074170284
26.440 1822937.568 0.074224780
26.476 1821551.454 0.074278589
26.512 1820187.143 0.074331703
26.547 1818844.685 0.074384112
26.581 1817524.130 0.074435808
26.615 1816225.526 0.074486782
26.648 1814948.920 0.074537025
26.681 1813694.359 0.074586528
26.713 1812461.890 0.074635283
26.745 1811251.558 0.074683281
26.776 1810063.408 0.074730515
26.807 1808897.484 0.074776975
26.837 1807753.829 0.074822654
26.867 1806632.487 0.074867543
26.896 1805533.498 0.074911635
26.924 1804456.905 0.074954923
26.952 1803402.748 0.074997397
26.980 1802371.066 0.075039051
27.006 1801361.898 0.075079878
27.033 1800375.282 0.075119870
27.058 1799411.257 0.075159020
27.083 1798469.857 0.075197321
27.108 1797551.119 0.075234766
27.132 1796655.078 0.075271349
27.155 1795781.768 0.075307062
27.178 1794931.222 0.075341899
27.200 1794103.473 0.075375855
27.222 1793298.552 0.075408922
27.243 1792516.490 0.075441096
27.264 1791757.318 0.075472369
27.284 1791021.064 0.075502737
27.303 1790307.756 0.075532193
27.322 1789617.422 0.075560733
27.340 1788950.089 0.075588351
27.357 1788305.782 0.075615041
27.374 1787684.525 0.075640800
27.390 1787086.344 0.075665623
27.406 1786511.261 0.075689504
27.421 1785959.297 0.075712439
27.436 1785430.475 0.075734424
27.449 1784924.815 0.075755456
27.463 1784442.336 0.075775529
27.475 1783983.056 0.075794641
27.487 1783546.994 0.075812788
27.499 1783134.166 0.075829965
27.509 1782744.589 0.075846171
27.520 1782378.276 0.075861402
27.529 1782035.241 0.075875656
27.538 1781715.499 0.075888929
27.546 1781419.061 0.075901218
27.554 1781145.938 0.075912523
27.561 1780896.141 0.075922840
27.567 1780669.679 0.075932168
27.573 1780466.560 0.075940505
27.578 1780286.793 0.075947848
27.583 1780130.382 0.075954198
27.587 1779997.335 0.075959552
27.590 1779887.655 0.075963910
27.593 1779801.347 0.075967271
27.595 1779738.413 0.075969633
27.596 1779698.855 0.075970997
27.597 1779682.674 0.075971363
27.597 1779689.871 0.075970729
27.596 1779720.443 0.075969097
27.595 1779774.389 0.075966467
27.594 1779851.706 0.075962838
27.591 1779952.391 0.075958212
27.588 1780076.438 0.075952589
27.584 1780223.843 0.075945971
27.580 1780394.598 0.075938359
27.575 1780588.695 0.075929753
27.570 1780806.127 0.075920156
27.563 1781046.884 0.075909570
27.557 1781310.955 0.075897995
27.549 1781598.329 0.075885435
27.541 1781908.994 0.075871892
27.533 1782242.937 0.075857368
27.523 1782600.144 0.075841866
27.513 1782980.600 0.075825388
27.503 1783384.288 0.075807938
27.492 1783811.193 0.075789519
27.480 1784261.295 0.075770135
27.467 1784734.577 0.075749787
27.454 1785231.020 0.075728482
27.441 1785750.602 0.075706222
27.427 1786293.302 0.075683011
27.412 1786859.098 0.075658854
27.396 1787447.967 0.075633755
27.380 1788059.885 0.075607718
27.364 1788694.826 0.075580749
27.346 1789352.766 0.075552852
27.329 1790033.678 0.075524033
27.310 1790737.533 0.075494296
27.291 1791464.304 0.075463646
27.271 1792213.961 0.075432090
27.251 1792986.475 0.075399634
27.230 1793781.814 0.075366282
27.209 1794599.947 0.075332040
27.187 1795440.841 0.075296916
27.164 1796304.462 0.075260915
27.141 1797190.777 0.075224044
27.118 1798099.750 0.075186309
27.093 1799031.346 0.075147717
27.068 1799985.527 0.075108275
27.043 1800962.257 0.075067989
27.017 1801961.497 0.075026867
26.990 1802983.208 0.074984917
26.963 1804027.350 0.074942144
26.936 1805093.884 0.074898558
26.907 1806182.766 0.074854165
26.879 1807293.956 0.074808973
26.849 1808427.411 0.074762991
26.820 1809583.086 0.074716225
26.789 1810760.938 0.074668685
26.758 1811960.922 0.074620378
26.727 1813182.992 0.074571313
26.695 1814427.102 0.074521497
26.662 1815693.204 0.074470940
26.629 1816981.251 0.074419651
26.596 1818291.193 0.074367637
26.562 1819622.983 0.074314908
26.527 1820976.570 0.074261472
26.492 1822351.904 0.074207339
26.456 1823748.933 0.074152518
26.420 1825167.606 0.074097017
26.384 1826607.871 0.074040847
26.347 1828069.674 0.073984016
26.309 1829552.961 0.073926533
26.271 1831057.680 0.073868409
26.232 1832583.773 0.073809652
26.193 1834131.188 0.073750273
26.154 1835699.866 0.073690282
26.114 1837289.752 0.073629686
26.073 1838900.788 0.073568498
26.033 1840532.918 0.073506726
25.991 1842186.082 0.073444381
25.949 1843860.222 0.073381472
25.907 1845555.279 0.073318009
25.865 1847271.192 0.073254003
25.821 1849007.902 0.073189464
25.778 1850765.348 0.073124402
25.734 1852543.468 0.073058827
25.689 1854342.201 0.072992749
25.645 1856161.485 0.072926178
25.599 1858001.256 0.072859126
25.554 1859861.451 0.072791602
25.508 1861742.008 0.072723617
25.461 1863642.862 0.072655181
25.414 1865563.949 0.072586305
25.367 1867505.203 0.072516998
25.319 1869466.560 0.072447272
25.271 1871447.953 0.072377138
25.223 1873449.318 0.072306605
25.174 1875470.587 0.072235684
25.124 1877511.693 0.072164385
25.075 1879572.570 0.072092720
25.025 1881653.150 0.072020699
24.975 1883753.364 0.071948332
24.924 1885873.146 0.071875630
24.873 1888012.427 0.071802603
24.821 1890171.137 0.071729263
24.770 1892349.207 0.071655619
24.717 1894546.569 0.071581682
24.665 1896763.152 0.071507464
24.612 1898998.887 0.071432973
24.559 1901253.702 0.071358222
24.506 1903527.529 0.071283220
24.452 1905820.295 0.071207978
24.398 1908131.930 0.071132506
24.343 1910462.363 0.071056815
24.289 1912811.522 0.070980916
24.234 1915179.336 0.070904819
24.178 1917565.732 0.070828533
24.123 1919970.639 0.070752071
24.067 1922393.984 0.070675442
24.011 1924835.695 0.070598656
23.954 1927295.698 0.070521724
23.897 1929773.922 0.070444656
23.840 1932270.293 0.070367462
23.783 1934784.738 0.070290153
23.726 1937317.184 0.070212739
23.668 1939867.557 0.070135229
23.610 1942435.783 0.070057635
23.551 1945021.790 0.069979966
23.493 1947625.503 0.069902233
23.434 1950246.848 0.069824444
23.375 1952885.751 0.069746611
23.315 1955542.139 0.069668743
23.256 1958215.936 0.069590851
23.196 1960907.069 0.069512943
23.136 1963615.464 0.069435031
23.076 1966341.045 0.069357123
23.015 1969083.739 0.069279229
22.954 1971843.470 0.069201360
22.894 1974620.165 0.069123524
22.832 1977413.748 0.069045731
22.771 1980224.145 0.068967992
22.709 1983051.282 0.068890315
22.648 1985895.084 0.068812710
22.586 1988755.475 0.068735186
22.524 1991632.381 0.068657752
22.461 1994525.729 0.068580419
22.399 1997435.441 0.068503195
22.336 2000361.446 0.068426090
22.273 2003303.666 0.068349112
22.210 2006262.029 0.068272271
22.147 2009236.458 0.068195575
22.084 2012226.881 0.068119035
22.020 2015233.221 0.068042658
21.956 2018255.405 0.067966454
21.893 2021293.359 0.067890432
21.829 2024347.007 0.067814600
21.764 2027416.276 0.067738967
21.700 2030501.091 0.067663542
21.636 2033601.378 0.067588333
21.571 2036717.063 0.067513350
21.506 2039848.072 0.067438600
21.441 2042994.332 0.067364092
21.376 2046155.767 0.067289835
21.311 2049332.306 0.067215837
21.246 2052523.873 0.067142106
21.181 2055730.396 0.067068651
21.115 2058951.801 0.066995480
21.050 2062188.014 0.066922600
20.984 2065438.964 0.066850021
20.918 2068704.576 0.066777751
20.852 2071984.778 0.066705796
20.786 2075279.496 0.066634166
20.720 2078588.659 0.066562868
20.654 2081912.194 0.066491911
20.587 2085250.029 0.066421301
20.521 2088602.090 0.066351048
20.454 2091968.307 0.066281158
20.388 2095348.608 0.066211639
20.321 2098742.920 0.066142499
20.254 2102151.172 0.066073746
20.187 2105573.294 0.066005387
20.120 2109009.212 0.065937429
20.053 2112458.857 0.065869881
