20.082 2103350.243 0.066277567
20.200 2097302.885 0.066398002
20.319 2091262.327 0.066520426
20.439 2085228.635 0.066644844
20.558 2079201.875 0.066771257
20.679 2073182.114 0.066899670
20.800 2067169.420 0.067030087
20.921 2061163.861 0.067162509
21.043 2055165.507 0.067296941
21.165 2049174.428 0.067433388
21.288 2043190.693 0.067571852
21.412 2037214.375 0.067712338
21.535 2031245.545 0.067854851
21.660 2025284.277 0.067999393
21.785 2019330.643 0.068145970
21.910 2013384.719 0.068294587
22.036 2007446.579 0.068445247
22.162 2001516.298 0.068597956
22.289 1995593.955 0.068752718
22.417 1989679.625 0.068909539
22.545 1983773.388 0.069068422
22.673 1977875.322 0.069229374
22.803 1971985.506 0.069392399
22.932 1966104.023 0.069557503
23.062 1960230.952 0.069724690
23.193 1954366.378 0.069893967
23.324 1948510.381 0.070065338
23.456 1942663.048 0.070238810
23.589 1936824.462 0.070414387
23.722 1930994.709 0.070592075
23.855 1925173.877 0.070771880
23.989 1919362.052 0.070953807
24.124 1913559.323 0.071137863
24.259 1907765.779 0.071324052
24.395 1901981.512 0.071512380
24.531 1896206.611 0.071702855
24.668 1890441.169 0.071895480
24.806 1884685.280 0.072090262
24.944 1878939.038 0.072287206
25.083 1873202.537 0.072486319
25.222 1867475.874 0.072687607
25.362 1861759.145 0.072891074
25.503 1856052.449 0.073096727
25.644 1850355.885 0.073304572
25.785 1844669.554 0.073514613
25.928 1838993.555 0.073726858
26.071 1833327.992 0.073941311
26.214 1827672.968 0.074157978
26.359 1822028.587 0.074376864
26.503 1816394.954 0.074597975
26.649 1810772.176 0.074821317
26.795 1805160.361 0.075046894
26.942 1799559.617 0.075274712
27.089 1793970.054 0.075504775
27.237 1788391.784 0.075737090
27.386 1782824.917 0.075971661
27.535 1777269.569 0.076208492
27.685 1771725.852 0.076447588
27.836 1766193.883 0.076688954
27.987 1760673.778 0.076932594
28.139 1755165.655 0.077178513
28.292 1749669.635 0.077426714
28.445 1744185.836 0.077677202
28.599 1738714.381 0.077929979
28.753 1733255.392 0.078185051
28.909 1727808.994 0.078442419
29.065 1722375.312 0.078702088
29.221 1716954.473 0.078964059
29.378 1711546.605 0.079228337
29.536 1706151.837 0.079494922
29.695 1700770.299 0.079763818
29.854 1695402.124 0.080035027
30.014 1690047.444 0.080308549
30.175 1684706.395 0.080584387
30.337 1679379.112 0.080862542
30.499 1674065.732 0.081143013
30.661 1668766.394 0.081425803
30.825 1663481.238 0.081710910
30.989 1658210.405 0.081998335
31.154 1652954.039 0.082288078
31.320 1647712.283 0.082580136
31.486 1642485.283 0.082874510
31.653 1637273.185 0.083171197
31.821 1632076.139 0.083470194
31.989 1626894.295 0.083771500
32.158 1621727.803 0.084075112
32.328 1616576.817 0.084381026
32.499 1611441.490 0.084689238
32.670 1606321.980 0.084999743
32.842 1601218.442 0.085312538
33.015 1596131.036 0.085627616
33.188 1591059.922 0.085944971
33.362 1586005.262 0.086264597
33.537 1580967.218 0.086586487
33.713 1575945.957 0.086910633
33.889 1570941.645 0.087237027
34.066 1565954.448 0.087565661
34.243 1560984.538 0.087896524
34.422 1556032.084 0.088229606
34.601 1551097.260 0.088564897
34.781 1546180.239 0.088902384
34.961 1541281.197 0.089242057
35.143 1536400.313 0.089583902
35.325 1531537.763 0.089927905
35.507 1526693.730 0.090274052
35.690 1521868.395 0.090622327
35.875 1517061.942 0.090972715
36.059 1512274.555 0.091325199
36.245 1507506.423 0.091679761
36.431 1502757.733 0.092036383
36.618 1498028.675 0.092395044
36.805 1493319.441 0.092755726
36.993 1488630.224 0.093118406
37.182 1483961.220 0.093483063
37.372 1479312.624 0.093849673
37.562 1474684.634 0.094218212
37.753 1470077.451 0.094588656
37.944 1465491.275 0.094960977
38.136 1460926.309 0.095335150
38.329 1456382.757 0.095711146
38.522 1451860.826 0.096088935
38.716 1447360.723 0.096468487
38.911 1442882.658 0.096849771
39.106 1438426.840 0.097232754
39.302 1433993.482 0.097617402
39.499 1429582.797 0.098003681
39.696 1425195.002 0.098391553
39.893 1420830.312 0.098780983
40.091 1416488.946 0.099171931
40.290 1412171.125 0.099564358
40.490 1407877.068 0.099958221
40.689 1403606.999 0.100353480
40.890 1399361.142 0.100750090
41.091 1395139.723 0.101148006
41.292 1390942.968 0.101547183
41.494 1386771.107 0.101947571
41.696 1382624.368 0.102349122
41.899 1378502.983 0.102751786
42.102 1374407.185 0.103155511
42.306 1370337.207 0.103560243
42.510 1366293.285 0.103965928
42.715 1362275.655 0.104372510
42.919 1358284.554 0.104779931
43.125 1354320.221 0.105188131
43.330 1350382.897 0.105597051
43.536 1346472.822 0.106006629
43.742 1342590.238 0.106416801
43.949 1338735.390 0.106827501
44.156 1334908.520 0.107238664
44.363 1331109.876 0.107650221
44.570 1327339.703 0.108062103
44.777 1323598.248 0.108474239
44.985 1319885.759 0.108886557
45.192 1316202.486 0.109298981
45.400 1312548.679 0.109711438
45.608 1308924.588 0.110123848
45.816 1305330.465 0.110536135
46.024 1301766.560 0.110948217
46.232 1298233.128 0.111360014
46.440 1294730.422 0.111771441
46.648 1291258.694 0.112182415
46.856 1287818.200 0.112592849
47.064 1284409.194 0.113002656
47.272 1281031.931 0.113411747
47.479 1277686.666 0.113820031
47.686 1274373.655 0.114227417
47.893 1271093.153 0.114633811
48.100 1267845.416 0.115039119
48.306 1264630.700 0.115443244
48.512 1261449.261 0.115846090
48.718 1258301.354 0.116247559
48.923 1255187.236 0.116647549
49.127 1252107.161 0.117045961
49.331 1249061.385 0.117442692
49.535 1246050.162 0.117837639
49.737 1243073.747 0.118230696
49.939 1240132.393 0.118621759
50.141 1237226.353 0.119010722
50.341 1234355.880 0.119397475
50.541 1231521.225 0.119781911
50.740 1228722.639 0.120163921
50.938 1225960.373 0.120543394
51.135 1223234.675 0.120920218
51.331 1220545.792 0.121294283
51.525 1217893.972 0.121665475
51.719 1215279.460 0.122033681
51.912 1212702.499 0.122398789
52.103 1210163.333 0.122760682
52.292 1207662.202 0.123119248
52.481 1205199.346 0.123474371
52.668 1202775.002 0.123825935
52.853 1200389.406 0.124173825
53.037 1198042.792 0.124517925
53.219 1195735.391 0.124858121
53.399 1193467.434 0.125194295
53.578 1191239.149 0.125526332
53.755 1189050.760 0.125854118
53.930 1186902.490 0.126177536
54.102 1184794.559 0.126496472
54.273 1182727.186 0.126810811
54.442 1180700.586 0.127120440
54.608 1178714.970 0.127425244
54.772 1176770.549 0.127725111
54.934 1174867.528 0.128019930
55.093 1173006.112 0.128309589
55.250 1171186.499 0.128593978
55.404 1169408.888 0.128872987
55.556 1167673.472 0.129146510
55.705 1165980.440 0.129414439
55.851 1164329.980 0.129676668
55.994 1162722.273 0.129933094
56.134 1161157.500 0.130183615
56.271 1159635.836 0.130428128
56.405 1158157.451 0.130666535
56.536 1156722.513 0.130898739
56.664 1155331.186 0.131124644
56.788 1153983.629 0.131344157
56.909 1152679.995 0.131557184
57.027 1151420.436 0.131763639
57.141 1150205.098 0.131963432
57.251 1149034.121 0.132156479
57.358 1147907.643 0.132342698
57.461 1146825.796 0.132522008
57.560 1145788.707 0.132694333
57.655 1144796.498 0.132859597
57.746 1143849.288 0.133017728
57.834 1142947.188 0.133168657
57.917 1142090.308 0.133312317
57.996 1141278.748 0.133448645
58.071 1140512.606 0.133577581
58.142 1139791.975 0.133699066
58.209 1139116.942 0.133813047
58.271 1138487.588 0.133919473
58.329 1137903.988 0.134018295
58.382 1137366.215 0.134109469
58.431 1136874.333 0.134192953
58.476 1136428.403 0.134268711
58.516 1136028.478 0.134336706
58.552 1135674.607 0.134396909
58.583 1135366.834 0.134449292
58.610 1135105.195 0.134493831
58.631 1134889.724 0.134530505
58.649 1134720.446 0.134559298
58.662 1134597.381 0.134580196
58.670 1134520.546 0.134593190
58.673 1134489.948 0.134598274
58.672 1134505.591 0.134595446
58.666 1134567.473 0.134584706
58.656 1134675.587 0.134566060
58.641 1134829.918 0.134539517
58.621 1135030.447 0.134505088
58.597 1135277.149 0.134462789
58.568 1135569.994 0.134412639
58.534 1135908.945 0.134354662
58.496 1136293.960 0.134288884
58.454 1136724.992 0.134215335
58.407 1137201.988 0.134134048
58.356 1137724.889 0.134045061
58.300 1138293.630 0.133948412
58.240 1138908.143 0.133844147
58.175 1139568.352 0.133732312
58.107 1140274.177 0.133612958
58.034 1141025.532 0.133486136
57.957 1141822.326 0.133351905
57.875 1142664.463 0.133210324
57.790 1143551.841 0.133061456
57.701 1144484.354 0.132905365
57.608 1145461.890 0.132742121
57.510 1146484.333 0.132571795
57.409 1147551.561 0.132394460
57.305 1148663.448 0.132210194
57.196 1149819.864 0.132019076
57.084 1151020.671 0.131821188
56.968 1152265.729 0.131616613
56.849 1153554.895 0.131405439
56.727 1154888.017 0.131187753
56.601 1156264.943 0.130963648
56.472 1157685.515 0.130733216
56.339 1159149.569 0.130496553
56.204 1160656.939 0.130253754
56.065 1162207.456 0.130004919
55.923 1163800.943 0.129750148
55.779 1165437.224 0.129489543
55.632 1167116.116 0.129223208
55.481 1168837.433 0.128951248
55.329 1170600.986 0.128673769
55.173 1172406.582 0.128390879
55.015 1174254.024 0.128102687
54.855 1176143.114 0.127809302
54.692 1178073.648 0.127510835
54.527 1180045.421 0.127207398
54.360 1182058.223 0.126899103
54.190 1184111.843 0.126586064
54.018 1186206.066 0.126268394
53.845 1188340.676 0.125946207
53.669 1190515.451 0.125619619
53.492 1192730.171 0.125288745
53.312 1194984.609 0.124953699
53.131 1197278.538 0.124614598
52.948 1199611.730 0.124271557
52.764 1201983.953 0.123924692
52.578 1204394.972 0.123574118
52.391 1206844.554 0.123219951
52.202 1209332.459 0.122862307
52.011 1211858.450 0.122501299
51.820 1214422.285 0.122137044
51.627 1217023.723 0.121769656
51.433 1219662.518 0.121399247
51.238 1222338.427 0.121025932
51.042 1225051.202 0.120649823
50.845 1227800.596 0.120271032
50.647 1230586.361 0.119889671
50.447 1233408.246 0.119505849
50.248 1236266.000 0.119119678
39.925 1420481.159 0.098801248
40.089 1416897.317 0.099123844
40.253 1413341.175 0.099446387
40.416 1409812.948 0.099768820
40.580 1406312.848 0.100091089
40.743 1402841.090 0.100413135
40.906 1399397.889 0.100734901
41.068 1395983.460 0.101056327
41.230 1392598.017 0.101377354
41.392 1389241.776 0.101697921
41.554 1385914.953 0.102017966
41.715 1382617.763 0.102337426
41.876 1379350.423 0.102656239
42.037 1376113.148 0.102974339
42.197 1372906.154 0.103291661
42.357 1369729.658 0.103608139
42.516 1366583.874 0.103923707
42.674 1363469.020 0.104238297
42.832 1360385.311 0.104551841
42.990 1357332.962 0.104864268
43.147 1354312.188 0.105175510
43.303 1351323.204 0.105485495
43.458 1348366.225 0.105794153
43.613 1345441.464 0.106101411
43.767 1342549.136 0.106407196
43.921 1339689.452 0.106711436
44.073 1336862.627 0.107014056
44.225 1334068.870 0.107314981
44.376 1331308.394 0.107614137
44.526 1328581.408 0.107911449
44.675 1325888.122 0.108206840
44.823 1323228.744 0.108500233
44.970 1320603.482 0.108791552
45.116 1318012.543 0.109080720
45.261 1315456.131 0.109367658
45.405 1312934.451 0.109652290
45.547 1310447.706 0.109934536
45.689 1307996.098 0.110214319
45.829 1305579.827 0.110491560
45.968 1303199.091 0.110766179
46.106 1300854.090 0.111038099
46.242 1298545.017 0.111307240
46.377 1296272.068 0.111573523
46.511 1294035.436 0.111836870
46.643 1291835.310 0.112097201
46.774 1289671.880 0.112354438
46.903 1287545.334 0.112608503
47.031 1285455.855 0.112859316
47.157 1283403.628 0.113106800
47.281 1281388.832 0.113350878
47.404 1279411.648 0.113591471
47.525 1277472.251 0.113828504
47.644 1275570.816 0.114061899
47.761 1273707.514 0.114291580
47.877 1271882.515 0.114517472
47.990 1270095.985 0.114739501
48.102 1268348.090 0.114957592
48.212 1266638.989 0.115171672
48.320 1264968.843 0.115381669
48.425 1263337.807 0.115587510
48.529 1261746.035 0.115789126
48.630 1260193.676 0.115986445
48.730 1258680.878 0.116179400
48.827 1257207.785 0.116367923
48.922 1255774.537 0.116551947
49.014 1254381.274 0.116731406
49.105 1253028.130 0.116906237
49.193 1251715.235 0.117076376
49.278 1250442.717 0.117241762
49.361 1249210.702 0.117402334
49.442 1248019.310 0.117558034
49.520 1246868.659 0.117708804
49.596 1245758.861 0.117854589
49.669 1244690.029 0.117995333
49.740 1243662.267 0.118130985
49.807 1242675.680 0.118261494
49.873 1241730.364 0.118386810
49.935 1240826.417 0.118506886
49.995 1239963.928 0.118621676
50.053 1239142.985 0.118731136
50.107 1238363.672 0.118835225
50.159 1237626.067 0.118933901
50.208 1236930.245 0.119027128
50.254 1236276.277 0.119114868
50.297 1235664.231 0.119197089
50.337 1235094.169 0.119273757
50.375 1234566.149 0.119344843
50.409 1234080.226 0.119410319
50.441 1233636.449 0.119470160
50.470 1233234.864 0.119524341
50.495 1232875.513 0.119572841
50.518 1232558.432 0.119615642
50.538 1232283.654 0.119652726
50.555 1232051.207 0.119684078
50.569 1231861.116 0.119709687
50.580 1231713.399 0.119729541
50.588 1231608.072 0.119743634
50.593 1231545.146 0.119751959
50.595 1231524.626 0.119754513
50.594 1231546.514 0.119751294
50.590 1231610.808 0.119742305
50.582 1231717.500 0.119727549
50.572 1231866.580 0.119707031
50.559 1232058.031 0.119680760
50.543 1232291.833 0.119648746
50.524 1232567.961 0.119611001
50.502 1232886.386 0.119567541
50.477 1233247.075 0.119518383
50.449 1233649.989 0.119463546
50.419 1234095.087 0.119403051
50.385 1234582.322 0.119336922
50.348 1235111.644 0.119265185
50.309 1235682.997 0.119187869
50.266 1236296.322 0.119105003
50.221 1236951.555 0.119016619
50.173 1237648.630 0.118922752
50.122 1238387.473 0.118823437
50.069 1239168.010 0.118718714
50.012 1239990.160 0.118608623
49.953 1240853.840 0.118493205
49.891 1241758.960 0.118372505
49.827 1242705.430 0.118246568
49.760 1243693.154 0.118115442
49.690 1244722.032 0.117979176
49.618 1245791.960 0.117837823
49.543 1246902.831 0.117691433
49.465 1248054.534 0.117540062
49.385 1249246.955 0.117383765
49.303 1250479.976 0.117222601
49.218 1251753.474 0.117056628
49.131 1253067.325 0.116885905
49.042 1254421.401 0.116710496
48.950 1255815.568 0.116530464
48.856 1257249.692 0.116345871
48.759 1258723.634 0.116156785
48.661 1260237.252 0.115963271
48.560 1261790.403 0.115765398
48.457 1263382.937 0.115563234
48.352 1265014.704 0.115356849
48.245 1266685.550 0.115146315
48.136 1268395.318 0.114931702
48.025 1270143.850 0.114713084
47.912 1271930.982 0.114490533
47.797 1273756.551 0.114264124
47.681 1275620.388 0.114033932
47.562 1277522.323 0.113800031
47.442 1279462.185 0.113562499
47.320 1281439.799 0.113321411
47.196 1283454.987 0.113076844
47.071 1285507.570 0.112828876
46.944 1287597.367 0.112577584
46.816 1289724.195 0.112323047
46.686 1291887.866 0.112065342
46.554 1294088.195 0.111804549
46.421 1296324.991 0.111540746
46.287 1298598.063 0.111274012
46.151 1300907.219 0.111004425
46.014 1303252.262 0.110732064
45.875 1305632.998 0.110457009
45.736 1308049.229 0.110179339
45.595 1310500.754 0.109899131
45.453 1312987.373 0.109616465
45.309 1315508.884 0.109331419
45.165 1318065.083 0.109044070
45.020 1320655.766 0.108754498
44.873 1323280.728 0.108462778
44.726 1325939.761 0.108168990
44.577 1328632.657 0.107873209
44.428 1331359.208 0.107575511
44.278 1334119.204 0.107275974
44.126 1336912.434 0.106974671
43.974 1339738.687 0.106671679
43.822 1342597.751 0.106367071
43.668 1345489.413 0.106060922
43.514 1348413.460 0.105753304
43.359 1351369.679 0.105444291
43.203 1354357.854 0.105133954
43.047 1357377.772 0.104822364
42.890 1360429.216 0.104509592
42.732 1363511.972 0.104195708
42.574 1366625.825 0.103880781
42.416 1369770.557 0.103564879
42.257 1372945.953 0.103248070
42.097 1376151.798 0.102930421
41.937 1379387.874 0.102611997
41.777 1382653.965 0.102292863
41.616 1385949.856 0.101973085
41.455 1389275.330 0.101652724
41.293 1392630.172 0.101331844
41.131 1396014.165 0.101010507
40.969 1399427.094 0.100688772
40.807 1402868.744 0.100366700
40.644 1406338.899 0.100044351
40.481 1409837.346 0.099721781
40.318 1413363.869 0.099399047
40.155 1416918.254 0.099076207
39.991 1420500.289 0.098753315
39.828 1424109.760 0.098430425
39.664 1427746.456 0.098107591
39.500 1431410.163 0.097784866
39.337 1435100.671 0.097462299
39.173 1438817.769 0.097139943
39.009 1442561.247 0.096817847
38.845 1446330.896 0.096496058
38.681 1450126.507 0.096174625
38.517 1453947.873 0.095853595
38.353 1457794.785 0.095533013
38.189 1461667.038 0.095212923
38.025 1465564.427 0.094893371
37.861 1469486.747 0.094574398
37.698 1473433.793 0.094256048
37.534 1477405.364 0.093938360
37.371 1481401.256 0.093621375
37.207 1485421.270 0.093305132
37.044 1489465.204 0.092989671
36.881 1493532.860 0.092675027
36.718 1497624.040 0.092361238
36.556 1501738.547 0.092048339
36.393 1505876.184 0.091736366
36.231 1510036.756 0.091425352
36.069 1514220.070 0.091115330
35.907 1518425.932 0.090806333
35.746 1522654.151 0.090498392
35.584 1526904.536 0.090191538
35.423 1531176.897 0.089885800
35.263 1535471.045 0.089581207
35.102 1539786.794 0.089277788
34.942 1544123.958 0.088975570
34.782 1548482.350 0.088674579
34.622 1552861.788 0.088374842
34.463 1557262.088 0.088076384
34.304 1561683.068 0.087779229
34.145 1566124.550 0.087483400
33.987 1570586.353 0.087188920
33.829 1575068.299 0.086895813
33.671 1579570.212 0.086604099
33.514 1584091.916 0.086313799
33.357 1588633.237 0.086024933
33.201 1593194.001 0.085737521
33.045 1597774.038 0.085451581
32.889 1602373.175 0.085167133
32.733 1606991.244 0.084884193
32.578 1611628.077 0.084602779
32.424 1616283.507 0.084322906
32.270 1620957.367 0.084044591
32.116 1625649.494 0.083767849
31.962 1630359.724 0.083492695
31.809 1635087.895 0.083219142
31.657 1639833.847 0.082947204
31.505 1644597.420 0.082676895
31.353 1649378.456 0.082408227
31.202 1654176.797 0.082141211
31.051 1658992.289 0.081875860
30.900 1663824.775 0.081612184
30.750 1668674.104 0.081350193
30.601 1673540.123 0.081089899
30.452 1678422.681 0.080831311
30.303 1683321.628 0.080574437
30.155 1688236.817 0.080319287
30.007 1693168.099 0.080065869
29.860 1698115.329 0.079814191
29.713 1703078.363 0.079564260
29.567 1708057.056 0.079316084
29.421 1713051.266 0.079069669
29.275 1718060.852 0.078825022
29.130 1723085.674 0.078582149
28.986 1728125.594 0.078341056
28.842 1733180.473 0.078101748
28.698 1738250.176 0.077864230
28.555 1743334.567 0.077628506
28.412 1748433.511 0.077394582
28.270 1753546.877 0.077162462
28.128 1758674.532 0.076932148
27.987 1763816.346 0.076703646
27.846 1768972.190 0.076476957
27.706 1774141.934 0.076252086
27.566 1779325.452 0.076029035
27.427 1784522.618 0.075807806
27.288 1789733.306 0.075588402
27.150 1794957.394 0.075370825
27.012 1800194.758 0.075155076
26.874 1805445.276 0.074941158
26.737 1810708.828 0.074729072
26.601 1815985.295 0.074518819
26.464 1821274.558 0.074310401
26.329 1826576.500 0.074103817
26.194 1831891.005 0.073899069
26.059 1837217.957 0.073696157
25.925 1842557.242 0.073495082
25.791 1847908.747 0.073295844
25.658 1853272.361 0.073098443
25.525 1858647.971 0.072902879
25.393 1864035.469 0.072709152
25.261 1869434.744 0.072517262
25.129 1874845.690 0.072327208
24.998 1880268.198 0.072138989
24.868 1885702.164 0.071952605
24.738 1891147.481 0.071768056
24.608 1896604.046 0.071585340
24.479 1902071.755 0.071404456
24.351 1907550.507 0.071225405
24.222 1913040.200 0.071048183
24.095 1918540.734 0.070872792
23.967 1924052.010 0.070699228
23.841 1929573.929 0.070527492
23.714 1935106.393 0.070357581
23.588 1940649.306 0.070189495
23.463 1946202.573 0.070023231
23.338 1951766.098 0.069858790
23.213 1957339.788 0.069696168
23.089 1962923.550 0.069535366
22.965 1968517.291 0.069376380
22.842 1974120.920 0.069219211
22.719 1979734.346 0.069063855
22.597 1985357.481 0.068910313
22.475 1990990.235 0.068758581
22.353 1996632.520 0.068608660
22.232 2002284.250 0.068460546
22.112 2007945.338 0.068314239
21.992 2013615.698 0.068169738
21.872 2019295.246 0.068027040
21.752 2024983.898 0.067886145
21.633 2030681.571 0.067747051
21.515 2036388.182 0.067609756
21.397 2042103.651 0.067474260
21.279 2047827.896 0.067340561
21.162 2053560.837 0.067208658
21.045 2059302.395 0.067078549
20.929 2065052.492 0.066950234
20.813 2070811.049 0.066823711
20.697 2076577.991 0.066698980
20.582 2082353.240 0.066576040
20.467 2088136.720 0.066454889
20.353 2093928.358 0.066335527
20.239 2099728.078 0.066217954
20.125 2105535.808 0.066102168
20.012 2111351.474 0.065988169
