20.019 2108409.611 0.066123307
20.113 2103584.161 0.066218308
20.207 2098771.707 0.066314392
20.301 2093972.347 0.066411554
20.395 2089186.174 0.066509785
20.490 2084413.287 0.066609079
20.584 2079653.782 0.066709427
20.679 2074907.757 0.066810824
20.774 2070175.310 0.066913261
20.869 2065456.541 0.067016731
20.964 2060751.549 0.067121227
21.059 2056060.434 0.067226740
21.154 2051383.297 0.067333263
21.250 2046720.239 0.067440789
21.345 2042071.364 0.067549309
21.441 2037436.772 0.067658815
21.537 2032816.568 0.067769300
21.632 2028210.855 0.067880754
21.728 2023619.738 0.067993171
21.824 2019043.322 0.068106541
21.920 2014481.712 0.068220856
22.016 2009935.015 0.068336108
22.113 2005403.338 0.068452287
22.209 2000886.789 0.068569385
22.305 1996385.475 0.068687392
22.402 1991899.504 0.068806301
22.498 1987428.988 0.068926101
22.595 1982974.034 0.069046784
22.691 1978534.754 0.069168339
22.788 1974111.260 0.069290758
22.885 1969703.661 0.069414030
22.982 1965312.072 0.069538145
23.079 1960936.604 0.069663094
23.175 1956577.372 0.069788866
23.272 1952234.489 0.069915452
23.369 1947908.069 0.070042839
23.466 1943598.228 0.070171019
23.563 1939305.083 0.070299980
23.661 1935028.748 0.070429710
23.758 1930769.340 0.070560200
23.855 1926526.979 0.070691437
23.952 1922301.780 0.070823411
24.049 1918093.864 0.070956109
24.146 1913903.348 0.071089519
24.243 1909730.353 0.071223630
24.340 1905574.999 0.071358429
24.438 1901437.406 0.071493905
24.535 1897317.695 0.071630044
24.632 1893215.989 0.071766833
24.729 1889132.410 0.071904260
24.826 1885067.081 0.072042312
24.923 1881020.124 0.072180975
25.020 1876991.663 0.072320235
25.117 1872981.823 0.072460080
25.214 1868990.729 0.072600494
25.311 1865018.505 0.072741464
25.407 1861065.278 0.072882975
25.504 1857131.173 0.073025013
25.601 1853216.317 0.073167563
25.697 1849320.838 0.073310610
25.794 1845444.861 0.073454139
25.890 1841588.517 0.073598134
25.987 1837751.932 0.073742580
26.083 1833935.236 0.073887460
26.179 1830138.557 0.074032759
26.275 1826362.025 0.074178460
26.371 1822605.770 0.074324547
26.466 1818869.923 0.074471002
26.562 1815154.613 0.074617810
26.657 1811459.972 0.074764952
26.753 1807786.131 0.074912412
26.848 1804133.221 0.075060171
26.943 1800501.375 0.075208211
27.038 1796890.724 0.075356515
27.132 1793301.402 0.075505064
27.227 1789733.541 0.075653840
27.321 1786187.273 0.075802822
27.415 1782662.733 0.075951994
27.509 1779160.053 0.076101335
27.603 1775679.367 0.076250825
27.696 1772220.810 0.076400446
27.789 1768784.515 0.076550176
27.882 1765370.616 0.076699996
27.975 1761979.249 0.076849885
28.068 1758610.547 0.076999823
28.160 1755264.645 0.077149789
28.252 1751941.679 0.077299761
28.343 1748641.782 0.077449719
28.435 1745365.090 0.077599640
28.526 1742111.738 0.077749504
28.617 1738881.861 0.077899287
28.707 1735675.594 0.078048969
28.797 1732493.073 0.078198525
28.887 1729334.431 0.078347935
28.977 1726199.805 0.078497175
29.066 1723089.328 0.078646221
29.154 1720003.138 0.078795052
29.243 1716941.367 0.078943643
29.331 1713904.151 0.079091970
29.418 1710891.624 0.079240011
29.506 1707903.921 0.079387741
29.592 1704941.176 0.079535136
29.679 1702003.523 0.079682171
29.765 1699091.096 0.079828823
29.850 1696204.028 0.079975066
29.936 1693342.454 0.080120876
30.020 1690506.505 0.080266227
30.104 1687696.316 0.080411095
30.188 1684912.018 0.080555455
30.271 1682153.743 0.080699280
30.354 1679421.623 0.080842546
30.436 1676715.790 0.080985226
30.518 1674036.374 0.081127296
30.599 1671383.506 0.081268729
30.680 1668757.316 0.081409498
30.760 1666157.933 0.081549579
30.839 1663585.487 0.081688944
30.918 1661040.105 0.081827568
30.996 1658521.917 0.081965424
31.074 1656031.048 0.082102486
31.151 1653567.626 0.082238728
31.228 1651131.777 0.082374121
31.304 1648723.626 0.082508641
31.379 1646343.298 0.082642261
31.454 1643990.916 0.082774953
31.528 1641666.604 0.082906692
31.601 1639370.485 0.083037450
31.674 1637102.680 0.083167201
31.746 1634863.310 0.083295918
31.817 1632652.494 0.083423574
31.887 1630470.352 0.083550144
31.957 1628317.002 0.083675599
32.026 1626192.561 0.083799915
32.094 1624097.146 0.083923063
32.162 1622030.872 0.084045018
32.229 1619993.852 0.084165754
32.295 1617986.201 0.084285244
32.360 1616008.029 0.084403462
32.424 1614059.450 0.084520381
32.488 1612140.571 0.084635977
32.551 1610251.503 0.084750223
32.613 1608392.352 0.084863094
32.674 1606563.225 0.084974563
32.734 1604764.227 0.085084606
32.793 1602995.463 0.085193198
32.852 1601257.034 0.085300313
32.910 1599549.041 0.085405926
32.966 1597871.586 0.085510014
33.022 1596224.767 0.085612552
33.077 1594608.679 0.085713515
33.131 1593023.421 0.085812880
33.184 1591469.085 0.085910623
33.236 1589945.765 0.086006720
33.287 1588453.552 0.086101149
33.337 1586992.535 0.086193887
33.387 1585562.804 0.086284911
33.435 1584164.445 0.086374200
33.482 1582797.543 0.086461730
33.528 1581462.182 0.086547481
33.574 1580158.443 0.086631431
33.618 1578886.407 0.086713560
33.661 1577646.152 0.086793847
33.703 1576437.755 0.086872272
33.744 1575261.292 0.086948815
33.784 1574116.835 0.087023458
33.823 1573004.456 0.087096180
33.861 1571924.225 0.087166963
33.898 1570876.211 0.087235790
33.933 1569860.478 0.087302643
33.968 1568877.092 0.087367504
34.002 1567926.114 0.087430358
34.034 1567007.606 0.087491187
34.065 1566121.625 0.087549975
34.096 1565268.229 0.087606708
34.125 1564447.473 0.087661371
34.153 1563659.408 0.087713949
34.179 1562904.086 0.087764429
34.205 1562181.555 0.087812797
34.230 1561491.863 0.087859040
34.253 1560835.054 0.087903147
34.275 1560211.171 0.087945105
34.296 1559620.254 0.087984904
34.316 1559062.342 0.088022533
34.335 1558537.471 0.088057981
34.352 1558045.677 0.088091240
34.369 1557586.991 0.088122300
34.384 1557161.443 0.088151154
34.398 1556769.061 0.088177792
34.410 1556409.872 0.088202209
34.422 1556083.900 0.088224398
34.432 1555791.165 0.088244353
34.442 1555531.688 0.088262067
34.450 1555305.486 0.088277538
34.456 1555112.574 0.088290759
34.462 1554952.965 0.088301729
34.466 1554826.670 0.088310443
34.470 1554733.698 0.088316900
34.472 1554674.055 0.088321097
34.472 1554647.746 0.088323035
34.472 1554654.772 0.088322711
34.470 1554695.134 0.088320127
34.467 1554768.829 0.088315282
34.463 1554875.854 0.088308179
34.458 1555016.201 0.088298819
34.452 1555189.862 0.088287205
34.444 1555396.826 0.088273340
34.435 1555637.080 0.088257227
34.425 1555910.608 0.088238872
34.414 1556217.394 0.088218278
34.401 1556557.416 0.088195453
34.388 1556930.655 0.088170401
34.373 1557337.086 0.088143129
34.357 1557776.682 0.088113646
34.340 1558249.417 0.088081958
34.321 1558755.259 0.088048074
34.302 1559294.176 0.088012005
34.281 1559866.134 0.087973758
34.259 1560471.096 0.087933344
34.236 1561109.024 0.087890775
34.212 1561779.877 0.087846061
34.186 1562483.612 0.087799214
34.160 1563220.184 0.087750247
34.132 1563989.547 0.087699173
34.103 1564791.652 0.087646005
34.073 1565626.447 0.087590757
34.042 1566493.882 0.087533443
34.010 1567393.899 0.087474079
33.977 1568326.444 0.087412680
33.943 1569291.457 0.087349262
33.907 1570288.877 0.087283842
33.871 1571318.643 0.087216436
33.833 1572380.690 0.087147062
33.794 1573474.952 0.087075737
33.754 1574601.361 0.087002479
33.714 1575759.847 0.086927309
33.672 1576950.338 0.086850243
33.629 1578172.762 0.086771303
33.585 1579427.043 0.086690507
33.540 1580713.105 0.086607876
33.494 1582030.868 0.086523431
33.447 1583380.253 0.086437193
33.399 1584761.178 0.086349182
33.350 1586173.559 0.086259421
33.300 1587617.311 0.086167932
33.249 1589092.348 0.086074737
33.197 1590598.581 0.085979859
33.144 1592135.920 0.085883320
33.090 1593704.274 0.085785143
33.036 1595303.551 0.085685353
32.980 1596933.655 0.085583973
32.923 1598594.492 0.085481027
32.866 1600285.964 0.085376540
32.808 1602007.973 0.085270535
32.748 1603760.418 0.085163037
32.688 1605543.199 0.085054071
32.627 1607356.213 0.084943663
32.565 1609199.356 0.084831838
32.503 1611072.523 0.084718621
32.439 1612975.608 0.084604037
32.375 1614908.503 0.084488112
32.310 1616871.101 0.084370873
32.244 1618863.289 0.084252346
32.177 1620884.959 0.084132555
32.110 1622935.998 0.084011529
32.042 1625016.293 0.083889292
31.973 1627125.729 0.083765871
31.903 1629264.192 0.083641294
31.833 1631431.566 0.083515586
31.761 1633627.732 0.083388774
31.690 1635852.574 0.083260884
31.617 1638105.973 0.083131944
31.544 1640387.807 0.083001980
31.470 1642697.958 0.082871019
31.395 1645036.304 0.082739087
31.320 1647402.721 0.082606212
31.244 1649797.088 0.082472419
31.167 1652219.280 0.082337736
31.090 1654669.172 0.082202189
31.013 1657146.641 0.082065805
30.934 1659651.559 0.081928611
30.855 1662183.800 0.081790632
30.776 1664743.238 0.081651896
30.696 1667329.744 0.081512428
30.615 1669943.190 0.081372256
30.534 1672583.447 0.081231405
30.452 1675250.387 0.081089901
30.370 1677943.878 0.080947770
30.287 1680663.792 0.080805039
30.204 1683409.997 0.080661733
30.120 1686182.361 0.080517877
30.036 1688980.754 0.080373498
29.951 1691805.044 0.080228621
29.866 1694655.098 0.080083270
29.780 1697530.784 0.079937471
29.694 1700431.969 0.079791249
29.608 1703358.520 0.079644630
29.521 1706310.302 0.079497636
29.434 1709287.184 0.079350293
29.346 1712289.030 0.079202626
29.258 1715315.707 0.079054658
29.169 1718367.081 0.078906413
29.080 1721443.017 0.078757915
28.991 1724543.381 0.078609188
28.901 1727668.038 0.078460255
28.812 1730816.853 0.078311139
28.721 1733989.692 0.078161863
28.631 1737186.420 0.078012451
28.540 1740406.902 0.077862924
28.449 1743651.003 0.077713305
28.357 1746918.588 0.077563616
28.265 1750209.523 0.077413879
28.173 1753523.673 0.077264116
28.081 1756860.902 0.077114348
27.988 1760221.078 0.076964597
27.895 1763604.064 0.076814884
27.802 1767009.726 0.076665229
27.709 1770437.931 0.076515654
27.615 1773888.543 0.076366178
27.521 1777361.430 0.076216822
27.427 1780856.456 0.076067606
27.333 1784373.489 0.075918550
27.238 1787912.396 0.075769673
27.144 1791473.042 0.075620994
27.049 1795055.294 0.075472533
26.954 1798659.021 0.075324307
26.859 1802284.090 0.075176337
26.763 1805930.368 0.075028640
26.668 1809597.723 0.074881234
26.572 1813286.024 0.074734137
26.476 1816995.140 0.074587368
26.380 1820724.939 0.074440942
26.284 1824475.291 0.074294879
26.188 1828246.066 0.074149194
26.092 1832037.133 0.074003904
25.995 1835848.363 0.073859026
25.899 1839679.627 0.073714576
25.802 1843530.796 0.073570571
25.705 1847401.741 0.073427026
25.609 1851292.334 0.073283957
25.512 1855202.449 0.073141379
25.415 1859131.957 0.072999307
25.318 1863080.731 0.072857758
25.221 1867048.647 0.072716744
25.123 1871035.577 0.072576281
25.026 1875041.396 0.072436384
24.929 1879065.979 0.072297066
24.832 1883109.202 0.072158342
24.734 1887170.941 0.072020225
24.637 1891251.073 0.071882728
24.540 1895349.474 0.071745866
24.442 1899466.021 0.071609650
24.345 1903600.594 0.071474096
24.247 1907753.070 0.071339214
24.150 1911923.328 0.071205017
24.053 1916111.248 0.071071519
23.955 1920316.710 0.070938731
23.858 1924539.595 0.070806665
23.760 1928779.784 0.070675333
23.663 1933037.158 0.070544747
23.566 1937311.600 0.070414918
23.468 1941602.993 0.070285858
23.371 1945911.220 0.070157577
23.274 1950236.165 0.070030088
23.176 1954577.713 0.069903400
23.079 1958935.748 0.069777524
22.982 1963310.156 0.069652471
22.885 1967700.824 0.069528251
22.788 1972107.638 0.069404875
22.691 1976530.486 0.069282352
22.594 1980969.255 0.069160692
22.497 1985423.835 0.069039906
22.400 1989894.114 0.068920002
22.304 1994379.983 0.068800991
22.207 1998881.331 0.068682881
22.110 2003398.049 0.068565683
22.014 2007930.029 0.068449404
21.917 2012477.164 0.068334055
21.821 2017039.345 0.068219643
21.725 2021616.467 0.068106179
21.628 2026208.422 0.067993670
21.532 2030815.107 0.067882124
21.436 2035436.415 0.067771552
21.340 2040072.243 0.067661960
21.245 2044722.487 0.067553357
21.149 2049387.044 0.067445751
21.053 2054065.812 0.067339150
20.958 2058758.688 0.067233563
20.863 2063465.572 0.067128996
20.767 2068186.362 0.067025459
20.672 2072920.960 0.066922958
20.577 2077669.266 0.066821501
20.482 2082431.180 0.066721096
20.387 2087206.604 0.066621751
20.293 2091995.442 0.066523472
20.198 2096797.596 0.066426267
20.104 2101612.970 0.066330144
20.009 2106441.468 0.066235109
573195.915 0.507
581387.873 0.497
589579.252 0.487
597770.044 0.478
605960.241 0.469
614149.836 0.460
622338.819 0.452
630527.182 0.443
638714.918 0.435
646902.018 0.427
655088.475 0.419
663274.279 0.411
671459.424 0.404
679643.900 0.396
687827.700 0.389
696010.815 0.382
704193.237 0.375
712374.959 0.369
720555.971 0.362
728736.267 0.356
736915.837 0.349
745094.673 0.343
753272.769 0.337
761450.114 0.332
769626.702 0.326
777802.523 0.320
785977.571 0.315
794151.836 0.310
802325.311 0.305
810497.987 0.299
818669.857 0.295
826840.912 0.290
835011.144 0.285
843180.545 0.280
851349.107 0.276
859516.822 0.271
867683.681 0.267
875849.676 0.263
884014.800 0.259
892179.044 0.255
900342.400 0.251
908504.860 0.247
916666.416 0.243
924827.060 0.240
932986.783 0.236
941145.578 0.232
949303.436 0.229
957460.349 0.226
965616.309 0.222
973771.308 0.219
981925.338 0.216
990078.391 0.213
998230.459 0.210
1006381.533 0.207
1014531.605 0.204
1022680.668 0.201
1030828.713 0.198
1038975.732 0.195
1047121.717 0.193
1055266.660 0.190
1063410.553 0.187
1071553.387 0.185
1079695.155 0.182
1087835.848 0.180
1095975.459 0.177
1104113.979 0.175
1112251.400 0.173
1120387.714 0.170
1128522.913 0.168
1136656.989 0.166
1144789.934 0.164
1152921.739 0.162
1161052.397 0.160
1169181.900 0.158
1177310.239 0.156
1185437.406 0.154
1193563.393 0.152
1201688.193 0.150
1209811.797 0.148
1217934.196 0.146
1226055.384 0.145
1234175.351 0.143
1242294.090 0.141
1250411.593 0.139
1258527.851 0.138
1266642.857 0.136
1274756.602 0.135
1282869.079 0.133
1290980.278 0.131
1299090.193 0.130
1307198.815 0.128
1315306.137 0.127
1323412.149 0.125
1331516.844 0.124
1339620.214 0.123
1347722.251 0.121
1355822.946 0.120
1363922.292 0.119
1372020.281 0.117
1380116.905 0.116
1388212.154 0.115
1396306.023 0.114
1404398.501 0.112
1412489.582 0.111
1420579.258 0.110
1428667.519 0.109
1436754.359 0.108
1444839.769 0.106
1452923.741 0.105
1461006.267 0.104
1469087.339 0.103
1477166.949 0.102
1485245.089 0.101
1493321.751 0.100
1501396.926 0.099
1509470.608 0.098
1517542.787 0.097
1525613.456 0.096
1533682.607 0.095
1541750.231 0.094
1549816.321 0.093
1557880.869 0.092
1565943.866 0.091
1574005.305 0.091
1582065.177 0.090
1590123.475 0.089
1598180.191 0.088
1606235.316 0.087
1614288.843 0.086
1622340.763 0.085
1630391.068 0.085
1638439.751 0.084
1646486.803 0.083
1654532.217 0.082
1662575.984 0.082
1670618.097 0.081
1678658.547 0.080
1686697.327 0.079
1694734.428 0.079
1702769.842 0.078
1710803.562 0.077
1718835.579 0.076
1726865.886 0.076
1734894.474 0.075
1742921.336 0.074
1750946.463 0.074
1758969.847 0.073
1766991.482 0.073
1775011.357 0.072
1783029.466 0.071
1791045.801 0.071
1799060.354 0.070
1807073.116 0.069
1815084.079 0.069
1823093.237 0.068
1831100.580 0.068
1839106.101 0.067
1847109.791 0.067
1855111.643 0.066
1863111.650 0.065
1871109.802 0.065
1879106.092 0.064
1887100.512 0.064
1895093.054 0.063
1903083.710 0.063
1911072.472 0.062
1919059.333 0.062
1927044.283 0.061
1935027.316 0.061
1943008.423 0.060
1950987.597 0.060
1958964.829 0.059
1966940.111 0.059
1974913.437 0.059
1982884.796 0.058
1990854.183 0.058
1998821.588 0.057
2006787.004 0.057
2014750.423 0.056
2022711.837 0.056
2030671.239 0.055
2038628.619 0.055
2046583.970 0.055
2054537.285 0.054
2062488.556 0.054
2070437.773 0.053
2078384.931 0.053
2086330.020 0.053
2094273.033 0.052
2102213.962 0.052
2110152.798 0.051
2118089.535 0.051
2126024.164 0.051
2133956.678 0.050
2141887.067 0.050
2149815.325 0.050
2157741.444 0.049
2165665.416 0.049
2173587.232 0.049
2181506.886 0.048
2189424.368 0.048
2197339.672 0.048
2205252.789 0.047
2213163.711 0.047
2221072.431 0.047
2228978.941 0.046
2236883.232 0.046
2244785.298 0.046
2252685.130 0.045
2260582.720 0.045
2268478.060 0.045
2276371.143 0.044
2284261.961 0.044
2292150.505 0.044
2300036.768 0.043
2307920.743 0.043
2315802.421 0.043
2323681.794 0.043
2331558.855 0.042
2339433.596 0.042
2347306.009 0.042
2355176.086 0.042
2363043.819 0.041
2370909.201 0.041
2378772.223 0.041
2386632.878 0.040
2394491.158 0.040
2402347.055 0.040
2410200.562 0.040
2418051.670 0.039
2425900.372 0.039
2433746.659 0.039
2441590.525 0.039
2449431.962 0.038
2457270.960 0.038
2465107.514 0.038
2472941.614 0.038
2480773.253 0.038
2488602.424 0.037
2496429.119 0.037
2504253.329 0.037
2512075.047 0.037
2519894.265 0.036
2527710.975 0.036
2535525.171 0.036
2543336.843 0.036
2551145.984 0.036
2558952.587 0.035
2566756.643 0.035
2574558.144 0.035
2582357.084 0.035
2590153.454 0.034
2597947.247 0.034
2605738.454 0.034
2613527.069 0.034
2621313.082 0.034
2629096.487 0.033
2636877.276 0.033
2644655.441 0.033
2652430.974 0.033
2660203.868 0.033
2667974.114 0.033
2675741.706 0.032
2683506.635 0.032
2691268.893 0.032
2699028.474 0.032
2706785.368 0.032
2714539.569 0.031
2722291.069 0.031
2730039.860 0.031
2737785.934 0.031
2745529.284 0.031
2753269.902 0.031
2761007.780 0.030
2768742.910 0.030
2776475.286 0.030
2784204.898 0.030
2791931.740 0.030
2799655.803 0.030
2807377.081 0.029
2815095.565 0.029
2822811.248 0.029
2830524.122 0.029
2838234.179 0.029
2845941.412 0.029
2853645.813 0.028
2861347.374 0.028
2869046.088 0.028
2876741.947 0.028
2884434.943 0.028
2892125.069 0.028
2899812.317 0.028
2907496.680 0.027
2915178.149 0.027
2922856.718 0.027
2930532.377 0.027
2938205.121 0.027
2945874.941 0.027
2953541.830 0.027
2961205.780 0.026
2968866.783 0.026
2976524.831 0.026
2984179.918 0.026
2991832.035 0.026
2999481.175 0.026
3007127.331 0.026
3014770.494 0.026
3022410.657 0.025
3030047.813 0.025
3037681.953 0.025
3045313.071 0.025
3052941.158 0.025
3060566.208 0.025
3068188.212 0.025
3075807.162 0.025
3083423.053 0.024
3091035.875 0.024
3098645.621 0.024
3106252.284 0.024
3113855.855 0.024
3121456.329 0.024
3129053.696 0.024
3136647.949 0.024
3144239.082 0.024
3151827.085 0.023
3159411.953 0.023
3166993.676 0.023
3174572.248 0.023
3182147.662 0.023
3189719.908 0.023
3197288.981 0.023
3204854.872 0.023
3212417.575 0.023
3219977.080 0.022
3227533.382 0.022
3235086.472 0.022
3242636.342 0.022
3250182.987 0.022
3257726.397 0.022
3265266.565 0.022
3272803.484 0.022
3280337.147 0.022
3287867.545 0.022
3295394.672 0.021
3302918.520 0.021
3310439.081 0.021
3317956.348 0.021
3325470.313 0.021
3332980.970 0.021
3340488.310 0.021
3347992.326 0.021
3355493.010 0.021
3362990.356 0.021
3370484.355 0.021
3377975.000 0.020
3385462.284 0.020
3392946.200 0.020
3400426.739 0.020
3407903.895 0.020
3415377.659 0.020
3422848.025 0.020
3430314.986 0.020
3437778.533 0.020
3445238.659 0.020
3452695.357 0.020
3460148.619 0.019
3467598.438 0.019
3475044.807 0.019
3482487.718 0.019
3489927.164 0.019
3497363.137 0.019
3504795.630 0.019
3512224.636 0.019
3519650.147 0.019
3527072.156 0.019
3534490.655 0.019
3541905.637 0.019
3549317.095 0.019
1365250.756 0.118
1358540.376 0.119
1351886.532 0.121
1345290.090 0.122
1338751.925 0.123
1332272.921 0.124
1325853.973 0.125
1319495.981 0.126
1313199.856 0.127
1306966.519 0.128
1300796.896 0.130
1294691.923 0.131
1288652.544 0.132
1282679.710 0.133
1276774.377 0.134
1270937.511 0.135
1265170.083 0.136
1259473.069 0.138
1253847.453 0.139
1248294.222 0.140
1242814.368 0.141
1237408.890 0.142
1232078.786 0.143
1226825.061 0.144
1221648.722 0.146
1216550.777 0.147
1211532.235 0.148
1206594.109 0.149
1201737.408 0.150
1196963.144 0.151
1192272.325 0.152
1187665.960 0.153
1183145.054 0.154
1178710.607 0.155
1174363.617 0.156
1170105.076 0.158
1165935.971 0.159
1161857.280 0.160
1157869.975 0.161
1153975.021 0.162
1150173.369 0.163
1146465.965 0.163
1142853.740 0.164
1139337.613 0.165
1135918.491 0.166
1132597.267 0.167
1129374.817 0.168
1126252.002 0.169
1123229.665 0.170
1120308.632 0.170
1117489.709 0.171
1114773.682 0.172
1112161.315 0.173
1109653.351 0.173
1107250.509 0.174
1104953.485 0.175
1102762.950 0.175
1100679.547 0.176
1098703.895 0.177
1096836.583 0.177
1095078.174 0.178
1093429.199 0.178
1091890.162 0.179
1090461.533 0.179
1089143.753 0.179
1087937.231 0.180
1086842.340 0.180
1085859.424 0.180
1084988.790 0.181
1084230.713 0.181
1083585.432 0.181
1083053.150 0.181
1082634.038 0.181
1082328.227 0.181
1082135.816 0.181
1082056.865 0.182
1082091.399 0.182
1082239.408 0.181
1082500.845 0.181
1082875.626 0.181
1083363.632 0.181
1083964.708 0.181
1084678.664 0.181
1085505.275 0.180
1086444.279 0.180
1087495.383 0.180
1088658.257 0.180
1089932.538 0.179
1091317.832 0.179
1092813.711 0.178
1094419.715 0.178
1096135.354 0.177
1097960.108 0.177
1099893.425 0.176
1101934.727 0.176
1104083.407 0.175
1106338.831 0.174
1108700.338 0.174
1111167.243 0.173
1113738.834 0.172
1116414.380 0.172
1119193.123 0.171
1122074.286 0.170
1125057.071 0.169
1128140.660 0.168
1131324.215 0.167
1134606.884 0.167
1137987.796 0.166
1141466.063 0.165
1145040.786 0.164
1148711.049 0.163
1152475.925 0.162
1156334.475 0.161
1160285.749 0.160
1164328.788 0.159
1168462.624 0.158
1172686.278 0.157
1176998.769 0.156
1181399.105 0.155
1185886.292 0.154
1190459.330 0.153
1195117.214 0.152
1199858.940 0.150
1204683.497 0.149
1209589.876 0.148
1214577.066 0.147
1219644.055 0.146
1224789.833 0.145
1230013.391 0.144
1235313.722 0.143
1240689.821 0.141
1246140.685 0.140
1251665.317 0.139
1257262.722 0.138
1262931.910 0.137
1268671.898 0.136
1274481.704 0.135
1280360.357 0.133
1286306.889 0.132
1292320.339 0.131
1298399.754 0.130
1304544.188 0.129
1310752.701 0.128
1317024.364 0.127
1323358.253 0.125
1329753.455 0.124
1336209.063 0.123
1342724.181 0.122
1349297.922 0.121
1355929.406 0.120
1362617.765 0.119
1369362.138 0.118
1376161.675 0.117
1383015.536 0.116
1389922.891 0.114
1396882.917 0.113
1403894.806 0.112
1410957.754 0.111
1418070.973 0.110
1425233.680 0.109
1432445.105 0.108
1439704.489 0.107
1447011.079 0.106
1454364.136 0.105
1461762.930 0.104
1469206.740 0.103
1476694.857 0.102
1484226.580 0.101
1491801.218 0.100
1499418.092 0.099
1507076.532 0.098
1514775.875 0.097
1522515.472 0.096
1530294.681 0.095
1538112.871 0.095
1545969.418 0.094
1553863.711 0.093
1561795.146 0.092
1569763.128 0.091
1577767.072 0.090
1585806.402 0.089
1593880.551 0.088
1601988.961 0.088
1610131.081 0.087
1618306.371 0.086
1626514.299 0.085
1634754.341 0.084
1643025.979 0.083
1651328.709 0.083
1659662.029 0.082
1668025.448 0.081
1676418.483 0.080
1684840.659 0.079
1693291.506 0.079
1701770.566 0.078
1710277.383 0.077
1718811.513 0.076
1727372.518 0.076
1735959.965 0.075
1744573.431 0.074
1753212.497 0.074
1761876.754 0.073
1770565.796 0.072
1779279.228 0.072
1788016.657 0.071
1796777.699 0.070
1805561.976 0.070
1814369.115 0.069
1823198.751 0.068
1832050.523 0.068
1840924.077 0.067
1849819.065 0.066
1858735.143 0.066
1867671.975 0.065
1876629.228 0.065
1885606.576 0.064
1894603.698 0.063
1903620.279 0.063
1912656.006 0.062
1921710.575 0.062
1930783.685 0.061
1939875.039 0.061
1948984.347 0.060
1958111.321 0.059
1967255.680 0.059
1976417.147 0.058
1985595.448 0.058
1994790.315 0.057
2004001.483 0.057
2013228.692 0.056
2022471.687 0.056
2031730.214 0.055
2041004.027 0.055
2050292.882 0.054
2059596.537 0.054
2068914.757 0.053
2078247.308 0.053
2087593.962 0.053
2096954.493 0.052
2106328.680 0.052
2115716.303 0.051
2125117.147 0.051
2134531.001 0.050
2143957.656 0.050
2153396.906 0.049
2162848.550 0.049
2172312.388 0.049
2181788.224 0.048
2191275.865 0.048
2200775.121 0.047
2210285.804 0.047
2219807.731 0.047
2229340.719 0.046
2238884.589 0.046
2248439.165 0.045
2258004.273 0.045
2267579.742 0.045
2277165.404 0.044
2286761.093 0.044
2296366.645 0.044
2305981.898 0.043
2315606.694 0.043
2325240.876 0.043
2334884.291 0.042
2344536.785 0.042
2354198.209 0.042
2363868.415 0.041
2373547.258 0.041
2383234.595 0.041
2392930.283 0.040
2402634.183 0.040
2412346.158 0.040
2422066.073 0.039
2431793.793 0.039
2441529.187 0.039
2451272.124 0.038
2461022.478 0.038
2470780.121 0.038
2480544.928 0.038
2490316.778 0.037
2500095.548 0.037
2509881.119 0.037
2519673.373 0.036
2529472.194 0.036
2539277.467 0.036
2549089.079 0.036
2558906.917 0.035
2568730.872 0.035
2578560.836 0.035
2588396.699 0.035
2598238.358 0.034
2608085.706 0.034
2617938.642 0.034
2627797.062 0.034
2637660.867 0.033
2647529.958 0.033
2657404.236 0.033
2667283.605 0.033
2677167.969 0.032
2687057.234 0.032
2696951.307 0.032
2706850.096 0.032
2716753.510 0.031
2726661.461 0.031
2736573.858 0.031
2746490.616 0.031
2756411.647 0.030
2766336.867 0.030
2776266.191 0.030
2786199.535 0.030
2796136.819 0.030
2806077.960 0.029
2816022.879 0.029
2825971.496 0.029
2835923.732 0.029
2845879.512 0.029
2855838.757 0.028
2865801.393 0.028
2875767.344 0.028
2885736.538 0.028
2895708.901 0.028
2905684.360 0.027
2915662.846 0.027
2925644.286 0.027
2935628.612 0.027
2945615.755 0.027
2955605.646 0.027
2965598.219 0.026
2975593.406 0.026
2985591.142 0.026
2995591.362 0.026
3005594.001 0.026
3015598.996 0.026
3025606.284 0.025
3035615.801 0.025
3045627.488 0.025
3055641.283 0.025
3065657.125 0.025
3075674.954 0.025
3085694.713 0.024
3095716.342 0.024
3105739.783 0.024
3115764.980 0.024
3125791.876 0.024
3135820.415 0.024
3145850.541 0.024
3155882.199 0.023
3165915.336 0.023
3175949.897 0.023
3185985.829 0.023
3196023.080 0.023
3206061.598 0.023
3216101.330 0.022
3226142.226 0.022
3236184.236 0.022
3246227.308 0.022
3256271.394 0.022
3266316.444 0.022
3276362.409 0.022
3286409.243 0.022
3296456.895 0.021
3306505.321 0.021
3316554.472 0.021
3326604.302 0.021
3336654.765 0.021
3346705.816 0.021
3356757.410 0.021
3366809.502 0.021
3376862.048 0.020
3386915.003 0.020
3396968.325 0.020
3407021.970 0.020
3417075.896 0.020
3427130.060 0.020
3437184.421 0.020
3447238.936 0.020
3457293.565 0.019
3467348.267 0.019
3477403.001 0.019
3487457.728 0.019
3497512.407 0.019
3507566.999 0.019
3517621.465 0.019
3527675.767 0.019
3537729.865 0.019
3547783.721 0.019
3557837.299 0.018
3567890.560 0.018
3577943.467 0.018
3587995.984 0.018
3598048.074 0.018
3608099.700 0.018
3618150.826 0.018
3628201.418 0.018
3638251.439 0.018
3648300.854 0.018
3658349.629 0.017
3668397.729 0.017
3678445.120 0.017
3688491.767 0.017
3698537.637 0.017
3708582.697 0.017
3718626.913 0.017
3728670.252 0.017
3738712.682 0.017
3748754.170 0.017
3758794.683 0.017
3768834.190 0.016
3778872.659 0.016
3788910.058 0.016
3798946.357 0.016
3808981.524 0.016
3819015.527 0.016
3829048.338 0.016
3839079.924 0.016
3849110.257 0.016
3859139.305 0.016
3869167.040 0.016
3879193.431 0.016
3889218.450 0.015
3899242.067 0.015
3909264.253 0.015
3919284.979 0.015
3929304.218 0.015
3939321.939 0.015
3949338.117 0.015
3959352.721 0.015
3969365.725 0.015
3979377.102 0.015
3989386.822 0.015
3999394.860 0.015
4009401.188 0.015
4019405.780 0.014
4029408.608 0.014
4039409.646 0.014
4049408.868 0.014
4059406.247 0.014
4069401.758 0.014
4079395.374 0.014
4089387.070 0.014
4099376.820 0.014
4109364.599 0.014
4119350.381 0.014
4129334.142 0.014
4139315.856 0.014
4149295.499 0.014
4159273.046 0.014
4169248.472 0.013
4179221.753 0.013
4189192.865 0.013
4199161.785 0.013
4209128.486 0.013
4219092.947 0.013
4229055.144 0.013
4239015.052 0.013
4248972.648 0.013
4258927.910 0.013
4268880.814 0.013
4278831.337 0.013
4288779.456 0.013
4298725.148 0.013
4308668.391 0.013
4318609.163 0.013
4328547.440 0.012
4338483.201 0.012
4348416.423 0.012
4358347.084 0.012
4368275.164 0.012
4378200.638 0.012
4388123.487 0.012
4398043.688 0.012
4407961.220 0.012
4417876.062 0.012
4427788.192 0.012
4437697.589 0.012
4447604.232 0.012
4457508.101 0.012
4467409.174 0.012
4477307.431 0.012
4487202.851 0.012
4497095.413 0.012
4506985.098 0.012
4516871.884 0.011
4526755.752 0.011
4536636.682 0.011
4546514.652 0.011
4556389.645 0.011
4566261.639 0.011
4576130.615 0.011
4585996.553 0.011
4595859.434 0.011
4605719.239 0.011
4615575.947 0.011
4625429.539 0.011
4635279.997 0.011
4645127.301 0.011
4654971.432 0.011
4664812.372 0.011
4674650.100 0.011
4684484.600 0.011
4694315.851 0.011
4704143.835 0.011
4713968.534 0.011
4723789.929 0.010
4733608.001 0.010
4743422.734 0.010
4753234.107 0.010
4763042.103 0.010
4772846.705 0.010
4782647.893 0.010
4792445.650 0.010
4802239.959 0.010
4812030.801 0.010
4821818.158 0.010
4831602.013 0.010
4841382.349 0.010
4851159.148 0.010
4860932.392 0.010
4870702.064 0.010
4880468.147 0.010
4890230.623 0.010
4899989.476 0.010
4909744.688 0.010
4919496.242 0.010
4929244.121 0.010
4938988.309 0.010
4948728.788 0.010
4958465.542 0.010
4968198.553 0.009
4977927.806 0.009
4987653.284 0.009
4997374.970 0.009
5007092.847 0.009
5016806.900 0.009
5026517.111 0.009
5036223.465 0.009
5045925.945 0.009
5055624.536 0.009
5065319.220 0.009
5075009.982 0.009
5084696.807 0.009
5094379.677 0.009
5104058.577 0.009
5113733.491 0.009
5123404.403 0.009
5133071.298 0.009
5142734.160 0.009
5152392.973 0.009
5162047.722 0.009
5171698.391 0.009
5181344.964 0.009
5190987.426 0.009
5200625.763 0.009
5210259.957 0.009
5219889.995 0.009
5229515.860 0.009
5239137.539 0.009
5248755.014 0.009
5258368.272 0.008
5267977.298 0.008
5277582.075 0.008
5287182.590 0.008
5296778.828 0.008
5306370.773 0.008
5315958.411 0.008
5325541.727 0.008
5335120.706 0.008
1991586.734 0.058
1985496.551 0.058
1979423.195 0.058
1973366.845 0.059
1967327.683 0.059
1961305.892 0.059
1955301.656 0.060
1949315.161 0.060
1943346.596 0.060
1937396.150 0.061
1931464.013 0.061
1925550.380 0.061
1919655.445 0.062
1913779.404 0.062
1907922.454 0.063
1902084.797 0.063
1896266.633 0.063
1890468.166 0.064
1884689.601 0.064
1878931.144 0.064
1873193.003 0.065
1867475.390 0.065
1861778.516 0.066
1856102.594 0.066
1850447.841 0.066
1844814.473 0.067
1839202.710 0.067
1833612.772 0.068
1828044.882 0.068
1822499.265 0.068
1816976.145 0.069
1811475.752 0.069
1805998.315 0.070
1800544.065 0.070
1795113.235 0.070
1789706.061 0.071
1784322.778 0.071
1778963.626 0.072
1773628.845 0.072
1768318.675 0.072
1763033.362 0.073
1757773.151 0.073
1752538.287 0.074
1747329.021 0.074
1742145.603 0.075
1736988.284 0.075
1731857.319 0.075
1726752.963 0.076
1721675.473 0.076
1716625.107 0.077
1711602.127 0.077
1706606.793 0.078
1701639.370 0.078
1696700.122 0.078
1691789.316 0.079
1686907.220 0.079
1682054.103 0.080
1677230.237 0.080
1672435.893 0.081
1667671.345 0.081
1662936.870 0.081
1658232.742 0.082
1653559.240 0.082
1648916.644 0.083
1644305.232 0.083
1639725.288 0.084
1635177.093 0.084
1630660.931 0.085
1626177.088 0.085
1621725.849 0.085
1617307.502 0.086
1612922.334 0.086
1608570.634 0.087
1604252.691 0.087
1599968.798 0.088
1595719.244 0.088
1591504.322 0.089
1587324.324 0.089
1583179.545 0.090
1579070.277 0.090
1574996.815 0.090
1570959.454 0.091
1566958.490 0.091
1562994.217 0.092
1559066.931 0.092
1555176.929 0.093
1551324.505 0.093
1547509.957 0.093
1543733.581 0.094
1539995.671 0.094
1536296.525 0.095
1532636.436 0.095
1529015.702 0.096
1525434.615 0.096
1521893.470 0.096
1518392.562 0.097
1514932.182 0.097
1511512.623 0.098
1508134.177 0.098
1504797.133 0.099
1501501.781 0.099
1498248.410 0.099
1495037.306 0.100
1491868.755 0.100
1488743.041 0.101
1485660.448 0.101
1482621.257 0.101
1479625.747 0.102
1476674.195 0.102
1473766.879 0.103
1470904.071 0.103
1468086.044 0.103
1465313.067 0.104
1462585.407 0.104
1459903.330 0.104
1457267.097 0.105
1454676.969 0.105
1452133.203 0.105
1449636.052 0.106
1447185.769 0.106
1444782.600 0.106
1442426.792 0.107
1440118.586 0.107
1437858.221 0.107
1435645.931 0.108
1433481.948 0.108
1431366.500 0.108
1429299.811 0.109
1427282.100 0.109
1425313.584 0.109
1423394.475 0.109
1421524.981 0.110
1419705.304 0.110
1417935.644 0.110
1416216.196 0.111
1414547.149 0.111
1412928.689 0.111
1411360.996 0.111
1409844.246 0.111
1408378.609 0.112
1406964.252 0.112
1405601.334 0.112
1404290.010 0.112
1403030.431 0.112
1401822.742 0.113
1400667.080 0.113
1399563.580 0.113
1398512.369 0.113
1397513.570 0.113
1396567.300 0.113
1395673.667 0.114
1394832.779 0.114
1394044.732 0.114
1393309.620 0.114
1392627.531 0.114
1391998.543 0.114
1391422.733 0.114
1390900.168 0.114
1390430.910 0.114
1390015.015 0.114
1389652.534 0.115
1389343.508 0.115
1389087.976 0.115
1388885.966 0.115
1388737.505 0.115
1388642.609 0.115
1388601.290 0.115
1388613.552 0.115
1388679.395 0.115
1388798.810 0.115
1388971.784 0.115
1389198.294 0.115
1389478.315 0.115
1389811.813 0.115
1390198.748 0.114
1390639.074 0.114
1391132.739 0.114
1391679.683 0.114
1392279.842 0.114
1392933.144 0.114
1393639.513 0.114
1394398.865 0.114
1395211.110 0.114
1396076.152 0.114
1396993.891 0.113
1397964.219 0.113
1398987.022 0.113
1400062.182 0.113
1401189.573 0.113
1402369.065 0.113
1403600.523 0.112
1404883.804 0.112
1406218.762 0.112
1407605.244 0.112
1409043.093 0.112
1410532.146 0.111
1412072.235 0.111
1413663.187 0.111
1415304.824 0.111
1416996.964 0.110
1418739.418 0.110
1420531.996 0.110
1422374.501 0.110
1424266.730 0.109
1426208.480 0.109
1428199.540 0.109
1430239.696 0.108
1432328.731 0.108
1434466.422 0.108
1436652.545 0.108
1438886.869 0.107
1441169.161 0.107
1443499.186 0.107
1445876.702 0.106
1448301.467 0.106
1450773.234 0.106
1453291.753 0.105
1455856.772 0.105
1458468.035 0.105
1461125.285 0.104
1463828.259 0.104
1466576.695 0.103
1469370.326 0.103
1472208.884 0.103
1475092.099 0.102
1478019.698 0.102
1480991.405 0.102
1484006.944 0.101
1487066.037 0.101
1490168.403 0.100
1493313.760 0.100
1496501.825 0.100
1499732.312 0.099
1503004.935 0.099
1506319.407 0.098
1509675.439 0.098
1513072.741 0.098
1516511.022 0.097
1519989.990 0.097
1523509.353 0.096
1527068.818 0.096
1530668.090 0.095
1534306.876 0.095
1537984.880 0.095
1541701.808 0.094
1545457.363 0.094
1549251.249 0.093
1553083.172 0.093
1556952.835 0.092
1560859.941 0.092
1564804.195 0.092
1568785.301 0.091
1572802.964 0.091
1576856.887 0.090
1580946.777 0.090
1585072.338 0.089
1589233.276 0.089
1593429.298 0.088
1597660.111 0.088
1601925.421 0.088
1606224.939 0.087
1610558.371 0.087
1614925.429 0.086
1619325.822 0.086
1623759.263 0.085
1628225.464 0.085
1632724.139 0.084
1637255.001 0.084
1641817.766 0.084
1646412.152 0.083
1651037.876 0.083
1655694.656 0.082
1660382.214 0.082
1665100.271 0.081
1669848.549 0.081
1674626.772 0.080
1679434.667 0.080
1684271.960 0.080
1689138.378 0.079
1694033.653 0.079
1698957.515 0.078
1703909.696 0.078
1708889.932 0.077
1713897.957 0.077
1718933.509 0.076
1723996.326 0.076
1729086.150 0.076
1734202.722 0.075
1739345.787 0.075
1744515.088 0.074
1749710.374 0.074
1754931.392 0.073
1760177.894 0.073
1765449.631 0.073
1770746.357 0.072
1776067.827 0.072
1781413.799 0.071
1786784.031 0.071
1792178.285 0.071
1797596.322 0.070
1803037.907 0.070
1808502.805 0.069
1813990.784 0.069
1819501.615 0.069
1825035.066 0.068
1830590.913 0.068
1836168.929 0.067
1841768.891 0.067
1847390.577 0.067
1853033.768 0.066
1858698.244 0.066
1864383.790 0.065
1870090.190 0.065
1875817.233 0.065
1881564.706 0.064
1887332.401 0.064
1893120.109 0.064
1898927.625 0.063
1904754.745 0.063
1910601.265 0.062
1916466.986 0.062
1922351.709 0.062
1928255.235 0.061
1934177.370 0.061
1940117.920 0.061
1946076.692 0.060
1952053.497 0.060
1958048.144 0.059
1964060.448 0.059
1970090.223 0.059
1976137.284 0.058
1982201.450 0.058
1988282.540 0.058
1994380.376 0.057
2000494.780 0.057
2006625.575 0.057
2012772.590 0.056
2018935.650 0.056
2025114.584 0.056
2031309.225 0.055
2037519.403 0.055
2043744.953 0.055
2049985.709 0.054
2056241.509 0.054
2062512.192 0.054
2068797.596 0.053
2075097.563 0.053
2081411.936 0.053
2087740.559 0.053
2094083.279 0.052
2100439.941 0.052
2106810.395 0.052
2113194.491 0.051
2119592.081 0.051
2126003.016 0.051
2132427.152 0.050
2138864.344 0.050
2145314.448 0.050
2151777.324 0.050
2158252.831 0.049
2164740.830 0.049
2171241.183 0.049
2177753.754 0.048
2184278.408 0.048
2190815.011 0.048
2197363.430 0.048
2203923.534 0.047
2210495.194 0.047
2217078.280 0.047
2223672.665 0.046
2230278.222 0.046
2236894.827 0.046
2243522.355 0.046
2250160.684 0.045
2256809.692 0.045
2263469.258 0.045
2270139.264 0.045
2276819.590 0.044
2283510.121 0.044
2290210.740 0.044
2296921.332 0.044
2303641.784 0.043
2310371.983 0.043
2317111.817 0.043
2323861.176 0.043
2330619.950 0.042
2337388.031 0.042
2344165.311 0.042
2350951.684 0.042
2357747.045 0.041
2364551.290 0.041
2371364.313 0.041
2378186.015 0.041
2385016.292 0.041
2391855.044 0.040
2398702.172 0.040
2405557.577 0.040
2412421.162 0.040
2419292.829 0.039
2426172.483 0.039
2433060.028 0.039
2439955.371 0.039
2446858.418 0.039
2453769.077 0.038
2460687.257 0.038
2467612.866 0.038
2474545.815 0.038
2481486.016 0.037
2488433.379 0.037
2495387.817 0.037
2502349.244 0.037
2509317.574 0.037
2516292.723 0.036
2523274.605 0.036
2530263.138 0.036
2537258.239 0.036
2544259.826 0.036
2551267.818 0.036
2558282.134 0.035
2565302.696 0.035
2572329.423 0.035
2579362.237 0.035
2586401.062 0.035
2593445.820 0.034
2600496.435 0.034
2607552.832 0.034
2614614.936 0.034
2621682.673 0.034
2628755.969 0.033
2635834.752 0.033
2642918.949 0.033
2650008.489 0.033
2657103.301 0.033
2664203.315 0.033
2671308.461 0.032
2678418.670 0.032
2685533.875 0.032
2692654.006 0.032
2699778.997 0.032
2706908.782 0.032
2714043.294 0.031
2721182.467 0.031
2728326.238 0.031
2735474.540 0.031
2742627.312 0.031
2749784.489 0.031
2756946.009 0.030
2764111.810 0.030
2771281.830 0.030
2778456.008 0.030
2785634.284 0.030
2792816.597 0.030
2800002.888 0.030
2807193.098 0.029
2814387.168 0.029
2821585.040 0.029
2828786.657 0.029
2835991.962 0.029
2843200.898 0.029
2850413.409 0.029
2857629.439 0.028
2864848.933 0.028
2872071.837 0.028
2879298.096 0.028
2886527.656 0.028
2893760.463 0.028
21.872 2032348.737 0.067326446
21.962 2028056.336 0.067431728
22.052 2023775.042 0.067537872
22.143 2019504.930 0.067644872
22.233 2015246.074 0.067752722
22.323 2010998.551 0.067861419
22.414 2006762.438 0.067970955
22.504 2002537.810 0.068081327
22.595 1998324.745 0.068192528
22.686 1994123.320 0.068304552
22.777 1989933.615 0.068417395
22.868 1985755.706 0.068531051
22.959 1981589.674 0.068645513
23.050 1977435.597 0.068760777
23.142 1973293.556 0.068876835
23.233 1969163.630 0.068993682
23.325 1965045.900 0.069111312
23.416 1960940.447 0.069229718
23.508 1956847.353 0.069348894
23.600 1952766.699 0.069468834
23.691 1948698.569 0.069589531
23.783 1944643.044 0.069710978
23.875 1940600.208 0.069833170
23.967 1936570.145 0.069956098
24.059 1932552.939 0.070079756
24.152 1928548.674 0.070204137
24.244 1924557.435 0.070329233
24.336 1920579.308 0.070455038
24.429 1916614.379 0.070581544
24.521 1912662.732 0.070708743
24.614 1908724.456 0.070836628
24.706 1904799.637 0.070965191
24.799 1900888.363 0.071094423
24.891 1896990.722 0.071224318
24.984 1893106.801 0.071354867
25.077 1889236.689 0.071486061
25.169 1885380.476 0.071617892
25.262 1881538.251 0.071750352
25.355 1877710.104 0.071883431
25.448 1873896.126 0.072017122
25.541 1870096.406 0.072151414
25.634 1866311.036 0.072286299
25.727 1862540.107 0.072421768
25.819 1858783.712 0.072557811
25.912 1855041.942 0.072694419
26.005 1851314.891 0.072831582
26.098 1847602.650 0.072969289
26.191 1843905.314 0.073107532
26.284 1840222.976 0.073246299
26.377 1836555.731 0.073385581
26.470 1832903.672 0.073525367
26.563 1829266.895 0.073665646
26.655 1825645.495 0.073806408
26.748 1822039.567 0.073947642
26.841 1818449.208 0.074089336
26.934 1814874.512 0.074231479
27.026 1811315.578 0.074374060
27.119 1807772.501 0.074517067
27.212 1804245.380 0.074660488
27.304 1800734.311 0.074804311
27.397 1797239.392 0.074948525
27.489 1793760.721 0.075093117
27.582 1790298.398 0.075238073
27.674 1786852.520 0.075383383
27.766 1783423.187 0.075529033
27.858 1780010.497 0.075675009
27.950 1776614.552 0.075821299
28.042 1773235.449 0.075967890
28.134 1769873.290 0.076114767
28.226 1766528.175 0.076261917
28.317 1763200.204 0.076409327
28.409 1759889.478 0.076556981
28.500 1756596.099 0.076704867
28.591 1753320.167 0.076852968
28.682 1750061.785 0.077001272
28.773 1746821.053 0.077149763
28.864 1743598.074 0.077298425
28.955 1740392.950 0.077447245
29.045 1737205.784 0.077596205
29.135 1734036.677 0.077745292
29.226 1730885.732 0.077894489
29.316 1727753.053 0.078043781
29.405 1724638.742 0.078193151
29.495 1721542.902 0.078342583
29.584 1718465.637 0.078492060
29.673 1715407.049 0.078641567
29.762 1712367.243 0.078791086
29.851 1709346.321 0.078940601
29.940 1706344.388 0.079090093
30.028 1703361.547 0.079239547
30.116 1700397.901 0.079388944
30.204 1697453.556 0.079538267
30.291 1694528.614 0.079687498
30.379 1691623.179 0.079836619
30.466 1688737.356 0.079985612
30.552 1685871.248 0.080134459
30.639 1683024.959 0.080283140
30.725 1680198.593 0.080431639
30.811 1677392.254 0.080579935
30.896 1674606.046 0.080728010
30.982 1671840.073 0.080875844
31.067 1669094.437 0.081023419
31.151 1666369.244 0.081170715
31.235 1663664.596 0.081317713
31.319 1660980.597 0.081464392
31.403 1658317.350 0.081610734
31.486 1655674.958 0.081756717
31.569 1653053.524 0.081902323
31.651 1650453.151 0.082047530
31.733 1647873.943 0.082192319
31.815 1645316.000 0.082336668
31.896 1642779.426 0.082480558
31.977 1640264.322 0.082623968
32.057 1637770.791 0.082766876
32.137 1635298.934 0.082909263
32.217 1632848.852 0.083051106
32.296 1630420.646 0.083192385
32.374 1628014.417 0.083333078
32.453 1625630.265 0.083473165
32.530 1623268.290 0.083612624
32.608 1620928.593 0.083751433
32.684 1618611.272 0.083889571
32.760 1616316.426 0.084027016
32.836 1614044.154 0.084163747
32.911 1611794.553 0.084299741
32.986 1609567.723 0.084434978
33.060 1607363.760 0.084569435
33.133 1605182.760 0.084703090
33.206 1603024.821 0.084835922
33.279 1600890.037 0.084967908
33.351 1598778.505 0.085099026
33.422 1596690.318 0.085229256
33.493 1594625.572 0.085358574
33.563 1592584.360 0.085486958
33.632 1590566.775 0.085614387
33.701 1588572.909 0.085740839
33.769 1586602.855 0.085866292
33.837 1584656.703 0.085990723
33.904 1582734.545 0.086114112
33.970 1580836.469 0.086236435
34.035 1578962.565 0.086357671
34.100 1577112.922 0.086477799
34.165 1575287.628 0.086596797
34.228 1573486.769 0.086714643
34.291 1571710.432 0.086831315
34.353 1569958.702 0.086946792
34.414 1568231.663 0.087061053
34.475 1566529.401 0.087174077
34.535 1564851.997 0.087285841
34.594 1563199.534 0.087396326
34.652 1561572.093 0.087505509
34.710 1559969.755 0.087613372
34.767 1558392.599 0.087719891
34.823 1556840.704 0.087825048
34.878 1555314.147 0.087928821
34.933 1553813.005 0.088031191
34.986 1552337.354 0.088132138
35.039 1550887.268 0.088231641
35.091 1549462.822 0.088329680
35.142 1548064.088 0.088426237
35.193 1546691.137 0.088521292
35.242 1545344.041 0.088614826
35.291 1544022.868 0.088706820
35.338 1542727.688 0.088797255
35.385 1541458.567 0.088886114
35.431 1540215.572 0.088973377
35.476 1538998.767 0.089059026
35.520 1537808.217 0.089143046
35.564 1536643.985 0.089225416
35.606 1535506.132 0.089306122
35.647 1534394.718 0.089385145
35.688 1533309.802 0.089462469
35.727 1532251.443 0.089538079
35.766 1531219.697 0.089611957
35.804 1530214.619 0.089684088
35.840 1529236.264 0.089754458
35.876 1528284.684 0.089823050
35.911 1527359.932 0.089889851
35.944 1526462.056 0.089954846
35.977 1525591.107 0.090018020
36.009 1524747.131 0.090079361
36.040 1523930.175 0.090138854
36.069 1523140.284 0.090196488
36.098 1522377.502 0.090252249
36.126 1521641.869 0.090306125
36.153 1520933.428 0.090358105
36.178 1520252.217 0.090408177
36.203 1519598.274 0.090456330
36.227 1518971.636 0.090502553
36.249 1518372.338 0.090546837
36.271 1517800.413 0.090589171
36.291 1517255.893 0.090629546
36.311 1516738.809 0.090667953
36.329 1516249.191 0.090704383
36.347 1515787.065 0.090738829
36.363 1515352.458 0.090771283
36.378 1514945.396 0.090801737
36.392 1514565.900 0.090830184
36.406 1514213.993 0.090856620
36.418 1513889.695 0.090881036
36.429 1513593.025 0.090903428
36.438 1513323.999 0.090923792
36.447 1513082.634 0.090942122
36.455 1512868.944 0.090958414
36.462 1512682.940 0.090972664
36.467 1512524.635 0.090984870
36.472 1512394.037 0.090995029
36.475 1512291.155 0.091003139
36.477 1512215.994 0.091009197
36.479 1512168.561 0.091013202
36.479 1512148.857 0.091015154
36.478 1512156.885 0.091015053
36.476 1512192.646 0.091012897
36.473 1512256.137 0.091008688
36.468 1512347.355 0.091002428
36.463 1512466.297 0.090994116
36.457 1512612.956 0.090983756
36.449 1512787.325 0.090971350
36.441 1512989.394 0.090956900
36.431 1513219.153 0.090940411
36.420 1513476.590 0.090921885
36.408 1513761.691 0.090901327
36.396 1514074.441 0.090878742
36.382 1514414.823 0.090854136
36.367 1514782.818 0.090827512
36.351 1515178.408 0.090798879
36.333 1515601.569 0.090768242
36.315 1516052.281 0.090735608
36.296 1516530.518 0.090700985
36.276 1517036.255 0.090664380
36.254 1517569.464 0.090625802
36.232 1518130.116 0.090585260
36.208 1518718.181 0.090542763
36.184 1519333.628 0.090498319
36.158 1519976.423 0.090451940
36.132 1520646.532 0.090403636
36.104 1521343.918 0.090353417
36.076 1522068.545 0.090301294
36.046 1522820.372 0.090247279
36.015 1523599.361 0.090191385
35.984 1524405.468 0.090133623
35.951 1525238.651 0.090074006
35.918 1526098.866 0.090012548
35.883 1526986.067 0.089949261
35.847 1527900.206 0.089884160
35.811 1528841.235 0.089817258
35.773 1529809.105 0.089748570
35.735 1530803.763 0.089678112
35.695 1531825.158 0.089605897
35.655 1532873.235 0.089531943
35.614 1533947.941 0.089456263
35.572 1535049.217 0.089378876
35.528 1536177.008 0.089299796
35.484 1537331.254 0.089219041
35.439 1538511.895 0.089136628
35.393 1539718.870 0.089052573
35.347 1540952.117 0.088966895
35.299 1542211.572 0.088879612
35.250 1543497.171 0.088790741
35.201 1544808.847 0.088700300
35.151 1546146.534 0.088608309
35.100 1547510.164 0.088514786
35.048 1548899.667 0.088419749
34.995 1550314.974 0.088323219
34.941 1551756.012 0.088225215
34.887 1553222.711 0.088125756
34.831 1554714.995 0.088024861
34.775 1556232.792 0.087922552
34.718 1557776.026 0.087818849
34.661 1559344.620 0.087713770
34.602 1560938.497 0.087607338
34.543 1562557.580 0.087499573
34.483 1564201.788 0.087390495
34.422 1565871.041 0.087280125
34.361 1567565.260 0.087168485
34.298 1569284.362 0.087055596
34.236 1571028.264 0.086941478
34.172 1572796.883 0.086826154
34.107 1574590.135 0.086709645
34.042 1576407.935 0.086591972
33.977 1578250.196 0.086473157
33.910 1580116.833 0.086353222
33.843 1582007.757 0.086232188
33.775 1583922.881 0.086110078
33.707 1585862.115 0.085986913
33.638 1587825.371 0.085862715
33.568 1589812.558 0.085737507
33.498 1591823.586 0.085611309
33.427 1593858.362 0.085484145
33.356 1595916.795 0.085356036
33.284 1597998.792 0.085227005
33.211 1600104.260 0.085097073
33.138 1602233.105 0.084966262
33.064 1604385.233 0.084834595
32.989 1606560.548 0.084702093
32.914 1608758.955 0.084568778
32.839 1610980.358 0.084434673
32.763 1613224.662 0.084299800
32.686 1615491.768 0.084164179
32.609 1617781.580 0.084027834
32.532 1620094.000 0.083890786
32.454 1622428.929 0.083753056
32.375 1624786.269 0.083614666
32.296 1627165.922 0.083475638
32.217 1629567.787 0.083335994
32.137 1631991.765 0.083195754
32.057 1634437.757 0.083054940
31.976 1636905.661 0.082913574
31.895 1639395.378 0.082771677
31.813 1641906.805 0.082629269
31.731 1644439.843 0.082486371
31.648 1646994.390 0.082343005
31.566 1649570.343 0.082199191
31.482 1652167.602 0.082054950
31.399 1654786.063 0.081910303
31.315 1657425.625 0.081765269
31.230 1660086.185 0.081619869
31.146 1662767.641 0.081474123
31.061 1665469.890 0.081328051
30.975 1668192.829 0.081181673
30.889 1670936.354 0.081035009
30.803 1673700.363 0.080888078
30.717 1676484.752 0.080740899
30.630 1679289.419 0.080593493
30.543 1682114.258 0.080445878
30.456 1684959.169 0.080298072
30.368 1687824.045 0.080150096
30.281 1690708.785 0.080001967
30.193 1693613.285 0.079853704
30.104 1696537.440 0.079705325
30.016 1699481.148 0.079556849
29.927 1702444.304 0.079408294
29.838 1705426.806 0.079259676
29.748 1708428.550 0.079111015
29.659 1711449.433 0.078962328
29.569 1714489.350 0.078813631
29.479 1717548.199 0.078664942
29.389 1720625.877 0.078516278
29.298 1723722.281 0.078367656
29.208 1726837.307 0.078219093
29.117 1729970.852 0.078070604
29.026 1733122.815 0.077922206
28.935 1736293.092 0.077773916
28.844 1739481.581 0.077625749
28.752 1742688.179 0.077477720
28.661 1745912.784 0.077329846
28.569 1749155.295 0.077182142
28.477 1752415.610 0.077034623
28.385 1755693.626 0.076887304
28.293 1758989.243 0.076740200
28.201 1762302.359 0.076593325
28.108 1765632.874 0.076446695
28.016 1768980.686 0.076300322
27.923 1772345.696 0.076154222
27.831 1775727.802 0.076008409
27.738 1779126.905 0.075862895
27.645 1782542.904 0.075717695
27.552 1785975.702 0.075572822
27.459 1789425.197 0.075428290
27.366 1792891.292 0.075284111
27.273 1796373.887 0.075140298
27.179 1799872.884 0.074996864
27.086 1803388.185 0.074853822
26.993 1806919.692 0.074711184
26.899 1810467.307 0.074568961
26.806 1814030.934 0.074427167
26.712 1817610.476 0.074285813
26.619 1821205.835 0.074144910
26.525 1824816.916 0.074004470
26.432 1828443.623 0.073864505
26.338 1832085.859 0.073725026
26.245 1835743.531 0.073586043
26.151 1839416.543 0.073447568
26.057 1843104.800 0.073309611
25.964 1846808.208 0.073172183
25.870 1850526.674 0.073035294
25.776 1854260.104 0.072898955
25.683 1858008.405 0.072763175
25.589 1861771.484 0.072627965
25.495 1865549.249 0.072493334
25.402 1869341.608 0.072359292
25.308 1873148.469 0.072225849
25.215 1876969.741 0.072093013
25.121 1880805.334 0.071960794
25.028 1884655.156 0.071829202
24.934 1888519.119 0.071698244
24.841 1892397.131 0.071567930
24.747 1896289.104 0.071438269
24.654 1900194.950 0.071309268
24.561 1904114.579 0.071180937
24.467 1908047.905 0.071053283
24.374 1911994.838 0.070926316
24.281 1915955.292 0.070800042
24.188 1919929.180 0.070674469
24.095 1923916.416 0.070549606
24.002 1927916.914 0.070425461
23.909 1931930.588 0.070302040
23.816 1935957.353 0.070179350
23.724 1939997.125 0.070057401
23.631 1944049.819 0.069936197
23.538 1948115.351 0.069815748
23.446 1952193.638 0.069696059
23.353 1956284.597 0.069577138
23.261 1960388.146 0.069458990
23.169 1964504.201 0.069341624
23.077 1968632.683 0.069225045
22.985 1972773.508 0.069109261
22.893 1976926.596 0.068994276
22.801 1981091.868 0.068880099
22.709 1985269.242 0.068766734
22.617 1989458.640 0.068654188
22.526 1993659.982 0.068542468
22.434 1997873.190 0.068431578
22.343 2002098.184 0.068321525
22.252 2006334.889 0.068212315
22.160 2010583.225 0.068103953
22.069 2014843.116 0.067996445
21.978 2019114.485 0.067889797
21.888 2023397.257 0.067784014
21.797 2027691.356 0.067679102
21.706 2031996.706 0.067575065
21.616 2036313.232 0.067471910
21.526 2040640.861 0.067369641
21.435 2044979.518 0.067268264
21.345 2049329.130 0.067167783
21.255 2053689.623 0.067068205
21.165 2058060.925 0.066969533
21.076 2062442.964 0.066871773
20.986 2066835.667 0.066774930
20.897 2071238.964 0.066679009
20.807 2075652.784 0.066584014
20.718 2080077.055 0.066489950
20.629 2084511.709 0.066396823
20.540 2088956.674 0.066304636
20.451 2093411.882 0.066213394
20.363 2097877.264 0.066123103
20.274 2102352.752 0.066033766
20.186 2106838.277 0.065945389
20.097 2111333.772 0.065857976
20.009 2115839.169 0.065771531
