20.013 2124926.432 0.065322903
20.100 2120417.367 0.065409015
20.187 2115917.933 0.065496085
20.275 2111428.193 0.065584106
20.362 2106948.217 0.065673077
20.450 2102478.069 0.065762991
20.538 2098017.818 0.065853846
20.626 2093567.531 0.065945636
20.714 2089127.277 0.066038358
20.803 2084697.124 0.066132006
20.891 2080277.142 0.066226577
20.980 2075867.399 0.066322066
21.068 2071467.965 0.066418469
21.157 2067078.912 0.066515781
21.246 2062700.309 0.066613997
21.335 2058332.228 0.066713113
21.424 2053974.740 0.066813125
21.514 2049627.918 0.066914027
21.603 2045291.833 0.067015815
21.693 2040966.559 0.067118484
21.783 2036652.169 0.067222029
21.872 2032348.737 0.067326446
21.962 2028056.336 0.067431728
22.052 2023775.042 0.067537872
22.143 2019504.930 0.067644872
22.233 2015246.074 0.067752722
22.323 2010998.551 0.067861419
22.414 2006762.438 0.067970955
22.504 2002537.810 0.068081327
22.595 1998324.745 0.068192528
22.686 1994123.320 0.068304552
22.777 1989933.615 0.068417395
22.868 1985755.706 0.068531051
22.959 1981589.674 0.068645513
23.050 1977435.597 0.068760777
23.142 1973293.556 0.068876835
23.233 1969163.630 0.068993682
23.325 1965045.900 0.069111312
23.416 1960940.447 0.069229718
23.508 1956847.353 0.069348894
23.600 1952766.699 0.069468834
23.691 1948698.569 0.069589531
23.783 1944643.044 0.069710978
23.875 1940600.208 0.069833170
23.967 1936570.145 0.069956098
24.059 1932552.939 0.070079756
24.152 1928548.674 0.070204137
24.244 1924557.435 0.070329233
24.336 1920579.308 0.070455038
24.429 1916614.379 0.070581544
24.521 1912662.732 0.070708743
24.614 1908724.456 0.070836628
24.706 1904799.637 0.070965191
24.799 1900888.363 0.071094423
24.891 1896990.722 0.071224318
24.984 1893106.801 0.071354867
25.077 1889236.689 0.071486061
25.169 1885380.476 0.071617892
25.262 1881538.251 0.071750352
25.355 1877710.104 0.071883431
25.448 1873896.126 0.072017122
25.541 1870096.406 0.072151414
25.634 1866311.036 0.072286299
25.727 1862540.107 0.072421768
25.819 1858783.712 0.072557811
25.912 1855041.942 0.072694419
26.005 1851314.891 0.072831582
26.098 1847602.650 0.072969289
26.191 1843905.314 0.073107532
26.284 1840222.976 0.073246299
26.377 1836555.731 0.073385581
26.470 1832903.672 0.073525367
26.563 1829266.895 0.073665646
26.655 1825645.495 0.073806408
26.748 1822039.567 0.073947642
26.841 1818449.208 0.074089336
26.934 1814874.512 0.074231479
27.026 1811315.578 0.074374060
27.119 1807772.501 0.074517067
27.212 1804245.380 0.074660488
27.304 1800734.311 0.074804311
27.397 1797239.392 0.074948525
27.489 1793760.721 0.075093117
27.582 1790298.398 0.075238073
27.674 1786852.520 0.075383383
27.766 1783423.187 0.075529033
27.858 1780010.497 0.075675009
27.950 1776614.552 0.075821299
28.042 1773235.449 0.075967890
28.134 1769873.290 0.076114767
28.226 1766528.175 0.076261917
28.317 1763200.204 0.076409327
28.409 1759889.478 0.076556981
28.500 1756596.099 0.076704867
28.591 1753320.167 0.076852968
28.682 1750061.785 0.077001272
28.773 1746821.053 0.077149763
28.864 1743598.074 0.077298425
28.955 1740392.950 0.077447245
29.045 1737205.784 0.077596205
29.135 1734036.677 0.077745292
29.226 1730885.732 0.077894489
29.316 1727753.053 0.078043781
29.405 1724638.742 0.078193151
29.495 1721542.902 0.078342583
29.584 1718465.637 0.078492060
29.673 1715407.049 0.078641567
29.762 1712367.243 0.078791086
29.851 1709346.321 0.078940601
29.940 1706344.388 0.079090093
30.028 1703361.547 0.079239547
30.116 1700397.901 0.079388944
30.204 1697453.556 0.079538267
30.291 1694528.614 0.079687498
30.379 1691623.179 0.079836619
30.466 1688737.356 0.079985612
30.552 1685871.248 0.080134459
30.639 1683024.959 0.080283140
30.725 1680198.593 0.080431639
30.811 1677392.254 0.080579935
30.896 1674606.046 0.080728010
30.982 1671840.073 0.080875844
31.067 1669094.437 0.081023419
31.151 1666369.244 0.081170715
31.235 1663664.596 0.081317713
31.319 1660980.597 0.081464392
31.403 1658317.350 0.081610734
31.486 1655674.958 0.081756717
31.569 1653053.524 0.081902323
31.651 1650453.151 0.082047530
31.733 1647873.943 0.082192319
31.815 1645316.000 0.082336668
31.896 1642779.426 0.082480558
31.977 1640264.322 0.082623968
32.057 1637770.791 0.082766876
32.137 1635298.934 0.082909263
32.217 1632848.852 0.083051106
32.296 1630420.646 0.083192385
32.374 1628014.417 0.083333078
32.453 1625630.265 0.083473165
32.530 1623268.290 0.083612624
32.608 1620928.593 0.083751433
32.684 1618611.272 0.083889571
32.760 1616316.426 0.084027016
32.836 1614044.154 0.084163747
32.911 1611794.553 0.084299741
32.986 1609567.723 0.084434978
33.060 1607363.760 0.084569435
33.133 1605182.760 0.084703090
33.206 1603024.821 0.084835922
33.279 1600890.037 0.084967908
33.351 1598778.505 0.085099026
33.422 1596690.318 0.085229256
33.493 1594625.572 0.085358574
33.563 1592584.360 0.085486958
33.632 1590566.775 0.085614387
33.701 1588572.909 0.085740839
33.769 1586602.855 0.085866292
33.837 1584656.703 0.085990723
33.904 1582734.545 0.086114112
33.970 1580836.469 0.086236435
34.035 1578962.565 0.086357671
34.100 1577112.922 0.086477799
34.165 1575287.628 0.086596797
34.228 1573486.769 0.086714643
34.291 1571710.432 0.086831315
34.353 1569958.702 0.086946792
34.414 1568231.663 0.087061053
34.475 1566529.401 0.087174077
34.535 1564851.997 0.087285841
34.594 1563199.534 0.087396326
34.652 1561572.093 0.087505509
34.710 1559969.755 0.087613372
34.767 1558392.599 0.087719891
34.823 1556840.704 0.087825048
34.878 1555314.147 0.087928821
34.933 1553813.005 0.088031191
34.986 1552337.354 0.088132138
35.039 1550887.268 0.088231641
35.091 1549462.822 0.088329680
35.142 1548064.088 0.088426237
35.193 1546691.137 0.088521292
35.242 1545344.041 0.088614826
35.291 1544022.868 0.088706820
35.338 1542727.688 0.088797255
35.385 1541458.567 0.088886114
35.431 1540215.572 0.088973377
35.476 1538998.767 0.089059026
35.520 1537808.217 0.089143046
35.564 1536643.985 0.089225416
35.606 1535506.132 0.089306122
35.647 1534394.718 0.089385145
35.688 1533309.802 0.089462469
35.727 1532251.443 0.089538079
35.766 1531219.697 0.089611957
35.804 1530214.619 0.089684088
35.840 1529236.264 0.089754458
35.876 1528284.684 0.089823050
35.911 1527359.932 0.089889851
35.944 1526462.056 0.089954846
35.977 1525591.107 0.090018020
36.009 1524747.131 0.090079361
36.040 1523930.175 0.090138854
36.069 1523140.284 0.090196488
36.098 1522377.502 0.090252249
36.126 1521641.869 0.090306125
36.153 1520933.428 0.090358105
36.178 1520252.217 0.090408177
36.203 1519598.274 0.090456330
36.227 1518971.636 0.090502553
36.249 1518372.338 0.090546837
36.271 1517800.413 0.090589171
36.291 1517255.893 0.090629546
36.311 1516738.809 0.090667953
36.329 1516249.191 0.090704383
36.347 1515787.065 0.090738829
36.363 1515352.458 0.090771283
36.378 1514945.396 0.090801737
36.392 1514565.900 0.090830184
36.406 1514213.993 0.090856620
36.418 1513889.695 0.090881036
36.429 1513593.025 0.090903428
36.438 1513323.999 0.090923792
36.447 1513082.634 0.090942122
36.455 1512868.944 0.090958414
36.462 1512682.940 0.090972664
36.467 1512524.635 0.090984870
36.472 1512394.037 0.090995029
36.475 1512291.155 0.091003139
36.477 1512215.994 0.091009197
36.479 1512168.561 0.091013202
36.479 1512148.857 0.091015154
36.478 1512156.885 0.091015053
36.476 1512192.646 0.091012897
36.473 1512256.137 0.091008688
36.468 1512347.355 0.091002428
36.463 1512466.297 0.090994116
36.457 1512612.956 0.090983756
36.449 1512787.325 0.090971350
36.441 1512989.394 0.090956900
36.431 1513219.153 0.090940411
36.420 1513476.590 0.090921885
36.408 1513761.691 0.090901327
36.396 1514074.441 0.090878742
36.382 1514414.823 0.090854136
36.367 1514782.818 0.090827512
36.351 1515178.408 0.090798879
36.333 1515601.569 0.090768242
36.315 1516052.281 0.090735608
36.296 1516530.518 0.090700985
36.276 1517036.255 0.090664380
36.254 1517569.464 0.090625802
36.232 1518130.116 0.090585260
36.208 1518718.181 0.090542763
36.184 1519333.628 0.090498319
36.158 1519976.423 0.090451940
36.132 1520646.532 0.090403636
36.104 1521343.918 0.090353417
36.076 1522068.545 0.090301294
36.046 1522820.372 0.090247279
36.015 1523599.361 0.090191385
35.984 1524405.468 0.090133623
35.951 1525238.651 0.090074006
35.918 1526098.866 0.090012548
35.883 1526986.067 0.089949261
35.847 1527900.206 0.089884160
35.811 1528841.235 0.089817258
35.773 1529809.105 0.089748570
35.735 1530803.763 0.089678112
35.695 1531825.158 0.089605897
35.655 1532873.235 0.089531943
35.614 1533947.941 0.089456263
35.572 1535049.217 0.089378876
35.528 1536177.008 0.089299796
35.484 1537331.254 0.089219041
35.439 1538511.895 0.089136628
35.393 1539718.870 0.089052573
35.347 1540952.117 0.088966895
35.299 1542211.572 0.088879612
35.250 1543497.171 0.088790741
35.201 1544808.847 0.088700300
35.151 1546146.534 0.088608309
35.100 1547510.164 0.088514786
35.048 1548899.667 0.088419749
34.995 1550314.974 0.088323219
34.941 1551756.012 0.088225215
34.887 1553222.711 0.088125756
34.831 1554714.995 0.088024861
34.775 1556232.792 0.087922552
34.718 1557776.026 0.087818849
34.661 1559344.620 0.087713770
34.602 1560938.497 0.087607338
34.543 1562557.580 0.087499573
34.483 1564201.788 0.087390495
34.422 1565871.041 0.087280125
34.361 1567565.260 0.087168485
34.298 1569284.362 0.087055596
34.236 1571028.264 0.086941478
34.172 1572796.883 0.086826154
34.107 1574590.135 0.086709645
34.042 1576407.935 0.086591972
33.977 1578250.196 0.086473157
33.910 1580116.833 0.086353222
33.843 1582007.757 0.086232188
33.775 1583922.881 0.086110078
33.707 1585862.115 0.085986913
33.638 1587825.371 0.085862715
33.568 1589812.558 0.085737507
33.498 1591823.586 0.085611309
33.427 1593858.362 0.085484145
33.356 1595916.795 0.085356036
33.284 1597998.792 0.085227005
33.211 1600104.260 0.085097073
33.138 1602233.105 0.084966262
33.064 1604385.233 0.084834595
32.989 1606560.548 0.084702093
32.914 1608758.955 0.084568778
32.839 1610980.358 0.084434673
32.763 1613224.662 0.084299800
32.686 1615491.768 0.084164179
32.609 1617781.580 0.084027834
32.532 1620094.000 0.083890786
32.454 1622428.929 0.083753056
32.375 1624786.269 0.083614666
32.296 1627165.922 0.083475638
32.217 1629567.787 0.083335994
32.137 1631991.765 0.083195754
32.057 1634437.757 0.083054940
31.976 1636905.661 0.082913574
31.895 1639395.378 0.082771677
31.813 1641906.805 0.082629269
31.731 1644439.843 0.082486371
31.648 1646994.390 0.082343005
31.566 1649570.343 0.082199191
31.482 1652167.602 0.082054950
31.399 1654786.063 0.081910303
31.315 1657425.625 0.081765269
31.230 1660086.185 0.081619869
31.146 1662767.641 0.081474123
31.061 1665469.890 0.081328051
30.975 1668192.829 0.081181673
30.889 1670936.354 0.081035009
30.803 1673700.363 0.080888078
30.717 1676484.752 0.080740899
30.630 1679289.419 0.080593493
30.543 1682114.258 0.080445878
30.456 1684959.169 0.080298072
30.368 1687824.045 0.080150096
30.281 1690708.785 0.080001967
30.193 1693613.285 0.079853704
30.104 1696537.440 0.079705325
30.016 1699481.148 0.079556849
29.927 1702444.304 0.079408294
29.838 1705426.806 0.079259676
29.748 1708428.550 0.079111015
29.659 1711449.433 0.078962328
29.569 1714489.350 0.078813631
29.479 1717548.199 0.078664942
29.389 1720625.877 0.078516278
1105549.686 0.175
1103336.248 0.175
1101229.774 0.176
1099230.887 0.176
1097340.183 0.177
1095558.230 0.178
1093885.566 0.178
1092322.700 0.178
1090870.111 0.179
1089528.245 0.179
1088297.516 0.180
1087178.308 0.180
1086170.970 0.180
1085275.817 0.181
1084493.130 0.181
1083823.156 0.181
1083266.108 0.181
1082822.161 0.181
1082491.456 0.181
1082274.099 0.181
1082170.159 0.181
1082179.668 0.181
1082302.624 0.181
1082538.988 0.181
1082888.685 0.181
1083351.602 0.181
1083927.594 0.181
1084616.478 0.181
1085418.037 0.181
1086332.017 0.180
1087358.131 0.180
1088496.059 0.180
1089745.445 0.179
1091105.902 0.179
1092577.010 0.178
1094158.316 0.178
1095849.337 0.177
1097649.559 0.177
1099558.438 0.176
1101575.403 0.176
1103699.852 0.175
1105931.158 0.175
1108268.667 0.174
1110711.698 0.173
1113259.548 0.172
1115911.488 0.172
1118666.768 0.171
1121524.614 0.170
1124484.234 0.169
1127544.815 0.169
1130705.524 0.168
1133965.511 0.167
1137323.911 0.166
1140779.841 0.165
1144332.402 0.164
1147980.685 0.163
1151723.765 0.162
1155560.706 0.161
1159490.561 0.160
1163512.373 0.159
1167625.175 0.158
1171827.994 0.157
1176119.848 0.156
1180499.749 0.155
1184966.703 0.154
1189519.712 0.153
1194157.773 0.152
1198879.882 0.151
1203685.029 0.150
1208572.206 0.148
1213540.402 0.147
1218588.607 0.146
1223715.810 0.145
1228921.003 0.144
1234203.179 0.143
1239561.331 0.142
1244994.458 0.141
1250501.562 0.139
1256081.647 0.138
1261733.723 0.137
1267456.805 0.136
1273249.913 0.135
1279112.072 0.134
1285042.314 0.133
1291039.678 0.131
1297103.208 0.130
1303231.957 0.129
1309424.986 0.128
1315681.362 0.127
1322000.161 0.126
1328380.467 0.125
1334821.373 0.123
1341321.981 0.122
1347881.401 0.121
1354498.753 0.120
1361173.165 0.119
1367903.777 0.118
1374689.736 0.117
1381530.199 0.116
1388424.335 0.115
1395371.320 0.114
1402370.341 0.113
1409420.596 0.112
1416521.292 0.110
1423671.646 0.109
1430870.885 0.108
1438118.247 0.107
1445412.979 0.106
1452754.339 0.105
1460141.595 0.104
1467574.024 0.103
1475050.914 0.102
1482571.563 0.101
1490135.279 0.100
1497741.379 0.099
1505389.191 0.098
1513078.052 0.098
1520807.309 0.097
1528576.320 0.096
1536384.449 0.095
1544231.073 0.094
1552115.578 0.093
1560037.357 0.092
1567995.814 0.091
1575990.363 0.090
1584020.425 0.089
1592085.431 0.089
1600184.822 0.088
1608318.045 0.087
1616484.557 0.086
1624683.826 0.085
1632915.324 0.084
1641178.534 0.084
1649472.947 0.083
1657798.062 0.082
1666153.386 0.081
1674538.434 0.080
1682952.728 0.080
1691395.799 0.079
1699867.184 0.078
1708366.428 0.077
1716893.086 0.077
1725446.715 0.076
1734026.884 0.075
1742633.166 0.074
1751265.144 0.074
1759922.403 0.073
1768604.539 0.072
1777311.154 0.072
1786041.854 0.071
1794796.254 0.070
1803573.973 0.070
1812374.640 0.069
1821197.885 0.068
1830043.348 0.068
1838910.673 0.067
1847799.511 0.067
1856709.517 0.066
1865640.352 0.065
1874591.685 0.065
1883563.186 0.064
1892554.535 0.064
1901565.413 0.063
1910595.510 0.062
1919644.517 0.062
1928712.133 0.061
1937798.062 0.061
1946902.010 0.060
1956023.691 0.060
1965162.821 0.059
1974319.121 0.059
1983492.319 0.058
1992682.144 0.058
2001888.330 0.057
2011110.618 0.056
2020348.749 0.056
2029602.472 0.055
2038871.536 0.055
2048155.698 0.055
2057454.717 0.054
2066768.354 0.054
2076096.377 0.053
2085438.555 0.053
2094794.662 0.052
2104164.475 0.052
2113547.776 0.051
2122944.348 0.051
2132353.978 0.050
2141776.458 0.050
2151211.581 0.050
2160659.144 0.049
2170118.947 0.049
2179590.794 0.048
2189074.491 0.048
2198569.847 0.048
2208076.674 0.047
2217594.787 0.047
2227124.004 0.046
2236664.144 0.046
2246215.032 0.046
2255776.493 0.045
2265348.354 0.045
2274930.448 0.044
2284522.607 0.044
2294124.668 0.044
2303736.468 0.043
2313357.847 0.043
2322988.650 0.043
2332628.721 0.042
2342277.908 0.042
2351936.060 0.042
2361603.029 0.041
2371278.668 0.041
2380962.835 0.041
2390655.387 0.040
2400356.184 0.040
2410065.089 0.040
2419781.965 0.039
2429506.677 0.039
2439239.095 0.039
2448979.088 0.038
2458726.526 0.038
2468481.284 0.038
2478243.237 0.038
2488012.260 0.037
2497788.232 0.037
2507571.035 0.037
2517360.548 0.036
2527156.655 0.036
2536959.242 0.036
2546768.195 0.036
2556583.401 0.035
2566404.750 0.035
2576232.133 0.035
2586065.443 0.035
2595904.572 0.034
2605749.417 0.034
2615599.873 0.034
2625455.838 0.034
2635317.213 0.033
2645183.896 0.033
2655055.790 0.033
2664932.799 0.033
2674814.825 0.032
2684701.776 0.032
2694593.556 0.032
2704490.075 0.032
2714391.242 0.031
2724296.965 0.031
2734207.158 0.031
2744121.731 0.031
2754040.599 0.031
2763963.676 0.030
2773890.877 0.030
2783822.119 0.030
2793757.321 0.030
2803696.399 0.029
2813639.275 0.029
2823585.867 0.029
2833536.099 0.029
2843489.892 0.029
2853447.170 0.028
2863407.857 0.028
2873371.877 0.028
2883339.158 0.028
56.451 1159813.322 0.130317964
56.504 1159229.715 0.130412232
56.552 1158691.027 0.130499381
56.597 1158197.321 0.130579371
56.637 1157748.657 0.130652167
56.673 1157345.088 0.130717739
56.706 1156986.661 0.130776056
56.734 1156673.419 0.130827093
56.758 1156405.400 0.130870828
56.778 1156182.635 0.130907241
56.794 1156005.153 0.130936317
56.805 1155872.973 0.130958042
56.812 1155786.112 0.130972407
56.816 1155744.580 0.130979406
56.815 1155748.384 0.130979035
56.810 1155797.522 0.130971294
56.800 1155891.990 0.130956188
56.787 1156031.776 0.130933723
56.769 1156216.864 0.130903908
56.747 1156447.232 0.130866758
56.721 1156722.855 0.130822288
56.691 1157043.698 0.130770519
56.657 1157409.725 0.130711473
56.619 1157820.893 0.130645177
56.577 1158277.153 0.130571659
56.530 1158778.453 0.130490952
56.480 1159324.733 0.130403092
56.426 1159915.929 0.130308117
56.368 1160551.973 0.130206068
56.306 1161232.791 0.130096990
56.240 1161958.303 0.129980930
56.170 1162728.426 0.129857938
56.096 1163543.069 0.129728068
56.019 1164402.140 0.129591375
55.938 1165305.540 0.129447917
55.854 1166253.164 0.129297757
55.766 1167244.904 0.129140957
55.674 1168280.647 0.128977583
55.579 1169360.275 0.128807705
55.480 1170483.667 0.128631393
55.378 1171650.695 0.128448721
55.273 1172861.227 0.128259764
55.165 1174115.130 0.128064600
55.053 1175412.261 0.127863309
54.938 1176752.478 0.127655972
54.820 1178135.633 0.127442674
54.699 1179561.572 0.127223499
54.576 1181030.140 0.126998536
54.449 1182541.177 0.126767874
54.319 1184094.519 0.126531603
54.187 1185689.997 0.126289815
54.052 1187327.441 0.126042604
53.915 1189006.676 0.125790065
53.774 1190727.524 0.125532296
53.632 1192489.802 0.125269392
53.487 1194293.326 0.125001453
53.339 1196137.907 0.124728579
53.190 1198023.354 0.124450870
53.037 1199949.473 0.124168427
52.883 1201916.066 0.123881354
52.727 1203922.933 0.123589754
52.569 1205969.871 0.123293729
52.408 1208056.675 0.122993385
52.246 1210183.135 0.122688826
52.082 1212349.042 0.122380158
51.916 1214554.182 0.122067485
51.748 1216798.340 0.121750914
51.579 1219081.299 0.121430551
51.408 1221402.837 0.121106501
51.235 1223762.734 0.120778872
51.061 1226160.766 0.120447768
50.886 1228596.707 0.120113296
50.709 1231070.329 0.119775562
50.530 1233581.404 0.119434671
50.351 1236129.701 0.119090729
50.170 1238714.987 0.118743841
49.988 1241337.028 0.118394111
49.805 1243995.591 0.118041644
49.621 1246690.438 0.117686542
49.436 1249421.332 0.117328910
49.249 1252188.034 0.116968848
49.062 1254990.305 0.116606460
48.874 1257827.905 0.116241846
48.685 1260700.591 0.115875106
48.496 1263608.121 0.115506339
48.305 1266550.254 0.115135645
48.114 1269526.744 0.114763120
47.923 1272537.349 0.114388862
47.730 1275581.823 0.114012966
47.537 1278659.921 0.113635526
47.344 1281771.398 0.113256637
47.150 1284916.009 0.112876391
46.956 1288093.507 0.112494880
46.761 1291303.646 0.112112193
46.566 1294546.181 0.111728420
46.370 1297820.865 0.111343649
46.174 1301127.452 0.110957966
45.978 1304465.696 0.110571458
45.782 1307835.351 0.110184208
45.585 1311236.172 0.109796300
45.389 1314667.913 0.109407814
45.192 1318130.329 0.109018833
44.995 1321623.176 0.108629434
44.798 1325146.209 0.108239695
44.601 1328699.184 0.107849694
44.404 1332281.859 0.107459504
44.206 1335893.990 0.107069201
44.009 1339535.336 0.106678855
43.812 1343205.655 0.106288539
43.615 1346904.706 0.105898322
43.418 1350632.250 0.105508272
43.221 1354388.048 0.105118457
43.025 1358171.860 0.104728941
42.828 1361983.451 0.104339790
42.632 1365822.582 0.103951065
42.436 1369689.019 0.103562829
42.240 1373582.527 0.103175142
42.044 1377502.872 0.102788062
41.849 1381449.822 0.102401647
41.654 1385423.146 0.102015953
41.459 1389422.612 0.101631035
41.265 1393447.991 0.101246947
41.070 1397499.056 0.100863739
40.877 1401575.579 0.100481465
40.683 1405677.335 0.100100172
40.490 1409804.099 0.099719909
40.297 1413955.648 0.099340724
40.105 1418131.759 0.098962662
39.913 1422332.213 0.098585768
39.722 1426556.789 0.098210085
39.531 1430805.269 0.097835655
39.340 1435077.437 0.097462519
39.150 1439373.077 0.097090716
38.961 1443691.975 0.096720286
38.771 1448033.919 0.096351266
38.583 1452398.697 0.095983692
38.395 1456786.099 0.095617600
38.207 1461195.917 0.095253022
38.020 1465627.944 0.094889993
37.834 1470081.974 0.094528544
37.648 1474557.804 0.094168707
37.462 1479055.230 0.093810510
37.277 1483574.051 0.093453982
37.093 1488114.069 0.093099153
36.909 1492675.083 0.092746048
36.726 1497256.899 0.092394693
36.543 1501859.320 0.092045113
36.361 1506482.152 0.091697332
36.180 1511125.204 0.091351373
35.999 1515788.285 0.091007259
35.819 1520471.206 0.090665011
35.639 1525173.778 0.090324649
35.460 1529895.816 0.089986192
35.282 1534637.135 0.089649660
35.104 1539397.552 0.089315071
34.927 1544176.884 0.088982442
34.750 1548974.952 0.088651788
34.574 1553791.578 0.088323127
34.399 1558626.583 0.087996472
34.224 1563479.792 0.087671839
34.050 1568351.032 0.087349240
33.877 1573240.129 0.087028689
33.704 1578146.912 0.086710197
33.532 1583071.212 0.086393777
33.361 1588012.860 0.086079438
33.190 1592971.690 0.085767192
33.020 1597947.535 0.085457048
32.850 1602940.234 0.085149015
32.681 1607949.622 0.084843102
32.513 1612975.540 0.084539316
32.346 1618017.828 0.084237666
32.179 1623076.328 0.083938157
32.012 1628150.883 0.083640796
31.847 1633241.338 0.083345590
31.682 1638347.540 0.083052544
31.517 1643469.337 0.082761662
31.354 1648606.577 0.082472949
31.191 1653759.111 0.082186409
31.028 1658926.792 0.081902046
30.867 1664109.471 0.081619863
30.706 1669307.005 0.081339862
30.545 1674519.249 0.081062047
30.385 1679746.061 0.080786420
30.226 1684987.300 0.080512981
30.068 1690242.825 0.080241733
29.910 1695512.498 0.079972676
29.753 1700796.183 0.079705811
29.596 1706093.743 0.079441138
29.440 1711405.043 0.079178658
29.285 1716729.950 0.078918371
29.130 1722068.334 0.078660275
28.976 1727420.061 0.078404370
28.823 1732785.005 0.078150656
28.670 1738163.035 0.077899130
28.518 1743554.026 0.077649792
28.366 1748957.851 0.077402639
28.216 1754374.386 0.077157670
28.065 1759803.509 0.076914883
27.916 1765245.096 0.076674274
27.767 1770699.028 0.076435843
27.618 1776165.184 0.076199585
27.471 1781643.447 0.075965499
27.323 1787133.698 0.075733580
27.177 1792635.823 0.075503827
27.031 1798149.705 0.075276235
26.886 1803675.232 0.075050801
26.741 1809212.290 0.074827522
26.597 1814760.768 0.074606393
26.453 1820320.555 0.074387412
26.310 1825891.543 0.074170573
26.168 1831473.623 0.073955873
26.026 1837066.688 0.073743309
25.885 1842670.631 0.073532875
25.744 1848285.348 0.073324567
25.604 1853910.735 0.073118381
25.465 1859546.689 0.072914313
25.326 1865193.108 0.072712358
25.188 1870849.891 0.072512512
25.050 1876516.939 0.072314770
24.913 1882194.152 0.072119127
24.776 1887881.432 0.071925579
24.640 1893578.683 0.071734121
24.505 1899285.809 0.071544749
24.370 1905002.715 0.071357458
24.236 1910729.307 0.071172242
24.102 1916465.491 0.070989099
23.969 1922211.176 0.070808021
23.836 1927966.271 0.070629006
23.704 1933730.686 0.070452048
23.572 1939504.330 0.070277143
23.441 1945287.116 0.070104286
23.311 1951078.955 0.069933473
23.181 1956879.763 0.069764698
23.051 1962689.451 0.069597957
22.922 1968507.936 0.069433246
22.794 1974335.134 0.069270561
22.666 1980170.961 0.069109896
22.539 1986015.335 0.068951248
22.412 1991868.173 0.068794613
22.285 1997729.397 0.068639985
22.159 2003598.925 0.068487361
22.034 2009476.678 0.068336738
21.909 2015362.579 0.068188109
21.785 2021256.548 0.068041473
21.661 2027158.511 0.067896825
21.538 2033068.390 0.067754161
21.415 2038986.111 0.067613477
21.293 2044911.598 0.067474770
21.171 2050844.778 0.067338037
21.049 2056785.579 0.067203274
20.928 2062733.927 0.067070478
20.808 2068689.752 0.066939645
20.688 2074652.982 0.066810773
20.568 2080623.547 0.066683859
20.449 2086601.377 0.066558899
20.331 2092586.405 0.066435892
20.213 2098578.561 0.066314834
20.095 2104577.779 0.066195723
