20.012 2116554.317 0.065731599
20.113 2111369.212 0.065831792
20.215 2106195.703 0.065933292
20.316 2101033.881 0.066036094
20.417 2095883.839 0.066140191
20.519 2090745.670 0.066245579
20.621 2085619.467 0.066352252
20.723 2080505.324 0.066460205
20.826 2075403.337 0.066569432
20.928 2070313.601 0.066679929
21.031 2065236.212 0.066791689
21.134 2060171.268 0.066904707
21.238 2055118.866 0.067018977
21.341 2050079.104 0.067134495
21.445 2045052.083 0.067251253
21.548 2040037.902 0.067369246
21.652 2035036.661 0.067488469
21.757 2030048.462 0.067608914
21.861 2025073.406 0.067730578
21.966 2020111.598 0.067853452
22.071 2015163.139 0.067977531
22.176 2010228.134 0.068102809
22.281 2005306.689 0.068229279
22.386 2000398.909 0.068356935
22.492 1995504.900 0.068485770
22.597 1990624.770 0.068615778
22.703 1985758.625 0.068746951
22.809 1980906.576 0.068879282
22.916 1976068.731 0.069012766
23.022 1971245.200 0.069147393
23.129 1966436.095 0.069283158
23.235 1961641.526 0.069420052
23.342 1956861.606 0.069558068
23.449 1952096.448 0.069697198
23.557 1947346.166 0.069837434
23.664 1942610.875 0.069978769
23.772 1937890.689 0.070121193
23.879 1933185.725 0.070264700
23.987 1928496.099 0.070409279
24.095 1923821.929 0.070554923
24.204 1919163.333 0.070701622
24.312 1914520.431 0.070849368
24.420 1909893.341 0.070998151
24.529 1905282.184 0.071147961
24.638 1900687.083 0.071298790
24.746 1896108.157 0.071450628
24.855 1891545.531 0.071603463
24.964 1886999.327 0.071757287
25.074 1882469.670 0.071912088
25.183 1877956.685 0.072067856
25.292 1873460.497 0.072224581
25.402 1868981.233 0.072382250
25.511 1864519.019 0.072540853
25.621 1860073.983 0.072700379
25.731 1855646.255 0.072860815
25.841 1851235.962 0.073022149
25.951 1846843.236 0.073184370
26.061 1842468.206 0.073347464
26.171 1838111.004 0.073511419
26.281 1833771.763 0.073676223
26.391 1829450.614 0.073841861
26.502 1825147.691 0.074008320
26.612 1820863.129 0.074175586
26.722 1816597.061 0.074343646
26.833 1812349.625 0.074512485
26.943 1808120.954 0.074682088
27.054 1803911.188 0.074852440
27.164 1799720.462 0.075023527
27.275 1795548.915 0.075195333
27.386 1791396.686 0.075367842
27.496 1787263.914 0.075541038
27.607 1783150.739 0.075714904
27.717 1779057.301 0.075889425
27.828 1774983.743 0.076064582
27.938 1770930.205 0.076240360
28.049 1766896.830 0.076416740
28.159 1762883.761 0.076593704
28.270 1758891.141 0.076771234
28.380 1754919.115 0.076949312
28.490 1750967.828 0.077127919
28.601 1747037.424 0.077307035
28.711 1743128.050 0.077486641
28.821 1739239.851 0.077666718
28.931 1735372.974 0.077847245
29.041 1731527.566 0.078028201
29.151 1727703.776 0.078209567
29.260 1723901.752 0.078391320
29.370 1720121.641 0.078573439
29.479 1716363.594 0.078755903
29.589 1712627.759 0.078938689
29.698 1708914.287 0.079121775
29.807 1705223.328 0.079305137
29.916 1701555.032 0.079488754
30.025 1697909.551 0.079672600
30.133 1694287.036 0.079856653
30.241 1690687.639 0.080040888
30.349 1687111.512 0.080225281
30.457 1683558.807 0.080409806
30.565 1680029.676 0.080594438
30.672 1676524.274 0.080779153
30.780 1673042.752 0.080963923
30.887 1669585.265 0.081148724
30.993 1666151.965 0.081333527
31.100 1662743.007 0.081518307
31.206 1659358.544 0.081703036
31.312 1655998.731 0.081887686
31.417 1652663.721 0.082072230
31.522 1649353.668 0.082256639
31.627 1646068.728 0.082440885
31.732 1642809.055 0.082624938
31.836 1639574.802 0.082808771
31.940 1636366.125 0.082992353
32.043 1633183.177 0.083175655
32.146 1630026.114 0.083358646
32.249 1626895.088 0.083541296
32.351 1623790.255 0.083723575
32.453 1620711.769 0.083905451
32.554 1617659.783 0.084086894
32.655 1614634.451 0.084267871
32.755 1611635.927 0.084448352
32.855 1608664.364 0.084628303
32.955 1605719.915 0.084807694
33.054 1602802.733 0.084986490
33.152 1599912.970 0.085164660
33.250 1597050.779 0.085342171
33.347 1594216.310 0.085518989
33.444 1591409.717 0.085695081
33.540 1588631.149 0.085870413
33.636 1585880.756 0.086044952
33.731 1583158.690 0.086218663
33.825 1580465.099 0.086391512
33.919 1577800.132 0.086563466
34.012 1575163.938 0.086734489
34.104 1572556.664 0.086904547
34.196 1569978.457 0.087073604
34.287 1567429.464 0.087241628
34.378 1564909.830 0.087408581
34.467 1562419.700 0.087574430
34.556 1559959.219 0.087739138
34.644 1557528.529 0.087902671
34.732 1555127.774 0.088064994
34.818 1552757.093 0.088226070
34.904 1550416.630 0.088385866
34.989 1548106.522 0.088544344
35.073 1545826.909 0.088701471
35.157 1543577.928 0.088857209
35.239 1541359.716 0.089011525
35.321 1539172.409 0.089164383
35.402 1537016.140 0.089315747
35.482 1534891.044 0.089465582
35.561 1532797.253 0.089613854
35.639 1530734.896 0.089760527
35.716 1528704.104 0.089905565
35.792 1526705.005 0.090048936
35.867 1524737.726 0.090190603
35.941 1522802.393 0.090330532
36.014 1520899.129 0.090468689
36.086 1519028.057 0.090605041
36.158 1517189.299 0.090739552
36.228 1515382.974 0.090872190
36.297 1513609.200 0.091002921
36.364 1511868.094 0.091131712
36.431 1510159.772 0.091258531
36.497 1508484.345 0.091383343
36.562 1506841.926 0.091506119
36.625 1505232.626 0.091626824
36.687 1503656.551 0.091745429
36.749 1502113.808 0.091861902
36.809 1500604.502 0.091976211
36.867 1499128.736 0.092088328
36.925 1497686.610 0.092198221
36.981 1496278.224 0.092305861
37.037 1494903.674 0.092411220
37.090 1493563.054 0.092514268
37.143 1492256.460 0.092614978
37.195 1490983.980 0.092713321
37.245 1489745.704 0.092809272
37.293 1488541.719 0.092902803
37.341 1487372.109 0.092993888
37.387 1486236.957 0.093082503
37.432 1485136.344 0.093168622
37.476 1484070.346 0.093252220
37.518 1483039.041 0.093333275
37.559 1482042.501 0.093411764
37.598 1481080.798 0.093487663
37.637 1480154.001 0.093560952
37.673 1479262.177 0.093631610
37.709 1478405.390 0.093699616
37.743 1477583.701 0.093764950
37.775 1476797.171 0.093827594
37.806 1476045.857 0.093887529
37.836 1475329.812 0.093944739
37.864 1474649.090 0.093999206
37.891 1474003.740 0.094050915
37.917 1473393.809 0.094099850
37.941 1472819.341 0.094145997
37.963 1472280.380 0.094189342
37.984 1471776.965 0.094229873
38.004 1471309.132 0.094267578
38.022 1470876.917 0.094302446
38.038 1470480.350 0.094334465
38.053 1470119.462 0.094363628
38.067 1469794.279 0.094389924
38.079 1469504.825 0.094413346
38.090 1469251.122 0.094433888
38.099 1469033.188 0.094451543
38.107 1468851.040 0.094466306
38.113 1468704.690 0.094478172
38.117 1468594.151 0.094487138
38.121 1468519.430 0.094493201
38.122 1468480.532 0.094496360
38.122 1468477.461 0.094496613
38.121 1468510.217 0.094493961
38.118 1468578.798 0.094488403
38.114 1468683.197 0.094479943
38.108 1468823.408 0.094468582
38.100 1468999.420 0.094454323
38.091 1469211.221 0.094437172
38.081 1469458.793 0.094417133
38.069 1469742.119 0.094394212
38.056 1470061.179 0.094368416
38.041 1470415.948 0.094339752
38.025 1470806.399 0.094308230
38.007 1471232.505 0.094273858
37.987 1471694.234 0.094236647
37.967 1472191.552 0.094196608
37.944 1472724.421 0.094153752
37.921 1473292.804 0.094108092
37.896 1473896.657 0.094059642
37.869 1474535.938 0.094008416
37.841 1475210.599 0.093954429
37.811 1475920.590 0.093897697
37.780 1476665.861 0.093838235
37.748 1477446.357 0.093776063
37.714 1478262.021 0.093711197
37.679 1479112.793 0.093643656
37.643 1479998.614 0.093573460
37.605 1480919.418 0.093500628
37.565 1481875.139 0.093425183
37.525 1482865.709 0.093347145
37.483 1483891.057 0.093266537
37.439 1484951.110 0.093183381
37.395 1486045.792 0.093097701
37.349 1487175.026 0.093009521
37.301 1488338.731 0.092918866
37.253 1489536.825 0.092825761
37.203 1490769.225 0.092730231
37.152 1492035.843 0.092632304
37.099 1493336.592 0.092532007
37.045 1494671.380 0.092429366
36.990 1496040.116 0.092324410
36.934 1497442.703 0.092217167
36.877 1498879.047 0.092107667
36.818 1500349.048 0.091995938
36.758 1501852.606 0.091882011
36.698 1503389.617 0.091765915
36.635 1504959.979 0.091647682
36.572 1506563.586 0.091527343
36.508 1508200.328 0.091404929
36.442 1509870.097 0.091280472
36.375 1511572.780 0.091154004
36.308 1513308.267 0.091025557
36.239 1515076.440 0.090895165
36.169 1516877.185 0.090762861
36.098 1518710.383 0.090628677
36.026 1520575.915 0.090492647
35.953 1522473.660 0.090354806
35.879 1524403.495 0.090215186
35.804 1526365.297 0.090073824
35.728 1528358.940 0.089930752
35.651 1530384.297 0.089786006
35.573 1532441.241 0.089639619
35.495 1534529.642 0.089491629
35.415 1536649.369 0.089342068
35.334 1538800.291 0.089190972
35.253 1540982.275 0.089038377
35.170 1543195.186 0.088884318
35.087 1545438.889 0.088728829
35.003 1547713.247 0.088571947
34.918 1550018.123 0.088413707
34.833 1552353.379 0.088254144
34.746 1554718.875 0.088093294
34.659 1557114.470 0.087931192
34.571 1559540.023 0.087767873
34.482 1561995.392 0.087603373
34.392 1564480.433 0.087437726
34.302 1566995.003 0.087270969
34.211 1569538.957 0.087103136
34.119 1572112.149 0.086934262
34.027 1574714.433 0.086764383
33.934 1577345.662 0.086593532
33.840 1580005.688 0.086421745
33.746 1582694.364 0.086249056
33.651 1585411.541 0.086075500
33.556 1588157.068 0.085901110
33.460 1590930.797 0.085725921
33.363 1593732.576 0.085549967
33.266 1596562.256 0.085373280
33.168 1599419.684 0.085195896
33.070 1602304.710 0.085017846
32.971 1605217.180 0.084839164
32.871 1608156.943 0.084659883
32.772 1611123.846 0.084480035
32.671 1614117.735 0.084299653
32.570 1617138.458 0.084118768
32.469 1620185.862 0.083937412
32.367 1623259.791 0.083755618
32.265 1626360.093 0.083573416
32.163 1629486.614 0.083390837
32.060 1632639.199 0.083207912
31.956 1635817.694 0.083024671
31.853 1639021.944 0.082841145
31.749 1642251.796 0.082657363
31.644 1645507.094 0.082473355
31.539 1648787.686 0.082289150
31.434 1652093.415 0.082104777
31.329 1655424.128 0.081920264
31.223 1658779.671 0.081735640
31.117 1662159.888 0.081550933
31.011 1665564.628 0.081366170
30.904 1668993.734 0.081181379
30.797 1672447.054 0.080996587
30.690 1675924.435 0.080811819
30.582 1679425.722 0.080627104
30.475 1682950.762 0.080442465
30.367 1686499.403 0.080257930
30.259 1690071.491 0.080073524
30.151 1693666.876 0.079889270
30.042 1697285.403 0.079705195
29.934 1700926.922 0.079521322
29.825 1704591.282 0.079337674
29.716 1708278.330 0.079154277
29.607 1711987.916 0.078971153
29.497 1715719.891 0.078788324
29.388 1719474.103 0.078605814
29.278 1723250.403 0.078423645
29.169 1727048.643 0.078241838
29.059 1730868.673 0.078060415
28.949 1734710.345 0.077879398
28.839 1738573.511 0.077698807
28.729 1742458.025 0.077518662
28.619 1746363.738 0.077338984
28.508 1750290.506 0.077159793
28.398 1754238.181 0.076981109
28.288 1758206.619 0.076802950
28.177 1762195.675 0.076625335
28.067 1766205.204 0.076448284
27.956 1770235.064 0.076271813
27.846 1774285.111 0.076095942
27.735 1778355.202 0.075920688
27.625 1782445.196 0.075746068
27.514 1786554.951 0.075572100
27.403 1790684.327 0.075398799
27.293 1794833.183 0.075226182
27.182 1799001.380 0.075054266
27.072 1803188.780 0.074883066
26.961 1807395.243 0.074712598
26.851 1811620.633 0.074542876
26.740 1815864.812 0.074373917
26.630 1820127.645 0.074205734
26.520 1824408.996 0.074038342
26.409 1828708.729 0.073871755
26.299 1833026.711 0.073705987
26.189 1837362.808 0.073541051
26.079 1841716.887 0.073376961
25.969 1846088.817 0.073213730
25.859 1850478.465 0.073051370
25.749 1854885.701 0.072889895
25.639 1859310.394 0.072729316
25.529 1863752.417 0.072569645
25.419 1868211.639 0.072410895
25.310 1872687.933 0.072253076
25.201 1877181.172 0.072096201
25.091 1881691.229 0.071940280
24.982 1886217.979 0.071785324
24.873 1890761.296 0.071631345
24.764 1895321.057 0.071478351
24.655 1899897.138 0.071326354
24.546 1904489.415 0.071175364
24.438 1909097.768 0.071025391
24.329 1913722.073 0.070876443
24.221 1918362.212 0.070728531
24.113 1923018.064 0.070581665
24.005 1927689.510 0.070435852
23.897 1932376.432 0.070291102
23.789 1937078.711 0.070147424
23.681 1941796.232 0.070004826
23.574 1946528.878 0.069863316
23.467 1951276.533 0.069722904
23.360 1956039.083 0.069583597
23.253 1960816.415 0.069445402
23.146 1965608.414 0.069308328
23.039 1970414.968 0.069172383
22.933 1975235.966 0.069037573
22.826 1980071.297 0.068903906
22.720 1984920.851 0.068771390
22.614 1989784.517 0.068640031
22.509 1994662.188 0.068509837
22.403 1999553.756 0.068380814
22.298 2004459.112 0.068252969
22.192 2009378.151 0.068126309
22.087 2014310.767 0.068000840
21.982 2019256.855 0.067876569
21.878 2024216.310 0.067753501
21.773 2029189.028 0.067631644
21.669 2034174.908 0.067511003
21.565 2039173.846 0.067391585
21.461 2044185.742 0.067273394
21.358 2049210.494 0.067156439
21.254 2054248.003 0.067040723
21.151 2059298.169 0.066926253
21.048 2064360.893 0.066813034
20.945 2069436.079 0.066701073
20.842 2074523.627 0.066590374
20.740 2079623.443 0.066480943
20.638 2084735.430 0.066372786
20.535 2089859.494 0.066265909
20.434 2094995.539 0.066160315
20.332 2100143.472 0.066056012
20.231 2105303.200 0.065953004
20.129 2110474.631 0.065851296
20.028 2115657.674 0.065750893
3882796.459 0.015
3869819.901 0.016
3856842.672 0.016
3843864.819 0.016
3830886.388 0.016
3817907.424 0.016
3804927.973 0.016
3791948.083 0.016
3778967.802 0.016
3765987.177 0.016
3753006.256 0.017
3740025.089 0.017
3727043.725 0.017
3714062.213 0.017
3701080.605 0.017
3688098.951 0.017
3675117.302 0.017
3662135.712 0.017
3649154.232 0.018
3636172.915 0.018
3623191.816 0.018
3610210.988 0.018
3597230.487 0.018
3584250.368 0.018
3571270.687 0.018
3558291.501 0.018
3545312.868 0.019
3532334.845 0.019
3519357.491 0.019
3506380.867 0.019
3493405.031 0.019
3480430.044 0.019
3467455.969 0.019
3454482.867 0.020
3441510.802 0.020
3428539.836 0.020
3415570.036 0.020
3402601.465 0.020
3389634.190 0.020
3376668.277 0.020
3363703.796 0.021
3350740.813 0.021
3337779.399 0.021
3324819.624 0.021
3311861.559 0.021
3298905.275 0.021
3285950.847 0.022
3272998.348 0.022
3260047.852 0.022
3247099.436 0.022
3234153.177 0.022
3221209.152 0.022
3208267.441 0.023
3195328.123 0.023
3182391.280 0.023
3169456.993 0.023
3156525.346 0.023
3143596.423 0.024
3130670.311 0.024
3117747.094 0.024
3104826.863 0.024
3091909.705 0.024
3078995.711 0.025
3066084.974 0.025
3053177.585 0.025
3040273.640 0.025
3027373.235 0.025
3014476.465 0.026
3001583.431 0.026
2988694.232 0.026
2975808.969 0.026
2962927.746 0.026
2950050.667 0.027
2937177.838 0.027
2924309.367 0.027
2911445.364 0.027
2898585.939 0.028
2885731.205 0.028
2872881.277 0.028
2860036.271 0.028
2847196.306 0.029
2834361.500 0.029
2821531.977 0.029
2808707.859 0.029
2795889.274 0.030
2783076.348 0.030
2770269.212 0.030
2757467.997 0.030
2744672.838 0.031
2731883.871 0.031
2719101.235 0.031
2706325.071 0.032
2693555.523 0.032
2680792.735 0.032
2668036.857 0.033
2655288.038 0.033
2642546.433 0.033
2629812.198 0.033
2617085.490 0.034
2604366.471 0.034
2591655.307 0.034
2578952.163 0.035
2566257.210 0.035
2553570.621 0.035
2540892.572 0.036
2528223.243 0.036
2515562.816 0.036
2502911.477 0.037
2490269.416 0.037
2477636.824 0.038
2465013.899 0.038
2452400.841 0.038
2439797.852 0.039
2427205.141 0.039
2414622.919 0.040
2402051.401 0.040
2389490.806 0.040
2376941.359 0.041
2364403.287 0.041
2351876.822 0.042
2339362.201 0.042
2326859.666 0.043
2314369.463 0.043
2301891.841 0.043
2289427.059 0.044
2276975.375 0.044
2264537.057 0.045
2252112.375 0.045
2239701.607 0.046
2227305.035 0.046
2214922.947 0.047
2202555.637 0.047
2190203.406 0.048
2177866.559 0.048
2165545.408 0.049
2153240.274 0.049
2140951.481 0.050
2128679.361 0.051
2116424.255 0.051
2104186.509 0.052
2091966.476 0.052
2079764.518 0.053
2067581.004 0.054
2055416.311 0.054
2043270.824 0.055
2031144.936 0.055
2019039.049 0.056
2006953.574 0.057
1994888.930 0.057
1982845.546 0.058
1970823.860 0.059
1958824.320 0.059
1946847.384 0.060
1934893.520 0.061
1922963.206 0.062
1911056.931 0.062
1899175.194 0.063
1887318.508 0.064
1875487.395 0.065
1863682.390 0.065
1851904.039 0.066
1840152.901 0.067
1828429.549 0.068
1816734.568 0.069
1805068.555 0.070
1793432.124 0.070
1781825.901 0.071
1770250.526 0.072
1758706.655 0.073
1747194.960 0.074
1735716.125 0.075
1724270.855 0.076
1712859.868 0.077
1701483.900 0.078
1690143.702 0.079
1678840.047 0.080
1667573.723 0.081
1656345.536 0.082
1645156.312 0.083
1634006.898 0.084
1622898.159 0.085
1611830.979 0.086
1600806.266 0.088
1589824.948 0.089
1578887.974 0.090
1567996.317 0.091
1557150.970 0.092
1546352.952 0.094
1535603.305 0.095
1524903.095 0.096
1514253.413 0.097
1503655.376 0.099
1493110.126 0.100
1482618.832 0.101
1472182.689 0.103
1461802.921 0.104
1451480.780 0.106
1441217.544 0.107
1431014.522 0.108
1420873.054 0.110
1410794.506 0.111
1400780.278 0.113
1390831.800 0.114
1380950.532 0.116
1371137.967 0.117
1361395.631 0.119
1351725.081 0.121
1342127.908 0.122
1332605.735 0.124
1323160.221 0.126
1313793.057 0.127
1304505.968 0.129
1295300.714 0.131
1286179.090 0.132
1277142.923 0.134
1268194.077 0.136
1259334.450 0.138
1250565.973 0.139
1241890.612 0.141
1233310.368 0.143
1224827.274 0.145
1216443.396 0.147
1208160.834 0.149
1199981.719 0.150
1191908.213 0.152
1183942.509 0.154
1176086.831 0.156
1168343.428 0.158
1160714.580 0.160
1153202.590 0.162
1145809.787 0.164
1138538.522 0.166
1131391.168 0.167
1124370.117 0.169
1117477.777 0.171
1110716.573 0.173
1104088.940 0.175
1097597.326 0.177
1091244.182 0.179
1085031.968 0.181
1078963.143 0.182
1073040.164 0.184
1067265.482 0.186
1061641.541 0.188
1056170.772 0.190
1050855.589 0.191
1045698.385 0.193
1040701.530 0.195
1035867.365 0.196
1031198.196 0.198
1026696.295 0.199
1022363.887 0.201
1018203.155 0.202
1014216.227 0.204
1010405.178 0.205
1006772.020 0.206
1003318.699 0.208
1000047.093 0.209
996959.004 0.210
994056.154 0.211
991340.183 0.212
988812.641 0.213
986474.986 0.214
984328.581 0.215
982374.688 0.216
980614.465 0.216
979048.964 0.217
977679.127 0.217
976505.783 0.218
975529.645 0.218
974751.310 0.219
974171.255 0.219
973789.836 0.219
973607.289 0.219
973623.726 0.219
973839.137 0.219
974253.389 0.219
974866.227 0.219
975677.275 0.218
976686.034 0.218
977891.891 0.217
979294.110 0.217
980891.846 0.216
982684.138 0.215
984669.916 0.215
986848.004 0.214
989217.124 0.213
991775.897 0.212
994522.850 0.211
997456.416 0.210
1000574.942 0.209
1003876.693 0.208
1007359.853 0.206
1011022.534 0.205
1014862.779 0.204
1018878.563 0.202
1023067.803 0.201
1027428.362 0.199
1031958.051 0.198
1036654.634 0.196
1041515.835 0.194
1046539.342 0.193
1051722.807 0.191
1057063.858 0.189
1062560.098 0.188
1068209.109 0.186
1074008.458 0.184
1079955.700 0.182
1086048.382 0.180
1092284.047 0.178
1098660.235 0.177
1105174.488 0.175
1111824.355 0.173
1118607.391 0.171
1125521.160 0.169
1132563.242 0.167
1139731.231 0.165
1147022.737 0.163
1154435.391 0.161
1161966.846 0.160
1169614.777 0.158
1177376.884 0.156
1185250.894 0.154
1193234.559 0.152
1201325.662 0.150
1209522.015 0.148
1217821.461 0.146
1226221.874 0.145
1234721.160 0.143
1243317.257 0.141
1252008.138 0.139
1260791.808 0.137
1269666.307 0.136
1278629.709 0.134
1287680.121 0.132
1296815.687 0.130
1306034.584 0.129
1315335.023 0.127
1324715.249 0.125
1334173.544 0.124
1343708.221 0.122
1353317.629 0.120
1363000.148 0.119
1372754.193 0.117
1382578.213 0.116
1392470.688 0.114
1402430.129 0.113
1412455.082 0.111
1422544.121 0.110
1432695.854 0.108
1442908.916 0.107
1453181.974 0.105
1463513.725 0.104
1473902.893 0.103
1484348.232 0.101
1494848.524 0.100
1505402.576 0.098
1516009.225 0.097
1526667.333 0.096
1537375.787 0.095
1548133.500 0.093
1558939.410 0.092
1569792.479 0.091
1580691.694 0.090
1591636.063 0.089
1602624.617 0.087
1613656.412 0.086
1624730.522 0.085
1635846.044 0.084
1647002.097 0.083
1658197.818 0.082
1669432.365 0.081
1680704.915 0.080
1692014.665 0.079
1703360.827 0.078
1714742.636 0.077
1726159.341 0.076
1737610.209 0.075
1749094.524 0.074
1760611.586 0.073
1772160.711 0.072
1783741.231 0.071
1795352.493 0.070
1806993.858 0.069
1818664.703 0.069
1830364.416 0.068
1842092.403 0.067
1853848.081 0.066
1865630.878 0.065
1877440.239 0.065
1889275.619 0.064
1901136.484 0.063
1913022.315 0.062
1924932.601 0.061
1936866.845 0.061
1948824.560 0.060
1960805.268 0.059
1972808.504 0.059
1984833.811 0.058
1996880.743 0.057
2008948.865 0.057
2021037.747 0.056
2033146.973 0.055
2045276.134 0.055
2057424.828 0.054
2069592.664 0.053
2081779.258 0.053
2093984.235 0.052
2106207.227 0.052
2118447.873 0.051
2130705.822 0.050
2142980.727 0.050
2155272.251 0.049
2167580.062 0.049
2179903.836 0.048
2192243.255 0.048
2204598.008 0.047
2216967.789 0.047
2229352.299 0.046
2241751.246 0.046
2254164.342 0.045
2266591.305 0.045
2279031.860 0.044
2291485.737 0.044
2303952.669 0.043
2316432.397 0.043
2328924.666 0.042
2341429.226 0.042
2353945.831 0.042
2366474.241 0.041
2379014.220 0.041
2391565.537 0.040
2404127.963 0.040
2416701.277 0.039
2429285.260 0.039
2441879.696 0.039
2454484.376 0.038
2467099.092 0.038
2479723.641 0.038
2492357.824 0.037
2505001.446 0.037
2517654.313 0.036
2530316.238 0.036
2542987.035 0.036
2555666.522 0.035
2568354.520 0.035
2581050.854 0.035
2593755.350 0.034
2606467.840 0.034
2619188.156 0.034
2631916.135 0.033
2644651.616 0.033
2657394.440 0.033
2670144.453 0.032
2682901.501 0.032
2695665.433 0.032
2708436.103 0.032
2721213.365 0.031
2733997.075 0.031
2746787.093 0.031
2759583.281 0.030
2772385.503 0.030
2785193.625 0.030
2798007.515 0.030
2810827.044 0.029
2823652.083 0.029
2836482.509 0.029
2849318.197 0.029
2862159.025 0.028
2875004.874 0.028
2887855.626 0.028
2900711.166 0.028
2913571.378 0.027
2926436.150 0.027
2939305.372 0.027
2952178.935 0.027
2965056.730 0.026
2977938.653 0.026
2990824.598 0.026
3003714.463 0.026
3016608.147 0.026
3029505.550 0.025
3042406.574 0.025
3055311.121 0.025
3068219.097 0.025
3081130.406 0.024
3094044.957 0.024
3106962.657 0.024
3119883.417 0.024
3132807.146 0.024
3145733.759 0.024
3158663.168 0.023
3171595.287 0.023
3184530.032 0.023
3197467.321 0.023
3210407.072 0.023
3223349.202 0.022
3236293.634 0.022
3249240.288 0.022
3262189.085 0.022
3275139.951 0.022
3288092.808 0.022
3301047.582 0.021
3314004.200 0.021
3326962.588 0.021
3339922.674 0.021
3352884.389 0.021
3365847.660 0.021
3378812.420 0.020
3391778.599 0.020
3404746.131 0.020
3417714.948 0.020
3430684.985 0.020
3443656.176 0.020
3456628.457 0.020
3469601.764 0.019
3482576.035 0.019
3495551.207 0.019
3508527.219 0.019
3521504.011 0.019
3534481.522 0.019
3547459.693 0.019
3560438.465 0.018
3573417.781 0.018
3586397.583 0.018
3599377.814 0.018
3612358.419 0.018
3625339.341 0.018
3638320.527 0.018
3651301.922 0.018
3664283.472 0.017
3677265.124 0.017
3690246.826 0.017
3703228.526 0.017
3716210.172 0.017
3729191.713 0.017
3742173.099 0.017
3755154.281 0.017
3768135.209 0.016
3781115.833 0.016
3794096.107 0.016
3807075.981 0.016
3820055.409 0.016
3833034.344 0.016
3846012.739 0.016
3858990.548 0.016
3871967.726 0.016
3884944.227 0.015
3897920.008 0.015
3910895.023 0.015
3923869.229 0.015
3936842.582 0.015
3949815.040 0.015
3962786.560 0.015
3975757.099 0.015
3988726.616 0.015
4001695.070 0.015
4014662.418 0.014
4027628.621 0.014
4040593.638 0.014
4053557.429 0.014
4066519.955 0.014
4079481.175 0.014
4092441.052 0.014
4105399.546 0.014
4118356.619 0.014
4131312.234 0.014
4144266.352 0.014
4157218.936 0.014
4170169.949 0.013
4183119.354 0.013
4196067.116 0.013
4209013.197 0.013
4221957.562 0.013
4234900.175 0.013
4247841.001 0.013
4260780.005 0.013
4273717.152 0.013
4286652.408 0.013
4299585.738 0.013
4312517.109 0.013
4325446.486 0.013
4338373.837 0.012
4351299.129 0.012
4364222.327 0.012
4377143.400 0.012
4390062.315 0.012
4402979.040 0.012
4415893.543 0.012
4428805.791 0.012
4441715.755 0.012
4454623.401 0.012
4467528.700 0.012
4480431.619 0.012
4493332.130 0.012
4506230.200 0.012
4519125.800 0.011
4532018.900 0.011
4544909.470 0.011
4557797.479 0.011
4570682.900 0.011
4583565.702 0.011
4596445.857 0.011
4609323.335 0.011
4622198.108 0.011
4635070.147 0.011
4647939.425 0.011
4660805.912 0.011
4673669.581 0.011
4686530.404 0.011
4699388.353 0.011
4712243.401 0.011
4725095.521 0.010
4737944.685 0.010
4750790.867 0.010
4763634.039 0.010
4776474.175 0.010
4789311.248 0.010
4802145.233 0.010
4814976.102 0.010
4827803.831 0.010
4840628.392 0.010
4853449.760 0.010
4866267.910 0.010
4879082.816 0.010
4891894.452 0.010
4904702.794 0.010
4917507.816 0.010
4930309.494 0.010
4943107.802 0.010
4955902.716 0.010
4968694.212 0.009
4981482.265 0.009
4994266.850 0.009
5007047.944 0.009
5019825.523 0.009
5032599.562 0.009
5045370.038 0.009
5058136.927 0.009
5070900.206 0.009
5083659.851 0.009
5096415.839 0.009
5109168.146 0.009
5121916.749 0.009
5134661.626 0.009
5147402.754 0.009
5160140.110 0.009
5172873.670 0.009
5185603.413 0.009
5198329.317 0.009
5211051.358 0.009
5223769.514 0.009
5236483.764 0.009
5249194.085 0.009
5261900.455 0.008
5274602.852 0.008
5287301.255 0.008
5299995.642 0.008
5312685.992 0.008
5325372.282 0.008
2885625.319 0.028
2878393.779 0.028
2871165.545 0.028
2863940.669 0.028
2856719.207 0.028
2849501.213 0.029
2842286.742 0.029
2835075.851 0.029
2827868.594 0.029
2820665.030 0.029
2813465.215 0.029
2806269.207 0.029
2799077.064 0.030
2791888.845 0.030
2784704.608 0.030
2777524.414 0.030
2770348.322 0.030
2763176.393 0.030
2756008.689 0.031
2748845.271 0.031
2741686.201 0.031
2734531.542 0.031
2727381.358 0.031
2720235.712 0.031
2713094.668 0.031
2705958.293 0.032
2698826.650 0.032
2691699.807 0.032
2684577.830 0.032
2677460.787 0.032
2670348.745 0.032
2663241.772 0.033
2656139.939 0.033
2649043.314 0.033
2641951.969 0.033
2634865.973 0.033
2627785.400 0.034
2620710.320 0.034
2613640.806 0.034
2606576.934 0.034
2599518.776 0.034
2592466.407 0.034
2585419.904 0.035
2578379.341 0.035
2571344.798 0.035
2564316.350 0.035
2557294.076 0.035
2550278.057 0.036
2543268.370 0.036
2536265.097 0.036
2529268.319 0.036
2522278.119 0.036
2515294.578 0.037
2508317.781 0.037
2501347.811 0.037
2494384.755 0.037
2487428.697 0.037
2480479.725 0.038
2473537.926 0.038
2466603.388 0.038
2459676.201 0.038
2452756.455 0.038
2445844.239 0.039
2438939.647 0.039
2432042.770 0.039
2425153.703 0.039
2418272.538 0.039
2411399.372 0.040
2404534.301 0.040
2397677.421 0.040
2390828.830 0.040
2383988.628 0.041
2377156.914 0.041
2370333.788 0.041
2363519.353 0.041
2356713.712 0.041
2349916.966 0.042
2343129.222 0.042
2336350.585 0.042
2329581.162 0.042
2322821.060 0.043
2316070.387 0.043
2309329.254 0.043
2302597.772 0.043
2295876.051 0.044
2289164.205 0.044
2282462.349 0.044
2275770.596 0.044
2269089.064 0.045
2262417.868 0.045
2255757.129 0.045
2249106.965 0.045
2242467.497 0.046
2235838.848 0.046
2229221.139 0.046
2222614.495 0.047
2216019.042 0.047
2209434.905 0.047
2202862.214 0.047
2196301.097 0.048
2189751.684 0.048
2183214.107 0.048
2176688.499 0.048
2170174.993 0.049
2163673.726 0.049
2157184.833 0.049
2150708.452 0.050
2144244.724 0.050
2137793.788 0.050
2131355.787 0.050
2124930.864 0.051
2118519.164 0.051
2112120.832 0.051
2105736.016 0.052
2099364.865 0.052
2093007.529 0.052
2086664.161 0.053
2080334.912 0.053
2074019.938 0.053
2067719.395 0.054
2061433.440 0.054
2055162.233 0.054
2048905.933 0.054
2042664.703 0.055
2036438.707 0.055
2030228.109 0.055
2024033.076 0.056
2017853.776 0.056
2011690.378 0.056
2005543.055 0.057
1999411.979 0.057
1993297.325 0.057
1987199.267 0.058
1981117.985 0.058
1975053.658 0.059
1969006.465 0.059
1962976.591 0.059
1956964.219 0.060
1950969.535 0.060
1944992.726 0.060
1939033.982 0.061
1933093.494 0.061
1927171.453 0.061
1921268.056 0.062
1915383.496 0.062
1909517.973 0.062
1903671.686 0.063
1897844.835 0.063
1892037.624 0.064
1886250.258 0.064
1880482.942 0.064
1874735.885 0.065
1869009.296 0.065
1863303.388 0.065
1857618.374 0.066
1851954.468 0.066
1846311.888 0.067
1840690.853 0.067
1835091.583 0.067
1829514.299 0.068
1823959.227 0.068
1818426.592 0.069
1812916.622 0.069
1807429.545 0.069
1801965.594 0.070
1796525.000 0.070
1791107.999 0.071
1785714.826 0.071
1780345.721 0.071
1775000.922 0.072
1769680.671 0.072
1764385.213 0.073
1759114.791 0.073
1753869.653 0.074
1748650.047 0.074
1743456.224 0.074
1738288.434 0.075
1733146.933 0.075
1728031.974 0.076
1722943.816 0.076
1717882.715 0.077
1712848.933 0.077
1707842.732 0.077
1702864.373 0.078
1697914.123 0.078
1692992.248 0.079
1688099.015 0.079
1683234.694 0.080
1678399.556 0.080
1673593.872 0.081
1668817.917 0.081
1664071.966 0.081
1659356.295 0.082
1654671.182 0.082
1650016.906 0.083
1645393.747 0.083
1640801.987 0.084
1636241.909 0.084
1631713.795 0.084
1627217.932 0.085
1622754.605 0.085
1618324.102 0.086
1613926.710 0.086
1609562.718 0.087
1605232.416 0.087
1600936.096 0.088
1596674.048 0.088
1592446.564 0.089
1588253.938 0.089
1584096.463 0.089
1579974.433 0.090
1575888.143 0.090
1571837.888 0.091
1567823.963 0.091
1563846.664 0.092
1559906.287 0.092
1556003.129 0.093
1552137.486 0.093
1548309.654 0.093
1544519.929 0.094
1540768.609 0.094
1537055.989 0.095
1533382.365 0.095
1529748.032 0.096
1526153.287 0.096
1522598.424 0.096
1519083.736 0.097
1515609.518 0.097
1512176.062 0.098
1508783.661 0.098
1505432.605 0.098
1502123.184 0.099
1498855.688 0.099
1495630.405 0.100
1492447.620 0.100
1489307.619 0.101
1486210.687 0.101
1483157.104 0.101
1480147.152 0.102
1477181.108 0.102
1474259.251 0.102
1471381.855 0.103
1468549.193 0.103
1465761.535 0.104
1463019.151 0.104
1460322.305 0.104
1457671.261 0.105
1455066.281 0.105
1452507.622 0.105
1449995.541 0.106
1447530.289 0.106
1445112.116 0.106
1442741.268 0.107
1440417.989 0.107
1438142.518 0.107
1435915.092 0.108
1433735.944 0.108
1431605.303 0.108
1429523.393 0.109
1427490.437 0.109
1425506.653 0.109
1423572.253 0.109
1421687.447 0.110
1419852.440 0.110
1418067.433 0.110
1416332.622 0.111
1414648.198 0.111
1413014.348 0.111
1411431.255 0.111
1409899.096 0.111
1408418.043 0.112
1406988.263 0.112
1405609.919 0.112
1404283.167 0.112
1403008.160 0.112
1401785.043 0.113
1400613.957 0.113
1399495.038 0.113
1398428.415 0.113
1397414.213 0.113
1396452.548 0.113
1395543.535 0.114
1394687.280 0.114
1393883.883 0.114
1393133.438 0.114
1392436.035 0.114
1391791.756 0.114
1391200.677 0.114
1390662.869 0.114
1390178.395 0.114
1389747.314 0.115
1389369.676 0.115
1389045.526 0.115
1388774.905 0.115
1388557.843 0.115
1388394.367 0.115
1388284.496 0.115
1388228.244 0.115
1388225.617 0.115
1388276.616 0.115
1388381.234 0.115
1388539.459 0.115
1388751.273 0.115
1389016.649 0.115
1389335.556 0.115
1389707.955 0.115
1390133.803 0.114
1390613.049 0.114
1391145.635 0.114
1391731.498 0.114
1392370.568 0.114
1393062.771 0.114
1393808.023 0.114
1394606.237 0.114
1395457.319 0.114
1396361.168 0.113
1397317.679 0.113
1398326.740 0.113
1399388.233 0.113
1400502.035 0.113
1401668.016 0.113
1402886.042 0.113
1404155.973 0.112
1405477.662 0.112
1406850.960 0.112
1408275.708 0.112
1409751.746 0.111
1411278.907 0.111
1412857.018 0.111
1414485.904 0.111
1416165.382 0.111
1417895.267 0.110
1419675.366 0.110
1421505.484 0.110
1423385.421 0.109
1425314.973 0.109
1427293.930 0.109
1429322.079 0.109
1431399.204 0.108
1433525.082 0.108
1435699.490 0.108
1437922.198 0.107
1440192.974 0.107
1442511.581 0.107
1444877.781 0.106
1447291.330 0.106
1449751.983 0.106
1452259.490 0.105
1454813.598 0.105
1457414.054 0.105
1460060.599 0.104
1462752.971 0.104
1465490.909 0.104
1468274.145 0.103
1471102.413 0.103
1473975.441 0.103
1476892.957 0.102
1479854.687 0.102
1482860.352 0.101
1485909.676 0.101
1489002.378 0.101
1492138.175 0.100
1495316.784 0.100
1498537.920 0.099
1501801.297 0.099
1505106.626 0.099
1508453.620 0.098
1511841.987 0.098
1515271.438 0.097
1518741.680 0.097
1522252.420 0.096
1525803.365 0.096
1529394.220 0.096
1533024.692 0.095
1536694.484 0.095
1540403.302 0.094
1544150.849 0.094
1547936.829 0.093
1551760.946 0.093
1555622.903 0.093
1559522.405 0.092
1563459.154 0.092
1567432.854 0.091
1571443.210 0.091
1575489.925 0.090
1579572.704 0.090
1583691.252 0.089
1587845.274 0.089
1592034.476 0.089
1596258.564 0.088
1600517.246 0.088
1604810.229 0.087
1609137.222 0.087
1613497.933 0.086
1617892.073 0.086
1622319.353 0.085
1626779.485 0.085
1631272.181 0.085
1635797.156 0.084
1640354.124 0.084
1644942.801 0.083
1649562.905 0.083
1654214.154 0.082
1658896.268 0.082
1663608.966 0.081
1668351.973 0.081
1673125.010 0.081
1677927.803 0.080
1682760.078 0.080
1687621.562 0.079
1692511.985 0.079
1697431.077 0.078
1702378.569 0.078
1707354.197 0.077
1712357.693 0.077
1717388.796 0.077
1722447.243 0.076
1727532.774 0.076
1732645.131 0.075
1737784.056 0.075
1742949.293 0.074
1748140.590 0.074
1753357.694 0.074
1758600.355 0.073
1763868.324 0.073
1769161.354 0.072
1774479.200 0.072
1779821.619 0.072
1785188.368 0.071
1790579.208 0.071
1795993.900 0.070
1801432.208 0.070
1806893.897 0.069
1812378.734 0.069
1817886.487 0.069
1823416.928 0.068
1828969.828 0.068
1834544.962 0.067
1840142.105 0.067
1845761.035 0.067
1851401.531 0.066
1857063.374 0.066
1862746.348 0.066
1868450.237 0.065
1874174.828 0.065
1879919.907 0.064
1885685.267 0.064
1891470.698 0.064
1897275.993 0.063
1903100.949 0.063
1908945.361 0.062
1914809.029 0.062
1920691.753 0.062
1926593.335 0.061
1932513.578 0.061
1938452.290 0.061
1944409.276 0.060
1950384.345 0.060
1956377.310 0.060
1962387.980 0.059
1968416.171 0.059
1974461.699 0.059
1980524.380 0.058
1986604.033 0.058
1992700.479 0.058
1998813.541 0.057
2004943.041 0.057
2011088.806 0.056
2017250.662 0.056
2023428.438 0.056
2029621.964 0.055
2035831.072 0.055
2042055.594 0.055
2048295.367 0.055
2054550.226 0.054
2060820.008 0.054
2067104.555 0.054
2073403.705 0.053
2079717.301 0.053
2086045.189 0.053
2092387.211 0.052
2098743.216 0.052
2105113.051 0.052
2111496.567 0.051
2117893.613 0.051
2124304.043 0.051
2130727.710 0.050
2137164.470 0.050
2143614.179 0.050
2150076.694 0.050
2156551.876 0.049
2163039.584 0.049
2169539.681 0.049
2176052.029 0.048
2182576.494 0.048
2189112.942 0.048
2195661.238 0.048
2202221.252 0.047
2208792.853 0.047
2215375.912 0.047
2221970.302 0.047
2228575.894 0.046
2235192.565 0.046
2241820.189 0.046
2248458.643 0.045
2255107.806 0.045
2261767.556 0.045
2268437.775 0.045
2275118.343 0.044
2281809.143 0.044
2288510.059 0.044
2295220.975 0.044
2301941.778 0.043
2308672.355 0.043
2315412.593 0.043
2322162.383 0.043
2328921.613 0.042
2335690.176 0.042
2342467.963 0.042
2349254.868 0.042
2356050.785 0.041
2362855.610 0.041
2369669.238 0.041
2376491.568 0.041
2383322.496 0.041
2390161.923 0.040
2397009.749 0.040
2403865.874 0.040
2410730.201 0.040
2417602.633 0.039
2424483.073 0.039
2431371.426 0.039
2438267.597 0.039
2445171.495 0.039
2452083.024 0.038
2459002.095 0.038
2465928.616 0.038
2472862.496 0.038
2479803.647 0.038
2486751.981 0.037
2493707.409 0.037
2500669.845 0.037
2507639.204 0.037
2514615.399 0.037
2521598.346 0.036
2528587.962 0.036
2535584.164 0.036
2542586.869 0.036
2549595.997 0.036
2556611.467 0.035
2563633.199 0.035
2570661.114 0.035
2577695.132 0.035
2584735.178 0.035
2591781.173 0.034
2598833.041 0.034
2605890.707 0.034
2612954.096 0.034
2620023.132 0.034
2627097.744 0.034
2634177.857 0.033
2641263.400 0.033
2648354.301 0.033
2655450.488 0.033
2662551.891 0.033
2669658.442 0.032
2676770.069 0.032
2683886.705 0.032
2691008.282 0.032
2698134.733 0.032
2705265.990 0.032
2712401.988 0.031
2719542.660 0.031
2726687.943 0.031
2733837.770 0.031
2740992.080 0.031
2748150.807 0.031
2755313.889 0.031
2762481.265 0.030
2769652.871 0.030
2776828.648 0.030
2784008.534 0.030
2791192.469 0.030
2798380.393 0.030
2805572.248 0.029
2812767.974 0.029
2819967.513 0.029
2827170.809 0.029
2834377.802 0.029
2841588.438 0.029
2848802.659 0.029
2856020.410 0.028
2863241.635 0.028
2870466.280 0.028
2877694.290 0.028
2884925.611 0.028
2892160.190 0.028
2899397.973 0.028
2906638.908 0.027
2913882.943 0.027
2921130.026 0.027
2928380.106 0.027
2935633.131 0.027
2942889.051 0.027
2950147.816 0.027
2957409.376 0.027
2964673.682 0.026
2971940.685 0.026
2979210.337 0.026
2986482.588 0.026
2993757.392 0.026
3001034.700 0.026
3008314.467 0.026
3015596.645 0.026
3022881.187 0.025
3030168.049 0.025
3037457.184 0.025
3044748.547 0.025
3052042.093 0.025
3059337.778 0.025
3066635.557 0.025
3073935.387 0.025
3081237.224 0.024
3088541.025 0.024
3095846.746 0.024
3103154.347 0.024
3110463.783 0.024
3117775.014 0.024
3125087.997 0.024
3132402.692 0.024
3139719.057 0.024
3147037.052 0.023
3154356.636 0.023
3161677.770 0.023
3169000.413 0.023
3176324.526 0.023
3183650.070 0.023
3190977.006 0.023
3198305.295 0.023
3205634.899 0.023
3212965.780 0.023
3220297.900 0.022
3227631.221 0.022
3234965.706 0.022
3242301.319 0.022
3249638.022 0.022
3256975.780 0.022
3264314.555 0.022
3271654.312 0.022
3278995.014 0.022
3286336.628 0.022
3293679.117 0.021
3301022.446 0.021
3308366.582 0.021
3315711.488 0.021
3323057.131 0.021
3330403.477 0.021
3337750.493 0.021
3345098.144 0.021
3352446.397 0.021
3359795.219 0.021
3367144.578 0.021
3374494.440 0.020
3381844.773 0.020
3389195.546 0.020
3396546.725 0.020
3403898.279 0.020
3411250.176 0.020
3418602.386 0.020
3425954.877 0.020
3433307.617 0.020
3440660.577 0.020
3448013.725 0.020
3455367.032 0.020
3462720.466 0.019
3470073.999 0.019
3477427.599 0.019
3484781.239 0.019
3492134.887 0.019
3499488.515 0.019
3506842.094 0.019
3514195.596 0.019
3521548.990 0.019
3528902.249 0.019
3536255.345 0.019
3543608.249 0.019
3550960.933 0.018
3558313.370 0.018
3565665.531 0.018
3573017.390 0.018
3580368.919 0.018
3587720.091 0.018
3595070.879 0.018
3602421.255 0.018
3609771.194 0.018
3617120.670 0.018
3624469.654 0.018
3631818.122 0.018
3639166.048 0.018
3646513.404 0.018
3653860.167 0.017
3661206.310 0.017
3668551.807 0.017
3675896.634 0.017
3683240.765 0.017
3690584.175 0.017
3697926.840 0.017
3705268.735 0.017
3712609.834 0.017
3719950.115 0.017
3727289.552 0.017
3734628.121 0.017
3741965.798 0.017
3749302.560 0.017
3756638.382 0.017
3763973.242 0.016
3771307.114 0.016
3778639.977 0.016
3785971.807 0.016
3793302.581 0.016
3800632.275 0.016
3807960.867 0.016
3815288.335 0.016
3822614.655 0.016
3829939.805 0.016
3837263.763 0.016
3844586.506 0.016
3851908.012 0.016
3859228.260 0.016
3866547.227 0.016
3873864.892 0.016
3881181.232 0.016
3888496.227 0.015
3895809.855 0.015
3903122.094 0.015
3910432.924 0.015
3917742.322 0.015
3925050.269 0.015
3932356.743 0.015
3939661.724 0.015
3946965.190 0.015
3954267.121 0.015
3961567.497 0.015
3968866.297 0.015
3976163.500 0.015
3983459.088 0.015
3990753.039 0.015
3998045.334 0.015
4005335.952 0.015
4012624.874 0.015
4019912.081 0.014
4027197.552 0.014
4034481.268 0.014
4041763.210 0.014
4049043.358 0.014
4056321.693 0.014
4063598.196 0.014
4070872.847 0.014
4078145.629 0.014
4085416.521 0.014
4092685.506 0.014
4099952.564 0.014
4107217.677 0.014
4114480.826 0.014
4121741.993 0.014
4129001.160 0.014
4136258.307 0.014
4143513.418 0.014
4150766.473 0.014
4158017.455 0.014
4165266.346 0.013
4172513.128 0.013
4179757.784 0.013
4187000.294 0.013
4194240.643 0.013
4201478.811 0.013
4208714.783 0.013
4215948.539 0.013
4223180.064 0.013
4230409.339 0.013
4237636.348 0.013
4244861.073 0.013
4252083.497 0.013
4259303.604 0.013
4266521.377 0.013
4273736.798 0.013
4280949.851 0.013
4288160.519 0.013
4295368.785 0.013
4302574.634 0.013
4309778.048 0.013
4316979.011 0.013
4324177.507 0.013
4331373.520 0.012
4338567.033 0.012
4345758.030 0.012
2065260.116 0.054
2055946.967 0.054
2046648.474 0.055
2037364.875 0.055
2028096.412 0.056
2018843.331 0.056
2009605.880 0.057
2000384.314 0.057
1991178.890 0.058
1981989.870 0.058
1972817.520 0.059
1963662.111 0.059
1954523.917 0.060
1945403.217 0.060
1936300.296 0.061
1927215.441 0.061
1918148.946 0.062
1909101.109 0.062
1900072.232 0.063
1891062.623 0.064
1882072.596 0.064
1873102.468 0.065
1864152.562 0.065
1855223.207 0.066
1846314.737 0.067
1837427.491 0.067
1828561.815 0.068
1819718.059 0.069
1810896.579 0.069
1802097.740 0.070
1793321.908 0.071
1784569.459 0.071
1775840.773 0.072
1767136.238 0.073
1758456.247 0.073
1749801.200 0.074
1741171.504 0.075
1732567.572 0.075
1723989.825 0.076
1715438.690 0.077
1706914.600 0.078
1698417.998 0.078
1689949.332 0.079
1681509.058 0.080
1673097.640 0.081
1664715.548 0.081
1656363.263 0.082
1648041.269 0.083
1639750.063 0.084
1631490.146 0.085
1623262.029 0.085
1615066.232 0.086
1606903.281 0.087
1598773.713 0.088
1590678.073 0.089
1582616.912 0.090
1574590.794 0.090
1566600.288 0.091
1558645.975 0.092
1550728.444 0.093
1542848.292 0.094
1535006.127 0.095
1527202.566 0.096
1519438.234 0.097
1511713.767 0.098
1504029.811 0.099
1496387.019 0.100
1488786.058 0.101
1481227.601 0.102
1473712.333 0.103
1466240.948 0.104
1458814.150 0.105
1451432.653 0.106
1444097.182 0.107
1436808.470 0.108
1429567.264 0.109
1422374.316 0.110
1415230.392 0.111
1408136.266 0.112
1401092.724 0.113
1394100.561 0.114
1387160.580 0.115
1380273.598 0.116
1373440.439 0.117
1366661.938 0.118
1359938.939 0.119
1353272.297 0.120
1346662.876 0.121
1340111.547 0.123
1333619.195 0.124
1327186.710 0.125
1320814.992 0.126
1314504.952 0.127
1308257.507 0.128
1302073.582 0.129
1295954.113 0.130
1289900.040 0.132
1283912.313 0.133
1277991.890 0.134
1272139.732 0.135
1266356.811 0.136
1260644.101 0.137
1255002.585 0.138
1249433.250 0.140
1243937.088 0.141
1238515.094 0.142
1233168.269 0.143
1227897.617 0.144
1222704.142 0.145
1217588.854 0.146
1212552.763 0.148
1207596.880 0.149
1202722.216 0.150
1197929.781 0.151
1193220.587 0.152
1188595.642 0.153
1184055.950 0.154
1179602.515 0.155
1175236.335 0.156
1170958.403 0.157
1166769.708 0.158
1162671.230 0.159
1158663.943 0.160
1154748.813 0.161
1150926.796 0.162
1147198.838 0.163
1143565.873 0.164
1140028.825 0.165
1136588.602 0.166
1133246.101 0.167
1130002.202 0.168
1126857.769 0.169
1123813.650 0.170
1120870.675 0.170
1118029.654 0.171
1115291.377 0.172
1112656.614 0.173
1110126.112 0.173
1107700.596 0.174
1105380.768 0.175
1103167.302 0.175
1101060.850 0.176
1099062.034 0.176
1097171.452 0.177
1095389.671 0.178
1093717.230 0.178
1092154.638 0.179
1090702.373 0.179
1089360.882 0.179
1088130.581 0.180
1087011.852 0.180
1086005.044 0.180
1085110.473 0.181
1084328.420 0.181
1083659.131 0.181
1083102.819 0.181
1082659.660 0.181
1082329.794 0.181
1082113.327 0.182
1082010.328 0.182
1082020.828 0.182
1082144.826 0.181
1082382.281 0.181
1082733.117 0.181
1083197.224 0.181
1083774.454 0.181
1084464.624 0.181
1085267.516 0.181
1086182.876 0.180
1087210.417 0.180
1088349.817 0.180
1089600.721 0.179
1090962.740 0.179
1092435.453 0.178
1094018.407 0.178
1095711.118 0.177
1097513.072 0.177
1099423.724 0.176
1101442.501 0.176
1103568.802 0.175
1105801.997 0.175
1108141.433 0.174
1110586.427 0.173
1113136.275 0.172
1115790.249 0.172
1118547.595 0.171
1121407.541 0.170
1124369.293 0.169
1127432.036 0.169
1130594.937 0.168
1133857.147 0.167
1137217.796 0.166
1140676.003 0.165
1144230.868 0.164
1147881.479 0.163
1151626.913 0.162
1155466.230 0.161
1159398.485 0.160
1163422.718 0.159
1167537.963 0.158
1171743.245 0.157
1176037.580 0.156
1180419.981 0.155
1184889.452 0.154
1189444.995 0.153
1194085.606 0.152
1198810.279 0.151
1203618.006 0.150
1208507.775 0.148
1213478.577 0.147
1218529.399 0.146
1223659.232 0.145
1228867.064 0.144
1234151.888 0.143
1239512.699 0.142
1244948.493 0.141
1250458.271 0.139
1256041.038 0.138
1261695.803 0.137
1267421.580 0.136
1273217.387 0.135
1279082.251 0.134
1285015.203 0.133
1291015.280 0.131
1297081.526 0.130
1303212.995 0.129
1309408.746 0.128
1315667.846 0.127
1321989.370 0.126
1328372.402 0.125
1334816.035 0.123
1341319.370 0.122
1347881.517 0.121
1354501.595 0.120
1361178.733 0.119
1367912.069 0.118
1374700.751 0.117
1381543.935 0.116
1388440.789 0.115
1395390.490 0.114
1402392.225 0.113
1409445.191 0.112
1416548.594 0.110
1423701.651 0.109
1430903.591 0.108
1438153.649 0.107
1445451.073 0.106
1452795.120 0.105
1460185.059 0.104
1467620.166 0.103
1475099.729 0.102
1482623.046 0.101
1490189.425 0.100
1497798.182 0.099
1505448.646 0.098
1513140.154 0.098
1520872.052 0.097
1528643.697 0.096
1536454.455 0.095
1544303.701 0.094
1552190.822 0.093
1560115.211 0.092
1568076.273 0.091
1576073.419 0.090
1584106.072 0.089
1592173.662 0.089
1600275.630 0.088
1608411.424 0.087
1616580.501 0.086
1624782.326 0.085
1633016.375 0.084
1641282.129 0.084
1649579.079 0.083
1657906.724 0.082
1666264.571 0.081
1674652.135 0.080
1683068.938 0.080
1691514.510 0.079
1699988.390 0.078
1708490.123 0.077
1717019.261 0.077
1725575.364 0.076
1734158.000 0.075
1742766.742 0.074
1751401.172 0.074
1760060.877 0.073
1768745.452 0.072
1777454.498 0.072
1786187.622 0.071
1794944.440 0.070
1803724.570 0.070
1812527.640 0.069
1821353.283 0.068
1830201.136 0.068
1839070.844 0.067
1847962.057 0.067
1856874.432 0.066
1865807.630 0.065
1874761.318 0.065
1883735.169 0.064
1892728.860 0.064
1901742.073 0.063
1910774.498 0.062
1919825.828 0.062
1928895.760 0.061
1937983.997 0.061
1947090.248 0.060
1956214.224 0.060
1965355.643 0.059
1974514.227 0.059
1983689.701 0.058
1992881.796 0.057
2002090.246 0.057
2011314.791 0.056
2020555.174 0.056
2029811.141 0.055
2039082.444 0.055
2048368.839 0.055
2057670.084 0.054
2066985.941 0.054
2076316.178 0.053
2085660.564 0.053
2095018.874 0.052
2104390.884 0.052
2113776.375 0.051
2123175.131 0.051
2132586.940 0.050
2142011.593 0.050
2151448.883 0.050
2160898.607 0.049
2170360.566 0.049
2179834.564 0.048
2189320.405 0.048
2198817.900 0.047
2208326.860 0.047
2217847.101 0.047
2227378.440 0.046
2236920.698 0.046
2246473.697 0.046
2256037.264 0.045
2265611.227 0.045
2275195.416 0.044
2284789.666 0.044
2294393.812 0.044
2304007.692 0.043
2313631.146 0.043
2323264.019 0.043
2332906.155 0.042
2342557.401 0.042
2352217.608 0.042
2361886.627 0.041
2371564.311 0.041
2381250.518 0.041
2390945.105 0.040
2400647.933 0.040
2410358.863 0.040
2420077.759 0.039
2429804.488 0.039
2439538.917 0.039
2449280.916 0.038
2459030.357 0.038
2468787.112 0.038
2478551.057 0.038
2488322.069 0.037
2498100.025 0.037
2507884.806 0.037
2517676.294 0.036
2527474.372 0.036
2537278.925 0.036
2547089.839 0.036
2556907.003 0.035
2566730.305 0.035
2576559.637 0.035
2586394.891 0.035
2596235.960 0.034
2606082.741 0.034
2615935.128 0.034
2625793.022 0.034
2635656.319 0.033
2645524.922 0.033
2655398.732 0.033
2665277.652 0.033
2675161.586 0.032
2685050.439 0.032
2694944.120 0.032
2704842.534 0.032
2714745.592 0.031
2724653.203 0.031
2734565.279 0.031
2744481.732 0.031
2754402.476 0.031
2764327.425 0.030
2774256.495 0.030
2784189.602 0.030
2794126.665 0.030
2804067.600 0.029
2814012.330 0.029
2823960.772 0.029
2833912.851 0.029
2843868.486 0.029
2853827.603 0.028
2863790.125 0.028
2873755.978 0.028
2883725.087 0.028
2893697.380 0.028
2903672.783 0.028
2913651.226 0.027
2923632.638 0.027
2933616.949 0.027
2943604.091 0.027
2953593.994 0.027
2963586.591 0.026
2973581.817 0.026
2983579.603 0.026
2993579.887 0.026
3003582.602 0.026
3013587.685 0.026
3023595.073 0.025
3033604.703 0.025
3043616.514 0.025
3053630.445 0.025
3063646.435 0.025
3073664.424 0.025
3083684.354 0.024
3093706.165 0.024
3103729.800 0.024
3113755.201 0.024
3123782.312 0.024
3133811.077 0.024
3143841.439 0.024
3153873.345 0.023
3163906.739 0.023
3173941.569 0.023
3183977.779 0.023
3194015.319 0.023
3204054.134 0.023
3214094.175 0.023
3224135.389 0.022
3234177.726 0.022
3244221.135 0.022
3254265.568 0.022
3264310.974 0.022
3274357.305 0.022
3284404.512 0.022
3294452.548 0.021
3304501.366 0.021
3314550.918 0.021
3324601.159 0.021
3334652.041 0.021
3344703.520 0.021
3354755.550 0.021
3364808.086 0.021
3374861.084 0.020
3384914.501 0.020
3394968.292 0.020
3405022.415 0.020
3415076.826 0.020
3425131.483 0.020
3435186.345 0.020
3445241.370 0.020
3455296.516 0.020
3465351.742 0.019
3475407.008 0.019
3485462.275 0.019
3495517.501 0.019
3505572.647 0.019
3515627.675 0.019
3525682.545 0.019
3535737.219 0.019
3545791.659 0.019
3555845.827 0.018
3565899.685 0.018
3575953.197 0.018
3586006.324 0.018
3596059.031 0.018
3606111.282 0.018
3616163.039 0.018
3626214.268 0.018
3636264.933 0.018
3646315.000 0.018
3656364.432 0.017
3666413.195 0.017
3676461.255 0.017
3686508.579 0.017
3696555.131 0.017
3706600.879 0.017
3716645.789 0.017
3726689.829 0.017
3736732.965 0.017
3746775.165 0.017
3756816.397 0.017
3766856.628 0.016
3776895.827 0.016
3786933.962 0.016
3796971.001 0.016
3807006.915 0.016
3817041.671 0.016
3827075.240 0.016
3837107.590 0.016
3847138.691 0.016
3857168.514 0.016
3867197.029 0.016
3877224.205 0.016
3887250.014 0.015
3897274.427 0.015
3907297.414 0.015
3917318.946 0.015
3927338.996 0.015
3937357.534 0.015
3947374.532 0.015
3957389.963 0.015
3967403.799 0.015
3977416.011 0.015
3987426.573 0.015
3997435.457 0.015
4007442.636 0.015
4017448.083 0.014
4027451.771 0.014
4037453.674 0.014
4047453.766 0.014
4057452.019 0.014
4067448.409 0.014
4077442.908 0.014
4087435.492 0.014
4097426.135 0.014
4107414.810 0.014
4117401.494 0.014
4127386.161 0.014
4137368.785 0.014
4147349.342 0.014
4157327.808 0.014
4167304.157 0.013
4177278.366 0.013
4187250.410 0.013
4197220.265 0.013
4207187.907 0.013
4217153.312 0.013
4227116.457 0.013
4237077.317 0.013
4247035.870 0.013
4256992.092 0.013
4266945.961 0.013
4276897.452 0.013
4286846.543 0.013
4296793.212 0.013
4306737.435 0.013
4316679.190 0.013
4326618.455 0.012
4336555.208 0.012
4346489.425 0.012
4356421.086 0.012
4366350.168 0.012
4376276.650 0.012
4386200.509 0.012
4396121.724 0.012
4406040.274 0.012
38.501 1454465.400 0.095805948
38.712 1449560.990 0.096217675
38.924 1444675.954 0.096632024
39.137 1439810.497 0.097048975
39.351 1434964.823 0.097468510
39.566 1430139.139 0.097890608
39.782 1425333.653 0.098315248
39.999 1420548.577 0.098742406
40.217 1415784.121 0.099172059
40.436 1411040.502 0.099604181
40.656 1406317.935 0.100038746
40.877 1401616.638 0.100475726
41.100 1396936.832 0.100915092
41.323 1392278.739 0.101356813
41.547 1387642.582 0.101800857
41.772 1383028.589 0.102247192
41.999 1378436.987 0.102695781
42.226 1373868.005 0.103146589
42.454 1369321.876 0.103599578
42.684 1364798.833 0.104054709
42.914 1360299.112 0.104511940
43.145 1355822.950 0.104971230
43.378 1351370.586 0.105432533
43.611 1346942.262 0.105895804
43.845 1342538.221 0.106360996
44.080 1338158.707 0.106828059
44.316 1333803.967 0.107296943
44.554 1329474.251 0.107767594
44.792 1325169.807 0.108239958
45.031 1320890.888 0.108713978
45.271 1316637.749 0.109189597
45.512 1312410.644 0.109666754
45.753 1308209.832 0.110145387
45.996 1304035.570 0.110625432
46.240 1299888.120 0.111106824
46.484 1295767.744 0.111589495
46.729 1291674.705 0.112073374
46.975 1287609.270 0.112558390
47.222 1283571.706 0.113044468
47.470 1279562.280 0.113531534
47.719 1275581.263 0.114019509
47.968 1271628.927 0.114508313
48.218 1267705.544 0.114997864
48.469 1263811.388 0.115488077
48.720 1259946.736 0.115978867
48.972 1256111.864 0.116470144
49.225 1252307.049 0.116961819
49.479 1248532.572 0.117453797
49.733 1244788.713 0.117945986
49.988 1241075.753 0.118438287
50.243 1237393.975 0.118930601
50.499 1233743.662 0.119422827
50.755 1230125.098 0.119914862
51.012 1226538.569 0.120406599
51.269 1222984.362 0.120897933
51.527 1219462.762 0.121388751
51.785 1215974.057 0.121878944
52.043 1212518.535 0.122368396
52.302 1209096.485 0.122856992
52.561 1205708.196 0.123344614
52.820 1202353.957 0.123831142
53.079 1199034.059 0.124316454
53.339 1195748.790 0.124800425
53.599 1192498.441 0.125282931
53.858 1189283.302 0.125763842
54.118 1186103.664 0.126243031
54.377 1182959.816 0.126720364
54.637 1179852.048 0.127195710
54.896 1176780.649 0.127668933
55.155 1173745.910 0.128139897
55.414 1170748.118 0.128608464
55.672 1167787.562 0.129074494
55.930 1164864.529 0.129537846
56.188 1161979.305 0.129998378
56.445 1159132.177 0.130455946
56.701 1156323.429 0.130910405
56.957 1153553.345 0.131361608
57.212 1150822.208 0.131809409
57.466 1148130.298 0.132253659
57.720 1145477.896 0.132694208
57.972 1142865.279 0.133130907
58.223 1140292.725 0.133563604
58.473 1137760.507 0.133992148
58.722 1135268.900 0.134416387
58.969 1132818.174 0.134836169
59.215 1130408.598 0.135251340
59.459 1128040.438 0.135661748
59.702 1125713.958 0.136067238
59.943 1123429.421 0.136467658
60.182 1121187.086 0.136862855
60.420 1118987.209 0.137252675
60.655 1116830.043 0.137636966
60.888 1114715.839 0.138015576
61.118 1112644.845 0.138388354
61.346 1110617.305 0.138755147
61.572 1108633.460 0.139115807
61.795 1106693.546 0.139470184
62.015 1104797.799 0.139818131
62.233 1102946.447 0.140159501
62.447 1101139.718 0.140494148
62.658 1099377.833 0.140821930
62.865 1097661.011 0.141142703
63.070 1095989.464 0.141456328
63.270 1094363.404 0.141762666
63.467 1092783.035 0.142061581
63.660 1091248.557 0.142352939
63.849 1089760.167 0.142636608
64.033 1088318.055 0.142912459
64.214 1086922.407 0.143180366
64.390 1085573.404 0.143440205
64.561 1084271.222 0.143691855
64.727 1083016.031 0.143935197
64.889 1081807.998 0.144170118
65.045 1080647.280 0.144396505
65.196 1079534.034 0.144614251
65.342 1078468.406 0.144823251
65.482 1077450.539 0.145023405
65.617 1076480.572 0.145214614
65.745 1075558.633 0.145396786
65.868 1074684.849 0.145569831
65.985 1073859.337 0.145733665
66.095 1073082.211 0.145888206
66.200 1072353.576 0.146033378
66.298 1071673.533 0.146169107
66.389 1071042.175 0.146295327
66.473 1070459.590 0.146411974
66.551 1069925.856 0.146518989
66.622 1069441.050 0.146616319
66.686 1069005.237 0.146703913
66.743 1068618.479 0.146781728
66.793 1068280.829 0.146849723
66.836 1067992.334 0.146907865
66.871 1067753.035 0.146956123
66.899 1067562.966 0.146994474
66.920 1067422.153 0.147022896
66.934 1067330.616 0.147041377
66.940 1067288.368 0.147049905
66.939 1067295.415 0.147048477
66.931 1067351.756 0.147037094
66.915 1067457.383 0.147015761
66.892 1067612.282 0.146984489
66.862 1067816.432 0.146943294
66.824 1068069.805 0.146892198
66.780 1068372.364 0.146831225
66.728 1068724.068 0.146760407
66.669 1069124.869 0.146679781
66.603 1069574.711 0.146589387
66.530 1070073.532 0.146489271
66.450 1070621.263 0.146379482
66.364 1071217.829 0.146260078
66.271 1071863.147 0.146131117
66.171 1072557.129 0.145992665
66.065 1073299.680 0.145844790
65.953 1074090.698 0.145687566
65.834 1074930.077 0.145521070
65.710 1075817.701 0.145345386
65.579 1076753.452 0.145160599
65.443 1077737.202 0.144966800
65.301 1078768.819 0.144764083
65.154 1079848.166 0.144552546
65.001 1080975.098 0.144332291
64.844 1082149.465 0.144103424
64.681 1083371.112 0.143866053
64.513 1084639.879 0.143620291
64.340 1085955.598 0.143366255
64.163 1087318.098 0.143104061
63.982 1088727.202 0.142833833
63.796 1090182.728 0.142555694
63.606 1091684.489 0.142269773
63.412 1093232.293 0.141976198
63.214 1094825.942 0.141675103
63.012 1096465.236 0.141366622
62.807 1098149.968 0.141050891
62.598 1099879.928 0.140728050
62.386 1101654.900 0.140398240
62.171 1103474.667 0.140061602
61.953 1105339.005 0.139718282
61.732 1107247.686 0.139368425
61.508 1109200.480 0.139012177
61.282 1111197.152 0.138649687
61.053 1113237.465 0.138281104
60.822 1115321.176 0.137906580
60.588 1117448.041 0.137526263
60.352 1119617.811 0.137140307
60.115 1121830.235 0.136748864
59.875 1124085.060 0.136352086
59.633 1126382.027 0.135950127
59.390 1128720.878 0.135543139
59.145 1131101.350 0.135131277
58.899 1133523.179 0.134714693
58.651 1135986.096 0.134293540
58.402 1138489.834 0.133867972
58.152 1141034.121 0.133438140
57.900 1143618.683 0.133004198
57.647 1146243.245 0.132566295
57.394 1148907.531 0.132124583
57.140 1151611.261 0.131679213
56.884 1154354.157 0.131230332
56.628 1157135.936 0.130778089
56.372 1159956.315 0.130322631
56.114 1162815.011 0.129864105
55.857 1165711.739 0.129402654
55.599 1168646.214 0.128938422
55.340 1171618.147 0.128471552
55.081 1174627.252 0.128002184
54.822 1177673.241 0.127530458
54.562 1180755.825 0.127056510
54.303 1183874.715 0.126580477
54.043 1187029.620 0.126102493
53.784 1190220.253 0.125622692
53.524 1193446.322 0.125141203
53.264 1196707.537 0.124658157
53.005 1200003.609 0.124173679
52.745 1203334.247 0.123687897
52.486 1206699.162 0.123200932
52.227 1210098.064 0.122712907
51.969 1213530.665 0.122223942
51.710 1216996.674 0.121734152
51.452 1220495.804 0.121243655
51.195 1224027.767 0.120752563
50.938 1227592.275 0.120260988
50.681 1231189.043 0.119769039
50.425 1234817.785 0.119276823
50.169 1238478.215 0.118784445
49.914 1242170.049 0.118292007
49.659 1245893.004 0.117799612
49.405 1249646.799 0.117307356
49.152 1253431.152 0.116815338
48.899 1257245.782 0.116323650
48.647 1261090.412 0.115832385
48.396 1264964.763 0.115341634
48.145 1268868.559 0.114851484
47.895 1272801.525 0.114362021
47.646 1276763.387 0.113873328
47.398 1280753.872 0.113385488
47.150 1284772.710 0.112898579
46.903 1288819.631 0.112412679
46.657 1292894.367 0.111927864
46.412 1296996.651 0.111444207
46.168 1301126.218 0.110961779
45.925 1305282.805 0.110480650
45.682 1309466.150 0.110000886
45.441 1313675.993 0.109522554
45.200 1317912.075 0.109045716
44.960 1322174.139 0.108570434
44.722 1326461.931 0.108096768
44.484 1330775.198 0.107624775
44.247 1335113.686 0.107154512
44.011 1339477.148 0.106686032
43.776 1343865.334 0.106219387
43.542 1348277.999 0.105754629
43.309 1352714.898 0.105291806
43.077 1357175.789 0.104830965
42.846 1361660.431 0.104372152
42.616 1366168.585 0.103915409
42.386 1370700.014 0.103460780
42.158 1375254.484 0.103008305
41.931 1379831.761 0.102558022
41.705 1384431.614 0.102109970
41.480 1389053.814 0.101664184
41.256 1393698.133 0.101220698
41.033 1398364.346 0.100779546
40.811 1403052.229 0.100340759
40.590 1407761.562 0.099904367
40.370 1412492.123 0.099470399
40.152 1417243.696 0.099038883
39.934 1422016.064 0.098609845
39.717 1426809.014 0.098183309
39.501 1431622.333 0.097759299
39.286 1436455.813 0.097337839
39.072 1441309.244 0.096918948
38.860 1446182.420 0.096502648
38.648 1451075.138 0.096088958
38.437 1455987.194 0.095677894
38.228 1460918.389 0.095269474
38.019 1465868.523 0.094863715
37.812 1470837.401 0.094460630
37.605 1475824.828 0.094060233
37.399 1480830.609 0.093662538
37.195 1485854.556 0.093267556
36.991 1490896.478 0.092875298
36.789 1495956.188 0.092485774
36.587 1501033.501 0.092098994
36.387 1506128.233 0.091714967
36.187 1511240.202 0.091333698
35.989 1516369.229 0.090955196
35.791 1521515.136 0.090579467
35.595 1526677.745 0.090206516
35.399 1531856.883 0.089836347
35.205 1537052.377 0.089468965
35.011 1542264.055 0.089104372
34.818 1547491.750 0.088742572
34.627 1552735.292 0.088383566
34.436 1557994.516 0.088027355
34.246 1563269.259 0.087673942
34.058 1568559.358 0.087323325
33.870 1573864.651 0.086975505
33.683 1579184.982 0.086630480
33.497 1584520.191 0.086288250
33.312 1589870.123 0.085948812
33.128 1595234.625 0.085612164
32.945 1600613.544 0.085278304
32.763 1606006.729 0.084947229
32.582 1611414.031 0.084618934
32.402 1616835.303 0.084293416
32.222 1622270.398 0.083970670
32.044 1627719.172 0.083650693
31.866 1633181.482 0.083333477
31.689 1638657.187 0.083019020
31.514 1644146.147 0.082707313
31.339 1649648.224 0.082398352
31.165 1655163.280 0.082092131
30.992 1660691.180 0.081788642
30.819 1666231.791 0.081487878
30.648 1671784.980 0.081189834
30.477 1677350.616 0.080894500
30.308 1682928.569 0.080601870
30.139 1688518.711 0.080311936
29.971 1694120.916 0.080024690
29.804 1699735.057 0.079740123
29.638 1705361.011 0.079458228
29.472 1710998.655 0.079178996
29.308 1716647.868 0.078902418
29.144 1722308.530 0.078628485
28.981 1727980.521 0.078357188
28.819 1733663.725 0.078088519
28.657 1739358.026 0.077822468
28.497 1745063.307 0.077559025
28.337 1750779.457 0.077298182
28.178 1756506.361 0.077039929
28.020 1762243.910 0.076784256
27.862 1767991.994 0.076531154
27.706 1773750.502 0.076280612
27.550 1779519.329 0.076032622
27.395 1785298.367 0.075787174
27.240 1791087.512 0.075544256
27.087 1796886.659 0.075303861
26.934 1802695.705 0.075065978
26.782 1808514.549 0.074830596
26.630 1814343.090 0.074597706
26.480 1820181.228 0.074367299
26.330 1826028.865 0.074139364
26.181 1831885.903 0.073913891
26.032 1837752.247 0.073690870
25.885 1843627.800 0.073470292
25.738 1849512.468 0.073252147
25.591 1855406.159 0.073036424
25.446 1861308.781 0.072823115
25.301 1867220.241 0.072612209
25.156 1873140.449 0.072403697
25.013 1879069.317 0.072197569
24.870 1885006.757 0.071993816
24.728 1890952.680 0.071792428
24.586 1896907.001 0.071593395
24.445 1902869.634 0.071396709
24.305 1908840.495 0.071202360
24.165 1914819.500 0.071010339
24.027 1920806.566 0.070820637
23.888 1926801.612 0.070633245
23.751 1932804.557 0.070448153
23.614 1938815.321 0.070265354
23.477 1944833.824 0.070084838
23.342 1950859.989 0.069906598
23.206 1956893.738 0.069730623
23.072 1962934.995 0.069556907
22.938 1968983.683 0.069385440
22.805 1975039.727 0.069216215
22.672 1981103.054 0.069049224
22.540 1987173.591 0.068884458
22.409 1993251.264 0.068721911
22.278 1999336.001 0.068561574
22.147 2005427.733 0.068403441
22.018 2011526.387 0.068247502
21.889 2017631.896 0.068093753
21.760 2023744.190 0.067942185
21.632 2029863.201 0.067792792
21.505 2035988.862 0.067645566
21.378 2042121.106 0.067500503
21.251 2048259.867 0.067357594
21.126 2054405.081 0.067216834
21.000 2060556.682 0.067078216
20.876 2066714.606 0.066941736
20.752 2072878.791 0.066807387
20.628 2079049.174 0.066675163
20.505 2085225.694 0.066545060
20.383 2091408.288 0.066417071
20.261 2097596.896 0.066291193
20.139 2103791.459 0.066167420
20.018 2109991.918 0.066045747
