20.052 2107768.831 0.066103659
20.105 2105064.743 0.066156329
20.158 2102381.173 0.066209015
20.210 2099718.203 0.066261706
20.263 2097075.914 0.066314392
20.314 2094454.388 0.066367063
20.366 2091853.703 0.066419708
20.417 2089273.942 0.066472317
20.468 2086715.183 0.066524881
20.519 2084177.507 0.066577388
20.569 2081660.993 0.066629829
20.619 2079165.720 0.066682193
20.669 2076691.768 0.066734470
20.719 2074239.214 0.066786650
20.768 2071808.137 0.066838723
20.816 2069398.615 0.066890678
20.865 2067010.726 0.066942506
20.913 2064644.547 0.066994195
20.961 2062300.154 0.067045737
21.008 2059977.625 0.067097120
21.055 2057677.036 0.067148335
21.102 2055398.462 0.067199372
21.148 2053141.978 0.067250220
21.194 2050907.661 0.067300870
21.240 2048695.584 0.067351310
21.285 2046505.821 0.067401533
21.330 2044338.446 0.067451526
21.375 2042193.533 0.067501281
21.419 2040071.153 0.067550787
21.462 2037971.381 0.067600035
21.506 2035894.286 0.067649014
21.549 2033839.942 0.067697715
21.591 2031808.417 0.067746128
21.633 2029799.784 0.067794243
21.675 2027814.111 0.067842051
21.717 2025851.468 0.067889541
21.757 2023911.924 0.067936705
21.798 2021995.547 0.067983532
21.838 2020102.404 0.068030013
21.878 2018232.563 0.068076139
21.917 2016386.089 0.068121899
21.956 2014563.049 0.068167286
21.994 2012763.509 0.068212289
22.032 2010987.532 0.068256899
22.070 2009235.182 0.068301107
22.107 2007506.524 0.068344903
22.143 2005801.619 0.068388280
22.180 2004120.530 0.068431227
22.215 2002463.319 0.068473736
22.251 2000830.045 0.068515797
22.285 1999220.769 0.068557403
22.320 1997635.551 0.068598545
22.354 1996074.448 0.068639213
22.387 1994537.519 0.068679399
22.420 1993024.821 0.068719096
22.452 1991536.411 0.068758293
22.484 1990072.343 0.068796984
22.516 1988632.674 0.068835160
22.547 1987217.456 0.068872813
22.577 1985826.744 0.068909934
22.607 1984460.591 0.068946517
22.637 1983119.047 0.068982552
22.666 1981802.164 0.069018033
22.694 1980509.993 0.069052952
22.722 1979242.582 0.069087301
22.750 1977999.980 0.069121073
22.777 1976782.235 0.069154261
22.803 1975589.393 0.069186857
22.829 1974421.501 0.069218854
22.855 1973278.604 0.069250246
22.880 1972160.745 0.069281026
22.904 1971067.969 0.069311187
22.928 1970000.318 0.069340722
22.951 1968957.834 0.069369625
22.974 1967940.556 0.069397890
22.996 1966948.525 0.069425510
23.018 1965981.780 0.069452479
23.039 1965040.359 0.069478792
23.060 1964124.298 0.069504442
23.080 1963233.634 0.069529425
23.099 1962368.402 0.069553734
23.118 1961528.636 0.069577364
23.137 1960714.369 0.069600310
23.155 1959925.633 0.069622566
23.172 1959162.459 0.069644129
23.189 1958424.879 0.069664992
23.205 1957712.920 0.069685151
23.221 1957026.612 0.069704603
23.236 1956365.981 0.069723342
23.250 1955731.055 0.069741364
23.264 1955121.857 0.069758665
23.278 1954538.413 0.069775242
23.290 1953980.746 0.069791090
23.303 1953448.877 0.069806206
23.314 1952942.829 0.069820586
23.325 1952462.621 0.069834228
23.336 1952008.272 0.069847128
23.346 1951579.801 0.069859283
23.355 1951177.224 0.069870690
23.364 1950800.557 0.069881348
23.372 1950449.816 0.069891253
23.380 1950125.015 0.069900402
23.387 1949826.165 0.069908795
23.393 1949553.280 0.069916429
23.399 1949306.369 0.069923302
23.404 1949085.442 0.069929412
23.409 1948890.509 0.069934759
23.413 1948721.576 0.069939340
23.417 1948578.649 0.069943156
23.420 1948461.736 0.069946204
23.422 1948370.838 0.069948484
23.424 1948305.961 0.069949996
23.425 1948267.106 0.069950738
23.426 1948254.274 0.069950712
23.426 1948267.466 0.069949916
23.425 1948306.679 0.069948351
23.424 1948371.913 0.069946017
23.422 1948463.164 0.069942914
23.420 1948580.428 0.069939043
23.417 1948723.699 0.069934406
23.414 1948892.971 0.069929002
23.409 1949088.236 0.069922833
23.405 1949309.487 0.069915900
23.400 1949556.713 0.069908205
23.394 1949829.904 0.069899749
23.387 1950129.049 0.069890534
23.380 1950454.133 0.069880562
23.373 1950805.145 0.069869835
23.365 1951182.068 0.069858355
23.356 1951584.886 0.069846125
23.347 1952013.584 0.069833148
23.337 1952468.143 0.069819426
23.326 1952948.543 0.069804962
23.315 1953454.765 0.069789760
23.304 1953986.787 0.069773822
23.291 1954544.588 0.069757152
23.279 1955128.145 0.069739753
23.265 1955737.432 0.069721630
23.251 1956372.425 0.069702786
23.237 1957033.098 0.069683226
23.222 1957719.423 0.069662952
23.206 1958431.373 0.069641971
23.190 1959168.917 0.069620285
23.174 1959932.027 0.069597901
23.156 1960720.670 0.069574823
23.138 1961534.814 0.069551055
23.120 1962374.427 0.069526603
23.101 1963239.474 0.069501472
23.082 1964129.920 0.069475667
23.062 1965045.730 0.069449194
23.041 1965986.865 0.069422059
23.020 1966953.289 0.069394267
22.998 1967944.963 0.069365824
22.976 1968961.846 0.069336737
22.954 1970003.899 0.069307011
22.930 1971071.079 0.069276653
22.907 1972163.344 0.069245669
22.882 1973280.651 0.069214065
22.858 1974422.956 0.069181850
22.832 1975590.213 0.069149028
22.806 1976782.377 0.069115607
22.780 1977999.400 0.069081595
22.753 1979241.235 0.069046998
22.726 1980507.833 0.069011823
22.698 1981799.145 0.068976079
22.669 1983115.122 0.068939772
22.640 1984455.711 0.068902909
22.611 1985820.861 0.068865500
22.581 1987210.519 0.068827551
22.551 1988624.632 0.068789070
22.520 1990063.146 0.068750065
22.489 1991526.006 0.068710545
22.457 1993013.156 0.068670517
22.424 1994524.540 0.068629990
22.392 1996060.100 0.068588971
22.358 1997619.779 0.068547471
22.325 1999203.517 0.068505496
22.290 2000811.256 0.068463056
22.256 2002442.935 0.068420159
22.221 2004098.494 0.068376814
22.185 2005777.871 0.068333030
22.149 2007481.004 0.068288815
22.113 2009207.831 0.068244179
22.076 2010958.287 0.068199131
22.038 2012732.309 0.068153679
22.000 2014529.832 0.068107834
21.962 2016350.791 0.068061603
21.924 2018195.120 0.068014996
21.884 2020062.752 0.067968024
21.845 2021953.620 0.067920694
21.805 2023867.656 0.067873016
21.765 2025804.793 0.067825001
21.724 2027764.961 0.067776657
21.683 2029748.091 0.067727993
21.641 2031754.113 0.067679021
21.599 2033782.957 0.067629749
21.557 2035834.551 0.067580186
21.514 2037908.825 0.067530344
21.471 2040005.706 0.067480231
21.427 2042125.121 0.067429857
21.383 2044266.999 0.067379232
21.339 2046431.265 0.067328366
21.294 2048617.846 0.067277269
21.249 2050826.667 0.067225951
21.204 2053057.653 0.067174422
21.158 2055310.731 0.067122691
21.112 2057585.823 0.067070769
21.066 2059882.855 0.067018665
21.019 2062201.749 0.066966391
20.972 2064542.429 0.066913955
20.924 2066904.819 0.066861368
20.876 2069288.840 0.066808639
20.828 2071694.414 0.066755780
20.780 2074121.464 0.066702800
20.731 2076569.912 0.066649709
20.682 2079039.677 0.066596517
20.632 2081530.682 0.066543234
20.582 2084042.847 0.066489871
20.532 2086576.092 0.066436438
20.482 2089130.338 0.066382944
20.431 2091705.503 0.066329401
20.380 2094301.508 0.066275817
20.329 2096918.272 0.066222203
20.277 2099555.713 0.066168569
20.225 2102213.751 0.066114926
20.173 2104892.305 0.066061284
20.120 2107591.291 0.066007651
20.068 2110310.630 0.065954040
20.015 2113050.238 0.065900459
68.406 1059768.758 0.148502340
68.436 1059590.295 0.148538820
68.457 1059461.335 0.148565118
68.471 1059381.895 0.148581222
68.477 1059351.987 0.148587124
68.475 1059371.615 0.148582819
68.465 1059440.775 0.148568310
68.447 1059559.457 0.148543605
68.421 1059727.646 0.148508717
68.386 1059945.316 0.148463662
68.345 1060212.436 0.148408465
68.295 1060528.969 0.148343154
68.237 1060894.870 0.148267762
68.172 1061310.087 0.148182328
68.100 1061774.562 0.148086896
68.019 1062288.228 0.147981515
67.932 1062851.015 0.147866237
67.837 1063462.843 0.147741122
67.735 1064123.626 0.147606234
67.626 1064833.273 0.147461639
67.511 1065591.685 0.147307412
67.388 1066398.756 0.147143629
67.259 1067254.376 0.146970373
67.124 1068158.426 0.146787729
66.982 1069110.782 0.146595788
66.835 1070111.314 0.146394645
66.681 1071159.885 0.146184399
66.522 1072256.354 0.145965151
66.357 1073400.571 0.145737008
66.186 1074592.383 0.145500081
66.011 1075831.631 0.145254484
65.830 1077118.148 0.145000333
65.645 1078451.763 0.144737749
65.454 1079832.302 0.144466855
65.259 1081259.581 0.144187778
65.060 1082733.415 0.143900648
64.857 1084253.612 0.143605597
64.649 1085819.975 0.143302760
64.438 1087432.302 0.142992274
64.222 1089090.387 0.142674279
64.004 1090794.020 0.142348917
63.781 1092542.985 0.142016332
63.556 1094337.063 0.141676669
63.327 1096176.030 0.141330077
63.096 1098059.658 0.140976705
62.861 1099987.716 0.140616702
62.624 1101959.967 0.140250223
62.384 1103976.173 0.139877418
62.142 1106036.091 0.139498444
61.898 1108139.474 0.139113454
61.651 1110286.072 0.138722605
61.403 1112475.633 0.138326054
61.152 1114707.902 0.137923958
60.900 1116982.618 0.137516473
60.645 1119299.522 0.137103759
60.390 1121658.347 0.136685972
60.133 1124058.829 0.136263271
59.874 1126500.697 0.135835814
59.614 1128983.679 0.135403757
59.353 1131507.503 0.134967259
59.091 1134071.892 0.134526476
58.828 1136676.570 0.134081564
58.564 1139321.255 0.133632678
58.299 1142005.668 0.133179974
58.033 1144729.525 0.132723605
57.767 1147492.543 0.132263725
57.500 1150294.435 0.131800485
57.233 1153134.916 0.131334035
56.965 1156013.697 0.130864527
56.697 1158930.489 0.130392107
56.428 1161885.003 0.129916922
56.160 1164876.948 0.129439118
55.891 1167906.032 0.128958840
55.622 1170971.965 0.128476229
55.353 1174074.454 0.127991425
55.083 1177213.205 0.127504569
54.814 1180387.926 0.127015796
54.545 1183598.324 0.126525244
54.277 1186844.106 0.126033044
54.008 1190124.977 0.125539329
53.740 1193440.646 0.125044229
53.472 1196790.817 0.124547871
53.204 1200175.200 0.124050381
52.936 1203593.501 0.123551882
52.669 1207045.428 0.123052497
52.403 1210530.689 0.122552345
52.137 1214048.993 0.122051542
51.871 1217600.049 0.121550205
51.606 1221183.568 0.121048446
51.342 1224799.260 0.120546377
51.078 1228446.837 0.120044105
50.815 1232126.012 0.119541738
50.552 1235836.498 0.119039379
50.291 1239578.009 0.118537131
50.030 1243350.262 0.118035094
49.769 1247152.971 0.117533364
49.510 1250985.857 0.117032039
49.251 1254848.637 0.116531210
48.993 1258741.031 0.116030968
48.736 1262662.762 0.115531404
48.479 1266613.552 0.115032602
48.224 1270593.125 0.114534648
47.969 1274601.208 0.114037624
47.716 1278637.527 0.113541610
47.463 1282701.811 0.113046684
47.211 1286793.791 0.112552922
46.960 1290913.198 0.112060397
46.710 1295059.765 0.111569181
46.461 1299233.229 0.111079345
46.213 1303433.325 0.110590955
45.966 1307659.792 0.110104077
45.720 1311912.371 0.109618774
45.475 1316190.803 0.109135109
45.231 1320494.832 0.108653141
44.988 1324824.204 0.108172927
44.746 1329178.665 0.107694524
44.506 1333557.966 0.107217986
44.266 1337961.856 0.106743364
44.027 1342390.090 0.106270709
43.789 1346842.421 0.105800070
43.552 1351318.606 0.105331494
43.317 1355818.405 0.104865025
43.082 1360341.576 0.104400708
42.849 1364887.884 0.103938583
42.616 1369457.091 0.103478692
42.385 1374048.965 0.103021072
42.155 1378663.273 0.102565761
41.926 1383299.786 0.102112795
41.697 1387958.275 0.101662206
41.470 1392638.515 0.101214028
41.245 1397340.283 0.100768292
41.020 1402063.354 0.100325027
40.796 1406807.511 0.099884262
40.573 1411572.535 0.099446024
40.352 1416358.209 0.099010338
40.131 1421164.319 0.098577228
39.912 1425990.654 0.098146718
39.694 1430837.002 0.097718830
39.476 1435703.157 0.097293583
39.260 1440588.911 0.096870999
39.045 1445494.060 0.096451094
38.831 1450418.402 0.096033887
38.618 1455361.735 0.095619392
38.406 1460323.863 0.095207627
38.196 1465304.587 0.094798604
37.986 1470303.714 0.094392336
37.777 1475321.049 0.093988837
37.570 1480356.404 0.093588116
37.363 1485409.587 0.093190184
37.158 1490480.413 0.092795051
36.953 1495568.696 0.092402725
36.750 1500674.252 0.092013214
36.548 1505796.901 0.091626525
36.346 1510936.461 0.091242663
36.146 1516092.756 0.090861634
35.947 1521265.609 0.090483443
35.749 1526454.846 0.090108093
35.552 1531660.294 0.089735588
35.355 1536881.783 0.089365930
35.160 1542119.144 0.088999121
34.966 1547372.210 0.088635163
34.773 1552640.814 0.088274055
34.581 1557924.794 0.087915798
34.390 1563223.988 0.087560391
34.200 1568538.235 0.087207834
34.011 1573867.376 0.086858124
33.822 1579211.255 0.086511260
33.635 1584569.717 0.086167239
33.449 1589942.607 0.085826058
33.264 1595329.775 0.085487714
33.079 1600731.069 0.085152202
32.896 1606146.341 0.084819519
32.714 1611575.443 0.084489659
32.532 1617018.231 0.084162617
32.352 1622474.561 0.083838389
32.172 1627944.289 0.083516968
31.994 1633427.275 0.083198347
31.816 1638923.380 0.082882522
31.639 1644432.466 0.082569484
31.463 1649954.396 0.082259227
31.288 1655489.036 0.081951744
31.114 1661036.252 0.081647026
30.941 1666595.912 0.081345067
30.769 1672167.887 0.081045858
30.597 1677752.046 0.080749390
30.427 1683348.262 0.080455656
30.257 1688956.409 0.080164646
30.088 1694576.362 0.079876352
29.920 1700207.998 0.079590765
29.753 1705851.194 0.079307875
29.587 1711505.829 0.079027674
29.421 1717171.785 0.078750151
29.257 1722848.942 0.078475297
29.093 1728537.185 0.078203103
28.930 1734236.397 0.077933558
28.768 1739946.464 0.077666652
28.607 1745667.273 0.077402377
28.446 1751398.713 0.077140720
28.287 1757140.672 0.076881673
28.128 1762893.042 0.076625224
27.970 1768655.714 0.076371364
27.813 1774428.581 0.076120083
27.656 1780211.538 0.075871369
27.500 1786004.479 0.075625213
27.346 1791807.302 0.075381604
27.191 1797619.905 0.075140531
27.038 1803442.185 0.074901984
26.885 1809274.043 0.074665952
26.733 1815115.380 0.074432426
26.582 1820966.098 0.074201394
26.432 1826826.100 0.073972846
26.282 1832695.290 0.073746772
26.133 1838573.574 0.073523161
25.985 1844460.859 0.073302002
25.837 1850357.051 0.073083286
25.691 1856262.058 0.072867003
25.545 1862175.791 0.072653140
25.399 1868098.160 0.072441690
25.254 1874029.076 0.072232641
25.110 1879968.451 0.072025983
24.967 1885916.198 0.071821707
24.825 1891872.233 0.071619802
24.683 1897836.470 0.071420259
24.541 1903808.825 0.071223067
24.401 1909789.215 0.071028218
24.261 1915777.559 0.070835701
24.121 1921773.774 0.070645507
23.983 1927777.782 0.070457626
23.845 1933789.501 0.070272050
23.707 1939808.855 0.070088768
23.571 1945835.764 0.069907773
23.435 1951870.153 0.069729054
23.299 1957911.945 0.069552604
23.164 1963961.065 0.069378413
23.030 1970017.439 0.069206473
22.897 1976080.992 0.069036774
22.764 1982151.653 0.068869310
22.631 1988229.349 0.068704072
22.500 1994314.009 0.068541050
22.368 2000405.563 0.068380239
22.238 2006503.940 0.068221629
22.108 2012609.072 0.068065214
21.978 2018720.891 0.067910985
21.850 2024839.328 0.067758935
21.721 2030964.318 0.067609057
21.594 2037095.795 0.067461345
21.467 2043233.692 0.067315790
21.340 2049377.945 0.067172387
21.214 2055528.490 0.067031129
21.089 2061685.265 0.066892010
20.964 2067848.205 0.066755022
20.840 2074017.250 0.066620161
20.716 2080192.338 0.066487420
20.593 2086373.408 0.066356794
20.470 2092560.400 0.066228278
20.348 2098753.255 0.066101865
20.226 2104951.914 0.065977551
20.105 2111156.319 0.065855331
