20.010 2120374.519 0.065548735
20.116 2114937.848 0.065652896
20.222 2109511.413 0.065758536
20.328 2104095.300 0.065865651
20.435 2098689.595 0.065974238
20.542 2093294.384 0.066084294
20.649 2087909.755 0.066195815
20.756 2082535.796 0.066308799
20.864 2077172.597 0.066423240
20.972 2071820.246 0.066539138
21.081 2066478.835 0.066656487
21.189 2061148.454 0.066775285
21.298 2055829.196 0.066895528
21.407 2050521.153 0.067017213
21.517 2045224.418 0.067140336
21.627 2039939.085 0.067264894
21.737 2034665.250 0.067390884
21.847 2029403.008 0.067518301
21.958 2024152.456 0.067647143
22.069 2018913.690 0.067777405
22.180 2013686.809 0.067909084
22.291 2008471.912 0.068042175
22.403 2003269.097 0.068176676
22.515 1998078.466 0.068312582
22.627 1992900.119 0.068449889
22.740 1987734.159 0.068588594
22.853 1982580.687 0.068728691
22.966 1977439.809 0.068870177
23.079 1972311.627 0.069013047
23.193 1967196.247 0.069157297
23.307 1962093.776 0.069302922
23.421 1957004.320 0.069449918
23.535 1951927.986 0.069598279
23.650 1946864.883 0.069748002
23.765 1941815.120 0.069899080
23.880 1936778.808 0.070051509
23.996 1931756.057 0.070205284
24.112 1926746.979 0.070360398
24.228 1921751.687 0.070516847
24.344 1916770.294 0.070674625
24.460 1911802.915 0.070833725
24.577 1906849.665 0.070994142
24.694 1901910.660 0.071155870
24.812 1896986.016 0.071318902
24.929 1892075.852 0.071483231
25.047 1887180.287 0.071648852
25.165 1882299.439 0.071815756
25.283 1877433.429 0.071983937
25.402 1872582.378 0.072153388
25.521 1867746.409 0.072324101
25.640 1862925.645 0.072496068
25.759 1858120.208 0.072669281
25.878 1853330.225 0.072843733
25.998 1848555.820 0.073019415
26.118 1843797.120 0.073196318
26.238 1839054.253 0.073374433
26.358 1834327.347 0.073553751
26.479 1829616.530 0.073734263
26.600 1824921.933 0.073915960
26.721 1820243.687 0.074098831
26.842 1815581.923 0.074282867
26.963 1810936.774 0.074468056
27.085 1806308.374 0.074654389
27.206 1801696.857 0.074841854
27.328 1797102.357 0.075030441
27.451 1792525.013 0.075220136
27.573 1787964.959 0.075410930
27.695 1783422.335 0.075602809
27.818 1778897.278 0.075795761
27.941 1774389.929 0.075989774
28.064 1769900.428 0.076184834
28.187 1765428.916 0.076380927
28.310 1760975.535 0.076578041
28.434 1756540.429 0.076776161
28.557 1752123.741 0.076975272
28.681 1747725.616 0.077175360
28.805 1743346.199 0.077376409
28.929 1738985.637 0.077578405
29.053 1734644.078 0.077781330
29.177 1730321.668 0.077985170
29.301 1726018.557 0.078189907
29.425 1721734.894 0.078395524
29.550 1717470.830 0.078602003
29.674 1713226.517 0.078809328
29.799 1709002.106 0.079017480
29.924 1704797.749 0.079226439
30.048 1700613.601 0.079436188
30.173 1696449.816 0.079646707
30.298 1692306.549 0.079857975
30.423 1688183.955 0.080069973
30.548 1684082.192 0.080282679
30.673 1680001.416 0.080496074
30.798 1675941.786 0.080710134
30.923 1671903.460 0.080924839
31.048 1667886.598 0.081140165
31.173 1663891.359 0.081356090
31.298 1659917.905 0.081572590
31.423 1655966.396 0.081789642
31.547 1652036.996 0.082007221
31.672 1648129.865 0.082225303
31.797 1644245.168 0.082443862
31.922 1640383.069 0.082662873
32.046 1636543.732 0.082882309
32.171 1632727.321 0.083102144
32.295 1628934.003 0.083322351
32.420 1625163.944 0.083542902
32.544 1621417.309 0.083763770
32.668 1617694.267 0.083984925
32.792 1613994.984 0.084206339
32.915 1610319.629 0.084427982
33.039 1606668.370 0.084649825
33.162 1603041.376 0.084871837
33.286 1599438.816 0.085093987
33.409 1595860.859 0.085316243
33.532 1592307.677 0.085538575
33.654 1588779.438 0.085760948
33.776 1585276.314 0.085983332
33.899 1581798.476 0.086205692
34.020 1578346.094 0.086427995
34.142 1574919.341 0.086650206
34.263 1571518.387 0.086872292
34.384 1568143.404 0.087094216
34.505 1564794.565 0.087315943
34.625 1561472.041 0.087537437
34.745 1558176.005 0.087758662
34.864 1554906.629 0.087979580
34.984 1551664.084 0.088200155
35.102 1548448.544 0.088420349
35.221 1545260.181 0.088640123
35.339 1542099.166 0.088859438
35.456 1538965.673 0.089078256
35.573 1535859.873 0.089296537
35.689 1532781.938 0.089514242
35.805 1529732.039 0.089731329
35.921 1526710.349 0.089947759
36.036 1523717.039 0.090163491
36.150 1520752.279 0.090378482
36.264 1517816.240 0.090592693
36.378 1514909.094 0.090806079
36.490 1512031.009 0.091018600
36.602 1509182.155 0.091230212
36.714 1506362.702 0.091440872
36.824 1503572.818 0.091650538
36.935 1500812.672 0.091859165
37.044 1498082.430 0.092066710
37.153 1495382.260 0.092273129
37.261 1492712.328 0.092478377
37.368 1490072.799 0.092682410
37.474 1487463.840 0.092885184
37.580 1484885.613 0.093086653
37.685 1482338.282 0.093286773
37.789 1479822.009 0.093485498
37.892 1477336.957 0.093682782
37.994 1474883.286 0.093878581
38.096 1472461.156 0.094072849
38.196 1470070.724 0.094265540
38.296 1467712.150 0.094456609
38.395 1465385.589 0.094646009
38.492 1463091.197 0.094833696
38.589 1460829.129 0.095019623
38.685 1458599.536 0.095203745
38.779 1456402.571 0.095386015
38.873 1454238.385 0.095566389
38.966 1452107.126 0.095744821
39.057 1450008.943 0.095921265
39.147 1447943.980 0.096095677
39.237 1445912.384 0.096268010
39.325 1443914.296 0.096438221
39.412 1441949.860 0.096606264
39.497 1440019.215 0.096772094
39.582 1438122.498 0.096935668
39.665 1436259.848 0.097096942
39.747 1434431.398 0.097255872
39.828 1432637.282 0.097412414
39.908 1430877.632 0.097566526
39.986 1429152.575 0.097718165
40.063 1427462.240 0.097867288
40.138 1425806.753 0.098013854
40.213 1424186.237 0.098157822
40.285 1422600.812 0.098299150
40.357 1421050.599 0.098437798
40.427 1419535.715 0.098573726
40.495 1418056.274 0.098706896
40.562 1416612.390 0.098837267
40.628 1415204.173 0.098964803
40.692 1413831.731 0.099089465
40.755 1412495.170 0.099211216
40.816 1411194.593 0.099330021
40.875 1409930.103 0.099445844
40.933 1408701.797 0.099558650
40.990 1407509.771 0.099668404
41.044 1406354.120 0.099775075
41.098 1405234.934 0.099878628
41.149 1404152.302 0.099979033
41.199 1403106.310 0.100076258
41.247 1402097.040 0.100170274
41.294 1401124.575 0.100261051
41.339 1400188.991 0.100348561
41.382 1399290.363 0.100432777
41.424 1398428.765 0.100513673
41.463 1397604.264 0.100591222
41.502 1396816.929 0.100665401
41.538 1396066.823 0.100736185
41.573 1395354.007 0.100803554
41.605 1394678.538 0.100867484
41.636 1394040.473 0.100927955
41.666 1393439.863 0.100984949
41.693 1392876.757 0.101038447
41.719 1392351.202 0.101088431
41.743 1391863.241 0.101134886
41.765 1391412.914 0.101177797
41.785 1391000.258 0.101217149
41.804 1390625.307 0.101252930
41.820 1390288.092 0.101285128
41.835 1389988.641 0.101313733
41.848 1389726.980 0.101338735
41.859 1389503.128 0.101360127
41.868 1389317.106 0.101377901
41.875 1389168.929 0.101392051
41.881 1389058.609 0.101402574
41.885 1388986.155 0.101409464
41.886 1388951.573 0.101412721
41.886 1388954.867 0.101412342
41.884 1388996.035 0.101408329
41.881 1389075.076 0.101400682
41.875 1389191.981 0.101389404
41.868 1389346.742 0.101374498
41.858 1389539.346 0.101355970
41.847 1389769.777 0.101333825
41.834 1390038.015 0.101308070
41.819 1390344.040 0.101278715
41.802 1390687.825 0.101245767
41.784 1391069.342 0.101209239
41.763 1391488.560 0.101169142
41.741 1391945.444 0.101125489
41.717 1392439.958 0.101078293
41.691 1392972.059 0.101027571
41.664 1393541.706 0.100973338
41.634 1394148.850 0.100915612
41.603 1394793.443 0.100854411
41.570 1395475.432 0.100789755
41.535 1396194.761 0.100721664
41.499 1396951.372 0.100650160
41.461 1397745.204 0.100575267
41.421 1398576.193 0.100497006
41.379 1399444.270 0.100415404
41.336 1400349.368 0.100330485
41.291 1401291.412 0.100242276
41.244 1402270.327 0.100150805
41.196 1403286.036 0.100056100
41.146 1404338.457 0.099958190
41.094 1405427.506 0.099857106
41.041 1406553.098 0.099752879
40.986 1407715.144 0.099645540
40.929 1408913.551 0.099535122
40.871 1410148.227 0.099421658
40.812 1411419.074 0.099305183
40.750 1412725.994 0.099185732
40.688 1414068.885 0.099063340
40.623 1415447.643 0.098938043
40.558 1416862.162 0.098809879
40.491 1418312.334 0.098678885
40.422 1419798.048 0.098545100
40.352 1421319.191 0.098408562
40.280 1422875.647 0.098269311
40.208 1424467.299 0.098127386
40.133 1426094.027 0.097982829
40.058 1427755.710 0.097835680
39.981 1429452.224 0.097685981
39.902 1431183.444 0.097533773
39.823 1432949.241 0.097379099
39.742 1434749.486 0.097222001
39.660 1436584.048 0.097062524
39.577 1438452.793 0.096900709
39.492 1440355.586 0.096736601
39.406 1442292.291 0.096570244
39.319 1444262.768 0.096401682
39.231 1446266.878 0.096230959
39.142 1448304.479 0.096058121
39.051 1450375.427 0.095883213
38.960 1452479.578 0.095706279
38.867 1454616.785 0.095527365
38.773 1456786.900 0.095346516
38.679 1458989.774 0.095163779
38.583 1461225.256 0.094979197
38.486 1463493.195 0.094792818
38.388 1465793.437 0.094604687
38.290 1468125.829 0.094414849
38.190 1470490.214 0.094223351
38.090 1472886.436 0.094030238
37.988 1475314.336 0.093835555
37.886 1477773.757 0.093639349
37.782 1480264.539 0.093441665
37.678 1482786.520 0.093242548
37.574 1485339.539 0.093042044
37.468 1487923.433 0.092840198
37.361 1490538.040 0.092637054
37.254 1493183.194 0.092432658
37.146 1495858.730 0.092227055
37.038 1498564.484 0.092020288
36.928 1501300.288 0.091812403
36.818 1504065.976 0.091603442
36.707 1506861.381 0.091393451
36.596 1509686.333 0.091182471
36.484 1512540.664 0.090970547
36.371 1515424.205 0.090757722
36.258 1518336.787 0.090544038
36.144 1521278.239 0.090329537
36.030 1524248.392 0.090114261
35.915 1527247.073 0.089898252
35.799 1530274.113 0.089681552
35.683 1533329.340 0.089464200
35.567 1536412.582 0.089246239
35.450 1539523.668 0.089027707
35.332 1542662.425 0.088808645
35.214 1545828.683 0.088589092
35.096 1549022.268 0.088369087
34.977 1552243.008 0.088148669
34.858 1555490.732 0.087927876
34.739 1558765.266 0.087706745
34.619 1562066.440 0.087485314
34.498 1565394.079 0.087263619
34.378 1568748.013 0.087041698
34.257 1572128.069 0.086819585
34.136 1575534.076 0.086597317
34.014 1578965.862 0.086374929
33.892 1582423.255 0.086152455
33.770 1585906.083 0.085929929
33.648 1589414.177 0.085707385
33.526 1592947.364 0.085484856
33.403 1596505.475 0.085262375
33.280 1600088.340 0.085039974
33.157 1603695.788 0.084817685
33.033 1607327.649 0.084595539
32.910 1610983.756 0.084373567
920129.759 0.242
916515.559 0.243
913099.001 0.245
909882.322 0.246
906867.664 0.248
904057.059 0.249
901452.428 0.250
899055.570 0.251
896868.161 0.253
894891.746 0.253
893127.734 0.254
891577.391 0.255
890241.841 0.256
889122.058 0.256
888218.860 0.257
887532.914 0.257
887064.726 0.257
886814.642 0.257
886782.849 0.257
886969.369 0.257
887374.065 0.257
887996.636 0.257
888836.623 0.256
889893.406 0.256
891166.209 0.255
892654.105 0.255
894356.012 0.254
896270.706 0.253
898396.818 0.252
900732.843 0.251
903277.143 0.249
906027.953 0.248
908983.387 0.247
912141.445 0.245
915500.017 0.244
919056.892 0.242
922809.763 0.240
926756.233 0.239
930893.826 0.237
935219.987 0.235
939732.096 0.233
944427.470 0.231
949303.370 0.229
954357.011 0.227
959585.563 0.225
964986.165 0.222
970555.922 0.220
976291.916 0.218
982191.214 0.216
988250.867 0.213
994467.920 0.211
1000839.415 0.209
1007362.397 0.206
1014033.916 0.204
1020851.035 0.201
1027810.829 0.199
1034910.392 0.197
1042146.840 0.194
1049517.312 0.192
1057018.977 0.189
1064649.032 0.187
1072404.705 0.184
1080283.261 0.182
1088282.000 0.180
1096398.261 0.177
1104629.420 0.175
1112972.897 0.173
1121426.151 0.170
1129986.685 0.168
1138652.047 0.166
1147419.827 0.163
1156287.660 0.161
1165253.228 0.159
1174314.257 0.156
1183468.519 0.154
1192713.830 0.152
1202048.054 0.150
1211469.099 0.148
1220974.917 0.146
1230563.508 0.144
1240232.913 0.142
1249981.219 0.140
1259806.556 0.138
1269707.097 0.136
1279681.058 0.134
1289726.696 0.132
1299842.309 0.130
1310026.238 0.128
1320276.861 0.126
1330592.596 0.124
1340971.900 0.122
1351413.268 0.121
1361915.231 0.119
1372476.356 0.117
1383095.248 0.116
1393770.543 0.114
1404500.915 0.112
1415285.067 0.111
1426121.737 0.109
1437009.695 0.108
1447947.740 0.106
1458934.704 0.105
1469969.446 0.103
1481050.854 0.102
1492177.845 0.100
1503349.365 0.099
1514564.382 0.097
1525821.894 0.096
1537120.923 0.095
1548460.515 0.093
1559839.742 0.092
1571257.698 0.091
1582713.498 0.090
1594206.283 0.088
1605735.213 0.087
1617299.469 0.086
1628898.254 0.085
1640530.789 0.084
1652196.317 0.083
1663894.097 0.081
1675623.407 0.080
1687383.544 0.079
1699173.821 0.078
1710993.569 0.077
1722842.136 0.076
1734718.883 0.075
1746623.188 0.074
1758554.447 0.073
1770512.066 0.072
1782495.467 0.071
1794504.088 0.070
1806537.378 0.070
1818594.800 0.069
1830675.829 0.068
1842779.954 0.067
1854906.675 0.066
1867055.504 0.065
1879225.963 0.064
1891417.589 0.064
1903629.925 0.063
1915862.527 0.062
1928114.963 0.061
1940386.807 0.061
1952677.646 0.060
1964987.074 0.059
1977314.696 0.058
1989660.125 0.058
2002022.983 0.057
2014402.900 0.056
2026799.515 0.056
2039212.475 0.055
2051641.433 0.054
2064086.052 0.054
2076546.002 0.053
2089020.958 0.052
2101510.605 0.052
2114014.632 0.051
2126532.737 0.051
2139064.623 0.050
2151610.000 0.050
2164168.584 0.049
2176740.096 0.048
2189324.265 0.048
2201920.823 0.047
2214529.510 0.047
2227150.070 0.046
2239782.252 0.046
2252425.811 0.045
2265080.507 0.045
2277746.103 0.044
2290422.370 0.044
2303109.081 0.043
2315806.014 0.043
2328512.951 0.042
2341229.681 0.042
2353955.993 0.042
2366691.684 0.041
2379436.551 0.041
2392190.399 0.040
2404953.034 0.040
2417724.267 0.039
2430503.911 0.039
2443291.784 0.039
2456087.707 0.038
2468891.504 0.038
2481703.003 0.037
2494522.035 0.037
2507348.433 0.037
2520182.035 0.036
2533022.680 0.036
2545870.211 0.036
2558724.473 0.035
2571585.315 0.035
2584452.588 0.035
2597326.145 0.034
2610205.842 0.034
2623091.538 0.034
2635983.095 0.033
2648880.376 0.033
2661783.246 0.033
2674691.573 0.032
2687605.229 0.032
2700524.086 0.032
2713448.017 0.031
2726376.901 0.031
2739310.616 0.031
2752249.042 0.031
2765192.063 0.030
2778139.562 0.030
2791091.427 0.030
2804047.546 0.029
2817007.809 0.029
2829972.107 0.029
2842940.335 0.029
2855912.388 0.028
2868888.161 0.028
2881867.555 0.028
2894850.468 0.028
2907836.803 0.027
2920826.462 0.027
2933819.350 0.027
2946815.373 0.027
2959814.437 0.027
2972816.453 0.026
2985821.329 0.026
2998828.978 0.026
3011839.312 0.026
3024852.244 0.025
3037867.690 0.025
3050885.567 0.025
3063905.791 0.025
3076928.282 0.025
3089952.959 0.024
3102979.743 0.024
3116008.557 0.024
3129039.324 0.024
3142071.967 0.024
3155106.412 0.023
3168142.585 0.023
3181180.413 0.023
3194219.825 0.023
3207260.750 0.023
3220303.116 0.022
3233346.857 0.022
3246391.903 0.022
3259438.187 0.022
3272485.642 0.022
3285534.204 0.022
3298583.807 0.021
3311634.388 0.021
3324685.882 0.021
3337738.229 0.021
3350791.366 0.021
3363845.232 0.021
3376899.768 0.020
3389954.914 0.020
3403010.611 0.020
3416066.801 0.020
3429123.428 0.020
3442180.434 0.020
3455237.763 0.020
3468295.360 0.019
3481353.171 0.019
3494411.140 0.019
3507469.216 0.019
3520527.345 0.019
3533585.475 0.019
3546643.553 0.019
3559701.530 0.018
3572759.353 0.018
3585816.975 0.018
3598874.344 0.018
3611931.412 0.018
3624988.130 0.018
3638044.451 0.018
3651100.327 0.018
3664155.711 0.017
3677210.557 0.017
3690264.819 0.017
3703318.451 0.017
3716371.409 0.017
3729423.647 0.017
3742475.121 0.017
3755525.789 0.017
3768575.605 0.016
3781624.529 0.016
3794672.517 0.016
3807719.526 0.016
3820765.517 0.016
3833810.446 0.016
3846854.274 0.016
3859896.960 0.016
3872938.464 0.016
3885978.746 0.015
3899017.766 0.015
3912055.486 0.015
3925091.867 0.015
3938126.871 0.015
3951160.460 0.015
3964192.595 0.015
3977223.240 0.015
3990252.358 0.015
4003279.912 0.015
4016305.865 0.014
4029330.182 0.014
4042352.827 0.014
4055373.764 0.014
4068392.958 0.014
4081410.374 0.014
4094425.978 0.014
4107439.735 0.014
4120451.612 0.014
4133461.574 0.014
4146469.587 0.014
4159475.620 0.014
4172479.638 0.013
4185481.610 0.013
4198481.501 0.013
4211479.281 0.013
4224474.917 0.013
4237468.378 0.013
4250459.632 0.013
4263448.647 0.013
4276435.393 0.013
4289419.838 0.013
4302401.953 0.013
4315381.706 0.013
4328359.068 0.012
4341334.009 0.012
4354306.498 0.012
4367276.507 0.012
4380244.005 0.012
4393208.964 0.012
4406171.355 0.012
4419131.149 0.012
4432088.318 0.012
4445042.832 0.012
4457994.664 0.012
4470943.787 0.012
4483890.171 0.012
4496833.789 0.012
4509774.615 0.012
4522712.619 0.011
4535647.777 0.011
4548580.060 0.011
4561509.441 0.011
4574435.894 0.011
4587359.393 0.011
4600279.911 0.011
4613197.423 0.011
4626111.901 0.011
4639023.320 0.011
4651931.655 0.011
4664836.880 0.011
4677738.969 0.011
4690637.898 0.011
4703533.640 0.011
4716426.172 0.011
4729315.468 0.010
4742201.504 0.010
4755084.254 0.010
4767963.695 0.010
4780839.803 0.010
4793712.552 0.010
4806581.920 0.010
4819447.882 0.010
4832310.413 0.010
1100119.523 0.176
1098173.929 0.177
1096336.834 0.177
1094608.793 0.178
1092990.329 0.178
1091481.937 0.179
1090084.079 0.179
1088797.186 0.179
1087621.658 0.180
1086557.861 0.180
1085606.127 0.180
1084766.756 0.181
1084040.011 0.181
1083426.122 0.181
1082925.284 0.181
1082537.655 0.181
1082263.358 0.181
1082102.481 0.182
1082055.076 0.182
1082121.156 0.181
1082300.702 0.181
1082593.656 0.181
1082999.924 0.181
1083519.378 0.181
1084151.853 0.181
1084897.149 0.181
1085755.030 0.180
1086725.226 0.180
1087807.433 0.180
1089001.314 0.179
1090306.495 0.179
1091722.573 0.179
1093249.112 0.178
1094885.643 0.178
1096631.666 0.177
1098486.654 0.177
1100450.048 0.176
1102521.261 0.175
1104699.678 0.175
1106984.658 0.174
1109375.532 0.174
1111871.609 0.173
1114472.172 0.172
1117176.481 0.171
1119983.773 0.171
1122893.265 0.170
1125904.154 0.169
1129015.615 0.168
1132226.808 0.167
1135536.873 0.166
1138944.937 0.165
1142450.107 0.165
1146051.479 0.164
1149748.135 0.163
1153539.145 0.162
1157423.565 0.161
1161400.444 0.160
1165468.819 0.159
1169627.719 0.158
1173876.166 0.157
1178213.174 0.156
1182637.752 0.154
1187148.903 0.153
1191745.626 0.152
1196426.916 0.151
1201191.767 0.150
1206039.169 0.149
1210968.112 0.148
1215977.584 0.147
1221066.574 0.146
1226234.073 0.145
1231479.072 0.143
1236800.563 0.142
1242197.544 0.141
1247669.012 0.140
1253213.971 0.139
1258831.427 0.138
1264520.393 0.137
1270279.884 0.135
1276108.924 0.134
1282006.540 0.133
1287971.767 0.132
1294003.647 0.131
1300101.228 0.130
1306263.565 0.129
1312489.723 0.127
1318778.773 0.126
1325129.794 0.125
1331541.875 0.124
1338014.112 0.123
1344545.612 0.122
1351135.488 0.121
1357782.866 0.120
1364486.878 0.119
1371246.667 0.117
1378061.385 0.116
1384930.195 0.115
1391852.270 0.114
1398826.790 0.113
1405852.947 0.112
1412929.944 0.111
1420056.993 0.110
1427233.316 0.109
1434458.144 0.108
1441730.720 0.107
1449050.296 0.106
1456416.135 0.105
1463827.509 0.104
1471283.701 0.103
1478784.004 0.102
1486327.720 0.101
1493914.161 0.100
1501542.651 0.099
1509212.521 0.098
1516923.113 0.097
1524673.779 0.096
1532463.880 0.095
1540292.788 0.094
1548159.883 0.093
1556064.554 0.092
1564006.200 0.092
1571984.230 0.091
1579998.061 0.090
1588047.119 0.089
1596130.840 0.088
1604248.668 0.087
1612400.055 0.086
1620584.463 0.086
1628801.362 0.085
1637050.229 0.084
1645330.553 0.083
1653641.827 0.082
1661983.554 0.082
1670355.245 0.081
1678756.419 0.080
1687186.602 0.079
1695645.328 0.079
1704132.138 0.078
1712646.583 0.077
1721188.217 0.076
1729756.604 0.076
1738351.316 0.075
1746971.929 0.074
1755618.027 0.073
1764289.203 0.073
1772985.053 0.072
1781705.183 0.071
1790449.202 0.071
1799216.728 0.070
1808007.385 0.069
1816820.802 0.069
1825656.614 0.068
1834514.464 0.067
1843393.997 0.067
1852294.868 0.066
1861216.735 0.066
1870159.262 0.065
1879122.120 0.064
1888104.982 0.064
1897107.530 0.063
1906129.448 0.063
1915170.428 0.062
1924230.166 0.062
1933308.360 0.061
1942404.718 0.060
1951518.949 0.060
1960650.767 0.059
1969799.892 0.059
1978966.048 0.058
1988148.963 0.058
1997348.370 0.057
2006564.005 0.057
2015795.609 0.056
2025042.928 0.056
2034305.710 0.055
2043583.709 0.055
2052876.681 0.054
2062184.389 0.054
2071506.595 0.053
2080843.069 0.053
2090193.582 0.052
2099557.909 0.052
2108935.831 0.052
2118327.128 0.051
2127731.587 0.051
2137148.998 0.050
2146579.151 0.050
2156021.843 0.049
2165476.872 0.049
2174944.041 0.049
2184423.153 0.048
2193914.016 0.048
2203416.442 0.047
2212930.243 0.047
2222455.236 0.047
2231991.240 0.046
2241538.077 0.046
2251095.570 0.045
2260663.548 0.045
2270241.839 0.045
2279830.277 0.044
2289428.694 0.044
2299036.929 0.044
2308654.821 0.043
2318282.211 0.043
2327918.944 0.042
2337564.866 0.042
2347219.826 0.042
2356883.674 0.041
2366556.263 0.041
2376237.448 0.041
2385927.087 0.040
2395625.038 0.040
2405331.162 0.040
2415045.323 0.040
2424767.385 0.039
2434497.215 0.039
2444234.683 0.039
2453979.658 0.038
2463732.013 0.038
2473491.622 0.038
2483258.361 0.037
2493032.107 0.037
2502812.740 0.037
2512600.141 0.037
2522394.191 0.036
2532194.776 0.036
2542001.781 0.036
2551815.092 0.035
2561634.600 0.035
2571460.192 0.035
2581291.763 0.035
2591129.204 0.034
2600972.409 0.034
2610821.276 0.034
2620675.700 0.034
2630535.581 0.033
2640400.818 0.033
2650271.312 0.033
2660146.967 0.033
2670027.684 0.032
2679913.371 0.032
2689803.931 0.032
2699699.274 0.032
2709599.306 0.032
2719503.938 0.031
2729413.081 0.031
2739326.646 0.031
2749244.546 0.031
2759166.696 0.030
2769093.009 0.030
2779023.403 0.030
2788957.794 0.030
2798896.101 0.030
2808838.242 0.029
2818784.138 0.029
2828733.710 0.029
2838686.879 0.029
2848643.569 0.029
2858603.703 0.028
2868567.206 0.028
2878534.003 0.028
2888504.021 0.028
2898477.188 0.028
2908453.431 0.027
2918432.679 0.027
2928414.862 0.027
2938399.911 0.027
2948387.756 0.027
2958378.331 0.027
2968371.568 0.026
2978367.400 0.026
2988365.762 0.026
2998366.589 0.026
3008369.817 0.026
3018375.382 0.026
3028383.221 0.025
3038393.273 0.025
3048405.476 0.025
3058419.769 0.025
3068436.092 0.025
3078454.386 0.025
3088474.591 0.024
3098496.650 0.024
3108520.504 0.024
3118546.098 0.024
3128573.373 0.024
3138602.275 0.024
3148632.749 0.023
25.845 1844598.892 0.073451359
25.937 1840910.827 0.073589483
26.029 1837243.215 0.073727928
26.121 1833596.182 0.073866678
26.213 1829969.856 0.074005717
26.305 1826364.366 0.074145027
26.396 1822779.839 0.074284591
26.487 1819216.404 0.074424391
26.578 1815674.189 0.074564411
26.669 1812153.323 0.074704632
26.760 1808653.935 0.074845037
26.850 1805176.155 0.074985606
26.941 1801720.111 0.075126322
27.031 1798285.934 0.075267166
27.120 1794873.754 0.075408120
27.210 1791483.700 0.075549164
27.299 1788115.902 0.075690278
27.388 1784770.490 0.075831445
27.477 1781447.596 0.075972643
27.565 1778147.349 0.076113854
27.654 1774869.880 0.076255056
27.742 1771615.319 0.076396231
27.829 1768383.797 0.076537357
27.917 1765175.444 0.076678414
28.004 1761990.392 0.076819381
28.090 1758828.770 0.076960237
28.177 1755690.709 0.077100962
28.263 1752576.341 0.077241533
28.349 1749485.794 0.077381929
28.434 1746419.201 0.077522129
28.519 1743376.690 0.077662111
28.604 1740358.392 0.077801852
28.688 1737364.438 0.077941331
28.772 1734394.956 0.078080524
28.855 1731450.077 0.078219411
28.938 1728529.931 0.078357967
29.021 1725634.646 0.078496170
29.103 1722764.351 0.078633998
29.185 1719919.176 0.078771427
29.266 1717099.249 0.078908433
29.347 1714304.698 0.079044994
29.427 1711535.650 0.079181086
29.507 1708792.235 0.079316685
29.587 1706074.577 0.079451768
29.666 1703382.806 0.079586311
29.744 1700717.046 0.079720289
29.822 1698077.424 0.079853680
29.900 1695464.065 0.079986457
29.977 1692877.095 0.080118599
30.053 1690316.638 0.080250079
30.129 1687782.817 0.080380875
30.204 1685275.757 0.080510960
30.279 1682795.579 0.080640311
30.353 1680342.408 0.080768904
30.426 1677916.363 0.080896713
30.499 1675517.566 0.081023714
30.571 1673146.138 0.081149883
30.643 1670802.198 0.081275194
30.714 1668485.866 0.081399623
30.785 1666197.258 0.081523145
30.854 1663936.493 0.081645736
30.923 1661703.688 0.081767370
30.992 1659498.957 0.081888024
31.060 1657322.417 0.082007672
31.127 1655174.181 0.082126290
31.193 1653054.363 0.082243853
31.259 1650963.074 0.082360337
31.323 1648900.427 0.082475717
31.388 1646866.531 0.082589969
31.451 1644861.496 0.082703068
31.514 1642885.430 0.082814991
31.576 1640938.441 0.082925713
31.637 1639020.635 0.083035210
31.697 1637132.117 0.083143458
31.757 1635272.992 0.083250434
31.815 1633443.361 0.083356114
31.873 1631643.327 0.083460474
31.931 1629872.991 0.083563492
31.987 1628132.452 0.083665143
32.042 1626421.807 0.083765405
32.097 1624741.154 0.083864255
32.151 1623090.588 0.083961671
32.204 1621470.203 0.084057631
32.256 1619880.093 0.084152111
32.307 1618320.348 0.084245090
32.357 1616791.059 0.084336547
32.406 1615292.315 0.084426460
32.455 1613824.202 0.084514808
32.502 1612386.807 0.084601570
32.549 1610980.214 0.084686725
32.594 1609604.506 0.084770253
32.639 1608259.763 0.084852134
32.683 1606946.066 0.084932348
32.725 1605663.493 0.085010876
32.767 1604412.121 0.085087698
32.808 1603192.023 0.085162797
32.848 1602003.274 0.085236153
32.887 1600845.946 0.085307749
32.924 1599720.108 0.085377566
32.961 1598625.828 0.085445588
32.997 1597563.173 0.085511798
33.032 1596532.208 0.085576179
33.065 1595532.996 0.085638715
33.098 1594565.598 0.085699390
33.130 1593630.074 0.085758189
33.160 1592726.481 0.085815098
33.190 1591854.875 0.085870101
33.218 1591015.311 0.085923185
33.246 1590207.840 0.085974337
33.272 1589432.513 0.086023542
33.297 1588689.378 0.086070790
33.321 1587978.482 0.086116066
33.344 1587299.869 0.086159361
33.366 1586653.582 0.086200662
33.387 1586039.661 0.086239960
33.407 1585458.146 0.086277243
33.426 1584909.073 0.086312502
33.443 1584392.477 0.086345729
33.460 1583908.391 0.086376914
33.475 1583456.845 0.086406049
33.489 1583037.869 0.086433127
33.502 1582651.489 0.086458141
33.514 1582297.731 0.086481084
33.525 1581976.616 0.086501950
33.535 1581688.166 0.086520733
33.543 1581432.399 0.086537430
33.551 1581209.332 0.086552035
33.557 1581018.979 0.086564545
33.562 1580861.353 0.086574956
33.566 1580736.465 0.086583265
33.569 1580644.322 0.086589471
33.571 1580584.932 0.086593572
33.572 1580558.298 0.086595567
33.571 1580564.422 0.086595456
33.569 1580603.305 0.086593237
33.567 1580674.944 0.086588913
33.563 1580779.336 0.086582485
33.557 1580916.474 0.086573953
33.551 1581086.350 0.086563320
33.544 1581288.955 0.086550590
33.535 1581524.274 0.086535766
33.526 1581792.295 0.086518851
33.515 1582093.001 0.086499850
33.503 1582426.373 0.086478769
33.490 1582792.391 0.086455612
33.476 1583191.031 0.086430386
33.460 1583622.271 0.086403097
33.444 1584086.082 0.086373754
33.426 1584582.436 0.086342363
33.408 1585111.303 0.086308933
33.388 1585672.650 0.086273472
33.367 1586266.442 0.086235991
33.345 1586892.642 0.086196498
33.322 1587551.213 0.086155004
33.298 1588242.113 0.086111519
33.273 1588965.301 0.086066056
33.247 1589720.731 0.086018626
33.219 1590508.357 0.085969241
33.191 1591328.131 0.085917914
33.161 1592180.004 0.085864658
33.131 1593063.922 0.085809487
33.099 1593979.833 0.085752414
33.066 1594927.680 0.085693455
33.033 1595907.406 0.085632624
32.998 1596918.952 0.085569937
32.962 1597962.257 0.085505410
32.925 1599037.257 0.085439059
32.887 1600143.888 0.085370900
32.849 1601282.084 0.085300950
32.809 1602451.777 0.085229228
32.768 1603652.897 0.085155750
32.726 1604885.372 0.085080536
32.683 1606149.130 0.085003602
32.640 1607444.095 0.084924969
32.595 1608770.192 0.084844655
32.549 1610127.341 0.084762681
32.503 1611515.465 0.084679065
32.455 1612934.482 0.084593828
32.407 1614384.308 0.084506991
32.357 1615864.861 0.084418573
32.307 1617376.054 0.084328597
32.256 1618917.801 0.084237083
32.204 1620490.013 0.084144054
32.151 1622092.600 0.084049530
32.097 1623725.470 0.083953533
32.042 1625388.532 0.083856087
31.987 1627081.691 0.083757213
31.930 1628804.852 0.083656935
31.873 1630557.918 0.083555274
31.815 1632340.792 0.083452255
31.756 1634153.374 0.083347900
31.696 1635995.564 0.083242232
31.636 1637867.260 0.083135276
31.575 1639768.360 0.083027055
31.513 1641698.761 0.082917593
31.450 1643658.356 0.082806913
31.386 1645647.040 0.082695041
31.322 1647664.706 0.082581999
31.257 1649711.246 0.082467813
31.191 1651786.550 0.082352506
31.125 1653890.509 0.082236104
31.057 1656023.011 0.082118630
30.990 1658183.944 0.082000110
30.921 1660373.196 0.081880568
30.852 1662590.652 0.081760028
30.782 1664836.197 0.081638516
30.711 1667109.716 0.081516055
30.640 1669411.094 0.081392672
30.568 1671740.211 0.081268390
30.496 1674096.951 0.081143235
30.423 1676481.195 0.081017231
30.349 1678892.823 0.080890402
30.275 1681331.715 0.080762775
30.200 1683797.751 0.080634372
30.124 1686290.809 0.080505220
30.048 1688810.768 0.080375342
29.972 1691357.503 0.080244763
29.894 1693930.893 0.080113507
29.817 1696530.814 0.079981600
29.739 1699157.140 0.079849065
29.660 1701809.748 0.079715927
29.581 1704488.513 0.079582209
29.501 1707193.308 0.079447936
29.421 1709924.007 0.079313132
29.340 1712680.484 0.079177821
29.259 1715462.613 0.079042026
29.177 1718270.265 0.078905771
29.095 1721103.313 0.078769080
29.013 1723961.629 0.078631976
28.930 1726845.085 0.078494482
28.847 1729753.552 0.078356622
28.763 1732686.902 0.078218418
28.679 1735645.005 0.078079893
28.594 1738627.733 0.077941071
28.509 1741634.956 0.077801972
28.424 1744666.543 0.077662621
28.338 1747722.366 0.077523038
28.252 1750802.295 0.077383247
28.166 1753906.200 0.077243269
28.079 1757033.949 0.077103125
27.992 1760185.414 0.076962838
27.905 1763360.464 0.076822428
27.817 1766558.969 0.076681917
27.729 1769780.798 0.076541326
27.641 1773025.821 0.076400675
27.552 1776293.907 0.076259985
27.464 1779584.927 0.076119277
27.374 1782898.750 0.075978571
27.285 1786235.245 0.075837887
27.195 1789594.284 0.075697244
27.106 1792975.734 0.075556663
27.015 1796379.468 0.075416163
26.925 1799805.355 0.075275762
26.835 1803253.264 0.075135481
26.744 1806723.067 0.074995337
26.653 1810214.635 0.074855351
26.562 1813727.838 0.074715539
26.470 1817262.546 0.074575920
26.379 1820818.632 0.074436513
26.287 1824395.966 0.074297335
26.195 1827994.421 0.074158403
26.103 1831613.868 0.074019736
26.010 1835254.179 0.073881350
25.918 1838915.227 0.073743262
25.825 1842596.885 0.073605489
25.733 1846299.024 0.073468049
25.640 1850021.520 0.073330956
25.547 1853764.245 0.073194228
25.454 1857527.072 0.073057880
25.360 1861309.878 0.072921928
25.267 1865112.535 0.072786388
25.174 1868934.920 0.072651275
25.080 1872776.906 0.072516605
24.986 1876638.371 0.072382391
24.893 1880519.190 0.072248650
24.799 1884419.239 0.072115396
24.705 1888338.396 0.071982643
24.611 1892276.538 0.071850405
24.517 1896233.542 0.071718696
24.423 1900209.286 0.071587531
24.329 1904203.649 0.071456923
24.234 1908216.511 0.071326885
24.140 1912247.750 0.071197430
24.046 1916297.246 0.071068573
23.952 1920364.880 0.070940325
23.857 1924450.532 0.070812700
23.763 1928554.085 0.070685710
23.668 1932675.418 0.070559367
23.574 1936814.416 0.070433684
23.479 1940970.960 0.070308673
23.385 1945144.934 0.070184346
23.291 1949336.221 0.070060714
23.196 1953544.706 0.069937789
23.102 1957770.274 0.069815583
23.007 1962012.809 0.069694107
22.913 1966272.198 0.069573371
22.818 1970548.326 0.069453387
22.724 1974841.082 0.069334166
22.630 1979150.351 0.069215719
22.535 1983476.022 0.069098055
22.441 1987817.984 0.068981185
22.347 1992176.125 0.068865120
22.252 1996550.335 0.068749870
22.158 2000940.504 0.068635445
22.064 2005346.523 0.068521854
21.970 2009768.282 0.068409107
21.876 2014205.674 0.068297214
21.782 2018658.591 0.068186185
21.688 2023126.926 0.068076028
21.594 2027610.572 0.067966754
21.500 2032109.422 0.067858371
21.407 2036623.373 0.067750888
21.313 2041152.318 0.067644314
21.219 2045696.154 0.067538658
21.126 2050254.776 0.067433929
21.032 2054828.082 0.067330136
20.939 2059415.969 0.067227286
20.846 2064018.335 0.067125390
20.752 2068635.078 0.067024453
20.659 2073266.098 0.066924487
20.566 2077911.295 0.066825497
20.473 2082570.568 0.066727493
20.380 2087243.818 0.066630483
20.288 2091930.947 0.066534474
20.195 2096631.858 0.066439475
20.102 2101346.452 0.066345493
20.010 2106074.632 0.066252536
