20.007 2108799.679 0.066122299
20.016 2108350.814 0.066130930
20.024 2107926.180 0.066139099
20.032 2107525.791 0.066146804
20.039 2107149.663 0.066154044
20.046 2106797.810 0.066160816
20.053 2106470.243 0.066167119
20.059 2106166.976 0.066172951
20.064 2105888.020 0.066178310
20.069 2105633.385 0.066183196
20.074 2105403.080 0.066187607
20.078 2105197.114 0.066191541
20.081 2105015.495 0.066194998
20.085 2104858.229 0.066197978
20.087 2104725.324 0.066200478
20.090 2104616.783 0.066202499
20.091 2104532.611 0.066204039
20.092 2104472.812 0.066205099
20.093 2104437.388 0.066205678
20.094 2104426.340 0.066205777
20.093 2104439.670 0.066205394
20.093 2104477.377 0.066204530
20.092 2104539.461 0.066203185
20.090 2104625.919 0.066201359
20.088 2104736.749 0.066199054
20.085 2104871.947 0.066196268
20.082 2105031.508 0.066193004
20.079 2105215.429 0.066189262
20.075 2105423.701 0.066185042
20.070 2105656.318 0.066180346
20.065 2105913.273 0.066175174
20.060 2106194.555 0.066169529
20.054 2106500.157 0.066163411
20.048 2106830.066 0.066156823
20.041 2107184.272 0.066149764
20.034 2107562.762 0.066142238
20.026 2107965.523 0.066134246
20.018 2108392.542 0.066125790
20.009 2108843.803 0.066116873
0.0 0.0 0.0
0.0 0.0 0.0
0.0 0.0 0.0
0.0 0.0 0.0
0.0 0.0 0.0
0.0 0.0 0.0
0.0 0.0 0.0
0.0 0.0 0.0
0.0 0.0 0.0
0.0 0.0 0.0
0.0 0.0 0.0
0.0 0.0 0.0
0.0 0.0 0.0
0.0 0.0 0.0
0.0 0.0 0.0
0.0 0.0 0.0
0.0 0.0 0.0
0.0 0.0 0.0
0.0 0.0 0.0
0.0 0.0 0.0
0.0 0.0 0.0
0.0 0.0 0.0
0.0 0.0 0.0
0.0 0.0 0.0
0.0 0.0 0.0
0.0 0.0 0.0
0.0 0.0 0.0
0.0 0.0 0.0
0.0 0.0 0.0
0.0 0.0 0.0
0.0 0.0 0.0
0.0 0.0 0.0
0.0 0.0 0.0
0.0 0.0 0.0
0.0 0.0 0.0
0.0 0.0 0.0
0.0 0.0 0.0
0.0 0.0 0.0
0.0 0.0 0.0
0.0 0.0 0.0
0.0 0.0 0.0
0.0 0.0 0.0
0.0 0.0 0.0
0.0 0.0 0.0
0.0 0.0 0.0
0.0 0.0 0.0
0.0 0.0 0.0
0.0 0.0 0.0
0.0 0.0 0.0
0.0 0.0 0.0
0.0 0.0 0.0
0.0 0.0 0.0
0.0 0.0 0.0
0.0 0.0 0.0
0.0 0.0 0.0
0.0 0.0 0.0
0.0 0.0 0.0
0.0 0.0 0.0
0.0 0.0 0.0
0.0 0.0 0.0
0.0 0.0 0.0
0.0 0.0 0.0
0.0 0.0 0.0
0.0 0.0 0.0
0.0 0.0 0.0
0.0 0.0 0.0
0.0 0.0 0.0
0.0 0.0 0.0
0.0 0.0 0.0
0.0 0.0 0.0
0.0 0.0 0.0
0.0 0.0 0.0
0.0 0.0 0.0
0.0 0.0 0.0
0.0 0.0 0.0
0.0 0.0 0.0
0.0 0.0 0.0
0.0 0.0 0.0
0.0 0.0 0.0
0.0 0.0 0.0
0.0 0.0 0.0
0.0 0.0 0.0
0.0 0.0 0.0
0.0 0.0 0.0
5331795.349 0.008
5322743.215 0.008
5313707.308 0.008
5304687.747 0.008
5295684.652 0.008
5286698.143 0.008
5277728.340 0.008
5268775.365 0.008
5259839.338 0.008
5250920.383 0.009
5242018.622 0.009
5233134.178 0.009
5224267.175 0.009
5215417.738 0.009
5206585.991 0.009
5197772.060 0.009
5188976.071 0.009
5180198.151 0.009
5171438.425 0.009
5162697.023 0.009
5153974.071 0.009
5145269.700 0.009
5136584.037 0.009
5127917.213 0.009
5119269.358 0.009
5110640.602 0.009
5102031.078 0.009
5093440.917 0.009
5084870.251 0.009
5076319.214 0.009
5067787.939 0.009
5059276.559 0.009
5050785.210 0.009
5042314.027 0.009
5033863.145 0.009
5025432.700 0.009
5017022.829 0.009
5008633.670 0.009
5000265.359 0.009
4991918.036 0.009
4983591.838 0.009
4975286.906 0.009
4967003.380 0.009
4958741.398 0.010
4950501.103 0.010
4942282.636 0.010
4934086.138 0.010
4925911.752 0.010
4917759.621 0.010
4909629.889 0.010
4901522.698 0.010
4893438.194 0.010
4885376.522 0.010
4877337.826 0.010
4869322.253 0.010
4861329.949 0.010
4853361.061 0.010
4845415.737 0.010
4837494.124 0.010
4829596.370 0.010
4821722.624 0.010
4813873.036 0.010
4806047.754 0.010
4798246.931 0.010
4790470.715 0.010
4782719.258 0.010
4774992.711 0.010
4767291.227 0.010
4759614.958 0.010
4751964.056 0.010
4744338.676 0.010
4736738.970 0.010
4729165.092 0.010
4721617.199 0.011
4714095.443 0.011
4706599.981 0.011
4699130.968 0.011
4691688.560 0.011
4684272.915 0.011
4676884.188 0.011
4669522.538 0.011
4662188.121 0.011
4654881.096 0.011
4647601.621 0.011
4640349.855 0.011
4633125.957 0.011
4625930.086 0.011
4618762.402 0.011
4611623.065 0.011
4604512.235 0.011
4597430.074 0.011
4590376.741 0.011
4583352.399 0.011
4576357.208 0.011
4569391.331 0.011
4562454.930 0.011
4555548.166 0.011
4548671.203 0.011
4541824.204 0.011
4535007.330 0.011
4528220.747 0.011
4521464.616 0.011
4514739.102 0.011
4508044.369 0.012
4501380.581 0.012
4494747.902 0.012
4488146.495 0.012
4481576.527 0.012
4475038.162 0.012
4468531.563 0.012
4462056.897 0.012
4455614.328 0.012
4449204.022 0.012
4442826.144 0.012
4436480.858 0.012
4430168.331 0.012
4423888.728 0.012
4417642.214 0.012
4411428.954 0.012
4405249.115 0.012
4399102.862 0.012
4392990.360 0.012
4386911.775 0.012
4380867.271 0.012
4374857.016 0.012
4368881.173 0.012
4362939.908 0.012
4357033.387 0.012
4351161.774 0.012
4345325.234 0.012
4339523.932 0.012
4333758.033 0.012
4328027.701 0.012
4322333.101 0.013
4316674.396 0.013
4311051.751 0.013
4305465.330 0.013
4299915.295 0.013
4294401.810 0.013
4288925.038 0.013
4283485.141 0.013
4278082.283 0.013
4272716.624 0.013
4267388.328 0.013
4262097.554 0.013
4256844.465 0.013
4251629.220 0.013
4246451.981 0.013
4241312.906 0.013
4236212.156 0.013
4231149.889 0.013
4226126.264 0.013
4221141.438 0.013
4216195.569 0.013
4211288.815 0.013
4206421.331 0.013
4201593.274 0.013
4196804.799 0.013
4192056.060 0.013
4187347.212 0.013
4182678.409 0.013
4178049.802 0.013
4173461.545 0.013
4168913.789 0.013
4164406.684 0.013
4159940.381 0.014
4155515.029 0.014
4151130.777 0.014
4146787.773 0.014
4142486.163 0.014
4138226.094 0.014
4134007.711 0.014
4129831.160 0.014
4125696.583 0.014
4121604.123 0.014
4117553.922 0.014
4113546.122 0.014
4109580.862 0.014
4105658.282 0.014
4101778.519 0.014
4097941.710 0.014
4094147.992 0.014
4090397.500 0.014
4086690.367 0.014
4083026.726 0.014
4079406.710 0.014
4075830.449 0.014
4072298.072 0.014
4068809.709 0.014
4065365.485 0.014
4061965.527 0.014
4058609.960 0.014
4055298.907 0.014
4052032.492 0.014
4048810.834 0.014
4045634.053 0.014
4042502.269 0.014
4039415.598 0.014
4036374.155 0.014
4033378.057 0.014
4030427.414 0.014
4027522.340 0.014
4024662.944 0.014
4021849.336 0.014
4019081.622 0.014
4016359.909 0.014
4013684.300 0.015
4011054.900 0.015
4008471.809 0.015
4005935.127 0.015
4003444.952 0.015
4001001.382 0.015
3998604.511 0.015
3996254.433 0.015
3993951.240 0.015
3991695.023 0.015
3989485.870 0.015
3987323.867 0.015
3985209.101 0.015
3983141.655 0.015
3981121.612 0.015
3979149.050 0.015
3977224.049 0.015
3975346.686 0.015
3973517.035 0.015
3971735.170 0.015
3970001.163 0.015
3968315.082 0.015
3966676.996 0.015
3965086.971 0.015
3963545.070 0.015
3962051.357 0.015
3960605.892 0.015
3959208.732 0.015
3957859.936 0.015
3956559.558 0.015
3955307.650 0.015
3954104.265 0.015
3952949.450 0.015
3951843.254 0.015
3950785.720 0.015
3949776.894 0.015
3948816.815 0.015
3947905.524 0.015
3947043.058 0.015
3946229.452 0.015
3945464.740 0.015
3944748.953 0.015
3944082.120 0.015
3943464.270 0.015
3942895.428 0.015
3942375.617 0.015
3941904.859 0.015
3941483.172 0.015
3941110.575 0.015
3940787.084 0.015
3940512.710 0.015
3940287.466 0.015
3940111.361 0.015
3939984.403 0.015
3939906.596 0.015
3939877.944 0.015
3939898.448 0.015
3939968.107 0.015
3940086.918 0.015
3940254.877 0.015
3940471.976 0.015
3940738.206 0.015
3941053.557 0.015
3941418.015 0.015
3941831.566 0.015
3942294.191 0.015
3942805.873 0.015
3943366.590 0.015
3943976.318 0.015
3944635.033 0.015
3945342.708 0.015
3946099.313 0.015
3946904.817 0.015
3947759.187 0.015
3948662.388 0.015
3949614.383 0.015
3950615.133 0.015
3951664.596 0.015
3952762.731 0.015
3953909.491 0.015
3955104.830 0.015
3956348.699 0.015
3957641.048 0.015
3958981.824 0.015
3960370.972 0.015
3961808.437 0.015
3963294.158 0.015
3964828.078 0.015
3966410.133 0.015
3968040.259 0.015
3969718.392 0.015
3971444.463 0.015
3973218.403 0.015
3975040.141 0.015
3976909.604 0.015
3978826.717 0.015
3980791.404 0.015
3982803.587 0.015
3984863.185 0.015
3986970.118 0.015
3989124.301 0.015
3991325.649 0.015
3993574.077 0.015
3995869.494 0.015
3998211.812 0.015
4000600.939 0.015
4003036.781 0.015
4005519.243 0.015
4008048.230 0.015
4010623.642 0.015
4013245.380 0.015
4015913.343 0.014
4018627.429 0.014
4021387.533 0.014
4024193.550 0.014
4027045.372 0.014
4029942.891 0.014
4032885.996 0.014
4035874.577 0.014
4038908.521 0.014
4041987.713 0.014
4045112.038 0.014
4048281.378 0.014
4051495.617 0.014
4054754.633 0.014
4058058.307 0.014
4061406.515 0.014
4064799.136 0.014
4068236.043 0.014
4071717.112 0.014
4075242.216 0.014
4078811.225 0.014
4082424.012 0.014
4086080.445 0.014
4089780.392 0.014
4093523.722 0.014
4097310.300 0.014
4101139.991 0.014
4105012.660 0.014
4108928.169 0.014
4112886.381 0.014
4116887.157 0.014
4120930.357 0.014
4125015.841 0.014
4129143.465 0.014
4133313.088 0.014
4137524.567 0.014
4141777.756 0.014
4146072.511 0.014
4150408.685 0.014
4154786.132 0.014
4159204.703 0.014
4163664.251 0.013
4168164.626 0.013
4172705.678 0.013
4177287.256 0.013
4181909.209 0.013
4186571.385 0.013
4191273.631 0.013
4196015.794 0.013
4200797.720 0.013
4205619.254 0.013
4210480.241 0.013
4215380.524 0.013
4220319.949 0.013
4225298.357 0.013
4230315.591 0.013
4235371.494 0.013
4240465.907 0.013
4245598.672 0.013
4250769.628 0.013
4255978.616 0.013
4261225.476 0.013
4266510.048 0.013
4271832.170 0.013
4277191.681 0.013
4282588.420 0.013
4288022.224 0.013
4293492.931 0.013
4299000.379 0.013
4304544.405 0.013
4310124.845 0.013
4315741.536 0.013
4321394.314 0.013
4327083.016 0.012
4332807.477 0.012
4338567.534 0.012
4344363.021 0.012
4350193.774 0.012
4356059.628 0.012
4361960.419 0.012
4367895.980 0.012
4373866.149 0.012
4379870.758 0.012
4385909.642 0.012
4391982.637 0.012
4398089.577 0.012
4404230.296 0.012
4410404.629 0.012
4416612.411 0.012
4422853.475 0.012
4429127.657 0.012
4435434.790 0.012
4441774.711 0.012
4448147.252 0.012
4454552.249 0.012
4460989.537 0.012
4467458.951 0.012
4473960.324 0.012
4480493.494 0.012
4487058.293 0.012
4493654.559 0.012
4500282.126 0.012
4506940.830 0.012
4513630.507 0.011
4520350.993 0.011
4527102.123 0.011
4533883.734 0.011
4540695.663 0.011
4547537.746 0.011
4554409.820 0.011
4561311.723 0.011
4568243.291 0.011
4575204.363 0.011
4582194.776 0.011
4589214.368 0.011
4596262.978 0.011
4603340.445 0.011
4610446.607 0.011
4617581.305 0.011
4624744.376 0.011
4631935.662 0.011
4639155.003 0.011
4646402.239 0.011
4653677.211 0.011
4660979.760 0.011
4668309.728 0.011
4675666.957 0.011
4683051.289 0.011
4690462.567 0.011
4697900.634 0.011
4705365.333 0.011
4712856.509 0.011
4720374.004 0.011
4727917.665 0.010
4735487.335 0.010
4743082.861 0.010
4750704.088 0.010
4758350.862 0.010
4766023.031 0.010
4773720.440 0.010
4781442.939 0.010
4789190.374 0.010
4796962.594 0.010
4804759.448 0.010
4812580.785 0.010
4820426.455 0.010
4828296.309 0.010
4836190.197 0.010
4844107.969 0.010
4852049.479 0.010
4860014.577 0.010
4868003.117 0.010
4876014.951 0.010
4884049.934 0.010
4892107.918 0.010
4900188.760 0.010
4908292.313 0.010
4916418.433 0.010
4924566.976 0.010
4932737.799 0.010
4940930.759 0.010
4949145.713 0.010
4957382.520 0.010
4965641.037 0.010
4973921.124 0.009
4982222.641 0.009
4990545.448 0.009
4998889.405 0.009
5007254.373 0.009
5015640.215 0.009
5024046.791 0.009
5032473.966 0.009
5040921.602 0.009
5049389.563 0.009
5057877.713 0.009
5066385.917 0.009
5074914.041 0.009
5083461.950 0.009
5092029.511 0.009
5100616.591 0.009
5109223.057 0.009
5117848.777 0.009
5126493.620 0.009
5135157.455 0.009
5143840.151 0.009
5152541.580 0.009
5161261.611 0.009
5170000.115 0.009
5178756.965 0.009
5187532.033 0.009
5196325.191 0.009
5205136.314 0.009
5213965.275 0.009
5222811.948 0.009
5231676.209 0.009
5240557.933 0.009
5249456.996 0.009
5258373.276 0.008
5267306.648 0.008
5276256.991 0.008
5285224.183 0.008
5294208.103 0.008
5303208.630 0.008
5312225.644 0.008
5321259.025 0.008
5330308.655 0.008
5339374.414 0.008
0.0 0.0 0.0
0.0 0.0 0.0
0.0 0.0 0.0
0.0 0.0 0.0
0.0 0.0 0.0
0.0 0.0 0.0
0.0 0.0 0.0
0.0 0.0 0.0
0.0 0.0 0.0
0.0 0.0 0.0
0.0 0.0 0.0
0.0 0.0 0.0
0.0 0.0 0.0
0.0 0.0 0.0
0.0 0.0 0.0
0.0 0.0 0.0
0.0 0.0 0.0
0.0 0.0 0.0
0.0 0.0 0.0
0.0 0.0 0.0
0.0 0.0 0.0
0.0 0.0 0.0
0.0 0.0 0.0
0.0 0.0 0.0
0.0 0.0 0.0
0.0 0.0 0.0
0.0 0.0 0.0
0.0 0.0 0.0
0.0 0.0 0.0
0.0 0.0 0.0
0.0 0.0 0.0
0.0 0.0 0.0
0.0 0.0 0.0
0.0 0.0 0.0
0.0 0.0 0.0
0.0 0.0 0.0
0.0 0.0 0.0
0.0 0.0 0.0
0.0 0.0 0.0
0.0 0.0 0.0
0.0 0.0 0.0
0.0 0.0 0.0
0.0 0.0 0.0
0.0 0.0 0.0
0.0 0.0 0.0
0.0 0.0 0.0
0.0 0.0 0.0
0.0 0.0 0.0
0.0 0.0 0.0
0.0 0.0 0.0
0.0 0.0 0.0
0.0 0.0 0.0
0.0 0.0 0.0
0.0 0.0 0.0
0.0 0.0 0.0
0.0 0.0 0.0
0.0 0.0 0.0
0.0 0.0 0.0
0.0 0.0 0.0
0.0 0.0 0.0
0.0 0.0 0.0
0.0 0.0 0.0
0.0 0.0 0.0
0.0 0.0 0.0
0.0 0.0 0.0
0.0 0.0 0.0
0.0 0.0 0.0
0.0 0.0 0.0
0.0 0.0 0.0
0.0 0.0 0.0
0.0 0.0 0.0
0.0 0.0 0.0
0.0 0.0 0.0
0.0 0.0 0.0
0.0 0.0 0.0
0.0 0.0 0.0
0.0 0.0 0.0
0.0 0.0 0.0
0.0 0.0 0.0
0.0 0.0 0.0
0.0 0.0 0.0
0.0 0.0 0.0
0.0 0.0 0.0
0.0 0.0 0.0
0.0 0.0 0.0
0.0 0.0 0.0
0.0 0.0 0.0
0.0 0.0 0.0
0.0 0.0 0.0
0.0 0.0 0.0
0.0 0.0 0.0
0.0 0.0 0.0
0.0 0.0 0.0
0.0 0.0 0.0
0.0 0.0 0.0
0.0 0.0 0.0
0.0 0.0 0.0
0.0 0.0 0.0
0.0 0.0 0.0
0.0 0.0 0.0
0.0 0.0 0.0
0.0 0.0 0.0
0.0 0.0 0.0
0.0 0.0 0.0
0.0 0.0 0.0
0.0 0.0 0.0
0.0 0.0 0.0
0.0 0.0 0.0
0.0 0.0 0.0
0.0 0.0 0.0
0.0 0.0 0.0
0.0 0.0 0.0
0.0 0.0 0.0
0.0 0.0 0.0
0.0 0.0 0.0
0.0 0.0 0.0
0.0 0.0 0.0
0.0 0.0 0.0
0.0 0.0 0.0
0.0 0.0 0.0
0.0 0.0 0.0
0.0 0.0 0.0
0.0 0.0 0.0
0.0 0.0 0.0
0.0 0.0 0.0
0.0 0.0 0.0
0.0 0.0 0.0
0.0 0.0 0.0
0.0 0.0 0.0
0.0 0.0 0.0
0.0 0.0 0.0
0.0 0.0 0.0
0.0 0.0 0.0
0.0 0.0 0.0
0.0 0.0 0.0
0.0 0.0 0.0
0.0 0.0 0.0
0.0 0.0 0.0
0.0 0.0 0.0
0.0 0.0 0.0
0.0 0.0 0.0
0.0 0.0 0.0
0.0 0.0 0.0
0.0 0.0 0.0
0.0 0.0 0.0
0.0 0.0 0.0
0.0 0.0 0.0
0.0 0.0 0.0
0.0 0.0 0.0
0.0 0.0 0.0
0.0 0.0 0.0
0.0 0.0 0.0
0.0 0.0 0.0
0.0 0.0 0.0
0.0 0.0 0.0
0.0 0.0 0.0
0.0 0.0 0.0
0.0 0.0 0.0
0.0 0.0 0.0
0.0 0.0 0.0
0.0 0.0 0.0
0.0 0.0 0.0
0.0 0.0 0.0
0.0 0.0 0.0
0.0 0.0 0.0
0.0 0.0 0.0
0.0 0.0 0.0
0.0 0.0 0.0
0.0 0.0 0.0
0.0 0.0 0.0
0.0 0.0 0.0
0.0 0.0 0.0
0.0 0.0 0.0
0.0 0.0 0.0
0.0 0.0 0.0
0.0 0.0 0.0
0.0 0.0 0.0
0.0 0.0 0.0
0.0 0.0 0.0
0.0 0.0 0.0
0.0 0.0 0.0
0.0 0.0 0.0
0.0 0.0 0.0
0.0 0.0 0.0
0.0 0.0 0.0
0.0 0.0 0.0
0.0 0.0 0.0
0.0 0.0 0.0
0.0 0.0 0.0
0.0 0.0 0.0
0.0 0.0 0.0
0.0 0.0 0.0
0.0 0.0 0.0
0.0 0.0 0.0
0.0 0.0 0.0
0.0 0.0 0.0
0.0 0.0 0.0
0.0 0.0 0.0
0.0 0.0 0.0
0.0 0.0 0.0
0.0 0.0 0.0
0.0 0.0 0.0
0.0 0.0 0.0
0.0 0.0 0.0
0.0 0.0 0.0
0.0 0.0 0.0
0.0 0.0 0.0
0.0 0.0 0.0
0.0 0.0 0.0
0.0 0.0 0.0
0.0 0.0 0.0
0.0 0.0 0.0
0.0 0.0 0.0
0.0 0.0 0.0
0.0 0.0 0.0
0.0 0.0 0.0
0.0 0.0 0.0
0.0 0.0 0.0
0.0 0.0 0.0
0.0 0.0 0.0
0.0 0.0 0.0
0.0 0.0 0.0
0.0 0.0 0.0
0.0 0.0 0.0
0.0 0.0 0.0
0.0 0.0 0.0
0.0 0.0 0.0
0.0 0.0 0.0
0.0 0.0 0.0
0.0 0.0 0.0
0.0 0.0 0.0
0.0 0.0 0.0
0.0 0.0 0.0
0.0 0.0 0.0
0.0 0.0 0.0
0.0 0.0 0.0
0.0 0.0 0.0
0.0 0.0 0.0
0.0 0.0 0.0
0.0 0.0 0.0
0.0 0.0 0.0
0.0 0.0 0.0
0.0 0.0 0.0
0.0 0.0 0.0
0.0 0.0 0.0
0.0 0.0 0.0
0.0 0.0 0.0
0.0 0.0 0.0
0.0 0.0 0.0
0.0 0.0 0.0
0.0 0.0 0.0
0.0 0.0 0.0
0.0 0.0 0.0
0.0 0.0 0.0
0.0 0.0 0.0
0.0 0.0 0.0
0.0 0.0 0.0
0.0 0.0 0.0
0.0 0.0 0.0
0.0 0.0 0.0
0.0 0.0 0.0
0.0 0.0 0.0
0.0 0.0 0.0
0.0 0.0 0.0
0.0 0.0 0.0
0.0 0.0 0.0
0.0 0.0 0.0
0.0 0.0 0.0
0.0 0.0 0.0
0.0 0.0 0.0
0.0 0.0 0.0
0.0 0.0 0.0
0.0 0.0 0.0
0.0 0.0 0.0
0.0 0.0 0.0
0.0 0.0 0.0
0.0 0.0 0.0
0.0 0.0 0.0
0.0 0.0 0.0
0.0 0.0 0.0
0.0 0.0 0.0
0.0 0.0 0.0
0.0 0.0 0.0
0.0 0.0 0.0
0.0 0.0 0.0
0.0 0.0 0.0
0.0 0.0 0.0
0.0 0.0 0.0
0.0 0.0 0.0
0.0 0.0 0.0
0.0 0.0 0.0
0.0 0.0 0.0
0.0 0.0 0.0
0.0 0.0 0.0
0.0 0.0 0.0
0.0 0.0 0.0
0.0 0.0 0.0
0.0 0.0 0.0
0.0 0.0 0.0
0.0 0.0 0.0
0.0 0.0 0.0
0.0 0.0 0.0
0.0 0.0 0.0
0.0 0.0 0.0
0.0 0.0 0.0
0.0 0.0 0.0
0.0 0.0 0.0
0.0 0.0 0.0
0.0 0.0 0.0
0.0 0.0 0.0
0.0 0.0 0.0
0.0 0.0 0.0
0.0 0.0 0.0
0.0 0.0 0.0
0.0 0.0 0.0
0.0 0.0 0.0
0.0 0.0 0.0
0.0 0.0 0.0
0.0 0.0 0.0
0.0 0.0 0.0
0.0 0.0 0.0
0.0 0.0 0.0
0.0 0.0 0.0
0.0 0.0 0.0
0.0 0.0 0.0
0.0 0.0 0.0
0.0 0.0 0.0
0.0 0.0 0.0
0.0 0.0 0.0
0.0 0.0 0.0
0.0 0.0 0.0
0.0 0.0 0.0
0.0 0.0 0.0
0.0 0.0 0.0
0.0 0.0 0.0
0.0 0.0 0.0
0.0 0.0 0.0
0.0 0.0 0.0
0.0 0.0 0.0
0.0 0.0 0.0
0.0 0.0 0.0
0.0 0.0 0.0
0.0 0.0 0.0
0.0 0.0 0.0
0.0 0.0 0.0
0.0 0.0 0.0
0.0 0.0 0.0
0.0 0.0 0.0
0.0 0.0 0.0
0.0 0.0 0.0
0.0 0.0 0.0
0.0 0.0 0.0
0.0 0.0 0.0
0.0 0.0 0.0
0.0 0.0 0.0
0.0 0.0 0.0
0.0 0.0 0.0
0.0 0.0 0.0
0.0 0.0 0.0
0.0 0.0 0.0
0.0 0.0 0.0
0.0 0.0 0.0
0.0 0.0 0.0
0.0 0.0 0.0
0.0 0.0 0.0
0.0 0.0 0.0
0.0 0.0 0.0
0.0 0.0 0.0
0.0 0.0 0.0
0.0 0.0 0.0
0.0 0.0 0.0
0.0 0.0 0.0
0.0 0.0 0.0
0.0 0.0 0.0
0.0 0.0 0.0
0.0 0.0 0.0
0.0 0.0 0.0
0.0 0.0 0.0
0.0 0.0 0.0
0.0 0.0 0.0
0.0 0.0 0.0
0.0 0.0 0.0
0.0 0.0 0.0
0.0 0.0 0.0
0.0 0.0 0.0
0.0 0.0 0.0
0.0 0.0 0.0
0.0 0.0 0.0
0.0 0.0 0.0
0.0 0.0 0.0
0.0 0.0 0.0
0.0 0.0 0.0
0.0 0.0 0.0
0.0 0.0 0.0
0.0 0.0 0.0
0.0 0.0 0.0
0.0 0.0 0.0
0.0 0.0 0.0
0.0 0.0 0.0
0.0 0.0 0.0
0.0 0.0 0.0
0.0 0.0 0.0
0.0 0.0 0.0
0.0 0.0 0.0
0.0 0.0 0.0
0.0 0.0 0.0
0.0 0.0 0.0
0.0 0.0 0.0
0.0 0.0 0.0
0.0 0.0 0.0
0.0 0.0 0.0
0.0 0.0 0.0
0.0 0.0 0.0
0.0 0.0 0.0
0.0 0.0 0.0
0.0 0.0 0.0
0.0 0.0 0.0
0.0 0.0 0.0
0.0 0.0 0.0
0.0 0.0 0.0
0.0 0.0 0.0
0.0 0.0 0.0
0.0 0.0 0.0
0.0 0.0 0.0
0.0 0.0 0.0
0.0 0.0 0.0
0.0 0.0 0.0
0.0 0.0 0.0
0.0 0.0 0.0
0.0 0.0 0.0
0.0 0.0 0.0
0.0 0.0 0.0
0.0 0.0 0.0
0.0 0.0 0.0
0.0 0.0 0.0
0.0 0.0 0.0
0.0 0.0 0.0
0.0 0.0 0.0
0.0 0.0 0.0
0.0 0.0 0.0
0.0 0.0 0.0
0.0 0.0 0.0
0.0 0.0 0.0
0.0 0.0 0.0
0.0 0.0 0.0
0.0 0.0 0.0
0.0 0.0 0.0
0.0 0.0 0.0
0.0 0.0 0.0
0.0 0.0 0.0
0.0 0.0 0.0
0.0 0.0 0.0
0.0 0.0 0.0
0.0 0.0 0.0
0.0 0.0 0.0
0.0 0.0 0.0
0.0 0.0 0.0
0.0 0.0 0.0
0.0 0.0 0.0
0.0 0.0 0.0
0.0 0.0 0.0
0.0 0.0 0.0
0.0 0.0 0.0
0.0 0.0 0.0
0.0 0.0 0.0
0.0 0.0 0.0
0.0 0.0 0.0
0.0 0.0 0.0
0.0 0.0 0.0
0.0 0.0 0.0
0.0 0.0 0.0
0.0 0.0 0.0
0.0 0.0 0.0
0.0 0.0 0.0
0.0 0.0 0.0
0.0 0.0 0.0
0.0 0.0 0.0
0.0 0.0 0.0
0.0 0.0 0.0
0.0 0.0 0.0
0.0 0.0 0.0
0.0 0.0 0.0
0.0 0.0 0.0
0.0 0.0 0.0
0.0 0.0 0.0
0.0 0.0 0.0
0.0 0.0 0.0
0.0 0.0 0.0
0.0 0.0 0.0
0.0 0.0 0.0
0.0 0.0 0.0
0.0 0.0 0.0
0.0 0.0 0.0
0.0 0.0 0.0
0.0 0.0 0.0
0.0 0.0 0.0
0.0 0.0 0.0
0.0 0.0 0.0
0.0 0.0 0.0
0.0 0.0 0.0
0.0 0.0 0.0
0.0 0.0 0.0
0.0 0.0 0.0
0.0 0.0 0.0
0.0 0.0 0.0
0.0 0.0 0.0
0.0 0.0 0.0
0.0 0.0 0.0
0.0 0.0 0.0
0.0 0.0 0.0
0.0 0.0 0.0
0.0 0.0 0.0
0.0 0.0 0.0
0.0 0.0 0.0
0.0 0.0 0.0
0.0 0.0 0.0
0.0 0.0 0.0
0.0 0.0 0.0
0.0 0.0 0.0
0.0 0.0 0.0
0.0 0.0 0.0
0.0 0.0 0.0
0.0 0.0 0.0
0.0 0.0 0.0
0.0 0.0 0.0
0.0 0.0 0.0
0.0 0.0 0.0
0.0 0.0 0.0
0.0 0.0 0.0
0.0 0.0 0.0
0.0 0.0 0.0
0.0 0.0 0.0
0.0 0.0 0.0
0.0 0.0 0.0
0.0 0.0 0.0
0.0 0.0 0.0
0.0 0.0 0.0
0.0 0.0 0.0
0.0 0.0 0.0
0.0 0.0 0.0
0.0 0.0 0.0
0.0 0.0 0.0
0.0 0.0 0.0
0.0 0.0 0.0
0.0 0.0 0.0
0.0 0.0 0.0
0.0 0.0 0.0
0.0 0.0 0.0
0.0 0.0 0.0
0.0 0.0 0.0
0.0 0.0 0.0
0.0 0.0 0.0
0.0 0.0 0.0
0.0 0.0 0.0
0.0 0.0 0.0
0.0 0.0 0.0
0.0 0.0 0.0
0.0 0.0 0.0
0.0 0.0 0.0
0.0 0.0 0.0
0.0 0.0 0.0
0.0 0.0 0.0
0.0 0.0 0.0
0.0 0.0 0.0
0.0 0.0 0.0
0.0 0.0 0.0
0.0 0.0 0.0
0.0 0.0 0.0
0.0 0.0 0.0
0.0 0.0 0.0
0.0 0.0 0.0
0.0 0.0 0.0
0.0 0.0 0.0
0.0 0.0 0.0
0.0 0.0 0.0
0.0 0.0 0.0
0.0 0.0 0.0
0.0 0.0 0.0
0.0 0.0 0.0
0.0 0.0 0.0
0.0 0.0 0.0
0.0 0.0 0.0
0.0 0.0 0.0
0.0 0.0 0.0
0.0 0.0 0.0
0.0 0.0 0.0
0.0 0.0 0.0
0.0 0.0 0.0
0.0 0.0 0.0
0.0 0.0 0.0
0.0 0.0 0.0
0.0 0.0 0.0
0.0 0.0 0.0
0.0 0.0 0.0
0.0 0.0 0.0
0.0 0.0 0.0
0.0 0.0 0.0
0.0 0.0 0.0
0.0 0.0 0.0
0.0 0.0 0.0
0.0 0.0 0.0
0.0 0.0 0.0
0.0 0.0 0.0
0.0 0.0 0.0
0.0 0.0 0.0
0.0 0.0 0.0
0.0 0.0 0.0
0.0 0.0 0.0
0.0 0.0 0.0
0.0 0.0 0.0
0.0 0.0 0.0
0.0 0.0 0.0
0.0 0.0 0.0
0.0 0.0 0.0
0.0 0.0 0.0
0.0 0.0 0.0
0.0 0.0 0.0
0.0 0.0 0.0
0.0 0.0 0.0
0.0 0.0 0.0
0.0 0.0 0.0
0.0 0.0 0.0
0.0 0.0 0.0
0.0 0.0 0.0
0.0 0.0 0.0
0.0 0.0 0.0
0.0 0.0 0.0
0.0 0.0 0.0
0.0 0.0 0.0
0.0 0.0 0.0
0.0 0.0 0.0
0.0 0.0 0.0
0.0 0.0 0.0
0.0 0.0 0.0
0.0 0.0 0.0
0.0 0.0 0.0
0.0 0.0 0.0
0.0 0.0 0.0
0.0 0.0 0.0
0.0 0.0 0.0
0.0 0.0 0.0
0.0 0.0 0.0
0.0 0.0 0.0
0.0 0.0 0.0
0.0 0.0 0.0
0.0 0.0 0.0
0.0 0.0 0.0
0.0 0.0 0.0
0.0 0.0 0.0
0.0 0.0 0.0
0.0 0.0 0.0
0.0 0.0 0.0
0.0 0.0 0.0
0.0 0.0 0.0
0.0 0.0 0.0
0.0 0.0 0.0
0.0 0.0 0.0
0.0 0.0 0.0
0.0 0.0 0.0
0.0 0.0 0.0
0.0 0.0 0.0
0.0 0.0 0.0
0.0 0.0 0.0
0.0 0.0 0.0
0.0 0.0 0.0
0.0 0.0 0.0
0.0 0.0 0.0
0.0 0.0 0.0
0.0 0.0 0.0
0.0 0.0 0.0
0.0 0.0 0.0
0.0 0.0 0.0
0.0 0.0 0.0
0.0 0.0 0.0
0.0 0.0 0.0
0.0 0.0 0.0
0.0 0.0 0.0
0.0 0.0 0.0
0.0 0.0 0.0
0.0 0.0 0.0
0.0 0.0 0.0
0.0 0.0 0.0
0.0 0.0 0.0
0.0 0.0 0.0
0.0 0.0 0.0
0.0 0.0 0.0
0.0 0.0 0.0
0.0 0.0 0.0
0.0 0.0 0.0
0.0 0.0 0.0
0.0 0.0 0.0
0.0 0.0 0.0
0.0 0.0 0.0
0.0 0.0 0.0
0.0 0.0 0.0
0.0 0.0 0.0
0.0 0.0 0.0
0.0 0.0 0.0
0.0 0.0 0.0
0.0 0.0 0.0
0.0 0.0 0.0
0.0 0.0 0.0
0.0 0.0 0.0
0.0 0.0 0.0
0.0 0.0 0.0
0.0 0.0 0.0
0.0 0.0 0.0
0.0 0.0 0.0
0.0 0.0 0.0
0.0 0.0 0.0
0.0 0.0 0.0
0.0 0.0 0.0
0.0 0.0 0.0
0.0 0.0 0.0
0.0 0.0 0.0
0.0 0.0 0.0
0.0 0.0 0.0
0.0 0.0 0.0
0.0 0.0 0.0
0.0 0.0 0.0
0.0 0.0 0.0
0.0 0.0 0.0
0.0 0.0 0.0
0.0 0.0 0.0
0.0 0.0 0.0
0.0 0.0 0.0
0.0 0.0 0.0
0.0 0.0 0.0
0.0 0.0 0.0
0.0 0.0 0.0
0.0 0.0 0.0
0.0 0.0 0.0
0.0 0.0 0.0
0.0 0.0 0.0
0.0 0.0 0.0
0.0 0.0 0.0
0.0 0.0 0.0
0.0 0.0 0.0
0.0 0.0 0.0
0.0 0.0 0.0
0.0 0.0 0.0
0.0 0.0 0.0
0.0 0.0 0.0
0.0 0.0 0.0
0.0 0.0 0.0
0.0 0.0 0.0
0.0 0.0 0.0
0.0 0.0 0.0
0.0 0.0 0.0
0.0 0.0 0.0
0.0 0.0 0.0
0.0 0.0 0.0
0.0 0.0 0.0
0.0 0.0 0.0
0.0 0.0 0.0
0.0 0.0 0.0
0.0 0.0 0.0
0.0 0.0 0.0
0.0 0.0 0.0
0.0 0.0 0.0
0.0 0.0 0.0
0.0 0.0 0.0
0.0 0.0 0.0
0.0 0.0 0.0
0.0 0.0 0.0
0.0 0.0 0.0
0.0 0.0 0.0
0.0 0.0 0.0
0.0 0.0 0.0
0.0 0.0 0.0
0.0 0.0 0.0
0.0 0.0 0.0
0.0 0.0 0.0
0.0 0.0 0.0
0.0 0.0 0.0
0.0 0.0 0.0
0.0 0.0 0.0
0.0 0.0 0.0
0.0 0.0 0.0
0.0 0.0 0.0
0.0 0.0 0.0
0.0 0.0 0.0
0.0 0.0 0.0
0.0 0.0 0.0
0.0 0.0 0.0
0.0 0.0 0.0
0.0 0.0 0.0
0.0 0.0 0.0
0.0 0.0 0.0
0.0 0.0 0.0
0.0 0.0 0.0
0.0 0.0 0.0
0.0 0.0 0.0
0.0 0.0 0.0
0.0 0.0 0.0
0.0 0.0 0.0
0.0 0.0 0.0
0.0 0.0 0.0
0.0 0.0 0.0
0.0 0.0 0.0
0.0 0.0 0.0
0.0 0.0 0.0
0.0 0.0 0.0
0.0 0.0 0.0
0.0 0.0 0.0
0.0 0.0 0.0
0.0 0.0 0.0
0.0 0.0 0.0
0.0 0.0 0.0
0.0 0.0 0.0
0.0 0.0 0.0
0.0 0.0 0.0
0.0 0.0 0.0
0.0 0.0 0.0
0.0 0.0 0.0
0.0 0.0 0.0
0.0 0.0 0.0
0.0 0.0 0.0
0.0 0.0 0.0
0.0 0.0 0.0
0.0 0.0 0.0
0.0 0.0 0.0
0.0 0.0 0.0
0.0 0.0 0.0
0.0 0.0 0.0
0.0 0.0 0.0
0.0 0.0 0.0
0.0 0.0 0.0
0.0 0.0 0.0
0.0 0.0 0.0
0.0 0.0 0.0
0.0 0.0 0.0
0.0 0.0 0.0
0.0 0.0 0.0
0.0 0.0 0.0
0.0 0.0 0.0
0.0 0.0 0.0
0.0 0.0 0.0
0.0 0.0 0.0
0.0 0.0 0.0
0.0 0.0 0.0
0.0 0.0 0.0
0.0 0.0 0.0
0.0 0.0 0.0
0.0 0.0 0.0
0.0 0.0 0.0
0.0 0.0 0.0
0.0 0.0 0.0
0.0 0.0 0.0
0.0 0.0 0.0
0.0 0.0 0.0
0.0 0.0 0.0
0.0 0.0 0.0
0.0 0.0 0.0
0.0 0.0 0.0
0.0 0.0 0.0
0.0 0.0 0.0
0.0 0.0 0.0
0.0 0.0 0.0
0.0 0.0 0.0
0.0 0.0 0.0
0.0 0.0 0.0
0.0 0.0 0.0
0.0 0.0 0.0
0.0 0.0 0.0
0.0 0.0 0.0
0.0 0.0 0.0
0.0 0.0 0.0
0.0 0.0 0.0
0.0 0.0 0.0
0.0 0.0 0.0
0.0 0.0 0.0
0.0 0.0 0.0
0.0 0.0 0.0
0.0 0.0 0.0
0.0 0.0 0.0
0.0 0.0 0.0
0.0 0.0 0.0
0.0 0.0 0.0
0.0 0.0 0.0
0.0 0.0 0.0
0.0 0.0 0.0
0.0 0.0 0.0
0.0 0.0 0.0
0.0 0.0 0.0
0.0 0.0 0.0
0.0 0.0 0.0
0.0 0.0 0.0
0.0 0.0 0.0
0.0 0.0 0.0
0.0 0.0 0.0
0.0 0.0 0.0
0.0 0.0 0.0
0.0 0.0 0.0
0.0 0.0 0.0
0.0 0.0 0.0
0.0 0.0 0.0
0.0 0.0 0.0
0.0 0.0 0.0
0.0 0.0 0.0
0.0 0.0 0.0
0.0 0.0 0.0
0.0 0.0 0.0
0.0 0.0 0.0
0.0 0.0 0.0
0.0 0.0 0.0
0.0 0.0 0.0
0.0 0.0 0.0
0.0 0.0 0.0
0.0 0.0 0.0
0.0 0.0 0.0
0.0 0.0 0.0
0.0 0.0 0.0
0.0 0.0 0.0
0.0 0.0 0.0
0.0 0.0 0.0
0.0 0.0 0.0
0.0 0.0 0.0
0.0 0.0 0.0
0.0 0.0 0.0
0.0 0.0 0.0
0.0 0.0 0.0
0.0 0.0 0.0
0.0 0.0 0.0
0.0 0.0 0.0
0.0 0.0 0.0
0.0 0.0 0.0
0.0 0.0 0.0
0.0 0.0 0.0
0.0 0.0 0.0
0.0 0.0 0.0
0.0 0.0 0.0
0.0 0.0 0.0
0.0 0.0 0.0
0.0 0.0 0.0
0.0 0.0 0.0
0.0 0.0 0.0
0.0 0.0 0.0
0.0 0.0 0.0
0.0 0.0 0.0
0.0 0.0 0.0
0.0 0.0 0.0
0.0 0.0 0.0
0.0 0.0 0.0
0.0 0.0 0.0
0.0 0.0 0.0
0.0 0.0 0.0
0.0 0.0 0.0
0.0 0.0 0.0
0.0 0.0 0.0
0.0 0.0 0.0
0.0 0.0 0.0
0.0 0.0 0.0
0.0 0.0 0.0
0.0 0.0 0.0
0.0 0.0 0.0
0.0 0.0 0.0
0.0 0.0 0.0
0.0 0.0 0.0
0.0 0.0 0.0
0.0 0.0 0.0
0.0 0.0 0.0
0.0 0.0 0.0
0.0 0.0 0.0
0.0 0.0 0.0
0.0 0.0 0.0
0.0 0.0 0.0
0.0 0.0 0.0
0.0 0.0 0.0
0.0 0.0 0.0
0.0 0.0 0.0
0.0 0.0 0.0
0.0 0.0 0.0
0.0 0.0 0.0
5339990.419 0.008
5328644.661 0.008
5317303.179 0.008
5305966.047 0.008
5294633.337 0.008
5283305.123 0.008
5271981.479 0.008
5260662.480 0.008
5249348.201 0.009
5238038.719 0.009
5226734.108 0.009
5215434.447 0.009
5204139.812 0.009
5192850.282 0.009
5181565.934 0.009
5170286.848 0.009
5159013.103 0.009
5147744.779 0.009
5136481.957 0.009
5125224.719 0.009
5113973.146 0.009
5102727.320 0.009
5091487.324 0.009
5080253.243 0.009
5069025.159 0.009
5057803.159 0.009
5046587.327 0.009
5035377.749 0.009
5024174.512 0.009
5012977.703 0.009
5001787.410 0.009
4990603.722 0.009
4979426.727 0.009
4968256.516 0.009
4957093.179 0.010
4945936.807 0.010
4934787.491 0.010
4923645.325 0.010
4912510.401 0.010
4901382.814 0.010
4890262.657 0.010
4879150.026 0.010
4868045.017 0.010
4856947.726 0.010
4845858.251 0.010
4834776.690 0.010
4823703.141 0.010
4812637.705 0.010
4801580.481 0.010
4790531.570 0.010
4779491.075 0.010
4768459.097 0.010
4757435.740 0.010
4746421.108 0.010
4735415.307 0.010
4724418.441 0.010
4713430.617 0.011
4702451.942 0.011
4691482.524 0.011
4680522.473 0.011
4669571.898 0.011
4658630.910 0.011
4647699.619 0.011
4636778.138 0.011
4625866.581 0.011
4614965.061 0.011
4604073.693 0.011
4593192.592 0.011
4582321.876 0.011
4571461.662 0.011
4560612.068 0.011
4549773.213 0.011
4538945.218 0.011
4528128.204 0.011
4517322.293 0.011
4506527.608 0.012
4495744.273 0.012
4484972.413 0.012
4474212.153 0.012
4463463.621 0.012
4452726.944 0.012
4442002.252 0.012
4431289.674 0.012
4420589.341 0.012
4409901.384 0.012
4399225.938 0.012
4388563.135 0.012
4377913.110 0.012
4367276.001 0.012
4356651.943 0.012
4346041.075 0.012
4335443.536 0.012
4324859.466 0.013
4314289.007 0.013
4303732.301 0.013
4293189.493 0.013
4282660.726 0.013
4272146.146 0.013
4261645.901 0.013
4251160.138 0.013
4240689.008 0.013
4230232.660 0.013
4219791.246 0.013
4209364.919 0.013
4198953.832 0.013
4188558.142 0.013
4178178.005 0.013
4167813.578 0.013
4157465.019 0.014
4147132.491 0.014
4136816.152 0.014
4126516.168 0.014
4116232.700 0.014
4105965.914 0.014
4095715.978 0.014
4085483.058 0.014
4075267.323 0.014
4065068.944 0.014
4054888.094 0.014
4044724.943 0.014
4034579.668 0.014
4024452.443 0.014
4014343.447 0.015
4004252.856 0.015
3994180.852 0.015
3984127.614 0.015
3974093.327 0.015
3964078.173 0.015
3954082.338 0.015
3944106.009 0.015
3934149.374 0.015
3924212.624 0.015
3914295.948 0.015
3904399.539 0.015
3894523.593 0.015
3884668.303 0.015
3874833.867 0.016
3865020.484 0.016
3855228.353 0.016
3845457.677 0.016
3835708.657 0.016
3825981.498 0.016
3816276.407 0.016
3806593.591 0.016
3796933.259 0.016
3787295.621 0.016
3777680.891 0.016
3768089.281 0.016
3758521.007 0.017
3748976.286 0.017
3739455.336 0.017
3729958.377 0.017
3720485.632 0.017
3711037.323 0.017
3701613.674 0.017
3692214.914 0.017
3682841.269 0.017
3673492.969 0.017
3664170.247 0.017
3654873.333 0.017
3645602.464 0.018
3636357.876 0.018
3627139.806 0.018
3617948.493 0.018
3608784.180 0.018
3599647.108 0.018
3590537.523 0.018
3581455.670 0.018
3572401.798 0.018
3563376.155 0.018
3554378.992 0.018
3545410.563 0.019
3536471.122 0.019
3527560.925 0.019
3518680.230 0.019
3509829.296 0.019
3501008.384 0.019
3492217.757 0.019
3483457.679 0.019
3474728.416 0.019
3466030.237 0.019
3457363.410 0.019
3448728.206 0.020
3440124.898 0.020
3431553.761 0.020
3423015.070 0.020
3414509.102 0.020
3406036.137 0.020
3397596.456 0.020
3389190.340 0.020
3380818.074 0.020
3372479.944 0.020
3364176.236 0.021
3355907.239 0.021
3347673.244 0.021
3339474.542 0.021
3331311.426 0.021
3323184.191 0.021
3315093.135 0.021
3307038.553 0.021
3299020.747 0.021
3291040.017 0.021
3283096.664 0.022
3275190.993 0.022
3267323.308 0.022
3259493.917 0.022
3251703.127 0.022
3243951.247 0.022
3236238.587 0.022
3228565.461 0.022
3220932.180 0.022
3213339.060 0.023
3205786.416 0.023
3198274.564 0.023
3190803.824 0.023
3183374.514 0.023
3175986.955 0.023
3168641.467 0.023
3161338.375 0.023
3154078.001 0.023
3146860.670 0.023
3139686.708 0.024
3132556.441 0.024
3125470.197 0.024
3118428.304 0.024
3111431.092 0.024
3104478.891 0.024
3097572.031 0.024
3090710.843 0.024
3083895.661 0.024
3077126.817 0.025
3070404.645 0.025
3063729.478 0.025
3057101.651 0.025
3050521.499 0.025
3043989.358 0.025
3037505.563 0.025
3031070.451 0.025
3024684.358 0.025
3018347.620 0.026
3012060.575 0.026
3005823.559 0.026
2999636.909 0.026
2993500.963 0.026
2987416.056 0.026
2981382.527 0.026
2975400.711 0.026
2969470.945 0.026
2963593.565 0.026
2957768.906 0.027
2951997.305 0.027
2946279.096 0.027
2940614.613 0.027
2935004.189 0.027
2929448.159 0.027
2923946.854 0.027
2918500.605 0.027
2913109.743 0.027
2907774.598 0.027
2902495.499 0.028
2897272.771 0.028
2892106.743 0.028
2886997.738 0.028
2881946.081 0.028
2876952.093 0.028
2872016.096 0.028
2867138.408 0.028
2862319.348 0.028
2857559.231 0.028
2852858.370 0.029
2848217.079 0.029
2843635.668 0.029
2839114.443 0.029
2834653.713 0.029
2830253.780 0.029
2825914.945 0.029
2821637.509 0.029
2817421.768 0.029
2813268.015 0.029
2809176.543 0.029
2805147.640 0.029
2801181.593 0.030
2797278.684 0.030
2793439.194 0.030
2789663.400 0.030
2785951.576 0.030
2782303.992 0.030
2778720.917 0.030
2775202.614 0.030
2771749.344 0.030
2768361.365 0.030
2765038.929 0.030
2761782.287 0.030
2758591.684 0.030
2755467.363 0.031
2752409.561 0.031
2749418.514 0.031
2746494.451 0.031
2743637.597 0.031
2740848.175 0.031
2738126.401 0.031
2735472.488 0.031
2732886.645 0.031
2730369.076 0.031
2727919.978 0.031
2725539.547 0.031
2723227.973 0.031
2720985.439 0.031
2718812.126 0.031
2716708.209 0.031
2714673.856 0.031
2712709.234 0.031
2710814.501 0.032
2708989.811 0.032
2707235.313 0.032
2705551.152 0.032
2703937.464 0.032
2702394.383 0.032
2700922.036 0.032
2699520.544 0.032
2698190.024 0.032
2696930.585 0.032
2695742.333 0.032
2694625.366 0.032
2693579.778 0.032
2692605.655 0.032
2691703.080 0.032
2690872.127 0.032
2690112.867 0.032
2689425.363 0.032
2688809.673 0.032
2688265.849 0.032
2687793.937 0.032
2687393.975 0.032
2687065.999 0.032
2686810.036 0.032
2686626.107 0.032
2686514.228 0.032
2686474.408 0.032
2686506.650 0.032
2686610.953 0.032
2686787.307 0.032
2687035.697 0.032
2687356.102 0.032
2687748.496 0.032
2688212.845 0.032
2688749.110 0.032
2689357.245 0.032
2690037.201 0.032
2690788.919 0.032
2691612.336 0.032
2692507.384 0.032
2693473.988 0.032
2694512.066 0.032
2695621.531 0.032
2696802.293 0.032
2698054.251 0.032
2699377.302 0.032
2700771.337 0.032
2702236.239 0.032
2703771.888 0.032
2705378.158 0.032
2707054.916 0.032
2708802.024 0.032
2710619.340 0.032
2712506.716 0.031
2714463.997 0.031
2716491.025 0.031
2718587.635 0.031
2720753.660 0.031
2722988.923 0.031
2725293.247 0.031
2727666.446 0.031
2730108.332 0.031
2732618.711 0.031
2735197.385 0.031
2737844.149 0.031
2740558.797 0.031
2743341.117 0.031
2746190.890 0.031
2749107.897 0.031
2752091.911 0.031
2755142.704 0.031
2758260.042 0.030
2761443.686 0.030
2764693.396 0.030
2768008.925 0.030
2771390.024 0.030
2774836.440 0.030
2778347.917 0.030
2781924.193 0.030
2785565.006 0.030
2789270.088 0.030
2793039.168 0.030
2796871.973 0.030
2800768.226 0.030
2804727.647 0.029
2808749.954 0.029
2812834.860 0.029
2816982.077 0.029
2821191.313 0.029
2825462.276 0.029
2829794.668 0.029
2834188.190 0.029
2838642.541 0.029
2843157.418 0.029
2847732.515 0.029
2852367.524 0.029
2857062.134 0.028
2861816.035 0.028
2866628.912 0.028
2871500.449 0.028
2876430.329 0.028
2881418.233 0.028
2886463.840 0.028
2891566.829 0.028
2896726.876 0.028
2901943.656 0.028
2907216.843 0.027
2912546.109 0.027
2917931.127 0.027
2923371.566 0.027
2928867.096 0.027
2934417.387 0.027
2940022.105 0.027
2945680.919 0.027
2951393.493 0.027
2957159.495 0.027
2962978.589 0.026
2968850.440 0.026
2974774.712 0.026
2980751.069 0.026
2986779.176 0.026
2992858.694 0.026
2998989.288 0.026
3005170.621 0.026
3011402.355 0.026
3017684.154 0.026
3024015.681 0.025
3030396.599 0.025
3036826.571 0.025
3043305.261 0.025
3049832.332 0.025
3056407.449 0.025
3063030.277 0.025
3069700.480 0.025
3076417.724 0.025
3083181.674 0.024
3089991.998 0.024
3096848.361 0.024
3103750.432 0.024
3110697.880 0.024
3117690.372 0.024
3124727.580 0.024
3131809.174 0.024
3138934.825 0.024
3146104.205 0.023
3153316.989 0.023
3160572.850 0.023
3167871.463 0.023
3175212.506 0.023
3182595.654 0.023
3190020.586 0.023
3197486.983 0.023
3204994.523 0.023
3212542.891 0.023
3220131.767 0.022
3227760.837 0.022
3235429.785 0.022
3243138.299 0.022
3250886.067 0.022
3258672.777 0.022
3266498.121 0.022
3274361.791 0.022
3282263.479 0.022
3290202.880 0.022
3298179.692 0.021
3306193.610 0.021
3314244.335 0.021
3322331.567 0.021
3330455.008 0.021
3338614.361 0.021
3346809.332 0.021
3355039.626 0.021
3363304.953 0.021
3371605.020 0.020
3379939.541 0.020
3388308.227 0.020
3396710.793 0.020
3405146.954 0.020
3413616.428 0.020
3422118.935 0.020
3430654.194 0.020
3439221.929 0.020
3447821.863 0.020
3456453.721 0.020
3465117.231 0.019
3473812.122 0.019
3482538.124 0.019
3491294.970 0.019
3500082.392 0.019
3508900.128 0.019
3517747.912 0.019
3526625.486 0.019
3535532.588 0.019
3544468.961 0.019
3553434.349 0.018
3562428.497 0.018
3571451.152 0.018
3580502.062 0.018
3589580.979 0.018
3598687.655 0.018
3607821.842 0.018
3616983.297 0.018
3626171.776 0.018
3635387.038 0.018
3644628.844 0.018
3653896.955 0.017
3663191.135 0.017
3672511.148 0.017
3681856.763 0.017
3691227.748 0.017
3700623.872 0.017
3710044.908 0.017
3719490.628 0.017
3728960.808 0.017
3738455.225 0.017
3747973.656 0.017
3757515.881 0.017
3767081.682 0.016
3776670.841 0.016
3786283.144 0.016
3795918.375 0.016
3805576.324 0.016
3815256.778 0.016
3824959.530 0.016
3834684.370 0.016
3844431.094 0.016
3854199.495 0.016
3863989.372 0.016
3873800.522 0.016
3883632.746 0.015
3893485.844 0.015
3903359.620 0.015
3913253.878 0.015
3923168.423 0.015
3933103.064 0.015
3943057.608 0.015
3953031.867 0.015
3963025.651 0.015
3973038.773 0.015
3983071.049 0.015
3993122.294 0.015
4003192.324 0.015
4013280.960 0.015
4023388.021 0.014
4033513.328 0.014
4043656.704 0.014
4053817.973 0.014
4063996.962 0.014
4074193.496 0.014
4084407.403 0.014
4094638.515 0.014
4104886.660 0.014
4115151.672 0.014
4125433.383 0.014
4135731.628 0.014
4146046.244 0.014
4156377.068 0.014
4166723.937 0.013
4177086.693 0.013
4187465.175 0.013
4197859.226 0.013
4208268.690 0.013
4218693.410 0.013
4229133.234 0.013
4239588.007 0.013
4250057.579 0.013
4260541.798 0.013
4271040.516 0.013
4281553.583 0.013
4292080.854 0.013
4302622.181 0.013
4313177.419 0.013
4323746.427 0.013
4334329.059 0.012
4344925.176 0.012
4355534.636 0.012
4366157.301 0.012
4376793.032 0.012
4387441.692 0.012
4398103.144 0.012
4408777.254 0.012
4419463.888 0.012
4430162.912 0.012
4440874.195 0.012
4451597.606 0.012
4462333.015 0.012
4473080.292 0.012
4483839.310 0.012
4494609.942 0.012
4505392.062 0.012
4516185.545 0.011
4526990.267 0.011
4537806.104 0.011
4548632.935 0.011
4559470.638 0.011
4570319.093 0.011
4581178.181 0.011
4592047.782 0.011
4602927.781 0.011
4613818.059 0.011
4624718.501 0.011
4635628.992 0.011
4646549.418 0.011
4657479.666 0.011
4668419.623 0.011
4679369.179 0.011
4690328.222 0.011
4701296.642 0.011
4712274.331 0.011
4723261.181 0.010
4734257.084 0.010
4745261.933 0.010
4756275.623 0.010
4767298.050 0.010
4778329.108 0.010
4789368.694 0.010
4800416.706 0.010
4811473.042 0.010
4822537.601 0.010
4833610.282 0.010
4844690.986 0.010
4855779.614 0.010
4866876.068 0.010
4877980.251 0.010
4889092.065 0.010
4900211.415 0.010
4911338.205 0.010
4922472.342 0.010
4933613.730 0.010
4944762.278 0.010
4955917.892 0.010
4967080.480 0.009
4978249.951 0.009
4989426.215 0.009
5000609.183 0.009
5011798.763 0.009
5022994.869 0.009
5034197.412 0.009
5045406.305 0.009
5056621.461 0.009
5067842.795 0.009
5079070.220 0.009
5090303.651 0.009
5101543.006 0.009
5112788.199 0.009
5124039.148 0.009
5135295.771 0.009
5146557.986 0.009
5157825.710 0.009
5169098.865 0.009
5180377.368 0.009
5191661.142 0.009
5202950.106 0.009
5214244.183 0.009
5225543.294 0.009
5236847.362 0.009
5248156.311 0.009
5259470.063 0.008
5270788.543 0.008
5282111.675 0.008
5293439.386 0.008
5304771.600 0.008
5316108.244 0.008
5327449.245 0.008
5338794.529 0.008
0.0 0.0 0.0
0.0 0.0 0.0
0.0 0.0 0.0
0.0 0.0 0.0
0.0 0.0 0.0
0.0 0.0 0.0
0.0 0.0 0.0
0.0 0.0 0.0
0.0 0.0 0.0
0.0 0.0 0.0
0.0 0.0 0.0
0.0 0.0 0.0
0.0 0.0 0.0
0.0 0.0 0.0
0.0 0.0 0.0
0.0 0.0 0.0
0.0 0.0 0.0
0.0 0.0 0.0
0.0 0.0 0.0
0.0 0.0 0.0
0.0 0.0 0.0
0.0 0.0 0.0
0.0 0.0 0.0
0.0 0.0 0.0
0.0 0.0 0.0
0.0 0.0 0.0
0.0 0.0 0.0
0.0 0.0 0.0
0.0 0.0 0.0
0.0 0.0 0.0
0.0 0.0 0.0
0.0 0.0 0.0
0.0 0.0 0.0
0.0 0.0 0.0
0.0 0.0 0.0
0.0 0.0 0.0
0.0 0.0 0.0
0.0 0.0 0.0
0.0 0.0 0.0
0.0 0.0 0.0
0.0 0.0 0.0
0.0 0.0 0.0
0.0 0.0 0.0
0.0 0.0 0.0
0.0 0.0 0.0
0.0 0.0 0.0
0.0 0.0 0.0
0.0 0.0 0.0
0.0 0.0 0.0
0.0 0.0 0.0
0.0 0.0 0.0
0.0 0.0 0.0
0.0 0.0 0.0
0.0 0.0 0.0
0.0 0.0 0.0
0.0 0.0 0.0
0.0 0.0 0.0
0.0 0.0 0.0
0.0 0.0 0.0
0.0 0.0 0.0
0.0 0.0 0.0
0.0 0.0 0.0
0.0 0.0 0.0
0.0 0.0 0.0
0.0 0.0 0.0
0.0 0.0 0.0
0.0 0.0 0.0
0.0 0.0 0.0
0.0 0.0 0.0
0.0 0.0 0.0
0.0 0.0 0.0
0.0 0.0 0.0
0.0 0.0 0.0
0.0 0.0 0.0
0.0 0.0 0.0
0.0 0.0 0.0
0.0 0.0 0.0
0.0 0.0 0.0
0.0 0.0 0.0
0.0 0.0 0.0
0.0 0.0 0.0
0.0 0.0 0.0
0.0 0.0 0.0
0.0 0.0 0.0
0.0 0.0 0.0
0.0 0.0 0.0
0.0 0.0 0.0
0.0 0.0 0.0
0.0 0.0 0.0
0.0 0.0 0.0
0.0 0.0 0.0
0.0 0.0 0.0
0.0 0.0 0.0
0.0 0.0 0.0
0.0 0.0 0.0
0.0 0.0 0.0
0.0 0.0 0.0
0.0 0.0 0.0
0.0 0.0 0.0
0.0 0.0 0.0
0.0 0.0 0.0
0.0 0.0 0.0
0.0 0.0 0.0
0.0 0.0 0.0
0.0 0.0 0.0
0.0 0.0 0.0
0.0 0.0 0.0
0.0 0.0 0.0
0.0 0.0 0.0
0.0 0.0 0.0
0.0 0.0 0.0
0.0 0.0 0.0
0.0 0.0 0.0
0.0 0.0 0.0
0.0 0.0 0.0
0.0 0.0 0.0
0.0 0.0 0.0
0.0 0.0 0.0
0.0 0.0 0.0
0.0 0.0 0.0
0.0 0.0 0.0
0.0 0.0 0.0
0.0 0.0 0.0
0.0 0.0 0.0
0.0 0.0 0.0
0.0 0.0 0.0
0.0 0.0 0.0
0.0 0.0 0.0
0.0 0.0 0.0
0.0 0.0 0.0
0.0 0.0 0.0
0.0 0.0 0.0
0.0 0.0 0.0
0.0 0.0 0.0
0.0 0.0 0.0
0.0 0.0 0.0
0.0 0.0 0.0
0.0 0.0 0.0
0.0 0.0 0.0
0.0 0.0 0.0
0.0 0.0 0.0
0.0 0.0 0.0
0.0 0.0 0.0
0.0 0.0 0.0
0.0 0.0 0.0
0.0 0.0 0.0
0.0 0.0 0.0
0.0 0.0 0.0
0.0 0.0 0.0
0.0 0.0 0.0
0.0 0.0 0.0
0.0 0.0 0.0
0.0 0.0 0.0
0.0 0.0 0.0
0.0 0.0 0.0
0.0 0.0 0.0
0.0 0.0 0.0
0.0 0.0 0.0
0.0 0.0 0.0
0.0 0.0 0.0
0.0 0.0 0.0
0.0 0.0 0.0
0.0 0.0 0.0
0.0 0.0 0.0
0.0 0.0 0.0
0.0 0.0 0.0
0.0 0.0 0.0
0.0 0.0 0.0
0.0 0.0 0.0
0.0 0.0 0.0
0.0 0.0 0.0
0.0 0.0 0.0
0.0 0.0 0.0
0.0 0.0 0.0
0.0 0.0 0.0
0.0 0.0 0.0
0.0 0.0 0.0
0.0 0.0 0.0
0.0 0.0 0.0
0.0 0.0 0.0
0.0 0.0 0.0
0.0 0.0 0.0
0.0 0.0 0.0
0.0 0.0 0.0
0.0 0.0 0.0
0.0 0.0 0.0
0.0 0.0 0.0
0.0 0.0 0.0
0.0 0.0 0.0
0.0 0.0 0.0
0.0 0.0 0.0
0.0 0.0 0.0
0.0 0.0 0.0
0.0 0.0 0.0
0.0 0.0 0.0
0.0 0.0 0.0
0.0 0.0 0.0
0.0 0.0 0.0
0.0 0.0 0.0
0.0 0.0 0.0
0.0 0.0 0.0
0.0 0.0 0.0
0.0 0.0 0.0
0.0 0.0 0.0
0.0 0.0 0.0
0.0 0.0 0.0
0.0 0.0 0.0
0.0 0.0 0.0
0.0 0.0 0.0
0.0 0.0 0.0
0.0 0.0 0.0
0.0 0.0 0.0
0.0 0.0 0.0
0.0 0.0 0.0
0.0 0.0 0.0
0.0 0.0 0.0
0.0 0.0 0.0
0.0 0.0 0.0
0.0 0.0 0.0
0.0 0.0 0.0
0.0 0.0 0.0
0.0 0.0 0.0
0.0 0.0 0.0
0.0 0.0 0.0
0.0 0.0 0.0
0.0 0.0 0.0
0.0 0.0 0.0
0.0 0.0 0.0
0.0 0.0 0.0
0.0 0.0 0.0
0.0 0.0 0.0
0.0 0.0 0.0
0.0 0.0 0.0
0.0 0.0 0.0
0.0 0.0 0.0
0.0 0.0 0.0
0.0 0.0 0.0
0.0 0.0 0.0
0.0 0.0 0.0
0.0 0.0 0.0
0.0 0.0 0.0
0.0 0.0 0.0
0.0 0.0 0.0
0.0 0.0 0.0
0.0 0.0 0.0
0.0 0.0 0.0
0.0 0.0 0.0
0.0 0.0 0.0
0.0 0.0 0.0
0.0 0.0 0.0
0.0 0.0 0.0
0.0 0.0 0.0
0.0 0.0 0.0
0.0 0.0 0.0
0.0 0.0 0.0
0.0 0.0 0.0
0.0 0.0 0.0
0.0 0.0 0.0
0.0 0.0 0.0
0.0 0.0 0.0
0.0 0.0 0.0
0.0 0.0 0.0
0.0 0.0 0.0
0.0 0.0 0.0
0.0 0.0 0.0
0.0 0.0 0.0
0.0 0.0 0.0
0.0 0.0 0.0
0.0 0.0 0.0
0.0 0.0 0.0
0.0 0.0 0.0
0.0 0.0 0.0
0.0 0.0 0.0
0.0 0.0 0.0
0.0 0.0 0.0
0.0 0.0 0.0
0.0 0.0 0.0
0.0 0.0 0.0
0.0 0.0 0.0
0.0 0.0 0.0
0.0 0.0 0.0
0.0 0.0 0.0
0.0 0.0 0.0
0.0 0.0 0.0
0.0 0.0 0.0
0.0 0.0 0.0
0.0 0.0 0.0
0.0 0.0 0.0
0.0 0.0 0.0
0.0 0.0 0.0
0.0 0.0 0.0
0.0 0.0 0.0
0.0 0.0 0.0
0.0 0.0 0.0
0.0 0.0 0.0
0.0 0.0 0.0
0.0 0.0 0.0
0.0 0.0 0.0
0.0 0.0 0.0
0.0 0.0 0.0
0.0 0.0 0.0
0.0 0.0 0.0
0.0 0.0 0.0
0.0 0.0 0.0
0.0 0.0 0.0
0.0 0.0 0.0
0.0 0.0 0.0
0.0 0.0 0.0
0.0 0.0 0.0
0.0 0.0 0.0
0.0 0.0 0.0
0.0 0.0 0.0
0.0 0.0 0.0
0.0 0.0 0.0
0.0 0.0 0.0
0.0 0.0 0.0
0.0 0.0 0.0
0.0 0.0 0.0
0.0 0.0 0.0
0.0 0.0 0.0
0.0 0.0 0.0
0.0 0.0 0.0
0.0 0.0 0.0
0.0 0.0 0.0
0.0 0.0 0.0
0.0 0.0 0.0
0.0 0.0 0.0
0.0 0.0 0.0
0.0 0.0 0.0
0.0 0.0 0.0
0.0 0.0 0.0
0.0 0.0 0.0
0.0 0.0 0.0
0.0 0.0 0.0
0.0 0.0 0.0
0.0 0.0 0.0
0.0 0.0 0.0
0.0 0.0 0.0
0.0 0.0 0.0
0.0 0.0 0.0
0.0 0.0 0.0
0.0 0.0 0.0
0.0 0.0 0.0
0.0 0.0 0.0
0.0 0.0 0.0
0.0 0.0 0.0
0.0 0.0 0.0
0.0 0.0 0.0
0.0 0.0 0.0
0.0 0.0 0.0
0.0 0.0 0.0
0.0 0.0 0.0
0.0 0.0 0.0
0.0 0.0 0.0
0.0 0.0 0.0
0.0 0.0 0.0
0.0 0.0 0.0
0.0 0.0 0.0
0.0 0.0 0.0
0.0 0.0 0.0
0.0 0.0 0.0
0.0 0.0 0.0
0.0 0.0 0.0
0.0 0.0 0.0
0.0 0.0 0.0
0.0 0.0 0.0
0.0 0.0 0.0
0.0 0.0 0.0
0.0 0.0 0.0
0.0 0.0 0.0
0.0 0.0 0.0
0.0 0.0 0.0
0.0 0.0 0.0
0.0 0.0 0.0
0.0 0.0 0.0
0.0 0.0 0.0
0.0 0.0 0.0
0.0 0.0 0.0
0.0 0.0 0.0
0.0 0.0 0.0
0.0 0.0 0.0
0.0 0.0 0.0
0.0 0.0 0.0
0.0 0.0 0.0
0.0 0.0 0.0
0.0 0.0 0.0
0.0 0.0 0.0
0.0 0.0 0.0
0.0 0.0 0.0
0.0 0.0 0.0
0.0 0.0 0.0
0.0 0.0 0.0
0.0 0.0 0.0
0.0 0.0 0.0
0.0 0.0 0.0
0.0 0.0 0.0
0.0 0.0 0.0
0.0 0.0 0.0
0.0 0.0 0.0
0.0 0.0 0.0
0.0 0.0 0.0
0.0 0.0 0.0
0.0 0.0 0.0
0.0 0.0 0.0
0.0 0.0 0.0
0.0 0.0 0.0
0.0 0.0 0.0
0.0 0.0 0.0
0.0 0.0 0.0
0.0 0.0 0.0
0.0 0.0 0.0
0.0 0.0 0.0
0.0 0.0 0.0
0.0 0.0 0.0
0.0 0.0 0.0
0.0 0.0 0.0
0.0 0.0 0.0
0.0 0.0 0.0
0.0 0.0 0.0
0.0 0.0 0.0
0.0 0.0 0.0
0.0 0.0 0.0
0.0 0.0 0.0
0.0 0.0 0.0
0.0 0.0 0.0
0.0 0.0 0.0
0.0 0.0 0.0
0.0 0.0 0.0
0.0 0.0 0.0
0.0 0.0 0.0
0.0 0.0 0.0
0.0 0.0 0.0
0.0 0.0 0.0
0.0 0.0 0.0
0.0 0.0 0.0
0.0 0.0 0.0
0.0 0.0 0.0
0.0 0.0 0.0
0.0 0.0 0.0
0.0 0.0 0.0
0.0 0.0 0.0
0.0 0.0 0.0
0.0 0.0 0.0
0.0 0.0 0.0
0.0 0.0 0.0
0.0 0.0 0.0
0.0 0.0 0.0
0.0 0.0 0.0
0.0 0.0 0.0
0.0 0.0 0.0
0.0 0.0 0.0
0.0 0.0 0.0
0.0 0.0 0.0
0.0 0.0 0.0
0.0 0.0 0.0
0.0 0.0 0.0
0.0 0.0 0.0
0.0 0.0 0.0
0.0 0.0 0.0
0.0 0.0 0.0
0.0 0.0 0.0
0.0 0.0 0.0
0.0 0.0 0.0
0.0 0.0 0.0
0.0 0.0 0.0
0.0 0.0 0.0
0.0 0.0 0.0
0.0 0.0 0.0
0.0 0.0 0.0
0.0 0.0 0.0
0.0 0.0 0.0
0.0 0.0 0.0
0.0 0.0 0.0
0.0 0.0 0.0
0.0 0.0 0.0
0.0 0.0 0.0
0.0 0.0 0.0
0.0 0.0 0.0
0.0 0.0 0.0
0.0 0.0 0.0
0.0 0.0 0.0
0.0 0.0 0.0
0.0 0.0 0.0
0.0 0.0 0.0
0.0 0.0 0.0
0.0 0.0 0.0
0.0 0.0 0.0
0.0 0.0 0.0
0.0 0.0 0.0
0.0 0.0 0.0
0.0 0.0 0.0
0.0 0.0 0.0
0.0 0.0 0.0
0.0 0.0 0.0
0.0 0.0 0.0
0.0 0.0 0.0
0.0 0.0 0.0
0.0 0.0 0.0
0.0 0.0 0.0
0.0 0.0 0.0
0.0 0.0 0.0
0.0 0.0 0.0
0.0 0.0 0.0
0.0 0.0 0.0
0.0 0.0 0.0
0.0 0.0 0.0
0.0 0.0 0.0
0.0 0.0 0.0
0.0 0.0 0.0
0.0 0.0 0.0
0.0 0.0 0.0
0.0 0.0 0.0
0.0 0.0 0.0
0.0 0.0 0.0
0.0 0.0 0.0
0.0 0.0 0.0
0.0 0.0 0.0
0.0 0.0 0.0
0.0 0.0 0.0
0.0 0.0 0.0
0.0 0.0 0.0
0.0 0.0 0.0
0.0 0.0 0.0
0.0 0.0 0.0
0.0 0.0 0.0
0.0 0.0 0.0
0.0 0.0 0.0
0.0 0.0 0.0
0.0 0.0 0.0
0.0 0.0 0.0
0.0 0.0 0.0
0.0 0.0 0.0
0.0 0.0 0.0
0.0 0.0 0.0
0.0 0.0 0.0
0.0 0.0 0.0
0.0 0.0 0.0
0.0 0.0 0.0
0.0 0.0 0.0
0.0 0.0 0.0
0.0 0.0 0.0
0.0 0.0 0.0
0.0 0.0 0.0
0.0 0.0 0.0
0.0 0.0 0.0
0.0 0.0 0.0
0.0 0.0 0.0
0.0 0.0 0.0
0.0 0.0 0.0
0.0 0.0 0.0
0.0 0.0 0.0
0.0 0.0 0.0
0.0 0.0 0.0
0.0 0.0 0.0
0.0 0.0 0.0
0.0 0.0 0.0
0.0 0.0 0.0
0.0 0.0 0.0
0.0 0.0 0.0
0.0 0.0 0.0
0.0 0.0 0.0
0.0 0.0 0.0
0.0 0.0 0.0
0.0 0.0 0.0
0.0 0.0 0.0
0.0 0.0 0.0
0.0 0.0 0.0
0.0 0.0 0.0
0.0 0.0 0.0
0.0 0.0 0.0
0.0 0.0 0.0
0.0 0.0 0.0
0.0 0.0 0.0
0.0 0.0 0.0
0.0 0.0 0.0
0.0 0.0 0.0
0.0 0.0 0.0
0.0 0.0 0.0
0.0 0.0 0.0
0.0 0.0 0.0
0.0 0.0 0.0
0.0 0.0 0.0
0.0 0.0 0.0
0.0 0.0 0.0
0.0 0.0 0.0
20.003 2109616.443 0.066087517
20.121 2103564.435 0.066205978
20.240 2097519.129 0.066326422
20.359 2091480.591 0.066448853
20.479 2085448.886 0.066573273
20.599 2079424.080 0.066699686
20.719 2073406.240 0.066828094
20.840 2067395.433 0.066958502
20.962 2061391.728 0.067090913
21.084 2055395.192 0.067225330
21.207 2049405.897 0.067361758
21.330 2043423.911 0.067500201
21.453 2037449.307 0.067640662
21.577 2031482.155 0.067783147
21.702 2025522.528 0.067927658
21.827 2019570.499 0.068074201
21.953 2013626.143 0.068222780
22.079 2007689.534 0.068373400
22.205 2001760.746 0.068526066
22.333 1995839.858 0.068680782
22.460 1989926.945 0.068837554
22.588 1984022.085 0.068996386
22.717 1978125.358 0.069157283
22.847 1972236.842 0.069320251
22.976 1966356.617 0.069485296
23.107 1960484.766 0.069652421
23.238 1954621.368 0.069821633
23.369 1948766.509 0.069992938
23.501 1942920.270 0.070166340
23.634 1937082.737 0.070341845
23.767 1931253.994 0.070519460
23.901 1925434.129 0.070699189
24.035 1919623.228 0.070881038
24.170 1913821.379 0.071065013
24.306 1908028.671 0.071251120
24.442 1902245.195 0.071439365
24.578 1896471.040 0.071629753
24.716 1890706.299 0.071822291
24.853 1884951.064 0.072016984
24.992 1879205.429 0.072213837
25.131 1873469.488 0.072412858
25.270 1867743.338 0.072614052
25.411 1862027.074 0.072817424
25.551 1856320.795 0.073022980
25.693 1850624.599 0.073230727
25.835 1844938.585 0.073440669
25.977 1839262.855 0.073652814
26.121 1833597.510 0.073867166
26.265 1827942.652 0.074083730
26.409 1822298.386 0.074302514
26.554 1816664.817 0.074523522
26.700 1811042.049 0.074746759
26.846 1805430.192 0.074972232
26.994 1799829.352 0.075199945
27.141 1794239.639 0.075429903
27.290 1788661.164 0.075662112
27.439 1783094.038 0.075896577
27.588 1777538.374 0.076133302
27.738 1771994.285 0.076372293
27.889 1766461.887 0.076613554
28.041 1760941.296 0.076857089
28.193 1755432.630 0.077102903
28.346 1749936.006 0.077351000
28.500 1744451.545 0.077601384
28.654 1738979.368 0.077854059
28.809 1733519.598 0.078109029
28.965 1728072.357 0.078366297
29.121 1722637.771 0.078625866
29.278 1717215.966 0.078887740
29.436 1711807.068 0.079151921
29.594 1706411.208 0.079418411
29.753 1701028.514 0.079687214
29.913 1695659.118 0.079958331
30.073 1690303.152 0.080231765
30.234 1684960.751 0.080507516
30.396 1679632.050 0.080785586
30.559 1674317.184 0.081065976
30.722 1669016.294 0.081348686
30.886 1663729.516 0.081633718
31.050 1658456.993 0.081921070
31.216 1653198.867 0.082210742
31.382 1647955.280 0.082502735
31.549 1642726.379 0.082797046
31.716 1637512.309 0.083093673
31.884 1632313.217 0.083392616
32.053 1627129.255 0.083693872
32.223 1621960.571 0.083997438
32.393 1616807.319 0.084303310
32.564 1611669.651 0.084611486
32.736 1606547.723 0.084921960
32.908 1601441.692 0.085234728
33.082 1596351.715 0.085549786
33.256 1591277.953 0.085867126
33.430 1586220.566 0.086186744
33.606 1581179.717 0.086508631
33.782 1576155.570 0.086832782
33.959 1571148.290 0.087159187
34.136 1566158.046 0.087487838
34.314 1561185.005 0.087818726
34.493 1556229.339 0.088151841
34.673 1551291.218 0.088487172
34.853 1546370.817 0.088824709
35.035 1541468.310 0.089164439
35.216 1536583.874 0.089506350
35.399 1531717.687 0.089850428
35.582 1526869.930 0.090196659
35.766 1522040.782 0.090545028
35.951 1517230.427 0.090895519
36.136 1512439.051 0.091248117
36.323 1507666.838 0.091602804
36.509 1502913.976 0.091959560
36.697 1498180.655 0.092318368
36.885 1493467.066 0.092679208
37.074 1488773.401 0.093042058
37.264 1484099.855 0.093406897
37.454 1479446.622 0.093773701
37.645 1474813.901 0.094142448
37.836 1470201.890 0.094513113
38.029 1465610.790 0.094885669
38.222 1461040.802 0.095260090
38.415 1456492.131 0.095636349
38.609 1451964.982 0.096014416
38.804 1447459.561 0.096394261
39.000 1442976.077 0.096775853
39.196 1438514.740 0.097159160
39.393 1434075.761 0.097544149
39.590 1429659.353 0.097930786
39.788 1425265.731 0.098319033
39.987 1420895.111 0.098708855
40.186 1416547.710 0.099100213
40.386 1412223.749 0.099493068
40.586 1407923.446 0.099887380
40.787 1403647.025 0.100283105
40.988 1399394.709 0.100680202
41.190 1395166.722 0.101078624
41.392 1390963.291 0.101478328
41.595 1386784.645 0.101879264
41.799 1382631.011 0.102281385
42.003 1378502.622 0.102684640
42.207 1374399.707 0.103088978
42.412 1370322.502 0.103494347
42.617 1366271.240 0.103900691
42.823 1362246.157 0.104307956
43.029 1358247.489 0.104716084
43.235 1354275.477 0.105125016
43.442 1350330.358 0.105534692
43.649 1346412.373 0.105945052
43.857 1342521.764 0.106356031
44.065 1338658.775 0.106767565
44.273 1334823.648 0.107179589
44.481 1331016.629 0.107592034
44.690 1327237.963 0.108004831
44.899 1323487.898 0.108417910
45.108 1319766.681 0.108831199
45.317 1316074.561 0.109244624
45.526 1312411.788 0.109658110
45.736 1308778.611 0.110071580
45.945 1305175.282 0.110484955
46.155 1301602.052 0.110898157
46.364 1298059.173 0.111311104
46.574 1294546.900 0.111723713
46.784 1291065.484 0.112135900
46.993 1287615.180 0.112547579
47.203 1284196.243 0.112958663
47.412 1280808.927 0.113369063
47.621 1277453.487 0.113778689
47.830 1274130.178 0.114187451
48.039 1270839.257 0.114595254
48.247 1267580.979 0.115002004
48.455 1264355.599 0.115407607
48.663 1261163.374 0.115811964
48.871 1258004.559 0.116214978
49.078 1254879.409 0.116616549
49.284 1251788.181 0.117016576
49.490 1248731.129 0.117414958
49.696 1245708.507 0.117811590
49.900 1242720.571 0.118206369
50.105 1239767.575 0.118599189
50.308 1236849.771 0.118989944
50.511 1233967.412 0.119378526
50.713 1231120.750 0.119764827
50.914 1228310.037 0.120148737
51.114 1225535.522 0.120530145
51.313 1222797.455 0.120908942
51.511 1220096.083 0.121285015
51.709 1217431.655 0.121658251
51.905 1214804.415 0.122028537
52.099 1212214.609 0.122395760
52.293 1209662.479 0.122759804
52.485 1207148.266 0.123120556
52.676 1204672.212 0.123477900
52.865 1202234.553 0.123831721
53.053 1199835.527 0.124181903
53.240 1197475.369 0.124528329
53.424 1195154.310 0.124870884
53.608 1192872.581 0.125209452
53.789 1190630.411 0.125543917
53.968 1188428.026 0.125874163
54.146 1186265.650 0.126200074
54.321 1184143.503 0.126521535
54.495 1182061.806 0.126838430
54.666 1180020.773 0.127150647
54.835 1178020.619 0.127458069
55.002 1176061.553 0.127760585
55.167 1174143.784 0.128058082
55.329 1172267.515 0.128350447
55.489 1170432.949 0.128637570
55.646 1168640.284 0.128919342
55.800 1166889.713 0.129195652
55.952 1165181.430 0.129466395
56.101 1163515.621 0.129731463
56.247 1161892.471 0.129990752
56.391 1160312.161 0.130244159
56.531 1158774.866 0.130491580
56.668 1157280.761 0.130732917
56.802 1155830.014 0.130968071
56.932 1154422.789 0.131196945
57.060 1153059.248 0.131419445
57.183 1151739.546 0.131635477
57.304 1150463.836 0.131844952
57.421 1149232.266 0.132047780
57.534 1148044.978 0.132243877
57.644 1146902.112 0.132433158
57.750 1145803.800 0.132615542
57.852 1144750.173 0.132790950
57.950 1143741.354 0.132959306
58.044 1142777.464 0.133120538
58.134 1141858.616 0.133274573
58.220 1140984.920 0.133421345
58.303 1140156.481 0.133560789
58.380 1139373.398 0.133692842
58.454 1138635.765 0.133817447
58.523 1137943.672 0.133934547
58.588 1137297.201 0.134044089
58.649 1136696.431 0.134146025
58.705 1136141.435 0.134240309
58.757 1135632.280 0.134326897
58.804 1135169.028 0.134405751
58.847 1134751.737 0.134476834
58.885 1134380.455 0.134540115
58.918 1134055.230 0.134595563
58.947 1133776.100 0.134643155
58.971 1133543.100 0.134682868
58.991 1133356.258 0.134714684
59.006 1133215.597 0.134738587
59.016 1133121.134 0.134754568
59.022 1133072.879 0.134762619
59.022 1133070.840 0.134762736
59.019 1133115.016 0.134754919
59.010 1133205.400 0.134739171
58.997 1133341.982 0.134715500
58.979 1133524.745 0.134683917
58.956 1133753.665 0.134644435
58.929 1134028.715 0.134597074
58.897 1134349.859 0.134541854
58.861 1134717.058 0.134478800
58.819 1135130.267 0.134407943
58.774 1135589.435 0.134329313
58.724 1136094.505 0.134242946
58.669 1136645.416 0.134148882
58.610 1137242.098 0.134047163
58.547 1137884.481 0.133937834
58.479 1138572.484 0.133820946
58.407 1139306.025 0.133696550
58.331 1140085.015 0.133564702
58.250 1140909.359 0.133425460
58.165 1141778.958 0.133278886
58.077 1142693.707 0.133125045
57.984 1143653.496 0.132964004
57.887 1144658.211 0.132795835
57.786 1145707.733 0.132620609
57.682 1146801.936 0.132438403
57.574 1147940.692 0.132249296
57.462 1149123.866 0.132053368
57.346 1150351.320 0.131850704
57.227 1151622.910 0.131641388
57.105 1152938.489 0.131425510
56.979 1154297.905 0.131203159
56.849 1155701.001 0.130974428
56.717 1157147.615 0.130739413
56.581 1158637.585 0.130498208
56.442 1160170.739 0.130250913
56.300 1161746.906 0.129997628
56.155 1163365.909 0.129738453
56.007 1165027.566 0.129473494
55.857 1166731.694 0.129202854
55.703 1168478.104 0.128926639
55.547 1170266.605 0.128644958
55.389 1172097.002 0.128357919
55.227 1173969.096 0.128065630
55.064 1175882.686 0.127768204
54.898 1177837.568 0.127465752
54.730 1179833.533 0.127158387
54.559 1181870.372 0.126846221
54.387 1183947.869 0.126529368
54.212 1186065.810 0.126207944
54.036 1188223.975 0.125882062
53.857 1190422.142 0.125551839
53.677 1192660.089 0.125217390
53.495 1194937.588 0.124878830
53.311 1197254.411 0.124536276
53.125 1199610.327 0.124189844
52.938 1202005.104 0.123839649
52.750 1204438.506 0.123485808
52.559 1206910.297 0.123128436
52.368 1209420.239 0.122767649
52.175 1211968.092 0.122403562
51.981 1214553.613 0.122036289
51.786 1217176.560 0.121665946
51.590 1219836.688 0.121292645
51.392 1222533.751 0.120916501
51.194 1225267.501 0.120537625
50.994 1228037.691 0.120156130
50.794 1230844.071 0.119772126
50.592 1233686.391 0.119385725
50.390 1236564.399 0.118997034
50.187 1239477.843 0.118606164
49.984 1242426.471 0.118213221
49.780 1245410.028 0.117818311
49.575 1248428.262 0.117421542
49.369 1251480.917 0.117023015
49.163 1254567.738 0.116622836
48.957 1257688.470 0.116221106
48.750 1260842.858 0.115817926
48.543 1264030.646 0.115413395
48.335 1267251.578 0.115007612
48.127 1270505.397 0.114600674
47.919 1273791.849 0.114192676
47.710 1277110.677 0.113783713
47.502 1280461.625 0.113373878
47.293 1283844.438 0.112963263
47.084 1287258.861 0.112551956
46.875 1290704.639 0.112140048
46.665 1294181.516 0.111727625
46.456 1297689.240 0.111314774
46.247 1301227.556 0.110901578
46.038 1304796.211 0.110488120
45.829 1308394.954 0.110074482
45.620 1312023.531 0.109660742
45.411 1315681.692 0.109246981
45.202 1319369.186 0.108833274
44.993 1323085.764 0.108419696
44.785 1326831.176 0.108006322
44.577 1330605.176 0.107593223
44.369 1334407.516 0.107180470
44.161 1338237.949 0.106768133
43.953 1342096.232 0.106356278
43.746 1345982.119 0.105944973
43.539 1349895.367 0.105534281
43.333 1353835.736 0.105124266
43.127 1357802.984 0.104714989
42.921 1361796.871 0.104306511
42.715 1365817.159 0.103898890
42.510 1369863.611 0.103492183
42.306 1373935.991 0.103086446
42.102 1378034.065 0.102681734
41.898 1382157.598 0.102278099
41.695 1386306.359 0.101875592
41.492 1390480.117 0.101474265
41.290 1394678.643 0.101074165
41.088 1398901.709 0.100675340
40.887 1403149.089 0.100277835
40.687 1407420.556 0.099881696
40.487 1411715.889 0.099486966
40.287 1416034.863 0.099093686
40.088 1420377.260 0.098701898
39.890 1424742.858 0.098311641
39.692 1429131.441 0.097922953
39.495 1433542.793 0.097535871
39.298 1437976.699 0.097150431
39.102 1442432.945 0.096766667
38.907 1446911.319 0.096384613
38.712 1451411.613 0.096004301
38.518 1455933.617 0.095625762
38.325 1460477.125 0.095249027
38.132 1465041.930 0.094874123
37.940 1469627.829 0.094501080
37.749 1474234.621 0.094129923
37.558 1478862.104 0.093760678
37.368 1483510.079 0.093393371
37.178 1488178.349 0.093028025
36.990 1492866.719 0.092664662
36.802 1497574.993 0.092303306
36.614 1502302.979 0.091943975
36.428 1507050.487 0.091586691
36.242 1511817.326 0.091231472
36.056 1516603.309 0.090878337
35.872 1521408.250 0.090527304
35.688 1526231.964 0.090178387
35.505 1531074.268 0.089831604
35.322 1535934.981 0.089486970
35.141 1540813.922 0.089144497
34.960 1545710.914 0.088804201
34.779 1550625.779 0.088466093
34.600 1555558.343 0.088130185
34.421 1560508.431 0.087796489
34.243 1565475.873 0.087465015
34.065 1570460.498 0.087135772
33.889 1575462.136 0.086808771
33.713 1580480.620 0.086484020
33.537 1585515.785 0.086161527
33.363 1590567.467 0.085841299
33.189 1595635.502 0.085523343
33.016 1600719.729 0.085207665
32.844 1605819.990 0.084894271
32.672 1610936.124 0.084583167
32.501 1616067.977 0.084274356
32.331 1621215.392 0.083967843
32.161 1626378.216 0.083663632
31.992 1631556.297 0.083361726
31.824 1636749.484 0.083062127
31.657 1641957.627 0.082764839
31.490 1647180.579 0.082469862
31.324 1652418.192 0.082177199
31.159 1657670.324 0.081886850
30.995 1662936.828 0.081598817
30.831 1668217.564 0.081313099
30.668 1673512.391 0.081029697
30.505 1678821.168 0.080748610
30.344 1684143.758 0.080469837
30.183 1689480.025 0.080193378
30.022 1694829.833 0.079919232
29.863 1700193.048 0.079647396
29.704 1705569.536 0.079377869
29.545 1710959.168 0.079110648
29.388 1716361.813 0.078845732
29.231 1721777.342 0.078583117
29.075 1727205.628 0.078322801
28.919 1732646.544 0.078064781
28.764 1738099.966 0.077809053
28.610 1743565.770 0.077555614
28.457 1749043.833 0.077304460
28.304 1754534.036 0.077055587
28.151 1760036.257 0.076808991
28.000 1765550.377 0.076564667
27.849 1771076.281 0.076322612
27.699 1776613.850 0.076082821
27.549 1782162.970 0.075845289
27.400 1787723.527 0.075610012
27.252 1793295.409 0.075376983
27.105 1798878.503 0.075146199
26.958 1804472.699 0.074917653
26.811 1810077.888 0.074691342
26.666 1815693.962 0.074467259
26.520 1821320.813 0.074245398
26.376 1826958.335 0.074025755
26.232 1832606.423 0.073808324
26.089 1838264.974 0.073593099
25.946 1843933.885 0.073380074
25.804 1849613.053 0.073169243
25.663 1855302.378 0.072960601
25.522 1861001.761 0.072754142
25.382 1866711.103 0.072549860
25.243 1872430.305 0.072347749
25.104 1878159.272 0.072147804
24.965 1883897.908 0.071950017
24.828 1889646.118 0.071754383
24.691 1895403.809 0.071560896
24.554 1901170.887 0.071369551
24.418 1906947.261 0.071180341
24.283 1912732.839 0.070993260
24.148 1918527.533 0.070808303
24.013 1924331.254 0.070625463
23.880 1930143.912 0.070444735
23.747 1935965.421 0.070266113
23.614 1941795.694 0.070089590
23.482 1947634.647 0.069915162
23.351 1953482.194 0.069742822
23.220 1959338.252 0.069572565
23.089 1965202.739 0.069404386
22.960 1971075.572 0.069238278
22.830 1976956.670 0.069074236
22.702 1982845.952 0.068912255
22.573 1988743.340 0.068752330
22.446 1994648.755 0.068594455
22.319 2000562.119 0.068438625
22.192 2006483.354 0.068284835
22.066 2012412.385 0.068133080
21.940 2018349.136 0.067983355
21.815 2024293.533 0.067835655
21.691 2030245.501 0.067689975
21.567 2036204.967 0.067546312
21.443 2042171.858 0.067404660
21.320 2048146.104 0.067265014
21.198 2054127.633 0.067127372
21.076 2060116.374 0.066991728
20.954 2066112.259 0.066858078
20.833 2072115.217 0.066726419
20.713 2078125.182 0.066596747
20.593 2084142.085 0.066469058
20.473 2090165.860 0.066343348
20.354 2096196.441 0.066219614
20.236 2102233.762 0.066097853
20.118 2108277.758 0.065978062
