20.070 2108499.752 0.066040145
20.193 2102193.426 0.066164620
20.317 2095892.326 0.066291286
20.441 2089596.507 0.066420150
20.566 2083306.024 0.066551217
20.692 2077020.932 0.066684494
20.818 2070741.287 0.066819988
20.944 2064467.147 0.066957706
21.071 2058198.568 0.067097655
21.199 2051935.610 0.067239842
21.328 2045678.331 0.067384276
21.457 2039426.789 0.067530963
21.586 2033181.046 0.067679913
21.716 2026941.162 0.067831133
21.847 2020707.198 0.067984631
21.979 2014479.217 0.068140417
22.111 2008257.280 0.068298499
22.243 2002041.453 0.068458886
22.377 1995831.798 0.068621587
22.511 1989628.380 0.068786613
22.645 1983431.266 0.068953972
22.781 1977240.522 0.069123674
22.916 1971056.214 0.069295729
23.053 1964878.410 0.069470148
23.190 1958707.180 0.069646941
23.328 1952542.592 0.069826118
23.467 1946384.717 0.070007690
23.606 1940233.625 0.070191668
23.746 1934089.388 0.070378062
23.886 1927952.079 0.070566885
24.028 1921821.771 0.070758147
24.170 1915698.539 0.070951860
24.313 1909582.457 0.071148036
24.456 1903473.601 0.071346686
24.600 1897372.049 0.071547822
24.745 1891277.877 0.071751457
24.891 1885191.164 0.071957602
25.037 1879111.990 0.072166271
25.184 1873040.435 0.072377475
25.332 1866976.580 0.072591227
25.481 1860920.508 0.072807541
25.630 1854872.301 0.073026428
25.780 1848832.044 0.073247902
25.931 1842799.822 0.073471977
26.083 1836775.721 0.073698664
26.235 1830759.827 0.073927979
26.389 1824752.229 0.074159933
26.543 1818753.016 0.074394542
26.698 1812762.279 0.074631817
26.853 1806780.107 0.074871774
27.010 1800806.594 0.075114425
27.167 1794841.832 0.075359786
27.326 1788885.917 0.075607869
27.485 1782938.943 0.075858688
27.645 1777001.007 0.076112259
27.805 1771072.207 0.076368594
27.967 1765152.641 0.076627708
28.129 1759242.410 0.076889616
28.293 1753341.614 0.077154331
28.457 1747450.356 0.077421869
28.622 1741568.740 0.077692242
28.788 1735696.870 0.077965466
28.955 1729834.853 0.078241554
29.123 1723982.795 0.078520521
29.292 1718140.804 0.078802382
29.462 1712308.991 0.079087150
29.633 1706487.467 0.079374840
29.804 1700676.343 0.079665466
29.977 1694875.735 0.079959043
30.150 1689085.755 0.080255583
30.325 1683306.521 0.080555102
30.500 1677538.151 0.080857613
30.677 1671780.763 0.081163130
30.854 1666034.479 0.081471667
31.033 1660299.418 0.081783237
31.212 1654575.706 0.082097854
31.393 1648863.467 0.082415532
31.574 1643162.827 0.082736283
31.757 1637473.913 0.083060121
31.941 1631796.855 0.083387059
32.125 1626131.783 0.083717109
32.311 1620478.830 0.084050284
32.498 1614838.129 0.084386596
32.686 1609209.816 0.084726057
32.875 1603594.028 0.085068679
33.065 1597990.902 0.085414474
33.256 1592400.580 0.085763454
33.448 1586823.202 0.086115628
33.641 1581258.912 0.086471008
33.836 1575707.856 0.086829604
34.032 1570170.179 0.087191426
34.228 1564646.031 0.087556485
34.426 1559135.561 0.087924788
34.625 1553638.921 0.088296346
34.826 1548156.265 0.088671166
35.027 1542687.748 0.089049257
35.230 1537233.528 0.089430626
35.434 1531793.763 0.089815281
35.639 1526368.614 0.090203227
35.845 1520958.243 0.090594472
36.052 1515562.816 0.090989020
36.261 1510182.499 0.091386877
36.471 1504817.459 0.091788048
36.682 1499467.867 0.092192535
36.895 1494133.894 0.092600341
37.109 1488815.716 0.093011471
37.324 1483513.508 0.093425924
37.540 1478227.448 0.093843703
37.758 1472957.715 0.094264807
37.976 1467704.492 0.094689236
38.197 1462467.962 0.095116988
38.418 1457248.312 0.095548063
38.641 1452045.729 0.095982455
38.865 1446860.405 0.096420163
39.091 1441692.529 0.096861180
39.318 1436542.298 0.097305501
39.546 1431409.907 0.097753120
39.776 1426295.556 0.098204028
40.007 1421199.443 0.098658217
40.239 1416121.773 0.099115676
40.473 1411062.750 0.099576395
40.708 1406022.581 0.100040362
40.945 1401001.476 0.100507562
41.183 1395999.645 0.100977982
41.423 1391017.303 0.101451605
41.664 1386054.666 0.101928414
41.906 1381111.952 0.102408391
42.150 1376189.380 0.102891516
42.395 1371287.174 0.103377766
42.642 1366405.558 0.103867120
42.890 1361544.760 0.104359554
43.140 1356705.008 0.104855040
43.391 1351886.535 0.105353553
43.644 1347089.574 0.105855062
43.898 1342314.361 0.106359537
44.154 1337561.135 0.106866945
44.411 1332830.137 0.107377253
44.670 1328121.609 0.107890424
44.931 1323435.797 0.108406421
45.193 1318772.948 0.108925204
45.456 1314133.312 0.109446732
45.721 1309517.141 0.109970960
45.988 1304924.690 0.110497844
46.256 1300356.215 0.111027336
46.525 1295811.974 0.111559386
46.797 1291292.230 0.112093943
47.069 1286797.245 0.112630952
47.344 1282327.284 0.113170358
47.620 1277882.617 0.113712102
47.897 1273463.511 0.114256124
48.177 1269070.241 0.114802361
48.457 1264703.079 0.115350747
48.740 1260362.303 0.115901214
49.024 1256048.190 0.116453694
49.309 1251761.023 0.117008112
49.596 1247501.082 0.117564395
49.885 1243268.654 0.118122463
50.175 1239064.024 0.118682238
50.467 1234887.482 0.119243636
50.761 1230739.319 0.119806572
51.056 1226619.827 0.120370957
51.352 1222529.301 0.120936702
51.651 1218468.037 0.121503711
51.950 1214436.333 0.122071890
52.252 1210434.490 0.122641138
52.555 1206462.809 0.123211354
52.859 1202521.593 0.123782434
53.165 1198611.149 0.124354269
53.473 1194731.782 0.124926750
53.782 1190883.800 0.125499762
54.093 1187067.514 0.126073191
54.405 1183283.234 0.126646917
54.719 1179531.273 0.127220818
55.034 1175811.945 0.127794770
55.351 1172125.564 0.128368645
55.669 1168472.447 0.128942312
55.989 1164852.910 0.129515638
56.310 1161267.272 0.130088487
56.632 1157715.852 0.130660720
56.956 1154198.971 0.131232195
57.281 1150716.948 0.131802767
57.608 1147270.105 0.132372290
57.936 1143858.765 0.132940612
58.265 1140483.249 0.133507581
58.596 1137143.881 0.134073041
58.928 1133840.984 0.134636834
59.261 1130574.882 0.135198800
59.595 1127345.897 0.135758775
59.931 1124154.354 0.136316594
60.268 1121000.577 0.136872088
60.605 1117884.887 0.137425086
60.944 1114807.609 0.137975417
61.284 1111769.065 0.138522904
61.625 1108769.577 0.139067372
61.967 1105809.467 0.139608640
62.309 1102889.053 0.140146529
62.653 1100008.658 0.140680854
62.997 1097168.598 0.141211432
63.342 1094369.191 0.141738075
63.688 1091610.753 0.142260597
64.034 1088893.600 0.142778808
64.381 1086218.043 0.143292517
64.728 1083584.394 0.143801533
65.076 1080992.962 0.144305663
65.424 1078444.055 0.144804714
65.772 1075937.978 0.145298491
66.120 1073475.034 0.145786798
66.469 1071055.524 0.146269442
66.817 1068679.744 0.146746225
67.165 1066347.991 0.147216953
67.513 1064060.556 0.147681428
67.860 1061817.729 0.148139456
68.207 1059619.795 0.148590840
68.554 1057467.037 0.149035387
68.899 1055359.734 0.149472901
69.244 1053298.162 0.149903190
69.588 1051282.591 0.150326060
69.930 1049313.289 0.150741322
70.271 1047390.519 0.151148786
70.610 1045514.541 0.151548262
70.948 1043685.609 0.151939566
71.283 1041903.974 0.152322513
71.616 1040169.879 0.152696921
71.947 1038483.565 0.153062610
72.275 1036845.268 0.153419404
72.600 1035255.217 0.153767128
72.922 1033713.637 0.154105610
73.240 1032220.748 0.154434683
73.554 1030776.761 0.154754181
73.864 1029381.885 0.155063944
74.169 1028036.322 0.155363813
74.469 1026740.266 0.155653636
74.764 1025493.908 0.155933263
75.053 1024297.429 0.156202548
75.336 1023151.008 0.156461351
75.612 1022054.812 0.156709536
75.881 1021009.006 0.156946971
76.142 1020013.746 0.157173530
76.395 1019069.182 0.157389091
76.639 1018175.454 0.157593540
76.873 1017332.699 0.157786765
77.098 1016541.044 0.157968661
77.311 1015800.610 0.158139130
77.513 1015111.510 0.158298078
77.704 1014473.849 0.158445418
77.881 1013887.725 0.158581068
78.046 1013353.229 0.158704954
78.196 1012870.443 0.158817007
78.333 1012439.441 0.158917164
78.454 1012060.290 0.159005369
78.559 1011733.049 0.159081574
78.649 1011457.769 0.159145735
78.722 1011234.493 0.159197817
78.778 1011063.255 0.159237791
78.818 1010944.083 0.159265633
78.840 1010876.995 0.159281329
78.844 1010862.001 0.159284869
78.832 1010899.104 0.159276252
78.802 1010988.299 0.159255482
78.754 1011129.571 0.159222571
78.690 1011322.898 0.159177537
78.610 1011568.252 0.159120406
78.513 1011865.593 0.159051210
78.400 1012214.876 0.158969988
78.272 1012616.046 0.158876785
78.129 1013069.042 0.158771652
77.972 1013573.794 0.158654649
77.801 1014130.223 0.158525841
77.618 1014738.245 0.158385299
77.422 1015397.767 0.158233100
77.214 1016108.686 0.158069329
76.996 1016870.896 0.157894075
76.766 1017684.279 0.157707434
76.528 1018548.713 0.157509507
76.280 1019464.066 0.157300402
76.023 1020430.201 0.157080232
75.758 1021446.973 0.156849114
75.486 1022514.230 0.156607172
75.207 1023631.812 0.156354535
74.921 1024799.553 0.156091336
74.629 1026017.282 0.155817712
74.331 1027284.820 0.155533807
74.029 1028601.980 0.155239767
73.721 1029968.571 0.154935744
73.409 1031384.396 0.154621893
73.093 1032849.249 0.154298373
72.773 1034362.922 0.153965348
72.450 1035925.199 0.153622982
72.123 1037535.858 0.153271446
71.794 1039194.674 0.152910913
71.462 1040901.413 0.152541557
71.128 1042655.839 0.152163557
70.791 1044457.709 0.151777094
70.453 1046306.777 0.151382350
70.113 1048202.791 0.150979511
69.771 1050145.494 0.150568763
69.428 1052134.627 0.150150296
69.084 1054169.923 0.149724300
68.739 1056251.114 0.149290966
68.393 1058377.926 0.148850487
68.046 1060550.084 0.148403056
67.699 1062767.307 0.147948869
67.351 1065029.310 0.147488120
67.003 1067335.807 0.147021006
66.655 1069686.508 0.146547721
66.306 1072081.119 0.146068462
65.958 1074519.343 0.145583424
65.609 1077000.883 0.145092804
65.261 1079525.437 0.144596797
64.913 1082092.700 0.144095597
64.566 1084702.367 0.143589399
64.219 1087354.131 0.143078395
63.872 1090047.679 0.142562779
63.526 1092782.702 0.142042740
63.180 1095558.885 0.141518471
62.836 1098375.913 0.140990158
62.492 1101233.469 0.140457989
62.148 1104131.237 0.139922150
61.806 1107068.896 0.139382825
61.465 1110046.127 0.138840196
61.124 1113062.609 0.138294443
60.785 1116118.021 0.137745745
60.446 1119212.041 0.137194277
60.109 1122344.345 0.136640214
59.773 1125514.611 0.136083728
59.438 1128722.516 0.135524988
59.104 1131967.735 0.134964161
58.771 1135249.946 0.134401412
58.440 1138568.825 0.133836903
58.110 1141924.049 0.133270794
57.781 1145315.294 0.132703243
57.453 1148742.238 0.132134403
57.127 1152204.558 0.131564426
56.802 1155701.933 0.130993462
56.479 1159234.042 0.130421656
56.157 1162800.564 0.129849152
55.836 1166401.180 0.129276091
55.517 1170035.570 0.128702611
55.200 1173703.418 0.128128846
54.884 1177404.407 0.127554929
54.569 1181138.221 0.126980990
54.256 1184904.545 0.126407154
53.944 1188703.066 0.125833545
53.634 1192533.474 0.125260284
53.325 1196395.456 0.124687488
53.018 1200288.705 0.124115273
52.713 1204212.912 0.123543751
52.409 1208167.772 0.122973030
52.107 1212152.980 0.122403217
51.806 1216168.233 0.121834416
51.507 1220213.231 0.121266727
51.209 1224287.675 0.120700248
50.913 1228391.266 0.120135075
50.619 1232523.709 0.119571299
50.326 1236684.711 0.119009011
50.035 1240873.979 0.118448298
49.745 1245091.224 0.117889244
49.457 1249336.158 0.117331930
49.170 1253608.494 0.116776436
549227.088 0.536
557418.982 0.526
565610.322 0.516
573801.100 0.506
581991.306 0.496
590180.934 0.487
598369.975 0.477
606558.421 0.468
614746.263 0.460
622933.494 0.451
631120.105 0.442
639306.088 0.434
647491.436 0.426
655676.139 0.418
663860.191 0.411
672043.581 0.403
680226.304 0.396
688408.350 0.389
696589.711 0.382
704770.379 0.375
712950.346 0.368
721129.604 0.362
729308.145 0.355
737485.960 0.349
745663.042 0.343
753839.382 0.337
762014.972 0.331
770189.804 0.326
778363.870 0.320
786537.162 0.315
794709.671 0.309
802881.390 0.304
811052.311 0.299
819222.424 0.294
827391.723 0.289
835560.199 0.285
843727.844 0.280
851894.649 0.276
860060.607 0.271
868225.710 0.267
876389.949 0.263
884553.316 0.259
892715.803 0.255
900877.402 0.251
909038.106 0.247
917197.905 0.243
925356.791 0.239
933514.758 0.236
941671.795 0.232
949827.896 0.229
957983.053 0.225
966137.256 0.222
974290.498 0.219
982442.772 0.216
990594.068 0.212
998744.378 0.209
1006893.695 0.206
1015042.011 0.203
1023189.317 0.201
1031335.605 0.198
1039480.868 0.195
1047625.096 0.192
1055768.283 0.190
1063910.419 0.187
1072051.497 0.185
1080191.508 0.182
1088330.446 0.180
1096468.300 0.177
1104605.064 0.175
1112740.729 0.173
1120875.288 0.170
1129008.731 0.168
1137141.052 0.166
1145272.241 0.164
1153402.291 0.162
1161531.194 0.160
1169658.941 0.158
1177785.525 0.156
1185910.938 0.154
1194035.171 0.152
1202158.216 0.150
1210280.065 0.148
1218400.711 0.146
1226520.144 0.144
42.042 1377886.157 0.102739386
42.118 1376366.361 0.102888826
42.192 1374882.775 0.103035175
42.265 1373435.519 0.103178387
42.336 1372024.707 0.103318421
42.405 1370650.454 0.103455232
42.473 1369312.871 0.103588779
42.539 1368012.067 0.103719020
42.604 1366748.148 0.103845914
42.666 1365521.217 0.103969422
42.727 1364331.375 0.104089505
42.786 1363178.719 0.104206124
42.844 1362063.347 0.104319244
42.899 1360985.349 0.104428827
42.953 1359944.815 0.104534838
43.005 1358941.833 0.104637244
43.056 1357976.487 0.104736011
43.104 1357048.856 0.104831107
43.150 1356159.020 0.104922501
43.195 1355307.053 0.105010163
43.238 1354493.028 0.105094064
43.278 1353717.013 0.105174178
43.317 1352979.075 0.105250476
43.354 1352279.275 0.105322935
43.389 1351617.674 0.105391529
43.422 1350994.328 0.105456236
43.453 1350409.290 0.105517035
43.482 1349862.611 0.105573904
43.509 1349354.337 0.105626825
43.535 1348884.512 0.105675780
43.558 1348453.176 0.105720753
43.579 1348060.366 0.105761728
43.598 1347706.116 0.105798692
43.615 1347390.457 0.105831631
43.630 1347113.415 0.105860535
43.643 1346875.013 0.105885393
43.654 1346675.274 0.105906199
43.663 1346514.213 0.105922943
43.669 1346391.844 0.105935621
43.674 1346308.177 0.105944228
43.677 1346263.220 0.105948761
43.677 1346256.976 0.105949219
43.676 1346289.445 0.105945601
43.673 1346360.623 0.105937909
43.667 1346470.505 0.105926146
43.660 1346619.080 0.105910314
43.650 1346806.335 0.105890421
43.638 1347032.253 0.105866471
43.625 1347296.813 0.105838474
43.609 1347599.994 0.105806440
43.591 1347941.766 0.105770378
43.571 1348322.102 0.105730300
43.550 1348740.966 0.105686222
43.526 1349198.323 0.105638157
43.500 1349694.132 0.105586121
43.472 1350228.350 0.105530133
43.442 1350800.930 0.105470210
43.411 1351411.823 0.105406373
43.377 1352060.976 0.105338644
43.341 1352748.331 0.105267044
43.304 1353473.831 0.105191598
43.264 1354237.412 0.105112330
43.223 1355039.009 0.105029267
43.179 1355878.553 0.104942436
43.134 1356755.973 0.104851865
43.087 1357671.192 0.104757585
43.038 1358624.135 0.104659625
42.987 1359614.719 0.104558019
42.935 1360642.861 0.104452797
42.880 1361708.475 0.104343995
42.824 1362811.471 0.104231647
42.766 1363951.757 0.104115790
42.706 1365129.237 0.103996459
42.645 1366343.813 0.103873693
42.581 1367595.386 0.103747531
42.516 1368883.852 0.103618011
42.450 1370209.104 0.103485175
42.382 1371571.035 0.103349063
42.312 1372969.533 0.103209717
42.240 1374404.485 0.103067181
42.167 1375875.774 0.102921497
42.092 1377383.283 0.102772710
42.016 1378926.890 0.102620865
41.938 1380506.472 0.102466007
41.859 1382121.903 0.102308182
41.778 1383773.056 0.102147436
41.696 1385459.801 0.101983818
41.612 1387182.006 0.101817375
41.527 1388939.536 0.101648154
41.440 1390732.255 0.101476205
41.352 1392560.025 0.101301577
41.263 1394422.706 0.101124320
41.173 1396320.155 0.100944482
41.081 1398252.228 0.100762115
40.987 1400218.780 0.100577269
40.893 1402219.663 0.100389995
40.797 1404254.727 0.100200344
40.700 1406323.821 0.100008366
40.602 1408426.794 0.099814115
40.503 1410563.489 0.099617641
40.402 1412733.752 0.099418996
40.301 1414937.426 0.099218232
40.198 1417174.351 0.099015402
40.095 1419444.367 0.098810556
39.990 1421747.314 0.098603748
39.884 1424083.028 0.098395030
39.777 1426451.345 0.098184453
39.669 1428852.101 0.097972070
39.560 1431285.129 0.097757933
39.451 1433750.261 0.097542093
39.340 1436247.329 0.097324603
39.229 1438776.164 0.097105513
39.116 1441336.595 0.096884877
39.003 1443928.451 0.096662745
38.889 1446551.560 0.096439168
38.774 1449205.748 0.096214197
38.658 1451890.842 0.095987883
38.542 1454606.668 0.095760277
38.425 1457353.049 0.095531428
38.307 1460129.811 0.095301387
38.188 1462936.777 0.095070203
38.069 1465773.769 0.094837925
37.949 1468640.610 0.094604603
37.829 1471537.123 0.094370284
37.707 1474463.128 0.094135018
37.586 1477418.448 0.093898851
37.463 1480402.901 0.093661832
37.340 1483416.310 0.093424008
37.217 1486458.493 0.093185424
37.093 1489529.272 0.092946127
36.969 1492628.466 0.092706163
36.844 1495755.894 0.092465577
36.718 1498911.375 0.092224414
36.592 1502094.730 0.091982719
36.466 1505305.777 0.091740534
36.339 1508544.335 0.091497903
36.212 1511810.224 0.091254869
36.085 1515103.263 0.091011475
35.957 1518423.272 0.090767762
35.829 1521770.068 0.090523771
35.700 1525143.473 0.090279543
35.572 1528543.306 0.090035119
35.443 1531969.387 0.089790538
35.313 1535421.536 0.089545839
35.184 1538899.572 0.089301060
35.054 1542403.318 0.089056240
34.924 1545932.593 0.088811416
34.793 1549487.220 0.088566625
34.663 1553067.019 0.088321904
34.532 1556671.812 0.088077287
34.401 1560301.423 0.087832811
34.270 1563955.673 0.087588510
34.139 1567634.387 0.087344417
34.007 1571337.387 0.087100567
33.876 1575064.498 0.086856993
33.744 1578815.545 0.086613727
33.613 1582590.352 0.086370800
33.481 1586388.747 0.086128244
33.349 1590210.554 0.085886089
33.217 1594055.602 0.085644367
33.085 1597923.718 0.085403106
32.953 1601814.729 0.085162335
32.821 1605728.465 0.084922083
32.689 1609664.756 0.084682377
32.557 1613623.431 0.084443246
32.425 1617604.321 0.084204716
32.293 1621607.259 0.083966813
32.161 1625632.075 0.083729564
32.029 1629678.605 0.083492992
31.897 1633746.680 0.083257124
31.765 1637836.136 0.083021983
31.633 1641946.808 0.082787593
31.501 1646078.532 0.082553976
31.369 1650231.146 0.082321157
31.238 1654404.486 0.082089156
31.106 1658598.392 0.081857996
30.975 1662812.703 0.081627698
30.843 1667047.258 0.081398282
30.712 1671301.900 0.081169769
30.581 1675576.469 0.080942178
30.450 1679870.809 0.080715529
30.319 1684184.764 0.080489840
30.188 1688518.177 0.080265130
30.058 1692870.895 0.080041417
29.927 1697242.763 0.079818717
29.797 1701633.629 0.079597050
29.667 1706043.340 0.079376429
29.537 1710471.747 0.079156873
29.407 1714918.698 0.078938397
29.278 1719384.044 0.078721015
29.148 1723867.638 0.078504744
29.019 1728369.332 0.078289597
28.890 1732888.979 0.078075589
28.761 1737426.435 0.077862734
28.633 1741981.554 0.077651045
28.504 1746554.192 0.077440534
28.376 1751144.208 0.077231215
28.248 1755751.459 0.077023100
28.120 1760375.805 0.076816201
27.993 1765017.106 0.076610530
27.866 1769675.223 0.076406097
27.739 1774350.018 0.076202915
27.612 1779041.353 0.076000992
27.486 1783749.094 0.075800341
27.359 1788473.104 0.075600970
27.233 1793213.250 0.075402890
27.108 1797969.399 0.075206110
26.982 1802741.417 0.075010639
26.857 1807529.174 0.074816486
26.732 1812332.540 0.074623660
26.607 1817151.384 0.074432168
26.483 1821985.579 0.074242019
26.359 1826834.997 0.074053221
26.235 1831699.511 0.073865781
26.111 1836578.995 0.073679707
25.988 1841473.326 0.073495006
25.865 1846382.378 0.073311683
25.742 1851306.029 0.073129747
25.620 1856244.158 0.072949204
25.498 1861196.642 0.072770059
25.376 1866163.362 0.072592318
25.254 1871144.199 0.072415989
25.133 1876139.035 0.072241075
25.012 1881147.751 0.072067582
24.891 1886170.232 0.071895517
24.771 1891206.362 0.071724883
24.651 1896256.026 0.071555685
24.531 1901319.111 0.071387929
24.412 1906395.503 0.071221619
24.293 1911485.091 0.071056759
24.174 1916587.764 0.070893354
24.055 1921703.411 0.070731407
23.937 1926831.923 0.070570923
23.819 1931973.191 0.070411905
23.701 1937127.109 0.070254358
23.584 1942293.568 0.070098285
23.467 1947472.464 0.069943688
23.350 1952663.691 0.069790573
23.234 1957867.146 0.069638941
23.118 1963082.724 0.069488797
23.002 1968310.323 0.069340143
22.887 1973549.842 0.069192982
22.772 1978801.180 0.069047318
22.657 1984064.237 0.068903152
22.542 1989338.913 0.068760489
22.428 1994625.111 0.068619330
22.314 1999922.733 0.068479677
22.201 2005231.681 0.068341535
22.088 2010551.861 0.068204905
21.975 2015883.176 0.068069789
21.862 2021225.533 0.067936191
21.750 2026578.839 0.067804112
21.638 2031942.999 0.067673555
21.526 2037317.923 0.067544522
21.415 2042703.519 0.067417015
21.304 2048099.696 0.067291037
21.193 2053506.365 0.067166590
21.083 2058923.437 0.067043677
20.973 2064350.823 0.066922298
20.863 2069788.437 0.066802457
20.754 2075236.191 0.066684156
20.644 2080694.000 0.066567396
20.536 2086161.777 0.066452181
20.427 2091639.440 0.066338512
20.319 2097126.903 0.066226392
20.211 2102624.083 0.066115823
20.103 2108130.899 0.066006807
