20.061 2107805.073 0.066088648
20.179 2101724.485 0.066208711
20.299 2095650.516 0.066330779
20.419 2089583.228 0.066454854
20.539 2083522.687 0.066580939
20.660 2077468.960 0.066709039
20.781 2071422.112 0.066839158
20.903 2065382.211 0.066971298
21.025 2059349.324 0.067105465
21.148 2053323.520 0.067241661
21.271 2047304.868 0.067379893
21.395 2041293.438 0.067520162
21.519 2035289.302 0.067662476
21.644 2029292.529 0.067806837
21.769 2023303.193 0.067953251
21.895 2017321.366 0.068101723
22.021 2011347.121 0.068252257
22.148 2005380.534 0.068404859
22.276 1999421.680 0.068559534
22.404 1993470.633 0.068716288
22.532 1987527.472 0.068875125
22.661 1981592.274 0.069036051
22.791 1975665.116 0.069199071
22.921 1969746.079 0.069364192
23.052 1963835.242 0.069531420
23.183 1957932.686 0.069700759
23.315 1952038.492 0.069872216
23.447 1946152.743 0.070045797
23.580 1940275.523 0.070221508
23.714 1934406.916 0.070399355
23.848 1928547.007 0.070579343
23.983 1922695.881 0.070761481
24.118 1916853.627 0.070945772
24.254 1911020.331 0.071132225
24.390 1905196.083 0.071320845
24.527 1899380.971 0.071511638
24.665 1893575.087 0.071704612
24.803 1887778.523 0.071899771
24.942 1881991.371 0.072097124
25.082 1876213.723 0.072296676
25.222 1870445.676 0.072498433
25.362 1864687.324 0.072702403
25.504 1858938.763 0.072908591
25.646 1853200.092 0.073117004
25.788 1847471.409 0.073327648
25.931 1841752.812 0.073540531
26.075 1836044.404 0.073755657
26.220 1830346.285 0.073973035
26.365 1824658.559 0.074192669
26.511 1818981.328 0.074414565
26.657 1813314.698 0.074638732
26.804 1807658.775 0.074865173
26.952 1802013.666 0.075093896
27.100 1796379.479 0.075324907
27.249 1790756.323 0.075558210
27.399 1785144.309 0.075793813
27.549 1779543.548 0.076031721
27.700 1773954.154 0.076271939
27.852 1768376.240 0.076514472
28.004 1762809.921 0.076759327
28.157 1757255.314 0.077006509
28.311 1751712.536 0.077256021
28.465 1746181.706 0.077507871
28.620 1740662.944 0.077762061
28.776 1735156.371 0.078018597
28.933 1729662.110 0.078277484
29.090 1724180.285 0.078538725
29.248 1718711.019 0.078802324
29.406 1713254.441 0.079068286
29.565 1707810.677 0.079336613
29.725 1702379.857 0.079607310
29.886 1696962.110 0.079880379
30.048 1691557.568 0.080155823
30.210 1686166.365 0.080433645
30.373 1680788.634 0.080713847
30.536 1675424.511 0.080996432
30.701 1670074.134 0.081281400
30.866 1664737.640 0.081568754
31.031 1659415.169 0.081858494
31.198 1654106.863 0.082150621
31.365 1648812.865 0.082445136
31.533 1643533.318 0.082742039
31.702 1638268.367 0.083041329
31.871 1633018.161 0.083343006
32.041 1627782.847 0.083647068
32.212 1622562.575 0.083953514
32.384 1617357.497 0.084262342
32.557 1612167.766 0.084573550
32.730 1606993.535 0.084887134
32.904 1601834.961 0.085203091
33.078 1596692.202 0.085521418
33.254 1591565.416 0.085842109
33.430 1586454.763 0.086165160
33.607 1581360.406 0.086490566
33.785 1576282.509 0.086818320
33.963 1571221.236 0.087148416
34.142 1566176.755 0.087480846
34.322 1561149.232 0.087815603
34.503 1556138.840 0.088152678
34.685 1551145.748 0.088492062
34.867 1546170.130 0.088833745
35.050 1541212.161 0.089177716
35.234 1536272.018 0.089523965
35.418 1531349.877 0.089872480
35.603 1526445.918 0.090223247
35.789 1521560.324 0.090576253
35.976 1516693.275 0.090931484
36.164 1511844.958 0.091288925
36.352 1507015.558 0.091648561
36.541 1502205.262 0.092010373
36.731 1497414.261 0.092374345
36.921 1492642.745 0.092740458
37.112 1487890.907 0.093108692
37.304 1483158.941 0.093479028
37.497 1478447.044 0.093851444
37.690 1473755.412 0.094225918
37.884 1469084.245 0.094602426
38.079 1464433.744 0.094980943
38.275 1459804.113 0.095361446
38.471 1455195.553 0.095743907
38.668 1450608.273 0.096128299
38.866 1446042.479 0.096514593
39.064 1441498.381 0.096902759
39.263 1436976.188 0.097292768
39.463 1432476.115 0.097684585
39.663 1427998.374 0.098078180
39.864 1423543.181 0.098473516
40.066 1419110.754 0.098870558
40.268 1414701.311 0.099269270
40.471 1410315.072 0.099669613
40.675 1405952.261 0.100071548
40.879 1401613.099 0.100475033
41.084 1397297.812 0.100880027
41.289 1393006.628 0.101286487
41.495 1388739.773 0.101694367
41.702 1384497.478 0.102103621
41.909 1380279.973 0.102514202
42.117 1376087.491 0.102926061
42.325 1371920.266 0.103339146
42.534 1367778.533 0.103753406
42.743 1363662.529 0.104168788
42.953 1359572.493 0.104585237
43.163 1355508.663 0.105002696
43.374 1351471.281 0.105421107
43.585 1347460.588 0.105840410
43.796 1343476.829 0.106260546
44.008 1339520.247 0.106681451
44.221 1335591.088 0.107103060
44.434 1331689.600 0.107525309
44.647 1327816.030 0.107948130
44.860 1323970.628 0.108371454
45.074 1320153.644 0.108795210
45.288 1316365.330 0.109219327
45.502 1312605.937 0.109643731
45.716 1308875.719 0.110068346
45.931 1305174.930 0.110493096
46.146 1301503.825 0.110917902
46.361 1297862.660 0.111342683
46.576 1294251.692 0.111767359
46.791 1290671.177 0.112191846
47.007 1287121.374 0.112616058
47.222 1283602.542 0.113039910
47.437 1280114.940 0.113463314
47.652 1276658.826 0.113886179
47.868 1273234.463 0.114308414
48.083 1269842.109 0.114729927
48.298 1266482.026 0.115150623
48.513 1263154.474 0.115570408
48.727 1259859.716 0.115989182
48.942 1256598.013 0.116406849
49.156 1253369.626 0.116823307
49.370 1250174.817 0.117238455
49.583 1247013.847 0.117652190
49.796 1243886.977 0.118064409
50.008 1240794.469 0.118475004
50.220 1237736.584 0.118883871
50.432 1234713.582 0.119290900
50.643 1231725.723 0.119695982
50.853 1228773.266 0.120099007
51.062 1225856.471 0.120499863
51.271 1222975.595 0.120898438
51.479 1220130.897 0.121294618
51.686 1217322.633 0.121688289
51.892 1214551.058 0.122079334
52.098 1211816.427 0.122467639
52.302 1209118.994 0.122853085
52.505 1206459.011 0.123235554
52.707 1203836.729 0.123614930
52.907 1201252.397 0.123991091
53.107 1198706.265 0.124363919
53.305 1196198.577 0.124733293
53.501 1193729.580 0.125099093
53.696 1191299.517 0.125461198
53.890 1188908.628 0.125819488
54.082 1186557.153 0.126173840
54.272 1184245.329 0.126524134
54.461 1181973.392 0.126870248
54.648 1179741.573 0.127212061
54.832 1177550.104 0.127549452
55.015 1175399.212 0.127882301
55.196 1173289.123 0.128210486
55.374 1171220.060 0.128533889
55.551 1169192.241 0.128852388
55.725 1167205.885 0.129165867
55.897 1165261.205 0.129474206
56.066 1163358.413 0.129777288
56.233 1161497.715 0.130074997
56.397 1159679.318 0.130367218
56.558 1157903.420 0.130653836
56.717 1156170.222 0.130934738
56.873 1154479.915 0.131209813
57.026 1152832.692 0.131478950
57.175 1151228.737 0.131742041
57.322 1149668.235 0.131998977
57.466 1148151.363 0.132249654
57.606 1146678.296 0.132493968
57.743 1145249.205 0.132731817
57.876 1143864.256 0.132963102
58.006 1142523.611 0.133187724
58.133 1141227.427 0.133405587
58.255 1139975.857 0.133616600
58.374 1138769.049 0.133820670
58.489 1137607.148 0.134017710
58.601 1136490.291 0.134207634
58.708 1135418.612 0.134390357
58.811 1134392.242 0.134565801
58.910 1133411.303 0.134733887
59.005 1132475.915 0.134894540
59.096 1131586.191 0.135047689
59.182 1130742.240 0.135193265
59.264 1129944.165 0.135331202
59.341 1129192.064 0.135461438
59.414 1128486.031 0.135583914
59.483 1127826.150 0.135698574
59.547 1127212.506 0.135805365
59.606 1126645.172 0.135904239
59.660 1126124.221 0.135995150
59.710 1125649.715 0.136078057
59.755 1125221.716 0.136152920
59.795 1124840.275 0.136219705
59.830 1124505.440 0.136278382
59.861 1124217.254 0.136328923
59.886 1123975.752 0.136371305
59.907 1123780.964 0.136405507
59.923 1123632.915 0.136431514
59.933 1123531.623 0.136449314
59.939 1123477.100 0.136458898
59.940 1123469.353 0.136460263
59.936 1123508.384 0.136453406
59.927 1123594.185 0.136438333
59.913 1123726.748 0.136415049
59.894 1123906.054 0.136383567
59.870 1124132.082 0.136343899
59.841 1124404.801 0.136296066
59.807 1124724.178 0.136240089
59.769 1125090.173 0.136175994
59.725 1125502.739 0.136103812
59.677 1125961.824 0.136023575
59.624 1126467.371 0.135935322
59.567 1127019.316 0.135839092
59.504 1127617.591 0.135734930
59.437 1128262.121 0.135622885
59.366 1128952.825 0.135503007
59.290 1129689.618 0.135375351
59.209 1130472.409 0.135239975
59.125 1131301.101 0.135096941
59.035 1132175.592 0.134946313
58.942 1133095.775 0.134788159
58.844 1134061.537 0.134622550
58.742 1135072.761 0.134449560
58.636 1136129.324 0.134269265
58.526 1137231.099 0.134081746
58.413 1138377.951 0.133887083
58.295 1139569.745 0.133685364
58.173 1140806.336 0.133476674
58.048 1142087.579 0.133261105
57.919 1143413.322 0.133038748
57.787 1144783.408 0.132809699
57.651 1146197.676 0.132574055
57.512 1147655.961 0.132331914
57.370 1149158.093 0.132083379
57.224 1150703.900 0.131828551
57.075 1152293.204 0.131567537
25.945 1839649.487 0.073663482
26.052 1835447.248 0.073822068
26.158 1831263.411 0.073981385
26.264 1827098.107 0.074141420
26.370 1822951.466 0.074302157
26.476 1818823.622 0.074463583
26.582 1814714.707 0.074625682
26.688 1810624.854 0.074788439
26.794 1806554.197 0.074951839
26.900 1802502.869 0.075115866
27.006 1798471.006 0.075280504
27.112 1794458.744 0.075445737
27.218 1790466.218 0.075611548
27.324 1786493.564 0.075777920
27.430 1782540.920 0.075944836
27.536 1778608.423 0.076112279
27.642 1774696.212 0.076280232
27.747 1770804.424 0.076448675
27.853 1766933.198 0.076617591
27.958 1763082.675 0.076786962
28.064 1759252.994 0.076956768
28.169 1755444.295 0.077126991
28.274 1751656.720 0.077297611
28.379 1747890.409 0.077468608
28.484 1744145.504 0.077639962
28.589 1740422.147 0.077811653
28.694 1736720.481 0.077983660
28.798 1733040.648 0.078155963
28.903 1729382.791 0.078328540
29.007 1725747.055 0.078501369
29.111 1722133.582 0.078674430
29.215 1718542.518 0.078847699
29.318 1714974.006 0.079021154
29.422 1711428.191 0.079194773
29.525 1707905.218 0.079368533
29.628 1704405.233 0.079542409
29.731 1700928.380 0.079716379
29.834 1697474.807 0.079890419
29.936 1694044.657 0.080064504
30.038 1690638.078 0.080238610
30.140 1687255.216 0.080412712
30.241 1683896.218 0.080586785
30.343 1680561.229 0.080760803
30.443 1677250.396 0.080934741
30.544 1673963.866 0.081108573
30.644 1670701.786 0.081282273
30.744 1667464.302 0.081455814
30.844 1664251.562 0.081629169
30.943 1661063.712 0.081802311
31.042 1657900.898 0.081975213
31.141 1654763.269 0.082147847
31.239 1651650.969 0.082320185
31.337 1648564.147 0.082492200
31.434 1645502.948 0.082663862
31.531 1642467.519 0.082835143
31.627 1639458.006 0.083006015
31.724 1636474.555 0.083176448
31.819 1633517.311 0.083346412
31.914 1630586.421 0.083515879
32.009 1627682.029 0.083684818
32.103 1624804.281 0.083853200
32.197 1621953.321 0.084020993
32.290 1619129.293 0.084188169
32.383 1616332.342 0.084354695
32.475 1613562.611 0.084520543
32.566 1610820.242 0.084685679
32.657 1608105.380 0.084850074
32.748 1605418.166 0.085013696
32.837 1602758.742 0.085176513
32.927 1600127.248 0.085338495
33.015 1597523.826 0.085499609
33.103 1594948.616 0.085659824
33.191 1592401.756 0.085819107
33.277 1589883.386 0.085977427
33.363 1587393.644 0.086134751
33.449 1584932.666 0.086291048
33.533 1582500.590 0.086446284
33.617 1580097.552 0.086600429
33.700 1577723.685 0.086753449
33.783 1575379.125 0.086905311
33.864 1573064.005 0.087055984
33.945 1570778.457 0.087205436
34.025 1568522.613 0.087353633
34.105 1566296.602 0.087500543
34.183 1564100.555 0.087646134
34.261 1561934.600 0.087790373
34.338 1559798.865 0.087933229
34.414 1557693.475 0.088074668
34.489 1555618.556 0.088214660
34.564 1553574.231 0.088353171
34.637 1551560.625 0.088490170
34.709 1549577.857 0.088625625
34.781 1547626.050 0.088759504
34.852 1545705.321 0.088891776
34.922 1543815.788 0.089022409
34.990 1541957.568 0.089151373
35.058 1540130.777 0.089278635
35.125 1538335.526 0.089404166
35.191 1536571.930 0.089527935
35.256 1534840.097 0.089649912
35.320 1533140.139 0.089770066
35.383 1531472.161 0.089888367
35.444 1529836.270 0.090004787
35.505 1528232.572 0.090119296
35.565 1526661.167 0.090231864
35.623 1525122.159 0.090342464
35.681 1523615.646 0.090451068
35.737 1522141.725 0.090557646
35.792 1520700.494 0.090662173
35.846 1519292.046 0.090764620
35.899 1517916.473 0.090864961
35.951 1516573.867 0.090963171
36.002 1515264.316 0.091059222
36.051 1513987.906 0.091153090
36.100 1512744.723 0.091244749
36.147 1511534.850 0.091334176
36.193 1510358.367 0.091421346
36.238 1509215.354 0.091506235
36.281 1508105.888 0.091588822
36.323 1507030.043 0.091669083
36.364 1505987.892 0.091746996
36.404 1504979.507 0.091822541
36.442 1504004.955 0.091895697
36.480 1503064.303 0.091966443
36.516 1502157.616 0.092034760
36.550 1501284.956 0.092100629
36.584 1500446.382 0.092164031
36.616 1499641.952 0.092224950
36.646 1498871.723 0.092283368
36.676 1498135.746 0.092339268
36.704 1497434.073 0.092392635
36.731 1496766.752 0.092443454
36.756 1496133.831 0.092491710
36.780 1495535.352 0.092537390
36.803 1494971.357 0.092580482
36.824 1494441.886 0.092620971
36.844 1493946.975 0.092658848
36.863 1493486.659 0.092694101
36.880 1493060.970 0.092726720
36.896 1492669.938 0.092756695
36.910 1492313.590 0.092784019
36.923 1491991.951 0.092808684
36.935 1491705.043 0.092830681
36.945 1491452.886 0.092850005
36.954 1491235.497 0.092866651
36.962 1491052.893 0.092880613
36.968 1490905.084 0.092891888
36.973 1490792.082 0.092900472
36.976 1490713.893 0.092906362
36.978 1490670.524 0.092909558
36.979 1490661.976 0.092910057
36.978 1490688.250 0.092907861
36.976 1490749.344 0.092902969
36.972 1490845.252 0.092895383
36.967 1490975.968 0.092885104
36.961 1491141.482 0.092872137
36.953 1491341.782 0.092856485
36.943 1491576.852 0.092838152
36.933 1491846.676 0.092817143
36.921 1492151.235 0.092793465
36.907 1492490.506 0.092767125
36.893 1492864.464 0.092738129
36.877 1493273.083 0.092706486
36.859 1493716.334 0.092672206
36.840 1494194.185 0.092635297
36.820 1494706.601 0.092595771
36.798 1495253.546 0.092553639
36.775 1495834.981 0.092508912
36.751 1496450.865 0.092461604
36.725 1497101.155 0.092411728
36.698 1497785.804 0.092359297
36.670 1498504.763 0.092304328
36.640 1499257.983 0.092246834
36.609 1500045.411 0.092186832
36.577 1500866.991 0.092124339
36.544 1501722.666 0.092059373
36.509 1502612.376 0.091991951
36.473 1503536.060 0.091922092
36.435 1504493.653 0.091849815
36.396 1505485.089 0.091775140
36.356 1506510.300 0.091698089
36.315 1507569.216 0.091618681
36.273 1508661.764 0.091536938
36.229 1509787.868 0.091452883
36.184 1510947.453 0.091366537
36.138 1512140.440 0.091277926
36.091 1513366.748 0.091187071
36.042 1514626.294 0.091093998
35.993 1515918.994 0.090998731
35.942 1517244.760 0.090901296
35.890 1518603.505 0.090801717
35.837 1519995.138 0.090700022
35.782 1521419.567 0.090596236
35.727 1522876.697 0.090490386
35.670 1524366.433 0.090382500
35.613 1525888.678 0.090272606
35.554 1527443.332 0.090160731
35.494 1529030.294 0.090046904
35.433 1530649.461 0.089931154
35.371 1532300.729 0.089813509
35.309 1533983.992 0.089694000
35.245 1535699.142 0.089572655
35.180 1537446.071 0.089449505
35.114 1539224.668 0.089324580
35.047 1541034.821 0.089197910
34.979 1542876.416 0.089069527
34.910 1544749.339 0.088939460
34.840 1546653.473 0.088807741
34.769 1548588.700 0.088674401
34.698 1550554.901 0.088539472
34.625 1552551.957 0.088402986
34.551 1554579.745 0.088264973
34.477 1556638.143 0.088125466
34.402 1558727.026 0.087984497
34.326 1560846.270 0.087842099
34.249 1562995.749 0.087698302
34.171 1565175.335 0.087553139
34.092 1567384.899 0.087406644
34.013 1569624.312 0.087258847
33.933 1571893.443 0.087109781
33.852 1574192.162 0.086959480
33.770 1576520.335 0.086807974
33.688 1578877.830 0.086655297
33.605 1581264.512 0.086501481
33.521 1583680.246 0.086346559
33.436 1586124.896 0.086190561
33.351 1588598.326 0.086033522
33.265 1591100.398 0.085875473
33.178 1593630.974 0.085716446
33.091 1596189.916 0.085556473
33.003 1598777.083 0.085395586
32.915 1601392.336 0.085233816
32.826 1604035.534 0.085071197
32.736 1606706.536 0.084907759
32.645 1609405.200 0.084743533
32.555 1612131.384 0.084578551
32.463 1614884.944 0.084412844
32.371 1617665.738 0.084246444
32.279 1620473.621 0.084079380
32.185 1623308.450 0.083911683
32.092 1626170.081 0.083743385
31.998 1629058.367 0.083574514
31.903 1631973.165 0.083405102
31.808 1634914.329 0.083235178
31.713 1637881.713 0.083064771
31.617 1640875.170 0.082893912
31.520 1643894.556 0.082722628
31.424 1646939.723 0.082550950
31.326 1650010.525 0.082378905
31.229 1653106.815 0.082206523
31.131 1656228.447 0.082033831
31.032 1659375.274 0.081860858
30.934 1662547.147 0.081687631
30.835 1665743.922 0.081514177
30.735 1668965.450 0.081340524
30.635 1672211.584 0.081166698
30.535 1675482.178 0.080992727
30.435 1678777.085 0.080818635
30.334 1682096.156 0.080644451
30.233 1685439.247 0.080470198
30.132 1688806.209 0.080295904
30.030 1692196.897 0.080121592
29.928 1695611.163 0.079947288
29.826 1699048.861 0.079773016
29.724 1702509.846 0.079598801
29.621 1705993.971 0.079424667
29.518 1709501.090 0.079250637
29.415 1713031.059 0.079076735
29.312 1716583.731 0.078902984
29.209 1720158.962 0.078729406
29.105 1723756.606 0.078556025
29.001 1727376.520 0.078382862
28.897 1731018.559 0.078209939
28.793 1734682.580 0.078037278
28.689 1738368.439 0.077864900
28.584 1742075.993 0.077692826
28.480 1745805.098 0.077521077
28.375 1749555.614 0.077349674
28.270 1753327.398 0.077178635
28.165 1757120.308 0.077007982
28.060 1760934.203 0.076837734
27.955 1764768.942 0.076667909
27.850 1768624.386 0.076498526
27.744 1772500.395 0.076329605
27.639 1776396.828 0.076161164
27.534 1780313.548 0.075993220
27.428 1784250.416 0.075825792
27.322 1788207.294 0.075658896
27.217 1792184.045 0.075492551
27.111 1796180.532 0.075326772
27.005 1800196.619 0.075161577
26.900 1804232.170 0.074996981
26.794 1808287.050 0.074833001
26.688 1812361.124 0.074669653
26.582 1816454.258 0.074506952
26.477 1820566.318 0.074344914
26.371 1824697.173 0.074183553
26.265 1828846.689 0.074022883
26.159 1833014.734 0.073862921
26.053 1837201.178 0.073703679
25.948 1841405.891 0.073545172
25.842 1845628.741 0.073387413
25.736 1849869.600 0.073230416
25.630 1854128.339 0.073074195
25.525 1858404.831 0.072918761
25.419 1862698.947 0.072764128
25.314 1867010.562 0.072610309
25.208 1871339.548 0.072457315
25.103 1875685.780 0.072305159
24.998 1880049.134 0.072153852
24.892 1884429.486 0.072003407
24.787 1888826.711 0.071853834
24.682 1893240.688 0.071705145
24.577 1897671.294 0.071557351
24.472 1902118.407 0.071410462
24.367 1906581.906 0.071264490
24.262 1911061.672 0.071119444
24.158 1915557.585 0.070975335
24.053 1920069.527 0.070832173
23.949 1924597.378 0.070689967
23.844 1929141.022 0.070548727
23.740 1933700.342 0.070408464
23.636 1938275.222 0.070269185
23.532 1942865.546 0.070130901
23.428 1947471.200 0.069993620
23.324 1952092.070 0.069857351
23.220 1956728.043 0.069722102
23.117 1961379.005 0.069587883
23.014 1966044.846 0.069454701
22.910 1970725.453 0.069322565
22.807 1975420.717 0.069191483
22.704 1980130.527 0.069061462
22.601 1984854.774 0.068932511
22.499 1989593.350 0.068804637
22.396 1994346.147 0.068677848
22.294 1999113.059 0.068552151
22.192 2003893.977 0.068427554
22.089 2008688.798 0.068304063
21.988 2013497.416 0.068181686
21.886 2018319.726 0.068060429
21.784 2023155.626 0.067940300
21.683 2028005.011 0.067821306
21.581 2032867.780 0.067703452
21.480 2037743.832 0.067586747
21.379 2042633.065 0.067471195
21.279 2047535.379 0.067356804
21.178 2052450.674 0.067243580
21.078 2057378.852 0.067131528
20.977 2062319.815 0.067020657
20.877 2067273.465 0.066910970
20.777 2072239.706 0.066802475
20.678 2077218.440 0.066695178
20.578 2082209.573 0.066589084
20.479 2087213.009 0.066484200
20.379 2092228.655 0.066380530
20.280 2097256.417 0.066278082
20.182 2102296.203 0.066176860
20.083 2107347.919 0.066076871
