20.086 2105373.491 0.066170185
20.194 2099862.812 0.066279323
20.302 2094361.879 0.066390025
20.411 2088870.776 0.066502288
20.520 2083389.585 0.066616111
20.629 2077918.392 0.066731490
20.739 2072457.281 0.066848424
20.848 2067006.338 0.066966909
20.959 2061565.650 0.067086944
21.069 2056135.305 0.067208527
21.180 2050715.389 0.067331654
21.291 2045305.992 0.067456324
21.402 2039907.204 0.067582534
21.514 2034519.114 0.067710282
21.626 2029141.814 0.067839565
21.739 2023775.395 0.067970381
21.851 2018419.951 0.068102727
21.964 2013075.574 0.068236601
22.078 2007742.359 0.068372001
22.191 2002420.400 0.068508923
22.305 1997109.794 0.068647366
22.419 1991810.636 0.068787326
22.534 1986523.025 0.068928801
22.649 1981247.057 0.069071787
22.764 1975982.833 0.069216283
22.880 1970730.453 0.069362285
22.996 1965490.015 0.069509790
23.112 1960261.623 0.069658796
23.228 1955045.378 0.069809298
23.345 1949841.384 0.069961293
23.462 1944649.744 0.070114779
23.580 1939470.563 0.070269752
23.697 1934303.946 0.070426208
23.815 1929150.002 0.070584143
23.934 1924008.835 0.070743555
24.052 1918880.556 0.070904438
24.171 1913765.273 0.071066788
24.291 1908663.096 0.071230603
24.410 1903574.135 0.071395877
24.530 1898498.503 0.071562605
24.650 1893436.313 0.071730784
24.771 1888387.677 0.071900408
24.892 1883352.711 0.072071473
25.013 1878331.529 0.072243973
25.134 1873324.247 0.072417903
25.256 1868330.984 0.072593258
25.378 1863351.856 0.072770032
25.500 1858386.983 0.072948220
25.623 1853436.485 0.073127814
25.746 1848500.483 0.073308810
25.869 1843579.097 0.073491200
25.992 1838672.452 0.073674979
26.116 1833780.670 0.073860139
26.240 1828903.876 0.074046672
26.364 1824042.195 0.074234573
26.489 1819195.754 0.074423832
26.614 1814364.679 0.074614443
26.739 1809549.100 0.074806398
26.864 1804749.146 0.074999687
26.990 1799964.946 0.075194303
27.116 1795196.631 0.075390236
27.242 1790444.334 0.075587478
27.369 1785708.188 0.075786019
27.495 1780988.326 0.075985850
27.622 1776284.883 0.076186959
27.749 1771597.995 0.076389338
27.877 1766927.799 0.076592975
28.004 1762274.432 0.076797860
28.132 1757638.033 0.077003980
28.260 1753018.742 0.077211326
28.389 1748416.699 0.077419884
28.517 1743832.045 0.077629642
28.646 1739264.924 0.077840588
28.775 1734715.477 0.078052709
28.904 1730183.850 0.078265991
29.034 1725670.187 0.078480421
29.163 1721174.636 0.078695984
29.293 1716697.342 0.078912667
29.423 1712238.454 0.079130453
29.553 1707798.120 0.079349328
29.684 1703376.491 0.079569277
29.814 1698973.717 0.079790282
29.945 1694589.949 0.080012328
30.076 1690225.341 0.080235397
30.207 1685880.046 0.080459472
30.338 1681554.218 0.080684535
30.469 1677248.011 0.080910569
30.601 1672961.583 0.081137553
30.732 1668695.090 0.081365469
30.864 1664448.690 0.081594298
30.996 1660222.542 0.081824019
31.128 1656016.805 0.082054611
31.259 1651831.639 0.082286054
31.392 1647667.205 0.082518326
31.524 1643523.666 0.082751404
31.656 1639401.184 0.082985267
31.788 1635299.923 0.083219890
31.920 1631220.048 0.083455252
32.053 1627161.722 0.083691326
32.185 1623125.113 0.083928090
32.318 1619110.387 0.084165517
32.450 1615117.711 0.084403582
32.582 1611147.254 0.084642258
32.715 1607199.183 0.084881520
32.847 1603273.669 0.085121339
32.980 1599370.882 0.085361688
33.112 1595490.993 0.085602539
33.244 1591634.173 0.085843862
33.377 1587800.594 0.086085628
33.509 1583990.429 0.086327807
33.641 1580203.852 0.086570368
33.773 1576441.035 0.086813281
33.905 1572702.155 0.087056513
34.037 1568987.385 0.087300033
34.168 1565296.901 0.087543806
34.300 1561630.879 0.087787801
34.431 1557989.496 0.088031983
34.562 1554372.929 0.088276317
34.693 1550781.355 0.088520768
34.824 1547214.951 0.088765301
34.955 1543673.896 0.089009880
35.085 1540158.368 0.089254467
35.215 1536668.546 0.089499025
35.345 1533204.610 0.089743517
35.474 1529766.738 0.089987903
35.604 1526355.110 0.090232146
35.733 1522969.906 0.090476204
35.861 1519611.307 0.090720039
35.990 1516279.492 0.090963610
36.118 1512974.641 0.091206875
36.245 1509696.936 0.091449792
36.373 1506446.557 0.091692321
36.500 1503223.683 0.091934417
22.767 1975685.083 0.069229486
22.789 1974682.948 0.069256955
22.811 1973706.120 0.069283787
22.832 1972754.636 0.069309976
22.853 1971828.533 0.069335516
22.873 1970927.849 0.069360402
22.892 1970052.618 0.069384628
22.911 1969202.874 0.069408189
22.930 1968378.652 0.069431079
22.947 1967579.983 0.069453294
22.965 1966806.900 0.069474828
22.981 1966059.432 0.069495677
22.998 1965337.610 0.069515835
23.013 1964641.462 0.069535300
23.028 1963971.015 0.069554065
23.043 1963326.296 0.069572127
23.057 1962707.331 0.069589482
23.070 1962114.145 0.069606126
23.083 1961546.760 0.069622054
23.095 1961005.200 0.069637265
23.107 1960489.485 0.069651753
23.118 1959999.637 0.069665516
23.129 1959535.675 0.069678551
23.139 1959097.616 0.069690854
23.148 1958685.480 0.069702424
23.157 1958299.281 0.069713256
23.165 1957939.036 0.069723349
23.173 1957604.758 0.069732701
23.180 1957296.461 0.069741309
23.187 1957014.157 0.069749171
23.193 1956757.856 0.069756285
23.198 1956527.569 0.069762650
23.203 1956323.305 0.069768265
23.207 1956145.072 0.069773127
23.211 1955992.876 0.069777236
23.214 1955866.724 0.069780592
23.216 1955766.619 0.069783192
23.218 1955692.566 0.069785036
23.219 1955644.568 0.069786124
23.220 1955622.624 0.069786456
23.220 1955626.737 0.069786031
23.220 1955656.905 0.069784850
23.219 1955713.126 0.069782912
23.217 1955795.399 0.069780219
23.215 1955903.718 0.069776770
23.212 1956038.079 0.069772566
23.209 1956198.476 0.069767608
23.205 1956384.902 0.069761898
23.200 1956597.349 0.069755436
23.195 1956835.807 0.069748223
23.190 1957100.267 0.069740263
23.183 1957390.716 0.069731555
23.177 1957707.143 0.069722102
23.169 1958049.533 0.069711906
23.161 1958417.874 0.069700969
23.153 1958812.148 0.069689294
23.144 1959232.340 0.069676883
23.134 1959678.431 0.069663739
23.124 1960150.404 0.069649864
23.113 1960648.238 0.069635262
23.101 1961171.912 0.069619936
23.089 1961721.406 0.069603890
23.077 1962296.695 0.069587126
23.064 1962897.757 0.069569648
23.050 1963524.566 0.069551461
23.036 1964177.096 0.069532568
23.021 1964855.322 0.069512973
23.006 1965559.214 0.069492680
22.990 1966288.744 0.069471695
22.973 1967043.882 0.069450021
22.956 1967824.597 0.069427663
22.939 1968630.858 0.069404627
22.921 1969462.632 0.069380916
22.902 1970319.884 0.069356537
22.883 1971202.581 0.069331495
22.863 1972110.687 0.069305794
22.843 1973044.164 0.069279441
22.822 1974002.976 0.069252441
22.801 1974987.085 0.069224800
22.779 1975996.449 0.069196524
22.756 1977031.031 0.069167619
22.733 1978090.787 0.069138091
22.710 1979175.676 0.069107947
22.686 1980285.655 0.069077193
22.661 1981420.681 0.069045835
22.636 1982580.707 0.069013881
22.611 1983765.690 0.068981337
22.584 1984975.581 0.068948211
22.558 1986210.335 0.068914508
22.531 1987469.901 0.068880237
22.503 1988754.233 0.068845404
22.475 1990063.279 0.068810017
22.446 1991396.988 0.068774084
22.417 1992755.311 0.068737612
22.388 1994138.193 0.068700608
22.358 1995545.583 0.068663081
22.327 1996977.425 0.068625039
22.296 1998433.666 0.068586489
22.265 1999914.251 0.068547439
22.233 2001419.122 0.068507898
22.200 2002948.223 0.068467873
22.167 2004501.496 0.068427374
22.134 2006078.883 0.068386409
22.100 2007680.326 0.068344985
22.065 2009305.763 0.068303112
22.031 2010955.135 0.068260799
21.995 2012628.380 0.068218054
21.960 2014325.437 0.068174885
21.924 2016046.243 0.068131302
21.887 2017790.735 0.068087314
21.850 2019558.848 0.068042929
21.812 2021350.520 0.067998157
21.775 2023165.684 0.067953007
21.736 2025004.274 0.067907488
21.698 2026866.226 0.067861609
21.658 2028751.471 0.067815380
21.619 2030659.942 0.067768810
21.579 2032591.571 0.067721908
21.538 2034546.290 0.067674684
21.498 2036524.029 0.067627147
21.456 2038524.719 0.067579307
21.415 2040548.289 0.067531174
21.373 2042594.669 0.067482756
21.330 2044663.787 0.067434065
21.287 2046755.572 0.067385108
21.244 2048869.952 0.067335897
21.201 2051006.853 0.067286441
21.157 2053166.203 0.067236749
21.112 2055347.928 0.067186833
21.068 2057551.953 0.067136700
21.023 2059778.205 0.067086362
20.977 2062026.608 0.067035828
20.932 2064297.087 0.066985109
20.885 2066589.566 0.066934213
20.839 2068903.969 0.066883152
20.792 2071240.220 0.066831935
20.745 2073598.241 0.066780572
20.697 2075977.955 0.066729073
20.650 2078379.285 0.066677448
20.601 2080802.152 0.066625708
20.553 2083246.479 0.066573862
20.504 2085712.186 0.066521920
20.455 2088199.195 0.066469893
20.406 2090707.426 0.066417790
20.356 2093236.800 0.066365622
20.306 2095787.237 0.066313399
20.255 2098358.657 0.066261131
20.205 2100950.979 0.066208827
20.154 2103564.123 0.066156499
20.102 2106198.007 0.066104156
20.051 2108852.552 0.066051807
