20.055 2108175.062 0.066079355
20.147 2103449.780 0.066172722
20.239 2098737.945 0.066267107
20.331 2094039.653 0.066362501
20.424 2089355.001 0.066458897
20.516 2084684.086 0.066556288
20.608 2080027.008 0.066654665
20.701 2075383.864 0.066754021
20.794 2070754.754 0.066854348
20.887 2066139.779 0.066955637
20.979 2061539.037 0.067057881
21.072 2056952.631 0.067161072
21.165 2052380.663 0.067265201
21.259 2047823.233 0.067370260
21.352 2043280.446 0.067476241
21.445 2038752.404 0.067583135
21.538 2034239.211 0.067690933
21.632 2029740.973 0.067799627
21.725 2025257.793 0.067909207
21.819 2020789.779 0.068019666
21.912 2016337.035 0.068130994
22.006 2011899.669 0.068243181
22.100 2007477.787 0.068356219
22.193 2003071.499 0.068470098
22.287 1998680.913 0.068584809
22.381 1994306.136 0.068700342
22.475 1989947.280 0.068816686
22.569 1985604.454 0.068933833
22.663 1981277.769 0.069051773
22.757 1976967.336 0.069170494
22.851 1972673.266 0.069289987
22.945 1968395.673 0.069410242
23.039 1964134.669 0.069531247
23.133 1959890.368 0.069652993
23.227 1955662.883 0.069775467
23.321 1951452.328 0.069898660
23.415 1947258.820 0.070022559
23.509 1943082.472 0.070147154
23.603 1938923.402 0.070272433
23.697 1934781.726 0.070398384
23.791 1930657.560 0.070524996
23.885 1926551.023 0.070652256
23.979 1922462.231 0.070780152
24.073 1918391.305 0.070908673
24.167 1914338.362 0.071037805
24.261 1910303.522 0.071167535
24.354 1906286.905 0.071297852
24.448 1902288.631 0.071428741
24.542 1898308.822 0.071560189
24.636 1894347.598 0.071692184
24.729 1890405.081 0.071824712
24.823 1886481.393 0.071957757
24.916 1882576.657 0.072091308
25.009 1878690.995 0.072225349
25.103 1874824.532 0.072359867
25.196 1870977.391 0.072494846
25.289 1867149.695 0.072630272
25.382 1863341.571 0.072766129
25.475 1859553.141 0.072902404
25.568 1855784.533 0.073039080
25.660 1852035.871 0.073176141
25.753 1848307.282 0.073313573
25.845 1844598.892 0.073451359
25.937 1840910.827 0.073589483
26.029 1837243.215 0.073727928
26.121 1833596.182 0.073866678
26.213 1829969.856 0.074005717
26.305 1826364.366 0.074145027
26.396 1822779.839 0.074284591
26.487 1819216.404 0.074424391
26.578 1815674.189 0.074564411
26.669 1812153.323 0.074704632
26.760 1808653.935 0.074845037
26.850 1805176.155 0.074985606
26.941 1801720.111 0.075126322
27.031 1798285.934 0.075267166
27.120 1794873.754 0.075408120
27.210 1791483.700 0.075549164
27.299 1788115.902 0.075690278
27.388 1784770.490 0.075831445
27.477 1781447.596 0.075972643
27.565 1778147.349 0.076113854
27.654 1774869.880 0.076255056
27.742 1771615.319 0.076396231
27.829 1768383.797 0.076537357
27.917 1765175.444 0.076678414
28.004 1761990.392 0.076819381
28.090 1758828.770 0.076960237
28.177 1755690.709 0.077100962
28.263 1752576.341 0.077241533
28.349 1749485.794 0.077381929
28.434 1746419.201 0.077522129
28.519 1743376.690 0.077662111
28.604 1740358.392 0.077801852
28.688 1737364.438 0.077941331
28.772 1734394.956 0.078080524
28.855 1731450.077 0.078219411
28.938 1728529.931 0.078357967
29.021 1725634.646 0.078496170
29.103 1722764.351 0.078633998
29.185 1719919.176 0.078771427
29.266 1717099.249 0.078908433
29.347 1714304.698 0.079044994
29.427 1711535.650 0.079181086
29.507 1708792.235 0.079316685
29.587 1706074.577 0.079451768
29.666 1703382.806 0.079586311
29.744 1700717.046 0.079720289
29.822 1698077.424 0.079853680
29.900 1695464.065 0.079986457
29.977 1692877.095 0.080118599
30.053 1690316.638 0.080250079
30.129 1687782.817 0.080380875
30.204 1685275.757 0.080510960
30.279 1682795.579 0.080640311
30.353 1680342.408 0.080768904
30.426 1677916.363 0.080896713
30.499 1675517.566 0.081023714
30.571 1673146.138 0.081149883
30.643 1670802.198 0.081275194
30.714 1668485.866 0.081399623
30.785 1666197.258 0.081523145
30.854 1663936.493 0.081645736
30.923 1661703.688 0.081767370
30.992 1659498.957 0.081888024
31.060 1657322.417 0.082007672
31.127 1655174.181 0.082126290
31.193 1653054.363 0.082243853
31.259 1650963.074 0.082360337
31.323 1648900.427 0.082475717
31.388 1646866.531 0.082589969
31.451 1644861.496 0.082703068
31.514 1642885.430 0.082814991
31.576 1640938.441 0.082925713
31.637 1639020.635 0.083035210
31.697 1637132.117 0.083143458
31.757 1635272.992 0.083250434
31.815 1633443.361 0.083356114
31.873 1631643.327 0.083460474
31.931 1629872.991 0.083563492
31.987 1628132.452 0.083665143
32.042 1626421.807 0.083765405
32.097 1624741.154 0.083864255
32.151 1623090.588 0.083961671
32.204 1621470.203 0.084057631
40.087 1417296.911 0.099076719
39.909 1421187.499 0.098726953
39.731 1425103.998 0.098377765
39.554 1429046.191 0.098029204
39.376 1433013.861 0.097681318
39.199 1437006.793 0.097334155
39.022 1441024.774 0.096987759
38.845 1445067.590 0.096642176
38.669 1449135.029 0.096297448
38.493 1453226.880 0.095953619
38.317 1457342.933 0.095610730
38.141 1461482.979 0.095268821
37.965 1465646.811 0.094927932
37.790 1469834.223 0.094588102
37.615 1474045.008 0.094249366
37.441 1478278.963 0.093911763
37.266 1482535.884 0.093575327
37.093 1486815.571 0.093240092
36.919 1491117.822 0.092906093
36.746 1495442.438 0.092573361
36.573 1499789.222 0.092241928
36.401 1504157.976 0.091911825
36.228 1508548.505 0.091583082
36.057 1512960.615 0.091255727
35.886 1517394.113 0.090929788
35.715 1521848.807 0.090605293
35.544 1526324.508 0.090282267
35.374 1530821.025 0.089960736
35.205 1535338.172 0.089640724
35.036 1539875.762 0.089322256
34.867 1544433.610 0.089005353
34.699 1549011.533 0.088690039
34.531 1553609.348 0.088376335
34.364 1558226.874 0.088064261
34.197 1562863.932 0.087753837
34.031 1567520.343 0.087445082
33.865 1572195.931 0.087138015
33.699 1576890.520 0.086832653
33.534 1581603.936 0.086529014
33.370 1586336.006 0.086227113
33.206 1591086.558 0.085926967
33.043 1595855.423 0.085628591
32.880 1600642.432 0.085331998
32.718 1605447.417 0.085037204
32.556 1610270.213 0.084744220
32.394 1615110.654 0.084453061
32.234 1619968.578 0.084163736
32.073 1624843.821 0.083876260
31.914 1629736.225 0.083590641
31.754 1634645.629 0.083306891
31.596 1639571.876 0.083025020
31.437 1644514.809 0.082745036
31.280 1649474.273 0.082466949
31.123 1654450.113 0.082190768
30.966 1659442.177 0.081916500
30.810 1664450.314 0.081644152
30.655 1669474.374 0.081373732
30.500 1674514.209 0.081105247
30.345 1679569.670 0.080838702
30.191 1684640.611 0.080574103
30.038 1689726.889 0.080311456
29.885 1694828.359 0.080050765
29.733 1699944.880 0.079792036
29.581 1705076.309 0.079535273
29.430 1710222.508 0.079280479
29.280 1715383.338 0.079027658
29.130 1720558.663 0.078776814
28.980 1725748.345 0.078527949
28.831 1730952.250 0.078281065
28.683 1736170.246 0.078036166
28.535 1741402.199 0.077793254
28.388 1746647.979 0.077552329
28.241 1751907.455 0.077313394
28.095 1757180.500 0.077076450
27.949 1762466.985 0.076841497
27.804 1767766.784 0.076608538
27.659 1773079.774 0.076377571
27.515 1778405.828 0.076148597
27.372 1783744.826 0.075921617
27.229 1789096.644 0.075696631
27.086 1794461.163 0.075473637
26.944 1799838.264 0.075252636
26.803 1805227.827 0.075033627
26.662 1810629.737 0.074816609
26.522 1816043.877 0.074601581
26.382 1821470.132 0.074388543
26.243 1826908.388 0.074177491
26.104 1832358.533 0.073968426
25.966 1837820.455 0.073761345
25.828 1843294.044 0.073556248
25.691 1848779.190 0.073353131
25.555 1854275.784 0.073151994
25.418 1859783.720 0.072952834
25.283 1865302.890 0.072755649
25.148 1870833.190 0.072560437
25.013 1876374.514 0.072367195
24.879 1881926.761 0.072175922
24.746 1887489.826 0.071986614
24.613 1893063.610 0.071799270
24.480 1898648.011 0.071613886
24.348 1904242.930 0.071430461
24.217 1909848.268 0.071248991
24.086 1915463.929 0.071069474
23.955 1921089.815 0.070891907
23.825 1926725.831 0.070716287
23.696 1932371.883 0.070542611
23.567 1938027.875 0.070370878
23.438 1943693.716 0.070201083
23.310 1949369.314 0.070033224
23.183 1955054.577 0.069867299
23.056 1960749.415 0.069703304
22.929 1966453.738 0.069541237
22.803 1972167.460 0.069381095
22.678 1977890.490 0.069222874
22.553 1983622.744 0.069066573
22.428 1989364.135 0.068912189
22.304 1995114.578 0.068759718
22.180 2000873.988 0.068609158
22.057 2006642.283 0.068460507
21.934 2012419.379 0.068313762
21.812 2018205.196 0.068168921
21.690 2023999.650 0.068025980
21.569 2029802.664 0.067884938
21.448 2035614.156 0.067745792
21.327 2041434.048 0.067608540
21.207 2047262.263 0.067473180
21.088 2053098.723 0.067339709
20.969 2058943.352 0.067208125
20.850 2064796.074 0.067078427
20.732 2070656.814 0.066950612
20.614 2076525.497 0.066824679
20.497 2082402.051 0.066700625
20.380 2088286.403 0.066578450
20.264 2094178.479 0.066458152
20.147 2100078.210 0.066339729
20.032 2105985.524 0.066223179
