20.092 2105915.370 0.066133656
20.200 2100421.324 0.066242252
20.308 2094932.723 0.066352487
20.417 2089449.614 0.066464365
20.526 2083972.046 0.066577888
20.635 2078500.068 0.066693057
20.745 2073033.729 0.066809877
20.855 2067573.078 0.066928349
20.965 2062118.165 0.067048476
21.076 2056669.041 0.067170262
21.188 2051225.756 0.067293709
21.299 2045788.363 0.067418821
21.412 2040356.913 0.067545600
21.524 2034931.458 0.067674051
21.637 2029512.051 0.067804176
21.751 2024098.746 0.067935978
21.865 2018691.597 0.068069462
21.979 2013290.658 0.068204631
22.094 2007895.984 0.068341488
22.209 2002507.630 0.068480038
22.325 1997125.652 0.068620284
22.441 1991750.107 0.068762229
22.557 1986381.051 0.068905879
22.674 1981018.543 0.069051236
22.792 1975662.640 0.069198306
22.909 1970313.400 0.069347092
23.028 1964970.884 0.069497597
23.147 1959635.150 0.069649828
23.266 1954306.259 0.069803787
23.386 1948984.271 0.069959479
23.506 1943669.249 0.070116908
23.626 1938361.254 0.070276080
23.747 1933060.349 0.070436997
23.869 1927766.596 0.070599665
23.991 1922480.060 0.070764089
24.114 1917200.805 0.070930272
24.237 1911928.896 0.071098220
24.360 1906664.398 0.071267936
24.484 1901407.379 0.071439426
24.609 1896157.903 0.071612695
24.733 1890916.040 0.071787746
24.859 1885681.856 0.071964584
24.985 1880455.421 0.072143215
25.111 1875236.805 0.072323642
25.238 1870026.076 0.072505871
25.366 1864823.307 0.072689907
25.494 1859628.568 0.072875753
25.622 1854441.931 0.073063414
25.751 1849263.469 0.073252896
25.881 1844093.256 0.073444203
26.011 1838931.365 0.073637339
26.141 1833777.872 0.073832309
26.272 1828632.852 0.074029118
26.404 1823496.380 0.074227770
26.536 1818368.535 0.074428270
26.668 1813249.394 0.074630621
26.802 1808139.035 0.074834830
26.935 1803037.537 0.075040899
27.069 1797944.980 0.075248834
27.204 1792861.445 0.075458638
27.340 1787787.013 0.075670316
27.475 1782721.767 0.075883871
27.612 1777665.790 0.076099309
27.749 1772619.164 0.076316633
27.886 1767581.975 0.076535847
28.024 1762554.308 0.076756954
28.163 1757536.249 0.076979959
28.302 1752527.885 0.077204865
28.442 1747529.304 0.077431676
28.582 1742540.593 0.077660395
28.723 1737561.844 0.077891025
28.864 1732593.145 0.078123570
29.006 1727634.588 0.078358033
29.149 1722686.265 0.078594416
29.292 1717748.269 0.078832723
29.436 1712820.692 0.079072956
29.580 1707903.631 0.079315118
29.725 1702997.179 0.079559211
29.870 1698101.433 0.079805237
30.016 1693216.490 0.080053198
30.163 1688342.449 0.080303097
30.310 1683479.408 0.080554934
30.458 1678627.468 0.080808712
30.607 1673786.728 0.081064431
30.756 1668957.290 0.081322094
30.905 1664139.258 0.081581699
31.055 1659332.734 0.081843249
31.206 1654537.823 0.082106744
31.358 1649754.630 0.082372183
31.510 1644983.263 0.082639567
31.662 1640223.827 0.082908896
31.815 1635476.432 0.083180168
31.969 1630741.187 0.083453384
32.124 1626018.201 0.083728541
32.279 1621307.587 0.084005639
32.434 1616609.456 0.084284676
32.591 1611923.921 0.084565650
32.747 1607251.098 0.084848558
32.905 1602591.100 0.085133398
33.063 1597944.044 0.085420167
33.222 1593310.048 0.085708861
33.381 1588689.230 0.085999477
33.541 1584081.708 0.086292011
33.702 1579487.604 0.086586458
33.863 1574907.039 0.086882814
34.025 1570340.135 0.087181073
34.187 1565787.015 0.087481230
34.350 1561247.804 0.087783279
34.514 1556722.628 0.088087213
34.678 1552211.613 0.088393025
34.843 1547714.887 0.088700708
35.008 1543232.579 0.089010255
35.175 1538764.819 0.089321657
35.341 1534311.736 0.089634905
35.509 1529873.464 0.089949990
35.677 1525450.136 0.090266903
35.845 1521041.885 0.090585632
36.015 1516648.847 0.090906168
36.184 1512271.159 0.091228498
36.355 1507908.956 0.091552612
36.526 1503562.379 0.091878496
36.698 1499231.567 0.092206137
36.870 1494916.660 0.092535523
37.043 1490617.800 0.092866638
37.216 1486335.130 0.093199467
37.390 1482068.795 0.093533996
37.565 1477818.938 0.093870209
37.740 1473585.707 0.094208087
37.916 1469369.248 0.094547615
38.092 1465169.710 0.094888773
38.269 1460987.243 0.095231544
38.447 1456821.997 0.095575907
38.625 1452674.123 0.095921842
38.804 1448543.775 0.096269328
38.983 1444431.105 0.096618344
39.163 1440336.270 0.096968867
39.343 1436259.425 0.097320874
39.524 1432200.728 0.097674341
39.706 1428160.335 0.098029243
39.888 1424138.407 0.098385554
40.071 1420135.103 0.098743248
40.254 1416150.586 0.099102297
40.437 1412185.017 0.099462674
40.622 1408238.560 0.099824350
40.806 1404311.379 0.100187294
40.991 1400403.639 0.100551476
41.177 1396515.508 0.100916864
41.363 1392647.152 0.101283426
41.550 1388798.741 0.101651128
41.737 1384970.443 0.102019937
41.925 1381162.428 0.102389816
42.113 1377374.869 0.102760729
42.301 1373607.938 0.103132639
42.490 1369861.808 0.103505508
42.679 1366136.653 0.103879297
42.869 1362432.648 0.104253966
43.059 1358749.970 0.104629473
43.250 1355088.795 0.105005777
43.440 1351449.301 0.105382833
43.632 1347831.666 0.105760599
43.823 1344236.071 0.106139029
44.015 1340662.695 0.106518076
44.207 1337111.720 0.106897694
44.400 1333583.327 0.107277833
44.593 1330077.699 0.107658445
44.786 1326595.019 0.108039480
44.979 1323135.472 0.108420885
45.173 1319699.241 0.108802608
45.367 1316286.513 0.109184596
45.561 1312897.474 0.109566794
45.755 1309532.309 0.109949146
45.949 1306191.208 0.110331596
46.144 1302874.356 0.110714085
46.338 1299581.943 0.111096555
46.533 1296314.157 0.111478946
46.728 1293071.189 0.111861196
46.923 1289853.227 0.112243244
47.118 1286660.461 0.112625026
47.313 1283493.083 0.113006478
47.508 1280351.284 0.113387535
47.703 1277235.254 0.113768131
47.898 1274145.185 0.114148198
48.093 1271081.269 0.114527668
48.288 1268043.698 0.114906472
48.482 1265032.664 0.115284539
48.677 1262048.360 0.115661799
48.871 1259090.978 0.116038178
49.065 1256160.710 0.116413604
49.259 1253257.748 0.116788002
49.452 1250382.286 0.117161297
49.646 1247534.516 0.117533414
49.838 1244714.630 0.117904276
50.031 1241922.820 0.118273804
50.223 1239159.277 0.118641921
50.415 1236424.195 0.119008547
50.606 1233717.764 0.119373601
50.797 1231040.175 0.119737003
50.987 1228391.618 0.120098671
51.176 1225772.285 0.120458523
51.365 1223182.365 0.120816475
51.553 1220622.046 0.121172445
51.741 1218091.519 0.121526346
51.928 1215590.969 0.121878096
52.114 1213120.586 0.122227607
52.299 1210680.555 0.122574795
52.483 1208271.062 0.122919572
52.666 1205892.292 0.123261851
52.849 1203544.428 0.123601546
53.030 1201227.655 0.123938568
53.210 1198942.153 0.124272830
53.390 1196688.103 0.124604242
53.568 1194465.686 0.124932718
53.744 1192275.080 0.125258167
53.920 1190116.462 0.125580501
54.094 1187990.008 0.125899630
54.267 1185895.892 0.126215467
54.438 1183834.288 0.126527921
54.608 1181805.367 0.126836904
54.777 1179809.299 0.127142327
54.944 1177846.254 0.127444100
55.109 1175916.396 0.127742137
55.273 1174019.892 0.128036347
55.434 1172156.904 0.128326644
55.594 1170327.595 0.128612939
55.752 1168532.123 0.128895145
55.909 1166770.645 0.129173176
56.063 1165043.318 0.129446946
56.215 1163350.294 0.129716368
56.365 1161691.725 0.129981359
56.513 1160067.759 0.130241833
56.659 1158478.543 0.130497708
56.802 1156924.221 0.130748901
56.943 1155404.935 0.130995329
57.082 1153920.825 0.131236913
57.218 1152472.026 0.131473572
57.352 1151058.674 0.131705228
57.483 1149680.899 0.131931804
57.611 1148338.832 0.132153222
57.737 1147032.597 0.132369408
57.860 1145762.318 0.132580288
57.980 1144528.116 0.132785790
58.097 1143330.108 0.132985842
58.212 1142168.408 0.133180375
58.323 1141043.129 0.133369321
58.431 1139954.378 0.133552613
58.536 1138902.261 0.133730187
58.638 1137886.880 0.133901980
58.737 1136908.334 0.134067929
58.833 1135966.718 0.134227977
58.925 1135062.125 0.134382064
59.013 1134194.643 0.134530135
59.099 1133364.359 0.134672137
59.180 1132571.355 0.134808017
59.259 1131815.708 0.134937726
59.333 1131097.494 0.135061215
59.404 1130416.785 0.135178440
59.472 1129773.649 0.135289357
59.535 1129168.149 0.135393924
59.595 1128600.347 0.135492103
59.651 1128070.299 0.135583857
59.704 1127578.059 0.135669152
59.752 1127123.677 0.135747955
59.797 1126707.197 0.135820237
59.837 1126328.663 0.135885970
59.874 1125988.111 0.135945130
59.907 1125685.577 0.135997694
59.936 1125421.091 0.136043643
59.961 1125194.679 0.136082958
59.981 1125006.364 0.136115625
59.998 1124856.165 0.136141632
60.011 1124744.098 0.136160968
60.019 1124670.172 0.136173626
60.024 1124634.395 0.136179601
60.025 1124636.771 0.136178892
60.021 1124677.298 0.136171497
60.014 1124755.972 0.136157421
60.002 1124872.784 0.136136668
59.986 1125027.722 0.136109246
59.967 1125220.769 0.136075166
59.943 1125451.906 0.136034441
59.915 1125721.108 0.135987085
59.883 1126028.347 0.135933118
59.848 1126373.590 0.135872559
59.808 1126756.804 0.135805432
59.765 1127177.947 0.135731761
59.717 1127636.976 0.135651575
59.666 1128133.845 0.135564903
59.611 1128668.502 0.135471778
59.552 1129240.893 0.135372236
59.490 1129850.959 0.135266312
59.423 1130498.639 0.135154048
59.353 1131183.866 0.135035483
59.280 1131906.571 0.134910662
59.203 1132666.682 0.134779632
59.122 1133464.122 0.134642440
59.038 1134298.811 0.134499136
58.950 1135170.665 0.134349773
58.859 1136079.599 0.134194405
58.764 1137025.521 0.134033088
58.667 1138008.337 0.133865880
58.566 1139027.952 0.133692841
58.462 1140084.265 0.133514032
58.354 1141177.172 0.133329518
58.244 1142306.567 0.133139363
58.131 1143472.341 0.132943634
58.014 1144674.380 0.132742400
57.895 1145912.570 0.132535729
57.773 1147186.790 0.132323694
57.648 1148496.921 0.132106367
57.521 1149842.836 0.131883822
57.391 1151224.410 0.131656135
57.258 1152641.511 0.131423381
57.123 1154094.008 0.131185640
56.985 1155581.765 0.130942989
56.845 1157104.645 0.130695509
56.702 1158662.506 0.130443281
56.557 1160255.207 0.130186386
56.410 1161882.601 0.129924907
56.261 1163544.541 0.129658928
56.110 1165240.878 0.129388533
55.956 1166971.460 0.129113806
55.801 1168736.132 0.128834835
55.644 1170534.737 0.128551705
55.485 1172367.119 0.128264502
55.324 1174233.116 0.127973314
55.161 1176132.566 0.127678229
54.996 1178065.305 0.127379334
54.830 1180031.168 0.127076718
54.663 1182029.986 0.126770470
54.493 1184061.591 0.126460678
54.323 1186125.812 0.126147431
54.151 1188222.476 0.125830818
53.977 1190351.410 0.125510928
53.802 1192512.438 0.125187850
53.626 1194705.384 0.124861673
53.449 1196930.070 0.124532487
53.271 1199186.316 0.124200378
53.091 1201473.943 0.123865437
52.911 1203792.769 0.123527750
52.729 1206142.611 0.123187407
52.546 1208523.285 0.122844495
52.363 1210934.608 0.122499101
52.178 1213376.394 0.122151311
51.993 1215848.456 0.121801213
51.807 1218350.608 0.121448892
51.620 1220882.662 0.121094433
51.433 1223444.429 0.120737921
51.244 1226035.721 0.120379441
51.056 1228656.347 0.120019075
50.866 1231306.118 0.119656907
50.676 1233984.842 0.119293019
50.486 1236692.330 0.118927493
50.295 1239428.388 0.118560409
50.103 1242192.827 0.118191847
49.911 1244985.453 0.117821886
49.719 1247806.074 0.117450605
49.526 1250654.498 0.117078081
49.334 1253530.532 0.116704391
49.140 1256433.984 0.116329610
48.947 1259364.660 0.115953814
48.753 1262322.369 0.115577076
48.559 1265306.917 0.115199469
48.365 1268318.112 0.114821065
48.171 1271355.760 0.114441936
47.977 1274419.670 0.114062151
47.783 1277509.650 0.113681779
47.588 1280625.508 0.113300889
47.394 1283767.051 0.112919548
47.199 1286934.088 0.112537821
47.005 1290126.429 0.112155773
46.811 1293343.882 0.111773469
46.616 1296586.257 0.111390972
46.422 1299853.364 0.111008342
46.228 1303145.015 0.110625642
46.034 1306461.019 0.110242930
45.840 1309801.188 0.109860266
45.647 1313165.335 0.109477707
45.453 1316553.272 0.109095309
45.260 1319964.813 0.108713128
45.067 1323399.770 0.108331219
44.874 1326857.960 0.107949634
44.681 1330339.197 0.107568426
44.489 1333843.296 0.107187647
44.297 1337370.076 0.106807345
44.105 1340919.352 0.106427572
43.914 1344490.944 0.106048374
43.723 1348084.669 0.105669798
43.532 1351700.349 0.105291891
43.342 1355337.802 0.104914697
43.152 1358996.852 0.104538261
42.962 1362677.320 0.104162626
42.773 1366379.029 0.103787832
42.584 1370101.803 0.103413922
42.396 1373845.467 0.103040934
42.208 1377609.847 0.102668909
42.020 1381394.770 0.102297883
41.833 1385200.063 0.101927894
41.646 1389025.555 0.101558979
41.460 1392871.076 0.101191171
41.275 1396736.457 0.100824505
41.089 1400621.529 0.100459015
40.905 1404526.124 0.100094733
40.720 1408450.076 0.099731689
40.537 1412393.220 0.099369916
40.354 1416355.392 0.099009441
40.171 1420336.429 0.098650295
39.989 1424336.167 0.098292504
39.807 1428354.446 0.097936097
39.626 1432391.106 0.097581099
39.446 1436445.988 0.097227535
39.266 1440518.933 0.096875431
39.086 1444609.785 0.096524811
38.907 1448718.389 0.096175696
38.729 1452844.588 0.095828110
38.551 1456988.230 0.095482074
38.374 1461149.161 0.095137609
38.197 1465327.231 0.094794735
38.021 1469522.289 0.094453471
37.846 1473734.186 0.094113837
37.671 1477962.773 0.093775849
37.497 1482207.903 0.093439525
37.323 1486469.431 0.093104882
37.150 1490747.211 0.092771935
36.978 1495041.100 0.092440701
36.806 1499350.954 0.092111194
36.635 1503676.633 0.091783427
36.464 1508017.995 0.091457415
36.294 1512374.902 0.091133169
36.125 1516747.214 0.090810704
35.956 1521134.795 0.090490029
35.787 1525537.509 0.090171157
35.620 1529955.220 0.089854098
35.453 1534387.795 0.089538862
35.286 1538835.100 0.089225459
35.121 1543297.004 0.088913898
34.956 1547773.376 0.088604188
34.791 1552264.087 0.088296336
34.627 1556769.007 0.087990350
34.464 1561288.010 0.087686238
34.301 1565820.968 0.087384007
34.139 1570367.757 0.087083662
33.978 1574928.252 0.086785209
33.817 1579502.330 0.086488655
33.657 1584089.869 0.086194003
33.497 1588690.747 0.085901260
33.338 1593304.845 0.085610428
33.180 1597932.042 0.085321512
33.022 1602572.222 0.085034516
32.865 1607225.267 0.084749443
32.708 1611891.061 0.084466295
32.552 1616569.489 0.084185076
32.397 1621260.437 0.083905787
32.242 1625963.792 0.083628430
32.088 1630679.441 0.083353007
31.935 1635407.275 0.083079520
31.782 1640147.182 0.082807968
31.629 1644899.054 0.082538354
31.478 1649662.783 0.082270677
31.327 1654438.261 0.082004938
31.176 1659225.382 0.081741136
31.026 1664024.042 0.081479271
30.877 1668834.135 0.081219344
30.728 1673655.559 0.080961353
30.580 1678488.210 0.080705296
30.433 1683331.988 0.080451174
30.286 1688186.792 0.080198984
30.140 1693052.523 0.079948725
29.994 1697929.080 0.079700395
29.849 1702816.368 0.079453993
29.704 1707714.288 0.079209515
29.560 1712622.745 0.078966960
29.417 1717541.644 0.078726326
29.274 1722470.890 0.078487610
29.132 1727410.389 0.078250808
28.990 1732360.050 0.078015918
28.849 1737319.780 0.077782938
28.708 1742289.488 0.077551863
28.568 1747269.085 0.077322691
28.429 1752258.481 0.077095418
28.290 1757257.589 0.076870040
28.152 1762266.319 0.076646555
28.014 1767284.587 0.076424957
27.877 1772312.304 0.076205244
27.740 1777349.388 0.075987412
27.604 1782395.752 0.075771455
27.468 1787451.314 0.075557372
27.333 1792515.991 0.075345156
27.199 1797589.701 0.075134804
27.065 1802672.362 0.074926312
26.931 1807763.894 0.074719675
26.798 1812864.217 0.074514889
26.666 1817973.253 0.074311949
26.534 1823090.923 0.074110851
26.403 1828217.149 0.073911590
26.272 1833351.854 0.073714162
26.142 1838494.964 0.073518562
26.012 1843646.402 0.073324785
25.883 1848806.093 0.073132827
5339815.825 0.008
5333125.652 0.008
5326431.144 0.008
5319732.311 0.008
5313029.163 0.008
5306321.712 0.008
5299609.967 0.008
5292893.939 0.008
5286173.638 0.008
5279449.075 0.008
5272720.260 0.008
5265987.204 0.008
5259249.917 0.008
5252508.410 0.008
5245762.693 0.009
5239012.778 0.009
5232258.674 0.009
5225500.393 0.009
5218737.945 0.009
5211971.340 0.009
5205200.591 0.009
5198425.707 0.009
5191646.699 0.009
5184863.579 0.009
5178076.356 0.009
5171285.042 0.009
5164489.649 0.009
5157690.186 0.009
5150886.665 0.009
5144079.096 0.009
5137267.492 0.009
5130451.863 0.009
5123632.219 0.009
5116808.573 0.009
5109980.936 0.009
5103149.317 0.009
5096313.730 0.009
5089474.185 0.009
5082630.693 0.009
5075783.266 0.009
5068931.915 0.009
5062076.652 0.009
5055217.487 0.009
5048354.432 0.009
5041487.500 0.009
5034616.700 0.009
5027742.046 0.009
5020863.548 0.009
5013981.217 0.009
5007095.067 0.009
5000205.108 0.009
4993311.352 0.009
4986413.810 0.009
4979512.495 0.009
4972607.419 0.009
4965698.592 0.010
4958786.028 0.010
4951869.738 0.010
4944949.733 0.010
4938026.027 0.010
4931098.630 0.010
4924167.555 0.010
4917232.815 0.010
4910294.420 0.010
4903352.384 0.010
4896406.718 0.010
4889457.435 0.010
4882504.547 0.010
4875548.066 0.010
4868588.005 0.010
4861624.376 0.010
4854657.191 0.010
4847686.464 0.010
4840712.205 0.010
4833734.428 0.010
4826753.146 0.010
4819768.371 0.010
4812780.116 0.010
4805788.393 0.010
4798793.215 0.010
4791794.595 0.010
4784792.545 0.010
4777787.079 0.010
4770778.210 0.010
4763765.950 0.010
4756750.312 0.010
4749731.309 0.010
4742708.955 0.010
4735683.262 0.010
4728654.244 0.010
4721621.914 0.011
4714586.284 0.011
4707547.369 0.011
4700505.182 0.011
4693459.735 0.011
4686411.043 0.011
4679359.118 0.011
4672303.975 0.011
4665245.626 0.011
4658184.086 0.011
4651119.368 0.011
4644051.486 0.011
4636980.453 0.011
4629906.283 0.011
4622828.989 0.011
4615748.587 0.011
4608665.090 0.011
4601578.511 0.011
4594488.865 0.011
4587396.165 0.011
4580300.427 0.011
4573201.663 0.011
4566099.889 0.011
4558995.118 0.011
4551887.365 0.011
4544776.643 0.011
4537662.969 0.011
4530546.355 0.011
4523426.817 0.011
4516304.369 0.011
4509179.026 0.012
4502050.802 0.012
4494919.712 0.012
4487785.771 0.012
4480648.993 0.012
4473509.394 0.012
4466366.989 0.012
4459221.792 0.012
4452073.819 0.012
4444923.084 0.012
4437769.604 0.012
4430613.392 0.012
4423454.465 0.012
4416292.838 0.012
4409128.525 0.012
4401961.544 0.012
4394791.908 0.012
4387619.635 0.012
4380444.738 0.012
4373267.235 0.012
4366087.141 0.012
4358904.471 0.012
4351719.242 0.012
4344531.469 0.012
4337341.169 0.012
4330148.358 0.012
4322953.052 0.013
4315755.267 0.013
4308555.019 0.013
4301352.324 0.013
4294147.200 0.013
4286939.663 0.013
4279729.729 0.013
4272517.414 0.013
4265302.736 0.013
4258085.712 0.013
4250866.357 0.013
4243644.689 0.013
4236420.726 0.013
4229194.483 0.013
4221965.979 0.013
4214735.230 0.013
4207502.254 0.013
4200267.068 0.013
4193029.689 0.013
4185790.135 0.013
4178548.424 0.013
4171304.572 0.013
4164058.599 0.013
4156810.521 0.014
4149560.357 0.014
4142308.125 0.014
4135053.842 0.014
4127797.527 0.014
4120539.197 0.014
4113278.872 0.014
4106016.570 0.014
4098752.309 0.014
4091486.107 0.014
4084217.984 0.014
4076947.958 0.014
4069676.047 0.014
4062402.271 0.014
4055126.649 0.014
4047849.200 0.014
4040569.942 0.014
4033288.896 0.014
4026006.080 0.014
4018721.514 0.014
4011435.218 0.015
4004147.211 0.015
3996857.512 0.015
3989566.143 0.015
3982273.122 0.015
3974978.469 0.015
3967682.205 0.015
3960384.350 0.015
3953084.924 0.015
3945783.948 0.015
3938481.442 0.015
3931177.427 0.015
3923871.923 0.015
3916564.951 0.015
3909256.532 0.015
3901946.688 0.015
3894635.439 0.015
3887322.807 0.015
3880008.813 0.016
3872693.478 0.016
3865376.824 0.016
3858058.873 0.016
3850739.646 0.016
3843419.166 0.016
3836097.455 0.016
3828774.534 0.016
3821450.426 0.016
3814125.153 0.016
3806798.738 0.016
3799471.203 0.016
3792142.572 0.016
3784812.867 0.016
3777482.110 0.016
3770150.326 0.016
3762817.538 0.016
3755483.768 0.017
3748149.041 0.017
3740813.379 0.017
3733476.807 0.017
3726139.349 0.017
3718801.029 0.017
3711461.870 0.017
3704121.898 0.017
3696781.136 0.017
3689439.609 0.017
3682097.343 0.017
3674754.361 0.017
3667410.689 0.017
3660066.351 0.017
3652721.375 0.017
3645375.783 0.018
3638029.604 0.018
3630682.861 0.018
3623335.581 0.018
3615987.790 0.018
3608639.514 0.018
3601290.780 0.018
3593941.614 0.018
3586592.043 0.018
3579242.093 0.018
3571891.792 0.018
3564541.167 0.018
3557190.245 0.018
3549839.053 0.019
3542487.620 0.019
3535135.973 0.019
3527784.140 0.019
3520432.149 0.019
3513080.029 0.019
3505727.808 0.019
3498375.515 0.019
3491023.179 0.019
3483670.829 0.019
3476318.494 0.019
3468966.203 0.019
3461613.987 0.019
3454261.874 0.020
3446909.896 0.020
3439558.082 0.020
3432206.463 0.020
3424855.069 0.020
3417503.931 0.020
3410153.080 0.020
3402802.547 0.020
3395452.364 0.020
3388102.562 0.020
3380753.174 0.020
3373404.231 0.020
3366055.765 0.021
3358707.809 0.021
3351360.395 0.021
3344013.558 0.021
3336667.328 0.021
3329321.741 0.021
3321976.830 0.021
3314632.627 0.021
3307289.169 0.021
3299946.488 0.021
3292604.619 0.021
3285263.597 0.022
3277923.457 0.022
3270584.235 0.022
3263245.965 0.022
3255908.684 0.022
3248572.427 0.022
3241237.231 0.022
3233903.133 0.022
3226570.168 0.022
3219238.374 0.022
3211907.789 0.023
3204578.450 0.023
3197250.394 0.023
3189923.660 0.023
3182598.286 0.023
3175274.312 0.023
3167951.775 0.023
3160630.715 0.023
3153311.172 0.023
3145993.185 0.023
3138676.795 0.024
3131362.042 0.024
3124048.966 0.024
3116737.609 0.024
3109428.012 0.024
3102120.217 0.024
3094814.265 0.024
3087510.199 0.024
3080208.062 0.025
3072907.895 0.025
3065609.744 0.025
3058313.650 0.025
3051019.658 0.025
3043727.813 0.025
3036438.159 0.025
3029150.740 0.025
3021865.602 0.025
3014582.791 0.026
3007302.353 0.026
3000024.334 0.026
2992748.780 0.026
2985475.740 0.026
2978205.259 0.026
2970937.387 0.026
2963672.171 0.026
2956409.660 0.027
2949149.904 0.027
2941892.950 0.027
2934638.849 0.027
2927387.652 0.027
2920139.409 0.027
2912894.170 0.027
2905651.988 0.027
2898412.914 0.028
2891177.000 0.028
2883944.300 0.028
2876714.865 0.028
2869488.751 0.028
2862266.010 0.028
2855046.698 0.028
2847830.868 0.029
2840618.577 0.029
2833409.881 0.029
2826204.835 0.029
2819003.497 0.029
2811805.923 0.029
2804612.172 0.029
2797422.301 0.030
2790236.370 0.030
2783054.437 0.030
2775876.563 0.030
2768702.807 0.030
2761533.231 0.030
2754367.895 0.031
2747206.862 0.031
2740050.193 0.031
2732897.952 0.031
2725750.202 0.031
2718607.007 0.031
2711468.432 0.032
2704334.541 0.032
2697205.401 0.032
2690081.077 0.032
2682961.637 0.032
2675847.147 0.032
2668737.677 0.032
2661633.294 0.033
2654534.067 0.033
2647440.067 0.033
2640351.365 0.033
2633268.030 0.033
2626190.136 0.034
2619117.753 0.034
2612050.956 0.034
2604989.818 0.034
2597934.414 0.034
2590884.818 0.034
2583841.105 0.035
2576803.354 0.035
2569771.640 0.035
2562746.041 0.035
2555726.636 0.035
2548713.505 0.036
2541706.726 0.036
2534706.382 0.036
2527712.552 0.036
2520725.320 0.036
2513744.768 0.037
2506770.980 0.037
2499804.041 0.037
2492844.035 0.037
2485891.050 0.037
2478945.171 0.038
2472006.486 0.038
2465075.084 0.038
2458151.054 0.038
2451234.486 0.038
2444325.472 0.039
2437424.103 0.039
2430530.471 0.039
2423644.671 0.039
2416766.797 0.039
2409896.944 0.040
2403035.208 0.040
2396181.687 0.040
2389336.478 0.040
2382499.682 0.041
2375671.397 0.041
2368851.724 0.041
2362040.766 0.041
2355238.625 0.042
2348445.405 0.042
2341661.210 0.042
2334886.148 0.042
2328120.324 0.042
2321363.846 0.043
2314616.823 0.043
2307879.365 0.043
2301151.582 0.043
2294433.588 0.044
2287725.495 0.044
2281027.417 0.044
2274339.469 0.044
2267661.768 0.045
2260994.432 0.045
2254337.578 0.045
2247691.327 0.045
2241055.799 0.046
2234431.117 0.046
2227817.404 0.046
2221214.784 0.047
2214623.383 0.047
2208043.327 0.047
2201474.745 0.047
2194917.766 0.048
2188372.521 0.048
2181839.141 0.048
2175317.759 0.048
2168808.510 0.049
2162311.528 0.049
2155826.952 0.049
2149354.919 0.050
2142895.569 0.050
2136449.043 0.050
2130015.482 0.051
2123595.031 0.051
2117187.834 0.051
2110794.038 0.051
2104413.790 0.052
2098047.239 0.052
2091694.537 0.052
2085355.834 0.053
2079031.285 0.053
2072721.044 0.053
2066425.268 0.054
2060144.113 0.054
2053877.741 0.054
2047626.310 0.055
2041389.984 0.055
2035168.927 0.055
2028963.303 0.056
2022773.279 0.056
2016599.025 0.056
2010440.709 0.057
2004298.504 0.057
1998172.582 0.057
1992063.119 0.058
1985970.290 0.058
1979894.274 0.058
1973835.250 0.059
1967793.399 0.059
1961768.904 0.059
1955761.950 0.060
1949772.722 0.060
1943801.409 0.060
1937848.200 0.061
1931913.286 0.061
1925996.860 0.061
1920099.116 0.062
1914220.252 0.062
1908360.464 0.063
1902519.953 0.063
1896698.919 0.063
1890897.567 0.064
1885116.101 0.064
1879354.727 0.064
1873613.654 0.065
1867893.093 0.065
1862193.254 0.066
1856514.353 0.066
1850856.603 0.066
1845220.223 0.067
1839605.430 0.067
1834012.447 0.068
1828441.496 0.068
1822892.800 0.068
1817366.586 0.069
1811863.082 0.069
1806382.516 0.070
1800925.121 0.070
1795491.130 0.070
1790080.778 0.071
1784694.300 0.071
1779331.936 0.072
1773993.925 0.072
1768680.510 0.072
1763391.933 0.073
1758128.441 0.073
1752890.280 0.074
1747677.699 0.074
1742490.949 0.075
1737330.281 0.075
1732195.949 0.075
1727088.208 0.076
1722007.317 0.076
1716953.532 0.077
1711927.116 0.077
1706928.328 0.078
1701957.434 0.078
1697014.697 0.078
1692100.385 0.079
1687214.765 0.079
1682358.107 0.080
1677530.682 0.080
1672732.762 0.081
1667964.621 0.081
1663226.534 0.081
1658518.778 0.082
1653841.630 0.082
1649195.371 0.083
1644580.279 0.083
1639996.636 0.084
1635444.726 0.084
1630924.833 0.085
1626437.240 0.085
1621982.235 0.085
1617560.104 0.086
1613171.135 0.086
1608815.617 0.087
1604493.841 0.087
1600206.096 0.088
1595952.675 0.088
1591733.869 0.089
1587549.971 0.089
1583401.274 0.089
1579288.073 0.090
1575210.662 0.090
1571169.336 0.091
1567164.391 0.091
1563196.121 0.092
1559264.823 0.092
1555370.793 0.093
1551514.327 0.093
1547695.721 0.093
1543915.271 0.094
1540173.274 0.094
1536470.025 0.095
1532805.821 0.095
1529180.955 0.096
1525595.724 0.096
1522050.421 0.096
1518545.341 0.097
1515080.776 0.097
1511657.019 0.098
1508274.362 0.098
1504933.095 0.099
1501633.507 0.099
1498375.888 0.099
1495160.525 0.100
1491987.703 0.100
1488857.708 0.101
1485770.822 0.101
1482727.327 0.101
1479727.503 0.102
1476771.629 0.102
1473859.979 0.103
1470992.829 0.103
1468170.451 0.103
1465393.114 0.104
1462661.087 0.104
1459974.634 0.104
1457334.018 0.105
1454739.500 0.105
1452191.337 0.105
1449689.783 0.106
1447235.091 0.106
1444827.508 0.106
1442467.281 0.107
1440154.651 0.107
1437889.857 0.107
1435673.136 0.108
1433504.718 0.108
1431384.832 0.108
1429313.702 0.109
1427291.549 0.109
1425318.590 0.109
1423395.036 0.109
1421521.096 0.110
1419696.974 0.110
1417922.869 0.110
1416198.977 0.111
1414525.488 0.111
1412902.587 0.111
1411330.457 0.111
1409809.272 0.111
1408339.204 0.112
1406920.419 0.112
1405553.078 0.112
1404237.337 0.112
1402973.346 0.112
1401761.250 0.113
1400601.189 0.113
1399493.297 0.113
1398437.702 0.113
1397434.526 0.113
1396483.888 0.113
1395585.898 0.114
1394740.661 0.114
1393948.276 0.114
1393208.837 0.114
1392522.432 0.114
1391889.141 0.114
1391309.040 0.114
1390782.196 0.114
1390308.674 0.114
1389888.529 0.114
1389521.812 0.115
1389208.566 0.115
1388948.828 0.115
1388742.630 0.115
1388589.997 0.115
1388490.946 0.115
1388445.489 0.115
1388453.633 0.115
1388515.375 0.115
1388630.710 0.115
1388799.621 0.115
1389022.091 0.115
1389298.091 0.115
1389627.589 0.115
1390010.546 0.114
1390446.916 0.114
1390936.646 0.114
1391479.680 0.114
1392075.951 0.114
1392725.389 0.114
1393427.918 0.114
1394183.454 0.114
1394991.909 0.114
1395853.186 0.114
1396767.185 0.113
1397733.799 0.113
1398752.915 0.113
1399824.414 0.113
1400948.172 0.113
1402124.059 0.113
1403351.938 0.112
1404631.669 0.112
1405963.105 0.112
1407346.094 0.112
1408780.478 0.112
1410266.096 0.111
1411802.779 0.111
1413390.354 0.111
1415028.645 0.111
1416717.469 0.110
1418456.638 0.110
1420245.961 0.110
1422085.241 0.110
1423974.278 0.109
1425912.865 0.109
1427900.794 0.109
1429937.851 0.109
1432023.818 0.108
1434158.474 0.108
1436341.592 0.108
1438572.944 0.107
1440852.297 0.107
1443179.413 0.107
1445554.054 0.106
1447975.976 0.106
1450444.932 0.106
1452960.674 0.105
1455522.947 0.105
1458131.498 0.105
1460786.067 0.104
1463486.394 0.104
1466232.215 0.104
1469023.264 0.103
1471859.273 0.103
1474739.971 0.102
1477665.085 0.102
1480634.341 0.102
1483647.461 0.101
1486704.167 0.101
1489804.179 0.100
1492947.214 0.100
1496132.990 0.100
1499361.220 0.099
1502631.618 0.099
1505943.897 0.098
1509297.768 0.098
1512692.941 0.098
1516129.125 0.097
1519606.028 0.097
1523123.357 0.096
1526680.819 0.096
1530278.121 0.095
1533914.966 0.095
1537591.062 0.095
1541306.111 0.094
1545059.819 0.094
1548851.889 0.093
1552682.025 0.093
1556549.932 0.092
1560455.312 0.092
1564397.870 0.092
1568377.309 0.091
1572393.335 0.091
1576445.651 0.090
1580533.962 0.090
1584657.973 0.089
1588817.391 0.089
1593011.921 0.088
1597241.269 0.088
1601505.144 0.088
1605803.253 0.087
1610135.306 0.087
1614501.011 0.086
1618900.080 0.086
1623332.223 0.085
1627797.152 0.085
1632294.582 0.084
1636824.226 0.084
1641385.800 0.084
1645979.020 0.083
1650603.604 0.083
1655259.270 0.082
1659945.738 0.082
1664662.731 0.081
1669409.970 0.081
1674187.179 0.080
1678994.083 0.080
1683830.410 0.080
1688695.886 0.079
1693590.243 0.079
1698513.210 0.078
1703464.520 0.078
1708443.907 0.077
1713451.106 0.077
1718485.855 0.077
1723547.892 0.076
1728636.958 0.076
1733752.793 0.075
1738895.142 0.075
1744063.750 0.074
1749258.363 0.074
1754478.731 0.074
1759724.602 0.073
1764995.729 0.073
1770291.865 0.072
1775612.765 0.072
1780958.188 0.071
1786327.890 0.071
1791721.633 0.071
1797139.179 0.070
1802580.291 0.070
1808044.736 0.069
1813532.280 0.069
1819042.693 0.069
1824575.747 0.068
1830131.213 0.068
1835708.866 0.067
1841308.482 0.067
1846929.840 0.067
1852572.720 0.066
1858236.902 0.066
1863922.170 0.065
1869628.310 0.065
1875355.108 0.065
1881102.353 0.064
1886869.835 0.064
1892657.346 0.064
1898464.681 0.063
1904291.634 0.063
1910138.004 0.062
1916003.589 0.062
1921888.190 0.062
1927791.610 0.061
1933713.652 0.061
1939654.124 0.061
1945612.832 0.060
1951589.587 0.060
1957584.198 0.060
1963596.478 0.059
1969626.243 0.059
1975673.308 0.058
1981737.490 0.058
1987818.610 0.058
1993916.487 0.057
2000030.945 0.057
2006161.808 0.057
2012308.901 0.056
2018472.052 0.056
2024651.089 0.056
2030845.844 0.055
2037056.148 0.055
2043281.835 0.055
2049522.740 0.054
2055778.699 0.054
2062049.552 0.054
2068335.137 0.053
2074635.296 0.053
2080949.872 0.053
2087278.708 0.053
2093621.650 0.052
2099978.545 0.052
2106349.242 0.052
2112733.591 0.051
2119131.442 0.051
2125542.650 0.051
2131967.067 0.050
2138404.549 0.050
2144854.953 0.050
2151318.137 0.050
2157793.962 0.049
2164282.287 0.049
2170782.974 0.049
2177295.889 0.048
2183820.894 0.048
2190357.857 0.048
2196906.644 0.048
2203467.124 0.047
2210039.168 0.047
2216622.646 0.047
2223217.430 0.046
2229823.395 0.046
2236440.414 0.046
2243068.364 0.046
2249707.122 0.045
2256356.566 0.045
2263016.576 0.045
2269687.031 0.045
2276367.815 0.044
2283058.810 0.044
2289759.899 0.044
2296470.969 0.044
2303191.904 0.043
2309922.592 0.043
2316662.923 0.043
2323412.784 0.043
2330172.066 0.042
2336940.661 0.042
2343718.461 0.042
2350505.361 0.042
2357301.253 0.041
2364106.035 0.041
2370919.601 0.041
2377741.851 0.041
2384572.681 0.041
2391411.992 0.040
2398259.685 0.040
2405115.659 0.040
2411979.818 0.040
2418852.064 0.039
2425732.302 0.039
2432620.436 0.039
2439516.372 0.039
2446420.018 0.039
2453331.279 0.038
2460250.066 0.038
2467176.287 0.038
2474109.852 0.038
2481050.673 0.038
2487998.660 0.037
2494953.727 0.037
2501915.787 0.037
2508884.754 0.037
2515860.543 0.036
2522843.070 0.036
2529832.251 0.036
2536828.004 0.036
2543830.247 0.036
2550838.898 0.036
2557853.878 0.035
2564875.105 0.035
2571902.502 0.035
2578935.990 0.035
2585975.491 0.035
2593020.929 0.034
2600072.227 0.034
2607129.310 0.034
2614192.103 0.034
2621260.532 0.034
2628334.523 0.033
2635414.003 0.033
2642498.901 0.033
2649589.145 0.033
2656684.663 0.033
2663785.386 0.033
2670891.244 0.032
2678002.168 0.032
2685118.089 0.032
2692238.940 0.032
2699364.653 0.032
2706495.162 0.032
2713630.400 0.031
2720770.302 0.031
2727914.804 0.031
2735063.840 0.031
2742217.347 0.031
2749375.262 0.031
2756537.521 0.030
2763704.064 0.030
2770874.827 0.030
2778049.751 0.030
2785228.774 0.030
2792411.836 0.030
2799598.878 0.030
2806789.840 0.029
2813984.665 0.029
2821183.293 0.029
2828385.668 0.029
2835591.733 0.029
2842801.429 0.029
2850014.703 0.029
2857231.497 0.028
2864451.756 0.028
2871675.427 0.028
2878902.454 0.028
2886132.783 0.028
2893366.361 0.028
2900603.136 0.028
2907843.054 0.027
2915086.064 0.027
2922332.113 0.027
2929581.151 0.027
2936833.126 0.027
2944087.988 0.027
2951345.688 0.027
2958606.174 0.027
2965869.399 0.026
2973135.313 0.026
2980403.867 0.026
2987675.014 0.026
2994948.706 0.026
3002224.896 0.026
3009503.535 0.026
3016784.579 0.026
3024067.981 0.025
3031353.694 0.025
3038641.674 0.025
3045931.874 0.025
3053224.251 0.025
3060518.760 0.025
3067815.356 0.025
3075113.996 0.025
3082414.636 0.024
3089717.233 0.024
3097021.745 0.024
3104328.129 0.024
3111636.342 0.024
3118946.344 0.024
3126258.091 0.024
3133571.544 0.024
3140886.661 0.024
3148203.401 0.023
3155521.724 0.023
3162841.591 0.023
3170162.961 0.023
3177485.795 0.023
3184810.054 0.023
3192135.699 0.023
3199462.691 0.023
3206790.993 0.023
3214120.565 0.023
3221451.371 0.022
3228783.372 0.022
3236116.533 0.022
3243450.814 0.022
3250786.181 0.022
3258122.596 0.022
3265460.024 0.022
3272798.428 0.022
3280137.772 0.022
3287478.022 0.022
3294819.142 0.021
3302161.098 0.021
3309503.853 0.021
3316847.375 0.021
3324191.629 0.021
3331536.580 0.021
3338882.196 0.021
3346228.442 0.021
3353575.286 0.021
3360922.693 0.021
3368270.632 0.021
3375619.070 0.020
3382967.974 0.020
3390317.312 0.020
3397667.053 0.020
3405017.163 0.020
3412367.613 0.020
3419718.370 0.020
3427069.403 0.020
3434420.681 0.020
3441772.174 0.020
3449123.852 0.020
3456475.682 0.020
3463827.637 0.019
3471179.685 0.019
3478531.797 0.019
3485883.943 0.019
3493236.093 0.019
3500588.220 0.019
3507940.293 0.019
3515292.283 0.019
3522644.163 0.019
3529995.904 0.019
3537347.476 0.019
3544698.853 0.019
3552050.006 0.018
3559400.908 0.018
3566751.530 0.018
3574101.845 0.018
3581451.827 0.018
3588801.447 0.018
3596150.679 0.018
3603499.497 0.018
3610847.873 0.018
3618195.781 0.018
3040278.652 0.025
3030266.354 0.025
3020256.255 0.025
3010248.419 0.026
3000242.908 0.026
2990239.785 0.026
2980239.114 0.026
2970240.961 0.026
2960245.390 0.026
2950252.468 0.027
2940262.262 0.027
2930274.840 0.027
2920290.270 0.027
2910308.622 0.027
2900329.965 0.028
2890354.371 0.028
2880381.911 0.028
2870412.658 0.028
2860446.685 0.028
2850484.066 0.029
2840524.878 0.029
2830569.195 0.029
2820617.095 0.029
2810668.656 0.029
2800723.956 0.030
2790783.075 0.030
2780846.095 0.030
2770913.096 0.030
2760984.161 0.030
2751059.375 0.031
2741138.822 0.031
2731222.587 0.031
2721310.759 0.031
2711403.424 0.032
2701500.672 0.032
2691602.593 0.032
2681709.278 0.032
2671820.821 0.032
2661937.314 0.033
2652058.853 0.033
2642185.533 0.033
2632317.453 0.033
2622454.710 0.034
2612597.405 0.034
2602745.639 0.034
2592899.515 0.034
2583059.136 0.035
2573224.607 0.035
2563396.037 0.035
2553573.532 0.035
2543757.202 0.036
2533947.159 0.036
2524143.514 0.036
2514346.383 0.037
2504555.880 0.037
2494772.123 0.037
2484995.231 0.037
2475225.324 0.038
2465462.525 0.038
2455706.957 0.038
2445958.746 0.039
2436218.019 0.039
2426484.906 0.039
2416759.537 0.039
2407042.045 0.040
2397332.565 0.040
2387631.234 0.040
2377938.190 0.041
2368253.574 0.041
2358577.528 0.041
2348910.197 0.042
2339251.728 0.042
2329602.269 0.042
2319961.973 0.043
2310330.991 0.043
2300709.481 0.043
2291097.599 0.044
2281495.505 0.044
2271903.363 0.045
2262321.337 0.045
2252749.596 0.045
2243188.308 0.046
2233637.646 0.046
2224097.786 0.046
2214568.905 0.047
2205051.184 0.047
2195544.807 0.048
2186049.958 0.048
2176566.828 0.048
2167095.608 0.049
2157636.493 0.049
2148189.680 0.050
2138755.371 0.050
2129333.769 0.051
2119925.082 0.051
2110529.520 0.051
2101147.297 0.052
2091778.630 0.052
2082423.739 0.053
2073082.849 0.053
2063756.187 0.054
2054443.984 0.054
2045146.475 0.055
2035863.898 0.055
2026596.497 0.056
2017344.517 0.056
2008108.208 0.057
1998887.826 0.057
1989683.627 0.058
1980495.875 0.058
1971324.837 0.059
1962170.783 0.059
1953033.989 0.060
1943914.736 0.060
1934813.307 0.061
1925729.992 0.061
1916665.086 0.062
1907618.886 0.063
1898591.696 0.063
1889583.825 0.064
1880595.587 0.064
1871627.301 0.065
1862679.290 0.066
1853751.885 0.066
1844845.420 0.067
1835960.235 0.067
1827096.678 0.068
1818255.099 0.069
1809435.856 0.069
1800639.313 0.070
1791865.840 0.071
1783115.811 0.071
1774389.610 0.072
1765687.624 0.073
1757010.248 0.073
1748357.884 0.074
1739730.938 0.075
1731129.826 0.075
1722554.970 0.076
1714006.797 0.077
1705485.744 0.078
1696992.252 0.078
1688526.772 0.079
1680089.762 0.080
1671681.686 0.081
1663303.016 0.081
1654954.234 0.082
1646635.826 0.083
1638348.290 0.084
1630092.129 0.085
1621867.856 0.085
1613675.990 0.086
1605517.061 0.087
1597391.607 0.088
1589300.174 0.089
1581243.315 0.090
1573221.595 0.091
1565235.586 0.091
1557285.870 0.092
1549373.037 0.093
1541497.686 0.094
1533660.428 0.095
1525861.880 0.096
1518102.669 0.097
1510383.435 0.098
1502704.822 0.099
1495067.489 0.100
1487472.102 0.101
1479919.337 0.102
1472409.880 0.103
1464944.427 0.104
1457523.684 0.105
1450148.369 0.106
1442819.206 0.107
1435536.932 0.108
1428302.294 0.109
1421116.048 0.110
1413978.960 0.111
1406891.809 0.112
1399855.379 0.113
1392870.469 0.114
1385937.885 0.115
1379058.444 0.116
1372232.974 0.117
1365462.310 0.118
1358747.300 0.119
1352088.799 0.121
1345487.673 0.122
1338944.797 0.123
1332461.056 0.124
1326037.342 0.125
1319674.559 0.126
1313373.617 0.127
1307135.436 0.128
1300960.944 0.130
1294851.077 0.131
1288806.777 0.132
1282828.997 0.133
1276918.694 0.134
1271076.834 0.135
1265304.387 0.136
1259602.332 0.138
1253971.651 0.139
1248413.333 0.140
1242928.370 0.141
1237517.761 0.142
1232182.506 0.143
1226923.609 0.144
1221742.079 0.146
1216638.923 0.147
1211615.154 0.148
1206671.781 0.149
1201809.819 0.150
1197030.277 0.151
1192334.166 0.152
1187722.494 0.153
1183196.269 0.154
1178756.490 0.155
1174404.158 0.156
1170140.266 0.158
1165965.799 0.159
1161881.740 0.160
1157889.061 0.161
1153988.726 0.162
1150181.691 0.163
1146468.901 0.163
1142851.288 0.164
1139329.774 0.165
1135905.266 0.166
1132578.659 0.167
1129350.831 0.168
1126222.643 0.169
1123194.942 0.170
1120268.553 0.170
1117444.285 0.171
1114722.924 0.172
1112105.238 0.173
1109591.970 0.173
1107183.842 0.174
1104881.551 0.175
1102685.769 0.175
1100597.141 0.176
1098616.288 0.177
1096743.802 0.177
1094980.245 0.178
1093326.152 0.178
1091782.028 0.179
1090348.345 0.179
1089025.545 0.179
1087814.039 0.180
1086714.202 0.180
1085726.380 0.180
1084850.881 0.181
1084087.983 0.181
1083437.924 0.181
1082900.912 0.181
1082477.116 0.181
1082166.672 0.181
1081969.677 0.182
1081886.196 0.182
1081916.254 0.182
1082059.842 0.182
1082316.914 0.181
1082687.388 0.181
1083171.147 0.181
1083768.036 0.181
1084477.867 0.181
1085300.416 0.181
1086235.422 0.180
1087282.592 0.180
1088441.599 0.180
1089712.080 0.179
1091093.641 0.179
1092585.856 0.178
1094188.265 0.178
1095900.380 0.177
1097721.679 0.177
1099651.613 0.176
1101689.604 0.176
1103835.045 0.175
1106087.302 0.174
1108445.715 0.174
1110909.598 0.173
1113478.242 0.172
1116150.914 0.172
1118926.857 0.171
1121805.293 0.170
1124785.424 0.169
1127866.433 0.168
1131047.483 0.168
1134327.719 0.167
1137706.270 0.166
1141182.251 0.165
1144754.759 0.164
1148422.879 0.163
1152185.685 0.162
1156042.236 0.161
1159991.582 0.160
1164032.764 0.159
1168164.811 0.158
1172386.747 0.157
1176697.587 0.156
1181096.341 0.155
1185582.014 0.154
1190153.604 0.153
1194810.107 0.152
1199550.516 0.151
1204373.821 0.149
1209279.011 0.148
1214265.076 0.147
1219331.001 0.146
1224475.778 0.145
1229698.394 0.144
1234997.843 0.143
1240373.119 0.142
1245823.218 0.140
1251347.141 0.139
1256943.894 0.138
1262612.486 0.137
1268351.930 0.136
1274161.248 0.135
1280039.464 0.134
1285985.611 0.132
1291998.727 0.131
1298077.857 0.130
1304222.055 0.129
1310430.382 0.128
1316701.904 0.127
1323035.699 0.126
1329430.853 0.124
1335886.457 0.123
1342401.615 0.122
1348975.438 0.121
1355607.047 0.120
1362295.571 0.119
1369040.150 0.118
1375839.932 0.117
1382694.078 0.116
1389601.754 0.115
1396562.139 0.113
1403574.422 0.112
1410637.802 0.111
1417751.485 0.110
1424914.691 0.109
1432126.649 0.108
1439386.597 0.107
1446693.784 0.106
1454047.469 0.105
1461446.921 0.104
1468891.418 0.103
1476380.251 0.102
1483912.719 0.101
1491488.130 0.100
1499105.803 0.099
1506765.068 0.098
1514465.263 0.097
1522205.736 0.096
1529985.847 0.096
1537804.961 0.095
1545662.457 0.094
1553557.721 0.093
1561490.149 0.092
1569459.146 0.091
1577464.127 0.090
1585504.514 0.089
1593579.740 0.088
1601689.247 0.088
1609832.483 0.087
1618008.908 0.086
1626217.989 0.085
1634459.201 0.084
1642732.028 0.083
1651035.962 0.083
1659370.503 0.082
1667735.160 0.081
1676129.448 0.080
1684552.892 0.080
1693005.023 0.079
1701485.379 0.078
1709993.509 0.077
1718528.964 0.077
1727091.307 0.076
1735680.106 0.075
1744294.936 0.074
1752935.379 0.074
1761601.024 0.073
1770291.467 0.072
1779006.310 0.072
1787745.161 0.071
1796507.637 0.070
1805293.357 0.070
1814101.951 0.069
1822933.050 0.068
1831786.296 0.068
1840661.333 0.067
1849557.812 0.066
1858475.391 0.066
1867413.732 0.065
1876372.502 0.065
1885351.376 0.064
1894350.032 0.063
1903368.153 0.063
1912405.430 0.062
1921461.554 0.062
1930536.227 0.061
1939629.150 0.061
1948740.034 0.060
1957868.591 0.060
1967014.539 0.059
1976177.600 0.058
1985357.502 0.058
1994553.974 0.057
2003766.754 0.057
2012995.580 0.056
2022240.197 0.056
2031500.352 0.055
2040775.796 0.055
2050066.287 0.054
2059371.583 0.054
2068691.448 0.053
2078025.649 0.053
2087373.956 0.053
2096736.145 0.052
2106111.992 0.052
2115501.280 0.051
2124903.793 0.051
2134319.318 0.050
2143747.648 0.050
2153188.576 0.049
2162641.901 0.049
2172107.423 0.049
2181584.946 0.048
2191074.276 0.048
2200575.224 0.047
2210087.602 0.047
2219611.225 0.047
2229145.911 0.046
2238691.482 0.046
2248247.761 0.045
2257814.575 0.045
2267391.751 0.045
2276979.122 0.044
2286576.521 0.044
2296183.784 0.044
2305800.751 0.043
2315427.262 0.043
2325063.160 0.043
2334708.292 0.042
2344362.505 0.042
2354025.649 0.042
2363697.576 0.041
2373378.140 0.041
2383067.199 0.041
2392764.611 0.040
2402470.235 0.040
2412183.935 0.040
2421905.575 0.039
2431635.021 0.039
2441372.141 0.039
2451116.805 0.038
2460868.886 0.038
2470628.256 0.038
2480394.791 0.038
2490168.368 0.037
2499948.866 0.037
2509736.165 0.037
2519530.147 0.036
2529330.696 0.036
2539137.696 0.036
2548951.035 0.036
2558770.601 0.035
2568596.283 0.035
2578427.973 0.035
2588265.563 0.035
2598108.947 0.034
2607958.021 0.034
2617812.681 0.034
2627672.826 0.034
2637538.354 0.033
2647409.168 0.033
2657285.168 0.033
2667166.258 0.033
2677052.343 0.032
2686943.328 0.032
2696839.120 0.032
2706739.628 0.032
2716644.760 0.031
2726554.426 0.031
2736468.539 0.031
2746387.011 0.031
2756309.756 0.030
2766236.687 0.030
2776167.722 0.030
2786102.776 0.030
2796041.768 0.030
2805984.617 0.029
2815931.241 0.029
2825881.563 0.029
2835835.503 0.029
2845792.984 0.029
2855753.930 0.028
2865718.265 0.028
2875685.914 0.028
2885656.803 0.028
2895630.860 0.028
2905608.013 0.027
2915588.190 0.027
2925571.320 0.027
2935557.334 0.027
2945546.163 0.027
2955537.739 0.027
2965531.994 0.026
2975528.863 0.026
2985528.278 0.026
2995530.175 0.026
3005534.490 0.026
3015541.159 0.026
3025550.118 0.025
3035561.306 0.025
3045574.661 0.025
3055590.121 0.025
3065607.627 0.025
3075627.119 0.025
3085648.538 0.024
3095671.825 0.024
3105696.922 0.024
3115723.773 0.024
3125752.320 0.024
3135782.508 0.024
3145814.281 0.024
3155847.585 0.023
3165882.365 0.023
3175918.566 0.023
3185956.137 0.023
3195995.024 0.023
3206035.176 0.023
3216076.540 0.022
3226119.065 0.022
3236162.701 0.022
3246207.398 0.022
3256253.106 0.022
3266299.775 0.022
3276347.358 0.022
3286395.806 0.022
3296445.071 0.021
3306495.106 0.021
3316545.864 0.021
3326597.299 0.021
3336649.364 0.021
3346702.015 0.021
3356755.206 0.021
3366808.892 0.021
3376863.029 0.020
3386917.574 0.020
3396972.482 0.020
3407027.711 0.020
3417083.217 0.020
3427138.960 0.020
3437194.896 0.020
3447250.984 0.020
3457307.183 0.019
3467363.452 0.019
3477419.751 0.019
3487476.039 0.019
3497532.277 0.019
3507588.425 0.019
3517644.444 0.019
3527700.296 0.019
3537755.941 0.019
3547811.342 0.019
3557866.461 0.018
3567921.261 0.018
3577975.703 0.018
3588029.752 0.018
3598083.371 0.018
3608136.524 0.018
3618189.174 0.018
3628241.286 0.018
3638292.824 0.018
3648343.753 0.018
3658394.040 0.017
3668443.648 0.017
3678492.543 0.017
3688540.692 0.017
3698588.061 0.017
3708634.616 0.017
3718680.324 0.017
3728725.152 0.017
3738769.068 0.017
3748812.038 0.017
3758854.031 0.017
3768895.014 0.016
3778934.956 0.016
3788973.824 0.016
3799011.589 0.016
3809048.219 0.016
3819083.682 0.016
3829117.948 0.016
3839150.988 0.016
3849182.770 0.016
3859213.264 0.016
3869242.441 0.016
3879270.272 0.016
3889296.726 0.015
3899321.775 0.015
3909345.390 0.015
3919367.541 0.015
3929388.201 0.015
3939407.342 0.015
3949424.933 0.015
3959440.949 0.015
3969455.361 0.015
3979468.141 0.015
3989479.262 0.015
3999488.697 0.015
4009496.419 0.015
4019502.400 0.014
4029506.614 0.014
4039509.034 0.014
4049509.635 0.014
4059508.389 0.014
4069505.271 0.014
4079500.254 0.014
4089493.314 0.014
4099484.424 0.014
4109473.559 0.014
4119460.694 0.014
4129445.804 0.014
4139428.863 0.014
4149409.847 0.014
4159388.731 0.014
4169365.491 0.013
4179340.102 0.013
4189312.540 0.013
4199282.781 0.013
4209250.801 0.013
4219216.576 0.013
4229180.082 0.013
4239141.296 0.013
4249100.195 0.013
4259056.755 0.013
4269010.954 0.013
4278962.767 0.013
4288912.172 0.013
4298859.147 0.013
4308803.668 0.013
4318745.714 0.013
4328685.261 0.012
4338622.288 0.012
4348556.772 0.012
4358488.692 0.012
4368418.024 0.012
4378344.749 0.012
4388268.843 0.012
4398190.285 0.012
4408109.055 0.012
4418025.129 0.012
4427938.488 0.012
4437849.110 0.012
4447756.974 0.012
4457662.059 0.012
4467564.343 0.012
4477463.808 0.012
4487360.431 0.012
4497254.192 0.012
4507145.072 0.012
4517033.049 0.011
4526918.103 0.011
4536800.214 0.011
4546679.362 0.011
4556555.528 0.011
4566428.690 0.011
4576298.830 0.011
4586165.929 0.011
4596029.965 0.011
4605890.920 0.011
4615748.775 0.011
4625603.509 0.011
4635455.105 0.011
4645303.542 0.011
4655148.801 0.011
4664990.865 0.011
4674829.713 0.011
4684665.327 0.011
4694497.688 0.011
4704326.778 0.011
4714152.578 0.011
4723975.070 0.010
4733794.235 0.010
4743610.054 0.010
4753422.510 0.010
4763231.585 0.010
4773037.259 0.010
4782839.516 0.010
4792638.337 0.010
4802433.705 0.010
4812225.601 0.010
4822014.008 0.010
4831798.909 0.010
4841580.285 0.010
4851358.119 0.010
4861132.393 0.010
4870903.091 0.010
4880670.195 0.010
4890433.688 0.010
4900193.552 0.010
4909949.770 0.010
4919702.326 0.010
4929451.202 0.010
4939196.382 0.010
4948937.848 0.010
4958675.583 0.010
4968409.572 0.009
4978139.797 0.009
4987866.242 0.009
4997588.890 0.009
5007307.724 0.009
5017022.729 0.009
5026733.887 0.009
5036441.183 0.009
5046144.601 0.009
5055844.123 0.009
5065539.734 0.009
5075231.418 0.009
5084919.159 0.009
5094602.940 0.009
5104282.747 0.009
5113958.562 0.009
5123630.371 0.009
5133298.157 0.009
5142961.904 0.009
5152621.598 0.009
5162277.222 0.009
5171928.760 0.009
5181576.199 0.009
5191219.521 0.009
5200858.711 0.009
5210493.755 0.009
5220124.636 0.009
5229751.340 0.009
5239373.851 0.009
5248992.155 0.009
5258606.235 0.008
5268216.077 0.008
5277821.667 0.008
5287422.988 0.008
5297020.026 0.008
5306612.767 0.008
5316201.195 0.008
5325785.295 0.008
263782.123 0.958
255572.820 0.965
247363.263 0.972
239153.459 0.978
230943.417 0.983
222733.146 0.987
214522.652 0.990
206311.945 0.993
198101.032 0.995
189889.923 0.997
181678.624 0.998
173467.144 0.999
165255.492 0.999
157043.674 1.000
148831.701 1.000
140619.579 1.000
132407.318 1.000
124194.924 1.000
115982.407 1.000
107769.774 1.000
99557.035 1.000
91344.195 1.000
83131.265 1.000
74918.253 1.000
66705.165 1.000
58492.011 1.000
50278.799 1.000
42065.537 1.000
33852.233 1.000
25638.895 1.000
17425.532 1.000
9212.151 1.000
998.762 1.000
7214.629 1.000
15428.013 1.000
23641.381 1.000
31854.726 1.000
40068.039 1.000
48281.312 1.000
56494.537 1.000
64707.706 1.000
72920.810 1.000
81133.842 1.000
89346.793 1.000
97559.655 1.000
105772.419 1.000
113985.079 1.000
122197.625 1.000
130410.049 1.000
138622.344 1.000
146834.500 1.000
155046.510 1.000
163258.366 0.999
171470.059 0.999
179681.582 0.998
187892.926 0.997
196104.082 0.996
204315.043 0.994
212525.801 0.991
220736.347 0.988
228946.673 0.984
237156.772 0.979
245366.634 0.973
253576.252 0.967
261785.617 0.960
269994.722 0.952
278203.558 0.943
286412.117 0.934
294620.390 0.924
302828.371 0.913
311036.049 0.902
319243.418 0.890
327450.469 0.878
335657.194 0.865
343863.585 0.853
352069.634 0.840
360275.331 0.826
368480.671 0.813
376685.643 0.799
384890.240 0.786
393094.453 0.772
401298.276 0.758
409501.699 0.745
417704.714 0.731
425907.313 0.718
434109.487 0.704
442311.230 0.691
450512.532 0.678
458713.386 0.665
466913.783 0.653
475113.715 0.640
483313.173 0.628
491512.151 0.616
499710.639 0.604
507908.629 0.592
516106.114 0.580
524303.085 0.569
532499.534 0.558
540695.452 0.547
548890.832 0.537
557085.665 0.526
565279.944 0.516
573473.660 0.506
581666.805 0.497
589859.370 0.487
598051.348 0.478
606242.731 0.469
614433.510 0.460
622623.677 0.451
630813.224 0.443
639002.143 0.435
647190.426 0.426
655378.064 0.419
663565.050 0.411
671751.375 0.403
679937.030 0.396
688122.009 0.389
696306.303 0.382
704489.903 0.375
712672.802 0.368
720854.991 0.362
729036.462 0.355
737217.207 0.349
745397.218 0.343
753576.487 0.337
761755.006 0.331
769932.766 0.326
778109.759 0.320
786285.977 0.315
794461.413 0.309
802636.057 0.304
810809.902 0.299
818982.939 0.294
827155.162 0.290
835326.560 0.285
843497.127 0.280
851666.853 0.276
859835.732 0.271
868003.754 0.267
876170.912 0.263
884337.198 0.259
892502.603 0.255
900667.119 0.251
908830.738 0.247
916993.452 0.243
925155.253 0.239
933316.133 0.236
941476.084 0.232
949635.096 0.229
957793.164 0.225
965950.277 0.222
974106.429 0.219
982261.610 0.216
990415.814 0.213
998569.031 0.209
1006721.254 0.206
1014872.474 0.204
20.008 2104992.505 0.066309561
20.123 2099112.421 0.066425749
20.238 2093240.071 0.066543792
20.354 2087375.527 0.066663693
20.470 2081518.862 0.066785453
20.587 2075670.148 0.066909072
20.704 2069829.460 0.067034552
20.821 2063996.871 0.067161894
20.939 2058172.458 0.067291100
21.058 2052356.296 0.067422172
21.177 2046548.462 0.067555112
21.296 2040749.033 0.067689920
21.416 2034958.088 0.067826599
21.536 2029175.705 0.067965150
21.656 2023401.965 0.068105576
21.777 2017636.947 0.068247879
21.899 2011880.733 0.068392060
22.021 2006133.405 0.068538123
22.143 2000395.047 0.068686068
22.266 1994665.740 0.068835898
22.389 1988945.571 0.068987615
22.513 1983234.625 0.069141223
22.637 1977532.987 0.069296722
22.762 1971840.745 0.069454115
22.887 1966157.986 0.069613405
23.013 1960484.799 0.069774594
23.139 1954821.273 0.069937684
23.266 1949167.500 0.070102677
23.393 1943523.570 0.070269577
23.520 1937889.575 0.070438384
23.648 1932265.609 0.070609103
23.777 1926651.766 0.070781734
23.906 1921048.139 0.070956281
24.035 1915454.826 0.071132745
24.165 1909871.922 0.071311129
24.296 1904299.526 0.071491435
24.427 1898737.736 0.071673665
24.558 1893186.652 0.071857822
24.690 1887646.373 0.072043906
24.822 1882117.002 0.072231921
24.955 1876598.641 0.072421869
25.089 1871091.394 0.072613750
25.222 1865595.364 0.072807567
25.357 1860110.657 0.073003322
25.492 1854637.380 0.073201016
25.627 1849175.640 0.073400651
25.763 1843725.546 0.073602228
25.900 1838287.206 0.073805748
26.036 1832860.733 0.074011213
26.174 1827446.236 0.074218623
26.312 1822043.830 0.074427980
26.450 1816653.626 0.074639284
26.589 1811275.742 0.074852536
26.729 1805910.291 0.075067736
26.869 1800557.392 0.075284885
27.009 1795217.163 0.075503983
27.150 1789889.722 0.075725029
27.292 1784575.189 0.075948024
27.434 1779273.687 0.076172967
27.577 1773985.338 0.076399858
27.720 1768710.266 0.076628695
27.863 1763448.595 0.076859478
28.007 1758200.451 0.077092205
28.152 1752965.963 0.077326874
28.297 1747745.257 0.077563485
28.443 1742538.464 0.077802035
28.589 1737345.714 0.078042521
28.736 1732167.139 0.078284941
28.883 1727002.873 0.078529292
29.031 1721853.049 0.078775572
29.179 1716717.803 0.079023776
29.328 1711597.273 0.079273901
29.477 1706491.595 0.079525942
29.627 1701400.910 0.079779896
29.778 1696325.357 0.080035757
29.929 1691265.079 0.080293520
30.080 1686220.218 0.080553180
30.232 1681190.919 0.080814731
30.384 1676177.327 0.081078166
30.537 1671179.589 0.081343480
30.691 1666197.853 0.081610664
30.845 1661232.268 0.081879712
30.999 1656282.985 0.082150614
31.154 1651350.156 0.082423364
31.310 1646433.934 0.082697952
31.466 1641534.474 0.082974368
31.622 1636651.931 0.083252603
31.779 1631786.462 0.083532647
31.937 1626938.226 0.083814488
32.095 1622107.383 0.084098116
32.253 1617294.094 0.084383517
32.412 1612498.520 0.084670681
32.572 1607720.826 0.084959594
32.731 1602961.177 0.085250242
32.892 1598219.739 0.085542611
33.053 1593496.680 0.085836686
33.214 1588792.168 0.086132452
33.376 1584106.375 0.086429893
33.538 1579439.471 0.086728993
33.701 1574791.629 0.087029733
33.864 1570163.024 0.087332096
34.027 1565553.832 0.087636064
34.191 1560964.229 0.087941616
34.356 1556394.393 0.088248733
34.521 1551844.505 0.088557394
34.686 1547314.744 0.088867577
34.852 1542805.293 0.089179261
35.018 1538316.335 0.089492422
35.184 1533848.056 0.089807036
35.351 1529400.641 0.090123078
35.518 1524974.277 0.090440524
35.686 1520569.153 0.090759347
35.854 1516185.459 0.091079520
36.022 1511823.385 0.091401014
36.191 1507483.125 0.091723802
36.360 1503164.872 0.092047854
36.529 1498868.820 0.092373138
36.699 1494595.166 0.092699625
36.869 1490344.106 0.093027280
37.039 1486115.840 0.093356072
37.210 1481910.566 0.093685966
37.381 1477728.487 0.094016926
37.552 1473569.802 0.094348918
37.723 1469434.716 0.094681903
37.895 1465323.433 0.095015844
38.067 1461236.157 0.095350702
38.239 1457173.096 0.095686436
38.411 1453134.457 0.096023007
38.584 1449120.448 0.096360372
38.756 1445131.278 0.096698488
38.929 1441167.158 0.097037310
39.102 1437228.300 0.097376795
39.275 1433314.916 0.097716896
39.448 1429427.219 0.098057565
39.621 1425565.424 0.098398755
39.795 1421729.745 0.098740417
39.968 1417920.399 0.099082499
40.141 1414137.603 0.099424952
40.315 1410381.573 0.099767722
40.488 1406652.529 0.100110755
40.662 1402950.689 0.100453998
40.835 1399276.274 0.100797395
41.008 1395629.503 0.101140889
41.182 1392010.598 0.101484422
41.355 1388419.781 0.101827935
41.528 1384857.273 0.102171369
41.701 1381323.298 0.102514663
41.873 1377818.078 0.102857754
42.046 1374341.838 0.103200580
42.218 1370894.801 0.103543076
42.390 1367477.192 0.103885178
42.562 1364089.236 0.104226819
42.733 1360731.157 0.104567931
42.904 1357403.180 0.104908448
43.075 1354105.532 0.105248299
43.246 1350838.438 0.105587414
43.416 1347602.123 0.105925723
43.585 1344396.813 0.106263154
43.754 1341222.733 0.106599632
43.923 1338080.109 0.106935085
44.091 1334969.167 0.107269437
44.258 1331890.131 0.107602613
44.425 1328843.226 0.107934536
44.592 1325828.678 0.108265129
44.757 1322846.710 0.108594314
44.922 1319897.546 0.108922011
45.086 1316981.410 0.109248142
45.250 1314098.524 0.109572625
45.412 1311249.111 0.109895379
45.574 1308433.393 0.110216323
45.735 1305651.589 0.110535374
45.895 1302903.921 0.110852450
46.054 1300190.607 0.111167466
46.212 1297511.865 0.111480339
46.369 1294867.914 0.111790983
46.525 1292258.968 0.112099314
46.680 1289685.244 0.112405247
46.834 1287146.954 0.112708696
46.986 1284644.312 0.113009574
47.138 1282177.529 0.113307796
47.288 1279746.814 0.113603274
47.436 1277352.377 0.113895922
47.584 1274994.422 0.114185652
47.730 1272673.157 0.114472379
47.874 1270388.783 0.114756014
48.017 1268141.504 0.115036472
48.159 1265931.517 0.115313664
48.299 1263759.022 0.115587505
48.437 1261624.214 0.115857907
48.574 1259527.287 0.116124784
48.708 1257468.432 0.116388050
48.842 1255447.838 0.116647620
48.973 1253465.693 0.116903408
49.102 1251522.181 0.117155329
49.230 1249617.485 0.117403298
49.356 1247751.783 0.117647233
49.479 1245925.253 0.117887050
49.601 1244138.068 0.118122667
49.721 1242390.401 0.118354002
49.838 1240682.420 0.118580975
49.953 1239014.291 0.118803504
50.066 1237386.176 0.119021513
50.177 1235798.235 0.119234923
50.286 1234250.625 0.119443656
50.392 1232743.498 0.119647638
50.495 1231277.006 0.119846794
50.597 1229851.294 0.120041051
50.695 1228466.505 0.120230337
50.792 1227122.780 0.120414581
50.885 1225820.255 0.120593715
50.977 1224559.062 0.120767671
51.065 1223339.330 0.120936383
51.151 1222161.185 0.121099787
51.234 1221024.747 0.121257821
51.314 1219930.135 0.121410423
51.392 1218877.461 0.121557534
51.466 1217866.835 0.121699098
51.538 1216898.364 0.121835058
51.607 1215972.147 0.121965363
51.673 1215088.284 0.122089959
51.736 1214246.866 0.122208798
51.796 1213447.983 0.122321833
51.853 1212691.719 0.122429018
51.907 1211978.154 0.122530311
51.957 1211307.365 0.122625671
52.005 1210679.423 0.122715059
52.049 1210094.395 0.122798440
52.091 1209552.343 0.122875779
52.129 1209053.326 0.122947046
52.164 1208597.398 0.123012211
52.196 1208184.606 0.123071247
52.224 1207814.996 0.123124131
52.250 1207488.607 0.123170841
52.272 1207205.474 0.123211357
52.290 1206965.627 0.123245663
52.306 1206769.093 0.123273745
52.318 1206615.892 0.123295591
52.327 1206506.041 0.123311193
52.332 1206439.552 0.123320543
52.335 1206416.430 0.123323637
52.334 1206436.679 0.123320476
52.329 1206500.295 0.123311059
52.322 1206607.272 0.123295390
52.311 1206757.597 0.123273477
52.297 1206951.254 0.123245327
52.279 1207188.221 0.123210954
52.258 1207468.473 0.123170369
52.234 1207791.978 0.123123591
52.207 1208158.701 0.123070638
52.176 1208568.601 0.123011532
52.143 1209021.635 0.122946297
52.106 1209517.752 0.122874960
52.065 1210056.899 0.122797549
52.022 1210639.018 0.122714096
51.976 1211264.045 0.122624635
51.926 1211931.913 0.122529202
51.873 1212642.550 0.122427834
51.818 1213395.880 0.122320574
51.759 1214191.822 0.122207462
51.697 1215030.291 0.122088546
51.632 1215911.197 0.121963871
51.565 1216834.449 0.121833487
51.494 1217799.946 0.121697445
51.420 1218807.589 0.121555799
51.344 1219857.270 0.121408604
51.265 1220948.881 0.121255917
51.183 1222082.306 0.121097797
51.098 1223257.429 0.120934305
51.011 1224474.126 0.120765504
50.921 1225732.274 0.120591457
50.828 1227031.742 0.120412230
50.733 1228372.398 0.120227891
50.635 1229754.105 0.120038510
50.535 1231176.723 0.119844155
50.432 1232640.109 0.119644899
50.327 1234144.114 0.119440816
50.220 1235688.590 0.119231979
50.110 1237273.382 0.119018464
49.998 1238898.334 0.118800348
49.884 1240563.285 0.118577709
49.767 1242268.073 0.118350625
49.648 1244012.531 0.118119176
49.528 1245796.491 0.117883443
49.405 1247619.780 0.117643508
49.280 1249482.225 0.117399452
49.154 1251383.647 0.117151360
49.025 1253323.868 0.116899313
48.895 1255302.704 0.116643398
48.762 1257319.971 0.116383698
48.628 1259375.481 0.116120299
48.493 1261469.045 0.115853287
48.355 1263600.471 0.115582747
48.216 1265769.565 0.115308766
48.075 1267976.131 0.115031431
47.933 1270219.970 0.114750828
47.789 1272500.884 0.114467043
47.644 1274818.669 0.114180165
47.498 1277173.123 0.113890281
47.350 1279564.039 0.113597476
47.201 1281991.212 0.113301838
47.050 1284454.431 0.113003453
46.898 1286953.487 0.112702409
46.745 1289488.170 0.112398792
46.591 1292058.264 0.112092687
46.436 1294663.558 0.111784181
46.279 1297303.835 0.111473358
46.122 1299978.879 0.111160304
45.964 1302688.472 0.110845104
45.804 1305432.396 0.110527841
45.644 1308210.432 0.110208598
45.483 1311022.358 0.109887460
45.321 1313867.955 0.109564508
45.158 1316747.000 0.109239824
44.995 1319659.271 0.108913490
44.830 1322604.545 0.108585585
44.665 1325582.598 0.108256189
44.500 1328593.205 0.107925382
44.333 1331636.144 0.107593241
44.166 1334711.188 0.107259843
43.999 1337818.112 0.106925266
43.831 1340956.692 0.106589585
43.662 1344126.701 0.106252874
43.493 1347327.915 0.105915208
43.324 1350560.106 0.105576660
43.154 1353823.049 0.105237302
42.984 1357116.519 0.104897204
42.813 1360440.289 0.104556437
42.642 1363794.135 0.104215070
42.471 1367177.830 0.103873171
42.300 1370591.150 0.103530808
42.128 1374033.870 0.103188046
41.956 1377505.764 0.102844951
41.784 1381006.610 0.102501586
41.611 1384536.182 0.102158016
41.439 1388094.258 0.101814301
41.266 1391680.614 0.101470502
41.093 1395295.029 0.101126680
40.920 1398937.280 0.100782893
40.747 1402607.147 0.100439200
40.574 1406304.407 0.100095656
40.401 1410028.843 0.099752317
40.228 1413780.234 0.099409239
40.055 1417558.361 0.099066473
39.882 1421363.008 0.098724073
39.709 1425193.957 0.098382091
39.537 1429050.992 0.098040575
39.364 1432933.898 0.097699576
39.191 1436842.460 0.097359141
39.019 1440776.465 0.097019319
38.846 1444735.701 0.096680154
38.674 1448719.955 0.096341691
38.502 1452729.017 0.096003976
38.330 1456762.678 0.095667050
38.158 1460820.729 0.095330956
37.987 1464902.963 0.094995734
37.816 1469009.172 0.094661425
37.645 1473139.152 0.094328068
37.474 1477292.699 0.093995699
37.303 1481469.608 0.093664358
37.133 1485669.679 0.093334078
36.963 1489892.710 0.093004896
36.793 1494138.502 0.092676846
36.624 1498406.855 0.092349960
36.455 1502697.574 0.092024272
36.286 1507010.461 0.091699812
36.118 1511345.321 0.091376611
35.950 1515701.962 0.091054699
35.782 1520080.191 0.090734104
35.615 1524479.816 0.090414854
35.448 1528900.647 0.090096977
35.281 1533342.496 0.089780498
35.115 1537805.176 0.089465443
34.949 1542288.500 0.089151837
34.784 1546792.284 0.088839703
34.619 1551316.344 0.088529064
34.454 1555860.497 0.088219943
34.290 1560424.564 0.087912360
34.126 1565008.364 0.087606338
33.963 1569611.719 0.087301896
33.800 1574234.452 0.086999053
33.637 1578876.388 0.086697827
33.475 1583537.351 0.086398238
33.314 1588217.170 0.086100302
33.153 1592915.672 0.085804036
32.992 1597632.687 0.085509455
32.832 1602368.047 0.085216576
32.672 1607121.582 0.084925412
32.513 1611893.127 0.084635979
32.355 1616682.517 0.084348289
32.196 1621489.588 0.084062356
32.039 1626314.178 0.083778191
31.881 1631156.125 0.083495808
31.725 1636015.270 0.083215217
31.568 1640891.454 0.082936429
31.413 1645784.520 0.082659454
31.257 1650694.313 0.082384302
31.102 1655620.677 0.082110983
30.948 1660563.459 0.081839505
30.794 1665522.508 0.081569877
30.641 1670497.672 0.081302106
30.488 1675488.803 0.081036200
30.336 1680495.752 0.080772166
30.184 1685518.373 0.080510011
30.033 1690556.519 0.080249741
29.882 1695610.047 0.079991362
29.732 1700678.813 0.079734879
29.583 1705762.677 0.079480298
29.433 1710861.496 0.079227623
29.285 1715975.132 0.078976858
29.137 1721103.448 0.078728007
28.989 1726246.305 0.078481075
28.842 1731403.569 0.078236065
28.695 1736575.105 0.077992979
28.549 1741760.781 0.077751821
28.404 1746960.463 0.077512594
28.259 1752174.021 0.077275298
28.114 1757401.326 0.077039937
27.970 1762642.250 0.076806512
27.827 1767896.664 0.076575024
27.684 1773164.444 0.076345475
27.542 1778445.463 0.076117866
27.400 1783739.599 0.075892197
27.258 1789046.729 0.075668469
27.117 1794366.731 0.075446683
26.977 1799699.485 0.075226838
26.837 1805044.872 0.075008935
26.698 1810402.773 0.074792973
26.559 1815773.072 0.074578952
26.421 1821155.652 0.074366871
26.283 1826550.400 0.074156730
26.146 1831957.200 0.073948528
26.009 1837375.941 0.073742264
25.873 1842806.511 0.073537936
25.737 1848248.798 0.073335544
25.602 1853702.695 0.073135086
25.467 1859168.091 0.072936561
25.333 1864644.880 0.072739966
25.199 1870132.956 0.072545301
25.065 1875632.212 0.072352563
24.933 1881142.545 0.072161751
24.800 1886663.850 0.071972862
24.669 1892196.026 0.071785895
24.537 1897738.971 0.071600848
24.407 1903292.584 0.071417717
24.276 1908856.766 0.071236502
24.146 1914431.419 0.071057200
24.017 1920016.444 0.070879808
23.888 1925611.745 0.070704325
23.760 1931217.226 0.070530747
23.632 1936832.792 0.070359072
23.505 1942458.349 0.070189299
23.378 1948093.805 0.070021424
23.251 1953739.067 0.069855444
23.125 1959394.043 0.069691358
23.000 1965058.644 0.069529163
22.875 1970732.779 0.069368857
22.750 1976416.360 0.069210437
22.626 1982109.300 0.069053900
22.502 1987811.511 0.068899244
22.379 1993522.906 0.068746466
22.256 1999243.402 0.068595565
22.134 2004972.913 0.068446538
22.012 2010711.355 0.068299382
21.891 2016458.646 0.068154095
21.770 2022214.704 0.068010675
21.650 2027979.446 0.067869120
21.529 2033752.794 0.067729427
21.410 2039534.667 0.067591595
21.291 2045324.985 0.067455620
21.172 2051123.671 0.067321502
21.054 2056930.648 0.067189239
20.936 2062745.838 0.067058828
20.819 2068569.166 0.066930267
20.702 2074400.557 0.066803556
20.585 2080239.935 0.066678692
20.469 2086087.227 0.066555673
20.353 2091942.360 0.066434499
20.238 2097805.262 0.066315168
20.123 2103675.860 0.066197679
20.009 2109554.084 0.066082031
