20.070 2104267.903 0.066249999
20.181 2098586.929 0.066362404
20.293 2092910.420 0.066476597
20.406 2087238.416 0.066592583
20.519 2081570.961 0.066710365
20.632 2075908.097 0.066829949
20.746 2070249.865 0.066951338
20.860 2064596.310 0.067074538
20.975 2058947.476 0.067199554
21.090 2053303.405 0.067326390
21.205 2047664.144 0.067455052
21.321 2042029.735 0.067585544
21.438 2036400.226 0.067717874
21.555 2030775.662 0.067852045
21.673 2025156.089 0.067988064
21.791 2019541.553 0.068125937
21.909 2013932.103 0.068265669
22.029 2008327.785 0.068407267
22.148 2002728.648 0.068550737
22.268 1997134.740 0.068696085
22.389 1991546.111 0.068843318
22.510 1985962.811 0.068992442
22.632 1980384.888 0.069143464
22.754 1974812.394 0.069296390
22.876 1969245.381 0.069451229
23.000 1963683.898 0.069607986
23.123 1958128.000 0.069766669
23.248 1952577.738 0.069927286
23.373 1947033.165 0.070089843
23.498 1941494.336 0.070254347
23.624 1935961.305 0.070420808
23.750 1930434.126 0.070589232
23.877 1924912.854 0.070759627
24.005 1919397.547 0.070932001
24.133 1913888.260 0.071106362
24.262 1908385.050 0.071282718
24.391 1902887.975 0.071461077
24.521 1897397.093 0.071641447
24.652 1891912.464 0.071823838
24.783 1886434.147 0.072008256
24.915 1880962.201 0.072194712
25.047 1875496.687 0.072383212
25.180 1870037.668 0.072573767
25.313 1864585.203 0.072766384
25.447 1859139.358 0.072961073
25.582 1853700.193 0.073157842
25.717 1848267.774 0.073356701
25.853 1842842.165 0.073557658
25.990 1837423.431 0.073760722
26.127 1832011.638 0.073965904
26.265 1826606.852 0.074173211
26.403 1821209.141 0.074382653
26.542 1815818.572 0.074594239
26.682 1810435.215 0.074807979
26.823 1805059.138 0.075023883
26.964 1799690.412 0.075241958
27.105 1794329.108 0.075462216
27.248 1788975.297 0.075684665
27.391 1783629.050 0.075909316
27.535 1778290.442 0.076136176
27.679 1772959.547 0.076365257
27.824 1767636.437 0.076596568
27.970 1762321.190 0.076830118
28.117 1757013.881 0.077065917
28.264 1751714.586 0.077303974
28.412 1746423.385 0.077544300
28.561 1741140.354 0.077786903
28.710 1735865.574 0.078031794
28.860 1730599.124 0.078278981
29.011 1725341.086 0.078528475
29.162 1720091.542 0.078780285
29.315 1714850.574 0.079034421
29.468 1709618.265 0.079290891
29.622 1704394.701 0.079549707
29.776 1699179.966 0.079810875
29.931 1693974.146 0.080074407
30.088 1688777.330 0.080340312
30.244 1683589.604 0.080608598
30.402 1678411.058 0.080879274
30.560 1673241.781 0.081152351
30.720 1668081.864 0.081427836
30.880 1662931.400 0.081705739
31.040 1657790.480 0.081986068
31.202 1652659.198 0.082268832
31.364 1647537.650 0.082554040
31.528 1642425.930 0.082841700
31.692 1637324.135 0.083131820
31.857 1632232.363 0.083424409
32.022 1627150.712 0.083719475
32.189 1622079.283 0.084017024
32.356 1617018.175 0.084317066
32.524 1611967.491 0.084619607
32.693 1606927.332 0.084924655
32.863 1601897.804 0.085232218
33.034 1596879.011 0.085542301
33.206 1591871.059 0.085854912
33.378 1586874.055 0.086170057
33.552 1581888.107 0.086487743
33.726 1576913.324 0.086807976
33.901 1571949.818 0.087130761
34.077 1566997.699 0.087456103
34.254 1562057.080 0.087784009
34.432 1557128.075 0.088114483
34.611 1552210.799 0.088447530
34.791 1547305.369 0.088783154
34.972 1542411.901 0.089121359
35.153 1537530.514 0.089462149
35.336 1532661.327 0.089805527
35.519 1527804.463 0.090151496
35.704 1522960.043 0.090500059
35.889 1518128.190 0.090851218
36.075 1513309.029 0.091204974
36.263 1508502.686 0.091561330
36.451 1503709.288 0.091920286
36.640 1498928.964 0.092281842
36.831 1494161.843 0.092646000
37.022 1489408.056 0.093012757
37.214 1484667.735 0.093382114
37.407 1479941.015 0.093754068
37.602 1475228.029 0.094128618
37.797 1470528.915 0.094505762
37.993 1465843.809 0.094885496
38.190 1461172.851 0.095267817
38.389 1456516.180 0.095652720
38.588 1451873.939 0.096040200
38.788 1447246.270 0.096430253
38.990 1442633.318 0.096822872
39.192 1438035.228 0.097218049
39.396 1433452.147 0.097615779
39.600 1428884.224 0.098016051
39.806 1424331.608 0.098418858
40.013 1419794.452 0.098824190
40.221 1415272.906 0.099232036
40.429 1410767.127 0.099642385
40.639 1406277.268 0.100055226
40.850 1401803.487 0.100470544
41.062 1397345.942 0.100888327
41.276 1392904.794 0.101308560
41.490 1388480.202 0.101731227
41.705 1384072.331 0.102156313
41.922 1379681.343 0.102583799
42.139 1375307.405 0.103013667
42.358 1370950.684 0.103445898
42.578 1366611.347 0.103880473
42.799 1362289.566 0.104317368
43.021 1357985.510 0.104756563
43.244 1353699.354 0.105198034
43.468 1349431.271 0.105641756
43.694 1345181.437 0.106087704
43.920 1340950.029 0.106535851
44.148 1336737.227 0.106986168
44.377 1332543.209 0.107438628
44.607 1328368.158 0.107893198
44.838 1324212.256 0.108349849
45.070 1320075.689 0.108808547
45.304 1315958.642 0.109269258
45.538 1311861.302 0.109731947
45.774 1307783.858 0.110196577
46.011 1303726.500 0.110663109
46.249 1299689.420 0.111131505
46.488 1295672.811 0.111601724
46.728 1291676.867 0.112073723
46.969 1287701.785 0.112547459
47.212 1283747.761 0.113022886
47.456 1279814.994 0.113499958
47.700 1275903.683 0.113978627
47.946 1272014.031 0.114458843
48.194 1268146.240 0.114940555
48.442 1264300.513 0.115423711
48.691 1260477.057 0.115908255
48.942 1256676.077 0.116394132
49.193 1252897.781 0.116881285
49.446 1249142.379 0.117369655
49.700 1245410.080 0.117859179
49.955 1241701.097 0.118349797
50.211 1238015.641 0.118841444
50.468 1234353.928 0.119334053
50.726 1230716.171 0.119827559
50.986 1227102.587 0.120321890
51.246 1223513.393 0.120816976
51.508 1219948.808 0.121312745
51.770 1216409.051 0.121809122
52.034 1212894.342 0.122306030
52.298 1209404.903 0.122803392
52.564 1205940.955 0.123301128
52.831 1202502.723 0.123799156
53.098 1199090.430 0.124297392
53.367 1195704.301 0.124795752
53.637 1192344.562 0.125294149
53.907 1189011.439 0.125792494
54.179 1185705.160 0.126290697
54.451 1182425.953 0.126788664
54.725 1179174.045 0.127286303
54.999 1175949.668 0.127783517
55.274 1172753.049 0.128280209
55.550 1169584.420 0.128776280
55.827 1166444.011 0.129271628
56.105 1163332.054 0.129766150
56.383 1160248.779 0.130259743
56.663 1157194.419 0.130752301
56.943 1154169.205 0.131243714
57.223 1151173.370 0.131733875
57.505 1148207.147 0.132222672
57.787 1145270.768 0.132709993
58.069 1142364.465 0.133195723
58.353 1139488.472 0.133679747
58.636 1136643.019 0.134161947
58.921 1133828.341 0.134642206
59.206 1131044.667 0.135120403
59.491 1128292.232 0.135596417
59.777 1125571.265 0.136070125
60.063 1122881.998 0.136541404
60.349 1120224.661 0.137010128
60.636 1117599.485 0.137476171
60.923 1115006.697 0.137939405
61.210 1112446.528 0.138399703
61.497 1109919.204 0.138856934
61.785 1107424.953 0.139310969
62.072 1104964.001 0.139761676
62.359 1102536.572 0.140208922
62.647 1100142.890 0.140652576
62.934 1097783.178 0.141092503
63.221 1095457.657 0.141528570
63.507 1093166.548 0.141960643
63.793 1090910.069 0.142388585
64.079 1088688.437 0.142812261
64.364 1086501.867 0.143231537
64.649 1084350.573 0.143646276
64.933 1082234.768 0.144056341
65.216 1080154.661 0.144461599
65.498 1078110.460 0.144861911
65.779 1076102.373 0.145257143
66.059 1074130.602 0.145647159
66.338 1072195.350 0.146031825
66.616 1070296.817 0.146411005
66.892 1068435.199 0.146784565
67.167 1066610.691 0.147152373
67.440 1064823.485 0.147514294
67.711 1063073.770 0.147870199
67.981 1061361.734 0.148219956
68.248 1059687.560 0.148563434
68.513 1058051.429 0.148900507
68.776 1056453.520 0.149231046
69.036 1054894.005 0.149554925
69.294 1053373.059 0.149872021
69.548 1051890.848 0.150182210
69.800 1050447.538 0.150485372
70.049 1049043.290 0.150781388
70.294 1047678.262 0.151070140
70.535 1046352.609 0.151351512
70.773 1045066.482 0.151625393
71.006 1043820.027 0.151891670
71.236 1042613.387 0.152150237
71.461 1041446.702 0.152400986
71.681 1040320.106 0.152643815
71.896 1039233.732 0.152878622
72.107 1038187.704 0.153105310
72.311 1037182.148 0.153323783
72.511 1036217.180 0.153533950
72.704 1035292.914 0.153735720
72.891 1034409.461 0.153929009
73.072 1033566.926 0.154113734
73.246 1032765.408 0.154289814
73.413 1032005.004 0.154457174
73.573 1031285.806 0.154615742
73.725 1030607.899 0.154765447
73.870 1029971.366 0.154906226
74.007 1029376.283 0.155038015
74.136 1028822.723 0.155160758
74.256 1028310.753 0.155274399
74.367 1027840.435 0.155378888
74.470 1027411.826 0.155474180
74.564 1027024.979 0.155560231
74.648 1026679.940 0.155637004
74.722 1026376.753 0.155704463
74.788 1026115.453 0.155762579
74.843 1025896.073 0.155811326
74.888 1025718.639 0.155850681
74.924 1025583.174 0.155880627
74.949 1025489.693 0.155901151
74.964 1025438.207 0.155912242
74.969 1025428.723 0.155913896
74.964 1025461.241 0.155906113
74.948 1025535.758 0.155888895
74.923 1025652.263 0.155862250
74.887 1025810.741 0.155826190
74.842 1026011.173 0.155780731
74.786 1026253.534 0.155725893
74.721 1026537.792 0.155661701
74.646 1026863.914 0.155588184
74.561 1027231.857 0.155505373
74.468 1027641.578 0.155413306
74.365 1028093.024 0.155312023
74.253 1028586.140 0.155201570
74.133 1029120.865 0.155081995
74.004 1029697.135 0.154953350
73.867 1030314.877 0.154815693
73.723 1030974.017 0.154669084
73.570 1031674.474 0.154513585
73.410 1032416.163 0.154349266
73.243 1033198.994 0.154176197
73.069 1034022.873 0.153994453
72.888 1034887.701 0.153804112
72.701 1035793.373 0.153605256
72.508 1036739.782 0.153397968
72.309 1037726.815 0.153182338
72.104 1038754.354 0.152958456
71.894 1039822.279 0.152726416
71.679 1040930.463 0.152486314
71.459 1042078.778 0.152238251
71.234 1043267.088 0.151982329
71.005 1044495.256 0.151718652
70.772 1045763.140 0.151447329
70.535 1047070.594 0.151168468
70.294 1048417.468 0.150882183
70.049 1049803.610 0.150588587
69.801 1051228.862 0.150287797
69.550 1052693.063 0.149979931
69.295 1054196.050 0.149665109
69.038 1055737.655 0.149343454
68.778 1057317.708 0.149015089
68.516 1058936.034 0.148680139
68.252 1060592.457 0.148338732
67.985 1062286.796 0.147990994
67.716 1064018.868 0.147637055
67.445 1065788.488 0.147277046
67.173 1067595.466 0.146911097
66.899 1069439.612 0.146539342
66.623 1071320.730 0.146161913
66.346 1073238.626 0.145778944
66.068 1075193.099 0.145390569
65.788 1077183.949 0.144996923
65.508 1079210.971 0.144598141
65.226 1081273.961 0.144194360
64.944 1083372.711 0.143785714
64.660 1085507.010 0.143372339
64.377 1087676.648 0.142954373
64.092 1089881.410 0.142531949
63.807 1092121.082 0.142105205
63.522 1094395.447 0.141674275
63.236 1096704.287 0.141239295
62.950 1099047.381 0.140800399
62.664 1101424.509 0.140357721
62.377 1103835.449 0.139911396
62.091 1106279.976 0.139461557
61.804 1108757.866 0.139008334
61.518 1111268.893 0.138551862
61.231 1113812.830 0.138092268
60.945 1116389.450 0.137629685
60.659 1118998.524 0.137164240
60.373 1121639.823 0.136696061
60.087 1124313.117 0.136225276
59.802 1127018.176 0.135752008
59.517 1129754.767 0.135276384
59.233 1132522.661 0.134798525
58.949 1135321.625 0.134318555
58.665 1138151.427 0.133836592
58.382 1141011.834 0.133352756
58.100 1143902.615 0.132867166
57.818 1146823.535 0.132379936
57.537 1149774.364 0.131891182
57.257 1152754.867 0.131401017
56.977 1155764.812 0.130909552
56.698 1158803.967 0.130416898
56.419 1161872.099 0.129923162
56.142 1164968.976 0.129428452
55.865 1168094.366 0.128932872
55.589 1171248.038 0.128436526
55.314 1174429.761 0.127939515
55.040 1177639.304 0.127441940
54.766 1180876.437 0.126943898
54.494 1184140.930 0.126445487
54.222 1187432.555 0.125946800
53.952 1190751.082 0.125447931
53.682 1194096.285 0.124948971
53.413 1197467.936 0.124450009
53.146 1200865.809 0.123951133
52.879 1204289.679 0.123452429
52.613 1207739.321 0.122953980
52.348 1211214.511 0.122455869
52.085 1214715.027 0.121958177
51.822 1218240.646 0.121460982
51.561 1221791.149 0.120964361
51.300 1225366.314 0.120468389
51.040 1228965.923 0.119973140
50.782 1232589.758 0.119478685
50.525 1236237.603 0.118985094
50.269 1239909.242 0.118492436
50.013 1243604.460 0.118000777
49.759 1247323.045 0.117510181
49.506 1251064.783 0.117020712
49.255 1254829.465 0.116532432
49.004 1258616.880 0.116045399
48.754 1262426.820 0.115559673
48.506 1266259.078 0.115075310
48.259 1270113.448 0.114592364
48.012 1273989.726 0.114110889
47.767 1277887.708 0.113630937
47.523 1281807.192 0.113152558
47.281 1285747.978 0.112675800
47.039 1289709.867 0.112200711
46.798 1293692.660 0.111727337
46.559 1297696.161 0.111255721
46.321 1301720.176 0.110785907
46.084 1305764.510 0.110317935
45.848 1309828.971 0.109851846
45.613 1313913.369 0.109387679
45.379 1318017.514 0.108925470
45.147 1322141.218 0.108465255
44.915 1326284.294 0.108007069
44.685 1330446.558 0.107550946
44.456 1334627.825 0.107096917
44.228 1338827.914 0.106645013
44.001 1343046.643 0.106195263
43.775 1347283.834 0.105747696
43.551 1351539.309 0.105302340
43.327 1355812.891 0.104859219
43.105 1360104.405 0.104418360
42.884 1364413.678 0.103979786
42.664 1368740.538 0.103543519
42.445 1373084.815 0.103109581
42.227 1377446.338 0.102677994
42.010 1381824.941 0.102248776
41.794 1386220.458 0.101821946
41.580 1390632.723 0.101397522
41.366 1395061.573 0.100975520
41.154 1399506.848 0.100555957
40.943 1403968.385 0.100138847
40.732 1408446.027 0.099724204
40.523 1412939.615 0.099312042
40.315 1417448.994 0.098902373
40.108 1421974.009 0.098495208
39.902 1426514.507 0.098090557
39.697 1431070.336 0.097688432
39.494 1435641.345 0.097288841
39.291 1440227.386 0.096891792
39.089 1444828.310 0.096497294
38.888 1449443.972 0.096105353
38.689 1454074.226 0.095715975
38.490 1458718.930 0.095329167
38.293 1463377.941 0.094944934
38.096 1468051.118 0.094563279
37.901 1472738.321 0.094184207
37.706 1477439.414 0.093807721
37.513 1482154.258 0.093433824
37.320 1486882.719 0.093062517
37.128 1491624.662 0.092693802
36.938 1496379.955 0.092327682
36.748 1501148.465 0.091964155
36.560 1505930.064 0.091603222
5338981.488 0.008
5332292.068 0.008
5325598.313 0.008
5318900.233 0.008
5312197.840 0.008
5305491.142 0.008
5298780.151 0.008
5292064.877 0.008
5285345.331 0.008
5278621.522 0.008
5271893.462 0.008
5265161.160 0.008
5258424.629 0.008
5251683.877 0.008
5244938.916 0.009
5238189.756 0.009
5231436.409 0.009
5224678.884 0.009
5217917.192 0.009
5211151.345 0.009
5204381.353 0.009
5197607.226 0.009
5190828.976 0.009
5184046.613 0.009
5177260.149 0.009
5170469.594 0.009
5163674.959 0.009
5156876.255 0.009
5150073.494 0.009
5143266.685 0.009
5136455.841 0.009
5129640.973 0.009
5122822.090 0.009
5115999.205 0.009
5109172.329 0.009
5102341.473 0.009
5095506.649 0.009
5088667.866 0.009
5081825.138 0.009
5074978.474 0.009
5068127.888 0.009
5061273.388 0.009
5054414.989 0.009
5047552.700 0.009
5040686.533 0.009
5033816.500 0.009
5026942.612 0.009
5020064.881 0.009
5013183.318 0.009
5006297.936 0.009
4999408.745 0.009
4992515.758 0.009
4985618.987 0.009
4978718.442 0.009
4971814.136 0.009
4964906.081 0.010
4957994.288 0.010
4951078.770 0.010
4944159.538 0.010
4937236.605 0.010
4930309.983 0.010
4923379.682 0.010
4916445.717 0.010
4909508.098 0.010
4902566.838 0.010
4895621.949 0.010
4888673.443 0.010
4881721.333 0.010
4874765.631 0.010
4867806.349 0.010
4860843.500 0.010
4853877.096 0.010
4846907.149 0.010
4839933.673 0.010
4832956.679 0.010
4825976.180 0.010
4818992.188 0.010
4812004.718 0.010
4805013.780 0.010
4798019.388 0.010
4791021.554 0.010
4784020.292 0.010
4777015.615 0.010
4770007.534 0.010
4762996.064 0.010
4755981.216 0.010
4748963.005 0.010
4741941.442 0.010
4734916.542 0.010
4727888.318 0.010
4720856.781 0.011
4713821.947 0.011
4706783.828 0.011
4699742.437 0.011
4692697.788 0.011
4685649.894 0.011
4678598.768 0.011
4671544.425 0.011
4664486.877 0.011
4657426.138 0.011
4650362.223 0.011
4643295.144 0.011
4636224.915 0.011
4629151.550 0.011
4622075.063 0.011
4614995.467 0.011
4607912.778 0.011
4600827.008 0.011
4593738.171 0.011
4586646.282 0.011
4579551.355 0.011
4572453.404 0.011
4565352.443 0.011
4558248.487 0.011
4551141.549 0.011
4544031.644 0.011
4536918.787 0.011
4529802.992 0.011
4522684.273 0.011
4515562.645 0.011
4508438.123 0.012
4501310.722 0.012
4494180.455 0.012
4487047.338 0.012
4479911.387 0.012
4472772.614 0.012
4465631.037 0.012
4458486.669 0.012
4451339.525 0.012
4444189.622 0.012
4437036.973 0.012
4429881.594 0.012
4422723.502 0.012
4415562.710 0.012
4408399.234 0.012
4401233.090 0.012
4394064.293 0.012
4386892.859 0.012
4379718.804 0.012
4372542.143 0.012
4365362.892 0.012
4358181.067 0.012
4350996.684 0.012
4343809.759 0.012
4336620.307 0.012
4329428.345 0.012
4322233.890 0.013
4315036.957 0.013
4307837.562 0.013
4300635.722 0.013
4293431.454 0.013
4286224.773 0.013
4279015.698 0.013
4271804.243 0.013
4264590.426 0.013
4257374.263 0.013
4250155.772 0.013
4242934.970 0.013
4235711.872 0.013
4228486.498 0.013
4221258.862 0.013
4214028.984 0.013
4206796.879 0.013
4199562.566 0.013
4192326.061 0.013
4185087.383 0.013
4177846.549 0.013
4170603.577 0.013
4163358.483 0.013
4156111.287 0.014
4148862.006 0.014
4141610.658 0.014
4134357.261 0.014
4127101.833 0.014
4119844.393 0.014
4112584.959 0.014
4105323.548 0.014
4098060.180 0.014
4090794.874 0.014
4083527.647 0.014
4076258.518 0.014
4068987.507 0.014
4061714.633 0.014
4054439.913 0.014
4047163.368 0.014
4039885.016 0.014
4032604.878 0.014
4025322.971 0.014
4018039.316 0.014
4010753.932 0.015
4003466.838 0.015
3996178.055 0.015
3988887.603 0.015
3981595.501 0.015
3974301.769 0.015
3967006.427 0.015
3959709.496 0.015
3952410.996 0.015
3945110.947 0.015
3937809.370 0.015
3930506.285 0.015
3923201.714 0.015
3915895.677 0.015
3908588.194 0.015
3901279.288 0.015
3893968.979 0.015
3886657.288 0.015
3879344.237 0.016
3872029.847 0.016
3864714.140 0.016
3857397.138 0.016
3850078.862 0.016
3842759.334 0.016
3835438.577 0.016
3828116.612 0.016
3820793.462 0.016
3813469.150 0.016
3806143.697 0.016
3798817.126 0.016
3791489.460 0.016
3784160.723 0.016
3776830.937 0.016
3769500.124 0.016
3762168.309 0.016
3754835.515 0.017
3747501.766 0.017
3740167.084 0.017
3732831.494 0.017
3725495.020 0.017
3718157.685 0.017
3710819.514 0.017
3703480.532 0.017
3696140.762 0.017
3688800.230 0.017
3681458.960 0.017
3674116.976 0.017
3666774.305 0.017
3659430.970 0.017
3652086.998 0.017
3644742.414 0.018
3637397.244 0.018
3630051.513 0.018
3622705.246 0.018
3615358.471 0.018
3608011.214 0.018
3600663.500 0.018
3593315.357 0.018
3585966.811 0.018
3578617.888 0.018
3571268.617 0.018
3563919.024 0.018
3556569.136 0.018
3549218.981 0.019
3541868.586 0.019
3534517.981 0.019
3527167.191 0.019
3519816.247 0.019
3512465.175 0.019
3505114.005 0.019
3497762.766 0.019
3490411.485 0.019
3483060.193 0.019
3475708.919 0.019
3468357.691 0.019
3461006.541 0.019
3453655.497 0.020
3446304.589 0.020
3438953.849 0.020
3431603.305 0.020
3424252.990 0.020
3416902.933 0.020
3409553.166 0.020
3402203.720 0.020
3394854.626 0.020
3387505.916 0.020
3380157.622 0.020
3372809.776 0.020
3365462.409 0.021
3358115.556 0.021
3350769.248 0.021
3343423.518 0.021
3336078.400 0.021
3328733.926 0.021
3321390.131 0.021
3314047.048 0.021
3306704.711 0.021
3299363.155 0.021
3292022.414 0.021
3284682.523 0.022
3277343.516 0.022
3270005.430 0.022
3262668.300 0.022
3255332.161 0.022
3247997.050 0.022
3240663.002 0.022
3233330.055 0.022
3225998.244 0.022
3218667.608 0.022
3211338.183 0.023
3204010.007 0.023
3196683.118 0.023
3189357.554 0.023
3182033.353 0.023
3174710.554 0.023
3167389.196 0.023
3160069.319 0.023
3152750.961 0.023
3145434.163 0.024
3138118.965 0.024
3130805.407 0.024
3123493.530 0.024
3116183.375 0.024
3108874.983 0.024
3101568.396 0.024
3094263.656 0.024
3086960.806 0.024
3079659.887 0.025
3072360.942 0.025
3065064.016 0.025
3057769.152 0.025
3050476.392 0.025
3043185.783 0.025
3035897.368 0.025
3028611.192 0.025
3021327.301 0.025
3014045.741 0.026
3006766.556 0.026
2999489.795 0.026
2992215.502 0.026
2984943.726 0.026
2977674.514 0.026
2970407.914 0.026
2963143.975 0.026
2955882.743 0.027
2948624.270 0.027
2941368.604 0.027
2934115.794 0.027
2926865.892 0.027
2919618.948 0.027
2912375.012 0.027
2905134.137 0.027
2897896.373 0.028
2890661.774 0.028
2883430.393 0.028
2876202.281 0.028
2868977.493 0.028
2861756.084 0.028
2854538.106 0.028
2847323.616 0.029
2840112.669 0.029
2832905.320 0.029
2825701.626 0.029
2818501.643 0.029
2811305.430 0.029
2804113.043 0.029
2796924.542 0.030
2789739.984 0.030
2782559.429 0.030
2775382.936 0.030
2768210.567 0.030
2761042.382 0.030
2753878.441 0.031
2746718.808 0.031
2739563.544 0.031
2732412.712 0.031
2725266.375 0.031
2718124.599 0.031
2710987.446 0.032
2703854.983 0.032
2696727.275 0.032
2689604.389 0.032
2682486.390 0.032
2675373.348 0.032
2668265.329 0.033
2661162.402 0.033
2654064.637 0.033
2646972.104 0.033
2639884.873 0.033
2632803.014 0.033
2625726.601 0.034
2618655.705 0.034
2611590.400 0.034
2604530.758 0.034
2597476.856 0.034
2590428.766 0.034
2583386.567 0.035
2576350.332 0.035
2569320.141 0.035
2562296.071 0.035
2555278.200 0.035
2548266.607 0.036
2541261.373 0.036
2534262.578 0.036
2527270.304 0.036
2520284.633 0.036
2513305.648 0.037
2506333.432 0.037
2499368.070 0.037
2492409.648 0.037
2485458.252 0.037
2478513.968 0.038
2471576.884 0.038
2464647.088 0.038
2457724.671 0.038
2450809.722 0.038
2443902.332 0.039
2437002.593 0.039
2430110.598 0.039
2423226.440 0.039
2416350.215 0.039
2409482.016 0.040
2402621.942 0.040
2395770.088 0.040
2388926.553 0.040
2382091.436 0.041
2375264.837 0.041
2368446.857 0.041
2361637.597 0.041
2354837.162 0.042
2348045.654 0.042
2341263.178 0.042
2334489.840 0.042
2327725.748 0.042
2320971.008 0.043
2314225.730 0.043
2307490.024 0.043
2300764.001 0.043
2294047.772 0.044
2287341.452 0.044
2280645.153 0.044
2273958.992 0.044
2267283.084 0.045
2260617.548 0.045
2253962.502 0.045
2247318.065 0.046
2240684.360 0.046
2234061.507 0.046
2227449.630 0.046
2220848.854 0.047
2214259.304 0.047
2207681.107 0.047
2201114.391 0.047
2194559.286 0.048
2188015.921 0.048
2181484.430 0.048
2174964.944 0.049
2168457.599 0.049
2161962.530 0.049
2155479.873 0.049
2149009.768 0.050
2142552.353 0.050
2136107.770 0.050
2129676.160 0.051
2123257.668 0.051
2116852.438 0.051
2110460.617 0.051
2104082.353 0.052
2097717.794 0.052
2091367.091 0.052
2085030.396 0.053
2078707.864 0.053
2072399.647 0.053
2066105.904 0.054
2059826.791 0.054
2053562.468 0.054
2047313.096 0.055
2041078.838 0.055
2034859.856 0.055
2028656.316 0.056
2022468.386 0.056
2016296.233 0.056
2010140.028 0.057
2003999.942 0.057
1997876.149 0.057
1991768.823 0.058
1985678.140 0.058
1979604.279 0.058
1973547.419 0.059
1967507.741 0.059
1961485.429 0.059
1955480.666 0.060
1949493.639 0.060
1943524.536 0.060
1937573.546 0.061
1931640.860 0.061
1925726.671 0.061
1919831.175 0.062
1913954.567 0.062
1908097.045 0.063
1902258.809 0.063
1896440.060 0.063
1890641.002 0.064
1884861.839 0.064
1879102.778 0.064
1873364.028 0.065
1867645.799 0.065
1861948.303 0.066
1856271.753 0.066
1850616.364 0.066
1844982.355 0.067
1839369.944 0.067
1833779.351 0.068
1828210.799 0.068
1822664.513 0.068
1817140.719 0.069
1811639.644 0.069
1806161.518 0.070
1800706.572 0.070
1795275.040 0.070
1789867.156 0.071
1784483.156 0.071
1779123.280 0.072
1773787.768 0.072
1768476.860 0.072
1763190.802 0.073
1757929.837 0.073
1752694.213 0.074
1747484.179 0.074
1742299.986 0.075
1737141.884 0.075
1732010.128 0.075
1726904.974 0.076
1721826.678 0.076
1716775.499 0.077
1711751.697 0.077
1706755.534 0.078
1701787.274 0.078
1696847.181 0.078
1691935.522 0.079
1687052.564 0.079
1682198.578 0.080
1677373.835 0.080
1672578.605 0.081
1667813.164 0.081
1663077.787 0.081
1658372.749 0.082
1653698.329 0.082
1649054.806 0.083
1644442.459 0.083
1639861.571 0.084
1635312.424 0.084
1630795.302 0.085
1626310.490 0.085
1621858.273 0.085
1617438.940 0.086
1613052.777 0.086
1608700.073 0.087
1604381.119 0.087
1600096.204 0.088
1595845.621 0.088
1591629.661 0.089
1587448.616 0.089
1583302.781 0.089
1579192.449 0.090
1575117.914 0.090
1571079.471 0.091
1567077.415 0.091
1563112.042 0.092
1559183.648 0.092
1555292.528 0.093
1551438.979 0.093
1547623.296 0.093
1543845.775 0.094
1540106.713 0.094
1536406.405 0.095
1532745.146 0.095
1529123.232 0.096
1525540.957 0.096
1521998.616 0.096
1518496.501 0.097
1515034.907 0.097
1511614.126 0.098
1508234.447 0.098
1504896.163 0.099
1501599.563 0.099
1498344.934 0.099
1495132.564 0.100
1491962.738 0.100
1488835.742 0.101
1485751.857 0.101
1482711.366 0.101
1479714.547 0.102
1476761.679 0.102
1473853.038 0.103
1470988.897 0.103
1468169.529 0.103
1465395.203 0.104
1462666.187 0.104
1459982.745 0.104
1457345.140 0.105
1454753.632 0.105
1452208.477 0.105
1449709.931 0.106
1447258.245 0.106
1444853.666 0.106
1442496.440 0.107
1440186.810 0.107
1437925.013 0.107
1435711.284 0.108
1433545.856 0.108
1431428.955 0.108
1429360.807 0.109
1427341.631 0.109
1425371.643 0.109
1423451.056 0.109
1421580.077 0.110
1419758.910 0.110
1417987.754 0.110
1416266.803 0.111
1414596.249 0.111
1412976.276 0.111
1411407.065 0.111
1409888.791 0.111
1408421.626 0.112
1407005.735 0.112
1405641.279 0.112
1404328.413 0.112
1403067.287 0.112
1401858.046 0.113
1400700.829 0.113
1399595.770 0.113
1398542.997 0.113
1397542.631 0.113
1396594.790 0.113
1395699.585 0.114
1394857.120 0.114
1394067.494 0.114
1393330.801 0.114
1392647.127 0.114
1392016.553 0.114
1391439.154 0.114
1390914.998 0.114
1390444.148 0.114
1390026.659 0.114
1389662.582 0.115
1389351.960 0.115
1389094.830 0.115
1388891.222 0.115
1388741.162 0.115
1388644.666 0.115
1388601.747 0.115
1388612.410 0.115
1388676.653 0.115
1388794.469 0.115
1388965.844 0.115
1389190.756 0.115
1389469.180 0.115
1389801.082 0.115
1390186.422 0.114
1390625.155 0.114
1391117.228 0.114
1391662.582 0.114
1392261.153 0.114
1392912.870 0.114
1393617.656 0.114
1394375.427 0.114
1395186.094 0.114
1396049.561 0.114
1396965.728 0.113
1397934.488 0.113
1398955.726 0.113
1400029.324 0.113
1401155.158 0.113
1402333.097 0.113
1403563.005 0.112
1404844.741 0.112
1406178.158 0.112
1407563.104 0.112
1408999.422 0.112
1410486.948 0.111
1412025.516 0.111
1413614.951 0.111
1415255.078 0.111
1416945.712 0.110
1418686.668 0.110
1420477.752 0.110
1422318.769 0.110
1424209.517 0.109
1426149.791 0.109
1428139.381 0.109
1430178.075 0.109
1432265.654 0.108
1434401.896 0.108
1436586.575 0.108
1438819.463 0.107
1441100.327 0.107
1443428.930 0.107
1445805.032 0.106
1448228.389 0.106
1450698.757 0.106
1453215.884 0.105
1455779.518 0.105
1458389.405 0.105
1461045.285 0.104
1463746.898 0.104
1466493.980 0.103
1469286.266 0.103
1472123.487 0.103
1475005.372 0.102
1477931.649 0.102
1480902.044 0.102
1483916.278 0.101
1486974.075 0.101
1490075.153 0.100
1493219.231 0.100
1496406.024 0.100
1499635.249 0.099
1502906.618 0.099
1506219.845 0.098
1509574.640 0.098
1512970.714 0.098
1516407.775 0.097
1519885.533 0.097
1523403.694 0.096
1526961.966 0.096
1530560.054 0.095
1534197.665 0.095
1537874.502 0.095
1541590.272 0.094
1545344.678 0.094
1549137.424 0.093
1552968.216 0.093
1556836.756 0.092
1560742.749 0.092
1564685.898 0.092
1568665.908 0.091
1572682.483 0.091
1576735.329 0.090
1580824.149 0.090
1584948.649 0.089
1589108.535 0.089
1593303.514 0.088
1597533.292 0.088
1601797.577 0.088
1606096.077 0.087
1610428.501 0.087
1614794.559 0.086
1619193.961 0.086
1623626.420 0.085
1628091.647 0.085
1632589.356 0.084
1637119.261 0.084
1641681.078 0.084
1646274.524 0.083
1650899.316 0.083
1655555.174 0.082
1660241.817 0.082
1664958.967 0.081
1669706.346 0.081
1674483.680 0.080
1679290.692 0.080
1684127.111 0.080
1688992.664 0.079
1693887.081 0.079
1698810.093 0.078
1703761.433 0.078
1708740.835 0.077
1713748.034 0.077
1718782.768 0.076
1723844.775 0.076
1728933.797 0.076
1734049.574 0.075
1739191.851 0.075
1744360.373 0.074
1749554.886 0.074
1754775.140 0.074
1760020.884 0.073
1765291.871 0.073
1770587.855 0.072
1775908.590 0.072
1781253.834 0.071
1786623.345 0.071
1792016.885 0.071
1797434.215 0.070
1802875.101 0.070
1808339.306 0.069
1813826.600 0.069
1819336.751 0.069
1824869.531 0.068
1830424.712 0.068
1836002.070 0.067
1841601.380 0.067
1847222.420 0.067
1852864.972 0.066
1858528.816 0.066
1864213.736 0.065
1869919.517 0.065
1875645.946 0.065
1881392.812 0.064
1887159.906 0.064
1892947.020 0.064
1898753.947 0.063
1904580.485 0.063
1910426.429 0.062
1916291.580 0.062
1922175.737 0.062
1928078.705 0.061
1934000.288 0.061
1939940.291 0.061
1945898.522 0.060
1951874.790 0.060
1957868.908 0.060
1963880.687 0.059
1969909.943 0.059
1975956.491 0.058
1982020.149 0.058
1988100.736 0.058
1994198.074 0.057
2000311.986 0.057
2006442.295 0.057
2012588.827 0.056
2018751.411 0.056
2024929.874 0.056
2031124.048 0.055
2037333.765 0.055
2043558.858 0.055
2049799.163 0.054
2056054.516 0.054
2062324.756 0.054
2068609.723 0.053
2074909.258 0.053
2081223.203 0.053
2087551.403 0.053
2093893.704 0.052
2100249.952 0.052
2106619.997 0.052
2113003.688 0.051
2119400.876 0.051
2125811.415 0.051
2132235.159 0.050
2138671.963 0.050
2145121.684 0.050
2151584.181 0.050
2158059.313 0.049
2164546.941 0.049
2171046.927 0.049
2177559.135 0.048
2184083.430 0.048
2190619.678 0.048
2197167.746 0.048
2203727.504 0.047
2210298.820 0.047
2216881.567 0.047
2223475.616 0.046
2230080.842 0.046
2236697.119 0.046
2243324.322 0.046
2249962.331 0.045
2256611.021 0.045
2263270.274 0.045
2269939.970 0.045
2276619.990 0.044
2283310.218 0.044
2290010.537 0.044
2296720.833 0.044
2303440.993 0.043
2310170.902 0.043
2316910.450 0.043
2323659.526 0.043
2330418.020 0.042
2337185.825 0.042
2343962.832 0.042
2350748.936 0.042
2357544.030 0.041
2364348.010 0.041
2371160.773 0.041
2377982.217 0.041
2384812.240 0.041
2391650.740 0.040
2398497.620 0.040
2405352.779 0.040
2412216.121 0.040
2419087.548 0.039
2425966.965 0.039
2432854.276 0.039
2439749.387 0.039
2446652.206 0.039
2453562.639 0.038
2460480.596 0.038
2467405.984 0.038
2474338.716 0.038
2481278.701 0.037
2488225.851 0.037
2495180.079 0.037
2502141.299 0.037
2509109.424 0.037
2516084.371 0.036
2523066.053 0.036
2530054.389 0.036
2537049.295 0.036
2544050.689 0.036
2551058.491 0.036
2558072.620 0.035
2565092.996 0.035
2572119.540 0.035
2579152.174 0.035
2586190.820 0.035
2593235.402 0.034
2600285.844 0.034
2607342.069 0.034
2614404.004 0.034
2621471.573 0.034
2628544.704 0.033
2635623.324 0.033
2642707.361 0.033
2649796.742 0.033
2656891.398 0.033
2663991.258 0.033
2671096.252 0.032
2678206.311 0.032
2685321.367 0.032
2692441.352 0.032
2699566.200 0.032
2706695.842 0.032
2713830.214 0.031
2720969.249 0.031
2728112.883 0.031
2735261.051 0.031
2742413.690 0.031
2749570.737 0.031
2756732.128 0.030
2763897.802 0.030
2771067.697 0.030
2778241.752 0.030
2785419.906 0.030
2792602.099 0.030
2799788.272 0.030
2806978.366 0.029
2814172.322 0.029
2821370.081 0.029
2828571.588 0.029
2835776.783 0.029
2842985.612 0.029
2850198.016 0.029
2857413.942 0.028
2864633.334 0.028
2871856.137 0.028
2879082.296 0.028
2886311.758 0.028
2893544.470 0.028
2900780.378 0.028
2908019.430 0.027
2915261.574 0.027
2922506.757 0.027
2929754.930 0.027
2937006.041 0.027
2944260.039 0.027
2951516.875 0.027
2958776.498 0.027
2966038.860 0.026
2973303.912 0.026
2980571.605 0.026
2987841.891 0.026
2995114.723 0.026
3002390.052 0.026
3009667.833 0.026
3016948.019 0.026
3024230.563 0.025
3031515.419 0.025
3038802.543 0.025
3046091.888 0.025
3053383.410 0.025
3060677.065 0.025
3067972.808 0.025
3075270.596 0.025
3082570.385 0.024
3089872.132 0.024
3097175.794 0.024
3104481.329 0.024
3111788.695 0.024
3119097.849 0.024
3126408.751 0.024
3133721.359 0.024
3141035.632 0.024
3148351.529 0.023
3155669.011 0.023
3162988.037 0.023
3170308.567 0.023
3177630.562 0.023
3184953.984 0.023
3192278.792 0.023
3199604.949 0.023
3206932.417 0.023
3214261.156 0.023
3221591.130 0.022
3228922.301 0.022
3236254.632 0.022
3243588.085 0.022
3250922.625 0.022
3258258.215 0.022
3265594.818 0.022
3272932.399 0.022
3280270.922 0.022
3287610.351 0.022
3294950.652 0.021
3302291.790 0.021
3309633.729 0.021
3316976.436 0.021
3324319.876 0.021
3331664.015 0.021
3339008.820 0.021
3346354.257 0.021
3353700.292 0.021
3361046.893 0.021
3368394.027 0.021
3375741.661 0.020
3383089.764 0.020
3390438.301 0.020
3397787.243 0.020
3405136.556 0.020
3412486.209 0.020
3419836.172 0.020
3427186.413 0.020
3434536.900 0.020
3441887.604 0.020
3449238.493 0.020
3456589.538 0.020
3463940.707 0.019
3471291.972 0.019
3478643.303 0.019
3485994.670 0.019
3493346.043 0.019
3500697.393 0.019
3508048.691 0.019
3515399.910 0.019
3522751.018 0.019
3530101.990 0.019
3537452.795 0.019
3544803.406 0.019
3552153.796 0.018
3559503.935 0.018
3566853.797 0.018
3574203.354 0.018
3581552.579 0.018
3588901.445 0.018
3596249.925 0.018
3603597.991 0.018
3610945.618 0.018
3618292.779 0.018
3041824.112 0.025
3031814.350 0.025
3021806.781 0.025
3011801.466 0.026
3001798.468 0.026
2991797.851 0.026
2981799.678 0.026
2971804.013 0.026
2961810.923 0.026
2951820.474 0.027
2941832.731 0.027
2931847.764 0.027
2921865.639 0.027
2911886.427 0.027
2901910.198 0.028
2891937.021 0.028
2881966.969 0.028
2872000.114 0.028
2862036.530 0.028
2852076.290 0.029
2842119.469 0.029
2832166.144 0.029
2822216.391 0.029
2812270.288 0.029
2802327.914 0.030
2792389.347 0.030
2782454.670 0.030
2772523.962 0.030
2762597.307 0.030
2752674.789 0.031
2742756.492 0.031
2732842.501 0.031
2722932.903 0.031
2713027.786 0.031
2703127.239 0.032
2693231.352 0.032
2683340.216 0.032
2673453.924 0.032
2663572.568 0.033
2653696.244 0.033
2643825.048 0.033
2633959.075 0.033
2624098.426 0.034
2614243.200 0.034
2604393.497 0.034
2594549.420 0.034
2584711.073 0.035
2574878.561 0.035
2565051.990 0.035
2555231.468 0.035
2545417.104 0.036
2535609.009 0.036
2525807.295 0.036
2516012.077 0.036
2506223.470 0.037
2496441.590 0.037
2486666.555 0.037
2476898.488 0.038
2467137.508 0.038
2457383.739 0.038
2447637.308 0.039
2437898.341 0.039
2428166.966 0.039
2418443.314 0.039
2408727.518 0.040
2399019.712 0.040
2389320.032 0.040
2379628.617 0.041
2369945.607 0.041
2360271.143 0.041
2350605.370 0.042
2340948.435 0.042
2331300.486 0.042
2321661.674 0.043
2312032.151 0.043
2302412.072 0.043
2292801.596 0.044
2283200.881 0.044
2273610.090 0.044
2264029.388 0.045
2254458.941 0.045
2244898.918 0.046
2235349.493 0.046
2225810.839 0.046
2216283.133 0.047
2206766.556 0.047
2197261.291 0.048
2187767.523 0.048
2178285.440 0.048
2168815.233 0.049
2159357.097 0.049
2149911.229 0.050
2140477.829 0.050
2131057.101 0.050
2121649.250 0.051
2112254.487 0.051
2102873.025 0.052
2093505.080 0.052
2084150.873 0.053
2074810.625 0.053
2065484.565 0.054
2056172.921 0.054
2046875.930 0.055
2037593.828 0.055
2028326.856 0.056
2019075.261 0.056
2009839.292 0.057
2000619.202 0.057
1991415.249 0.058
1982227.694 0.058
1973056.803 0.059
1963902.846 0.059
1954766.099 0.060
1945646.840 0.060
1936545.352 0.061
1927461.924 0.061
1918396.849 0.062
1909350.424 0.062
1900322.953 0.063
1891314.742 0.064
1882326.105 0.064
1873357.359 0.065
1864408.826 0.065
1855480.837 0.066
1846573.723 0.067
1837687.825 0.067
1828823.487 0.068
1819981.060 0.069
1811160.900 0.069
1802363.369 0.070
1793588.836 0.070
1784837.676 0.071
1776110.268 0.072
1767406.999 0.073
1758728.263 0.073
1750074.459 0.074
1741445.994 0.075
1732843.281 0.075
1724266.740 0.076
1715716.798 0.077
1707193.888 0.077
1698698.453 0.078
1690230.939 0.079
1681791.802 0.080
1673381.507 0.081
1665000.523 0.081
1656649.330 0.082
1648328.412 0.083
1640038.266 0.084
1631779.392 0.084
1623552.301 0.085
1615357.512 0.086
1607195.552 0.087
1599066.955 0.088
1590972.267 0.089
1582912.040 0.090
1574886.834 0.090
1566897.221 0.091
1558943.780 0.092
1551027.099 0.093
1543147.776 0.094
1535306.417 0.095
1527503.638 0.096
1519740.065 0.097
1512016.333 0.098
1504333.087 0.099
1496690.981 0.100
1489090.679 0.101
1481532.854 0.102
1474018.191 0.102
1466547.383 0.103
1459121.134 0.104
1451740.157 0.105
1444405.176 0.107
1437116.925 0.108
1429876.147 0.109
1422683.596 0.110
1415540.037 0.111
1408446.243 0.112
1401402.998 0.113
1394411.097 0.114
1387471.344 0.115
1380584.553 0.116
1373751.548 0.117
1366973.164 0.118
1360250.243 0.119
1353583.640 0.120
1346974.217 0.121
1340422.847 0.123
1333930.411 0.124
1327497.799 0.125
1321125.913 0.126
1314815.659 0.127
1308567.955 0.128
1302383.726 0.129
1296263.906 0.130
1290209.435 0.132
1284221.261 0.133
1278300.342 0.134
1272447.638 0.135
1266664.120 0.136
1260950.762 0.137
1255308.545 0.138
1249738.456 0.140
1244241.485 0.141
1238818.627 0.142
1233470.883 0.143
1228199.254 0.144
1223004.746 0.145
1217888.366 0.146
1212851.124 0.147
1207894.030 0.149
1203018.095 0.150
1198224.328 0.151
1193513.740 0.152
1188887.337 0.153
1184346.125 0.154
1179891.105 0.155
1175523.276 0.156
1171243.630 0.157
1167053.155 0.158
1162952.831 0.159
1158943.631 0.160
1155026.521 0.161
1151202.456 0.162
1147472.382 0.163
1143837.232 0.164
1140297.930 0.165
1136855.385 0.166
1133510.492 0.167
1130264.132 0.168
1127117.168 0.169
1124070.449 0.169
1121124.803 0.170
1118281.041 0.171
1115539.954 0.172
1112902.311 0.173
1110368.860 0.173
1107940.326 0.174
1105617.410 0.175
1103400.788 0.175
1101291.111 0.176
1099289.003 0.176
1097395.061 0.177
1095609.853 0.177
1093933.918 0.178
1092367.767 0.178
1090911.879 0.179
1089566.701 0.179
1088332.648 0.180
1087210.106 0.180
1086199.423 0.180
1085300.916 0.181
1084514.867 0.181
1083841.525 0.181
1083281.102 0.181
1082833.776 0.181
1082499.689 0.181
1082278.946 0.181
1082171.619 0.181
1082177.741 0.181
1082297.311 0.181
1082530.290 0.181
1082876.604 0.181
1083336.143 0.181
1083908.761 0.181
1084594.278 0.181
1085392.475 0.181
1086303.103 0.180
1087325.874 0.180
1088460.468 0.180
1089706.532 0.179
1091063.679 0.179
1092531.489 0.178
1094109.512 0.178
1095797.264 0.177
1097594.234 0.177
1099499.877 0.176
1101513.623 0.176
1103634.873 0.175
1105862.998 0.175
1108197.345 0.174
1110637.236 0.173
1113181.967 0.172
1115830.810 0.172
1118583.015 0.171
1121437.811 0.170
1124394.404 0.169
1127451.982 0.169
1130609.714 0.168
1133866.750 0.167
1137222.224 0.166
1140675.254 0.165
1144224.944 0.164
1147870.382 0.163
1151610.645 0.162
1155444.797 0.161
1159371.892 0.160
1163390.972 0.159
1167501.072 0.158
1171701.218 0.157
1175990.428 0.156
1180367.715 0.155
1184832.084 0.154
1189382.538 0.153
1194018.074 0.152
1198737.688 0.151
1203540.370 0.150
1208425.113 0.148
1213390.905 0.147
1218436.736 0.146
1223561.595 0.145
1228764.474 0.144
1234044.365 0.143
1239400.264 0.142
1244831.167 0.141
1250336.077 0.139
1255913.997 0.138
1261563.938 0.137
1267284.915 0.136
1273075.946 0.135
1278936.057 0.134
1284864.280 0.133
1290859.654 0.131
1296921.222 0.130
1303048.038 0.129
1309239.161 0.128
1315493.659 0.127
1321810.608 0.126
1328189.091 0.125
1334628.201 0.124
1341127.039 0.122
1347684.716 0.121
1354300.350 0.120
1360973.072 0.119
1367702.018 0.118
1374486.336 0.117
1381325.185 0.116
1388217.730 0.115
1395163.148 0.114
1402160.628 0.113
1409209.365 0.112
1416308.566 0.111
1423457.449 0.109
1430655.239 0.108
1437901.176 0.107
1445194.504 0.106
1452534.483 0.105
1459920.379 0.104
1467351.469 0.103
1474827.042 0.102
1482346.395 0.101
1489908.835 0.100
1497513.679 0.099
1505160.255 0.099
1512847.900 0.098
1520575.961 0.097
1528343.794 0.096
1536150.764 0.095
1543996.248 0.094
1551879.630 0.093
1559800.305 0.092
1567757.676 0.091
1575751.156 0.090
1583780.166 0.089
1591844.137 0.089
1599942.509 0.088
1608074.729 0.087
1616240.256 0.086
1624438.554 0.085
1632669.097 0.084
1640931.368 0.084
1649224.857 0.083
1657549.063 0.082
1665903.492 0.081
1674287.659 0.080
1682701.087 0.080
1691143.305 0.079
1699613.851 0.078
1708112.270 0.077
1716638.116 0.077
1725190.946 0.076
1733770.329 0.075
1742375.838 0.075
1751007.054 0.074
1759663.564 0.073
1768344.964 0.072
1777050.853 0.072
1785780.839 0.071
1794534.537 0.070
1803311.566 0.070
1812111.553 0.069
1820934.129 0.068
1829778.934 0.068
1838645.612 0.067
1847533.812 0.067
1856443.191 0.066
1865373.409 0.065
1874324.135 0.065
1883295.039 0.064
1892285.799 0.064
1901296.099 0.063
1910325.626 0.062
1919374.073 0.062
1928441.138 0.061
1937526.524 0.061
1946629.939 0.060
1955751.094 0.060
1964889.707 0.059
1974045.499 0.059
1983218.196 0.058
1992407.528 0.058
2001613.230 0.057
2010835.041 0.057
2020072.703 0.056
2029325.963 0.056
2038594.574 0.055
2047878.289 0.055
2057176.867 0.054
2066490.071 0.054
2075817.667 0.053
2085159.426 0.053
2094515.121 0.052
2103884.528 0.052
2113267.429 0.051
2122663.608 0.051
2132072.852 0.050
2141494.951 0.050
2150929.699 0.050
2160376.893 0.049
2169836.334 0.049
2179307.824 0.048
2188791.170 0.048
2198286.181 0.048
2207792.668 0.047
2217310.447 0.047
2226839.334 0.046
2236379.151 0.046
2245929.721 0.046
2255490.868 0.045
2265062.422 0.045
2274644.213 0.044
2284236.074 0.044
2293837.841 0.044
2303449.352 0.043
2313070.448 0.043
2322700.972 0.043
2332340.769 0.042
2341989.685 0.042
2351647.572 0.042
2361314.279 0.041
2370989.662 0.041
2380673.577 0.041
2390365.880 0.040
2400066.433 0.040
2409775.098 0.040
2419491.737 0.039
2429216.218 0.039
2438948.408 0.039
2448688.176 0.038
2458435.394 0.038
2468189.935 0.038
2477951.675 0.038
2487720.489 0.037
2497496.256 0.037
2507278.855 0.037
2517068.170 0.036
2526864.082 0.036
2536666.478 0.036
2546475.242 0.036
2556290.263 0.035
2566111.430 0.035
2575938.635 0.035
2585771.769 0.035
2595610.726 0.034
2605455.401 0.034
2615305.691 0.034
2625161.494 0.034
2635022.708 0.033
2644889.234 0.033
2654760.975 0.033
2664637.832 0.033
2674519.710 0.032
2684406.514 0.032
2694298.152 0.032
2704194.531 0.032
2714095.560 0.031
2724001.149 0.031
2733911.209 0.031
2743825.653 0.031
2753744.394 0.031
2763667.346 0.030
2773594.425 0.030
2783525.548 0.030
2793460.633 0.030
2803399.597 0.029
2813342.360 0.029
2823288.843 0.029
2833238.967 0.029
2843192.655 0.029
2853149.830 0.028
2863110.416 0.028
2873074.338 0.028
2883041.522 0.028
2893011.896 0.028
2902985.386 0.028
2912961.921 0.027
2922941.431 0.027
2932923.845 0.027
2942909.095 0.027
2952897.113 0.027
2962887.830 0.026
2972881.180 0.026
2982877.097 0.026
2992875.515 0.026
3002876.371 0.026
3012879.600 0.026
3022885.139 0.025
3032892.926 0.025
3042902.898 0.025
3052914.995 0.025
3062929.156 0.025
3072945.321 0.025
3082963.432 0.024
3092983.429 0.024
3103005.255 0.024
3113028.852 0.024
3123054.163 0.024
3133081.133 0.024
3143109.705 0.024
3153139.826 0.023
3163171.439 0.023
3173204.492 0.023
3183238.931 0.023
3193274.704 0.023
3203311.757 0.023
3213350.039 0.023
3223389.500 0.022
3233430.088 0.022
3243471.752 0.022
3253514.445 0.022
3263558.115 0.022
3273602.714 0.022
3283648.194 0.022
3293694.507 0.021
3303741.606 0.021
3313789.444 0.021
3323837.974 0.021
3333887.150 0.021
3343936.926 0.021
3353987.258 0.021
3364038.101 0.021
3374089.409 0.020
3384141.140 0.020
3394193.249 0.020
3404245.694 0.020
3414298.432 0.020
3424351.419 0.020
3434404.615 0.020
3444457.978 0.020
3454511.465 0.020
3464565.037 0.019
3474618.653 0.019
3484672.273 0.019
3494725.856 0.019
3504779.363 0.019
3514832.755 0.019
3524885.994 0.019
3534939.040 0.019
3544991.856 0.019
3555044.403 0.018
3565096.644 0.018
3575148.542 0.018
3585200.060 0.018
3595251.161 0.018
3605301.808 0.018
3615351.967 0.018
3625401.600 0.018
3635450.673 0.018
3645499.151 0.018
3655546.998 0.017
3665594.179 0.017
3675640.662 0.017
3685686.410 0.017
3695731.391 0.017
3705775.571 0.017
3715818.917 0.017
3725861.395 0.017
3735902.973 0.017
3745943.619 0.017
3755983.299 0.017
3766021.982 0.016
3776059.636 0.016
3786096.229 0.016
3796131.731 0.016
3806166.109 0.016
3816199.334 0.016
3826231.374 0.016
3836262.198 0.016
3846291.777 0.016
3856320.081 0.016
3866347.079 0.016
3876372.743 0.016
3886397.042 0.015
3896419.948 0.015
3906441.431 0.015
3916461.463 0.015
3926480.015 0.015
3936497.058 0.015
3946512.565 0.015
3956526.507 0.015
3966538.857 0.015
3976549.587 0.015
3986558.669 0.015
3996566.076 0.015
4006571.782 0.015
4016575.758 0.014
4026577.978 0.014
4036578.416 0.014
4046577.046 0.014
4056573.840 0.014
4066568.773 0.014
4076561.819 0.014
4086552.952 0.014
4096542.147 0.014
4106529.378 0.014
4116514.619 0.014
4126497.846 0.014
4136479.034 0.014
4146458.158 0.014
4156435.192 0.014
4166410.113 0.013
4176382.896 0.013
4186353.517 0.013
4196321.952 0.013
4206288.176 0.013
4216252.166 0.013
4226213.899 0.013
4236173.350 0.013
4246130.496 0.013
4256085.314 0.013
4266037.781 0.013
4275987.873 0.013
4285935.568 0.013
4295880.843 0.013
4305823.675 0.013
4315764.042 0.013
4325701.921 0.013
4335637.290 0.012
4345570.127 0.012
4355500.409 0.012
4365428.116 0.012
4375353.224 0.012
4385275.712 0.012
4395195.559 0.012
4405112.744 0.012
4415027.243 0.012
4424939.038 0.012
4434848.105 0.012
4444754.425 0.012
4454657.976 0.012
4464558.737 0.012
4474456.688 0.012
4484351.808 0.012
4494244.076 0.012
4504133.473 0.012
4514019.977 0.011
4523903.568 0.011
4533784.227 0.011
4543661.933 0.011
4553536.666 0.011
4563408.406 0.011
4573277.134 0.011
4583142.830 0.011
4593005.474 0.011
4602865.046 0.011
4612721.529 0.011
4622574.901 0.011
4632425.144 0.011
4642272.238 0.011
4652116.166 0.011
4661956.906 0.011
4671794.442 0.011
4681628.753 0.011
4691459.822 0.011
4701287.629 0.011
4711112.155 0.011
4720933.384 0.011
4730751.295 0.010
4740565.871 0.010
4750377.093 0.010
4760184.943 0.010
4769989.404 0.010
4779790.456 0.010
4789588.083 0.010
4799382.266 0.010
4809172.987 0.010
4818960.228 0.010
4828743.973 0.010
4838524.203 0.010
4848300.901 0.010
4858074.049 0.010
4867843.630 0.010
4877609.627 0.010
4887372.022 0.010
4897130.799 0.010
4906885.939 0.010
4916637.427 0.010
4926385.244 0.010
4936129.374 0.010
4945869.801 0.010
4955606.507 0.010
4965339.476 0.010
4975068.690 0.009
4984794.134 0.009
4994515.791 0.009
5004233.643 0.009
5013947.676 0.009
5023657.872 0.009
5033364.215 0.009
5043066.689 0.009
5052765.278 0.009
5062459.965 0.009
5072150.734 0.009
5081837.570 0.009
5091520.456 0.009
5101199.377 0.009
5110874.316 0.009
5120545.258 0.009
5130212.186 0.009
5139875.086 0.009
5149533.941 0.009
5159188.737 0.009
5168839.456 0.009
5178486.085 0.009
5188128.607 0.009
5197767.006 0.009
5207401.269 0.009
5217031.379 0.009
5226657.320 0.009
5236279.079 0.009
5245896.639 0.009
5255509.986 0.008
5265119.104 0.008
5274723.979 0.008
5284324.595 0.008
5293920.938 0.008
5303512.992 0.008
5313100.743 0.008
5322684.176 0.008
5332263.276 0.008
5341838.029 0.008
251455.590 0.969
243248.333 0.975
235040.835 0.980
226833.102 0.985
218625.144 0.989
210416.968 0.992
202208.583 0.994
193999.997 0.996
185791.217 0.998
177582.253 0.998
169373.113 0.999
161163.803 1.000
152954.334 1.000
144744.712 1.000
136534.946 1.000
128325.045 1.000
120115.016 1.000
111904.867 1.000
103694.607 1.000
95484.244 1.000
87273.785 1.000
79063.240 1.000
70852.617 1.000
62641.922 1.000
54431.166 1.000
46220.355 1.000
38009.498 1.000
29798.604 1.000
21587.680 1.000
13376.734 1.000
5165.775 1.000
3045.189 1.000
11256.150 1.000
19467.099 1.000
27678.030 1.000
35888.933 1.000
44099.800 1.000
52310.623 1.000
60521.395 1.000
68732.106 1.000
76942.748 1.000
85153.315 1.000
93363.796 1.000
101574.185 1.000
109784.472 1.000
117994.650 1.000
126204.711 1.000
134414.646 1.000
142624.448 1.000
150834.108 1.000
159043.617 1.000
167252.969 0.999
175462.154 0.999
183671.164 0.998
191879.992 0.997
200088.629 0.995
208297.067 0.993
216505.297 0.990
224713.312 0.986
232921.104 0.982
241128.664 0.976
249335.984 0.970
257543.055 0.964
265749.871 0.956
273956.422 0.948
282162.701 0.939
290368.699 0.929
298574.408 0.919
306779.820 0.908
314984.927 0.896
323189.721 0.884
331394.193 0.872
339598.335 0.859
347802.139 0.846
356005.598 0.833
364208.702 0.820
372411.444 0.806
380613.815 0.793
388815.807 0.779
397017.413 0.766
405218.624 0.752
413419.432 0.738
421619.828 0.725
429819.805 0.711
438019.354 0.698
446218.468 0.685
454417.137 0.672
462615.355 0.659
470813.112 0.647
479010.401 0.634
487207.213 0.622
495403.541 0.610
503599.375 0.598
511794.709 0.586
519989.533 0.575
528183.840 0.564
536377.622 0.553
544570.870 0.542
552763.576 0.532
560955.732 0.522
569147.330 0.512
577338.362 0.502
585528.820 0.492
593718.695 0.483
601907.979 0.474
610096.664 0.465
618284.743 0.456
626472.206 0.447
634659.046 0.439
642845.255 0.431
651030.824 0.423
659215.745 0.415
667400.010 0.407
675583.612 0.400
683766.541 0.393
691948.790 0.386
700130.351 0.379
708311.215 0.372
716491.374 0.365
724670.821 0.359
732849.546 0.352
741027.542 0.346
749204.802 0.340
757381.315 0.334
765557.075 0.329
773732.074 0.323
781906.303 0.318
790079.754 0.312
798252.418 0.307
806424.289 0.302
814595.357 0.297
822765.615 0.292
830935.054 0.287
839103.667 0.283
847271.444 0.278
855438.379 0.274
863604.462 0.269
871769.687 0.265
879934.044 0.261
888097.525 0.257
896260.123 0.253
904421.830 0.249
912582.636 0.245
920742.535 0.241
928901.517 0.238
937059.575 0.234
945216.701 0.231
953372.887 0.227
961528.124 0.224
969682.404 0.221
977835.720 0.217
985988.062 0.214
994139.424 0.211
1002289.797 0.208
1010439.172 0.205
1018587.542 0.202
1026734.899 0.199
1034881.234 0.197
1043026.540 0.194
1051170.808 0.191
1059314.030 0.189
1067456.198 0.186
1075597.304 0.183
1083737.339 0.181
1091876.297 0.179
1100014.168 0.176
1108150.945 0.174
1116286.619 0.172
1124421.183 0.169
1132554.628 0.167
1140686.946 0.165
1148818.129 0.163
1156948.169 0.161
1165077.059 0.159
1173204.788 0.157
1181331.351 0.155
1189456.738 0.153
1197580.942 0.151
1205703.955 0.149
1213825.767 0.147
1221946.373 0.145
1230065.762 0.144
1238183.927 0.142
1246300.861 0.140
1254416.554 0.139
1262531.000 0.137
1270644.189 0.135
1278756.114 0.134
1286866.767 0.132
1294976.140 0.131
1303084.224 0.129
1311191.011 0.128
1319296.494 0.126
1327400.665 0.125
1335503.514 0.123
1343605.035 0.122
1351705.219 0.121
1359804.058 0.119
1367901.545 0.118
1375997.670 0.117
1384092.426 0.115
1392185.805 0.114
1400277.799 0.113
1408368.400 0.112
1416457.600 0.110
1424545.390 0.109
1432631.763 0.108
1440716.710 0.107
1448800.224 0.106
1456882.297 0.105
1464962.920 0.104
1473042.085 0.103
1481119.785 0.102
1489196.011 0.101
1497270.756 0.100
1505344.010 0.099
1513415.767 0.098
1521486.018 0.097
1529554.756 0.096
1537621.971 0.095
1545687.657 0.094
1553751.805 0.093
1561814.407 0.092
1569875.455 0.091
1577934.941 0.090
1585992.857 0.089
1594049.195 0.088
1602103.947 0.088
1610157.104 0.087
1618208.660 0.086
1626258.606 0.085
1634306.934 0.084
1642353.635 0.083
1650398.703 0.083
1658442.129 0.082
1666483.904 0.081
1674524.021 0.080
1682562.472 0.080
1690599.249 0.079
1698634.344 0.078
1706667.749 0.078
1714699.456 0.077
1722729.457 0.076
1730757.744 0.075
1738784.308 0.075
1746809.143 0.074
1754832.239 0.074
1762853.590 0.073
1770873.186 0.072
1778891.021 0.072
1786907.086 0.071
1794921.372 0.070
1802933.873 0.070
1810944.580 0.069
1818953.485 0.069
1826960.580 0.068
1834965.858 0.067
1842969.309 0.067
1850970.927 0.066
1858970.704 0.066
1866968.630 0.065
1874964.700 0.065
1882958.903 0.064
1890951.233 0.064
1898941.682 0.063
1906930.241 0.063
1914916.903 0.062
1922901.659 0.062
1930884.502 0.061
1938865.424 0.061
20.003 2109616.443 0.066087517
20.121 2103564.435 0.066205978
20.240 2097519.129 0.066326422
20.359 2091480.591 0.066448853
20.479 2085448.886 0.066573273
20.599 2079424.080 0.066699686
20.719 2073406.240 0.066828094
20.840 2067395.433 0.066958502
20.962 2061391.728 0.067090913
21.084 2055395.192 0.067225330
21.207 2049405.897 0.067361758
21.330 2043423.911 0.067500201
21.453 2037449.307 0.067640662
21.577 2031482.155 0.067783147
21.702 2025522.528 0.067927658
21.827 2019570.499 0.068074201
21.953 2013626.143 0.068222780
22.079 2007689.534 0.068373400
22.205 2001760.746 0.068526066
22.333 1995839.858 0.068680782
22.460 1989926.945 0.068837554
22.588 1984022.085 0.068996386
22.717 1978125.358 0.069157283
22.847 1972236.842 0.069320251
22.976 1966356.617 0.069485296
23.107 1960484.766 0.069652421
23.238 1954621.368 0.069821633
23.369 1948766.509 0.069992938
23.501 1942920.270 0.070166340
23.634 1937082.737 0.070341845
23.767 1931253.994 0.070519460
23.901 1925434.129 0.070699189
24.035 1919623.228 0.070881038
24.170 1913821.379 0.071065013
24.306 1908028.671 0.071251120
24.442 1902245.195 0.071439365
24.578 1896471.040 0.071629753
24.716 1890706.299 0.071822291
24.853 1884951.064 0.072016984
24.992 1879205.429 0.072213837
25.131 1873469.488 0.072412858
25.270 1867743.338 0.072614052
25.411 1862027.074 0.072817424
25.551 1856320.795 0.073022980
25.693 1850624.599 0.073230727
25.835 1844938.585 0.073440669
25.977 1839262.855 0.073652814
26.121 1833597.510 0.073867166
26.265 1827942.652 0.074083730
26.409 1822298.386 0.074302514
26.554 1816664.817 0.074523522
26.700 1811042.049 0.074746759
26.846 1805430.192 0.074972232
26.994 1799829.352 0.075199945
27.141 1794239.639 0.075429903
27.290 1788661.164 0.075662112
27.439 1783094.038 0.075896577
27.588 1777538.374 0.076133302
27.738 1771994.285 0.076372293
27.889 1766461.887 0.076613554
28.041 1760941.296 0.076857089
28.193 1755432.630 0.077102903
28.346 1749936.006 0.077351000
28.500 1744451.545 0.077601384
28.654 1738979.368 0.077854059
28.809 1733519.598 0.078109029
28.965 1728072.357 0.078366297
29.121 1722637.771 0.078625866
29.278 1717215.966 0.078887740
29.436 1711807.068 0.079151921
29.594 1706411.208 0.079418411
29.753 1701028.514 0.079687214
29.913 1695659.118 0.079958331
30.073 1690303.152 0.080231765
30.234 1684960.751 0.080507516
30.396 1679632.050 0.080785586
30.559 1674317.184 0.081065976
30.722 1669016.294 0.081348686
30.886 1663729.516 0.081633718
31.050 1658456.993 0.081921070
31.216 1653198.867 0.082210742
31.382 1647955.280 0.082502735
31.549 1642726.379 0.082797046
31.716 1637512.309 0.083093673
31.884 1632313.217 0.083392616
32.053 1627129.255 0.083693872
32.223 1621960.571 0.083997438
32.393 1616807.319 0.084303310
32.564 1611669.651 0.084611486
32.736 1606547.723 0.084921960
32.908 1601441.692 0.085234728
33.082 1596351.715 0.085549786
33.256 1591277.953 0.085867126
33.430 1586220.566 0.086186744
33.606 1581179.717 0.086508631
33.782 1576155.570 0.086832782
33.959 1571148.290 0.087159187
34.136 1566158.046 0.087487838
34.314 1561185.005 0.087818726
34.493 1556229.339 0.088151841
34.673 1551291.218 0.088487172
34.853 1546370.817 0.088824709
35.035 1541468.310 0.089164439
35.216 1536583.874 0.089506350
35.399 1531717.687 0.089850428
35.582 1526869.930 0.090196659
35.766 1522040.782 0.090545028
35.951 1517230.427 0.090895519
36.136 1512439.051 0.091248117
36.323 1507666.838 0.091602804
36.509 1502913.976 0.091959560
36.697 1498180.655 0.092318368
36.885 1493467.066 0.092679208
37.074 1488773.401 0.093042058
37.264 1484099.855 0.093406897
37.454 1479446.622 0.093773701
37.645 1474813.901 0.094142448
37.836 1470201.890 0.094513113
38.029 1465610.790 0.094885669
38.222 1461040.802 0.095260090
38.415 1456492.131 0.095636349
38.609 1451964.982 0.096014416
38.804 1447459.561 0.096394261
39.000 1442976.077 0.096775853
39.196 1438514.740 0.097159160
39.393 1434075.761 0.097544149
39.590 1429659.353 0.097930786
39.788 1425265.731 0.098319033
39.987 1420895.111 0.098708855
40.186 1416547.710 0.099100213
40.386 1412223.749 0.099493068
40.586 1407923.446 0.099887380
40.787 1403647.025 0.100283105
40.988 1399394.709 0.100680202
41.190 1395166.722 0.101078624
41.392 1390963.291 0.101478328
41.595 1386784.645 0.101879264
41.799 1382631.011 0.102281385
42.003 1378502.622 0.102684640
42.207 1374399.707 0.103088978
42.412 1370322.502 0.103494347
42.617 1366271.240 0.103900691
42.823 1362246.157 0.104307956
43.029 1358247.489 0.104716084
43.235 1354275.477 0.105125016
43.442 1350330.358 0.105534692
43.649 1346412.373 0.105945052
43.857 1342521.764 0.106356031
44.065 1338658.775 0.106767565
44.273 1334823.648 0.107179589
44.481 1331016.629 0.107592034
44.690 1327237.963 0.108004831
44.899 1323487.898 0.108417910
45.108 1319766.681 0.108831199
45.317 1316074.561 0.109244624
45.526 1312411.788 0.109658110
45.736 1308778.611 0.110071580
45.945 1305175.282 0.110484955
46.155 1301602.052 0.110898157
46.364 1298059.173 0.111311104
46.574 1294546.900 0.111723713
46.784 1291065.484 0.112135900
46.993 1287615.180 0.112547579
47.203 1284196.243 0.112958663
47.412 1280808.927 0.113369063
47.621 1277453.487 0.113778689
47.830 1274130.178 0.114187451
48.039 1270839.257 0.114595254
48.247 1267580.979 0.115002004
48.455 1264355.599 0.115407607
48.663 1261163.374 0.115811964
48.871 1258004.559 0.116214978
49.078 1254879.409 0.116616549
49.284 1251788.181 0.117016576
49.490 1248731.129 0.117414958
49.696 1245708.507 0.117811590
49.900 1242720.571 0.118206369
50.105 1239767.575 0.118599189
50.308 1236849.771 0.118989944
50.511 1233967.412 0.119378526
50.713 1231120.750 0.119764827
50.914 1228310.037 0.120148737
51.114 1225535.522 0.120530145
51.313 1222797.455 0.120908942
51.511 1220096.083 0.121285015
51.709 1217431.655 0.121658251
51.905 1214804.415 0.122028537
52.099 1212214.609 0.122395760
52.293 1209662.479 0.122759804
52.485 1207148.266 0.123120556
52.676 1204672.212 0.123477900
52.865 1202234.553 0.123831721
53.053 1199835.527 0.124181903
53.240 1197475.369 0.124528329
53.424 1195154.310 0.124870884
53.608 1192872.581 0.125209452
53.789 1190630.411 0.125543917
53.968 1188428.026 0.125874163
54.146 1186265.650 0.126200074
54.321 1184143.503 0.126521535
54.495 1182061.806 0.126838430
54.666 1180020.773 0.127150647
54.835 1178020.619 0.127458069
55.002 1176061.553 0.127760585
55.167 1174143.784 0.128058082
55.329 1172267.515 0.128350447
55.489 1170432.949 0.128637570
55.646 1168640.284 0.128919342
55.800 1166889.713 0.129195652
55.952 1165181.430 0.129466395
56.101 1163515.621 0.129731463
56.247 1161892.471 0.129990752
56.391 1160312.161 0.130244159
56.531 1158774.866 0.130491580
56.668 1157280.761 0.130732917
56.802 1155830.014 0.130968071
56.932 1154422.789 0.131196945
57.060 1153059.248 0.131419445
57.183 1151739.546 0.131635477
57.304 1150463.836 0.131844952
57.421 1149232.266 0.132047780
57.534 1148044.978 0.132243877
57.644 1146902.112 0.132433158
57.750 1145803.800 0.132615542
57.852 1144750.173 0.132790950
57.950 1143741.354 0.132959306
58.044 1142777.464 0.133120538
58.134 1141858.616 0.133274573
58.220 1140984.920 0.133421345
58.303 1140156.481 0.133560789
58.380 1139373.398 0.133692842
58.454 1138635.765 0.133817447
58.523 1137943.672 0.133934547
58.588 1137297.201 0.134044089
58.649 1136696.431 0.134146025
58.705 1136141.435 0.134240309
58.757 1135632.280 0.134326897
58.804 1135169.028 0.134405751
58.847 1134751.737 0.134476834
58.885 1134380.455 0.134540115
58.918 1134055.230 0.134595563
58.947 1133776.100 0.134643155
58.971 1133543.100 0.134682868
58.991 1133356.258 0.134714684
59.006 1133215.597 0.134738587
59.016 1133121.134 0.134754568
59.022 1133072.879 0.134762619
59.022 1133070.840 0.134762736
59.019 1133115.016 0.134754919
59.010 1133205.400 0.134739171
58.997 1133341.982 0.134715500
58.979 1133524.745 0.134683917
58.956 1133753.665 0.134644435
58.929 1134028.715 0.134597074
58.897 1134349.859 0.134541854
58.861 1134717.058 0.134478800
58.819 1135130.267 0.134407943
58.774 1135589.435 0.134329313
58.724 1136094.505 0.134242946
58.669 1136645.416 0.134148882
58.610 1137242.098 0.134047163
58.547 1137884.481 0.133937834
58.479 1138572.484 0.133820946
58.407 1139306.025 0.133696550
58.331 1140085.015 0.133564702
58.250 1140909.359 0.133425460
58.165 1141778.958 0.133278886
58.077 1142693.707 0.133125045
57.984 1143653.496 0.132964004
57.887 1144658.211 0.132795835
57.786 1145707.733 0.132620609
57.682 1146801.936 0.132438403
57.574 1147940.692 0.132249296
57.462 1149123.866 0.132053368
57.346 1150351.320 0.131850704
57.227 1151622.910 0.131641388
57.105 1152938.489 0.131425510
56.979 1154297.905 0.131203159
56.849 1155701.001 0.130974428
56.717 1157147.615 0.130739413
56.581 1158637.585 0.130498208
56.442 1160170.739 0.130250913
56.300 1161746.906 0.129997628
56.155 1163365.909 0.129738453
56.007 1165027.566 0.129473494
55.857 1166731.694 0.129202854
55.703 1168478.104 0.128926639
55.547 1170266.605 0.128644958
55.389 1172097.002 0.128357919
55.227 1173969.096 0.128065630
55.064 1175882.686 0.127768204
54.898 1177837.568 0.127465752
54.730 1179833.533 0.127158387
54.559 1181870.372 0.126846221
54.387 1183947.869 0.126529368
54.212 1186065.810 0.126207944
54.036 1188223.975 0.125882062
53.857 1190422.142 0.125551839
53.677 1192660.089 0.125217390
53.495 1194937.588 0.124878830
53.311 1197254.411 0.124536276
53.125 1199610.327 0.124189844
52.938 1202005.104 0.123839649
52.750 1204438.506 0.123485808
52.559 1206910.297 0.123128436
52.368 1209420.239 0.122767649
52.175 1211968.092 0.122403562
51.981 1214553.613 0.122036289
51.786 1217176.560 0.121665946
51.590 1219836.688 0.121292645
51.392 1222533.751 0.120916501
51.194 1225267.501 0.120537625
50.994 1228037.691 0.120156130
50.794 1230844.071 0.119772126
50.592 1233686.391 0.119385725
50.390 1236564.399 0.118997034
50.187 1239477.843 0.118606164
49.984 1242426.471 0.118213221
49.780 1245410.028 0.117818311
49.575 1248428.262 0.117421542
49.369 1251480.917 0.117023015
49.163 1254567.738 0.116622836
48.957 1257688.470 0.116221106
48.750 1260842.858 0.115817926
48.543 1264030.646 0.115413395
48.335 1267251.578 0.115007612
48.127 1270505.397 0.114600674
47.919 1273791.849 0.114192676
47.710 1277110.677 0.113783713
47.502 1280461.625 0.113373878
47.293 1283844.438 0.112963263
47.084 1287258.861 0.112551956
46.875 1290704.639 0.112140048
46.665 1294181.516 0.111727625
46.456 1297689.240 0.111314774
46.247 1301227.556 0.110901578
46.038 1304796.211 0.110488120
45.829 1308394.954 0.110074482
45.620 1312023.531 0.109660742
45.411 1315681.692 0.109246981
45.202 1319369.186 0.108833274
44.993 1323085.764 0.108419696
44.785 1326831.176 0.108006322
44.577 1330605.176 0.107593223
44.369 1334407.516 0.107180470
44.161 1338237.949 0.106768133
43.953 1342096.232 0.106356278
43.746 1345982.119 0.105944973
43.539 1349895.367 0.105534281
43.333 1353835.736 0.105124266
43.127 1357802.984 0.104714989
42.921 1361796.871 0.104306511
42.715 1365817.159 0.103898890
42.510 1369863.611 0.103492183
42.306 1373935.991 0.103086446
42.102 1378034.065 0.102681734
41.898 1382157.598 0.102278099
41.695 1386306.359 0.101875592
41.492 1390480.117 0.101474265
41.290 1394678.643 0.101074165
41.088 1398901.709 0.100675340
40.887 1403149.089 0.100277835
40.687 1407420.556 0.099881696
40.487 1411715.889 0.099486966
40.287 1416034.863 0.099093686
40.088 1420377.260 0.098701898
39.890 1424742.858 0.098311641
39.692 1429131.441 0.097922953
39.495 1433542.793 0.097535871
39.298 1437976.699 0.097150431
39.102 1442432.945 0.096766667
38.907 1446911.319 0.096384613
38.712 1451411.613 0.096004301
38.518 1455933.617 0.095625762
38.325 1460477.125 0.095249027
38.132 1465041.930 0.094874123
37.940 1469627.829 0.094501080
37.749 1474234.621 0.094129923
37.558 1478862.104 0.093760678
37.368 1483510.079 0.093393371
37.178 1488178.349 0.093028025
36.990 1492866.719 0.092664662
36.802 1497574.993 0.092303306
36.614 1502302.979 0.091943975
36.428 1507050.487 0.091586691
36.242 1511817.326 0.091231472
36.056 1516603.309 0.090878337
35.872 1521408.250 0.090527304
35.688 1526231.964 0.090178387
35.505 1531074.268 0.089831604
35.322 1535934.981 0.089486970
35.141 1540813.922 0.089144497
34.960 1545710.914 0.088804201
34.779 1550625.779 0.088466093
34.600 1555558.343 0.088130185
34.421 1560508.431 0.087796489
34.243 1565475.873 0.087465015
34.065 1570460.498 0.087135772
33.889 1575462.136 0.086808771
33.713 1580480.620 0.086484020
33.537 1585515.785 0.086161527
33.363 1590567.467 0.085841299
33.189 1595635.502 0.085523343
33.016 1600719.729 0.085207665
32.844 1605819.990 0.084894271
32.672 1610936.124 0.084583167
32.501 1616067.977 0.084274356
32.331 1621215.392 0.083967843
32.161 1626378.216 0.083663632
31.992 1631556.297 0.083361726
31.824 1636749.484 0.083062127
31.657 1641957.627 0.082764839
31.490 1647180.579 0.082469862
31.324 1652418.192 0.082177199
31.159 1657670.324 0.081886850
30.995 1662936.828 0.081598817
30.831 1668217.564 0.081313099
30.668 1673512.391 0.081029697
30.505 1678821.168 0.080748610
30.344 1684143.758 0.080469837
30.183 1689480.025 0.080193378
30.022 1694829.833 0.079919232
29.863 1700193.048 0.079647396
29.704 1705569.536 0.079377869
29.545 1710959.168 0.079110648
29.388 1716361.813 0.078845732
29.231 1721777.342 0.078583117
29.075 1727205.628 0.078322801
28.919 1732646.544 0.078064781
28.764 1738099.966 0.077809053
28.610 1743565.770 0.077555614
28.457 1749043.833 0.077304460
28.304 1754534.036 0.077055587
28.151 1760036.257 0.076808991
28.000 1765550.377 0.076564667
27.849 1771076.281 0.076322612
27.699 1776613.850 0.076082821
27.549 1782162.970 0.075845289
27.400 1787723.527 0.075610012
27.252 1793295.409 0.075376983
27.105 1798878.503 0.075146199
26.958 1804472.699 0.074917653
26.811 1810077.888 0.074691342
26.666 1815693.962 0.074467259
26.520 1821320.813 0.074245398
26.376 1826958.335 0.074025755
26.232 1832606.423 0.073808324
26.089 1838264.974 0.073593099
25.946 1843933.885 0.073380074
25.804 1849613.053 0.073169243
25.663 1855302.378 0.072960601
25.522 1861001.761 0.072754142
25.382 1866711.103 0.072549860
25.243 1872430.305 0.072347749
25.104 1878159.272 0.072147804
24.965 1883897.908 0.071950017
24.828 1889646.118 0.071754383
24.691 1895403.809 0.071560896
24.554 1901170.887 0.071369551
24.418 1906947.261 0.071180341
24.283 1912732.839 0.070993260
24.148 1918527.533 0.070808303
24.013 1924331.254 0.070625463
23.880 1930143.912 0.070444735
23.747 1935965.421 0.070266113
23.614 1941795.694 0.070089590
23.482 1947634.647 0.069915162
23.351 1953482.194 0.069742822
23.220 1959338.252 0.069572565
23.089 1965202.739 0.069404386
22.960 1971075.572 0.069238278
22.830 1976956.670 0.069074236
22.702 1982845.952 0.068912255
22.573 1988743.340 0.068752330
22.446 1994648.755 0.068594455
22.319 2000562.119 0.068438625
22.192 2006483.354 0.068284835
22.066 2012412.385 0.068133080
21.940 2018349.136 0.067983355
21.815 2024293.533 0.067835655
21.691 2030245.501 0.067689975
21.567 2036204.967 0.067546312
21.443 2042171.858 0.067404660
21.320 2048146.104 0.067265014
21.198 2054127.633 0.067127372
21.076 2060116.374 0.066991728
20.954 2066112.259 0.066858078
20.833 2072115.217 0.066726419
20.713 2078125.182 0.066596747
20.593 2084142.085 0.066469058
20.473 2090165.860 0.066343348
20.354 2096196.441 0.066219614
20.236 2102233.762 0.066097853
20.118 2108277.758 0.065978062
