20.042 2108258.828 0.066094629
20.149 2102804.123 0.066201522
20.256 2097355.042 0.066310026
20.364 2091911.633 0.066420140
20.472 2086473.945 0.066531869
20.580 2081042.029 0.066645213
20.689 2075615.933 0.066760175
20.798 2070195.710 0.066876758
20.908 2064781.408 0.066994963
21.018 2059373.081 0.067114793
21.128 2053970.781 0.067236251
21.239 2048574.558 0.067359339
21.350 2043184.467 0.067484059
21.461 2037800.561 0.067610416
21.573 2032422.893 0.067738411
21.686 2027051.518 0.067868048
21.799 2021686.491 0.067999329
21.912 2016327.868 0.068132257
22.025 2010975.703 0.068266837
22.140 2005630.054 0.068403070
22.254 2000290.977 0.068540960
22.369 1994958.531 0.068680510
22.484 1989632.772 0.068821724
22.600 1984313.759 0.068964605
22.716 1979001.552 0.069109157
22.833 1973696.210 0.069255382
22.950 1968397.793 0.069403286
23.067 1963106.362 0.069552870
23.185 1957821.978 0.069704140
23.304 1952544.702 0.069857097
23.423 1947274.599 0.070011747
23.542 1942011.729 0.070168093
23.662 1936756.158 0.070326139
23.782 1931507.948 0.070485888
23.903 1926267.165 0.070647344
24.024 1921033.875 0.070810512
24.145 1915808.143 0.070975395
24.267 1910590.035 0.071141996
24.390 1905379.619 0.071310320
24.513 1900176.963 0.071480371
24.636 1894982.135 0.071652152
24.760 1889795.204 0.071825668
24.884 1884616.240 0.072000922
25.009 1879445.314 0.072177918
25.135 1874282.496 0.072356661
25.261 1869127.858 0.072537153
25.387 1863981.472 0.072719399
25.514 1858843.411 0.072903403
25.641 1853713.750 0.073089169
25.769 1848592.562 0.073276699
25.897 1843479.922 0.073465999
26.026 1838375.907 0.073657072
26.155 1833280.592 0.073849921
26.285 1828194.056 0.074044550
26.415 1823116.375 0.074240963
26.546 1818047.628 0.074439163
26.677 1812987.895 0.074639154
26.809 1807937.256 0.074840940
26.941 1802895.791 0.075044523
27.074 1797863.582 0.075249907
27.207 1792840.712 0.075457095
27.341 1787827.263 0.075666090
27.475 1782823.319 0.075876896
27.610 1777828.965 0.076089516
27.745 1772844.287 0.076303952
27.881 1767869.369 0.076520207
28.018 1762904.300 0.076738284
28.155 1757949.167 0.076958185
28.292 1753004.058 0.077179914
28.430 1748069.063 0.077403472
28.569 1743144.272 0.077628862
28.708 1738229.776 0.077856085
28.847 1733325.667 0.078085144
28.988 1728432.037 0.078316041
29.128 1723548.980 0.078548777
29.270 1718676.590 0.078783354
29.411 1713814.963 0.079019773
29.554 1708964.194 0.079258035
29.697 1704124.380 0.079498142
29.840 1699295.619 0.079740095
29.984 1694478.010 0.079983893
30.128 1689671.651 0.080229538
30.274 1684876.645 0.080477030
30.419 1680093.091 0.080726369
30.565 1675321.093 0.080977555
30.712 1670560.752 0.081230587
30.859 1665812.174 0.081485465
31.007 1661075.463 0.081742188
31.156 1656350.725 0.082000755
31.305 1651638.066 0.082261165
31.454 1646937.595 0.082523416
31.604 1642249.420 0.082787507
31.755 1637573.651 0.083053434
31.906 1632910.399 0.083321197
32.058 1628259.774 0.083590791
32.210 1623621.889 0.083862215
32.363 1618996.858 0.084135464
32.517 1614384.795 0.084410536
32.671 1609785.816 0.084687425
32.825 1605200.036 0.084966129
32.980 1600627.574 0.085246642
33.136 1596068.547 0.085528960
33.292 1591523.076 0.085813076
33.449 1586991.279 0.086098986
33.607 1582473.279 0.086386682
33.765 1577969.198 0.086676160
33.923 1573479.158 0.086967411
34.082 1569003.286 0.087260428
34.242 1564541.705 0.087555204
34.402 1560094.543 0.087851731
34.563 1555661.926 0.088149999
34.725 1551243.984 0.088450000
34.886 1546840.845 0.088751724
35.049 1542452.640 0.089055161
35.212 1538079.500 0.089360300
35.376 1533721.559 0.089667132
35.540 1529378.950 0.089975643
35.704 1525051.806 0.090285822
35.870 1520740.265 0.090597656
36.035 1516444.463 0.090911133
36.202 1512164.537 0.091226238
36.368 1507900.626 0.091542957
36.536 1503652.870 0.091861276
36.704 1499421.409 0.092181179
36.872 1495206.387 0.092502650
37.041 1491007.945 0.092825673
37.211 1486826.228 0.093150229
37.381 1482661.380 0.093476302
37.551 1478513.548 0.093803872
37.722 1474382.879 0.094132921
37.894 1470269.521 0.094463428
38.066 1466173.622 0.094795374
38.238 1462095.333 0.095128736
38.411 1458034.806 0.095463494
38.585 1453992.192 0.095799624
38.759 1449967.644 0.096137102
38.933 1445961.317 0.096475906
39.108 1441973.366 0.096816009
39.284 1438003.947 0.097157387
39.460 1434053.217 0.097500012
39.636 1430121.335 0.097843859
39.813 1426208.459 0.098188898
39.990 1422314.750 0.098535101
40.168 1418440.368 0.098882439
40.346 1414585.476 0.099230880
40.524 1410750.236 0.099580395
40.703 1406934.812 0.099930950
40.882 1403139.370 0.100282513
41.062 1399364.074 0.100635050
41.242 1395609.092 0.100988527
41.422 1391874.591 0.101342907
41.603 1388160.739 0.101698155
41.784 1384467.705 0.102054233
41.965 1380795.659 0.102411103
42.147 1377144.773 0.102768726
42.329 1373515.218 0.103127061
42.511 1369907.166 0.103486068
42.694 1366320.791 0.103845705
42.876 1362756.266 0.104205929
43.059 1359213.767 0.104566696
43.243 1355693.470 0.104927962
43.426 1352195.549 0.105289680
43.610 1348720.182 0.105651805
43.794 1345267.548 0.106014288
43.978 1341837.823 0.106377082
44.162 1338431.187 0.106740136
44.347 1335047.819 0.107103400
44.531 1331687.899 0.107466822
44.716 1328351.609 0.107830351
44.901 1325039.128 0.108193933
45.086 1321750.639 0.108557513
45.270 1318486.324 0.108921036
45.455 1315246.365 0.109284446
45.640 1312030.946 0.109647686
45.825 1308840.249 0.110010698
46.010 1305674.459 0.110373422
46.195 1302533.759 0.110735798
46.380 1299418.335 0.111097765
46.564 1296328.369 0.111459262
46.749 1293264.049 0.111820225
46.933 1290225.558 0.112180591
47.117 1287213.081 0.112540295
47.301 1284226.805 0.112899271
47.485 1281266.915 0.113257454
47.669 1278333.596 0.113614775
47.852 1275427.034 0.113971166
48.035 1272547.414 0.114326559
48.218 1269694.922 0.114680884
48.400 1266869.744 0.115034070
48.582 1264072.064 0.115386045
48.763 1261302.068 0.115736737
48.944 1258559.941 0.116086074
49.124 1255845.867 0.116433982
49.304 1253160.030 0.116780386
49.484 1250502.615 0.117125211
49.662 1247873.805 0.117468382
49.841 1245273.783 0.117809822
50.018 1242702.732 0.118149453
50.195 1240160.834 0.118487200
50.371 1237648.271 0.118822983
50.546 1235165.222 0.119156724
50.721 1232711.869 0.119488344
50.894 1230288.391 0.119817762
51.067 1227894.966 0.120144900
51.239 1225531.772 0.120469677
51.409 1223198.987 0.120792011
51.579 1220896.786 0.121111823
51.748 1218625.344 0.121429030
51.915 1216384.835 0.121743551
52.082 1214175.432 0.122055305
52.247 1211997.306 0.122364208
52.411 1209850.629 0.122670180
52.574 1207735.569 0.122973138
52.735 1205652.293 0.123273000
52.895 1203600.970 0.123569683
53.054 1201581.763 0.123863105
53.211 1199594.835 0.124153186
53.366 1197640.350 0.124439841
53.520 1195718.468 0.124722991
53.673 1193829.347 0.125002553
53.824 1191973.144 0.125278446
53.973 1190150.014 0.125550589
54.120 1188360.111 0.125818903
54.265 1186603.587 0.126083306
54.409 1184880.590 0.126343720
54.550 1183191.269 0.126600066
54.690 1181535.769 0.126852264
54.827 1179914.233 0.127100238
54.963 1178326.803 0.127343911
55.096 1176773.618 0.127583206
55.227 1175254.813 0.127818047
55.356 1173770.524 0.128048360
55.483 1172320.883 0.128274072
55.607 1170906.019 0.128495110
55.729 1169526.058 0.128711401
55.849 1168181.127 0.128922876
55.966 1166871.345 0.129129465
56.080 1165596.833 0.129331099
56.192 1164357.708 0.129527712
56.301 1163154.081 0.129719237
56.407 1161986.066 0.129905610
56.511 1160853.769 0.130086768
56.612 1159757.296 0.130262649
56.710 1158696.749 0.130433194
56.805 1157672.227 0.130598342
56.897 1156683.827 0.130758038
56.987 1155731.640 0.130912226
57.073 1154815.759 0.131060851
57.156 1153936.268 0.131203863
57.236 1153093.252 0.131341209
57.313 1152286.791 0.131472843
57.386 1151516.962 0.131598716
57.457 1150783.839 0.131718785
57.524 1150087.491 0.131833006
57.588 1149427.987 0.131941338
57.648 1148805.389 0.132043743
57.705 1148219.758 0.132140183
57.759 1147671.149 0.132230623
57.809 1147159.617 0.132315031
57.856 1146685.211 0.132393375
57.899 1146247.977 0.132465628
57.939 1145847.957 0.132531763
57.975 1145485.190 0.132591755
58.008 1145159.712 0.132645582
58.037 1144871.553 0.132693225
58.062 1144620.742 0.132734666
58.084 1144407.303 0.132769890
58.102 1144231.257 0.132798884
58.117 1144092.620 0.132821636
58.128 1143991.406 0.132838139
58.135 1143927.624 0.132848387
58.139 1143901.279 0.132852375
58.138 1143912.375 0.132850101
58.135 1143960.910 0.132841568
58.128 1144046.877 0.132826778
58.117 1144170.269 0.132805735
58.102 1144331.071 0.132778449
58.084 1144529.269 0.132744929
58.062 1144764.841 0.132705187
58.036 1145037.764 0.132659238
58.007 1145348.010 0.132607099
57.975 1145695.548 0.132548789
57.938 1146080.344 0.132484329
57.899 1146502.359 0.132413742
57.855 1146961.551 0.132337055
57.809 1147457.874 0.132254296
57.759 1147991.279 0.132165493
57.705 1148561.715 0.132070681
57.648 1149169.123 0.131969892
57.587 1149813.445 0.131863164
57.524 1150494.618 0.131750534
57.457 1151212.574 0.131632043
57.386 1151967.245 0.131507733
57.313 1152758.556 0.131377648
57.236 1153586.431 0.131241836
57.156 1154450.790 0.131100342
57.073 1155351.550 0.130953218
56.987 1156288.624 0.130800515
56.898 1157261.923 0.130642286
56.806 1158271.354 0.130478587
56.711 1159316.822 0.130309472
56.613 1160398.226 0.130135002
56.512 1161515.466 0.129955235
56.409 1162668.436 0.129770233
56.303 1163857.029 0.129580059
56.194 1165081.134 0.129384776
56.082 1166340.638 0.129184449
55.968 1167635.424 0.128979147
55.851 1168965.373 0.128768935
55.732 1170330.365 0.128553884
55.610 1171730.273 0.128334064
55.486 1173164.973 0.128109547
55.360 1174634.333 0.127880403
55.231 1176138.224 0.127646708
55.100 1177676.509 0.127408534
54.967 1179249.054 0.127165958
54.832 1180855.718 0.126919055
54.695 1182496.362 0.126667903
54.556 1184170.841 0.126412577
54.415 1185879.010 0.126153157
54.271 1187620.722 0.125889722
54.126 1189395.828 0.125622350
53.980 1191204.175 0.125351121
53.831 1193045.611 0.125076116
53.681 1194919.980 0.124797415
53.529 1196827.125 0.124515100
53.375 1198766.889 0.124229251
53.220 1200739.109 0.123939951
53.064 1202743.625 0.123647280
52.905 1204780.272 0.123351321
52.746 1206848.887 0.123052156
52.585 1208949.301 0.122749867
52.423 1211081.347 0.122444537
52.259 1213244.857 0.122136247
52.095 1215439.659 0.121825079
51.929 1217665.582 0.121511115
51.762 1219922.452 0.121194438
51.594 1222210.097 0.120875128
51.424 1224528.340 0.120553267
51.254 1226877.006 0.120228937
51.083 1229255.917 0.119902217
50.911 1231664.896 0.119573189
50.738 1234103.764 0.119241933
50.564 1236572.341 0.118908527
50.390 1239070.447 0.118573052
50.214 1241597.901 0.118235586
50.038 1244154.521 0.117896207
49.861 1246740.125 0.117554994
49.684 1249354.530 0.117212022
49.506 1251997.553 0.116867369
49.327 1254669.009 0.116521110
49.148 1257368.716 0.116173321
48.968 1260096.488 0.115824076
48.788 1262852.140 0.115473449
48.607 1265635.487 0.115121514
48.426 1268446.344 0.114768342
48.244 1271284.526 0.114414005
48.063 1274149.846 0.114058574
47.880 1277042.119 0.113702119
47.698 1279961.159 0.113344709
47.515 1282906.780 0.112986413
47.332 1285878.796 0.112627299
47.149 1288877.021 0.112267432
46.965 1291901.271 0.111906878
46.782 1294951.358 0.111545704
46.598 1298027.098 0.111183971
46.414 1301128.305 0.110821745
46.230 1304254.795 0.110459086
46.046 1307406.383 0.110096056
45.862 1310582.884 0.109732716
45.678 1313784.114 0.109369124
45.493 1317009.889 0.109005340
45.309 1320260.027 0.108641420
45.125 1323534.343 0.108277421
44.941 1326832.657 0.107913399
44.757 1330154.785 0.107549408
44.573 1333500.546 0.107185502
44.390 1336869.759 0.106821733
44.206 1340262.244 0.106458154
44.023 1343677.820 0.106094815
43.839 1347116.310 0.105731765
43.656 1350577.533 0.105369054
43.473 1354061.313 0.105006729
43.290 1357567.471 0.104644838
43.108 1361095.831 0.104283425
42.926 1364646.217 0.103922537
42.744 1368218.454 0.103562217
42.562 1371812.368 0.103202508
42.380 1375427.785 0.102843453
42.199 1379064.531 0.102485092
42.018 1382722.436 0.102127466
41.838 1386401.327 0.101770614
41.657 1390101.034 0.101414575
41.478 1393821.388 0.101059386
41.298 1397562.219 0.100705084
41.119 1401323.360 0.100351705
40.940 1405104.644 0.099999283
40.762 1408905.905 0.099647853
40.584 1412726.978 0.099297447
40.406 1416567.698 0.098948098
40.229 1420427.902 0.098599838
40.052 1424307.427 0.098252696
39.876 1428206.112 0.097906704
39.700 1432123.797 0.097561889
39.524 1436060.323 0.097218280
39.349 1440015.529 0.096875905
39.174 1443989.260 0.096534789
39.000 1447981.358 0.096194959
38.827 1451991.667 0.095856440
38.653 1456020.034 0.095519255
38.481 1460066.305 0.095183430
38.308 1464130.326 0.094848986
38.137 1468211.947 0.094515945
37.965 1472311.016 0.094184329
37.795 1476427.385 0.093854159
37.624 1480560.905 0.093525455
37.455 1484711.428 0.093198235
37.285 1488878.808 0.092872519
37.117 1493062.900 0.092548326
36.948 1497263.558 0.092225671
36.781 1501480.641 0.091904572
36.613 1505714.005 0.091585045
36.447 1509963.510 0.091267106
36.281 1514229.014 0.090950769
36.115 1518510.380 0.090636050
35.950 1522807.468 0.090322961
35.786 1527120.142 0.090011516
35.622 1531448.266 0.089701728
35.458 1535791.704 0.089393609
35.296 1540150.323 0.089087171
35.133 1544523.990 0.088782424
34.972 1548912.573 0.088479379
34.810 1553315.941 0.088178047
34.650 1557733.964 0.087878438
34.490 1562166.513 0.087580559
34.330 1566613.461 0.087284420
34.171 1571074.681 0.086990030
34.013 1575550.047 0.086697396
33.855 1580039.434 0.086406526
33.698 1584542.719 0.086117426
33.541 1589059.779 0.085830103
33.385 1593590.493 0.085544564
33.229 1598134.739 0.085260813
33.074 1602692.398 0.084978857
32.920 1607263.352 0.084698701
32.766 1611847.482 0.084420349
32.612 1616444.672 0.084143805
32.460 1621054.806 0.083869074
32.307 1625677.770 0.083596159
32.156 1630313.449 0.083325064
32.005 1634961.731 0.083055792
31.854 1639622.504 0.082788344
31.704 1644295.658 0.082522725
31.555 1648981.081 0.082258935
31.406 1653678.666 0.081996977
31.257 1658388.304 0.081736852
31.110 1663109.888 0.081478562
30.963 1667843.312 0.081222108
30.816 1672588.471 0.080967490
30.670 1677345.260 0.080714709
30.524 1682113.576 0.080463765
30.379 1686893.317 0.080214659
30.235 1691684.380 0.079967390
30.091 1696486.665 0.079721959
29.948 1701300.073 0.079478364
29.805 1706124.504 0.079236605
29.663 1710959.861 0.078996681
29.521 1715806.046 0.078758591
29.380 1720662.962 0.078522333
29.239 1725530.515 0.078287907
29.099 1730408.610 0.078055310
28.960 1735297.153 0.077824542
28.820 1740196.051 0.077595599
28.682 1745105.212 0.077368480
28.544 1750024.545 0.077143183
28.407 1754953.960 0.076919705
28.270 1759893.366 0.076698045
28.133 1764842.675 0.076478199
27.998 1769801.800 0.076260165
27.862 1774770.652 0.076043939
27.728 1779749.146 0.075829520
27.593 1784737.196 0.075616904
27.459 1789734.716 0.075406088
27.326 1794741.624 0.075197069
27.194 1799757.835 0.074989844
27.061 1804783.268 0.074784409
26.930 1809817.840 0.074580760
26.798 1814861.470 0.074378896
26.668 1819914.079 0.074178810
26.538 1824975.586 0.073980502
26.408 1830045.912 0.073783965
26.279 1835124.980 0.073589198
26.150 1840212.713 0.073396196
26.022 1845309.032 0.073204955
25.894 1850413.864 0.073015471
4745986.389 0.010
4738963.166 0.010
4731936.611 0.010
4724906.739 0.010
4717873.562 0.011
4710837.094 0.011
4703797.347 0.011
4696754.336 0.011
4689708.073 0.011
4682658.572 0.011
4675605.847 0.011
4668549.911 0.011
4661490.777 0.011
4654428.459 0.011
4647362.972 0.011
4640294.327 0.011
4633222.540 0.011
4626147.624 0.011
4619069.593 0.011
4611988.460 0.011
4604904.241 0.011
4597816.947 0.011
4590726.595 0.011
4583633.197 0.011
4576536.768 0.011
4569437.323 0.011
4562334.874 0.011
4555229.437 0.011
4548121.026 0.011
4541009.656 0.011
4533895.340 0.011
4526778.093 0.011
4519657.930 0.011
4512534.865 0.011
4505408.914 0.012
4498280.090 0.012
4491148.408 0.012
4484013.884 0.012
4476876.532 0.012
4469736.367 0.012
4462593.404 0.012
4455447.658 0.012
4448299.144 0.012
4441147.877 0.012
4433993.873 0.012
4426837.147 0.012
4419677.713 0.012
4412515.589 0.012
4405350.788 0.012
4398183.326 0.012
4391013.219 0.012
4383840.483 0.012
4376665.133 0.012
4369487.186 0.012
4362306.656 0.012
4355123.559 0.012
4347937.912 0.012
4340749.731 0.012
4333559.032 0.012
4326365.830 0.012
4319170.142 0.013
4311971.984 0.013
4304771.373 0.013
4297568.325 0.013
4290362.856 0.013
4283154.983 0.013
4275944.723 0.013
4268732.092 0.013
4261517.106 0.013
4254299.784 0.013
4247080.141 0.013
4239858.194 0.013
4232633.961 0.013
4225407.459 0.013
4218178.705 0.013
4210947.715 0.013
4203714.508 0.013
4196479.100 0.013
4189241.510 0.013
4182001.755 0.013
4174759.851 0.013
4167515.818 0.013
4160269.673 0.014
4153021.433 0.014
4145771.117 0.014
4138518.743 0.014
4131264.328 0.014
4124007.891 0.014
4116749.450 0.014
4109489.024 0.014
4102226.630 0.014
4094962.288 0.014
4087696.016 0.014
4080427.832 0.014
4073157.756 0.014
4065885.806 0.014
4058612.002 0.014
4051336.361 0.014
4044058.904 0.014
4036779.650 0.014
4029498.617 0.014
4022215.826 0.014
4014931.295 0.014
4007645.045 0.015
4000357.095 0.015
3993067.464 0.015
3985776.173 0.015
3978483.242 0.015
3971188.690 0.015
3963892.538 0.015
3956594.806 0.015
3949295.515 0.015
3941994.684 0.015
3934692.335 0.015
3927388.488 0.015
3920083.164 0.015
3912776.383 0.015
3905468.168 0.015
3898158.538 0.015
3890847.515 0.015
3883535.120 0.015
3876221.376 0.016
3868906.302 0.016
3861589.921 0.016
3854272.255 0.016
3846953.325 0.016
3839633.154 0.016
3832311.764 0.016
3824989.176 0.016
3817665.413 0.016
3810340.498 0.016
3803014.453 0.016
3795687.301 0.016
3788359.064 0.016
3781029.767 0.016
3773699.430 0.016
3766368.079 0.016
3759035.735 0.017
3751702.423 0.017
3744368.167 0.017
3737032.989 0.017
3729696.914 0.017
3722359.965 0.017
3715022.168 0.017
3707683.545 0.017
3700344.122 0.017
3693003.922 0.017
3685662.971 0.017
3678321.294 0.017
3670978.915 0.017
3663635.859 0.017
3656292.151 0.017
3648947.818 0.018
3641602.884 0.018
3634257.376 0.018
3626911.318 0.018
3619564.737 0.018
3612217.660 0.018
3604870.111 0.018
3597522.119 0.018
3590173.709 0.018
3582824.908 0.018
3575475.743 0.018
3568126.242 0.018
3560776.430 0.018
3553426.337 0.018
3546075.989 0.019
3538725.414 0.019
3531374.640 0.019
3524023.696 0.019
3516672.609 0.019
3509321.407 0.019
3501970.121 0.019
3494618.777 0.019
3487267.406 0.019
3479916.036 0.019
3472564.697 0.019
3465213.419 0.019
3457862.230 0.019
3450511.162 0.020
3443160.244 0.020
3435809.506 0.020
3428458.979 0.020
3421108.693 0.020
3413758.680 0.020
3406408.971 0.020
3399059.596 0.020
3391710.588 0.020
3384361.979 0.020
3377013.799 0.020
3369666.081 0.021
3362318.858 0.021
3354972.163 0.021
3347626.027 0.021
3340280.484 0.021
3332935.567 0.021
3325591.310 0.021
3318247.747 0.021
3310904.911 0.021
3303562.836 0.021
3296221.557 0.021
3288881.109 0.022
3281541.526 0.022
3274202.844 0.022
3266865.097 0.022
3259528.322 0.022
3252192.555 0.022
3244857.831 0.022
3237524.186 0.022
3230191.658 0.022
3222860.284 0.022
3215530.100 0.023
3208201.144 0.023
3200873.454 0.023
3193547.067 0.023
3186222.023 0.023
3178898.358 0.023
3171576.113 0.023
3164255.326 0.023
3156936.037 0.023
3149618.285 0.023
3142302.111 0.024
3134987.554 0.024
3127674.655 0.024
3120363.455 0.024
3113053.995 0.024
3105746.316 0.024
3098440.461 0.024
3091136.472 0.024
3083834.390 0.024
3076534.259 0.025
3069236.122 0.025
3061940.022 0.025
3054646.002 0.025
3047354.108 0.025
3040064.382 0.025
3032776.871 0.025
3025491.619 0.025
3018208.671 0.026
3010928.074 0.026
3003649.874 0.026
2996374.116 0.026
2989100.849 0.026
2981830.118 0.026
2974561.973 0.026
2967296.460 0.026
2960033.629 0.027
2952773.528 0.027
2945516.206 0.027
2938261.713 0.027
2931010.099 0.027
2923761.414 0.027
2916515.709 0.027
2909273.035 0.027
2902033.444 0.028
2894796.988 0.028
2887563.720 0.028
2880333.691 0.028
2873106.956 0.028
2865883.568 0.028
2858663.582 0.028
2851447.052 0.029
2844234.034 0.029
2837024.582 0.029
2829818.754 0.029
2822616.605 0.029
2815418.192 0.029
2808223.574 0.029
2801032.807 0.030
2793845.952 0.030
2786663.065 0.030
2779484.207 0.030
2772309.439 0.030
2765138.819 0.030
2757972.410 0.030
2750810.273 0.031
2743652.469 0.031
2736499.063 0.031
2729350.116 0.031
2722205.692 0.031
2715065.856 0.031
2707930.672 0.032
2700800.206 0.032
2693674.524 0.032
2686553.693 0.032
2679437.778 0.032
2672326.849 0.032
2665220.973 0.033
2658120.219 0.033
2651024.658 0.033
2643934.358 0.033
2636849.391 0.033
2629769.828 0.033
2622695.742 0.034
2615627.204 0.034
2608564.289 0.034
2601507.070 0.034
2594455.621 0.034
2587410.019 0.035
2580370.340 0.035
2573336.659 0.035
2566309.055 0.035
2559287.606 0.035
2552272.390 0.035
2545263.487 0.036
2538260.977 0.036
2531264.942 0.036
2524275.463 0.036
2517292.623 0.036
2510316.504 0.037
2503347.192 0.037
2496384.771 0.037
2489429.326 0.037
2482480.944 0.037
2475539.712 0.038
2468605.718 0.038
2461679.052 0.038
2454759.802 0.038
2447848.060 0.039
2440943.917 0.039
2434047.464 0.039
2427158.796 0.039
2420278.006 0.039
2413405.189 0.040
2406540.440 0.040
2399683.857 0.040
2392835.537 0.040
2385995.579 0.040
2379164.081 0.041
2372341.145 0.041
2365526.872 0.041
2358721.363 0.041
2351924.723 0.042
2345137.056 0.042
2338358.466 0.042
2331589.061 0.042
2324828.946 0.043
2318078.232 0.043
2311337.027 0.043
2304605.441 0.043
2297883.585 0.044
2291171.574 0.044
2284469.519 0.044
2277777.535 0.044
2271095.740 0.045
2264424.248 0.045
2257763.179 0.045
2251112.651 0.045
2244472.785 0.046
2237843.701 0.046
2231225.524 0.046
2224618.376 0.046
2218022.383 0.047
2211437.670 0.047
2204864.366 0.047
2198302.598 0.048
2191752.496 0.048
2185214.193 0.048
2178687.819 0.048
2172173.508 0.049
2165671.396 0.049
2159181.619 0.049
2152704.314 0.049
2146239.620 0.050
2139787.677 0.050
2133348.626 0.050
2126922.611 0.051
2120509.775 0.051
2114110.265 0.051
2107724.227 0.052
2101351.809 0.052
2094993.161 0.052
2088648.435 0.052
2082317.782 0.053
2076001.358 0.053
2069699.317 0.053
2063411.817 0.054
2057139.016 0.054
2050881.074 0.054
2044638.152 0.055
2038410.413 0.055
2032198.023 0.055
2026001.146 0.056
2019819.950 0.056
2013654.605 0.056
2007505.282 0.057
2001372.152 0.057
1995255.389 0.057
1989155.169 0.058
1983071.668 0.058
1977005.066 0.058
1970955.543 0.059
1964923.281 0.059
1958908.463 0.059
1952911.274 0.060
1946931.901 0.060
1940970.534 0.061
1935027.362 0.061
1929102.576 0.061
1923196.372 0.062
1917308.943 0.062
1911440.488 0.062
1905591.204 0.063
1899761.292 0.063
1893950.955 0.063
1888160.396 0.064
1882389.822 0.064
1876639.439 0.065
1870909.456 0.065
1865200.085 0.065
1859511.538 0.066
1853844.030 0.066
1848197.776 0.067
1842572.996 0.067
1836969.908 0.067
1831388.734 0.068
1825829.697 0.068
1820293.023 0.069
1814778.937 0.069
1809287.670 0.069
1803819.451 0.070
1798374.511 0.070
1792953.086 0.071
1787555.410 0.071
1782181.722 0.071
1776832.259 0.072
1771507.264 0.072
1766206.978 0.073
1760931.645 0.073
1755681.513 0.073
1750456.828 0.074
1745257.840 0.074
1740084.801 0.075
1734937.962 0.075
1729817.578 0.076
1724723.906 0.076
1719657.204 0.076
1714617.729 0.077
1709605.744 0.077
1704621.511 0.078
1699665.294 0.078
1694737.358 0.079
1689837.972 0.079
1684967.402 0.079
1680125.920 0.080
1675313.797 0.080
1670531.305 0.081
1665778.720 0.081
1661056.316 0.082
1656364.372 0.082
1651703.165 0.083
1647072.974 0.083
1642474.081 0.083
1637906.768 0.084
1633371.318 0.084
1628868.014 0.085
1624397.143 0.085
1619958.991 0.086
1615553.845 0.086
1611181.993 0.087
1606843.725 0.087
1602539.331 0.087
1598269.102 0.088
1594033.329 0.088
1589832.304 0.089
1585666.322 0.089
1581535.674 0.090
1577440.655 0.090
1573381.561 0.091
1569358.685 0.091
1565372.323 0.091
1561422.771 0.092
1557510.324 0.092
1553635.279 0.093
1549797.931 0.093
1545998.576 0.094
1542237.511 0.094
1538515.031 0.095
1534831.432 0.095
1531187.010 0.095
1527582.058 0.096
1524016.872 0.096
1520491.745 0.097
1517006.972 0.097
1513562.843 0.097
1510159.653 0.098
1506797.690 0.098
1503477.246 0.099
1500198.609 0.099
1496962.068 0.100
1493767.908 0.100
1490616.414 0.100
1487507.872 0.101
1484442.562 0.101
1481420.765 0.102
1478442.761 0.102
1475508.826 0.102
1472619.235 0.103
1469774.262 0.103
1466974.178 0.103
1464219.250 0.104
1461509.746 0.104
1458845.930 0.105
1456228.062 0.105
1453656.402 0.105
1451131.205 0.106
1448652.724 0.106
1446221.210 0.106
1443836.909 0.107
1441500.066 0.107
1439210.920 0.107
1436969.709 0.108
1434776.666 0.108
1432632.022 0.108
1430536.003 0.108
1428488.830 0.109
1426490.723 0.109
1424541.895 0.109
1422642.558 0.110
1420792.917 0.110
1418993.174 0.110
1417243.526 0.110
1415544.166 0.111
1413895.282 0.111
1412297.057 0.111
1410749.670 0.111
1409253.295 0.112
1407808.100 0.112
1406414.248 0.112
1405071.899 0.112
1403781.205 0.112
1402542.313 0.113
1401355.367 0.113
1400220.503 0.113
1399137.852 0.113
1398107.541 0.113
1397129.688 0.113
1396204.407 0.114
1395331.808 0.114
1394511.993 0.114
1393745.058 0.114
1393031.093 0.114
1392370.182 0.114
1391762.405 0.114
1391207.832 0.114
1390706.531 0.114
1390258.559 0.114
1389863.972 0.114
1389522.815 0.115
1389235.130 0.115
1389000.951 0.115
1388820.306 0.115
1388693.216 0.115
1388619.697 0.115
1388599.758 0.115
1388633.401 0.115
1388720.621 0.115
1388861.409 0.115
1389055.748 0.115
1389303.614 0.115
1389604.977 0.115
1389959.803 0.114
1390368.047 0.114
1390829.663 0.114
1391344.594 0.114
1391912.780 0.114
1392534.153 0.114
1393208.640 0.114
1393936.160 0.114
1394716.628 0.114
1395549.952 0.114
1396436.034 0.113
1397374.769 0.113
1398366.050 0.113
1399409.758 0.113
1400505.775 0.113
1401653.971 0.113
1402854.215 0.113
1404106.368 0.112
1405410.287 0.112
1406765.822 0.112
1408172.820 0.112
1409631.120 0.112
1411140.557 0.111
1412700.962 0.111
1414312.159 0.111
1415973.969 0.111
1417686.208 0.110
1419448.686 0.110
1421261.209 0.110
1423123.578 0.110
1425035.592 0.109
1426997.042 0.109
1429007.718 0.109
1431067.403 0.108
1433175.879 0.108
1435332.922 0.108
1437538.305 0.107
1439791.797 0.107
1442093.163 0.107
1444442.166 0.106
1446838.564 0.106
1449282.112 0.106
1451772.563 0.105
1454309.667 0.105
1456893.168 0.105
1459522.811 0.104
1462198.336 0.104
1464919.481 0.104
1467685.981 0.103
1470497.571 0.103
1473353.979 0.103
1476254.936 0.102
1479200.166 0.102
1482189.395 0.101
1485222.346 0.101
1488298.738 0.101
1491418.291 0.100
1494580.721 0.100
1497785.746 0.099
1501033.079 0.099
1504322.434 0.099
1507653.522 0.098
1511026.055 0.098
1514439.741 0.097
1517894.290 0.097
1521389.410 0.097
1524924.808 0.096
1528500.190 0.096
1532115.263 0.095
1535769.731 0.095
1539463.300 0.094
1543195.674 0.094
1546966.557 0.094
1550775.654 0.093
1554622.669 0.093
1558507.306 0.092
1562429.268 0.092
1566388.260 0.091
1570383.986 0.091
1574416.150 0.090
1578484.458 0.090
1582588.614 0.090
1586728.323 0.089
1590903.293 0.089
1595113.229 0.088
1599357.839 0.088
1603636.831 0.087
1607949.913 0.087
1612296.794 0.086
1616677.185 0.086
1621090.797 0.086
1625537.341 0.085
1630016.530 0.085
1634528.079 0.084
1639071.702 0.084
1643647.115 0.083
1648254.035 0.083
1652892.181 0.082
1657561.272 0.082
1662261.029 0.082
1666991.173 0.081
1671751.429 0.081
1676541.521 0.080
1681361.174 0.080
1686210.117 0.079
1691088.078 0.079
1695994.787 0.078
1700929.977 0.078
1705893.379 0.078
1710884.730 0.077
1715903.766 0.077
1720950.224 0.076
1726023.844 0.076
1731124.367 0.075
1736251.535 0.075
1741405.094 0.075
1746584.788 0.074
1751790.366 0.074
1757021.578 0.073
1762278.173 0.073
1767559.905 0.072
1772866.527 0.072
1778197.798 0.072
1783553.473 0.071
1788933.313 0.071
1794337.079 0.070
1799764.534 0.070
1805215.443 0.070
1810689.572 0.069
1816186.691 0.069
1821706.568 0.068
1827248.976 0.068
1832813.689 0.068
1838400.482 0.067
1844009.131 0.067
1849639.417 0.066
1855291.120 0.066
1860964.022 0.066
1866657.907 0.065
1872372.562 0.065
1878107.774 0.064
1883863.334 0.064
1889639.031 0.064
1895434.659 0.063
1901250.014 0.063
1907084.890 0.063
1912939.088 0.062
1918812.406 0.062
1924704.646 0.062
1930615.613 0.061
1936545.110 0.061
1942492.945 0.060
1948458.925 0.060
1954442.863 0.060
1960444.569 0.059
1966463.856 0.059
1972500.540 0.059
1978554.439 0.058
1984625.369 0.058
1990713.153 0.058
1996817.610 0.057
2002938.565 0.057
2009075.842 0.057
2015229.269 0.056
2021398.673 0.056
2027583.884 0.056
2033784.733 0.055
2040001.053 0.055
2046232.679 0.055
2052479.446 0.054
2058741.192 0.054
2065017.755 0.054
2071308.977 0.053
2077614.699 0.053
2083934.764 0.053
2090269.018 0.052
2096617.306 0.052
2102979.477 0.052
2109355.380 0.051
2115744.864 0.051
2122147.783 0.051
2128563.990 0.051
2134993.338 0.050
2141435.686 0.050
2147890.889 0.050
2154358.808 0.049
2160839.301 0.049
2167332.231 0.049
2173837.461 0.049
2180354.855 0.048
2186884.277 0.048
2193425.595 0.048
2199978.677 0.047
2206543.392 0.047
2213119.610 0.047
2219707.204 0.047
2226306.046 0.046
2232916.010 0.046
2239536.971 0.046
2246168.807 0.046
2252811.394 0.045
2259464.612 0.045
2266128.340 0.045
2272802.461 0.045
2279486.855 0.044
2286181.407 0.044
2292886.001 0.044
2299600.522 0.044
2306324.858 0.043
2313058.896 0.043
2319802.524 0.043
2326555.634 0.043
2333318.115 0.042
2340089.859 0.042
2346870.761 0.042
2353660.713 0.042
2360459.610 0.041
2367267.349 0.041
2374083.827 0.041
2380908.941 0.041
2387742.590 0.040
2394584.675 0.040
2401435.096 0.040
2408293.754 0.040
2415160.553 0.040
2422035.396 0.039
2428918.187 0.039
2435808.832 0.039
2442707.236 0.039
2449613.308 0.038
2456526.955 0.038
2463448.086 0.038
2470376.611 0.038
2477312.439 0.038
2484255.483 0.037
2491205.654 0.037
2498162.866 0.037
2505127.032 0.037
2512098.068 0.037
2519075.887 0.036
2526060.407 0.036
2533051.543 0.036
2540049.215 0.036
2547053.340 0.036
2554063.838 0.035
2561080.628 0.035
2568103.630 0.035
2575132.767 0.035
2582167.961 0.035
2589209.133 0.034
2596256.208 0.034
2603309.110 0.034
2610367.763 0.034
2617432.093 0.034
2624502.027 0.034
2631577.490 0.033
2638658.411 0.033
2645744.717 0.033
2652836.337 0.033
2659933.202 0.033
2667035.239 0.033
2674142.382 0.032
2681254.559 0.032
2688371.705 0.032
2695493.750 0.032
2702620.628 0.032
2709752.272 0.032
2716888.617 0.031
2724029.598 0.031
2731175.150 0.031
2738325.208 0.031
2745479.709 0.031
2752638.591 0.031
2759801.790 0.030
2766969.245 0.030
2774140.894 0.030
2781316.677 0.030
2788496.533 0.030
2795680.402 0.030
2802868.225 0.030
2810059.943 0.029
2817255.498 0.029
2824454.832 0.029
2831657.888 0.029
2838864.608 0.029
2846074.936 0.029
2853288.817 0.028
2860506.195 0.028
2867727.014 0.028
2874951.221 0.028
2882178.761 0.028
2889409.580 0.028
2896643.626 0.028
2903880.845 0.028
2911121.186 0.027
2918364.595 0.027
2925611.022 0.027
2932860.416 0.027
2940112.726 0.027
2947367.901 0.027
2954625.892 0.027
2961886.649 0.026
2969150.124 0.026
2976416.267 0.026
2983685.030 0.026
2990956.365 0.026
2998230.225 0.026
3005506.563 0.026
3012785.331 0.026
3020066.484 0.025
3027349.975 0.025
3034635.758 0.025
3041923.788 0.025
3049214.021 0.025
3056506.411 0.025
3063800.914 0.025
3071097.487 0.025
3078396.085 0.025
3085696.665 0.024
3092999.184 0.024
3100303.600 0.024
3107609.870 0.024
3114917.953 0.024
3122227.805 0.024
3129539.387 0.024
3136852.657 0.024
3144167.574 0.024
3151484.098 0.023
3158802.189 0.023
3166121.806 0.023
3173442.910 0.023
3180765.462 0.023
3188089.423 0.023
3195414.754 0.023
3202741.416 0.023
3210069.372 0.023
3217398.584 0.022
3224729.013 0.022
3232060.623 0.022
3239393.376 0.022
3246727.236 0.022
3254062.166 0.022
3261398.129 0.022
3268735.090 0.022
3276073.014 0.022
3283411.863 0.022
3290751.603 0.022
3298092.200 0.021
3305433.617 0.021
3312775.821 0.021
3320118.778 0.021
3327462.452 0.021
3334806.811 0.021
3342151.820 0.021
3349497.446 0.021
3356843.657 0.021
3364190.418 0.021
3371537.698 0.020
3378885.463 0.020
3386233.682 0.020
3393582.322 0.020
3400931.352 0.020
3408280.739 0.020
3415630.453 0.020
3422980.462 0.020
3430330.735 0.020
3437681.241 0.020
3445031.950 0.020
3452382.831 0.020
3459733.853 0.019
3467084.987 0.019
3474436.204 0.019
3481787.472 0.019
3489138.763 0.019
3496490.047 0.019
3503841.296 0.019
3511192.480 0.019
3518543.571 0.019
3525894.540 0.019
3533245.358 0.019
3540595.997 0.019
3547946.430 0.019
3555296.629 0.018
3562646.565 0.018
3569996.211 0.018
3577345.540 0.018
3584694.525 0.018
3592043.138 0.018
3599391.353 0.018
3606739.143 0.018
3614086.482 0.018
3621433.342 0.018
3628779.698 0.018
3636125.524 0.018
3643470.793 0.018
3650815.481 0.018
3658159.560 0.017
3665503.007 0.017
3672845.795 0.017
3680187.899 0.017
3687529.295 0.017
3694869.957 0.017
3702209.860 0.017
3709548.981 0.017
3716887.294 0.017
3724224.775 0.017
3731561.400 0.017
3738897.144 0.017
3746231.985 0.017
3753565.898 0.017
2857265.922 0.028
2847306.186 0.029
2837349.906 0.029
2827397.157 0.029
2817448.016 0.029
2807502.563 0.029
2797560.876 0.030
2787623.034 0.030
2777689.120 0.030
2767759.215 0.030
2757833.403 0.030
2747911.766 0.031
2737994.391 0.031
2728081.363 0.031
2718172.770 0.031
2708268.700 0.032
2698369.243 0.032
2688474.489 0.032
2678584.529 0.032
2668699.457 0.033
2658819.367 0.033
2648944.354 0.033
2639074.514 0.033
2629209.946 0.033
2619350.747 0.034
2609497.020 0.034
2599648.865 0.034
2589806.385 0.034
2579969.684 0.035
2570138.869 0.035
2560314.046 0.035
2550495.325 0.036
2540682.814 0.036
2530876.626 0.036
2521076.874 0.036
2511283.672 0.037
2501497.136 0.037
2491717.384 0.037
2481944.536 0.037
2472178.712 0.038
2462420.035 0.038
2452668.629 0.038
2442924.621 0.039
2433188.138 0.039
2423459.311 0.039
2413738.270 0.040
2404025.149 0.040
2394320.083 0.040
2384623.210 0.041
2374934.669 0.041
2365254.600 0.041
2355583.147 0.042
2345920.456 0.042
2336266.673 0.042
2326621.949 0.043
2316986.434 0.043
2307360.284 0.043
2297743.654 0.044
2288136.702 0.044
2278539.591 0.044
2268952.482 0.045
2259375.542 0.045
2249808.939 0.045
2240252.843 0.046
2230707.428 0.046
2221172.871 0.047
2211649.348 0.047
2202137.043 0.047
2192636.138 0.048
2183146.822 0.048
2173669.282 0.049
2164203.713 0.049
2154750.310 0.049
2145309.272 0.050
2135880.800 0.050
2126465.099 0.051
2117062.378 0.051
2107672.848 0.052
2098296.723 0.052
2088934.222 0.052
2079585.566 0.053
2070250.980 0.053
2060930.692 0.054
2051624.936 0.054
2042333.947 0.055
2033057.964 0.055
2023797.231 0.056
2014551.996 0.056
2005322.509 0.057
1996109.027 0.057
1986911.808 0.058
1977731.117 0.058
1968567.222 0.059
1959420.395 0.059
1950290.913 0.060
1941179.057 0.061
1932085.112 0.061
1923009.371 0.062
1913952.127 0.062
1904913.681 0.063
1895894.339 0.063
1886894.410 0.064
1877914.209 0.065
1868954.057 0.065
1860014.279 0.066
1851095.207 0.066
1842197.177 0.067
1833320.530 0.068
1824465.616 0.068
1815632.786 0.069
1806822.402 0.069
1798034.827 0.070
1789270.432 0.071
1780529.597 0.071
1771812.703 0.072
1763120.142 0.073
1754452.310 0.074
1745809.609 0.074
1737192.450 0.075
1728601.250 0.076
1720036.430 0.076
1711498.423 0.077
1702987.665 0.078
1694504.601 0.079
1686049.684 0.079
1677623.372 0.080
1669226.132 0.081
1660858.440 0.082
1652520.778 0.082
1644213.635 0.083
1635937.511 0.084
1627692.911 0.085
1619480.351 0.086
1611300.352 0.087
1603153.446 0.087
1595040.173 0.088
1586961.081 0.089
1578916.728 0.090
1570907.679 0.091
1562934.509 0.092
1554997.802 0.093
1547098.151 0.094
1539236.158 0.094
1531412.435 0.095
1523627.602 0.096
1515882.291 0.097
1508177.140 0.098
1500512.800 0.099
1492889.930 0.100
1485309.199 0.101
1477771.285 0.102
1470276.878 0.103
1462826.677 0.104
1455421.389 0.105
1448061.735 0.106
1440748.442 0.107
1433482.249 0.108
1426263.906 0.109
1419094.172 0.110
1411973.815 0.111
1404903.616 0.112
1397884.364 0.113
1390916.857 0.114
1384001.906 0.115
1377140.330 0.116
1370332.958 0.118
1363580.630 0.119
1356884.193 0.120
1350244.507 0.121
1343662.440 0.122
1337138.869 0.123
1330674.679 0.124
1324270.768 0.125
1317928.038 0.126
1311647.403 0.128
1305429.785 0.129
1299276.114 0.130
1293187.325 0.131
1287164.366 0.132
1281208.188 0.133
1275319.751 0.134
1269500.021 0.136
1263749.970 0.137
1258070.578 0.138
1252462.827 0.139
1246927.708 0.140
1241466.214 0.141
1236079.342 0.142
1230768.094 0.144
1225533.475 0.145
1220376.491 0.146
1215298.152 0.147
1210299.467 0.148
1205381.448 0.149
1200545.106 0.150
1195791.451 0.151
1191121.492 0.152
1186536.237 0.154
1182036.688 0.155
1177623.847 0.156
1173298.710 0.157
1169062.267 0.158
1164915.503 0.159
1160859.396 0.160
1156894.915 0.161
1153023.022 0.162
1149244.667 0.163
1145560.791 0.164
1141972.324 0.165
1138480.181 0.166
1135085.267 0.166
1131788.469 0.167
1128590.660 0.168
1125492.697 0.169
1122495.419 0.170
1119599.647 0.171
1116806.182 0.171
1114115.804 0.172
1111529.273 0.173
1109047.325 0.174
1106670.675 0.174
1104400.011 0.175
1102235.998 0.176
1100179.274 0.176
1098230.449 0.177
1096390.107 0.177
1094658.802 0.178
1093037.059 0.178
1091525.374 0.179
1090124.209 0.179
1088833.997 0.179
1087655.139 0.180
1086588.001 0.180
1085632.917 0.180
1084790.187 0.181
1084060.076 0.181
1083442.814 0.181
1082938.598 0.181
1082547.587 0.181
1082269.905 0.181
1082105.641 0.182
1082054.848 0.182
1082117.540 0.181
1082293.699 0.181
1082583.267 0.181
1082986.154 0.181
1083502.231 0.181
1084131.334 0.181
1084873.265 0.181
1085727.788 0.180
1086694.635 0.180
1087773.503 0.180
1088964.055 0.179
1090265.919 0.179
1091678.692 0.179
1093201.939 0.178
1094835.193 0.178
1096577.955 0.177
1098429.698 0.177
1100389.864 0.176
1102457.866 0.176
1104633.091 0.175
1106914.899 0.174
1109302.622 0.174
1111795.568 0.173
1114393.022 0.172
1117094.244 0.171
1119898.473 0.171
1122804.925 0.170
1125812.798 0.169
1128921.269 0.168
1132129.496 0.167
1135436.622 0.166
1138841.772 0.165
1142344.056 0.165
1145942.570 0.164
1149636.394 0.163
1153424.600 0.162
1157306.246 0.161
1161280.378 0.160
1165346.035 0.159
1169502.247 0.158
1173748.034 0.157
1178082.413 0.156
1182504.390 0.155
1187012.971 0.153
1191607.154 0.152
1196285.934 0.151
1201048.304 0.150
1205893.256 0.149
1210819.779 0.148
1215826.861 0.147
1220913.492 0.146
1226078.662 0.145
1231321.361 0.143
1236640.583 0.142
1242035.324 0.141
1247504.583 0.140
1253047.362 0.139
1258662.668 0.138
1264349.513 0.137
1270106.913 0.135
1275933.890 0.134
1281829.473 0.133
1287792.695 0.132
1293822.599 0.131
1299918.232 0.130
1306078.650 0.129
1312302.916 0.127
1318590.101 0.126
1324939.285 0.125
1331349.556 0.124
1337820.011 0.123
1344349.754 0.122
1350937.900 0.121
1357583.573 0.120
1364285.907 0.119
1371044.042 0.117
1377857.133 0.116
1384724.340 0.115
1391644.836 0.114
1398617.802 0.113
1405642.430 0.112
1412717.921 0.111
1419843.486 0.110
1427018.349 0.109
1434241.739 0.108
1441512.901 0.107
1448831.085 0.106
1456195.553 0.105
1463605.578 0.104
1471060.442 0.103
1478559.438 0.102
1486101.868 0.101
1493687.044 0.100
1501314.287 0.099
1508982.931 0.098
1516692.317 0.097
1524441.796 0.096
1532230.729 0.095
1540058.487 0.094
1547924.451 0.093
1555828.009 0.093
1563768.560 0.092
1571745.512 0.091
1579758.282 0.090
1587806.297 0.089
1595888.991 0.088
1604005.808 0.087
1612156.201 0.086
1620339.631 0.086
1628555.567 0.085
1636803.488 0.084
1645082.880 0.083
1653393.237 0.082
1661734.062 0.082
1670104.865 0.081
1678505.166 0.080
1686934.489 0.079
1695392.370 0.079
1703878.349 0.078
1712391.974 0.077
1720932.803 0.076
1729500.398 0.076
1738094.330 0.075
1746714.175 0.074
1755359.519 0.073
1764029.952 0.073
1772725.071 0.072
1781444.481 0.071
1790187.793 0.071
1798954.623 0.070
1807744.595 0.069
1816557.337 0.069
1825392.486 0.068
1834249.682 0.068
1843128.574 0.067
1852028.812 0.066
1860950.057 0.066
1869891.973 0.065
1878854.228 0.064
1887836.497 0.064
1896838.462 0.063
1905859.807 0.063
1914900.222 0.062
1923959.404 0.062
1933037.052 0.061
1942132.871 0.060
1951246.573 0.060
1960377.870 0.059
1969526.482 0.059
1978692.134 0.058
1987874.552 0.058
1997073.470 0.057
2006288.624 0.057
2015519.756 0.056
2024766.609 0.056
2034028.933 0.055
2043306.481 0.055
2052599.010 0.054
2061906.281 0.054
2071228.058 0.053
2080564.109 0.053
2089914.206 0.052
2099278.124 0.052
2108655.643 0.052
2118046.544 0.051
2127450.614 0.051
2136867.640 0.050
2146297.416 0.050
2155739.737 0.049
2165194.400 0.049
2174661.209 0.049
2184139.968 0.048
2193630.483 0.048
2203132.566 0.047
2212646.030 0.047
2222170.692 0.047
2231706.370 0.046
2241252.885 0.046
2250810.063 0.045
2260377.730 0.045
2269955.716 0.045
2279543.853 0.044
2289141.975 0.044
2298749.919 0.044
2308367.525 0.043
2317994.634 0.043
2327631.090 0.042
2337276.740 0.042
2346931.432 0.042
2356595.017 0.041
2366267.347 0.041
2375948.278 0.041
2385637.666 0.040
2395335.371 0.040
2405041.253 0.040
2414755.176 0.040
2424477.004 0.039
2434206.604 0.039
2443943.845 0.039
2453688.598 0.038
2463440.735 0.038
2473200.129 0.038
2482966.657 0.037
2492740.196 0.037
2502520.625 0.037
2512307.825 0.037
2522101.679 0.036
2531902.070 0.036
2541708.885 0.036
2551522.010 0.035
2561341.334 0.035
2571166.746 0.035
2580998.140 0.035
2590835.407 0.034
2600678.442 0.034
2610527.141 0.034
2620381.401 0.034
2630241.120 0.033
2640106.199 0.033
2649976.537 0.033
2659852.039 0.033
2669732.607 0.032
2679618.146 0.032
2689508.563 0.032
2699403.764 0.032
2709303.658 0.032
2719208.154 0.031
2729117.163 0.031
2739030.597 0.031
2748948.369 0.031
2758870.393 0.030
2768796.584 0.030
2778726.857 0.030
2788661.130 0.030
2798599.321 0.030
2808541.349 0.029
2818487.134 0.029
2828436.597 0.029
2838389.660 0.029
2848346.246 0.029
2858306.278 0.028
2868269.681 0.028
2878236.381 0.028
2888206.304 0.028
2898179.378 0.028
2908155.530 0.027
2918134.690 0.027
2928116.786 0.027
2938101.750 0.027
2948089.513 0.027
2958080.008 0.027
2968073.166 0.026
2978068.921 0.026
2988067.209 0.026
2998067.963 0.026
3008071.120 0.026
3018076.616 0.026
3028084.389 0.025
3038094.376 0.025
3048106.515 0.025
3058120.747 0.025
3068137.010 0.025
3078155.246 0.025
3088175.395 0.024
3098197.399 0.024
3108221.201 0.024
3118246.743 0.024
3128273.969 0.024
3138302.823 0.024
3148333.250 0.023
3158365.196 0.023
3168398.605 0.023
3178433.425 0.023
3188469.601 0.023
3198507.083 0.023
3208545.817 0.023
3218585.753 0.022
3228626.839 0.022
3238669.024 0.022
3248712.259 0.022
3258756.495 0.022
3268801.682 0.022
3278847.771 0.022
3288894.715 0.022
3298942.466 0.021
3308990.977 0.021
3319040.201 0.021
3329090.092 0.021
3339140.603 0.021
3349191.691 0.021
3359243.308 0.021
3369295.412 0.021
3379347.958 0.020
3389400.901 0.020
3399454.200 0.020
3409507.809 0.020
3419561.688 0.020
3429615.794 0.020
3439670.085 0.020
3449724.520 0.020
3459779.056 0.019
3469833.655 0.019
3479888.275 0.019
3489942.876 0.019
3499997.419 0.019
3510051.864 0.019
3520106.172 0.019
3530160.305 0.019
3540214.224 0.019
3550267.891 0.019
3560321.268 0.018
3570374.319 0.018
3580427.005 0.018
3590479.291 0.018
3600531.139 0.018
3610582.514 0.018
3620633.379 0.018
3630683.699 0.018
3640733.438 0.018
3650782.563 0.018
3660831.037 0.017
3670878.826 0.017
3680925.896 0.017
3690972.213 0.017
3701017.744 0.017
3711062.455 0.017
3721106.312 0.017
3731149.283 0.017
3741191.335 0.017
3751232.436 0.017
3761272.554 0.017
3771311.656 0.016
3781349.711 0.016
3791386.687 0.016
3801422.553 0.016
3811457.279 0.016
3821490.832 0.016
3831523.184 0.016
3841554.302 0.016
3851584.158 0.016
3861612.721 0.016
3871639.962 0.016
3881665.850 0.016
3891690.357 0.015
3901713.454 0.015
3911735.111 0.015
3921755.301 0.015
3931773.994 0.015
3941791.162 0.015
3951806.777 0.015
3961820.811 0.015
3971833.236 0.015
3981844.025 0.015
3991853.150 0.015
4001860.585 0.015
4011866.301 0.015
4021870.273 0.014
4031872.473 0.014
4041872.875 0.014
4051871.453 0.014
4061868.181 0.014
4071863.031 0.014
4081855.980 0.014
4091847.000 0.014
4101836.067 0.014
4111823.154 0.014
4121808.237 0.014
4131791.291 0.014
4141772.291 0.014
4151751.212 0.014
4161728.028 0.013
4171702.717 0.013
4181675.253 0.013
4191645.613 0.013
4201613.772 0.013
4211579.706 0.013
4221543.391 0.013
4231504.805 0.013
4241463.923 0.013
4251420.722 0.013
4261375.179 0.013
4271327.270 0.013
4281276.973 0.013
4291224.265 0.013
4301169.123 0.013
4311111.524 0.013
4321051.446 0.013
4330988.867 0.012
4340923.765 0.012
4350856.116 0.012
4360785.900 0.012
4370713.094 0.012
4380637.676 0.012
4390559.626 0.012
4400478.921 0.012
4410395.539 0.012
4420309.460 0.012
4430220.663 0.012
4440129.125 0.012
4450034.827 0.012
4459937.747 0.012
4469837.865 0.012
4479735.159 0.012
4489629.609 0.012
4499521.195 0.012
4509409.897 0.012
4519295.693 0.011
4529178.564 0.011
4539058.489 0.011
4548935.449 0.011
4558809.424 0.011
4568680.394 0.011
4578548.339 0.011
4588413.239 0.011
4598275.075 0.011
4608133.828 0.011
4617989.478 0.011
4627842.005 0.011
4637691.392 0.011
4647537.617 0.011
4657380.663 0.011
4667220.511 0.011
4677057.141 0.011
4686890.535 0.011
4696720.675 0.011
4706547.540 0.011
4716371.114 0.011
4726191.377 0.010
4736008.312 0.010
4745821.899 0.010
4755632.121 0.010
4765438.960 0.010
4775242.396 0.010
4785042.413 0.010
4794838.993 0.010
4804632.117 0.010
4814421.768 0.010
4824207.928 0.010
4833990.580 0.010
4843769.706 0.010
4853545.287 0.010
4863317.308 0.010
4873085.751 0.010
4882850.597 0.010
4892611.831 0.010
4902369.435 0.010
4912123.391 0.010
4921873.683 0.010
4931620.294 0.010
4941363.207 0.010
4951102.405 0.010
4960837.871 0.010
4970569.588 0.009
4980297.541 0.009
4990021.712 0.009
4999742.084 0.009
5009458.642 0.009
5019171.369 0.009
5028880.248 0.009
5038585.263 0.009
5048286.398 0.009
5057983.637 0.009
5067676.964 0.009
5077366.362 0.009
5087051.815 0.009
5096733.309 0.009
5106410.825 0.009
5116084.350 0.009
5125753.867 0.009
5135419.360 0.009
5145080.813 0.009
5154738.211 0.009
5164391.539 0.009
5174040.780 0.009
5183685.920 0.009
5193326.942 0.009
5202963.832 0.009
5212596.574 0.009
5222225.153 0.009
5231849.553 0.009
5241469.760 0.009
5251085.758 0.009
5260697.532 0.008
5270305.067 0.008
5279908.348 0.008
5289507.360 0.008
5299102.089 0.008
5308692.519 0.008
5318278.635 0.008
5327860.423 0.008
262729.335 0.959
254521.212 0.966
246312.835 0.973
238104.213 0.978
229895.354 0.983
221686.267 0.987
213476.958 0.991
205267.437 0.993
197057.712 0.996
188847.791 0.997
180637.682 0.998
172427.393 0.999
164216.932 0.999
156006.308 1.000
147795.529 1.000
139584.602 1.000
131373.537 1.000
123162.341 1.000
114951.022 1.000
106739.589 1.000
98528.049 1.000
90316.412 1.000
82104.684 1.000
73892.875 1.000
65680.993 1.000
57469.045 1.000
49257.040 1.000
41044.985 1.000
32832.890 1.000
24620.763 1.000
16408.610 1.000
8196.442 1.000
15.735 1.000
8227.912 1.000
16440.080 1.000
24652.232 1.000
32864.360 1.000
41076.455 1.000
49288.509 1.000
57500.514 1.000
65712.462 1.000
73924.344 1.000
82136.153 1.000
90347.880 1.000
98559.517 1.000
106771.056 1.000
114982.488 1.000
123193.807 1.000
131405.002 1.000
139616.067 1.000
147826.993 1.000
156037.772 1.000
164248.395 0.999
172458.855 0.999
180669.144 0.998
188879.252 0.997
197089.173 0.996
205298.897 0.993
213508.417 0.991
221717.725 0.987
229926.811 0.983
238135.669 0.978
246344.290 0.973
254552.666 0.966
262760.788 0.959
270968.649 0.951
279176.240 0.942
287383.554 0.933
295590.581 0.922
303797.314 0.912
312003.744 0.900
320209.865 0.889
328415.666 0.877
336621.140 0.864
344826.280 0.851
353031.076 0.838
361235.521 0.825
369439.606 0.811
377643.324 0.798
385846.665 0.784
394049.623 0.770
402252.188 0.757
410454.353 0.743
418656.110 0.730
426857.450 0.716
435058.365 0.703
443258.846 0.690
451458.887 0.677
459658.479 0.664
467857.612 0.651
476056.280 0.639
484254.475 0.626
492452.187 0.614
500649.409 0.602
508846.133 0.591
517042.350 0.579
525238.053 0.568
533433.233 0.557
541627.882 0.546
549821.992 0.536
558015.554 0.525
566208.561 0.515
574401.005 0.505
582592.877 0.496
590784.169 0.486
598974.873 0.477
607164.980 0.468
615354.484 0.459
20.109 2102129.187 0.066296048
20.230 2095982.236 0.066418928
20.351 2089841.505 0.066543882
20.472 2083707.056 0.066670915
20.595 2077578.951 0.066800031
20.717 2071457.254 0.066931235
20.840 2065342.028 0.067064531
20.964 2059233.338 0.067199925
21.088 2053131.249 0.067337421
21.213 2047035.826 0.067477024
21.338 2040947.136 0.067618741
21.464 2034865.246 0.067762576
21.591 2028790.225 0.067908536
21.717 2022722.140 0.068056625
21.845 2016661.061 0.068206851
21.973 2010607.059 0.068359219
22.102 2004560.203 0.068513735
22.231 1998520.566 0.068670406
22.360 1992488.220 0.068829238
22.491 1986463.238 0.068990238
22.622 1980445.694 0.069153413
22.753 1974435.662 0.069318770
22.885 1968433.218 0.069486315
23.018 1962438.438 0.069656055
23.151 1956451.400 0.069827999
23.285 1950472.181 0.070002153
23.419 1944500.860 0.070178525
23.554 1938537.517 0.070357121
23.690 1932582.232 0.070537951
23.826 1926635.086 0.070721021
23.963 1920696.161 0.070906339
24.100 1914765.542 0.071093913
24.238 1908843.310 0.071283752
24.377 1902929.553 0.071475862
24.516 1897024.354 0.071670253
24.656 1891127.802 0.071866932
24.797 1885239.983 0.072065908
24.938 1879360.986 0.072267188
25.080 1873490.901 0.072470782
25.223 1867629.819 0.072676697
25.366 1861777.830 0.072884941
25.510 1855935.027 0.073095524
25.655 1850101.504 0.073308454
25.800 1844277.355 0.073523738
25.946 1838462.676 0.073741387
26.093 1832657.564 0.073961407
26.240 1826862.115 0.074183808
26.388 1821076.429 0.074408599
26.537 1815300.605 0.074635786
26.686 1809534.745 0.074865380
26.836 1803778.949 0.075097389
26.987 1798033.322 0.075331820
27.139 1792297.967 0.075568682
27.291 1786572.989 0.075807985
27.444 1780858.495 0.076049735
27.597 1775154.592 0.076293941
27.752 1769461.390 0.076540612
27.907 1763778.998 0.076789755
28.063 1758107.527 0.077041379
28.220 1752447.089 0.077295491
28.377 1746797.798 0.077552100
28.535 1741159.769 0.077811212
28.694 1735533.117 0.078072836
28.854 1729917.960 0.078336979
29.014 1724314.417 0.078603649
29.175 1718722.606 0.078872852
29.337 1713142.650 0.079144595
29.500 1707574.670 0.079418886
29.664 1702018.790 0.079695732
29.828 1696475.136 0.079975138
29.993 1690943.833 0.080257112
30.159 1685425.009 0.080541658
30.326 1679918.793 0.080828784
30.493 1674425.316 0.081118494
30.662 1668944.710 0.081410795
30.831 1663477.107 0.081705691
31.001 1658022.643 0.082003188
31.172 1652581.453 0.082303289
31.343 1647153.676 0.082606000
31.516 1641739.449 0.082911324
31.689 1636338.914 0.083219265
31.863 1630952.213 0.083529826
32.038 1625579.488 0.083843011
32.214 1620220.886 0.084158821
32.391 1614876.551 0.084477260
32.568 1609546.633 0.084798329
32.747 1604231.281 0.085122030
32.926 1598930.646 0.085448363
33.106 1593644.880 0.085777330
33.287 1588374.139 0.086108930
33.469 1583118.577 0.086443163
33.651 1577878.352 0.086780028
33.835 1572653.624 0.087119523
34.019 1567444.552 0.087461648
34.205 1562251.300 0.087806399
34.391 1557074.031 0.088153774
34.578 1551912.911 0.088503769
34.766 1546768.107 0.088856379
34.955 1541639.789 0.089211600
35.145 1536528.126 0.089569426
35.335 1531433.291 0.089929852
35.527 1526355.459 0.090292870
35.719 1521294.805 0.090658473
35.913 1516251.507 0.091026652
36.107 1511225.743 0.091397399
36.302 1506217.696 0.091770704
36.498 1501227.547 0.092146555
36.695 1496255.482 0.092524943
36.893 1491301.686 0.092905854
37.092 1486366.348 0.093289275
37.292 1481449.658 0.093675192
37.492 1476551.807 0.094063591
37.694 1471672.988 0.094454455
37.896 1466813.397 0.094847767
38.100 1461973.232 0.095243511
38.304 1457152.690 0.095641666
38.509 1452351.972 0.096042213
38.715 1447571.282 0.096445132
38.922 1442810.823 0.096850399
39.130 1438070.801 0.097257993
39.339 1433351.424 0.097667887
39.548 1428652.902 0.098080058
39.759 1423975.447 0.098494479
39.970 1419319.272 0.098911121
40.182 1414684.592 0.099329956
40.396 1410071.624 0.099750952
40.610 1405480.586 0.100174079
40.825 1400911.701 0.100599304
41.040 1396365.189 0.101026591
41.257 1391841.275 0.101455906
41.475 1387340.185 0.101887211
41.693 1382862.148 0.102320467
41.912 1378407.391 0.102755635
42.132 1373976.147 0.103192673
42.353 1369568.649 0.103631538
42.575 1365185.132 0.104072186
42.798 1360825.831 0.104514570
43.021 1356490.985 0.104958643
43.245 1352180.834 0.105404355
43.470 1347895.620 0.105851656
43.696 1343635.586 0.106300493
43.922 1339400.977 0.106750811
44.149 1335192.038 0.107202556
44.377 1331009.019 0.107655669
44.606 1326852.169 0.108110090
44.835 1322721.738 0.108565760
45.065 1318617.981 0.109022615
45.296 1314541.151 0.109480589
45.528 1310491.503 0.109939618
45.760 1306469.295 0.110399631
45.992 1302474.786 0.110860561
46.226 1298508.235 0.111322333
46.460 1294569.904 0.111784875
46.694 1290660.055 0.112248110
46.929 1286778.951 0.112711961
47.165 1282926.859 0.113176349
47.401 1279104.045 0.113641192
47.637 1275310.774 0.114106406
47.874 1271547.318 0.114571907
48.112 1267813.943 0.115037607
48.350 1264110.922 0.115503417
48.588 1260438.526 0.115969246
48.827 1256797.027 0.116435001
49.066 1253186.698 0.116900588
49.305 1249607.813 0.117365909
49.544 1246060.648 0.117830865
49.784 1242545.477 0.118295357
50.024 1239062.576 0.118759282
50.264 1235612.223 0.119222535
50.504 1232194.694 0.119685011
50.744 1228810.267 0.120146601
50.985 1225459.219 0.120607196
51.225 1222141.830 0.121066684
51.465 1218858.376 0.121524952
51.705 1215609.137 0.121981885
51.945 1212394.391 0.122437366
52.185 1209214.416 0.122891277
52.425 1206069.491 0.123343497
52.664 1202959.895 0.123793906
52.903 1199885.905 0.124242380
53.142 1196847.798 0.124688795
53.380 1193845.853 0.125133024
53.618 1190880.345 0.125574941
53.855 1187951.550 0.126014416
54.092 1185059.744 0.126451320
54.327 1182205.202 0.126885521
54.563 1179388.196 0.127316886
54.797 1176608.999 0.127745284
55.030 1173867.883 0.128170578
55.263 1171165.119 0.128592633
55.494 1168500.974 0.129011314
55.725 1165875.717 0.129426483
55.954 1163289.613 0.129838002
56.182 1160742.927 0.130245733
56.409 1158235.921 0.130649537
56.634 1155768.857 0.131049275
56.858 1153341.992 0.131444806
57.080 1150955.585 0.131835991
57.301 1148609.889 0.132222689
57.520 1146305.158 0.132604760
57.737 1144041.639 0.132982064
57.952 1141819.582 0.133354461
58.165 1139639.232 0.133721811
58.376 1137500.829 0.134083974
58.584 1135404.613 0.134440811
58.791 1133350.820 0.134792184
58.995 1131339.685 0.135137955
59.197 1129371.435 0.135477987
59.395 1127446.299 0.135812144
59.592 1125564.498 0.136140290
59.785 1123726.254 0.136462293
59.975 1121931.781 0.136778018
60.163 1120181.291 0.137087336
60.347 1118474.994 0.137390116
60.528 1116813.093 0.137686230
60.705 1115195.788 0.137975552
60.879 1113623.275 0.138257958
61.050 1112095.746 0.138533325
61.216 1110613.388 0.138801532
61.379 1109176.383 0.139062462
61.538 1107784.910 0.139315999
61.693 1106439.140 0.139562031
61.844 1105139.243 0.139800445
61.990 1103885.382 0.140031134
62.132 1102677.715 0.140253994
62.269 1101516.395 0.140468922
62.402 1100401.569 0.140675819
62.530 1099333.381 0.140874589
62.653 1098311.967 0.141065140
62.771 1097337.459 0.141247382
62.884 1096409.983 0.141421229
62.992 1095529.658 0.141586600
63.095 1094696.600 0.141743415
63.192 1093910.917 0.141891600
63.284 1093172.712 0.142031083
63.371 1092482.081 0.142161799
63.451 1091839.116 0.142283683
63.527 1091243.901 0.142396677
63.596 1090696.515 0.142500725
63.660 1090197.030 0.142595778
63.717 1089745.512 0.142681788
63.769 1089342.021 0.142758713
63.815 1088986.612 0.142826516
63.854 1088679.330 0.142885164
63.888 1088420.217 0.142934627
63.915 1088209.308 0.142974881
63.937 1088046.629 0.143005907
63.952 1087932.204 0.143027688
63.961 1087866.047 0.143040215
63.964 1087848.166 0.143043480
63.960 1087878.564 0.143037483
63.951 1087957.237 0.143022226
63.935 1088084.173 0.142997717
63.913 1088259.355 0.142963967
63.885 1088482.760 0.142920994
63.851 1088754.357 0.142868818
63.811 1089074.110 0.142807466
63.765 1089441.976 0.142736967
63.712 1089857.905 0.142657356
63.654 1090321.842 0.142568672
63.590 1090833.724 0.142470959
63.520 1091393.483 0.142364263
63.445 1092001.045 0.142248637
63.363 1092656.329 0.142124138
63.276 1093359.249 0.141990824
63.184 1094109.711 0.141848761
63.086 1094907.616 0.141698016
62.983 1095752.860 0.141538662
62.875 1096645.332 0.141370774
62.761 1097584.916 0.141194433
62.643 1098571.489 0.141009721
62.519 1099604.924 0.140816725
62.391 1100685.086 0.140615536
62.258 1101811.839 0.140406246
62.120 1102985.036 0.140188954
61.978 1104204.528 0.139963758
61.831 1105470.161 0.139730762
61.680 1106781.774 0.139490071
61.525 1108139.203 0.139241795
61.366 1109542.278 0.138986044
61.203 1110990.823 0.138722933
61.036 1112484.660 0.138452577
60.865 1114023.603 0.138175096
60.691 1115607.466 0.137890611
60.514 1117236.054 0.137599244
60.332 1118909.170 0.137301120
60.148 1120626.612 0.136996367
59.961 1122388.176 0.136685112
59.770 1124193.650 0.136367486
59.577 1126042.822 0.136043621
59.380 1127935.475 0.135713649
59.182 1129871.388 0.135377704
58.980 1131850.335 0.135035923
58.776 1133872.090 0.134688441
58.569 1135936.422 0.134335395
58.361 1138043.095 0.133976924
58.150 1140191.873 0.133613167
57.937 1142382.516 0.133244261
57.722 1144614.780 0.132870348
57.505 1146888.420 0.132491567
57.286 1149203.187 0.132108057
57.065 1151558.830 0.131719960
56.843 1153955.097 0.131327416
56.619 1156391.731 0.130930564
56.394 1158868.475 0.130529545
56.168 1161385.070 0.130124499
55.940 1163941.254 0.129715564
55.711 1166536.764 0.129302879
55.480 1169171.334 0.128886583
55.249 1171844.698 0.128466813
55.017 1174556.587 0.128043707
54.784 1177306.733 0.127617399
54.549 1180094.864 0.127188026
54.315 1182920.709 0.126755721
54.079 1185783.994 0.126320618
53.843 1188684.446 0.125882848
53.606 1191621.789 0.125442543
53.368 1194595.748 0.124999832
53.130 1197606.047 0.124554843
52.892 1200652.408 0.124107704
52.653 1203734.555 0.123658539
52.414 1206852.209 0.123207473
52.175 1210005.092 0.122754630
51.935 1213192.925 0.122300129
51.695 1216415.431 0.121844090
51.456 1219672.330 0.121386631
51.216 1222963.344 0.120927868
50.976 1226288.194 0.120467916
50.736 1229646.602 0.120006888
50.496 1233038.289 0.119544894
50.256 1236462.978 0.119082044
50.016 1239920.391 0.118618445
49.777 1243410.252 0.118154203
49.537 1246932.282 0.117689421
49.298 1250486.208 0.117224201
49.059 1254071.752 0.116758644
48.821 1257688.641 0.116292847
48.582 1261336.600 0.115826907
48.344 1265015.357 0.115360917
48.107 1268724.639 0.114894971
47.870 1272464.175 0.114429159
47.633 1276233.695 0.113963568
47.397 1280032.929 0.113498287
47.161 1283861.608 0.113033399
46.926 1287719.467 0.112568987
46.691 1291606.238 0.112105132
46.457 1295521.657 0.111641914
46.224 1299465.460 0.111179409
45.991 1303437.386 0.110717692
45.758 1307437.173 0.110256837
45.527 1311464.561 0.109796915
45.296 1315519.292 0.109337996
45.065 1319601.111 0.108880148
44.836 1323709.760 0.108423436
44.607 1327844.986 0.107967925
44.378 1332006.538 0.107513676
44.151 1336194.163 0.107060752
43.924 1340407.614 0.106609210
43.698 1344646.641 0.106159107
43.473 1348910.999 0.105710499
43.248 1353200.444 0.105263440
43.024 1357514.733 0.104817982
42.801 1361853.624 0.104374175
42.579 1366216.878 0.103932068
42.358 1370604.258 0.103491708
42.137 1375015.527 0.103053141
41.918 1379450.451 0.102616410
41.699 1383908.797 0.102181559
41.481 1388390.335 0.101748629
41.264 1392894.835 0.101317658
41.047 1397422.070 0.100888686
40.832 1401971.815 0.100461748
40.617 1406543.846 0.100036881
40.404 1411137.941 0.099614118
40.191 1415753.880 0.099193491
39.979 1420391.444 0.098775033
39.768 1425050.418 0.098358772
39.558 1429730.585 0.097944739
39.349 1434431.734 0.097532960
39.140 1439153.653 0.097123461
38.933 1443896.134 0.096716268
38.726 1448658.968 0.096311405
38.521 1453441.950 0.095908894
38.316 1458244.876 0.095508757
38.112 1463067.544 0.095111015
37.909 1467909.755 0.094715688
37.707 1472771.309 0.094322793
37.506 1477652.011 0.093932349
37.306 1482551.664 0.093544372
37.106 1487470.077 0.093158877
36.908 1492407.059 0.092775879
36.710 1497362.419 0.092395393
36.514 1502335.970 0.092017430
36.318 1507327.527 0.091642003
36.123 1512336.905 0.091269123
35.929 1517363.923 0.090898800
35.736 1522408.399 0.090531044
35.544 1527470.154 0.090165864
35.353 1532549.012 0.089803268
35.163 1537644.798 0.089443262
34.973 1542757.337 0.089085855
34.785 1547886.458 0.088731050
34.597 1553031.991 0.088378855
34.410 1558193.767 0.088029273
34.224 1563371.619 0.087682309
34.039 1568565.382 0.087337965
33.855 1573774.892 0.086996246
33.672 1578999.988 0.086657152
33.490 1584240.509 0.086320686
33.308 1589496.297 0.085986848
33.128 1594767.195 0.085655640
32.948 1600053.048 0.085327062
32.769 1605353.701 0.085001113
32.591 1610669.002 0.084677793
32.414 1615998.800 0.084357101
32.237 1621342.948 0.084039034
32.062 1626701.296 0.083723591
31.887 1632073.699 0.083410769
31.713 1637460.013 0.083100566
31.540 1642860.094 0.082792979
31.368 1648273.801 0.082488004
31.197 1653700.993 0.082185636
31.026 1659141.533 0.081885873
30.857 1664595.283 0.081588709
30.688 1670062.108 0.081294141
30.520 1675541.872 0.081002162
30.353 1681034.444 0.080712767
30.186 1686539.691 0.080425952
30.021 1692057.484 0.080141709
29.856 1697587.695 0.079860034
29.692 1703130.195 0.079580920
29.529 1708684.859 0.079304361
29.366 1714251.562 0.079030349
29.204 1719830.181 0.078758878
29.043 1725420.594 0.078489942
28.883 1731022.680 0.078223533
28.724 1736636.320 0.077959643
28.565 1742261.396 0.077698266
28.407 1747897.791 0.077439393
28.250 1753545.388 0.077183018
28.094 1759204.075 0.076929131
27.938 1764873.737 0.076677726
27.783 1770554.263 0.076428794
27.629 1776245.542 0.076182328
27.476 1781947.464 0.075938318
27.323 1787659.922 0.075696757
27.171 1793382.807 0.075457637
27.020 1799116.014 0.075220949
26.869 1804859.437 0.074986684
26.720 1810612.974 0.074754835
26.570 1816376.521 0.074525393
26.422 1822149.977 0.074298348
26.274 1827933.240 0.074073694
26.127 1833726.213 0.073851420
25.981 1839528.796 0.073631519
25.835 1845340.892 0.073413983
25.690 1851162.405 0.073198801
25.546 1856993.239 0.072985967
25.402 1862833.301 0.072775470
25.259 1868682.497 0.072567304
25.117 1874540.735 0.072361459
24.975 1880407.924 0.072157927
24.834 1886283.973 0.071956700
24.694 1892168.794 0.071757768
24.554 1898062.297 0.071561125
24.415 1903964.396 0.071366761
24.276 1909875.004 0.071174668
24.138 1915794.035 0.070984839
24.001 1921721.406 0.070797264
23.864 1927657.032 0.070611937
23.728 1933600.830 0.070428849
23.593 1939552.719 0.070247992
23.458 1945512.617 0.070069359
23.324 1951480.444 0.069892942
23.190 1957456.121 0.069718733
23.057 1963439.570 0.069546725
22.925 1969430.713 0.069376910
22.793 1975429.472 0.069209281
22.662 1981435.772 0.069043831
22.531 1987449.537 0.068880553
22.401 1993470.694 0.068719440
22.272 1999499.169 0.068560485
22.143 2005534.887 0.068403681
22.015 2011577.779 0.068249022
21.887 2017627.771 0.068096501
21.759 2023684.794 0.067946112
21.633 2029748.778 0.067797849
21.507 2035819.653 0.067651706
21.381 2041897.352 0.067507676
21.256 2047981.806 0.067365754
21.131 2054072.948 0.067225935
21.007 2060170.713 0.067088212
20.884 2066275.034 0.066952581
20.761 2072385.847 0.066819037
20.639 2078503.087 0.066687574
20.517 2084626.691 0.066558187
20.395 2090756.596 0.066430872
20.274 2096892.740 0.066305625
20.154 2103035.061 0.066182440
20.034 2109183.498 0.066061315
