0.0
0.0
0.0
0.0
0.0
0.0
0.0
0.0
0.0
0.0
0.0
0.0
0.0
0.0
0.0
0.0
0.0
0.0
0.0
0.0
0.0
0.0
0.0
0.0
0.0
0.0
0.0
0.0
0.0
0.0
0.0
0.0
0.0
0.0
0.0
0.0
0.0
0.0
0.0
0.0
0.0
0.0
0.0
0.0
0.0
0.0
0.0
0.0
0.0
0.0
0.0
0.0
0.0
0.0
0.0
0.0
0.0
0.0
0.0
0.0
0.0
0.0
0.0
0.0
0.0
0.0
0.0
0.0
0.0
0.0
0.0
0.0
0.0
0.0
0.0
0.0
0.0
0.0
0.0
0.0
0.0
0.0
0.0
0.0
0.0
0.0
0.0
0.0
0.0
0.0
0.0
0.0
0.0
0.0
0.0
0.0
0.0
0.0
0.0
0.0
0.0
0.0
0.0
0.0
0.0
0.0
0.0
0.0
0.0
0.0
0.0
0.0
0.0
0.0
0.0
0.0
0.0
0.0
0.0
0.0
0.0
0.0
0.0
0.0
0.0
0.0
0.0
0.0
0.0
0.0
0.0
0.0
0.0
0.0
0.0
0.0
0.0
0.0
0.0
0.0
0.0
0.0
0.0
0.0
0.0
0.0
0.0
0.0
0.0
0.0
0.0
0.0
0.0
0.0
0.0
0.0
0.0
0.0
0.0
0.0
0.0
0.0
0.0
0.0
0.0
0.0
0.0
0.0
0.0
0.0
0.0
0.0
0.0
0.0
0.0
0.0
0.0
0.0
0.0
0.0
0.0
0.0
0.0
0.0
0.0
0.0
0.0
0.0
0.0
0.0
0.0
0.0
0.0
0.0
0.0
0.0
0.0
0.0
0.0
0.0
0.0
0.0
0.0
0.0
0.0
0.0
0.0
0.0
0.0
0.0
0.0
0.0
0.0
0.0
0.0
0.0
0.0
0.0
0.0
0.0
0.0
0.0
0.0
0.0
0.0
0.0
0.0
0.0
0.0
0.0
0.0
0.0
0.0
0.0
0.0
0.0
0.0
0.0
0.0
0.0
0.0
0.0
0.0
0.0
0.0
0.0
0.0
0.0
0.0
0.0
0.0
0.0
0.0
0.0
0.0
0.0
0.0
0.0
0.0
0.0
0.0
0.0
0.0
0.0
0.0
0.0
0.0
0.0
0.0
0.0
0.0
0.0
0.0
0.0
0.0
0.0
0.0
0.0
0.0
0.0
0.0
0.0
0.0
0.0
0.0
0.0
0.0
0.0
0.0
0.0
0.0
0.0
0.0
0.0
0.0
0.0
0.0
0.0
0.0
0.0
0.0
0.0
0.0
0.0
0.0
0.0
0.0
0.0
0.0
0.0
0.0
0.0
0.0
0.0
0.0
0.0
0.0
0.0
0.0
0.0
0.0
0.0
0.0
0.0
0.0
0.0
0.0
0.0
0.0
0.0
0.0
0.0
0.0
0.0
0.0
0.0
0.0
0.0
0.0
0.0
0.0
0.0
0.0
0.0
0.0
0.0
0.0
0.0
0.0
0.0
0.0
0.0
0.0
0.0
0.0
0.0
0.0
0.0
0.0
0.0
0.0
0.0
0.0
0.0
0.0
0.0
0.0
0.0
0.0
0.0
0.0
0.0
0.0
0.0
0.0
0.0
0.0
0.0
0.0
0.0
0.0
0.0
0.0
0.0
0.0
0.0
0.0
0.0
0.0
0.0
0.0
0.0
0.0
0.0
0.0
0.0
0.0
0.0
0.0
0.0
0.0
0.0
0.0
0.0
0.0
0.0
0.0
0.0
0.0
0.0
0.0
0.0
0.0
0.0
0.0
0.0
0.0
0.0
0.0
0.0
0.0
0.0
0.0
0.0
0.0
0.0
0.0
0.0
0.0
0.0
0.0
0.0
0.0
0.0
0.0
0.0
0.0
0.0
0.0
0.0
0.0
0.0
0.0
0.0
0.0
0.0
0.0
0.0
0.0
0.0
0.0
0.0
0.0
0.0
0.0
0.0
0.0
0.0
0.0
0.0
0.0
0.0
0.0
0.0
0.0
0.0
0.0
0.0
0.0
0.0
0.0
0.0
0.0
0.0
0.0
0.0
0.0
0.0
0.0
0.0
0.0
0.0
0.0
0.0
0.0
0.0
0.0
0.0
0.0
0.0
0.0
0.0
0.0
0.0
0.0
0.0
0.0
0.0
0.0
0.0
0.0
0.0
0.0
0.0
0.0
0.0
0.0
0.0
0.0
0.0
0.0
0.0
0.0
0.0
0.0
0.0
0.0
0.0
0.0
0.0
0.0
0.0
0.0
0.0
0.0
0.0
0.0
0.0
0.0
0.0
0.0
0.0
0.0
0.0
0.0
0.0
0.0
0.0
0.0
0.0
0.0
0.0
0.0
0.0
0.0
0.0
0.0
0.0
0.0
0.0
0.0
0.0
0.0
0.0
0.0
0.0
0.0
0.0
0.0
0.0
0.0
0.0
0.0
0.0
0.0
0.0
0.0
0.0
0.0
0.0
0.0
0.0
0.0
0.0
0.0
0.0
0.0
0.0
0.0
0.0
0.0
0.0
0.0
0.0
0.0
0.0
0.0
0.0
0.0
0.0
0.0
0.0
0.0
0.0
0.0
0.0
0.0
0.0
0.0
0.0
0.0
0.0
0.0
0.0
0.0
0.0
0.0
0.0
0.0
0.0
0.0
0.0
0.0
0.0
0.0
0.0
0.0
0.0
0.0
0.0
0.0
0.0
0.0
0.0
0.0
0.0
0.0
0.0
0.0
0.0
0.0
0.0
0.0
0.0
0.0
0.0
0.0
0.0
0.0
0.0
0.0
0.0
0.0
0.0
0.0
0.0
0.0
0.0
0.0
0.0
0.0
0.0
0.0
0.0
0.0
0.0
0.0
0.0
0.0
0.0
0.0
0.0
0.0
0.0
0.0
0.0
0.0
0.0
0.0
0.0
0.0
0.0
0.0
0.0
0.0
0.0
0.0
0.0
0.0
0.0
0.0
0.0
0.0
0.0
0.0
0.0
0.0
0.0
0.0
0.0
0.0
0.0
0.0
0.0
0.0
0.0
0.0
0.0
0.0
0.0
0.0
0.0
0.0
0.0
0.0
0.0
0.0
0.0
0.0
0.0
0.0
0.0
0.0
0.0
0.0
0.0
0.0
0.0
0.0
0.0
0.0
0.0
0.0
0.0
0.0
0.0
0.0
0.0
0.0
0.0
0.0
0.0
0.0
0.0
0.0
0.0
0.0
0.0
0.0
0.0
0.0
0.0
0.0
0.0
0.0
0.0
0.0
0.0
0.0
0.0
0.0
0.0
0.0
0.0
0.0
456.2107762636385
454.95463475902255
453.6870090774973
452.408255485184
451.11872921573024
449.81878428448374
448.5087733074223
447.1890473251074
445.8599556323591
444.5218456130223
443.1750625802572
441.8199496220117
440.45684745253175
439.0860942687981
437.7080256130154
436.3229742400859
434.93126999114423
433.5332396724271
432.12920693942965
430.71949218708704
429.30441244492044
427.88428127773574
426.4594086920036
425.0301010469438
423.59666097148767
422.15938728593693
420.7185749292921
419.27451489091806
417.82749414787367
416.3777956068091
414.92569805040563
413.4714760890163
412.0154001163992
410.55773627052815
409.09874639826756
407.63868802461946
406.1778143260441
404.7163741081056
403.25461178665125
401.792767373098
400.3310764636665
398.8697702318663
397.40907542468113
395.94921436214764
394.49040494013855
393.0328606366141
391.5767905202354
390.1223992628188
388.66988715394217
387.21945011853734
385.77127973703864
384.32556326801415
382.88248367318283
381.4422196446744
380.00494563452656
378.57083188614104
377.14004446777614
375.71274530784996
374.2890922320303
372.86923900181785
371.45333535505625
370.041527047489
368.6339558959482
367.2307598227095
365.8320729011014
364.4380254021925
363.0487438425364
361.6643510326659
360.28496612698996
358.9107046737203
357.54167866611255
356.17799659409496
354.81976349651586
353.4670810139461
352.1200474417205
350.7787577837133
349.44330380623666
348.11377409201606
346.79025409470034
345.47282619335857
344.16156974713994
342.8565611498035
341.5578738846028
340.26557857878254
338.97974305828654
337.70043240200204
336.42770899616613
335.161632588451
333.90226034166164
332.64964688756646
331.40384437984034
330.16490254740467
328.93286874666876
327.7077880139126
326.4897031170723
325.2786546069771
324.0746808684572
322.87781817064683
321.6881007169224
320.50556069446367
319.3302283229678
318.1621319031633
317.00129786446377
315.847750812371
314.7015135750258
313.562607249296
312.43105124619353
311.3068633358665
310.19005969167074
309.08065493380224
307.97866217242876
306.8840930499004
305.7969577825421
304.71726520169534
303.64502279414666
302.58023674205884
301.5229119618352
300.47305214291566
299.43065978549424
298.3957362377635
297.3682817325038
296.3482954230106
295.33577541841134
294.3307188183523
293.3331217469342
292.3429793862885
291.36028600926204
290.38503501161836
289.41721894360717
288.4568295408851
287.5038577550045
286.5582937829314
285.62012709646166
284.6893464706762
283.7659400120037
282.84989518564896
281.94119884249034
281.03983724539995
280.14579609503795
279.2590605550933
278.37961527699616
277.50744442410786
276.6425316954031
275.78486034862345
274.9344132229799
274.0911727612152
273.2551210315006
272.42623974846373
271.60451029401975
270.78991373766985
269.98243085631674
269.1820421536908
268.3887278793209
267.60246804702047
266.82324245310485
266.05103069406266
265.285812183873
264.5275661709553
263.7762717546947
263.0319079016518
262.2944534612722
261.56388718150794
260.84018772374037
260.1233336776333
259.4133035755274
258.71007590654176
258.01362913034694
257.3239416906606
256.64099202832836
255.9647585943471
255.29521986230378
254.63235434075645
253.97614058524914
253.32655721008703
252.68358289986395
252.04719642065947
251.41737663114995
250.7941024933774
250.1773530832513
249.56710760093165
248.96334538094538
248.3660459021185
247.7751887972355
247.19075386263967
246.61272106752477
246.04107056310244
245.47578269158018
244.91683799498023
244.3642172237967
243.81790134550494
243.27787155287254
242.74410927221982
242.2165961715038
241.69531416820132
241.18024543717755
240.6713724183864
240.16867782445883
239.67214464816288
239.1817561698486
238.6974959646933
238.21934790995064
237.74729619201753
237.2813253135229
236.8214201003
236.3675657082506
235.91974763026892
235.4779517029759
235.04216411348517
234.61237140613056
234.18856048907622
233.7707186409898
233.35883351764576
232.95289315846742
232.55288599315358
232.1588008481951
231.7706269534288
0.0
0.0
0.0
0.0
0.0
0.0
0.0
0.0
0.0
0.0
0.0
0.0
0.0
0.0
0.0
0.0
0.0
0.0
0.0
0.0
0.0
0.0
0.0
0.0
0.0
0.0
0.0
0.0
0.0
0.0
0.0
0.0
0.0
0.0
0.0
0.0
0.0
0.0
0.0
0.0
0.0
0.0
0.0
0.0
0.0
0.0
0.0
0.0
0.0
0.0
0.0
0.0
0.0
0.0
0.0
0.0
0.0
0.0
0.0
0.0
0.0
0.0
0.0
0.0
0.0
0.0
0.0
0.0
0.0
0.0
0.0
0.0
0.0
0.0
0.0
0.0
0.0
0.0
0.0
0.0
0.0
0.0
0.0
0.0
0.0
0.0
0.0
0.0
0.0
0.0
0.0
0.0
0.0
0.0
0.0
0.0
0.0
0.0
0.0
0.0
0.0
0.0
0.0
0.0
0.0
0.0
0.0
0.0
0.0
0.0
0.0
0.0
0.0
0.0
0.0
0.0
0.0
0.0
0.0
0.0
0.0
0.0
0.0
0.0
0.0
0.0
0.0
0.0
0.0
0.0
0.0
0.0
0.0
0.0
0.0
0.0
0.0
0.0
0.0
0.0
0.0
0.0
0.0
0.0
0.0
0.0
0.0
0.0
0.0
0.0
0.0
0.0
0.0
0.0
0.0
0.0
0.0
0.0
0.0
0.0
0.0
0.0
0.0
0.0
0.0
0.0
0.0
0.0
0.0
0.0
0.0
0.0
0.0
0.0
0.0
0.0
0.0
0.0
0.0
0.0
0.0
0.0
0.0
0.0
0.0
0.0
0.0
0.0
0.0
0.0
0.0
0.0
0.0
0.0
0.0
0.0
0.0
0.0
0.0
0.0
0.0
0.0
0.0
0.0
0.0
0.0
0.0
0.0
0.0
0.0
0.0
0.0
0.0
0.0
0.0
0.0
0.0
0.0
0.0
0.0
0.0
0.0
0.0
0.0
0.0
0.0
0.0
0.0
0.0
0.0
0.0
0.0
0.0
0.0
0.0
0.0
0.0
0.0
0.0
0.0
0.0
0.0
0.0
0.0
0.0
0.0
0.0
0.0
0.0
0.0
0.0
0.0
0.0
0.0
0.0
0.0
0.0
0.0
0.0
0.0
0.0
0.0
0.0
0.0
0.0
0.0
0.0
0.0
0.0
0.0
0.0
0.0
0.0
0.0
0.0
0.0
0.0
0.0
0.0
0.0
0.0
0.0
0.0
0.0
0.0
0.0
0.0
0.0
0.0
0.0
0.0
0.0
0.0
0.0
0.0
0.0
0.0
0.0
0.0
0.0
0.0
0.0
0.0
0.0
0.0
0.0
0.0
0.0
0.0
0.0
0.0
0.0
0.0
0.0
0.0
0.0
0.0
0.0
0.0
0.0
0.0
0.0
0.0
0.0
0.0
0.0
0.0
0.0
0.0
0.0
0.0
0.0
0.0
0.0
0.0
0.0
0.0
0.0
0.0
0.0
0.0
0.0
0.0
0.0
0.0
0.0
0.0
0.0
0.0
0.0
0.0
0.0
0.0
0.0
0.0
0.0
0.0
0.0
0.0
0.0
0.0
0.0
0.0
0.0
0.0
0.0
0.0
0.0
0.0
0.0
0.0
0.0
0.0
0.0
0.0
0.0
0.0
0.0
0.0
0.0
0.0
0.0
0.0
0.0
0.0
0.0
0.0
0.0
0.0
0.0
0.0
0.0
0.0
0.0
0.0
0.0
0.0
0.0
0.0
0.0
0.0
0.0
0.0
0.0
0.0
0.0
0.0
0.0
0.0
0.0
0.0
0.0
0.0
0.0
0.0
0.0
0.0
0.0
0.0
0.0
0.0
0.0
0.0
0.0
0.0
0.0
0.0
0.0
0.0
0.0
0.0
0.0
0.0
0.0
0.0
0.0
0.0
0.0
0.0
0.0
0.0
0.0
0.0
0.0
0.0
0.0
0.0
0.0
0.0
0.0
0.0
0.0
0.0
0.0
0.0
0.0
0.0
0.0
0.0
0.0
0.0
0.0
0.0
0.0
0.0
0.0
0.0
0.0
0.0
0.0
0.0
0.0
0.0
0.0
0.0
0.0
0.0
0.0
0.0
0.0
0.0
0.0
0.0
0.0
0.0
0.0
0.0
0.0
0.0
0.0
0.0
0.0
0.0
0.0
0.0
0.0
0.0
0.0
0.0
0.0
0.0
0.0
0.0
0.0
0.0
0.0
0.0
0.0
0.0
0.0
0.0
0.0
0.0
0.0
0.0
0.0
0.0
0.0
0.0
0.0
0.0
0.0
0.0
0.0
0.0
0.0
0.0
0.0
0.0
0.0
0.0
0.0
0.0
0.0
0.0
0.0
0.0
0.0
0.0
0.0
0.0
0.0
0.0
0.0
0.0
0.0
0.0
0.0
0.0
0.0
0.0
0.0
0.0
0.0
0.0
0.0
0.0
0.0
0.0
0.0
0.0
0.0
0.0
0.0
0.0
0.0
0.0
0.0
0.0
0.0
0.0
0.0
0.0
0.0
0.0
0.0
0.0
0.0
0.0
0.0
0.0
0.0
0.0
0.0
0.0
0.0
0.0
0.0
0.0
0.0
0.0
0.0
0.0
0.0
0.0
0.0
0.0
0.0
0.0
0.0
0.0
0.0
0.0
0.0
0.0
0.0
0.0
0.0
0.0
0.0
0.0
0.0
0.0
0.0
0.0
0.0
0.0
0.0
0.0
0.0
0.0
0.0
0.0
470.51992913553136
468.66678383099287
466.8103623933604
464.951066691977
463.08929177477927
461.2254258052871
459.35985000685463
457.49293861545397
455.6250588398723
453.75657082936505
451.88782764856774
450.0191752593531
448.15095250946734
446.28349112769456
444.4171157253411
442.55214380355005
440.68888576690614
438.82764494215576
436.9687176025522
435.1123929971971
433.25895338550464
431.4086740759834
429.5618234697798
427.71866310836356
425.87944772516875
424.04442530111123
422.21383712372204
420.38791784940287
418.5668955694866
416.7509918785138
414.94042194585614
413.13539458974884
411.336112353781
409.5427715855968
407.75556251773526
405.97466935029166
404.2002703355162
402.4325378635562
400.67163855020874
398.9177333255155
397.17097752368255
395.4315209739318
393.69950809227726
391.97507797398305
390.25836448666115
388.5494963638713
386.8485972990886
385.15578603994874
383.47117648268215
381.7948777666006
380.1269943684543
378.467626197048
376.8168686871295
375.17481289339037
373.5415455839504
371.91714933346503
370.3017026157038
368.69527989557116
367.09795172048666
365.5097848112121
363.93084215170035
362.3611830782785
360.80086336815333
359.24993532680037
357.7084478745459
356.17644663218664
354.65397400557833
353.14106926936404
351.63776864934846
350.14410540410125
348.6601099052763
347.18580971693285
345.72122967352243
344.2663919570027
342.8213161725295
341.38601942307974
339.9605163828558
338.544819369494
337.13893841504415
335.7428813357613
334.3566538006405
332.9802593987395
331.61369970537834
330.25697434689414
328.9100810643214
327.57301577594586
326.2457726384471
324.9283441069378
323.6207209937846
322.3228925262201
321.0348464028579
319.7565688488155
318.48804466991
317.22925730555164
315.9801888805315
314.74082025569606
313.5111310773777
312.2910998259258
311.08070386302614
309.87991947781575
308.68872193213184
307.50708550461883
306.3349835337778
305.1723884600192
304.01927186668576
302.8756045200899
301.74135640865717
300.61649678085706
299.5009941824582
298.3948164927916
297.2979309599772
296.2103042353622
295.1319024070281
294.06269103252635
293.00263517058573
291.9516994121601
290.9098479105808
289.8770444109157
288.85325227856043
287.83843452705275
286.8325538451132
285.83557262305914
284.8474529782568
283.86815678018604
282.8976456745805
281.9358811069901
280.9828243456699
280.038436503834
279.1026785612533
278.1755113853451
277.2568957514698
276.34679236284427
275.4451618697904
274.551964888437
273.667162018862
272.7907138628079
271.92258104075347
271.062724208562
270.2111040736802
269.36768141069075
268.53241707666166
267.7052720258426
266.8862073240121
266.0751841623863
265.2721638711632
264.4771079325562
263.68997799356003
262.9107358782507
262.139343599821
261.37576337216143
260.61995762116004
259.87188899562955
259.1315203779995
258.3988148945583
257.6737359255172
256.95624711473573
256.24631237916793
255.54389591803738
254.84896222177383
254.16147608060547
253.4814025931145
252.8087071742986
252.14335556358992
251.48531383259544
250.834548392628
250.19102600205085
249.5547137734174
248.9255791804371
248.3035900647522
247.6887146425992
247.08092151120772
246.48017965512702
245.88645845238938
245.29972768055677
244.7199575225722
244.14711857256754
243.58118184146875
243.02211876256604
242.4699011969404
241.92450143880572
241.3858922207552
240.8540467189328
240.3289385581029
239.8105418167182
239.29883103177218
238.7937812037962
238.29536780163238
237.80356676725654
237.318354520504
236.83970796380746
236.36760448686167
235.90202197131705
235.44293879538114
234.99033383847333
234.54418648584667
234.10447663321122
233.67118469135926
233.24429159078318
232.82377878636314
232.40962826200683
232.00182253538048
231.60034466259805
231.20517824302172
0.0
0.0
0.0
0.0
0.0
0.0
0.0
0.0
0.0
0.0
0.0
0.0
0.0
0.0
0.0
0.0
0.0
0.0
0.0
0.0
0.0
0.0
0.0
0.0
0.0
0.0
0.0
0.0
0.0
0.0
0.0
0.0
0.0
0.0
0.0
0.0
0.0
0.0
0.0
0.0
0.0
0.0
0.0
0.0
0.0
0.0
0.0
0.0
0.0
0.0
0.0
0.0
0.0
0.0
0.0
0.0
0.0
0.0
0.0
0.0
0.0
0.0
0.0
0.0
0.0
0.0
0.0
0.0
0.0
0.0
0.0
0.0
0.0
0.0
0.0
0.0
0.0
0.0
0.0
0.0
0.0
0.0
0.0
0.0
0.0
0.0
0.0
0.0
0.0
0.0
0.0
0.0
0.0
0.0
0.0
0.0
0.0
0.0
0.0
0.0
0.0
0.0
0.0
0.0
0.0
0.0
0.0
0.0
0.0
0.0
0.0
0.0
0.0
0.0
0.0
0.0
0.0
0.0
0.0
0.0
0.0
0.0
0.0
0.0
0.0
0.0
0.0
0.0
0.0
0.0
0.0
0.0
0.0
0.0
0.0
0.0
0.0
0.0
0.0
0.0
0.0
0.0
0.0
0.0
0.0
0.0
0.0
0.0
0.0
0.0
0.0
0.0
0.0
0.0
0.0
0.0
0.0
0.0
0.0
0.0
0.0
0.0
0.0
0.0
0.0
0.0
0.0
0.0
0.0
0.0
0.0
0.0
0.0
0.0
0.0
0.0
0.0
0.0
0.0
0.0
0.0
0.0
0.0
0.0
0.0
0.0
0.0
0.0
0.0
0.0
0.0
0.0
0.0
0.0
0.0
0.0
0.0
0.0
0.0
0.0
0.0
0.0
0.0
0.0
0.0
0.0
0.0
0.0
0.0
0.0
0.0
0.0
0.0
0.0
0.0
0.0
0.0
0.0
0.0
0.0
0.0
0.0
0.0
0.0
0.0
0.0
0.0
0.0
0.0
0.0
0.0
0.0
0.0
0.0
0.0
0.0
0.0
0.0
0.0
0.0
0.0
0.0
0.0
0.0
0.0
0.0
0.0
0.0
0.0
0.0
0.0
0.0
0.0
0.0
0.0
0.0
0.0
0.0
0.0
0.0
0.0
0.0
0.0
0.0
0.0
0.0
0.0
0.0
0.0
0.0
0.0
0.0
0.0
0.0
0.0
0.0
0.0
0.0
0.0
0.0
0.0
0.0
0.0
0.0
0.0
0.0
0.0
0.0
0.0
0.0
0.0
0.0
0.0
0.0
0.0
0.0
0.0
0.0
0.0
0.0
0.0
0.0
0.0
0.0
0.0
0.0
0.0
0.0
0.0
0.0
0.0
0.0
0.0
0.0
0.0
0.0
0.0
0.0
0.0
0.0
0.0
0.0
0.0
0.0
0.0
0.0
0.0
0.0
0.0
0.0
0.0
0.0
0.0
0.0
0.0
0.0
0.0
0.0
0.0
0.0
0.0
0.0
0.0
0.0
0.0
0.0
0.0
0.0
0.0
0.0
0.0
0.0
0.0
0.0
0.0
0.0
0.0
0.0
0.0
0.0
0.0
0.0
0.0
0.0
0.0
0.0
0.0
0.0
0.0
0.0
0.0
0.0
0.0
0.0
0.0
0.0
0.0
0.0
0.0
0.0
0.0
0.0
0.0
0.0
0.0
0.0
0.0
0.0
0.0
0.0
0.0
0.0
0.0
0.0
0.0
0.0
0.0
0.0
0.0
0.0
0.0
0.0
0.0
0.0
0.0
0.0
0.0
0.0
0.0
0.0
0.0
0.0
0.0
0.0
0.0
0.0
0.0
0.0
0.0
0.0
0.0
0.0
0.0
0.0
0.0
0.0
0.0
0.0
0.0
0.0
0.0
0.0
0.0
0.0
0.0
0.0
0.0
0.0
0.0
0.0
0.0
0.0
0.0
0.0
0.0
0.0
0.0
0.0
0.0
0.0
0.0
0.0
0.0
0.0
0.0
0.0
0.0
0.0
0.0
0.0
0.0
0.0
0.0
0.0
0.0
0.0
0.0
0.0
0.0
0.0
0.0
0.0
0.0
0.0
0.0
0.0
0.0
0.0
0.0
0.0
0.0
0.0
0.0
0.0
0.0
0.0
0.0
0.0
0.0
0.0
0.0
0.0
0.0
0.0
0.0
0.0
0.0
0.0
0.0
0.0
0.0
0.0
0.0
0.0
0.0
0.0
0.0
0.0
0.0
0.0
0.0
0.0
0.0
0.0
0.0
0.0
0.0
0.0
0.0
0.0
0.0
0.0
0.0
0.0
0.0
0.0
0.0
0.0
0.0
0.0
0.0
0.0
0.0
0.0
0.0
0.0
0.0
0.0
0.0
0.0
0.0
0.0
0.0
0.0
0.0
0.0
0.0
0.0
0.0
0.0
0.0
0.0
0.0
0.0
0.0
0.0
0.0
0.0
0.0
0.0
0.0
0.0
0.0
0.0
0.0
0.0
0.0
0.0
0.0
0.0
0.0
0.0
0.0
0.0
0.0
0.0
0.0
0.0
0.0
0.0
0.0
0.0
0.0
0.0
0.0
0.0
0.0
0.0
0.0
0.0
0.0
0.0
0.0
0.0
0.0
0.0
0.0
0.0
0.0
0.0
0.0
0.0
0.0
0.0
0.0
0.0
0.0
0.0
0.0
0.0
0.0
0.0
0.0
0.0
0.0
0.0
0.0
0.0
0.0
0.0
0.0
0.0
0.0
0.0
0.0
0.0
0.0
0.0
0.0
0.0
0.0
0.0
0.0
0.0
0.0
428.30258729839926
426.5134253767868
424.7272201586279
422.9442269239001
421.1646945508867
419.3888655625763
417.6169761766752
415.84925635876175
414.0859298787683
412.32721437042096
410.573321393281
408.82445649761826
407.08081929157265
405.34260351066393
403.6099970893873
401.88318223479865
400.16233550179294
398.44762787016197
396.73922482307677
395.03728642697445
393.34196741264395
391.6534172574649
389.97178026856636
388.297195666812
386.6297976716034
384.96971558626063
383.31707388389543
381.6719922937124
380.0345858875964
378.4049651670511
376.7832361499323
375.1695004575663
373.563855401626
371.96639407092795
370.37720541798996
368.7963743454148
367.2239817917425
365.66010481711515
364.10481668827344
362.5581869631429
361.02028157483073
359.4911629149306
357.97088991624736
356.4595181346516
354.9570998302996
353.4636840480509
351.97931669691445
350.5040406286885
349.0378957158689
347.5809189283034
346.13314440914087
344.6946035496857
343.2653250633302
341.8453350583511
340.4346571097618
339.0333123301301
337.64131943921507
336.2586948326549
334.88545264947226
333.52160483856227
332.167161224036
330.8221295694835
329.4865156410706
328.16032326959555
326.8435544114206
325.5362092082685
324.2382860459225
322.94978161179444
321.67069095152385
320.40100752421154
319.1407232568217
317.88982859738275
316.6483125671065
315.4161628114644
314.19336565017363
312.97990612619077
311.7757680535826
310.58093406438115
309.3953856544749
308.21910322844644
307.05206614335026
305.894252751701
304.7456404432158
303.6062056858467
302.4759240656698
301.35477032597834
300.2427184053849
299.1397414750195
298.0458119749142
296.9609016493565
295.8849815815164
294.8180222272112
293.7599934477215
292.71086454192096
291.6706042775577
290.6391809216904
289.6165622704236
288.60271567784605
287.5976080842186
286.60120604348685
285.6134757499509
284.6343830644048
283.6638935394201
282.70197244407467
281.7485847879823
280.80369534466297
279.8672686742811
278.9392691458826
278.0196609587867
277.108408163628
276.20547468270405
275.310824329808
274.4244208294264
273.54622783557994
272.67620894995684
271.8143277396035
270.9605477541675
270.11483254260634
269.27714566942603
268.4474507304803
267.62571136834566
266.8118912871618
266.00595426720395
265.20786417888644
264.4175849964772
263.63508081137746
262.8603158450524
262.09325446153616
261.3338611796453
260.5821006848112
259.8379378406183
259.1013376999336
258.3722655158053
257.6506867520435
256.9365670934482
256.229872455816
255.53056899563612
254.8386231195289
254.15400149344504
253.47667105157882
252.80659900504693
252.14375285037016
251.48810037770002
250.83960967883988
250.19824915505788
249.56398752469764
248.93679383063028
248.31663744744515
247.70348808855786
247.0973158130892
246.4980910326065
245.90578451769986
245.3203674044426
244.7418112006746
244.170087792155
243.6051694486243
243.0470288297247
242.49563899079604
241.95097338861805
241.41300588696888
240.8817107621684
240.35706270851585
239.83903684360948
239.32760871363374
238.82275429858822
238.3244500173909
237.8326727329989
237.3473997574321
236.868608856768
236.39627825611603
235.9303866445238
235.47091317986693
235.01783749373357
234.571139696284
234.1308003810942
233.69680062999942
233.26912201792948
232.84774661778624
232.43265700525586
232.02383626372284
231.6212679891556
231.22493629503109
230.83482581729197
0.0
0.0
0.0
0.0
0.0
0.0
0.0
0.0
0.0
0.0
0.0
0.0
0.0
0.0
0.0
0.0
0.0
0.0
0.0
0.0
0.0
0.0
0.0
0.0
0.0
0.0
0.0
0.0
0.0
0.0
0.0
0.0
0.0
0.0
0.0
0.0
0.0
0.0
0.0
0.0
0.0
0.0
0.0
0.0
0.0
0.0
0.0
0.0
0.0
0.0
0.0
0.0
0.0
0.0
0.0
0.0
0.0
0.0
0.0
0.0
0.0
0.0
0.0
0.0
0.0
0.0
0.0
0.0
0.0
0.0
0.0
0.0
0.0
0.0
0.0
0.0
0.0
0.0
0.0
0.0
0.0
0.0
0.0
0.0
0.0
0.0
0.0
0.0
0.0
0.0
0.0
0.0
0.0
0.0
0.0
0.0
0.0
0.0
0.0
0.0
0.0
0.0
0.0
0.0
0.0
0.0
0.0
0.0
0.0
0.0
0.0
0.0
0.0
0.0
0.0
0.0
0.0
0.0
0.0
0.0
0.0
0.0
0.0
0.0
0.0
0.0
0.0
0.0
0.0
0.0
0.0
0.0
0.0
0.0
0.0
0.0
0.0
0.0
0.0
0.0
0.0
0.0
0.0
0.0
0.0
0.0
0.0
0.0
0.0
0.0
0.0
0.0
0.0
0.0
0.0
0.0
0.0
0.0
0.0
0.0
0.0
0.0
0.0
0.0
0.0
0.0
0.0
0.0
0.0
0.0
0.0
0.0
0.0
0.0
0.0
0.0
0.0
0.0
0.0
0.0
0.0
0.0
0.0
0.0
0.0
0.0
0.0
0.0
0.0
0.0
0.0
0.0
0.0
0.0
0.0
0.0
0.0
0.0
0.0
0.0
0.0
0.0
0.0
0.0
0.0
0.0
0.0
0.0
0.0
0.0
0.0
0.0
0.0
0.0
0.0
0.0
0.0
0.0
0.0
0.0
0.0
0.0
0.0
0.0
0.0
0.0
0.0
0.0
0.0
0.0
0.0
0.0
0.0
0.0
0.0
0.0
0.0
0.0
0.0
0.0
0.0
0.0
0.0
0.0
0.0
0.0
0.0
0.0
0.0
0.0
0.0
0.0
0.0
0.0
0.0
0.0
0.0
0.0
0.0
0.0
0.0
0.0
0.0
0.0
0.0
0.0
0.0
0.0
0.0
0.0
0.0
0.0
0.0
0.0
0.0
0.0
0.0
0.0
0.0
0.0
0.0
0.0
0.0
0.0
0.0
0.0
0.0
0.0
0.0
0.0
0.0
0.0
0.0
0.0
0.0
0.0
0.0
0.0
0.0
0.0
0.0
0.0
0.0
0.0
0.0
0.0
0.0
0.0
0.0
0.0
0.0
0.0
0.0
0.0
0.0
0.0
0.0
0.0
0.0
0.0
0.0
0.0
0.0
0.0
0.0
0.0
0.0
0.0
0.0
0.0
0.0
0.0
0.0
0.0
0.0
0.0
0.0
0.0
0.0
0.0
0.0
0.0
0.0
0.0
0.0
0.0
0.0
0.0
0.0
0.0
0.0
0.0
0.0
0.0
0.0
0.0
0.0
0.0
0.0
0.0
0.0
0.0
0.0
0.0
0.0
0.0
0.0
0.0
0.0
0.0
0.0
0.0
0.0
0.0
0.0
0.0
0.0
0.0
0.0
0.0
0.0
0.0
0.0
0.0
0.0
0.0
0.0
0.0
0.0
0.0
0.0
0.0
0.0
0.0
0.0
0.0
0.0
0.0
0.0
0.0
0.0
0.0
0.0
0.0
0.0
0.0
0.0
0.0
0.0
0.0
0.0
0.0
0.0
0.0
0.0
0.0
0.0
0.0
0.0
0.0
0.0
0.0
0.0
0.0
0.0
0.0
0.0
0.0
0.0
0.0
0.0
0.0
0.0
0.0
0.0
0.0
0.0
0.0
0.0
0.0
0.0
0.0
0.0
0.0
0.0
0.0
0.0
0.0
0.0
0.0
0.0
0.0
0.0
0.0
0.0
0.0
0.0
0.0
0.0
0.0
0.0
0.0
0.0
0.0
0.0
0.0
0.0
0.0
0.0
0.0
0.0
0.0
0.0
0.0
0.0
0.0
0.0
0.0
0.0
0.0
0.0
0.0
0.0
0.0
0.0
0.0
0.0
0.0
0.0
0.0
0.0
0.0
0.0
0.0
0.0
0.0
0.0
0.0
0.0
0.0
0.0
0.0
0.0
0.0
0.0
0.0
0.0
0.0
0.0
0.0
0.0
0.0
0.0
0.0
0.0
0.0
0.0
0.0
0.0
0.0
475.5772827447162
475.89933916550126
476.19872288558946
476.47532139260784
476.72903049685857
476.95975442647114
477.1674059148318
477.3519062809455
477.5131855016381
477.65118227594104
477.7658440820258
477.8571272253804
477.92499687956865
477.96942711830144
477.990400939481
477.9879102809143
477.961956027806
477.91254801148057
477.83970500067056
477.74345468359155
477.6238336422002
477.4808873181662
477.31466997045953
477.1252446252578
476.9126830174099
476.67706552425574
476.41848109141813
476.13702715115056
475.8328095331231
475.50594236761805
475.15654798182754
474.78475678879505
474.3907071694538
473.9745453486542
473.53642526391974
473.07650842844004
472.59496378791664
472.0919675715437
471.5677031377311
471.02236081425923
470.45613773338556
469.8692376625209
469.26187082988815
468.634253746419
467.98660902334984
467.319165186278
466.63215648578876
465.9258227048417
465.2004089634595
464.4561655208648
463.6933475751457
462.91221506110855
462.1130324462194
461.29606852538905
460.4615962143338
459.60989234216515
458.7412374434047
457.8559155493704
456.95421398003737
456.0364231354975
455.10283628815637
454.15374937553077
453.18946079386217
452.21027119312487
451.21648327315455
450.20840158149207
449.1863323130483
448.15058311167996
447.1014628741599
446.03928155638954
444.96434998226454
443.87697965525695
442.7774825729776
441.6661710448213
440.54335751277335
439.4093543756067
438.26447381662854
437.1090276349047
435.94332708041713
434.767682692898
433.58240414457356
432.3878000870997
431.18417800233465
429.9718440575225
428.7511029645187
427.52225784336747
426.2856100901974
425.04145924940684
423.7901028903536
422.5318364883607
421.26695331017567
419.9957443038687
418.718497993104
417.43550037595963
416.1470348280565
414.8533820101265
413.5548197799628
412.2516231086641
410.94406400130674
409.6324114217667
408.31693122183714
406.9978860745105
405.67553541137573
404.35013536414743
403.0219387101182
401.69119482163035
400.35814961935966
399.0230455294966
397.6861214445925
396.3476126880953
395.0077509824679
0.0
0.0
0.0
0.0
0.0
0.0
0.0
0.0
0.0
0.0
0.0
0.0
0.0
0.0
0.0
0.0
0.0
0.0
0.0
0.0
0.0
0.0
0.0
0.0
0.0
360.36786945790493
359.06556981577876
357.76690966240915
356.472015459752
355.181010353462
353.8940142096929
352.61114365289455
351.33251210441773
350.05822982197435
348.7884039398062
347.52313850955636
346.2625345417606
345.0066900479042
343.75570008298627
342.5096567885683
341.26864943616647
340.0327644710849
338.8020855564903
337.57669361775896
336.3566668870836
335.142080948191
333.93300878122466
332.72952080772376
331.5316849356239
330.3395666043112
329.1532288296243
327.97273224881644
326.7981351654383
325.62949359410453
324.4668613050921
323.31028986878425
322.1598286999043
321.0155251015566
319.87742430895605
318.74556953296394
317.62000200324593
316.5007610111805
315.387883952439
314.28140636915094
313.1813619917814
312.0877827805632
311.0006989665886
309.9201390924412
308.846130052462
307.77869713250817
306.71786404935403
305.6636529895701
304.61608464796115
303.57517826557375
302.5409516671578
301.5134212981947
300.49260226142593
299.4785083528588
298.47115209735136
297.470544783592
296.4766964986396
295.4896161619627
294.50931155891806
293.5357893737764
292.5690552222211
291.6091136832885
290.6559683308609
289.70962176464445
288.77007564057664
287.83733070079626
286.9113868030717
285.9922429497365
285.07989731613
284.174347278529
283.27558944157255
282.38361966524116
281.4984330912992
280.6200241692997
279.7483866820643
278.8835137707237
278.0253979592783
277.1740311787038
276.32940479057737
275.49150961026595
274.6603359296572
273.83587353946746
273.01811175109646
272.20703941804186
271.4026449569108
270.6049163680209
269.81384125553296
269.02940684725445
268.2516000139794
267.4804072884797
266.715814884071
265.95780871283245
265.20637440344547
264.461497318635
263.72316257229045
262.9913550461963
262.26605940647437
261.54726011959696
260.83494146814604
260.1290875661985
259.42968237441875
258.7367097148253
258.0501532852311
257.36999667341337
256.69622337098406
256.0288167869547
255.3677602610544
254.7130370767146
254.06463047386197
253.4225236613845
252.7866998293732
252.1571421611345
251.5338338449041
250.9167580853811
250.3058981149977
249.70123720499836
249.10275867625987
248.51044590992683
247.92428235784806
247.34425155279246
246.77033711850413
246.2025227795245
245.64079237087802
245.0851298475639
244.5355192938677
243.99194493255166
243.45439113382335
242.92284242420956
242.39728349525237
241.87769921209104
241.3640746218634
240.8563949620479
240.3546456685977
239.85881238402877
239.36888096537047
238.88483749197837
238.40666827329628
237.93435985648222
237.46789903395822
237.00727285090082
236.5524686125743
236.10347389167174
235.6602765355338
235.2228646733383
234.79122672318647
234.3653513991687
233.94522771836765
233.53084500782296
233.12219291144842
232.71926139690757
232.3220407624756
231.93052164387046
231.54469502107244
231.16455222510265
230.79008494481445
0.0
0.0
0.0
0.0
0.0
0.0
0.0
0.0
0.0
0.0
0.0
0.0
0.0
0.0
0.0
0.0
0.0
0.0
0.0
0.0
0.0
0.0
0.0
0.0
0.0
0.0
0.0
0.0
0.0
0.0
0.0
0.0
0.0
0.0
0.0
0.0
0.0
0.0
0.0
0.0
0.0
0.0
0.0
0.0
0.0
0.0
0.0
0.0
0.0
0.0
0.0
0.0
0.0
0.0
0.0
0.0
0.0
0.0
0.0
0.0
0.0
0.0
0.0
0.0
0.0
0.0
0.0
0.0
0.0
0.0
0.0
0.0
0.0
0.0
0.0
0.0
0.0
0.0
0.0
0.0
0.0
0.0
0.0
0.0
0.0
0.0
0.0
0.0
0.0
0.0
0.0
0.0
0.0
0.0
0.0
0.0
0.0
0.0
0.0
0.0
0.0
0.0
0.0
0.0
0.0
0.0
0.0
0.0
0.0
0.0
0.0
0.0
0.0
0.0
0.0
0.0
0.0
0.0
0.0
0.0
0.0
0.0
0.0
0.0
0.0
0.0
0.0
0.0
0.0
0.0
0.0
0.0
0.0
0.0
0.0
0.0
0.0
0.0
0.0
0.0
0.0
0.0
0.0
0.0
0.0
0.0
0.0
0.0
0.0
0.0
0.0
0.0
0.0
0.0
0.0
0.0
0.0
0.0
0.0
0.0
0.0
0.0
0.0
0.0
0.0
0.0
0.0
0.0
0.0
0.0
0.0
0.0
0.0
0.0
0.0
0.0
0.0
0.0
0.0
0.0
0.0
0.0
0.0
0.0
0.0
0.0
0.0
0.0
0.0
0.0
0.0
0.0
0.0
0.0
0.0
0.0
0.0
0.0
0.0
0.0
0.0
0.0
0.0
0.0
0.0
0.0
0.0
0.0
0.0
0.0
0.0
0.0
0.0
0.0
0.0
0.0
0.0
0.0
0.0
0.0
0.0
0.0
0.0
0.0
0.0
0.0
0.0
0.0
0.0
0.0
0.0
0.0
0.0
0.0
0.0
0.0
0.0
0.0
0.0
0.0
0.0
0.0
0.0
0.0
0.0
0.0
0.0
0.0
0.0
0.0
0.0
0.0
0.0
0.0
0.0
0.0
0.0
0.0
0.0
0.0
0.0
0.0
0.0
0.0
0.0
0.0
0.0
0.0
0.0
0.0
0.0
0.0
0.0
0.0
0.0
0.0
0.0
0.0
0.0
0.0
0.0
0.0
0.0
0.0
0.0
0.0
0.0
0.0
0.0
0.0
0.0
0.0
0.0
0.0
0.0
0.0
0.0
0.0
0.0
0.0
0.0
0.0
0.0
0.0
0.0
0.0
0.0
0.0
0.0
0.0
0.0
0.0
0.0
0.0
0.0
0.0
0.0
0.0
0.0
0.0
0.0
0.0
0.0
0.0
0.0
0.0
0.0
0.0
0.0
0.0
0.0
0.0
0.0
0.0
0.0
0.0
0.0
0.0
0.0
0.0
0.0
0.0
0.0
0.0
0.0
0.0
0.0
0.0
0.0
0.0
0.0
0.0
0.0
0.0
0.0
0.0
0.0
0.0
0.0
0.0
0.0
0.0
0.0
0.0
0.0
0.0
0.0
0.0
0.0
0.0
0.0
0.0
0.0
0.0
0.0
0.0
0.0
0.0
0.0
0.0
0.0
0.0
0.0
0.0
0.0
0.0
0.0
0.0
0.0
0.0
0.0
0.0
0.0
0.0
0.0
0.0
0.0
0.0
0.0
0.0
0.0
0.0
0.0
0.0
0.0
0.0
0.0
0.0
0.0
0.0
0.0
0.0
0.0
0.0
0.0
0.0
0.0
0.0
0.0
0.0
0.0
0.0
0.0
0.0
0.0
0.0
0.0
0.0
0.0
0.0
0.0
0.0
0.0
0.0
0.0
0.0
0.0
0.0
0.0
0.0
0.0
0.0
0.0
0.0
0.0
0.0
0.0
0.0
0.0
0.0
0.0
0.0
0.0
0.0
0.0
0.0
0.0
0.0
0.0
0.0
0.0
0.0
0.0
0.0
0.0
0.0
0.0
0.0
0.0
0.0
0.0
0.0
0.0
0.0
0.0
0.0
0.0
0.0
0.0
0.0
0.0
0.0
0.0
0.0
0.0
0.0
0.0
0.0
0.0
0.0
0.0
0.0
0.0
0.0
0.0
0.0
0.0
0.0
0.0
0.0
0.0
0.0
0.0
0.0
0.0
0.0
0.0
0.0
0.0
0.0
0.0
0.0
0.0
0.0
0.0
0.0
0.0
0.0
0.0
0.0
0.0
0.0
0.0
0.0
0.0
0.0
0.0
0.0
0.0
0.0
0.0
0.0
0.0
0.0
0.0
0.0
0.0
0.0
0.0
0.0
0.0
0.0
0.0
0.0
0.0
0.0
0.0
0.0
0.0
0.0
0.0
0.0
0.0
0.0
0.0
0.0
0.0
0.0
0.0
0.0
231.47161092170398
231.64268373289568
231.81362342749654
231.98439643875972
232.15496922008373
232.32530824885706
232.49538003055153
232.6651511026995
232.83458803920723
233.00365745466513
233.17232600883807
233.34056041116008
233.50832742543886
233.67559387464607
233.84232664577516
234.0084926948009
234.17405905178015
234.3389928260682
234.50326121152665
234.66683149194077
234.8296710464568
234.99174735517872
235.15302800477602
235.31348069419374
235.4730732404902
235.63177358475093
235.78954979799954
235.9463700872776
236.10220280174502
236.2570164388986
236.41077965079745
236.56346125036112
236.71503021776476
236.8654557069254
237.01470705186696
237.1627537733847
237.3095655855451
237.45511240242885
237.59936434465862
237.7422917462071
237.88386516110558
238.0240553702718
238.1628333882313
238.3001704700032
238.43603811789998
238.57040808848978
238.70325239932362
238.8345433359117
238.96425345857423
239.09235560937265
239.21882291891998
239.34362881328744
239.46674702089243
239.58815157932037
239.7078168421229
239.82571748564413
239.94182851583025
240.0561252748939
240.16858344806957
240.27917907024832
240.38788853263677
240.4946885892929
240.5995563636263
240.7024693548702
240.803405444518
240.90234290258596
240.99926039392406
241.0941369843193
241.1869521467816
241.27768576736435
241.3663181512234
241.452830028421
241.53720255973752
241.61941734225212
241.69945641493783
241.77730226413325
241.85293782886453
241.9263465060451
241.9975121556103
242.06641910555373
242.1330521567135
242.1973965875645
242.2594381588101
242.3191631178901
242.3765582032981
242.43161064876173
242.48430818732032
242.53463905527548
242.58259199588377
242.62815626301676
242.67132162459157
242.71207836591927
242.75041729281668
242.78632973456732
242.8198075467654
242.85084311400857
242.8794293523105
242.9055597114691
242.92922817719034
242.95042927311115
242.9691580625306
242.98541015007123
242.99918168316867
243.01046935327034
243.01927039697964
243.02558259694894
243.02940428265242
243.03073433091438
243.0295721662696
243.02591776117143
243.01977163604667
243.01113485905788
243.00000904579858
242.9863963587437
242.9702995065716
242.9517217432519
242.93066686694598
242.9071392188344
242.88114368161516
242.85268567794893
242.82177116867032
242.7884066508271
242.75259915558647
242.7143562459254
242.67368601412915
242.63059707924398
242.58509858419416
242.5372001928732
242.4869120870007
242.4342449628815
242.37921002789602
242.32181899699216
242.26208408886913
242.20001802212514
242.13563401121098
242.06894576223692
241.99996746868902
241.928713806901
241.85519993153932
241.77944147079756
241.70145452162518
241.62125564468005
241.53886185927044
241.45429063811915
241.3675599020755
241.27868801461
241.18769377634314
241.09459641932222
240.9994156013522
240.90217140009236
240.80288430714197
240.70157522206094
240.598265446209
240.49297667658786
240.3857309996113
240.2765508847575
240.16545917815887
240.0524790961746
239.93763421885882
239.82094848342774
239.7024461775922
239.58215193291727
239.46009071813776
239.33628783239607
239.21076889845014
239.08355985590356
238.95468695432513
238.82417674647846
238.69205608136704
238.5583520974262
238.42309221556962
238.28630413235763
238.1480158130512
238.00825548474182
237.86705162949357
237.72443297741972
237.5804284998549
237.43506740252437
237.28837911871844
237.14039330248565
236.99113982189252
236.84064875228745
236.6889503696348
236.53607514382688
236.38205373209973
236.2269169724869
236.07069587730112
235.91342162666794
235.75512556214295
235.59583918039232
235.43559412688748
235.27442218971763
235.1123552934461
234.94942549307584
234.78566496800244
234.6211060161428
234.4557810480836
234.2897225813579
234.12296323474663
233.9555357226973
233.7874728499019
233.61880750581702
233.44957265940894
233.27980135393926
233.10952670187172
232.93878187984205
232.7676001237707
232.59601472405228
232.4240590209006
232.25176639970172
232.0791702865777
231.90630414402878
231.7332014666475
231.55989577700527
231.38642062161344
231.21280956703256
231.03909619607114
0.0
0.0
0.0
0.0
0.0
0.0
0.0
0.0
0.0
0.0
0.0
0.0
0.0
0.0
0.0
0.0
0.0
0.0
0.0
0.0
0.0
0.0
0.0
0.0
0.0
0.0
0.0
0.0
0.0
0.0
0.0
0.0
0.0
0.0
0.0
0.0
0.0
0.0
0.0
0.0
0.0
0.0
0.0
0.0
0.0
0.0
0.0
0.0
0.0
0.0
0.0
0.0
0.0
0.0
0.0
0.0
0.0
0.0
0.0
0.0
0.0
0.0
0.0
0.0
0.0
0.0
0.0
0.0
0.0
0.0
0.0
0.0
0.0
0.0
0.0
0.0
0.0
0.0
0.0
0.0
0.0
0.0
0.0
0.0
0.0
0.0
0.0
0.0
0.0
0.0
0.0
0.0
0.0
0.0
0.0
0.0
0.0
0.0
0.0
0.0
0.0
0.0
0.0
0.0
0.0
0.0
0.0
0.0
0.0
0.0
0.0
0.0
0.0
0.0
0.0
0.0
0.0
0.0
0.0
0.0
0.0
0.0
0.0
0.0
0.0
0.0
0.0
0.0
0.0
0.0
0.0
0.0
0.0
0.0
0.0
0.0
0.0
0.0
0.0
0.0
0.0
0.0
0.0
0.0
0.0
0.0
0.0
0.0
0.0
0.0
0.0
0.0
0.0
0.0
0.0
0.0
0.0
0.0
0.0
0.0
0.0
0.0
0.0
0.0
0.0
0.0
0.0
0.0
0.0
0.0
0.0
0.0
0.0
0.0
0.0
0.0
0.0
0.0
0.0
0.0
0.0
0.0
0.0
0.0
0.0
0.0
0.0
0.0
0.0
0.0
0.0
0.0
0.0
0.0
0.0
0.0
0.0
0.0
0.0
0.0
0.0
0.0
0.0
0.0
0.0
0.0
0.0
0.0
0.0
0.0
0.0
0.0
0.0
0.0
0.0
0.0
0.0
0.0
0.0
0.0
0.0
0.0
0.0
0.0
0.0
0.0
0.0
0.0
0.0
0.0
0.0
0.0
0.0
0.0
0.0
0.0
0.0
0.0
0.0
0.0
0.0
0.0
0.0
0.0
0.0
0.0
0.0
0.0
0.0
0.0
0.0
0.0
0.0
0.0
0.0
0.0
0.0
0.0
0.0
0.0
0.0
0.0
0.0
0.0
0.0
0.0
0.0
0.0
0.0
0.0
0.0
0.0
0.0
0.0
0.0
0.0
0.0
0.0
0.0
0.0
0.0
0.0
0.0
0.0
0.0
0.0
0.0
0.0
0.0
0.0
0.0
0.0
0.0
0.0
0.0
0.0
0.0
0.0
0.0
0.0
0.0
0.0
0.0
0.0
0.0
0.0
0.0
0.0
0.0
0.0
0.0
0.0
0.0
0.0
0.0
0.0
0.0
0.0
0.0
0.0
0.0
0.0
0.0
0.0
0.0
0.0
0.0
0.0
0.0
0.0
0.0
0.0
0.0
0.0
0.0
0.0
0.0
0.0
0.0
0.0
0.0
0.0
0.0
0.0
0.0
0.0
0.0
0.0
0.0
0.0
0.0
0.0
0.0
0.0
0.0
0.0
0.0
0.0
0.0
0.0
0.0
0.0
0.0
0.0
0.0
0.0
0.0
0.0
0.0
0.0
0.0
0.0
0.0
0.0
0.0
0.0
0.0
0.0
0.0
0.0
0.0
0.0
0.0
0.0
0.0
0.0
0.0
0.0
0.0
0.0
0.0
0.0
0.0
0.0
0.0
0.0
0.0
0.0
0.0
0.0
0.0
0.0
0.0
0.0
0.0
0.0
0.0
0.0
0.0
0.0
0.0
0.0
0.0
0.0
0.0
0.0
0.0
0.0
0.0
0.0
0.0
0.0
0.0
0.0
0.0
0.0
0.0
0.0
0.0
0.0
0.0
0.0
0.0
0.0
0.0
0.0
0.0
0.0
0.0
0.0
0.0
0.0
0.0
0.0
0.0
0.0
0.0
0.0
0.0
0.0
0.0
0.0
0.0
0.0
0.0
0.0
0.0
0.0
0.0
0.0
0.0
0.0
0.0
0.0
0.0
0.0
0.0
0.0
0.0
0.0
0.0
0.0
0.0
0.0
0.0
0.0
0.0
0.0
0.0
0.0
0.0
0.0
0.0
0.0
0.0
0.0
0.0
0.0
0.0
0.0
0.0
0.0
0.0
0.0
0.0
0.0
0.0
0.0
0.0
0.0
0.0
0.0
0.0
0.0
0.0
0.0
0.0
0.0
0.0
0.0
244.018012751641
244.3490139504342
244.6806159982834
245.0127729828256
245.34543866337506
245.67856647261084
246.01210951861123
246.34602058698104
246.68025214337126
247.01475633624415
247.34948499983233
247.68438965733148
248.01942152453537
248.35453151349284
248.68967023662063
249.0247880109879
249.35983486297843
249.6947605330215
250.02951448086716
250.3640458909514
250.6983036780496
251.0322364933031
251.36579273053707
251.69892053269328
252.03156779874791
252.36368219076377
252.69521114145502
253.0261018616597
253.3563013484424
253.68575639341276
254.0144135911725
254.34221934821014
254.6691198921001
254.9950612808048
255.31998941244242
255.64385003533553
255.96658875816868
256.2881510606095
256.6084823041983
256.92752774334906
257.24523253680564
257.5615417593398
257.87640041364784
258.1897534425174
258.5015457413346
258.8117221708713
259.1202275701516
259.4270067697465
259.73200460530603
260.0351659312451
260.33643563465296
260.63575864963803
260.9330799716157
261.2283446720435
261.5214979132492
261.81248496358813
262.1012512125919
262.3877421865811
262.6719035642753
262.9536811926043
263.23302110277086
263.5098695265063
263.7841729122884
264.0558779419125
264.3249315471602
264.5912809265348
264.8548735621093
265.11565723659754
265.3735800504404
265.6285904390057
265.8806371898527
266.12966946015706
266.37563679407816
266.61848914017753
266.85817686906523
267.09465079079894
267.3278621724999
267.5577627559744
267.78430477515053
268.00744097365015
268.2271246224498
268.4433095370894
268.65595009525333
268.8650012540528
269.0704185673738
269.27215820292366
269.4701769593676
269.66443228331434
269.854882286109
270.0414857604376
270.22420219701047
270.4029918007625
270.577815507103
270.7486349979534
270.9154127174056
271.0781118873425
271.23669652280927
271.391131447058
271.54138230633305
271.68741558450245
271.8291986173183
271.96669960640264
272.0998876329046
272.22873267103824
272.35320560087746
272.47327822121713
272.5889232619749
272.7001143960791
272.8068262511576
272.9090344208674
273.00671547561006
273.09984697317407
273.1884074686313
273.2723765241445
273.35173471805666
273.4264636537291
273.4965459679582
273.56196533875016
273.6227064928112
273.67875521266524
273.7300983429296
273.77672379649323
273.81862056011903
273.8557786993984
273.888189363394
273.91584478879383
273.9387383033664
273.9568643291905
273.97021838519237
273.9787970891798
273.982598159488
273.98162041600443
273.9758637808163
273.96532927805424
273.9500190336687
273.9299362743242
273.90508532589695
273.8754716115146
273.84110164911885
273.80198304834363
273.7581245070728
273.70953580746703
273.6562278114308
273.59821245557407
273.535502745857
273.46811275151686
273.39605759870426
273.3193534635474
273.23801756485875
273.15206815619337
273.0615245176971
272.96640694734043
272.86673675174313
272.76253623662177
272.65382869685897
272.5406384059922
272.42299060546435
272.3009114934633
272.17442821331343
272.04356884148297
271.9083623753895
271.7688387206284
271.6250286780355
271.47696393039394
271.3246770287156
271.1682013783144
271.0075712246916
270.842821638776
270.6739885023135
270.50110849280304
270.32421906811436
270.14335845101596
269.95856561339207
269.7698802603885
269.577342814088
269.3809943972764
269.18087681695266
268.97703254758824
268.7695047143539
268.5583370762144
268.343574008774
268.1252604872
267.90344206891274
267.67816487622383
267.4494755789339
267.2174213769096
266.9820499824853
266.7434096029491
266.5015489230023
266.2565170871595
266.00836368212174
265.7571387193226
265.50289261729296
265.2456761842218
264.9855406004883
264.7225374013085
264.4567184593527
264.18813596757803
263.91684242205537
263.64289060491484
263.36633356738673
263.0872246130932
262.8056172812561
262.52156533018484
262.23512272095644
261.9463436010496
261.65528228834563
261.361993255248
261.06653111289654
260.7689505956793
260.4693065458746
260.16765389854373
259.8640476665834
259.55854292599133
259.2511948014356
258.9420584519362
258.6311890568526
258.31864180212716
258.0044718666752
257.688734409112
257.37148455475204
257.0527773827225
256.7326679134903
256.4112110966025
256.088461798644
255.76447479152964
255.43930474106207
255.11300619570844
254.78563357573717
254.45724116257878
254.1278830884702
253.79761332640354
253.46648568038924
253.13455377589455
252.80187105069808
252.4684907460005
252.13446589772303
251.79984932822296
251.4646936382319
251.12905119911633
250.79297414536487
250.4565143674535
250.11972350489737
249.78265293968929
249.44535378992754
249.10787690381076
248.77027285385324
248.43259193140338
248.09488414147413
247.75719919777654
247.41958651808793
247.0820952199124
246.7447741163149
246.40767171212124
246.0708362003622
245.73431545893567
245.39815704758027
245.06240820510905
244.72711584684004
244.39232656236294
244.05808661349252
243.72444193248623
243.39143812052046
243.05912044640783
242.72753384552064
242.39672291898086
242.0667319330896
241.73760481893896
241.40938517228795
241.08211625366707
240.7558409886582
240.43060196842882
240.10644145046027
239.78340135949958
239.46152328869096
239.14084850092493
238.8214179303969
238.50327218433378
238.18645154492995
237.87099597147642
237.55694510265744
237.24433825903617
236.93321444574153
236.62361235527874
236.315570370565
236.00912656811255
235.7043187213658
235.40118430421984
235.09976049470603
234.80008417879483
234.50219195440874
234.20612013553986
233.91190475653784
233.61958157654556
233.3291860840708
233.04075350170442
232.75431879096732
232.46991665730943
232.18758155523554
231.90734769354177
231.6292490407295
0.0
0.0
0.0
0.0
0.0
0.0
0.0
0.0
0.0
0.0
0.0
0.0
0.0
0.0
0.0
0.0
0.0
0.0
0.0
0.0
0.0
0.0
0.0
0.0
0.0
0.0
0.0
0.0
0.0
0.0
0.0
0.0
0.0
0.0
0.0
0.0
0.0
0.0
0.0
0.0
0.0
0.0
0.0
0.0
0.0
0.0
0.0
0.0
0.0
0.0
0.0
0.0
0.0
0.0
0.0
0.0
0.0
0.0
0.0
0.0
0.0
0.0
0.0
0.0
0.0
0.0
0.0
0.0
0.0
0.0
0.0
0.0
0.0
0.0
0.0
0.0
0.0
0.0
0.0
0.0
0.0
0.0
0.0
0.0
0.0
0.0
0.0
0.0
0.0
0.0
0.0
0.0
0.0
0.0
0.0
0.0
0.0
0.0
0.0
0.0
0.0
0.0
0.0
0.0
0.0
0.0
0.0
0.0
0.0
0.0
0.0
0.0
0.0
0.0
0.0
0.0
0.0
0.0
0.0
0.0
0.0
0.0
0.0
0.0
0.0
0.0
0.0
0.0
0.0
0.0
0.0
0.0
0.0
0.0
0.0
0.0
0.0
0.0
0.0
0.0
0.0
0.0
0.0
0.0
0.0
0.0
0.0
0.0
0.0
0.0
0.0
0.0
0.0
0.0
0.0
0.0
0.0
0.0
0.0
0.0
0.0
0.0
0.0
0.0
0.0
0.0
0.0
0.0
0.0
0.0
0.0
0.0
0.0
0.0
0.0
0.0
0.0
0.0
0.0
0.0
0.0
0.0
0.0
0.0
0.0
0.0
0.0
0.0
0.0
0.0
0.0
0.0
0.0
0.0
0.0
0.0
0.0
0.0
0.0
0.0
0.0
0.0
0.0
0.0
0.0
0.0
0.0
0.0
0.0
0.0
0.0
0.0
0.0
0.0
0.0
0.0
0.0
0.0
0.0
0.0
0.0
0.0
0.0
0.0
0.0
0.0
0.0
0.0
0.0
0.0
0.0
0.0
0.0
0.0
0.0
0.0
0.0
0.0
0.0
0.0
0.0
0.0
0.0
0.0
0.0
0.0
0.0
0.0
0.0
0.0
0.0
0.0
0.0
0.0
0.0
0.0
0.0
0.0
0.0
0.0
0.0
0.0
0.0
0.0
0.0
0.0
0.0
0.0
0.0
0.0
0.0
0.0
0.0
0.0
0.0
0.0
0.0
0.0
0.0
0.0
0.0
0.0
0.0
0.0
0.0
0.0
0.0
0.0
0.0
0.0
0.0
0.0
0.0
0.0
0.0
0.0
0.0
0.0
0.0
0.0
0.0
0.0
0.0
0.0
0.0
0.0
0.0
0.0
0.0
0.0
0.0
0.0
0.0
0.0
0.0
0.0
0.0
0.0
0.0
0.0
0.0
0.0
0.0
0.0
0.0
0.0
0.0
0.0
0.0
0.0
0.0
0.0
0.0
0.0
0.0
0.0
0.0
0.0
0.0
0.0
0.0
0.0
0.0
0.0
0.0
0.0
0.0
0.0
0.0
0.0
0.0
0.0
0.0
0.0
0.0
0.0
0.0
0.0
0.0
0.0
0.0
0.0
0.0
0.0
0.0
0.0
0.0
0.0
0.0
0.0
0.0
0.0
0.0
0.0
0.0
0.0
0.0
0.0
0.0
0.0
0.0
0.0
0.0
0.0
0.0
0.0
0.0
0.0
0.0
0.0
0.0
0.0
0.0
0.0
0.0
0.0
0.0
0.0
0.0
0.0
0.0
0.0
0.0
0.0
0.0
0.0
0.0
0.0
0.0
0.0
0.0
0.0
0.0
0.0
0.0
0.0
0.0
0.0
0.0
0.0
0.0
0.0
0.0
0.0
0.0
0.0
0.0
0.0
0.0
0.0
0.0
0.0
0.0
0.0
0.0
0.0
0.0
0.0
0.0
0.0
0.0
0.0
0.0
0.0
0.0
0.0
0.0
0.0
0.0
0.0
0.0
0.0
0.0
0.0
0.0
0.0
0.0
0.0
0.0
0.0
0.0
0.0
0.0
0.0
0.0
0.0
0.0
0.0
278.98381983936054
279.561769775995
280.139584550359
280.7171818563097
281.2944785048125
281.8713904320408
282.44783270843
283.02371954846035
283.5989643208953
284.1734795599998
284.7471769774683
285.3199674749624
285.8917611575356
286.46246734769545
287.0319946003601
287.600250718638
288.1671427701301
288.73257710427737
289.2964593704864
289.85869453693044
290.4191869101428
290.9778401556999
291.5345573193068
292.08924084900366
292.64179261818254
293.1921139491192
293.7401056377581
294.2856679789838
294.8287007927819
295.36910345130786
295.90677490669475
296.44161371963264
296.97351808888317
297.5023858814218
298.0281146633528
298.55060173188167
299.0697441476559
299.5854387681355
300.0975822817385
300.6060712423926
301.1108021052754
301.6116712627692
302.10857508154885
302.6014099400621
303.0900722666722
303.57445857856175
304.05446552129285
304.5299899086403
305.00092876346764
305.4671793586505
305.9286392589921
306.38520636332424
306.8367789471148
307.28325570562725
307.7245357975563
308.1605188887424
308.59110519652336
309.0161955343978
309.435691356803
309.84949480431027
310.25750874889326
310.6596368395333
311.05578354804635
311.44585421453445
311.8297550937005
312.20739340054644
312.578677356261
312.94351623417907
313.30182040567905
313.65350138567464
313.9984718782356
314.33664582200777
314.6679384350214
314.99226625987353
315.30954720776145
315.6197006027918
315.92264722571645
316.2183093569428
316.50661081934885
316.7874770205338
317.06083499414797
317.3266134412195
317.58474277001557
317.8351551358334
318.0777844798675
318.3125665670314
318.5394390232355
318.7583413717602
318.9692150684466
319.17200353631563
319.3666521989283
319.553108512718
319.73132199839614
319.90124427128717
320.0628290702113
320.2160322856709
320.36081198637055
320.4971284448218
320.6249441616738
320.74422388850166
320.85493464954124
320.95704576208
321.05052885523224
321.1353578875578
321.2115091634261
321.2789613473532
321.3376954776572
321.3876949780479
321.428945668073
321.46143577209045
321.48515592646686
321.5000991855128
321.50626102606435
321.50363934997046
321.49223448565675
321.47204918796035
321.4430886362536
321.405360431427
321.3588745909578
321.3036435427227
321.23968211742715
321.16700753904473
321.08563941427957
320.9955997204287
320.8969127915445
320.7896053035671
320.67370625763
320.54924696220945
320.41626101403995
320.27478427706603
320.1248548607882
319.9665130969372
319.7998015147687
319.62476481533275
319.44144984446876
319.24990556450075
319.05018302489304
318.8423353316483
318.6264176157504
318.4024870005488
318.1706025679355
317.93082532372546
317.68321816208834
317.42784582893984
317.16477488458196
316.8940736654247
316.61581224499776
316.3300623942666
316.03689754103704
315.73639272888084
315.42862457544885
315.11367123009325
314.7916123309449
314.46252896172615
314.1265036077603
313.78362011195554
313.43396363007895
313.0776205859372
312.7146786262536
312.3452265752149
311.96935438882997
311.5871531093126
311.19871481908916
310.8041325949419
310.4035004620406
309.99691334793675
309.58446703682154
309.1662581234824
308.74238396773825
308.31294264893285
307.8780329205002
307.4377541648998
306.99220634882863
306.5414899785395
306.0857060558286
305.6249560339673
305.1593417743576
304.68896550352906
304.21392977045036
303.7343374044743
303.250291473781
302.7618952441717
302.2692521387355
301.7724656977119
301.2716395392473
300.7668773206993
300.25828270046344
299.74595930060116
299.23001067011506
298.7105402487927
298.18765133201924
297.66144703597325
297.132030263841
296.599503672693
296.0639696410237
295.52553023720515
294.98428718861044
294.44034185162883
293.8937951823698
293.3447477082037
292.7932995001382
292.2395501460194
291.6835987244396
291.1255437795765
290.5654832968211
290.003514679178
289.4397347245408
288.8742396037224
288.3071248393755
287.7384852856902
287.1684151088732
286.59700776847427
286.02435599951906
285.4505517954025
284.8756863916044
284.29985025015054
283.72313304490535
283.1456236476191
282.567410114689
281.98857967472856
281.40921871688334
280.8294127798398
280.2492465415993
279.66880380993064
279.0881675135644
278.50741969408176
277.9266414984371
277.34591317220423
276.7653140534797
276.1849225673871
275.6048162212622
275.0250716004685
274.4457643647623
273.86696924533777
273.2887600423915
272.71120962327785
272.13438992127743
271.55837193480636
270.9832257272421
270.40902042726475
269.8358242296471
269.2637043966137
268.6927272596142
268.12295822159786
267.5544617597732
266.9873014287177
266.4215398640008
265.85723878620155
265.2944590052972
264.73326042547865
264.17370205032523
263.61584198833214
263.05973745884535
262.50544479824924
261.95301946654894
261.40251605426783
260.85398828959995
260.3074890459081
259.76307034947905
259.22078338753784
258.68067851656656
258.14280527081104
257.6072123710701
257.07394773370646
256.54305847985114
256.01459094485386
255.4885906878969
254.96510250180887
254.4441704230805
253.92583774200835
253.4101470130414
252.89714006525526
252.3868580129774
251.87934126655938
251.37462954326568
250.8727618782839
250.37377663586395
249.87771152054486
249.38460358849392
248.89448925893825
248.4074043256766
247.9233839686813
247.4424627657653
246.96467470432458
246.49005319315012
246.01863107427556
245.55044063490445
245.0855136193715
244.62388124114656
244.16557419488902
243.71062266852348
243.2590563553525
242.810904466205
242.36619574158638
241.92495846387828
241.48722046953094
241.05300916127865
240.62235152037476
240.1952741188189
239.77180313160778
239.35196434897884
238.93578318866042
238.5232847081224
238.1144936168306
237.70943428848395
237.30813077327235
236.91060681010066
236.51688583883507
236.1269910125239
235.74094520962132
235.3587710461965
234.98049088814477
234.60612686338442
234.23570087404744
233.86923460866072
233.50674955433038
233.14826700891285
232.79380809317306
232.44339376295522
232.09704482134077
231.754781930798
0.0
0.0
0.0
0.0
0.0
0.0
0.0
0.0
0.0
0.0
0.0
0.0
0.0
0.0
0.0
0.0
0.0
0.0
0.0
0.0
0.0
0.0
0.0
0.0
0.0
0.0
0.0
0.0
0.0
0.0
0.0
0.0
0.0
0.0
0.0
0.0
0.0
0.0
0.0
0.0
0.0
0.0
0.0
0.0
0.0
0.0
0.0
0.0
0.0
0.0
0.0
0.0
0.0
0.0
0.0
0.0
0.0
0.0
0.0
0.0
0.0
0.0
0.0
0.0
0.0
0.0
0.0
0.0
0.0
0.0
0.0
0.0
0.0
0.0
0.0
0.0
0.0
0.0
0.0
0.0
0.0
0.0
0.0
0.0
0.0
0.0
0.0
0.0
0.0
0.0
0.0
0.0
0.0
0.0
0.0
0.0
0.0
0.0
0.0
0.0
0.0
0.0
0.0
0.0
0.0
0.0
0.0
0.0
0.0
0.0
0.0
0.0
0.0
0.0
0.0
0.0
0.0
0.0
0.0
0.0
0.0
0.0
0.0
0.0
0.0
0.0
0.0
0.0
0.0
0.0
0.0
0.0
0.0
0.0
0.0
0.0
0.0
0.0
0.0
0.0
0.0
0.0
0.0
0.0
0.0
0.0
0.0
0.0
0.0
0.0
0.0
0.0
0.0
0.0
0.0
0.0
0.0
0.0
0.0
0.0
0.0
0.0
0.0
0.0
0.0
0.0
0.0
0.0
0.0
0.0
0.0
0.0
0.0
0.0
0.0
0.0
0.0
0.0
0.0
0.0
0.0
0.0
0.0
0.0
0.0
0.0
0.0
0.0
0.0
0.0
0.0
0.0
0.0
0.0
0.0
0.0
0.0
0.0
0.0
0.0
0.0
0.0
0.0
0.0
0.0
0.0
0.0
0.0
0.0
0.0
0.0
0.0
0.0
0.0
0.0
0.0
0.0
0.0
0.0
0.0
0.0
0.0
0.0
0.0
0.0
0.0
0.0
0.0
0.0
0.0
0.0
0.0
0.0
0.0
0.0
0.0
0.0
0.0
0.0
0.0
0.0
0.0
0.0
0.0
0.0
0.0
0.0
0.0
0.0
0.0
0.0
0.0
0.0
0.0
0.0
0.0
0.0
0.0
0.0
0.0
0.0
0.0
0.0
0.0
0.0
0.0
0.0
0.0
0.0
0.0
0.0
0.0
0.0
0.0
0.0
0.0
0.0
0.0
0.0
0.0
0.0
0.0
0.0
0.0
0.0
0.0
0.0
0.0
0.0
0.0
0.0
0.0
0.0
0.0
0.0
0.0
0.0
0.0
0.0
0.0
0.0
0.0
0.0
0.0
0.0
0.0
0.0
0.0
0.0
0.0
0.0
0.0
0.0
0.0
0.0
0.0
0.0
0.0
0.0
0.0
0.0
0.0
0.0
0.0
0.0
0.0
0.0
0.0
0.0
0.0
0.0
0.0
0.0
0.0
0.0
0.0
0.0
0.0
0.0
0.0
0.0
0.0
0.0
0.0
0.0
0.0
0.0
0.0
0.0
0.0
0.0
0.0
0.0
0.0
0.0
0.0
0.0
0.0
0.0
0.0
0.0
0.0
0.0
0.0
0.0
0.0
0.0
0.0
0.0
0.0
0.0
0.0
0.0
0.0
0.0
0.0
0.0
0.0
0.0
0.0
0.0
0.0
0.0
0.0
0.0
0.0
0.0
0.0
0.0
0.0
0.0
0.0
0.0
0.0
0.0
0.0
0.0
0.0
0.0
0.0
0.0
0.0
0.0
0.0
0.0
0.0
0.0
0.0
0.0
0.0
0.0
0.0
0.0
0.0
0.0
0.0
0.0
0.0
0.0
0.0
0.0
0.0
0.0
0.0
0.0
0.0
0.0
0.0
0.0
0.0
0.0
0.0
0.0
0.0
0.0
0.0
0.0
0.0
0.0
0.0
0.0
0.0
0.0
0.0
0.0
0.0
0.0
0.0
0.0
0.0
0.0
0.0
0.0
0.0
0.0
0.0
339.9499415000625
340.8638593120238
341.7749241307328
342.6829555356283
343.5877713558288
344.4891877189446
345.38701910166077
346.28107838343743
347.171176902008
348.0571245117713
348.93872964458296
349.8157993728098
350.6881394750634
351.55555450412646
352.4178478578256
353.274821851741
354.1262777947676
354.9720160671125
355.81183620024353
356.64553695982215
357.472916430581
358.29377210328414
359.10790096486056
359.9150995896481
360.71516423375226
361.5078909307454
362.29307559038483
363.0705140982396
363.8400024181568
364.60133669641544
365.35431336728834
366.0987292610206
366.8343817128096
367.56106867374893
368.27858882351705
368.9867416835362
369.6853277325738
370.3741485225858
371.05300679642943
371.72170660587807
372.3800534309529
373.02785429996607
373.6649179099766
374.2910547479719
374.90607721221005
375.5097997340396
376.10203889986906
376.6826135726966
377.2513450141339
377.8080570054248
378.35257596869434
378.8847310871787
379.404354424702
379.91128104475615
380.4053491279034
380.88640008851803
381.354278689911
381.8088331582487
382.2499152945826
382.6773805850934
383.0910883098464
383.4909016488284
383.87668778646673
384.24831801314343
384.6056678245988
384.9486170189103
385.2770497898416
385.5908548183428
385.8899253601628
386.17415933075307
386.44345938688025
386.69773300439164
386.9368925530522
387.16085536731134
387.3695438133145
387.56288535248893
387.74081260056
387.90326338317954
388.05018078679376
388.18151320593995
388.29721438567265
388.39724346002004
388.4815649862242
388.5501489737431
388.6029709097477
388.6400117792706
388.6612580812521
388.6667018399572
388.65634061141986
388.63017748580603
388.58822108458946
388.5304855536599
620.4599494826895
620.4826596840321
620.4889645161193
620.478879667153
620.4524263715766
620.4096313784585
620.3505269159888
620.27515065154
620.1835456472552
620.075760311805
619.9518483477113
619.8118686949393
619.6558854703729
619.4839679034535
619.2961902683043
619.0926318118945
618.8733766790374
618.6385138336541
618.3881369770793
618.1223444628966
617.8412392089514
617.544928606517
617.2335244263413
616.907142722526
616.5659037335229
616.2099317810181
615.8393551665649
615.4543060660039
615.0549204221901
614.6413378357911
614.2137014544779
613.7721578606972
613.3168569580732
612.8479518566894
612.3655987571756
611.8699568341808
611.3611881187624
610.8394573805037
610.3049320089449
609.7577818948091
609.1981793110835
608.6262987939028
608.0423170237304
607.4464127066278
606.8387664558988
606.2195606742846
605.5889794366526
604.9472083735355
604.2944345553564
603.6308463777648
602.9566334478674
602.2719864717508
601.57709714321
600.8721580337766
600.1573624843264
599.432904498069
598.6989786352983
597.9557799097237
597.2035036866324
596.4423455828967
595.6725013688533
594.8941668721853
594.1075378837801
593.3128100657367
592.5101788614345
591.6998394078098
590.8819864498354
590.0568142572239
589.2245165434458
588.3852863870136
587.5393161551287
586.6867974296565
585.8279209354711
584.9628764711763
584.0918528422205
583.2150377963792
582.3326179616602
581.4447787865821
580.551704482832
579.6535779703187
578.7505808245921
577.8428932266083
576.9306939148345
576.0141601396738
575.0934676201961
574.1687905031486
573.2403013241917
572.3081709713688
571.3725686507985
570.4336618544626
569.4916163301941
568.5465960536935
567.5987632026449
566.6482781328464
565.6952993562763
564.7399835211681
563.7824853939161
562.8229578428909
561.8615518240474
560.8984163682591
559.9336985704733
558.9675435804426
558.0000945951873
557.031492852965
556.0618776288223
555.0913862316752
554.1201540027448
553.1483143155353
552.1759985770249
551.2033362303018
550.2304547583769
549.2574796892321
548.2845346021029
547.3117411348175
546.3392189922664
545.3670859559008
544.3954578942514
543.4244487743733
542.4541706741959
541.4847337958169
540.5162464795135
539.5488152186742
538.5825446753382
537.6175376965964
536.6538953315616
535.691716848967
534.7310997554715
533.7721398144021
532.8149310651224
531.8595658428135
530.9061347988124
529.9547269212629
529.0054295562845
528.0583284294307
527.1135076674691
526.1710498205834
525.2310358847051
524.2935453242187
523.3586560948243
522.4264446666631
521.496986047569
520.5703538064708
519.6466200970013
518.7258556811094
517.8081299528917
516.8935109623189
515.9820654392277
515.0738588171794
514.1689552573658
513.2674176725951
512.369307751138
511.47468598066087
510.5836116720344
509.69614298304487
508.81233694220083
507.9322494722332
507.0559354136817
506.1834485482282
505.31484162204265
504.4501663688912
503.5894735331516
502.73281289269653
501.88023328159363
268.4063408117962
267.6716852016645
266.9420679818494
266.2175148375322
265.498050488651
264.7836987147254
264.07448237951195
263.37042345541244
262.67154304765586
261.9778614182882
261.289398009882
260.60617146906367
259.9281996697647
259.25549973624635
258.5880880659019
257.9259803517755
257.2691916048865
256.6177361762509
255.97162777872023
255.33087950851947
254.6955038665636
254.06551277952
253.44091762063405
252.82172923031425
252.20795793643057
251.59961357442575
250.99670550715962
250.39924264448806
249.80723346267044
249.22068602344652
248.63960799298508
248.06400666050982
247.4938889567609
246.92926147219288
246.3701304749585
245.8165019287065
245.268381510085
244.72577462613802
244.18868643139447
243.65712184482854
243.13108556656275
242.61058209441833
242.09561574024409
241.58619064606603
241.08231080005746
240.58398005233227
240.09120213055812
239.60398065539263
239.12231915578081
238.64622108406704
238.17568983095484
237.71072874035008
237.25134112399985
236.79753027606893
236.34929948750977
235.90665206035936
235.4695913218906
235.0381206386328
234.61224343032796
234.19196318373133
233.777283466349
233.36820794006158
232.9647403746866
232.56688466143197
0.0
0.0
0.0
0.0
0.0
0.0
0.0
0.0
0.0
0.0
0.0
0.0
0.0
0.0
0.0
0.0
0.0
0.0
0.0
0.0
0.0
0.0
0.0
0.0
0.0
0.0
0.0
0.0
0.0
0.0
0.0
0.0
0.0
0.0
0.0
0.0
0.0
0.0
0.0
0.0
0.0
0.0
0.0
0.0
0.0
0.0
0.0
0.0
0.0
0.0
0.0
0.0
0.0
0.0
0.0
0.0
0.0
0.0
0.0
0.0
0.0
0.0
0.0
0.0
0.0
0.0
0.0
0.0
0.0
0.0
0.0
0.0
0.0
0.0
0.0
0.0
0.0
0.0
0.0
0.0
0.0
0.0
0.0
0.0
0.0
0.0
0.0
0.0
0.0
0.0
0.0
0.0
0.0
0.0
0.0
0.0
0.0
0.0
0.0
0.0
0.0
0.0
0.0
0.0
0.0
0.0
0.0
0.0
0.0
0.0
0.0
0.0
0.0
0.0
0.0
0.0
0.0
0.0
0.0
0.0
0.0
0.0
0.0
0.0
0.0
0.0
0.0
0.0
0.0
0.0
0.0
0.0
0.0
0.0
0.0
0.0
0.0
0.0
0.0
0.0
0.0
0.0
0.0
0.0
0.0
0.0
0.0
0.0
0.0
0.0
0.0
0.0
0.0
0.0
0.0
0.0
0.0
0.0
0.0
0.0
0.0
0.0
0.0
0.0
0.0
0.0
0.0
0.0
0.0
0.0
0.0
0.0
0.0
0.0
0.0
0.0
0.0
0.0
0.0
0.0
0.0
0.0
0.0
0.0
0.0
0.0
0.0
0.0
0.0
0.0
0.0
0.0
0.0
0.0
0.0
0.0
0.0
0.0
0.0
0.0
0.0
0.0
0.0
0.0
0.0
0.0
0.0
0.0
0.0
0.0
0.0
0.0
0.0
0.0
0.0
0.0
0.0
0.0
0.0
0.0
0.0
0.0
0.0
0.0
0.0
0.0
0.0
0.0
0.0
0.0
0.0
0.0
0.0
0.0
0.0
0.0
0.0
0.0
0.0
0.0
0.0
0.0
0.0
0.0
0.0
0.0
0.0
0.0
0.0
0.0
0.0
0.0
0.0
0.0
0.0
0.0
0.0
0.0
0.0
0.0
0.0
0.0
0.0
0.0
0.0
0.0
0.0
0.0
0.0
0.0
0.0
232.60916393265705
233.02164022076246
233.44087557216224
233.86687964416262
234.2996625742086
234.73923496870285
235.18560789186543
235.63879285441908
236.09880180238594
236.56564710566866
237.03934154672368
237.5198983089861
238.00733096543837
238.50165346678844
239.0028801298562
239.5110256255893
240.02610496711512
240.54813349763765
241.07712687808436
241.61310107477365
242.15607234676568
242.7060572331578
243.26307254007583
243.82713532764708
244.39826289657543
244.9764727746972
245.56178270314226
246.1542106223737
246.75377465804104
247.36049310634525
247.97438441944692
248.59546719033548
249.22376013765444
249.85928208999138
250.50205197011323
251.15208877864754
251.8094115776677
252.4740394737208
253.1459916007325
253.825287102347
254.51194511403702
255.20598474483504
255.90742505851597
256.61628505468724
257.3325836490438
258.05633965363813
258.7875717563466
259.5262985002031
260.27253826197415
261.026309230568
261.78762938466366
262.5565164701255
263.33298797673086
264.11706111438355
264.9087527889953
265.7080795775285
266.51505770282347
267.3297030075207
268.1520309277536
268.98205646599456
269.81979416345746
270.66525807178516
271.5184617242129
272.3794181061637
273.2481396249507
274.12463807917777
275.0089246271244
275.9010097548944
276.8009032433426
277.7086141348956
278.62415069909446
279.547520398067
280.4787298506532
281.41778479630693
282.3646900579655
283.3194495043255
284.2820660112601
285.25254142260303
286.23087651018835
287.21707093290047
288.2111231953
289.21303060507245
290.22278923022776
291.2403938548249
292.2658379346271
293.29911355138665
294.34021136680246
295.3891205753015
296.4458288562776
297.5103223255364
298.5825854858104
299.6626011766307
300.7503505232614
301.84581288516677
302.948965803282
304.0597849470141
305.17824405998607
306.3043149055283
307.43796721110095
308.5791686121711
309.72788459527135
310.8840784405035
312.0477111634605
313.21874145602914
314.3971256273268
315.5828175433796
316.7757685665818
317.97592749436404
319.18324049774617
320.39765105884794
321.619099908549
322.8475249631423
324.08286126114706
325.3250408994458
326.5739929690793
327.82964349121016
329.09191535229826
330.36072823972523
331.6359985767164
0.0
0.0
0.0
0.0
0.0
0.0
0.0
0.0
0.0
0.0
0.0
0.0
0.0
0.0
0.0
0.0
0.0
0.0
0.0
0.0
0.0
0.0
0.0
0.0
0.0
0.0
0.0
0.0
0.0
0.0
0.0
0.0
0.0
0.0
0.0
0.0
0.0
0.0
0.0
0.0
0.0
0.0
0.0
0.0
0.0
0.0
0.0
0.0
0.0
0.0
0.0
0.0
0.0
0.0
0.0
0.0
0.0
0.0
0.0
0.0
0.0
0.0
0.0
0.0
0.0
0.0
0.0
0.0
0.0
0.0
0.0
0.0
0.0
0.0
0.0
0.0
0.0
0.0
0.0
0.0
0.0
0.0
0.0
0.0
0.0
0.0
0.0
0.0
0.0
0.0
0.0
0.0
0.0
0.0
0.0
0.0
0.0
0.0
0.0
0.0
0.0
0.0
0.0
0.0
0.0
0.0
0.0
0.0
0.0
0.0
0.0
0.0
0.0
0.0
0.0
0.0
0.0
0.0
0.0
0.0
0.0
0.0
0.0
0.0
0.0
0.0
0.0
0.0
0.0
0.0
0.0
0.0
0.0
0.0
0.0
0.0
0.0
0.0
0.0
0.0
0.0
0.0
0.0
0.0
0.0
0.0
0.0
0.0
0.0
0.0
0.0
0.0
0.0
0.0
0.0
0.0
0.0
0.0
0.0
0.0
0.0
0.0
0.0
0.0
0.0
0.0
0.0
0.0
0.0
0.0
0.0
0.0
0.0
0.0
0.0
0.0
0.0
0.0
0.0
0.0
0.0
0.0
0.0
0.0
0.0
0.0
0.0
0.0
0.0
0.0
0.0
0.0
0.0
0.0
0.0
0.0
0.0
0.0
0.0
0.0
0.0
0.0
0.0
0.0
0.0
0.0
0.0
0.0
0.0
0.0
0.0
0.0
0.0
0.0
0.0
0.0
0.0
0.0
0.0
0.0
0.0
0.0
0.0
0.0
0.0
0.0
0.0
0.0
0.0
0.0
0.0
0.0
0.0
0.0
0.0
0.0
0.0
0.0
0.0
0.0
0.0
0.0
0.0
0.0
0.0
0.0
0.0
0.0
0.0
0.0
0.0
0.0
0.0
0.0
0.0
0.0
0.0
0.0
0.0
0.0
0.0
0.0
0.0
0.0
0.0
0.0
0.0
0.0
0.0
0.0
0.0
0.0
0.0
0.0
0.0
0.0
0.0
0.0
0.0
0.0
0.0
0.0
0.0
0.0
0.0
0.0
0.0
0.0
0.0
0.0
0.0
0.0
0.0
0.0
0.0
0.0
0.0
0.0
0.0
0.0
0.0
0.0
0.0
0.0
0.0
0.0
0.0
0.0
0.0
0.0
0.0
0.0
0.0
0.0
0.0
0.0
0.0
0.0
0.0
0.0
0.0
0.0
0.0
0.0
0.0
0.0
0.0
0.0
0.0
0.0
0.0
0.0
0.0
0.0
0.0
0.0
0.0
0.0
0.0
0.0
0.0
0.0
0.0
0.0
0.0
0.0
0.0
0.0
0.0
0.0
0.0
0.0
0.0
0.0
0.0
0.0
0.0
0.0
0.0
0.0
0.0
0.0
0.0
0.0
0.0
0.0
0.0
0.0
0.0
0.0
0.0
0.0
0.0
0.0
0.0
0.0
0.0
0.0
0.0
0.0
0.0
0.0
0.0
0.0
0.0
0.0
0.0
0.0
0.0
0.0
0.0
0.0
0.0
0.0
0.0
0.0
0.0
0.0
0.0
0.0
0.0
0.0
0.0
0.0
0.0
0.0
0.0
0.0
0.0
0.0
0.0
0.0
0.0
0.0
0.0
0.0
0.0
0.0
0.0
0.0
0.0
0.0
0.0
0.0
0.0
0.0
0.0
0.0
0.0
0.0
0.0
0.0
0.0
0.0
0.0
0.0
0.0
0.0
0.0
0.0
0.0
0.0
0.0
0.0
0.0
0.0
0.0
0.0
0.0
0.0
0.0
0.0
0.0
0.0
0.0
0.0
0.0
0.0
0.0
0.0
0.0
0.0
0.0
0.0
0.0
0.0
0.0
0.0
0.0
0.0
0.0
0.0
0.0
0.0
0.0
0.0
0.0
0.0
0.0
0.0
0.0
0.0
0.0
0.0
0.0
0.0
0.0
0.0
0.0
0.0
0.0
0.0
0.0
0.0
0.0
0.0
0.0
0.0
0.0
0.0
0.0
0.0
0.0
0.0
0.0
0.0
0.0
0.0
0.0
0.0
0.0
0.0
0.0
0.0
0.0
0.0
0.0
0.0
0.0
0.0
0.0
0.0
0.0
0.0
0.0
0.0
0.0
0.0
0.0
0.0
0.0
0.0
0.0
0.0
0.0
0.0
0.0
0.0
0.0
0.0
0.0
0.0
0.0
0.0
0.0
0.0
0.0
0.0
0.0
0.0
0.0
0.0
0.0
0.0
0.0
0.0
0.0
0.0
0.0
0.0
0.0
0.0
0.0
0.0
0.0
0.0
0.0
0.0
0.0
0.0
0.0
0.0
0.0
0.0
0.0
0.0
0.0
0.0
0.0
0.0
0.0
0.0
0.0
0.0
0.0
0.0
0.0
0.0
0.0
0.0
0.0
0.0
0.0
0.0
0.0
0.0
0.0
0.0
0.0
0.0
0.0
0.0
0.0
0.0
0.0
0.0
0.0
0.0
0.0
0.0
0.0
0.0
0.0
0.0
0.0
0.0
0.0
0.0
0.0
0.0
0.0
0.0
0.0
0.0
0.0
0.0
0.0
0.0
0.0
0.0
0.0
0.0
0.0
0.0
0.0
0.0
0.0
0.0
0.0
0.0
0.0
0.0
0.0
0.0
0.0
0.0
0.0
0.0
0.0
0.0
0.0
0.0
0.0
0.0
0.0
0.0
0.0
0.0
0.0
0.0
0.0
0.0
0.0
0.0
0.0
0.0
0.0
0.0
0.0
0.0
0.0
0.0
0.0
0.0
0.0
0.0
0.0
0.0
0.0
0.0
0.0
0.0
0.0
0.0
0.0
0.0
0.0
0.0
0.0
0.0
0.0
0.0
0.0
0.0
0.0
0.0
0.0
0.0
0.0
0.0
0.0
0.0
0.0
0.0
0.0
0.0
0.0
0.0
0.0
0.0
0.0
0.0
0.0
0.0
0.0
0.0
0.0
0.0
0.0
0.0
0.0
0.0
0.0
0.0
0.0
0.0
0.0
0.0
0.0
0.0
0.0
0.0
0.0
0.0
0.0
0.0
0.0
0.0
0.0
0.0
0.0
0.0
0.0
0.0
0.0
0.0
0.0
0.0
0.0
0.0
0.0
0.0
0.0
0.0
0.0
0.0
0.0
0.0
0.0
0.0
0.0
0.0
0.0
0.0
0.0
0.0
0.0
0.0
0.0
0.0
0.0
0.0
0.0
0.0
0.0
0.0
0.0
0.0
0.0
0.0
0.0
0.0
0.0
0.0
0.0
0.0
0.0
0.0
0.0
0.0
0.0
0.0
0.0
0.0
0.0
0.0
0.0
0.0
0.0
0.0
0.0
0.0
0.0
0.0
0.0
0.0
0.0
0.0
0.0
0.0
0.0
0.0
0.0
0.0
0.0
0.0
0.0
0.0
0.0
0.0
0.0
0.0
0.0
0.0
0.0
0.0
0.0
0.0
0.0
0.0
0.0
0.0
0.0
0.0
0.0
0.0
0.0
0.0
0.0
0.0
0.0
0.0
0.0
0.0
0.0
0.0
0.0
0.0
0.0
0.0
0.0
0.0
0.0
0.0
0.0
0.0
0.0
0.0
0.0
0.0
0.0
0.0
0.0
0.0
0.0
0.0
0.0
0.0
0.0
0.0
0.0
0.0
0.0
0.0
0.0
0.0
0.0
0.0
0.0
0.0
0.0
0.0
0.0
0.0
0.0
0.0
0.0
0.0
0.0
0.0
0.0
0.0
0.0
0.0
0.0
0.0
0.0
0.0
0.0
0.0
0.0
0.0
0.0
0.0
0.0
0.0
0.0
0.0
0.0
0.0
0.0
0.0
0.0
0.0
0.0
0.0
0.0
0.0
0.0
0.0
0.0
0.0
0.0
0.0
0.0
0.0
0.0
0.0
0.0
0.0
0.0
0.0
0.0
0.0
0.0
0.0
0.0
0.0
0.0
0.0
0.0
0.0
0.0
0.0
0.0
0.0
0.0
0.0
0.0
0.0
0.0
0.0
0.0
0.0
0.0
0.0
0.0
0.0
0.0
0.0
0.0
0.0
0.0
0.0
0.0
0.0
0.0
0.0
0.0
0.0
0.0
0.0
0.0
0.0
0.0
0.0
0.0
0.0
0.0
0.0
0.0
0.0
0.0
0.0
0.0
0.0
0.0
0.0
0.0
0.0
0.0
0.0
0.0
0.0
0.0
0.0
0.0
0.0
0.0
0.0
0.0
0.0
0.0
0.0
0.0
0.0
0.0
0.0
0.0
0.0
0.0
0.0
0.0
0.0
0.0
0.0
0.0
0.0
0.0
0.0
0.0
0.0
0.0
0.0
0.0
0.0
0.0
0.0
0.0
0.0
0.0
0.0
0.0
0.0
0.0
0.0
0.0
0.0
0.0
0.0
0.0
0.0
0.0
0.0
0.0
0.0
0.0
0.0
0.0
0.0
0.0
0.0
0.0
0.0
0.0
0.0
0.0
0.0
0.0
0.0
0.0
0.0
0.0
0.0
0.0
0.0
0.0
0.0
0.0
0.0
0.0
0.0
0.0
0.0
0.0
0.0
0.0
0.0
0.0
0.0
0.0
0.0
0.0
0.0
0.0
0.0
0.0
0.0
0.0
0.0
0.0
0.0
0.0
0.0
0.0
0.0
0.0
0.0
0.0
0.0
0.0
0.0
0.0
0.0
0.0
0.0
0.0
0.0
0.0
0.0
0.0
0.0
0.0
0.0
0.0
0.0
0.0
0.0
0.0
0.0
0.0
0.0
0.0
0.0
0.0
0.0
0.0
0.0
0.0
0.0
0.0
0.0
0.0
0.0
0.0
0.0
0.0
0.0
0.0
0.0
0.0
0.0
0.0
0.0
0.0
0.0
0.0
0.0
0.0
0.0
0.0
0.0
0.0
0.0
0.0
0.0
0.0
0.0
0.0
0.0
0.0
0.0
0.0
0.0
0.0
0.0
0.0
0.0
0.0
0.0
0.0
0.0
0.0
0.0
0.0
0.0
0.0
0.0
0.0
0.0
0.0
0.0
0.0
0.0
0.0
0.0
0.0
0.0
0.0
0.0
0.0
0.0
0.0
0.0
0.0
0.0
0.0
0.0
0.0
0.0
0.0
0.0
0.0
0.0
0.0
0.0
0.0
0.0
0.0
0.0
0.0
0.0
0.0
0.0
0.0
0.0
0.0
0.0
0.0
0.0
0.0
0.0
0.0
0.0
0.0
0.0
0.0
0.0
0.0
0.0
0.0
0.0
0.0
0.0
0.0
0.0
0.0
0.0
0.0
0.0
0.0
0.0
0.0
0.0
0.0
0.0
0.0
0.0
0.0
0.0
0.0
0.0
0.0
0.0
0.0
0.0
0.0
0.0
0.0
0.0
0.0
0.0
0.0
0.0
0.0
0.0
0.0
0.0
0.0
0.0
0.0
0.0
0.0
0.0
0.0
0.0
0.0
0.0
0.0
0.0
0.0
0.0
0.0
0.0
0.0
0.0
0.0
0.0
0.0
0.0
0.0
0.0
0.0
0.0
0.0
0.0
0.0
0.0
0.0
0.0
0.0
0.0
0.0
0.0
0.0
0.0
0.0
0.0
0.0
0.0
0.0
0.0
0.0
0.0
0.0
0.0
0.0
0.0
0.0
0.0
0.0
0.0
0.0
0.0
0.0
0.0
0.0
0.0
0.0
0.0
0.0
0.0
0.0
0.0
0.0
0.0
0.0
0.0
0.0
0.0
0.0
0.0
0.0
0.0
0.0
0.0
0.0
0.0
0.0
0.0
0.0
0.0
0.0
0.0
0.0
0.0
0.0
0.0
0.0
0.0
0.0
0.0
0.0
0.0
0.0
0.0
0.0
0.0
0.0
0.0
0.0
0.0
0.0
0.0
0.0
0.0
0.0
0.0
0.0
0.0
0.0
0.0
0.0
0.0
0.0
0.0
0.0
0.0
0.0
0.0
0.0
0.0
0.0
0.0
0.0
0.0
0.0
0.0
0.0
0.0
0.0
0.0
0.0
0.0
0.0
0.0
0.0
0.0
0.0
0.0
0.0
0.0
0.0
0.0
0.0
0.0
0.0
0.0
0.0
0.0
0.0
0.0
0.0
0.0
0.0
0.0
0.0
0.0
0.0
0.0
0.0
0.0
0.0
0.0
0.0
0.0
0.0
0.0
0.0
0.0
0.0
0.0
0.0
0.0
0.0
0.0
0.0
0.0
0.0
0.0
0.0
0.0
0.0
0.0
0.0
0.0
0.0
0.0
0.0
0.0
0.0
0.0
0.0
0.0
0.0
0.0
0.0
0.0
0.0
0.0
0.0
0.0
0.0
0.0
0.0
0.0
0.0
0.0
0.0
0.0
0.0
0.0
0.0
0.0
0.0
0.0
0.0
0.0
0.0
0.0
0.0
0.0
0.0
0.0
0.0
0.0
0.0
0.0
0.0
0.0
0.0
0.0
0.0
0.0
0.0
0.0
0.0
0.0
0.0
0.0
0.0
0.0
0.0
0.0
0.0
0.0
0.0
0.0
0.0
0.0
0.0
0.0
0.0
0.0
0.0
0.0
0.0
0.0
0.0
0.0
0.0
0.0
0.0
0.0
0.0
0.0
0.0
0.0
0.0
0.0
0.0
0.0
0.0
0.0
0.0
0.0
0.0
0.0
0.0
0.0
0.0
0.0
0.0
0.0
0.0
0.0
0.0
0.0
0.0
0.0
0.0
0.0
0.0
0.0
0.0
0.0
0.0
0.0
0.0
0.0
0.0
0.0
0.0
0.0
0.0
0.0
0.0
0.0
0.0
0.0
0.0
0.0
0.0
0.0
0.0
0.0
0.0
0.0
0.0
0.0
0.0
0.0
0.0
0.0
0.0
0.0
0.0
0.0
0.0
0.0
0.0
0.0
0.0
0.0
0.0
0.0
0.0
0.0
0.0
0.0
0.0
0.0
0.0
0.0
0.0
0.0
0.0
0.0
0.0
0.0
0.0
0.0
0.0
0.0
0.0
0.0
0.0
0.0
0.0
0.0
0.0
0.0
0.0
0.0
0.0
0.0
0.0
0.0
0.0
0.0
0.0
0.0
0.0
0.0
0.0
0.0
0.0
0.0
0.0
0.0
0.0
0.0
0.0
0.0
0.0
0.0
0.0
0.0
0.0
0.0
0.0
0.0
0.0
0.0
0.0
0.0
0.0
0.0
0.0
0.0
0.0
0.0
0.0
0.0
0.0
0.0
0.0
0.0
0.0
0.0
0.0
0.0
0.0
0.0
0.0
0.0
0.0
0.0
0.0
0.0
0.0
0.0
0.0
0.0
0.0
0.0
0.0
0.0
0.0
0.0
0.0
0.0
0.0
0.0
0.0
0.0
0.0
0.0
0.0
0.0
0.0
0.0
0.0
0.0
0.0
0.0
0.0
0.0
0.0
0.0
0.0
0.0
0.0
0.0
0.0
0.0
0.0
0.0
0.0
0.0
0.0
0.0
0.0
0.0
0.0
0.0
0.0
0.0
0.0
0.0
0.0
0.0
0.0
0.0
0.0
0.0
0.0
0.0
0.0
0.0
0.0
0.0
0.0
0.0
0.0
0.0
0.0
0.0
0.0
0.0
0.0
0.0
0.0
0.0
0.0
0.0
0.0
0.0
0.0
0.0
0.0
0.0
0.0
0.0
0.0
0.0
0.0
0.0
0.0
0.0
0.0
0.0
0.0
0.0
0.0
0.0
0.0
0.0
0.0
0.0
0.0
0.0
0.0
0.0
0.0
0.0
0.0
0.0
0.0
0.0
0.0
0.0
0.0
0.0
0.0
0.0
0.0
0.0
0.0
0.0
0.0
0.0
0.0
0.0
0.0
0.0
0.0
0.0
0.0
0.0
0.0
0.0
0.0
0.0
0.0
0.0
0.0
0.0
0.0
0.0
0.0
0.0
0.0
0.0
0.0
0.0
0.0
0.0
0.0
0.0
0.0
0.0
0.0
0.0
0.0
0.0
0.0
0.0
0.0
0.0
0.0
0.0
0.0
0.0
0.0
0.0
0.0
0.0
0.0
0.0
0.0
0.0
0.0
0.0
0.0
0.0
0.0
0.0
0.0
0.0
0.0
0.0
0.0
0.0
0.0
0.0
0.0
0.0
0.0
0.0
0.0
0.0
0.0
0.0
0.0
0.0
0.0
0.0
0.0
0.0
0.0
0.0
0.0
0.0
0.0
0.0
0.0
0.0
0.0
0.0
0.0
0.0
0.0
0.0
0.0
0.0
0.0
0.0
0.0
0.0
0.0
0.0
0.0
0.0
0.0
0.0
0.0
0.0
0.0
0.0
0.0
0.0
0.0
0.0
0.0
0.0
0.0
0.0
0.0
0.0
0.0
0.0
0.0
0.0
0.0
0.0
0.0
0.0
0.0
0.0
0.0
0.0
0.0
0.0
0.0
0.0
0.0
0.0
0.0
0.0
0.0
0.0
0.0
0.0
0.0
0.0
0.0
0.0
0.0
0.0
0.0
0.0
0.0
0.0
0.0
0.0
0.0
0.0
0.0
0.0
0.0
0.0
0.0
0.0
0.0
0.0
0.0
0.0
0.0
0.0
0.0
0.0
0.0
0.0
0.0
0.0
0.0
0.0
0.0
0.0
0.0
0.0
0.0
0.0
0.0
0.0
0.0
0.0
0.0
0.0
0.0
0.0
0.0
0.0
0.0
0.0
0.0
0.0
0.0
0.0
0.0
0.0
0.0
0.0
231.8153477820124
232.0193676622675
232.2237652867848
232.42850357801723
232.6335453805804
232.83885346364704
233.04439052350514
233.25011918622485
233.4560020105639
233.66200149094598
233.8680800607366
234.07420009543728
234.28032391630038
234.48641379394712
234.6924319521393
234.89834057181878
235.10410179519283
235.30967772997695
235.5150304539422
235.7201220193729
235.92491445784813
236.12936978520668
236.33345000647367
236.53711712115356
236.7403331284779
236.9430600329664
237.14525985001205
237.34689461166738
237.54792637256807
237.7483172159444
237.9480292598756
238.14702466358682
238.34526563387777
238.54271443178814
238.73933337922244
238.9350848659208
239.12993135632632
239.32383539669198
239.5167596223582
239.70866676499048
239.89951966009784
240.08928125454878
240.27791461419176
240.4653829316953
240.65164953431082
240.83667789191088
241.02043162500183
241.20287451282027
241.38397050161447
241.56368371295858
241.74197845201942
241.91881921614538
242.0941707032689
242.26799782059263
242.4402656931328
242.61093967250218
242.7799853456236
242.947368543475
243.11305535005613
243.27701211109627
243.43920544307903
243.59960224213893
243.7581696929614
243.91487527782536
244.06968678554645
244.22257232040775
244.37350031127482
244.52243952040664
244.66935905254837
244.81422836383473
244.95701727068663
245.09769595878802
245.23623499186206
245.3726053205659
245.5067782912938
245.63872565480816
245.76841957500648
245.89583263749796
246.02093785819366
246.1437086917418
246.26411903993926
246.3821432600621
246.49775617303223
246.61093307162528
246.72164972845593
246.82988240386516
246.93560785379893
247.03880333746272
247.1394466248401
247.23751600425936
247.33299028953473
247.42584882725973
247.51607150377833
247.6036387520246
247.68853155831738
247.77073146882628
247.85022059603043
247.92698162495665
248.0009978191238
248.0722530265396
248.1407316852929
248.20641882912668
248.26930009272002
248.32936171676968
248.38659055296606
248.4409740687119
248.49250035153926
248.5411581135199
248.58693669526383
248.62982606986472
248.66981684647106
248.70690027378572
248.74106824323988
248.77231329193535
248.80062860545738
248.82600802035785
248.84844602640294
248.8679377686998
248.884479049417
248.89806632941912
248.90869672960972
248.91636803193364
248.92107868033156
248.92282778126378
248.92161510414203
248.9174410814209
248.9103068084517
248.90021404316525
248.88716520547356
248.87116337633958
248.852212296788
248.83031636649378
248.80548064227733
248.7777108362646
248.74701331382198
248.7133950913273
248.6768638336166
248.63742785125817
248.59509609757717
248.5498781654272
248.50178428382011
248.45082531421681
248.39701274671074
248.340358695923
248.28087589671588
248.21857769966132
248.1534780663832
248.08559156458227
248.01493336298796
247.94151922599033
247.86536550819008
247.78648914871908
247.7049076653105
247.62063914833686
247.53370225452312
247.44411620062132
247.3519007568277
247.2570762400603
247.15966350713222
247.05968394774004
246.9571594772539
246.85211252949296
246.74456604923574
246.6345434847153
246.52206877991685
246.40716636676103
246.28986115723308
246.17017853535066
246.04814434904273
245.92378490195406
245.79712694511605
245.6681976686083
245.53702469304795
245.40363606109705
245.2680602288349
245.13032605710873
244.9904628028182
244.8485001101264
244.70446800169103
244.55839686977544
244.410317467385
244.26026089936613
244.1082586134865
243.95434239144356
243.79854433996928
243.64089688182014
243.48143274685916
243.32018496308368
243.15718684767583
242.992471998096
242.82607428318795
242.65802783425784
242.48836703629033
242.3171265190883
242.14434114855158
241.9700460179327
241.7942764391698
241.61706793429292
241.4384562268572
241.2584772334666
241.07716705535634
240.89456197003693
240.71069842305448
240.52561301978344
240.33934251734593
240.15192381659682
239.96339395420767
239.77379009485514
239.58314952350162
239.3915096377731
239.19890794047743
239.00538203217906
238.81096960394194
238.61570843016045
238.4196363614976
238.2227913179859
238.025211282218
237.82693429266942
237.62799843717858
237.4284418465185
237.22830268813829
237.0276191600281
236.82642948470513
236.62477190337668
236.4226846702243
236.2202060468158
236.0173742967143
235.8142276801699
235.61080444901907
235.40714284170164
235.20328107842752
234.99925735651792
234.79510984588
234.59087668464824
234.38659597498352
234.18230577900948
233.97804411493493
233.7738489533167
233.56975821346987
233.36580976007608
233.16204139990293
232.95849087872588
232.75519587838156
232.55219401399708
232.34952283136917
232.14721980452012
0.0
0.0
0.0
0.0
0.0
0.0
0.0
0.0
0.0
0.0
0.0
0.0
0.0
0.0
0.0
0.0
0.0
0.0
0.0
0.0
0.0
0.0
0.0
0.0
0.0
0.0
0.0
0.0
0.0
0.0
0.0
0.0
0.0
0.0
0.0
0.0
0.0
0.0
0.0
0.0
0.0
0.0
0.0
0.0
0.0
0.0
0.0
0.0
0.0
0.0
0.0
0.0
0.0
0.0
0.0
0.0
0.0
0.0
0.0
0.0
0.0
0.0
0.0
0.0
0.0
0.0
0.0
0.0
0.0
0.0
0.0
0.0
0.0
0.0
0.0
0.0
0.0
0.0
0.0
0.0
0.0
0.0
0.0
0.0
0.0
0.0
0.0
0.0
0.0
0.0
0.0
0.0
0.0
0.0
0.0
0.0
0.0
0.0
0.0
0.0
0.0
0.0
0.0
0.0
0.0
0.0
0.0
0.0
0.0
0.0
0.0
0.0
0.0
0.0
0.0
0.0
0.0
0.0
0.0
0.0
0.0
0.0
0.0
0.0
0.0
0.0
0.0
0.0
0.0
0.0
0.0
0.0
0.0
0.0
0.0
0.0
0.0
0.0
0.0
0.0
0.0
0.0
0.0
0.0
0.0
0.0
0.0
0.0
0.0
0.0
0.0
0.0
0.0
0.0
0.0
0.0
0.0
0.0
0.0
0.0
0.0
0.0
0.0
0.0
0.0
0.0
504.76105644776766
503.67144171198214
502.55628312262735
501.41606217365205
500.2512669832608
499.0623918233776
497.84993664994215
496.6144066353303
495.35631170211957
494.07616606089164
492.7744877515708
491.4517981883864
490.10862171120374
488.7454851411038
487.3629173429683
485.96144879471046
484.5416111632956
483.10393688891315
481.6489587774564
480.1772096007138
478.6892217069802
477.1855266396343
475.66665476625633
474.1331349176688
472.5854940368023
471.02425683853954
469.44994548038983
467.8630792432669
466.26417422469854
464.6537430419506
463.0322945472505
461.40033355440994
459.7583605763933
458.1068715748975
456.4463577215
454.777305169539
453.1001948384483
451.4155022090053
449.723697129624
448.0252436345886
446.3205997726599
444.61021744718124
442.89454226701565
441.1740134077189
439.4490634836907
437.72011843064
435.9875973977338
434.2519126501304
432.51346948121494
430.7726661338418
429.02989373136853
427.28553621741435
425.5399703043791
423.79356543074323
422.04668372609126
420.29967998459665
418.5529016462411
416.806688785005
415.0613741048279
413.31728294219465
411.5747332753892
409.8340357404271
408.09549365258977
406.35940303430027
404.62605264857325
402.8957240374306
401.1686915656114
399.44522246958684
397.7255769101965
396.01000803058105
394.2987620174341
392.5920781666369
390.8901889524397
389.1933200997309
387.50169065964303
385.81551308852175
384.1349933290197
382.46033089391443
380.791718952632
379.1293444193587
377.47338804354166
375.8240245019872
374.1814224925088
372.545744829277
370.9171485389772
369.2957849584536
367.68179983332493
366.0753334170142
364.4765205708929
362.8854908647105
361.30236867747897
359.72727329878757
358.1603190299397
356.60161528545746
355.0512666945571
353.50937320210335
351.9760301697185
350.45132847634795
348.93535461843334
347.42819080954894
345.92991507963313
344.44060137317706
342.9603196471996
341.4891359679326
340.02711260703165
338.57430813672056
337.1307775240078
335.69657222389077
334.2717402716507
332.85632637374016
331.4503719979952
330.0539154623895
328.6669920224846
327.28963395814844
325.92187065870377
324.5637287066977
323.2152319608172
321.8764016370608
320.547256388909
319.22781238619865
317.918083392256
316.6180808402613
315.3278139079884
314.04728959105535
312.7765127750825
311.5154863065095
310.26421106176446
309.02268601556096
307.79090830726835
306.5688733065468
305.356574677344
304.1540044404807
302.96115303515364
301.77800937910854
300.6045609273164
299.44079372962716
298.28669248702613
297.1422406066593
296.00742025561306
294.88221241359577
293.7665969241406
292.6605525448681
291.5640569965654
290.4770870108838
289.39961837711814
288.33162598786004
287.27308388331136
286.22396529487054
285.1842426872724
284.153887799953
283.13287168735985
282.12116475797006
281.11873681271453
280.12555708222243
279.1415942629739
278.1668165528618
277.2011916854764
276.24468696372065
275.2972692925548
274.35890521061384
273.4295609213402
272.50920232312444
271.597795038525
270.6953044428947
269.8016956922248
268.9169337500571
268.0409834138795
267.17380934068404
266.3153760718719
265.46564805753206
264.6245896798986
263.79216527632775
262.9683391616534
262.1530756497638
261.3463390747687
260.5480938115104
259.7583042955304
258.9769350424682
258.20395066701656
257.4393159012727
256.68299561257743
255.93495482107204
255.195158716438
254.46357267462787
253.74016227375566
253.02489330980376
252.3177318119062
251.61864405710364
250.92759658485613
250.2445562112042
249.5694900423798
248.90236548834812
248.24315027587883
247.59181246123995
246.94832044279275
246.31264297308144
245.6847491707872
245.06460853243811
244.4521909436855
243.84746669057773
243.25040647048058
242.66098140274775
242.0791630392653
241.5049233748145
240.93823485713455
240.37907039695193
239.82740337776605
239.28320766551286
238.74645761807358
238.21712809470347
237.69519446524572
237.1806326193214
236.67341897542576
236.1735304898292
235.68094466556147
235.19563956116414
234.71759379949128
234.24678657645805
233.78319766966766
233.326807447082
232.87759687569653
232.43554753006327
232.0006416009937
231.57286190417324
231.152191888764
0.0
0.0
0.0
0.0
0.0
0.0
0.0
0.0
0.0
0.0
0.0
0.0
0.0
0.0
0.0
0.0
0.0
0.0
0.0
0.0
0.0
0.0
0.0
0.0
0.0
0.0
0.0
0.0
0.0
0.0
0.0
0.0
0.0
0.0
0.0
0.0
0.0
0.0
0.0
0.0
0.0
0.0
0.0
0.0
0.0
0.0
0.0
0.0
0.0
0.0
0.0
0.0
0.0
0.0
0.0
0.0
0.0
0.0
0.0
0.0
0.0
0.0
0.0
0.0
0.0
0.0
0.0
0.0
0.0
0.0
0.0
0.0
0.0
0.0
0.0
0.0
0.0
0.0
0.0
0.0
0.0
0.0
0.0
0.0
0.0
0.0
0.0
0.0
0.0
0.0
0.0
240.44309497633193
240.7643525619439
241.08655376273362
241.40965443720722
241.7336101118347
242.05837598116392
242.38390690812128
242.7101574244044
243.03708173138207
243.36463370097403
243.69276687698272
244.02143447654612
244.35058939183074
244.680184192094
245.01017112595778
245.340502123779
245.67112880057442
246.00200245900035
246.33307409260837
246.66429438952548
246.99561373625215
247.32698222174088
247.65834964188787
247.98966550422958
248.32087903276755
248.65193917338303
248.9827945993098
249.31339371691604
249.64368467191093
249.9736153557064
250.3031334120513
250.6321862441828
250.9607210219654
251.28868468948986
251.61602397303915
251.94268538914858
252.26861525310122
252.5937596878009
252.9180646326188
253.24147585291396
253.5639389496216
253.88539936912838
254.20580241360156
254.5250932514579
254.843216928099
255.16011837716616
255.4757424317723
255.7900338361629
256.1029372577473
256.4143972992507
256.72435851115057
257.03276540452816
257.3395624640368
257.6446941611115
257.94810496767985
258.2497393697888
258.54954188166073
258.8474570600578
259.1434295187394
259.437403943163
259.72932510554625
260.019137879994
260.3067872579131
260.5922183636122
260.8753764701247
261.1562070151292
261.434655617227
261.7106680922402
261.98419046966717
262.25516900948435
262.52355021881806
262.7892808690262
263.05230801273547
263.312579000998
263.5700415007106
263.82464351194756
264.0763333855713
264.32505984064636
264.57077198228205
264.8134193191933
265.05295178157155
265.2893197388272
265.522474017356
265.75236591845965
265.97894723610335
266.20217027474456
266.42198786711583
266.63835339198187
266.8512207917795
267.06054459033754
267.2662799103921
267.46838249099267
267.6668087049608
267.8615155761482
268.05246079641023
268.23960274275737
268.42290049411014
268.60231384790814
268.77780333669557
268.9493302443486
269.1168566220943
269.2803453045389
269.43975992513947
269.5950649316291
269.74622560115756
269.89320805519844
270.035979273991
270.1745071110013
270.3087603067507
270.4387085024871
270.5643222535938
270.68557304252045
270.80243329137545
270.9148763742788
271.0228766292213
271.1264093695022
271.22545089501796
271.31997850275997
271.409970497271
271.49540620046525
271.57626596101977
543.305062326932
543.4483684733846
543.5824173239769
543.7071779616285
543.8226216036682
543.9287216152223
544.0254535217705
544.1127950204656
544.1907259904898
544.2592285026645
544.3182868277507
544.3678874439012
544.4080190430532
544.4386725363123
544.4598410581868
544.4715199700307
544.473706862233
544.4664015553454
544.4496061004181
544.4233247780469
544.3875640963789
544.3423327883244
544.2876418074803
544.2235043230385
544.1499357138746
544.066953561385
543.9745776414017
543.8728299151102
543.7617345189401
543.6413177534118
543.5116080711712
543.3726360638897
543.2244344481783
543.0670380507589
542.9004837926066
542.7248106719287
542.5400597467087
542.3462741160115
542.1434989004607
541.931781222076
541.7111701830332
541.4817168436373
541.2434741997812
540.9964971592123
540.7408425172782
540.4765689319995
540.2037368982826
539.9224087214362
539.6326484902012
539.334522048937
539.0280969692934
538.7134425212682
538.3906296436511
538.0597309139703
537.7208205179498
537.3739742183897
537.0192693235258
536.6567846552093
536.2866005163153
535.9087986579497
535.5234622463462
535.1306758292787
534.7305253021691
534.3230978740593
533.9084820331375
533.4867675121142
533.0580452533796
532.622407373987
532.1799471304015
531.7307588832402
531.2749380618211
530.8125811285776
530.3437855435564
529.8686497288194
529.3872730326937
528.8997556943