# Budapest->Starlink_9
20.849 2072441.226 0.003 
21.994 2016877.170 0.003 
23.176 1962320.823 0.003 
24.396 1908865.221 0.003 
25.654 1856611.960 0.003 
26.950 1805671.805 0.003 
28.282 1756165.263 0.003 
29.650 1708223.060 0.003 
31.049 1661986.478 0.003 
32.474 1617607.489 0.003 
33.921 1575248.596 0.003 
35.379 1535082.301 0.003 
36.837 1497290.079 0.004 
38.282 1462060.777 0.004 
39.695 1429588.322 0.004 
41.056 1400068.664 0.004 
42.340 1373695.952 0.004 
43.520 1350657.945 0.004 
44.566 1331130.815 0.004 
45.450 1315273.559 0.004 
46.143 1303222.334 0.004 
46.621 1295085.148 0.004 
46.866 1290937.322 0.004 
46.868 1290818.170 0.004 
46.628 1294729.203 0.004 
46.154 1302634.072 0.004 
45.464 1314460.228 0.004 
44.582 1330102.153 0.004 
43.537 1349425.814 0.004 
42.357 1372273.936 0.004 
41.071 1398471.648 0.004 
39.708 1427832.086 0.004 
38.292 1460161.634 0.004 
36.843 1495264.549 0.004 
35.381 1532946.852 0.003 
33.918 1573019.431 0.003 
32.467 1615300.391 0.003 
31.036 1659616.699 0.003 
29.632 1705805.250 0.003 
28.259 1753713.432 0.003 
26.922 1803199.308 0.003 
25.621 1854131.499 0.003 
24.359 1906388.869 0.003 
23.134 1959860.045 0.003 
21.948 2014442.862 0.003 
20.798 2070043.746 0.003 
# Starlink_29->NewYork
20.956 2070652.901 0.067 
22.118 2014610.063 0.068 
23.319 1959537.919 0.069 
24.560 1905527.045 0.071 
25.843 1852676.549 0.073 
27.167 1801094.741 0.075 
28.532 1750899.761 0.077 
29.937 1702220.151 0.079 
31.379 1655195.292 0.082 
32.854 1609975.670 0.085 
34.357 1566722.875 0.087 
35.879 1525609.238 0.090 
37.411 1486817.015 0.093 
38.937 1450536.975 0.096 
40.442 1416966.312 0.099 
41.903 1386305.766 0.102 
43.296 1358755.905 0.104 
44.591 1334512.581 0.107 
45.758 1313761.655 0.109 
46.763 1296673.201 0.111 
47.573 1283395.492 0.113 
48.160 1274049.209 0.114 
48.501 1268722.325 0.115 
48.581 1267466.147 0.115 
48.397 1270292.930 0.114 
47.957 1277175.285 0.114 
47.278 1288047.484 0.112 
46.387 1302808.488 0.111 
45.314 1321326.399 0.108 
44.092 1343443.893 0.106 
42.753 1368984.156 0.103 
41.330 1397756.852 0.101 
39.848 1429563.753 0.098 
38.331 1464203.751 0.095 
36.800 1501477.096 0.092 
35.270 1541188.778 0.089 
33.753 1583151.103 0.086 
32.259 1627185.509 0.084 
30.796 1673123.728 0.081 
29.367 1720808.424 0.079 
27.977 1770093.397 0.076 
26.627 1820843.478 0.074 
25.318 1872934.186 0.072 
24.051 1926251.230 0.070 
22.825 1980689.915 0.069 
21.639 2036154.491 0.067 
20.492 2092557.485 0.066 
