# Budapest->Starlink_50
20.877 1815711.308 0.003 
21.986 1765626.573 0.003 
23.128 1716609.985 0.003 
24.304 1668761.194 0.003 
25.514 1622188.962 0.004 
26.755 1577011.695 0.004 
28.025 1533357.876 0.004 
29.319 1491366.327 0.004 
30.633 1451186.233 0.004 
31.958 1412976.845 0.004 
33.284 1376906.754 0.004 
34.600 1343152.634 0.004 
35.890 1311897.344 0.005 
37.136 1283327.312 0.005 
38.317 1257629.128 0.005 
39.410 1234985.369 0.005 
40.388 1215569.720 0.005 
41.227 1199541.599 0.005 
41.901 1187040.555 0.005 
42.388 1178180.828 0.005 
42.671 1173046.533 0.005 
42.740 1171687.874 0.005 
42.592 1174118.816 0.005 
42.232 1180316.428 0.005 
41.673 1190221.981 0.005 
40.934 1203743.687 0.005 
40.038 1220760.782 0.005 
39.010 1241128.548 0.005 
37.877 1264683.826 0.005 
36.663 1291250.596 0.005 
35.391 1320645.241 0.005 
34.082 1352681.252 0.004 
32.752 1387173.211 0.004 
31.416 1423939.988 0.004 
30.085 1462807.165 0.004 
28.769 1503608.759 0.004 
27.474 1546188.332 0.004 
26.206 1590399.595 0.004 
24.968 1636106.622 0.004 
23.763 1683183.749 0.003 
22.591 1731515.271 0.003 
21.453 1780994.975 0.003 
20.351 1831525.592 0.003 
# Starlink_13->NewYork
20.570 1828071.948 0.082 
21.807 1771835.099 0.084 
23.089 1716828.032 0.086 
24.417 1663179.550 0.089 
25.790 1611031.993 0.092 
27.207 1560542.258 0.095 
28.666 1511882.660 0.098 
30.160 1465241.530 0.102 
31.682 1420823.393 0.106 
33.223 1378848.550 0.110 
34.767 1339551.842 0.114 
36.296 1303180.365 0.118 
37.786 1269989.902 0.122 
39.209 1240239.886 0.125 
40.531 1214186.830 0.129 
41.715 1192076.276 0.132 
42.723 1174133.608 0.135 
43.515 1160554.274 0.137 
44.060 1151494.235 0.139 
44.331 1147061.621 0.139 
44.317 1147310.553 0.139 
44.018 1152237.928 0.139 
43.448 1161783.608 0.137 
42.634 1175833.976 0.135 
41.608 1194228.388 0.132 
40.409 1216767.700 0.129 
39.076 1243223.881 0.125 
37.646 1273349.768 0.121 
36.152 1306888.154 0.117 
34.622 1343579.687 0.113 
33.078 1383169.281 0.109 
31.540 1425410.989 0.105 
30.021 1470071.420 0.102 
28.531 1516931.906 0.098 
27.077 1565789.633 0.095 
25.665 1616457.993 0.092 
24.297 1668766.345 0.089 
22.975 1722559.387 0.086 
21.698 1777696.270 0.084 
20.466 1834049.574 0.082 
