# Budapest->Starlink_55
20.075 1854007.784 0.003 
20.366 1840211.093 0.003 
20.600 1829260.160 0.003 
20.774 1821207.758 0.003 
20.885 1816093.527 0.003 
20.933 1813943.047 0.003 
20.916 1814767.223 0.003 
20.835 1818562.020 0.003 
20.691 1825308.567 0.003 
20.485 1834973.607 0.003 
20.221 1847510.293 0.003 
# Starlink_18->NewYork
21.028 1807690.172 0.083 
22.301 1751268.459 0.085 
23.636 1695544.657 0.087 
25.037 1640595.361 0.090 
26.511 1586506.438 0.093 
28.061 1533374.239 0.097 
29.694 1481306.909 0.101 
31.414 1430425.813 0.105 
33.226 1380867.034 0.109 
35.135 1332782.889 0.114 
37.144 1286343.394 0.120 
39.253 1241737.542 0.125 
41.463 1199174.220 0.131 
43.766 1158882.530 0.137 
46.152 1121111.190 0.144 
48.601 1086126.671 0.150 
51.083 1054209.641 0.157 
53.553 1025649.361 0.163 
55.948 1000735.754 0.169 
58.185 979749.142 0.174 
60.157 962947.993 0.178 
61.740 950555.505 0.182 
62.809 942746.339 0.184 
63.263 939635.101 0.185 
63.053 941268.236 0.184 
62.203 947620.618 0.182 
60.799 958597.384 0.179 
58.960 974040.728 0.175 
56.815 993740.546 0.170 
54.475 1017447.356 0.165 
52.034 1044885.830 0.159 
49.561 1075767.512 0.152 
47.107 1109801.746 0.146 
44.706 1146704.335 0.139 
42.382 1186203.828 0.133 
40.147 1228045.666 0.127 
38.011 1271994.514 0.121 
35.974 1317835.203 0.116 
34.038 1365372.650 0.111 
32.198 1414431.092 0.106 
30.453 1464852.896 0.102 
28.796 1516497.132 0.098 
27.222 1569238.061 0.094 
25.727 1622963.622 0.091 
24.306 1677573.984 0.088 
22.952 1732980.189 0.085 
21.662 1789102.917 0.083 
20.431 1845871.367 0.081 
