20.011 2111738.331 0.065970939
20.111 2106600.596 0.066071539
20.211 2101469.909 0.066173514
20.311 2096346.329 0.066276865
20.412 2091229.911 0.066381592
20.513 2086120.714 0.066487692
20.615 2081018.797 0.066595167
20.716 2075924.217 0.066704016
20.818 2070837.035 0.066814238
20.920 2065757.310 0.066925833
21.023 2060685.102 0.067038801
21.126 2055620.471 0.067153141
21.229 2050563.481 0.067268853
21.333 2045514.191 0.067385937
21.436 2040472.664 0.067504392
21.540 2035438.963 0.067624219
21.645 2030413.151 0.067745418
21.750 2025395.293 0.067867987
21.855 2020385.451 0.067991926
21.960 2015383.692 0.068117236
22.066 2010390.080 0.068243917
22.171 2005404.681 0.068371967
22.278 2000427.562 0.068501387
22.384 1995458.790 0.068632177
22.491 1990498.432 0.068764336
22.598 1985546.557 0.068897864
22.706 1980603.232 0.069032761
22.814 1975668.527 0.069169026
22.922 1970742.513 0.069306660
23.030 1965825.258 0.069445661
23.139 1960916.834 0.069586029
23.248 1956017.313 0.069727765
23.357 1951126.766 0.069870867
23.467 1946245.266 0.070015335
23.577 1941372.886 0.070161169
23.687 1936509.701 0.070308367
23.798 1931655.783 0.070456930
23.909 1926811.209 0.070606856
24.020 1921976.054 0.070758146
24.132 1917150.394 0.070910797
24.244 1912334.305 0.071064810
24.356 1907527.866 0.071220183
24.469 1902731.154 0.071376915
24.581 1897944.247 0.071535006
24.695 1893167.226 0.071694454
24.808 1888400.169 0.071855258
24.922 1883643.158 0.072017416
25.036 1878896.274 0.072180928
25.151 1874159.597 0.072345792
25.265 1869433.211 0.072512006
25.380 1864717.200 0.072679569
25.496 1860011.645 0.072848478
25.612 1855316.632 0.073018733
25.728 1850632.246 0.073190331
25.844 1845958.573 0.073363269
25.961 1841295.698 0.073537547
26.078 1836643.710 0.073713161
26.195 1832002.694 0.073890109
26.313 1827372.741 0.074068389
26.431 1822753.938 0.074247997
26.549 1818146.377 0.074428932
26.667 1813550.146 0.074611189
26.786 1808965.337 0.074794766
26.905 1804392.041 0.074979660
27.025 1799830.353 0.075165867
27.145 1795280.363 0.075353384
27.265 1790742.167 0.075542206
27.385 1786215.858 0.075732331
27.506 1781701.533 0.075923753
27.627 1777199.286 0.076116468
27.748 1772709.215 0.076310473
27.870 1768231.417 0.076505762
27.992 1763765.990 0.076702331
28.114 1759313.033 0.076900175
28.237 1754872.645 0.077099288
28.360 1750444.927 0.077299665
28.483 1746029.979 0.077501300
28.606 1741627.904 0.077704187
28.730 1737238.803 0.077908321
28.854 1732862.779 0.078113695
28.978 1728499.938 0.078320303
29.103 1724150.382 0.078528137
29.228 1719814.218 0.078737191
29.353 1715491.551 0.078947457
29.478 1711182.488 0.079158928
29.604 1706887.137 0.079371597
29.730 1702605.606 0.079585454
29.856 1698338.004 0.079800492
29.982 1694084.440 0.080016703
30.109 1689845.025 0.080234077
30.236 1685619.870 0.080452604
30.363 1681409.088 0.080672277
30.491 1677212.790 0.080893085
30.619 1673031.090 0.081115017
30.747 1668864.102 0.081338064
30.875 1664711.941 0.081562215
31.003 1660574.722 0.081787459
31.132 1656452.562 0.082013785
31.261 1652345.578 0.082241181
31.390 1648253.888 0.082469635
31.520 1644177.609 0.082699134
31.649 1640116.861 0.082929667
31.779 1636071.764 0.083161220
31.909 1632042.439 0.083393779
32.039 1628029.007 0.083627332
32.170 1624031.590 0.083861863
32.301 1620050.310 0.084097359
32.431 1616085.291 0.084333804
32.562 1612136.658 0.084571184
32.694 1608204.535 0.084809483
32.825 1604289.048 0.085048685
32.957 1600390.322 0.085288772
33.088 1596508.485 0.085529730
33.220 1592643.665 0.085771540
33.352 1588795.989 0.086014184
33.484 1584965.587 0.086257645
33.617 1581152.588 0.086501904
33.749 1577357.122 0.086746943
33.882 1573579.321 0.086992741
34.014 1569819.315 0.087239280
34.147 1566077.238 0.087486538
34.280 1562353.221 0.087734496
34.413 1558647.399 0.087983132
34.546 1554959.904 0.088232424
34.679 1551290.873 0.088482351
34.812 1547640.439 0.088732890
34.945 1544008.740 0.088984018
35.079 1540395.911 0.089235712
35.212 1536802.089 0.089487947
35.346 1533227.412 0.089740700
35.479 1529672.017 0.089993945
35.612 1526136.044 0.090247657
35.746 1522619.631 0.090501810
35.879 1519122.919 0.090756378
36.013 1515646.046 0.091011335
36.146 1512189.155 0.091266652
36.279 1508752.385 0.091522302
36.413 1505335.878 0.091778257
36.546 1501939.777 0.092034488
36.679 1498564.224 0.092290965
36.812 1495209.361 0.092547660
36.945 1491875.332 0.092804541
37.078 1488562.280 0.093061577
37.211 1485270.350 0.093318738
37.344 1481999.685 0.093575992
37.476 1478750.431 0.093833306
37.609 1475522.732 0.094090647
37.741 1472316.734 0.094347983
37.873 1469132.581 0.094605280
38.005 1465970.421 0.094862502
38.137 1462830.400 0.095119616
38.268 1459712.662 0.095376586
38.400 1456617.356 0.095633377
38.531 1453544.627 0.095889952
38.661 1450494.623 0.096146274
38.792 1447467.490 0.096402307
38.922 1444463.376 0.096658012
39.052 1441482.429 0.096913351
39.181 1438524.794 0.097168287
39.311 1435590.620 0.097422779
39.439 1432680.054 0.097676789
39.568 1429793.244 0.097930276
39.696 1426930.337 0.098183200
39.824 1424091.480 0.098435520
39.951 1421276.820 0.098687195
40.078 1418486.505 0.098938183
40.204 1415720.682 0.099188442
40.330 1412979.498 0.099437930
40.456 1410263.100 0.099686604
40.581 1407571.633 0.099934421
40.705 1404905.245 0.100181336
40.829 1402264.082 0.100427307
40.952 1399648.289 0.100672288
41.075 1397058.012 0.100916236
41.197 1394493.396 0.101159104
41.319 1391954.586 0.101400849
41.439 1389441.726 0.101641423
41.560 1386954.960 0.101880782
41.679 1384494.432 0.102118880
41.798 1382060.284 0.102355669
41.916 1379652.659 0.102591103
42.034 1377271.699 0.102825136
42.150 1374917.546 0.103057720
42.266 1372590.339 0.103288808
42.381 1370290.219 0.103518353
42.495 1368017.325 0.103746306
42.609 1365771.797 0.103972621
42.721 1363553.771 0.104197250
42.833 1361363.384 0.104420144
42.943 1359200.774 0.104641255
43.053 1357066.075 0.104860536
43.162 1354959.422 0.105077937
43.270 1352880.948 0.105293412
43.377 1350830.787 0.105506911
43.482 1348809.068 0.105718387
43.587 1346815.924 0.105927791
43.691 1344851.483 0.106135076
43.793 1342915.875 0.106340192
43.895 1341009.225 0.106543093
43.995 1339131.661 0.106743731
44.095 1337283.306 0.106942058
44.193 1335464.285 0.107138026
44.289 1333674.720 0.107331588
44.385 1331914.732 0.107522697
44.479 1330184.440 0.107711307
44.572 1328483.963 0.107897370
44.664 1326813.418 0.108080841
44.755 1325172.919 0.108261674
44.844 1323562.581 0.108439822
44.931 1321982.516 0.108615241
45.018 1320432.834 0.108787886
45.103 1318913.645 0.108957712
45.186 1317425.057 0.109124676
45.268 1315967.174 0.109288733
45.349 1314540.102 0.109449841
45.428 1313143.942 0.109607958
45.506 1311778.796 0.109763040
45.582 1310444.761 0.109915048
45.656 1309141.935 0.110063939
45.729 1307870.413 0.110209674
45.800 1306630.289 0.110352213
45.870 1305421.652 0.110491517
45.938 1304244.593 0.110627548
46.005 1303099.199 0.110760268
46.069 1301985.555 0.110889641
46.132 1300903.744 0.111015630
46.194 1299853.847 0.111138200
46.253 1298835.943 0.111257316
46.311 1297850.110 0.111372946
46.367 1296896.421 0.111485056
46.421 1295974.949 0.111593614
46.474 1295085.765 0.111698589
46.524 1294228.936 0.111799951
46.573 1293404.528 0.111897671
46.620 1292612.604 0.111991720
46.665 1291853.226 0.112082071
46.709 1291126.452 0.112168699
46.750 1290432.339 0.112251576
46.789 1289770.940 0.112330680
46.827 1289142.307 0.112405987
46.862 1288546.490 0.112477475
46.896 1287983.534 0.112545123
46.928 1287453.484 0.112608910
46.957 1286956.383 0.112668818
46.985 1286492.268 0.112724828
47.011 1286061.178 0.112776925
47.035 1285663.145 0.112825093
47.057 1285298.202 0.112869316
47.076 1284966.379 0.112909583
47.094 1284667.700 0.112945881
47.110 1284402.191 0.112978198
47.124 1284169.874 0.113006526
47.135 1283970.765 0.113030855
47.145 1283804.883 0.113051179
47.153 1283672.240 0.113067491
47.158 1283572.848 0.113079786
47.162 1283506.715 0.113088061
47.163 1283473.847 0.113092313
47.163 1283474.247 0.113092540
69.242 1051802.635 0.150280003
68.912 1053763.289 0.149869612
68.582 1055761.224 0.149453506
68.252 1057796.227 0.149031834
67.921 1059868.082 0.148604746
67.591 1061976.572 0.148172391
67.261 1064121.477 0.147734920
66.932 1066302.576 0.147292481
66.602 1068519.645 0.146845225
66.273 1070772.458 0.146393300
65.945 1073060.788 0.145936857
65.617 1075384.407 0.145476045
65.290 1077743.084 0.145011010
64.963 1080136.587 0.144541902
64.637 1082564.684 0.144068868
64.312 1085027.139 0.143592053
63.987 1087523.717 0.143111604
63.663 1090054.181 0.142627666
63.340 1092618.294 0.142140381
63.018 1095215.817 0.141649894
62.697 1097846.510 0.141156345
62.376 1100510.133 0.140659876
62.057 1103206.445 0.140160624
61.739 1105935.205 0.139658729
61.421 1108696.171 0.139154327
61.105 1111489.099 0.138647552
60.790 1114313.747 0.138138538
60.475 1117169.873 0.137627419
60.162 1120057.232 0.137114323
59.850 1122975.581 0.136599380
59.540 1125924.676 0.136082717
59.230 1128904.274 0.135564460
58.922 1131914.131 0.135044733
58.614 1134954.003 0.134523657
58.308 1138023.648 0.134001352
58.004 1141122.822 0.133477938
57.700 1144251.282 0.132953530
57.398 1147408.787 0.132428243
57.097 1150595.093 0.131902190
56.797 1153809.960 0.131375481
56.499 1157053.146 0.130848226
56.202 1160324.411 0.130320531
55.906 1163623.516 0.129792501
55.611 1166950.220 0.129264239
55.318 1170304.286 0.128735846
55.027 1173685.476 0.128207421
54.736 1177093.554 0.127679061
54.447 1180528.282 0.127150860
54.159 1183989.427 0.126622912
53.873 1187476.753 0.126095307
53.588 1190990.028 0.125568135
53.304 1194529.020 0.125041482
53.022 1198093.497 0.124515433
52.741 1201683.229 0.123990071
52.462 1205297.988 0.123465477
52.184 1208937.546 0.122941730
51.907 1212601.675 0.122418907
51.632 1216290.151 0.121897084
51.358 1220002.750 0.121376332
51.085 1223739.247 0.120856724
50.814 1227499.423 0.120338329
50.544 1231283.055 0.119821214
50.276 1235089.926 0.119305446
50.009 1238919.818 0.118791086
49.743 1242772.514 0.118278199
49.479 1246647.798 0.117766843
49.216 1250545.459 0.117257078
48.955 1254465.283 0.116748959
48.695 1258407.060 0.116242542
48.436 1262370.580 0.115737880
48.178 1266355.636 0.115235024
47.922 1270362.022 0.114734024
47.668 1274389.532 0.114234928
47.415 1278437.963 0.113737783
47.163 1282507.113 0.113242634
46.912 1286596.783 0.112749524
46.663 1290706.773 0.112258494
46.415 1294836.885 0.111769586
46.169 1298986.925 0.111282838
45.923 1303156.698 0.110798287
45.680 1307346.011 0.110315969
45.437 1311554.674 0.109835919
45.196 1315782.496 0.109358170
44.956 1320029.290 0.108882754
44.718 1324294.869 0.108409701
44.480 1328579.048 0.107939040
44.244 1332881.645 0.107470799
44.010 1337202.477 0.107005005
43.776 1341541.364 0.106541683
43.544 1345898.128 0.106080857
43.314 1350272.591 0.105622550
43.084 1354664.578 0.105166785
42.856 1359073.916 0.104713581
42.629 1363500.431 0.104262959
42.403 1367943.953 0.103814938
42.179 1372404.312 0.103369533
41.955 1376881.342 0.102926763
41.733 1381374.875 0.102486643
41.513 1385884.747 0.102049186
41.293 1390410.795 0.101614408
41.075 1394952.857 0.101182320
40.857 1399510.773 0.100752934
40.642 1404084.385 0.100326261
40.427 1408673.535 0.099902312
40.213 1413278.068 0.099481094
40.001 1417897.829 0.099062618
39.790 1422532.667 0.098646890
39.580 1427182.430 0.098233918
39.371 1431846.968 0.097823707
39.163 1436526.132 0.097416263
38.957 1441219.777 0.097011590
38.751 1445927.757 0.096609693
38.547 1450649.928 0.096210575
38.344 1455386.148 0.095814239
38.142 1460136.274 0.095420687
37.941 1464900.169 0.095029920
37.741 1469677.693 0.094641939
37.542 1474468.709 0.094256745
37.344 1479273.083 0.093874337
37.148 1484090.679 0.093494716
36.952 1488921.366 0.093117879
36.758 1493765.011 0.092743825
36.565 1498621.485 0.092372551
36.372 1503490.658 0.092004056
36.181 1508372.404 0.091638336
35.991 1513266.596 0.091275388
35.802 1518173.109 0.090915207
35.613 1523091.819 0.090557790
35.426 1528022.605 0.090203131
35.240 1532965.345 0.089851226
35.055 1537919.919 0.089502070
34.871 1542886.209 0.089155656
34.688 1547864.098 0.088811978
34.506 1552853.469 0.088471031
34.324 1557854.207 0.088132807
34.144 1562866.198 0.087797299
33.965 1567889.331 0.087464501
33.787 1572923.494 0.087134405
33.609 1577968.575 0.086807003
33.433 1583024.468 0.086482287
33.257 1588091.063 0.086160249
33.083 1593168.253 0.085840880
32.909 1598255.934 0.085524173
32.737 1603354.000 0.085210117
32.565 1608462.348 0.084898705
32.394 1613580.876 0.084589926
32.224 1618709.482 0.084283772
32.055 1623848.066 0.083980233
31.887 1628996.529 0.083679300
31.719 1634154.773 0.083380962
31.553 1639322.700 0.083085210
31.387 1644500.216 0.082792033
31.223 1649687.224 0.082501423
31.059 1654883.630 0.082213367
30.896 1660089.342 0.081927857
30.733 1665304.267 0.081644881
30.572 1670528.315 0.081364430
30.412 1675761.395 0.081086492
30.252 1681003.417 0.080811057
30.093 1686254.295 0.080538114
29.935 1691513.940 0.080267652
29.778 1696782.266 0.079999661
29.621 1702059.187 0.079734130
29.465 1707344.619 0.079471047
29.310 1712638.479 0.079210403
29.156 1717940.683 0.078952186
29.003 1723251.149 0.078696384
28.850 1728569.797 0.078442988
28.698 1733896.547 0.078191986
28.547 1739231.318 0.077943367
28.397 1744574.033 0.077697121
28.247 1749924.613 0.077453235
28.099 1755282.982 0.077211700
27.950 1760649.064 0.076972504
27.803 1766022.783 0.076735637
27.656 1771404.065 0.076501087
27.510 1776792.837 0.076268844
27.365 1782189.025 0.076038897
27.221 1787592.557 0.075811235
27.077 1793003.362 0.075585847
26.934 1798421.369 0.075362723
26.791 1803846.508 0.075141852
26.649 1809278.711 0.074923224
26.508 1814717.908 0.074706827
26.368 1820164.032 0.074492652
26.228 1825617.015 0.074280688
26.089 1831076.793 0.074070925
25.951 1836543.298 0.073863352
25.813 1842016.466 0.073657959
25.676 1847496.233 0.073454736
25.539 1852982.534 0.073253673
25.403 1858475.308 0.073054761
25.268 1863974.492 0.072857988
25.134 1869480.024 0.072663346
25.000 1874991.843 0.072470825
24.866 1880509.888 0.072280414
24.734 1886034.101 0.072092105
24.602 1891564.421 0.071905888
24.470 1897100.791 0.071721754
24.339 1902643.152 0.071539693
24.209 1908191.447 0.071359697
24.079 1913745.619 0.071181756
23.950 1919305.612 0.071005861
23.822 1924871.371 0.070832004
23.694 1930442.840 0.070660175
23.566 1936019.966 0.070490367
23.439 1941602.693 0.070322571
23.313 1947190.969 0.070156778
23.188 1952784.741 0.069992980
23.062 1958383.957 0.069831169
22.938 1963988.565 0.069671336
22.814 1969598.514 0.069513475
22.690 1975213.752 0.069357578
22.567 1980834.230 0.069203635
22.445 1986459.899 0.069051641
22.323 1992090.708 0.068901588
22.202 1997726.610 0.068753468
22.081 2003367.556 0.068607274
21.961 2009013.498 0.068463000
21.841 2014664.389 0.068320638
21.722 2020320.183 0.068180182
21.603 2025980.832 0.068041625
21.485 2031646.292 0.067904961
21.367 2037316.517 0.067770183
21.250 2042991.461 0.067637285
21.133 2048671.082 0.067506262
21.017 2054355.333 0.067377107
20.901 2060044.172 0.067249814
20.786 2065737.556 0.067124378
20.671 2071435.442 0.067000794
20.557 2077137.787 0.066879056
20.443 2082844.550 0.066759159
20.330 2088555.689 0.066641099
20.217 2094271.163 0.066524869
20.104 2099990.932 0.066410467
