20.021 2112357.791 0.065924898
20.088 2108920.749 0.065991386
20.155 2105497.700 0.066058277
20.222 2102088.717 0.066125563
20.289 2098693.870 0.066193238
20.356 2095313.231 0.066261291
20.423 2091946.871 0.066329717
20.489 2088594.861 0.066398507
20.556 2085257.273 0.066467654
20.622 2081934.179 0.066537148
20.689 2078625.652 0.066606983
20.755 2075331.762 0.066677150
20.821 2072052.583 0.066747641
20.887 2068788.186 0.066818448
20.953 2065538.645 0.066889563
21.019 2062304.031 0.066960977
21.085 2059084.418 0.067032683
21.150 2055879.879 0.067104672
21.216 2052690.485 0.067176935
21.281 2049516.311 0.067249465
21.346 2046357.430 0.067322252
21.411 2043213.914 0.067395288
21.476 2040085.838 0.067468565
21.541 2036973.273 0.067542073
21.606 2033876.295 0.067615806
21.670 2030794.976 0.067689752
21.734 2027729.391 0.067763905
21.799 2024679.612 0.067838254
21.863 2021645.713 0.067912792
21.926 2018627.769 0.067987509
21.990 2015625.853 0.068062396
22.054 2012640.038 0.068137444
22.117 2009670.400 0.068212644
22.180 2006717.011 0.068287988
22.243 2003779.947 0.068363465
22.306 2000859.279 0.068439067
22.369 1997955.084 0.068514785
22.431 1995067.434 0.068590609
22.494 1992196.404 0.068666529
22.556 1989342.067 0.068742537
22.618 1986504.498 0.068818623
22.679 1983683.770 0.068894777
22.741 1980879.958 0.068970991
22.802 1978093.135 0.069047253
22.863 1975323.376 0.069123556
22.924 1972570.753 0.069199888
22.985 1969835.341 0.069276241
23.045 1967117.213 0.069352604
23.105 1964416.443 0.069428968
23.165 1961733.105 0.069505323
23.225 1959067.272 0.069581660
23.284 1956419.017 0.069657967
23.343 1953788.414 0.069734236
23.402 1951175.535 0.069810456
23.461 1948580.455 0.069886617
23.520 1946003.245 0.069962709
23.578 1943443.979 0.070038722
23.636 1940902.729 0.070114647
23.693 1938379.568 0.070190472
23.751 1935874.569 0.070266187
23.808 1933387.803 0.070341783
23.865 1930919.342 0.070417249
23.921 1928469.259 0.070492575
23.978 1926037.626 0.070567750
24.034 1923624.513 0.070642765
24.089 1921229.993 0.070717608
24.145 1918854.136 0.070792270
24.200 1916497.013 0.070866739
24.255 1914158.695 0.070941007
24.309 1911839.253 0.071015061
24.363 1909538.757 0.071088893
24.417 1907257.276 0.071162490
24.471 1904994.881 0.071235843
24.524 1902751.641 0.071308942
24.577 1900527.626 0.071381775
24.629 1898322.903 0.071454333
24.681 1896137.543 0.071526605
24.733 1893971.613 0.071598579
24.785 1891825.181 0.071670247
24.836 1889698.316 0.071741596
24.886 1887591.084 0.071812618
24.937 1885503.552 0.071883300
24.987 1883435.788 0.071953633
25.037 1881387.858 0.072023606
25.086 1879359.828 0.072093209
25.135 1877351.764 0.072162431
25.183 1875363.730 0.072231262
25.231 1873395.792 0.072299691
25.279 1871448.015 0.072367707
25.326 1869520.462 0.072435301
25.373 1867613.197 0.072502462
25.420 1865726.284 0.072569180
25.466 1863859.785 0.072635444
25.512 1862013.763 0.072701244
25.557 1860188.280 0.072766569
25.602 1858383.398 0.072831410
25.646 1856599.176 0.072895756
25.690 1854835.677 0.072959596
25.734 1853092.960 0.073022922
25.777 1851371.084 0.073085723
25.820 1849670.110 0.073147988
25.862 1847990.095 0.073209708
25.904 1846331.097 0.073270872
25.945 1844693.175 0.073331471
25.986 1843076.384 0.073391496
26.027 1841480.782 0.073450935
26.067 1839906.425 0.073509780
26.106 1838353.367 0.073568021
26.145 1836821.664 0.073625648
26.184 1835311.370 0.073682651
26.222 1833822.538 0.073739022
26.259 1832355.222 0.073794751
26.296 1830909.473 0.073849828
26.333 1829485.344 0.073904244
26.369 1828082.885 0.073957991
26.405 1826702.148 0.074011058
26.440 1825343.182 0.074063437
26.474 1824006.036 0.074115120
26.509 1822690.759 0.074166097
26.542 1821397.399 0.074216359
26.575 1820126.003 0.074265899
26.608 1818876.617 0.074314707
26.640 1817649.288 0.074362775
26.671 1816444.060 0.074410095
26.702 1815260.978 0.074456658
26.733 1814100.086 0.074502457
26.762 1812961.426 0.074547483
26.792 1811845.042 0.074591728
26.821 1810750.973 0.074635186
26.849 1809679.263 0.074677847
26.876 1808629.949 0.074719706
26.904 1807603.072 0.074760753
26.930 1806598.670 0.074800982
26.956 1805616.781 0.074840386
26.982 1804657.442 0.074878958
27.006 1803720.689 0.074916691
27.031 1802806.556 0.074953577
27.055 1801915.080 0.074989612
27.078 1801046.294 0.075024787
27.100 1800200.230 0.075059097
27.122 1799376.921 0.075092535
27.144 1798576.397 0.075125096
27.165 1797798.691 0.075156774
27.185 1797043.830 0.075187562
27.205 1796311.845 0.075217455
27.224 1795602.762 0.075246448
27.242 1794916.609 0.075274535
27.260 1794253.413 0.075301712
27.277 1793613.198 0.075327973
27.294 1792995.989 0.075353313
27.310 1792401.810 0.075377728
27.326 1791830.683 0.075401213
27.340 1791282.631 0.075423765
27.355 1790757.674 0.075445378
27.368 1790255.832 0.075466049
27.381 1789777.125 0.075485773
27.394 1789321.571 0.075504548
27.406 1788889.188 0.075522370
27.417 1788479.991 0.075539235
27.428 1788093.997 0.075555141
27.438 1787731.220 0.075570083
27.447 1787391.673 0.075584061
27.456 1787075.371 0.075597070
27.464 1786782.324 0.075609108
27.471 1786512.544 0.075620174
27.478 1786266.040 0.075630265
27.485 1786042.823 0.075639379
27.490 1785842.899 0.075647515
27.495 1785666.277 0.075654670
27.500 1785512.963 0.075660844
27.503 1785382.962 0.075666035
27.506 1785276.279 0.075670243
27.509 1785192.918 0.075673466
27.511 1785132.880 0.075675704
27.512 1785096.168 0.075676956
27.513 1785082.782 0.075677223
27.513 1785092.723 0.075676504
27.512 1785125.989 0.075674799
27.511 1785182.578 0.075672109
27.509 1785262.487 0.075668433
27.507 1785365.713 0.075663773
27.504 1785492.250 0.075658130
27.500 1785642.092 0.075651504
27.495 1785815.234 0.075643897
27.490 1786011.667 0.075635309
27.485 1786231.382 0.075625744
27.479 1786474.371 0.075615202
27.472 1786740.623 0.075603685
27.464 1787030.126 0.075591195
27.456 1787342.868 0.075577735
27.447 1787678.836 0.075563308
27.438 1788038.017 0.075547915
27.428 1788420.394 0.075531559
27.418 1788825.952 0.075514245
27.406 1789254.674 0.075495974
27.395 1789706.543 0.075476750
27.382 1790181.539 0.075456577
27.369 1790679.644 0.075435458
27.356 1791200.836 0.075413397
27.341 1791745.094 0.075390398
27.327 1792312.397 0.075366466
27.311 1792902.721 0.075341605
27.295 1793516.043 0.075315818
27.278 1794152.336 0.075289112
27.261 1794811.576 0.075261490
27.243 1795493.736 0.075232958
27.225 1796198.789 0.075203521
27.206 1796926.706 0.075173184
27.186 1797677.458 0.075141952
27.166 1798451.015 0.075109832
27.145 1799247.346 0.075076829
27.124 1800066.420 0.075042949
27.102 1800908.204 0.075008197
27.080 1801772.666 0.074972581
27.056 1802659.769 0.074936106
27.033 1803569.481 0.074898780
27.009 1804501.765 0.074860608
26.984 1805456.585 0.074821597
26.958 1806433.902 0.074781755
26.932 1807433.680 0.074741087
26.906 1808455.880 0.074699602
26.879 1809500.461 0.074657307
26.851 1810567.383 0.074614209
26.823 1811656.606 0.074570316
26.795 1812768.086 0.074525634
26.765 1813901.783 0.074480173
26.736 1815057.652 0.074433939
26.705 1816235.649 0.074386942
26.674 1817435.729 0.074339188
26.643 1818657.847 0.074290686
26.611 1819901.957 0.074241445
26.579 1821168.012 0.074191472
26.546 1822455.964 0.074140777
26.512 1823765.765 0.074089367
26.479 1825097.366 0.074037253
26.444 1826450.718 0.073984441
26.409 1827825.769 0.073930942
26.374 1829222.470 0.073876764
26.338 1830640.769 0.073821916
26.301 1832080.613 0.073766408
26.264 1833541.951 0.073710248
26.227 1835024.728 0.073653446
26.189 1836528.890 0.073596012
26.151 1838054.383 0.073537954
26.112 1839601.152 0.073479282
26.072 1841169.141 0.073420006
26.033 1842758.294 0.073360135
25.992 1844368.554 0.073299679
25.952 1845999.864 0.073238648
25.910 1847652.165 0.073177052
25.869 1849325.400 0.073114900
25.827 1851019.508 0.073052203
25.784 1852734.432 0.072988969
25.741 1854470.110 0.072925210
25.698 1856226.482 0.072860936
25.654 1858003.488 0.072796156
25.610 1859801.065 0.072730881
25.565 1861619.152 0.072665120
25.520 1863457.687 0.072598884
25.475 1865316.607 0.072532184
25.429 1867195.848 0.072465029
25.382 1869095.347 0.072397430
25.336 1871015.039 0.072329397
25.289 1872954.861 0.072260940
25.241 1874914.746 0.072192070
25.193 1876894.631 0.072122797
25.145 1878894.449 0.072053132
25.096 1880914.134 0.071983085
25.047 1882953.620 0.071912666
24.998 1885012.839 0.071841886
24.948 1887091.726 0.071770755
24.898 1889190.211 0.071699284
24.848 1891308.228 0.071627484
24.797 1893445.708 0.071555363
24.745 1895602.583 0.071482934
24.694 1897778.784 0.071410206
24.642 1899974.242 0.071337191
24.590 1902188.888 0.071263897
24.537 1904422.651 0.071190337
24.484 1906675.463 0.071116520
24.431 1908947.253 0.071042456
24.378 1911237.950 0.070968157
24.324 1913547.484 0.070893632
24.270 1915875.784 0.070818891
24.215 1918222.778 0.070743946
24.160 1920588.397 0.070668807
24.105 1922972.567 0.070593483
24.050 1925375.218 0.070517985
23.994 1927796.277 0.070442324
23.938 1930235.672 0.070366510
23.882 1932693.331 0.070290552
23.826 1935169.181 0.070214461
23.769 1937663.150 0.070138248
23.712 1940175.164 0.070061922
23.654 1942705.152 0.069985493
23.597 1945253.040 0.069908972
23.539 1947818.754 0.069832368
23.481 1950402.222 0.069755692
23.422 1953003.369 0.069678953
23.364 1955622.123 0.069602162
23.305 1958258.409 0.069525328
23.246 1960912.154 0.069448462
23.187 1963583.285 0.069371572
23.127 1966271.726 0.069294669
23.067 1968977.404 0.069217762
23.007 1971700.246 0.069140862
22.947 1974440.176 0.069063978
22.886 1977197.121 0.068987118
22.826 1979971.006 0.068910294
22.765 1982761.757 0.068833515
22.704 1985569.301 0.068756789
22.643 1988393.561 0.068680127
22.581 1991234.465 0.068603537
22.519 1994091.938 0.068527030
22.457 1996965.906 0.068450614
22.395 1999856.293 0.068374299
22.333 2002763.026 0.068298093
22.271 2005686.031 0.068222006
22.208 2008625.233 0.068146048
22.145 2011580.557 0.068070226
22.082 2014551.930 0.067994551
22.019 2017539.277 0.067919030
21.956 2020542.524 0.067843673
21.892 2023561.597 0.067768489
21.829 2026596.422 0.067693487
21.765 2029646.924 0.067618675
21.701 2032713.031 0.067544061
21.637 2035794.666 0.067469656
21.573 2038891.758 0.067395466
21.509 2042004.232 0.067321501
21.444 2045132.015 0.067247770
21.379 2048275.032 0.067174280
21.315 2051433.211 0.067101039
21.250 2054606.478 0.067028058
29.096 1731442.281 0.077980355
29.161 1729174.979 0.078087302
29.227 1726928.804 0.078193743
29.291 1724703.841 0.078299663
29.356 1722500.174 0.078405046
29.420 1720317.884 0.078509875
29.483 1718157.056 0.078614136
29.546 1716017.772 0.078717812
29.609 1713900.113 0.078820886
29.671 1711804.162 0.078923344
29.732 1709729.999 0.079025169
29.793 1707677.705 0.079126344
29.854 1705647.361 0.079226855
29.914 1703639.046 0.079326684
29.974 1701652.839 0.079425817
30.033 1699688.819 0.079524237
30.091 1697747.065 0.079621927
30.149 1695827.653 0.079718873
30.207 1693930.662 0.079815058
30.264 1692056.167 0.079910467
30.320 1690204.244 0.080005083
30.376 1688374.970 0.080098891
30.431 1686568.418 0.080191876
30.486 1684784.663 0.080284020
30.540 1683023.778 0.080375310
30.594 1681285.836 0.080465729
30.647 1679570.909 0.080555261
30.699 1677879.070 0.080643892
30.751 1676210.388 0.080731606
30.802 1674564.934 0.080818388
30.853 1672942.777 0.080904223
30.903 1671343.987 0.080989095
30.952 1669768.630 0.081072989
31.001 1668216.774 0.081155892
31.049 1666688.486 0.081237787
31.097 1665183.832 0.081318661
31.143 1663702.875 0.081398498
31.190 1662245.681 0.081477284
31.235 1660812.312 0.081555006
31.280 1659402.831 0.081631648
31.324 1658017.300 0.081707197
31.368 1656655.779 0.081781639
31.410 1655318.328 0.081854960
31.453 1654005.006 0.081927146
31.494 1652715.872 0.081998185
31.535 1651450.981 0.082068062
31.575 1650210.392 0.082136765
31.614 1648994.159 0.082204281
31.653 1647802.336 0.082270596
31.691 1646634.977 0.082335699
31.728 1645492.135 0.082399577
31.764 1644373.861 0.082462217
31.800 1643280.205 0.082523609
31.835 1642211.217 0.082583739
31.869 1641166.947 0.082642596
31.902 1640147.440 0.082700169
31.935 1639152.744 0.082756447
31.967 1638182.904 0.082811419
31.998 1637237.965 0.082865073
32.029 1636317.970 0.082917400
32.058 1635422.962 0.082968388
32.087 1634552.981 0.083018029
32.115 1633708.068 0.083066312
32.142 1632888.261 0.083113227
32.169 1632093.600 0.083158765
32.195 1631324.119 0.083202918
32.219 1630579.857 0.083245676
32.244 1629860.846 0.083287030
32.267 1629167.120 0.083326973
32.289 1628498.713 0.083365496
32.311 1627855.654 0.083402591
32.332 1627237.974 0.083438252
32.352 1626645.701 0.083472470
32.371 1626078.864 0.083505239
32.389 1625537.489 0.083536552
32.407 1625021.602 0.083566403
32.424 1624531.225 0.083594785
32.440 1624066.383 0.083621693
32.455 1623627.097 0.083647121
32.469 1623213.387 0.083671064
32.482 1622825.273 0.083693517
32.495 1622462.773 0.083714475
32.506 1622125.904 0.083733935
32.517 1621814.682 0.083751891
32.527 1621529.120 0.083768341
32.536 1621269.232 0.083783280
32.545 1621035.030 0.083796706
32.552 1620826.525 0.083808616
32.559 1620643.726 0.083819007
32.564 1620486.642 0.083827878
32.569 1620355.278 0.083835225
32.573 1620249.643 0.083841049
32.576 1620169.738 0.083845346
32.579 1620115.569 0.083848118
32.580 1620087.137 0.083849362
32.581 1620084.442 0.083849078
32.581 1620107.484 0.083847267
32.579 1620156.262 0.083843929
32.577 1620230.773 0.083839065
32.575 1620331.011 0.083832675
32.571 1620456.972 0.083824760
32.566 1620608.649 0.083815323
32.561 1620786.034 0.083804365
32.555 1620989.118 0.083791888
32.548 1621217.890 0.083777895
32.540 1621472.339 0.083762389
32.531 1621752.451 0.083745372
32.521 1622058.212 0.083726849
32.511 1622389.608 0.083706823
32.499 1622746.621 0.083685297
32.487 1623129.233 0.083662277
32.474 1623537.426 0.083637767
32.460 1623971.179 0.083611771
32.446 1624430.471 0.083584296
32.430 1624915.278 0.083555347
32.414 1625425.578 0.083524928
32.397 1625961.344 0.083493048
32.379 1626522.551 0.083459711
32.360 1627109.172 0.083424925
32.340 1627721.177 0.083388697
32.320 1628358.537 0.083351034
32.298 1629021.220 0.083311943
32.276 1629709.195 0.083271432
32.253 1630422.429 0.083229509
32.230 1631160.887 0.083186182
32.205 1631924.533 0.083141461
32.180 1632713.331 0.083095354
32.154 1633527.242 0.083047869
32.127 1634366.229 0.082999017
32.099 1635230.252 0.082948807
32.071 1636119.268 0.082897248
32.042 1637033.236 0.082844352
32.011 1637972.113 0.082790127
31.981 1638935.854 0.082734585
31.949 1639924.415 0.082677736
31.917 1640937.748 0.082619591
31.884 1641975.806 0.082560162
31.850 1643038.542 0.082499459
31.815 1644125.904 0.082437496
31.780 1645237.844 0.082374282
31.744 1646374.309 0.082309830
31.707 1647535.248 0.082244153
31.670 1648720.606 0.082177263
31.632 1649930.330 0.082109172
31.593 1651164.364 0.082039893
31.553 1652422.652 0.081969440
31.513 1653705.136 0.081897824
31.472 1655011.760 0.081825060
31.430 1656342.464 0.081751160
31.388 1657697.187 0.081676139
31.345 1659075.870 0.081600010
31.301 1660478.451 0.081522787
31.257 1661904.867 0.081444484
31.212 1663355.056 0.081365114
31.166 1664828.953 0.081284694
31.119 1666326.493 0.081203235
31.072 1667847.610 0.081120755
31.025 1669392.239 0.081037265
30.976 1670960.312 0.080952783
30.928 1672551.761 0.080867322
30.878 1674166.517 0.080780897
30.828 1675804.511 0.080693524
30.777 1677465.673 0.080605217
30.726 1679149.932 0.080515992
30.674 1680857.216 0.080425863
30.621 1682587.453 0.080334848
30.568 1684340.570 0.080242959
30.514 1686116.493 0.080150215
30.460 1687915.149 0.080056629
30.405 1689736.462 0.079962217
30.350 1691580.357 0.079866996
30.294 1693446.759 0.079770980
30.238 1695335.589 0.079674186
30.181 1697246.772 0.079576630
30.123 1699180.230 0.079478326
30.065 1701135.883 0.079379292
30.006 1703113.654 0.079279543
29.947 1705113.463 0.079179094
29.888 1707135.229 0.079077963
29.828 1709178.874 0.078976164
29.767 1711244.315 0.078873713
29.706 1713331.472 0.078770627
29.645 1715440.263 0.078666922
29.583 1717570.605 0.078562613
29.520 1719722.416 0.078457717
29.457 1721895.614 0.078352248
29.394 1724090.114 0.078246224
29.330 1726305.832 0.078139660
29.266 1728542.685 0.078032572
29.201 1730800.589 0.077924976
29.136 1733079.457 0.077816887
29.070 1735379.205 0.077708321
29.005 1737699.747 0.077599295
28.938 1740040.998 0.077489823
28.872 1742402.870 0.077379921
28.804 1744785.279 0.077269605
28.737 1747188.136 0.077158891
28.669 1749611.356 0.077047794
28.601 1752054.850 0.076936329
28.532 1754518.531 0.076824512
28.463 1757002.312 0.076712357
28.394 1759506.104 0.076599882
28.324 1762029.819 0.076487099
28.254 1764573.369 0.076374025
28.184 1767136.666 0.076260675
28.113 1769719.621 0.076147064
28.042 1772322.144 0.076033206
27.971 1774944.147 0.075919116
27.899 1777585.541 0.075804809
27.827 1780246.236 0.075690300
27.755 1782926.144 0.075575603
27.682 1785625.174 0.075460733
27.610 1788343.236 0.075345704
27.537 1791080.242 0.075230530
27.463 1793836.102 0.075115226
27.390 1796610.725 0.074999806
27.316 1799404.022 0.074884283
27.242 1802215.903 0.074768672
27.167 1805046.277 0.074652986
27.092 1807895.056 0.074537239
27.018 1810762.148 0.074421446
26.942 1813647.465 0.074305618
26.867 1816550.915 0.074189770
26.791 1819472.409 0.074073915
26.716 1822411.857 0.073958066
26.640 1825369.169 0.073842237
26.563 1828344.254 0.073726439
26.487 1831337.024 0.073610687
26.410 1834347.388 0.073494993
26.333 1837375.257 0.073379370
26.256 1840420.541 0.073263829
26.179 1843483.149 0.073148384
26.102 1846562.994 0.073033047
26.024 1849659.985 0.072917830
25.947 1852774.032 0.072802745
25.869 1855905.047 0.072687805
25.791 1859052.941 0.072573020
25.712 1862217.625 0.072458403
25.634 1865399.009 0.072343966
25.556 1868597.005 0.072229720
25.477 1871811.524 0.072115676
25.398 1875042.479 0.072001847
25.319 1878289.780 0.071888242
25.240 1881553.339 0.071774873
25.161 1884833.070 0.071661751
25.082 1888128.883 0.071548888
25.002 1891440.691 0.071436293
24.923 1894768.407 0.071323977
24.843 1898111.944 0.071211951
24.764 1901471.214 0.071100226
24.684 1904846.131 0.070988811
24.604 1908236.608 0.070877717
24.524 1911642.559 0.070766953
24.444 1915063.897 0.070656531
24.364 1918500.538 0.070546460
24.283 1921952.394 0.070436749
24.203 1925419.380 0.070327408
24.123 1928901.411 0.070218447
24.042 1932398.403 0.070109875
23.962 1935910.270 0.070001701
23.881 1939436.928 0.069893936
23.801 1942978.293 0.069786587
23.720 1946534.280 0.069679665
23.639 1950104.806 0.069573177
23.558 1953689.787 0.069467133
23.478 1957289.141 0.069361541
23.397 1960902.784 0.069256411
23.316 1964530.633 0.069151750
23.235 1968172.607 0.069047567
23.154 1971828.623 0.068943871
23.073 1975498.599 0.068840669
22.992 1979182.455 0.068737970
22.911 1982880.108 0.068635782
22.830 1986591.478 0.068534113
22.749 1990316.484 0.068432971
22.668 1994055.046 0.068332363
22.587 1997807.084 0.068232298
22.506 2001572.518 0.068132782
22.424 2005351.269 0.068033824
22.343 2009143.258 0.067935431
22.262 2012948.405 0.067837611
22.181 2016766.634 0.067740370
22.100 2020597.865 0.067643715
22.019 2024442.020 0.067547655
21.938 2028299.023 0.067452196
21.857 2032168.796 0.067357345
21.776 2036051.262 0.067263109
21.695 2039946.345 0.067169494
21.614 2043853.968 0.067076508
21.533 2047774.056 0.066984158
21.452 2051706.534 0.066892449
21.371 2055651.326 0.066801389
21.290 2059608.357 0.066710984
21.209 2063577.553 0.066621241
21.129 2067558.839 0.066532165
21.048 2071552.143 0.066443764
20.967 2075557.390 0.066356042
20.886 2079574.507 0.066269008
20.806 2083603.422 0.066182666
20.725 2087644.061 0.066097024
20.645 2091696.354 0.066012086
20.564 2095760.228 0.065927859
20.484 2099835.612 0.065844349
20.403 2103922.435 0.065761562
20.323 2108020.626 0.065679504
20.242 2112130.114 0.065598180
20.162 2116250.831 0.065517596
20.082 2120382.705 0.065437758
20.002 2124525.668 0.065358672
