20.101 2101934.539 0.066318178
20.213 2096240.567 0.066431466
20.325 2090554.503 0.066546485
20.438 2084876.417 0.066663235
20.551 2079206.380 0.066781717
20.665 2073544.465 0.066901931
20.779 2067890.742 0.067023877
20.893 2062245.287 0.067147556
21.008 2056608.172 0.067272969
21.123 2050979.473 0.067400116
21.238 2045359.264 0.067528998
21.354 2039747.622 0.067659615
21.470 2034144.623 0.067791969
21.587 2028550.345 0.067926061
21.704 2022964.865 0.068061891
21.822 2017388.263 0.068199460
21.940 2011820.619 0.068338769
22.058 2006262.011 0.068479819
22.177 2000712.522 0.068622611
22.296 1995172.233 0.068767146
22.416 1989641.227 0.068913426
22.536 1984119.587 0.069061450
22.656 1978607.397 0.069211221
22.777 1973104.742 0.069362739
22.898 1967611.708 0.069516006
23.020 1962128.380 0.069671022
23.142 1956654.847 0.069827788
23.264 1951191.197 0.069986306
23.387 1945737.517 0.070146576
23.511 1940293.899 0.070308600
23.635 1934860.432 0.070472377
23.759 1929437.207 0.070637910
23.884 1924024.317 0.070805200
24.009 1918621.855 0.070974246
24.134 1913229.915 0.071145049
24.260 1907848.591 0.071317612
24.387 1902477.979 0.071491933
24.514 1897118.176 0.071668013
24.641 1891769.278 0.071845854
24.769 1886431.384 0.072025456
24.897 1881104.593 0.072206818
25.025 1875789.006 0.072389942
25.154 1870484.722 0.072574827
25.284 1865191.845 0.072761474
25.414 1859910.476 0.072949881
25.544 1854640.719 0.073140051
25.675 1849382.680 0.073331981
25.806 1844136.463 0.073525672
25.938 1838902.175 0.073721124
26.070 1833679.924 0.073918334
26.203 1828469.817 0.074117304
26.336 1823271.966 0.074318031
26.470 1818086.478 0.074520516
26.604 1812913.467 0.074724756
26.738 1807753.045 0.074930749
26.873 1802605.324 0.075138496
27.008 1797470.420 0.075347993
27.144 1792348.447 0.075559239
27.280 1787239.522 0.075772232
27.417 1782143.762 0.075986969
27.554 1777061.286 0.076203448
27.692 1771992.213 0.076421666
27.830 1766936.664 0.076641619
27.968 1761894.760 0.076863306
28.107 1756866.623 0.077086721
28.246 1751852.378 0.077311862
28.386 1746852.149 0.077538725
28.526 1741866.061 0.077767305
28.667 1736894.242 0.077997597
28.808 1731936.820 0.078229597
28.950 1726993.923 0.078463300
29.092 1722065.681 0.078698700
29.234 1717152.226 0.078935792
29.377 1712253.690 0.079174569
29.520 1707370.206 0.079415026
29.664 1702501.908 0.079657154
29.808 1697648.933 0.079900949
29.953 1692811.416 0.080146401
30.098 1687989.496 0.080393503
30.244 1683183.311 0.080642247
30.389 1678393.002 0.080892625
30.536 1673618.709 0.081144628
30.683 1668860.575 0.081398245
30.830 1664118.743 0.081653469
30.977 1659393.357 0.081910287
31.125 1654684.564 0.082168690
31.274 1649992.509 0.082428667
31.422 1645317.342 0.082690206
31.572 1640659.210 0.082953295
31.721 1636018.264 0.083217923
31.871 1631394.655 0.083484075
32.022 1626788.536 0.083751738
32.172 1622200.060 0.084020899
32.324 1617629.383 0.084291543
32.475 1613076.659 0.084563656
32.627 1608542.045 0.084837221
32.779 1604025.701 0.085112222
32.932 1599527.784 0.085388644
33.085 1595048.456 0.085666469
33.238 1590587.877 0.085945679
33.392 1586146.211 0.086226255
33.546 1581723.621 0.086508180
33.700 1577320.272 0.086791433
33.855 1572936.330 0.087075994
34.010 1568571.962 0.087361843
34.165 1564227.336 0.087648958
34.321 1559902.621 0.087937316
34.477 1555597.987 0.088226896
34.633 1551313.607 0.088517674
34.789 1547049.652 0.088809626
34.946 1542806.296 0.089102726
35.103 1538583.713 0.089396950
35.260 1534382.080 0.089692271
35.418 1530201.572 0.089988663
35.576 1526042.368 0.090286097
35.734 1521904.646 0.090584546
35.892 1517788.586 0.090883980
36.050 1513694.369 0.091184370
36.209 1509622.176 0.091485684
36.368 1505572.190 0.091787891
36.527 1501544.595 0.092090960
36.686 1497539.575 0.092394857
36.845 1493557.315 0.092699548
37.005 1489598.003 0.093005000
37.165 1485661.825 0.093311175
37.324 1481748.969 0.093618039
37.484 1477859.625 0.093925555
37.644 1473993.982 0.094233683
37.804 1470152.232 0.094542387
37.964 1466334.564 0.094851625
38.124 1462541.173 0.095161359
38.284 1458772.250 0.095471546
38.445 1455027.990 0.095782145
38.605 1451308.587 0.096093112
38.765 1447614.236 0.096404405
38.925 1443945.133 0.096715978
39.085 1440301.474 0.097027785
39.245 1436683.457 0.097339782
39.405 1433091.278 0.097651919
39.565 1429525.137 0.097964150
39.725 1425985.232 0.098276426
39.885 1422471.761 0.098588696
40.044 1418984.926 0.098900910
40.203 1415524.926 0.099213016
35.912 1518331.578 0.090812634
35.821 1520698.986 0.090639600
35.730 1523095.493 0.090465304
35.638 1525520.961 0.090289780
35.546 1527975.247 0.090113068
35.453 1530458.209 0.089935202
35.359 1532969.705 0.089756220
35.264 1535509.592 0.089576158
35.169 1538077.724 0.089395052
35.073 1540673.959 0.089212939
34.976 1543298.150 0.089029854
34.879 1545950.151 0.088845834
34.781 1548629.817 0.088660914
34.682 1551337.000 0.088475129
34.583 1554071.553 0.088288516
34.484 1556833.328 0.088101108
34.383 1559622.177 0.087912941
34.283 1562437.951 0.087724051
34.181 1565280.501 0.087534470
34.080 1568149.679 0.087344233
33.977 1571045.333 0.087153375
33.874 1573967.315 0.086961928
33.771 1576915.475 0.086769927
33.668 1579889.661 0.086577404
33.563 1582889.724 0.086384393
33.459 1585915.512 0.086190926
33.354 1588966.875 0.085997035
33.248 1592043.663 0.085802752
33.142 1595145.722 0.085608108
33.036 1598272.904 0.085413137
32.930 1601425.056 0.085217867
32.823 1604602.027 0.085022330
32.715 1607803.666 0.084826557
32.608 1611029.822 0.084630578
32.500 1614280.344 0.084434421
32.392 1617555.081 0.084238118
32.283 1620853.882 0.084041696
32.174 1624176.596 0.083845184
32.065 1627523.072 0.083648612
31.956 1630893.161 0.083452006
31.846 1634286.711 0.083255395
31.736 1637703.572 0.083058805
31.626 1641143.595 0.082862264
31.516 1644606.630 0.082665799
31.406 1648092.527 0.082469435
31.295 1651601.138 0.082273199
31.184 1655132.313 0.082077116
31.073 1658685.904 0.081881211
30.962 1662261.763 0.081685509
30.850 1665859.742 0.081490034
30.739 1669479.694 0.081294811
30.627 1673121.471 0.081099864
30.515 1676784.926 0.080905214
30.403 1680469.913 0.080710887
30.291 1684176.287 0.080516903
30.179 1687903.902 0.080323286
30.067 1691652.612 0.080130058
29.954 1695422.274 0.079937239
29.842 1699212.743 0.079744851
29.729 1703023.875 0.079552916
29.617 1706855.528 0.079361453
29.504 1710707.558 0.079170483
29.391 1714579.825 0.078980025
29.279 1718472.185 0.078790099
29.166 1722384.498 0.078600724
29.053 1726316.624 0.078411919
28.940 1730268.423 0.078223702
28.828 1734239.755 0.078036092
28.715 1738230.482 0.077849106
28.602 1742240.465 0.077662761
28.489 1746269.567 0.077477075
28.376 1750317.652 0.077292065
28.263 1754384.581 0.077107747
28.151 1758470.221 0.076924137
28.038 1762574.436 0.076741250
27.925 1766697.090 0.076559104
27.813 1770838.052 0.076377712
27.700 1774997.187 0.076197090
27.588 1779174.362 0.076017252
27.475 1783369.447 0.075838213
27.363 1787582.309 0.075659987
27.250 1791812.819 0.075482587
27.138 1796060.846 0.075306027
27.026 1800326.262 0.075130321
26.914 1804608.937 0.074955480
26.802 1808908.745 0.074781519
26.690 1813225.557 0.074608448
26.578 1817559.248 0.074436281
26.467 1821909.692 0.074265029
26.355 1826276.765 0.074094704
26.244 1830660.340 0.073925317
26.132 1835060.296 0.073756879
26.021 1839476.510 0.073589401
25.910 1843908.858 0.073422895
25.799 1848357.220 0.073257369
25.688 1852821.475 0.073092835
25.578 1857301.504 0.072929302
25.467 1861797.186 0.072766781
25.357 1866308.404 0.072605280
25.246 1870835.039 0.072444808
25.136 1875376.974 0.072285376
25.026 1879934.094 0.072126992
24.917 1884506.282 0.071969665
24.807 1889093.424 0.071813403
24.698 1893695.406 0.071658214
24.588 1898312.113 0.071504107
24.479 1902943.434 0.071351089
24.370 1907589.256 0.071199169
24.261 1912249.468 0.071048354
24.153 1916923.960 0.070898651
24.044 1921612.622 0.070750068
23.936 1926315.344 0.070602611
23.828 1931032.019 0.070456289
23.720 1935762.539 0.070311107
23.613 1940506.796 0.070167072
23.505 1945264.686 0.070024191
23.398 1950036.102 0.069882471
23.291 1954820.939 0.069741916
23.184 1959619.094 0.069602534
23.077 1964430.464 0.069464331
22.971 1969254.945 0.069327312
22.864 1974092.436 0.069191484
22.758 1978942.836 0.069056851
22.652 1983806.044 0.068923419
22.547 1988681.961 0.068791195
22.441 1993570.487 0.068660182
22.336 1998471.525 0.068530387
22.231 2003384.976 0.068401814
22.126 2008310.744 0.068274469
22.022 2013248.733 0.068148356
21.917 2018198.846 0.068023481
21.813 2023160.990 0.067899848
21.709 2028135.069 0.067777462
21.605 2033120.991 0.067656327
21.502 2038118.663 0.067536448
21.399 2043127.992 0.067417831
21.295 2048148.887 0.067300478
21.193 2053181.257 0.067184395
21.090 2058225.013 0.067069586
20.988 2063280.064 0.066956055
20.885 2068346.323 0.066843807
20.783 2073423.700 0.066732846
20.682 2078512.109 0.066623175
20.580 2083611.463 0.066514800
20.479 2088721.675 0.066407725
20.378 2093842.659 0.066301952
20.277 2098974.332 0.066197487
20.176 2104116.609 0.066094334
20.076 2109269.407 0.065992497
