20.033 2107285.392 0.066157207
20.090 2104371.778 0.066213949
20.147 2101477.358 0.066270801
20.204 2098602.215 0.066327753
20.260 2095746.430 0.066384795
20.316 2092910.086 0.066441917
20.372 2090093.264 0.066499108
20.428 2087296.045 0.066556359
20.483 2084518.511 0.066613660
20.538 2081760.743 0.066671000
20.593 2079022.821 0.066728368
20.648 2076304.827 0.066785755
20.702 2073606.841 0.066843151
20.756 2070928.943 0.066900545
20.810 2068271.215 0.066957926
20.864 2065633.735 0.067015286
20.917 2063016.585 0.067072612
20.970 2060419.843 0.067129896
21.023 2057843.588 0.067187126
21.075 2055287.901 0.067244293
21.127 2052752.860 0.067301386
21.179 2050238.543 0.067358394
21.230 2047745.029 0.067415308
21.281 2045272.397 0.067472117
21.332 2042820.723 0.067528811
21.382 2040390.086 0.067585379
21.433 2037980.562 0.067641811
21.482 2035592.229 0.067698097
21.532 2033225.164 0.067754226
21.581 2030879.442 0.067810189
21.630 2028555.139 0.067865974
21.678 2026252.331 0.067921572
21.726 2023971.093 0.067976972
21.774 2021711.500 0.068032164
21.821 2019473.626 0.068087138
21.868 2017257.545 0.068141883
21.915 2015063.332 0.068196390
21.961 2012891.058 0.068250648
22.007 2010740.798 0.068304646
22.053 2008612.622 0.068358375
22.098 2006506.604 0.068411825
22.143 2004422.815 0.068464986
22.187 2002361.324 0.068517847
22.231 2000322.204 0.068570398
22.275 1998305.524 0.068622630
22.318 1996311.353 0.068674532
22.361 1994339.761 0.068726095
22.403 1992390.816 0.068777308
22.445 1990464.586 0.068828163
22.486 1988561.138 0.068878648
22.528 1986680.539 0.068928755
22.568 1984822.855 0.068978473
22.608 1982988.153 0.069027793
22.648 1981176.496 0.069076705
22.688 1979387.951 0.069125200
22.727 1977622.580 0.069173269
22.765 1975880.447 0.069220901
22.803 1974161.615 0.069268088
22.841 1972466.146 0.069314820
22.878 1970794.101 0.069361088
22.915 1969145.542 0.069406883
22.951 1967520.527 0.069452195
22.987 1965919.117 0.069497017
23.022 1964341.370 0.069541338
23.057 1962787.344 0.069585150
23.091 1961257.097 0.069628444
23.125 1959750.686 0.069671211
23.158 1958268.166 0.069713444
23.191 1956809.592 0.069755132
23.224 1955375.019 0.069796269
23.256 1953964.501 0.069836845
23.287 1952578.091 0.069876852
23.318 1951215.840 0.069916283
23.348 1949877.801 0.069955128
23.378 1948564.023 0.069993381
23.408 1947274.557 0.070031033
23.436 1946009.451 0.070068076
23.465 1944768.754 0.070104503
23.493 1943552.513 0.070140307
23.520 1942360.775 0.070175480
23.547 1941193.586 0.070210014
23.573 1940050.989 0.070243903
23.599 1938933.030 0.070277139
23.624 1937839.751 0.070309716
23.649 1936771.194 0.070341626
23.673 1935727.402 0.070372864
23.696 1934708.414 0.070403422
23.720 1933714.270 0.070433294
23.742 1932745.009 0.070462473
23.764 1931800.668 0.070490954
23.785 1930881.284 0.070518731
23.806 1929986.894 0.070545798
23.827 1929117.532 0.070572148
23.846 1928273.233 0.070597777
23.866 1927454.029 0.070622678
23.884 1926659.952 0.070646847
23.902 1925891.035 0.070670279
23.920 1925147.306 0.070692968
23.937 1924428.796 0.070714909
23.953 1923735.532 0.070736098
23.969 1923067.543 0.070756530
23.984 1922424.854 0.070776201
23.999 1921807.490 0.070795106
24.013 1921215.477 0.070813242
24.026 1920648.837 0.070830604
24.039 1920107.592 0.070847189
24.051 1919591.765 0.070862993
24.063 1919101.375 0.070878013
24.074 1918636.441 0.070892245
24.085 1918196.983 0.070905686
24.095 1917783.017 0.070918333
24.104 1917394.559 0.070930184
24.113 1917031.624 0.070941236
24.121 1916694.228 0.070951486
24.129 1916382.382 0.070960932
24.136 1916096.100 0.070969572
24.142 1915835.391 0.070977404
24.148 1915600.266 0.070984427
24.153 1915390.734 0.070990638
26.096 1835496.373 0.073768921
26.070 1836522.018 0.073729642
26.044 1837573.896 0.073689455
26.017 1838651.959 0.073648371
25.990 1839756.159 0.073606397
25.962 1840886.448 0.073563542
25.933 1842042.776 0.073519815
25.904 1843225.091 0.073475225
25.874 1844433.342 0.073429780
25.843 1845667.476 0.073383491
25.812 1846927.438 0.073336366
25.780 1848213.175 0.073288415
25.748 1849524.629 0.073239648
25.715 1850861.745 0.073190075
25.681 1852224.464 0.073139705
25.647 1853612.728 0.073088549
25.612 1855026.477 0.073036617
25.577 1856465.651 0.072983919
25.541 1857930.188 0.072930466
25.505 1859420.026 0.072876268
25.468 1860935.103 0.072821336
25.430 1862475.353 0.072765681
25.392 1864040.713 0.072709314
25.354 1865631.117 0.072652245
25.314 1867246.498 0.072594487
25.275 1868886.789 0.072536050
25.234 1870551.922 0.072476945
25.194 1872241.829 0.072417183
25.152 1873956.439 0.072356777
25.110 1875695.682 0.072295738
25.068 1877459.488 0.072234078
25.025 1879247.784 0.072171808
24.982 1881060.499 0.072108939
24.938 1882897.558 0.072045485
24.893 1884758.889 0.071981456
24.848 1886644.415 0.071916866
24.803 1888554.063 0.071851725
24.757 1890487.757 0.071786046
24.711 1892445.419 0.071719841
24.664 1894426.973 0.071653122
24.617 1896432.341 0.071585902
24.569 1898461.444 0.071518193
24.521 1900514.204 0.071450007
24.472 1902590.542 0.071381357
24.423 1904690.376 0.071312255
24.373 1906813.627 0.071242713
24.323 1908960.214 0.071172744
24.273 1911130.054 0.071102360
24.222 1913323.066 0.071031574
24.171 1915539.167 0.070960399
24.119 1917778.274 0.070888846
24.067 1920040.303 0.070816929
24.014 1922325.170 0.070744660
23.961 1924632.791 0.070672051
23.908 1926963.081 0.070599116
23.854 1929315.954 0.070525867
23.800 1931691.324 0.070452316
23.745 1934089.106 0.070378476
23.691 1936509.213 0.070304359
23.635 1938951.558 0.070229979
23.580 1941416.054 0.070155347
23.524 1943902.613 0.070080476
23.467 1946411.147 0.070005379
23.411 1948941.568 0.069930069
23.353 1951493.787 0.069854557
23.296 1954067.716 0.069778856
23.238 1956663.266 0.069702979
23.180 1959280.346 0.069626938
23.122 1961918.868 0.069550745
23.063 1964578.741 0.069474414
23.004 1967259.875 0.069397955
22.944 1969962.180 0.069321382
22.885 1972685.566 0.069244707
22.825 1975429.941 0.069167942
22.764 1978195.214 0.069091099
22.704 1980981.295 0.069014191
22.643 1983788.091 0.068937229
22.582 1986615.512 0.068860226
22.520 1989463.465 0.068783193
22.458 1992331.860 0.068706143
22.396 1995220.603 0.068629088
22.334 1998129.603 0.068552039
22.271 2001058.768 0.068475009
22.209 2004008.006 0.068398009
22.146 2006977.223 0.068321051
22.082 2009966.329 0.068244146
22.019 2012975.229 0.068167307
21.955 2016003.833 0.068090545
21.891 2019052.046 0.068013871
21.826 2022119.777 0.067937298
21.762 2025206.932 0.067860836
21.697 2028313.420 0.067784496
21.632 2031439.147 0.067708291
21.567 2034584.021 0.067632232
21.502 2037747.948 0.067556329
21.436 2040930.837 0.067480594
21.370 2044132.595 0.067405038
21.304 2047353.128 0.067329672
21.238 2050592.345 0.067254508
21.172 2053850.152 0.067179555
21.105 2057126.458 0.067104825
21.038 2060421.170 0.067030329
20.971 2063734.195 0.066956077
20.904 2067065.441 0.066882080
20.837 2070414.816 0.066808350
20.770 2073782.228 0.066734895
20.702 2077167.585 0.066661728
20.634 2080570.795 0.066588858
20.566 2083991.767 0.066516296
20.498 2087430.407 0.066444052
20.430 2090886.626 0.066372137
20.362 2094360.331 0.066300560
20.293 2097851.432 0.066229332
20.224 2101359.837 0.066158463
20.156 2104885.455 0.066087964
20.087 2108428.195 0.066017843
20.018 2111987.968 0.065948112
