20.030 2109889.139 0.066032132
20.143 2104126.266 0.066144766
20.256 2098370.972 0.066259166
20.370 2092623.325 0.066375334
20.484 2086883.396 0.066493270
20.598 2081151.255 0.066612975
20.713 2075426.972 0.066734450
20.828 2069710.621 0.066857696
20.944 2064002.271 0.066982714
21.060 2058301.998 0.067109506
21.176 2052609.875 0.067238072
21.293 2046925.975 0.067368414
21.410 2041250.375 0.067500534
21.528 2035583.150 0.067634432
21.646 2029924.376 0.067770110
21.764 2024274.131 0.067907571
21.883 2018632.493 0.068046814
22.003 2012999.540 0.068187843
22.123 2007375.353 0.068330658
22.243 2001760.010 0.068475262
22.363 1996153.594 0.068621656
22.485 1990556.187 0.068769841
22.606 1984967.869 0.068919821
22.728 1979388.726 0.069071595
22.851 1973818.841 0.069225167
22.973 1968258.298 0.069380538
23.097 1962707.185 0.069537710
23.221 1957165.586 0.069696684
23.345 1951633.590 0.069857463
23.469 1946111.285 0.070020048
23.595 1940598.759 0.070184441
23.720 1935096.103 0.070350644
23.846 1929603.406 0.070518659
23.973 1924120.762 0.070688487
24.100 1918648.261 0.070860129
24.227 1913185.998 0.071033589
24.355 1907734.066 0.071208867
24.483 1902292.561 0.071385964
24.612 1896861.577 0.071564883
24.741 1891441.213 0.071745624
24.871 1886031.566 0.071928190
25.001 1880632.734 0.072112581
25.132 1875244.818 0.072298798
25.263 1869867.916 0.072486844
25.395 1864502.132 0.072676718
25.527 1859147.566 0.072868422
25.659 1853804.323 0.073061957
25.793 1848472.507 0.073257323
25.926 1843152.223 0.073454522
26.060 1837843.577 0.073653553
26.195 1832546.676 0.073854417
26.329 1827261.629 0.074057114
26.465 1821988.545 0.074261645
26.601 1816727.533 0.074468009
26.737 1811478.705 0.074676207
26.874 1806242.174 0.074886238
27.012 1801018.051 0.075098101
27.149 1795806.453 0.075311796
27.288 1790607.493 0.075527322
27.427 1785421.289 0.075744679
27.566 1780247.957 0.075963864
27.706 1775087.616 0.076184876
27.846 1769940.385 0.076407715
27.987 1764806.386 0.076632377
28.128 1759685.740 0.076858862
28.270 1754578.569 0.077087166
28.412 1749484.997 0.077317287
28.555 1744405.150 0.077549222
28.698 1739339.153 0.077782968
28.841 1734287.133 0.078018523
28.986 1729249.219 0.078255881
29.130 1724225.541 0.078495040
29.275 1719216.227 0.078735996
29.421 1714221.412 0.078978743
29.567 1709241.226 0.079223277
29.714 1704275.804 0.079469592
29.861 1699325.281 0.079717685
30.008 1694389.794 0.079967547
30.156 1689469.480 0.080219174
30.305 1684564.476 0.080472559
30.454 1679674.924 0.080727695
30.603 1674800.964 0.080984574
30.753 1669942.738 0.081243190
30.903 1665100.389 0.081503533
31.054 1660274.062 0.081765596
31.206 1655463.903 0.082029370
31.357 1650670.058 0.082294845
31.510 1645892.675 0.082562011
31.662 1641131.904 0.082830858
31.815 1636387.895 0.083101376
31.969 1631660.799 0.083373553
32.123 1626950.770 0.083647377
32.278 1622257.961 0.083922837
32.432 1617582.529 0.084199920
32.588 1612924.628 0.084478612
32.744 1608284.418 0.084758899
32.900 1603662.056 0.085040768
33.056 1599057.703 0.085324204
33.214 1594471.521 0.085609190
33.371 1589903.671 0.085895711
33.529 1585354.317 0.086183751
33.687 1580823.625 0.086473292
33.846 1576311.760 0.086764316
34.005 1571818.890 0.087056805
34.165 1567345.183 0.087350739
34.324 1562890.810 0.087646100
34.485 1558455.940 0.087942865
34.645 1554040.746 0.088241015
34.806 1549645.401 0.088540528
34.968 1545270.080 0.088841381
35.129 1540914.958 0.089143550
35.291 1536580.212 0.089447013
35.454 1532266.020 0.089751743
35.616 1527972.562 0.090057716
35.779 1523700.016 0.090364906
35.943 1519448.565 0.090673286
36.106 1515218.391 0.090982827
36.270 1511009.678 0.091293502
36.435 1506822.610 0.091605281
36.599 1502657.373 0.091918133
36.764 1498514.154 0.092232029
36.929 1494393.141 0.092546937
37.094 1490294.523 0.092862822
37.260 1486218.489 0.093179653
37.425 1482165.232 0.093497395
37.591 1478134.943 0.093816013
37.757 1474127.814 0.094135470
37.923 1470144.041 0.094455730
38.090 1466183.818 0.094776755
38.257 1462247.340 0.095098507
38.423 1458334.806 0.095420944
38.590 1454446.412 0.095744028
38.757 1450582.358 0.096067716
38.924 1446742.842 0.096391967
39.091 1442928.065 0.096716736
39.259 1439138.229 0.097041980
39.426 1435373.535 0.097367653
39.593 1431634.186 0.097693710
39.761 1427920.385 0.098020103
39.928 1424232.337 0.098346784
40.095 1420570.247 0.098673705
40.263 1416934.319 0.099000815
40.430 1413324.761 0.099328064
40.597 1409741.779 0.099655399
40.764 1406185.580 0.099982769
40.931 1402656.372 0.100310119
41.098 1399154.364 0.100637395
41.264 1395679.764 0.100964540
41.431 1392232.782 0.101291500
41.597 1388813.627 0.101618216
41.763 1385422.509 0.101944629
41.929 1382059.640 0.102270682
42.095 1378725.228 0.102596312
42.260 1375419.486 0.102921461
42.425 1372142.625 0.103246064
42.590 1368894.855 0.103570060
42.754 1365676.388 0.103893385
42.918 1362487.435 0.104215974
43.081 1359328.209 0.104537761
43.244 1356198.919 0.104858681
43.407 1353099.779 0.105178667
43.569 1350030.999 0.105497650
43.730 1346992.790 0.105815562
43.891 1343985.363 0.106132333
44.051 1341008.929 0.106447894
44.211 1338063.698 0.106762173
47.164 1286434.451 0.112634284
46.943 1290065.007 0.112199576
46.723 1293724.493 0.111764959
46.502 1297412.662 0.111330513
46.282 1301129.266 0.110896313
46.062 1304874.058 0.110462436
45.843 1308646.792 0.110028955
45.624 1312447.223 0.109595941
45.406 1316275.108 0.109163465
45.187 1320130.203 0.108731597
44.970 1324012.267 0.108300402
44.753 1327921.060 0.107869947
44.536 1331856.342 0.107440295
44.320 1335817.874 0.107011509
44.104 1339805.420 0.106583649
43.889 1343818.744 0.106156776
43.674 1347857.612 0.105730946
43.460 1351921.791 0.105306217
43.246 1356011.047 0.104882642
43.034 1360125.153 0.104460274
42.821 1364263.877 0.104039166
42.609 1368426.993 0.103619368
42.398 1372614.273 0.103200929
42.188 1376825.494 0.102783896
41.978 1381060.432 0.102368315
41.769 1385318.865 0.101954230
41.561 1389600.572 0.101541685
41.353 1393905.335 0.101130722
41.146 1398232.936 0.100721381
40.939 1402583.159 0.100313701
40.734 1406955.789 0.099907721
40.529 1411350.615 0.099503477
40.324 1415767.424 0.099101004
40.121 1420206.007 0.098700337
39.918 1424666.156 0.098301508
39.716 1429147.663 0.097904549
39.514 1433650.325 0.097509491
39.314 1438173.938 0.097116363
39.114 1442718.299 0.096725194
38.915 1447283.209 0.096336010
38.717 1451868.469 0.095948839
38.519 1456473.881 0.095563704
38.322 1461099.252 0.095180630
38.126 1465744.386 0.094799640
37.931 1470409.092 0.094420756
37.736 1475093.179 0.094043999
37.543 1479796.457 0.093669388
37.350 1484518.741 0.093296944
37.158 1489259.843 0.092926684
36.966 1494019.580 0.092558626
36.776 1498797.769 0.092192786
36.586 1503594.230 0.091829180
36.397 1508408.782 0.091467822
36.209 1513241.249 0.091108727
36.021 1518091.453 0.090751907
35.835 1522959.221 0.090397375
35.649 1527844.379 0.090045143
35.464 1532746.756 0.089695222
35.280 1537666.182 0.089347621
35.096 1542602.489 0.089002351
34.914 1547555.510 0.088659419
34.732 1552525.080 0.088318835
34.551 1557511.035 0.087980606
34.370 1562513.213 0.087644739
34.191 1567531.453 0.087311240
34.012 1572565.597 0.086980114
33.834 1577615.486 0.086651368
33.657 1582680.965 0.086325005
33.481 1587761.879 0.086001030
33.305 1592858.076 0.085679446
33.130 1597969.403 0.085360257
32.956 1603095.710 0.085043464
32.783 1608236.849 0.084729070
32.610 1613392.672 0.084417077
32.439 1618563.034 0.084107486
32.268 1623747.790 0.083800298
32.098 1628946.797 0.083495512
31.928 1634159.915 0.083193130
31.760 1639387.002 0.082893150
31.592 1644627.920 0.082595572
31.425 1649882.531 0.082300395
31.258 1655150.700 0.082007617
31.093 1660432.292 0.081717236
30.928 1665727.174 0.081429251
30.763 1671035.214 0.081143658
30.600 1676356.280 0.080860456
30.437 1681690.245 0.080579641
30.275 1687036.979 0.080301210
30.114 1692396.356 0.080025159
29.954 1697768.251 0.079751485
29.794 1703152.540 0.079480183
29.635 1708549.099 0.079211250
29.477 1713957.807 0.078944681
29.319 1719378.543 0.078680471
29.162 1724811.190 0.078418616
29.006 1730255.627 0.078159110
28.851 1735711.740 0.077901949
28.696 1741179.411 0.077647126
28.542 1746658.528 0.077394637
28.388 1752148.976 0.077144476
28.236 1757650.643 0.076896636
28.084 1763163.419 0.076651113
27.933 1768687.195 0.076407900
27.782 1774221.860 0.076166990
27.632 1779767.309 0.075928378
27.483 1785323.434 0.075692057
27.334 1790890.130 0.075458021
27.186 1796467.293 0.075226264
27.039 1802054.820 0.074996777
26.892 1807652.609 0.074769556
26.746 1813260.559 0.074544593
26.601 1818878.570 0.074321881
26.456 1824506.543 0.074101414
26.312 1830144.380 0.073883184
26.169 1835791.984 0.073667185
26.026 1841449.259 0.073453410
25.884 1847116.110 0.073241851
25.743 1852792.445 0.073032503
25.602 1858478.168 0.072825357
25.462 1864173.190 0.072620407
25.322 1869877.418 0.072417645
25.183 1875590.762 0.072217066
25.045 1881313.134 0.072018661
24.907 1887044.444 0.071822423
24.770 1892784.607 0.071628347
24.633 1898533.535 0.071436424
24.497 1904291.143 0.071246649
24.362 1910057.346 0.071059013
24.227 1915832.060 0.070873511
24.093 1921615.203 0.070690135
23.959 1927406.693 0.070508878
23.826 1933206.448 0.070329735
23.694 1939014.388 0.070152698
23.562 1944830.433 0.069977761
23.431 1950654.505 0.069804917
23.300 1956486.526 0.069634159
23.170 1962326.418 0.069465482
23.040 1968174.106 0.069298879
22.911 1974029.514 0.069134344
22.782 1979892.567 0.068971871
22.654 1985763.191 0.068811453
22.527 1991641.313 0.068653085
22.400 1997526.861 0.068496760
22.273 2003419.762 0.068342474
22.148 2009319.946 0.068190220
22.022 2015227.343 0.068039992
21.897 2021141.882 0.067891786
21.773 2027063.495 0.067745596
21.649 2032992.115 0.067601416
21.526 2038927.672 0.067459242
21.403 2044870.102 0.067319068
21.281 2050819.337 0.067180890
21.159 2056775.312 0.067044703
21.038 2062737.963 0.066910502
20.918 2068707.225 0.066778282
20.797 2074683.035 0.066648040
20.678 2080665.329 0.066519770
20.558 2086654.047 0.066393470
20.440 2092649.126 0.066269134
20.321 2098650.506 0.066146760
20.203 2104658.125 0.066026343
20.086 2110671.925 0.065907880
