20.017 2107487.309 0.066172062
20.101 2103201.804 0.066255903
20.184 2098930.915 0.066340517
20.268 2094674.735 0.066425893
20.352 2090433.357 0.066512024
20.436 2086206.877 0.066598900
20.520 2081995.389 0.066686513
20.604 2077798.988 0.066774852
20.688 2073617.770 0.066863910
20.772 2069451.830 0.066953676
20.856 2065301.266 0.067044141
20.940 2061166.175 0.067135296
21.024 2057046.652 0.067227132
21.107 2052942.797 0.067319639
21.191 2048854.707 0.067412807
21.275 2044782.480 0.067506626
21.359 2040726.216 0.067601087
21.443 2036686.014 0.067696180
21.526 2032661.972 0.067791894
21.610 2028654.193 0.067888220
21.694 2024662.775 0.067985147
21.777 2020687.819 0.068082665
21.861 2016729.427 0.068180763
21.945 2012787.700 0.068279432
22.028 2008862.740 0.068378660
22.111 2004954.649 0.068478436
22.195 2001063.529 0.068578750
22.278 1997189.484 0.068679591
22.361 1993332.616 0.068780948
22.445 1989493.030 0.068882810
22.528 1985670.828 0.068985164
22.611 1981866.116 0.069088001
22.694 1978078.998 0.069191308
22.776 1974309.578 0.069295073
22.859 1970557.961 0.069399286
22.942 1966824.253 0.069503934
23.024 1963108.560 0.069609004
23.107 1959410.988 0.069714486
23.189 1955731.642 0.069820367
23.271 1952070.630 0.069926634
23.353 1948428.058 0.070033275
23.435 1944804.033 0.070140277
23.517 1941198.661 0.070247628
23.599 1937612.052 0.070355315
23.680 1934044.312 0.070463325
23.762 1930495.550 0.070571644
23.843 1926965.872 0.070680260
23.924 1923455.389 0.070789158
24.005 1919964.208 0.070898327
24.085 1916492.438 0.071007751
24.166 1913040.187 0.071117418
24.246 1909607.566 0.071227314
24.327 1906194.682 0.071337423
24.407 1902801.646 0.071447733
24.487 1899428.567 0.071558229
24.566 1896075.554 0.071668897
24.646 1892742.717 0.071779722
24.725 1889430.166 0.071890690
24.804 1886138.011 0.072001785
24.883 1882866.361 0.072112994
24.961 1879615.327 0.072224300
25.039 1876385.019 0.072335690
25.117 1873175.547 0.072447147
25.195 1869987.020 0.072558656
25.273 1866819.551 0.072670202
25.350 1863673.247 0.072781769
25.427 1860548.221 0.072893342
25.504 1857444.581 0.073004904
25.580 1854362.438 0.073116440
25.657 1851301.902 0.073227934
25.733 1848263.083 0.073339369
25.808 1845246.091 0.073450729
25.884 1842251.037 0.073561998
25.959 1839278.029 0.073673160
26.033 1836327.178 0.073784197
26.108 1833398.592 0.073895092
26.182 1830492.382 0.074005830
26.255 1827608.657 0.074116394
26.329 1824747.526 0.074226765
26.402 1821909.097 0.074336928
26.474 1819093.480 0.074446864
26.547 1816300.783 0.074556557
26.619 1813531.114 0.074665990
26.690 1810784.582 0.074775144
26.761 1808061.293 0.074884003
26.832 1805361.356 0.074992548
26.903 1802684.879 0.075100762
26.973 1800031.966 0.075208628
27.042 1797402.727 0.075316128
27.111 1794797.265 0.075423243
27.180 1792215.689 0.075529955
27.248 1789658.102 0.075636248
27.316 1787124.611 0.075742102
27.383 1784615.319 0.075847500
27.450 1782130.331 0.075952424
27.517 1779669.752 0.076056855
27.583 1777233.684 0.076160775
27.648 1774822.230 0.076264166
27.713 1772435.493 0.076367010
27.778 1770073.575 0.076469288
27.842 1767736.577 0.076570983
27.905 1765424.599 0.076672075
27.968 1763137.743 0.076772547
28.031 1760876.108 0.076872381
28.093 1758639.793 0.076971557
28.154 1756428.897 0.077070058
28.215 1754243.517 0.077167866
28.275 1752083.750 0.077264961
28.335 1749949.693 0.077361327
28.394 1747841.443 0.077456945
28.453 1745759.093 0.077551796
28.511 1743702.739 0.077645862
28.568 1741672.474 0.077739126
28.625 1739668.390 0.077831569
28.681 1737690.581 0.077923174
28.737 1735739.137 0.078013922
28.792 1733814.149 0.078103796
28.846 1731915.706 0.078192778
28.900 1730043.897 0.078280850
28.953 1728198.811 0.078367995
29.006 1726380.533 0.078454194
29.058 1724589.151 0.078539432
29.109 1722824.749 0.078623690
29.159 1721087.412 0.078706951
29.209 1719377.222 0.078789199
29.258 1717694.263 0.078870416
29.306 1716038.615 0.078950585
29.354 1714410.358 0.079029691
29.401 1712809.572 0.079107715
29.448 1711236.335 0.079184643
29.493 1709690.724 0.079260457
29.538 1708172.816 0.079335143
29.582 1706682.684 0.079408683
29.626 1705220.402 0.079481062
29.668 1703786.044 0.079552265
29.710 1702379.680 0.079622276
29.751 1701001.382 0.079691080
29.792 1699651.217 0.079758663
29.831 1698329.254 0.079825009
29.870 1697035.560 0.079890105
29.908 1695770.200 0.079953935
29.945 1694533.238 0.080016485
29.982 1693324.737 0.080077743
30.018 1692144.758 0.080137693
30.052 1690993.362 0.080196324
30.087 1689870.608 0.080253621
30.120 1688776.554 0.080309572
30.152 1687711.255 0.080364165
30.184 1686674.768 0.080417387
30.215 1685667.144 0.080469225
30.245 1684688.437 0.080519669
30.274 1683738.697 0.080568706
30.302 1682817.974 0.080616326
30.329 1681926.316 0.080662518
30.356 1681063.768 0.080707270
30.382 1680230.377 0.080750573
30.407 1679426.186 0.080792417
30.431 1678651.236 0.080832792
30.454 1677905.569 0.080871688
30.476 1677189.224 0.080909097
30.497 1676502.238 0.080945010
30.518 1675844.648 0.080979418
30.537 1675216.488 0.081012314
30.556 1674617.791 0.081043689
30.574 1674048.589 0.081073537
30.591 1673508.912 0.081101850
30.607 1672998.788 0.081128621
30.622 1672518.244 0.081153844
30.636 1672067.306 0.081177514
30.650 1671645.997 0.081199625
30.662 1671254.339 0.081220170
30.674 1670892.353 0.081239146
30.684 1670560.058 0.081256548
30.694 1670257.471 0.081272372
30.703 1669984.608 0.081286614
30.711 1669741.484 0.081299270
30.718 1669528.110 0.081310338
30.724 1669344.498 0.081319814
30.729 1669190.657 0.081327697
30.733 1669066.594 0.081333985
30.736 1668972.316 0.081338675
30.739 1668907.828 0.081341768
30.740 1668873.131 0.081343261
30.741 1668868.227 0.081343155
30.740 1668893.116 0.081341449
30.739 1668947.796 0.081338145
30.737 1669032.262 0.081333242
30.734 1669146.510 0.081326742
30.730 1669290.533 0.081318646
30.725 1669464.322 0.081308957
30.719 1669667.866 0.081297675
30.712 1669901.155 0.081284805
30.704 1670164.174 0.081270349
30.696 1670456.909 0.081254310
30.686 1670779.343 0.081236692
30.676 1671131.457 0.081217499
30.664 1671513.232 0.081196736
30.652 1671924.646 0.081174408
30.639 1672365.677 0.081150519
30.625 1672836.300 0.081125076
30.610 1673336.488 0.081098083
30.594 1673866.213 0.081069548
30.577 1674425.447 0.081039477
30.560 1675014.159 0.081007878
54.285 1184498.045 0.126470803
53.966 1188381.180 0.125883767
53.650 1192294.114 0.125297621
53.335 1196236.548 0.124712474
53.022 1200208.189 0.124128427
52.711 1204208.743 0.123545581
52.401 1208237.917 0.122964034
52.094 1212295.423 0.122383881
51.789 1216380.973 0.121805215
51.485 1220494.279 0.121228123
51.183 1224635.059 0.120652694
50.883 1228803.030 0.120079011
50.585 1232997.912 0.119507156
50.288 1237219.426 0.118937206
49.994 1241467.296 0.118369239
49.701 1245741.247 0.117803328
49.410 1250041.009 0.117239543
49.121 1254366.309 0.116677955
48.834 1258716.882 0.116118628
48.548 1263092.459 0.115561627
48.264 1267492.779 0.115007013
47.982 1271917.579 0.114454844
47.702 1276366.600 0.113905179
47.423 1280839.584 0.113358072
47.146 1285336.277 0.112813574
46.871 1289856.425 0.112271737
46.598 1294399.778 0.111732608
46.326 1298966.088 0.111196233
46.056 1303555.108 0.110662657
45.788 1308166.595 0.110131922
45.521 1312800.306 0.109604067
45.256 1317456.001 0.109079131
44.993 1322133.445 0.108557151
44.731 1326832.401 0.108038161
44.471 1331552.636 0.107522193
44.213 1336293.921 0.107009279
43.956 1341056.026 0.106499449
43.701 1345838.726 0.105992729
43.447 1350641.795 0.105489146
43.195 1355465.014 0.104988725
42.945 1360308.161 0.104491489
42.696 1365171.020 0.103997459
42.448 1370053.375 0.103506656
42.203 1374955.014 0.103019097
41.958 1379875.725 0.102534801
41.716 1384815.300 0.102053784
41.474 1389773.532 0.101576059
41.235 1394750.217 0.101101642
40.997 1399745.153 0.100630543
40.760 1404758.139 0.100162775
40.525 1409788.978 0.099698346
40.291 1414837.474 0.099237267
40.059 1419903.432 0.098779544
39.828 1424986.661 0.098325184
39.598 1430086.972 0.097874193
39.370 1435204.176 0.097426576
39.144 1440338.088 0.096982336
38.918 1445488.524 0.096541477
38.695 1450655.303 0.096104000
38.472 1455838.245 0.095669906
38.251 1461037.172 0.095239196
38.031 1466251.910 0.094811869
37.813 1471482.283 0.094387925
37.596 1476728.120 0.093967360
37.380 1481989.251 0.093550173
37.166 1487265.509 0.093136360
36.953 1492556.726 0.092725916
36.741 1497862.739 0.092318838
36.530 1503183.385 0.091915120
36.321 1508518.503 0.091514755
36.113 1513867.936 0.091117739
35.906 1519231.525 0.090724063
35.701 1524609.115 0.090333720
35.497 1530000.553 0.089946703
35.294 1535405.687 0.089563002
35.092 1540824.368 0.089182609
34.891 1546256.446 0.088805515
34.692 1551701.775 0.088431709
34.494 1557160.211 0.088061183
34.297 1562631.609 0.087693924
34.101 1568115.829 0.087329924
33.906 1573612.730 0.086969169
33.712 1579122.173 0.086611649
33.520 1584644.023 0.086257352
33.329 1590178.143 0.085906266
33.139 1595724.400 0.085558379
32.950 1601282.662 0.085213677
32.762 1606852.799 0.084872149
32.575 1612434.680 0.084533781
32.389 1618028.179 0.084198559
32.204 1623633.169 0.083866472
32.021 1629249.525 0.083537503
31.838 1634877.125 0.083211641
31.657 1640515.846 0.082888871
31.476 1646165.568 0.082569179
31.297 1651826.172 0.082252550
31.118 1657497.541 0.081938971
30.941 1663179.557 0.081628427
30.764 1668872.106 0.081320903
30.589 1674575.075 0.081016385
30.415 1680288.351 0.080714858
30.241 1686011.823 0.080416307
30.069 1691745.382 0.080120718
29.897 1697488.918 0.079828075
29.727 1703242.325 0.079538364
29.557 1709005.496 0.079251569
29.388 1714778.328 0.078967677
29.221 1720560.716 0.078686671
29.054 1726352.559 0.078408537
28.888 1732153.754 0.078133260
28.723 1737964.202 0.077860825
28.559 1743783.804 0.077591216
28.396 1749612.463 0.077324420
28.233 1755450.082 0.077060421
28.072 1761296.565 0.076799204
27.911 1767151.819 0.076540755
27.752 1773015.749 0.076285059
27.593 1778888.264 0.076032101
27.435 1784769.272 0.075781866
27.278 1790658.683 0.075534340
27.121 1796556.409 0.075289509
26.966 1802462.361 0.075047358
26.811 1808376.453 0.074807873
26.658 1814298.597 0.074571039
26.504 1820228.710 0.074336842
26.352 1826166.707 0.074105269
26.201 1832112.505 0.073876306
26.050 1838066.021 0.073649938
25.900 1844027.175 0.073426152
25.751 1849995.886 0.073204934
25.603 1855972.074 0.072986271
25.455 1861955.662 0.072770150
25.309 1867946.572 0.072556557
25.162 1873944.726 0.072345479
25.017 1879950.049 0.072136903
24.873 1885962.466 0.071930817
24.729 1891981.903 0.071727208
24.586 1898008.286 0.071526063
24.443 1904041.543 0.071327369
24.301 1910081.602 0.071131115
24.160 1916128.392 0.070937289
24.020 1922181.844 0.070745878
23.881 1928241.887 0.070556871
23.742 1934308.453 0.070370256
23.603 1940381.475 0.070186022
23.466 1946460.885 0.070004157
23.329 1952546.617 0.069824650
23.193 1958638.605 0.069647491
23.057 1964736.785 0.069472668
22.922 1970841.093 0.069300171
22.788 1976951.465 0.069129990
22.655 1983067.838 0.068962114
22.522 1989190.150 0.068796533
22.389 1995318.341 0.068633238
22.258 2001452.348 0.068472218
22.126 2007592.114 0.068313464
21.996 2013737.577 0.068156967
21.866 2019888.679 0.068002718
21.737 2026045.362 0.067850708
21.608 2032207.569 0.067700927
21.480 2038375.243 0.067553368
21.353 2044548.328 0.067408022
21.226 2050726.768 0.067264881
21.100 2056910.508 0.067123937
20.974 2063099.494 0.066985182
20.849 2069293.671 0.066848610
20.724 2075492.988 0.066714211
20.600 2081697.390 0.066581980
20.477 2087906.826 0.066451910
20.354 2094121.245 0.066323993
20.232 2100340.595 0.066198224
20.110 2106564.825 0.066074596
