20.036 2105366.180 0.066248074
20.124 2100854.659 0.066337276
20.212 2096356.815 0.066427384
20.300 2091872.742 0.066518388
20.388 2087402.535 0.066610282
20.477 2082946.288 0.066703057
20.565 2078504.096 0.066796705
20.654 2074076.056 0.066891218
20.742 2069662.262 0.066986587
20.831 2065262.813 0.067082804
20.919 2060877.804 0.067179860
21.008 2056507.334 0.067277747
21.097 2052151.501 0.067376457
21.185 2047810.403 0.067475980
21.274 2043484.140 0.067576308
21.363 2039172.812 0.067677432
21.452 2034876.518 0.067779343
21.541 2030595.359 0.067882032
21.630 2026329.437 0.067985489
21.719 2022078.852 0.068089706
21.808 2017843.708 0.068194673
21.896 2013624.106 0.068300380
21.985 2009420.149 0.068406817
22.074 2005231.942 0.068513976
22.163 2001059.588 0.068621846
22.252 1996903.191 0.068730418
22.341 1992762.857 0.068839681
22.430 1988638.691 0.068949624
22.519 1984530.799 0.069060238
22.608 1980439.286 0.069171513
22.697 1976364.260 0.069283437
22.786 1972305.829 0.069396001
22.875 1968264.098 0.069509192
22.964 1964239.177 0.069623001
23.053 1960231.175 0.069737415
23.141 1956240.199 0.069852425
23.230 1952266.359 0.069968018
23.319 1948309.766 0.070084183
23.408 1944370.528 0.070200908
23.496 1940448.757 0.070318182
23.585 1936544.564 0.070435992
23.673 1932658.060 0.070554327
23.762 1928789.356 0.070673174
23.850 1924938.565 0.070792521
23.938 1921105.799 0.070912355
24.026 1917291.172 0.071032664
24.114 1913494.795 0.071153435
24.202 1909716.784 0.071274654
24.290 1905957.251 0.071396309
24.378 1902216.310 0.071518386
24.466 1898494.078 0.071640872
24.553 1894790.667 0.071763753
24.641 1891106.194 0.071887015
24.728 1887440.774 0.072010645
24.815 1883794.522 0.072134628
24.903 1880167.556 0.072258950
24.990 1876559.990 0.072383597
25.076 1872971.942 0.072508553
25.163 1869403.529 0.072633805
25.249 1865854.867 0.072759336
25.336 1862326.074 0.072885133
25.422 1858817.268 0.073011180
25.508 1855328.566 0.073137460
25.594 1851860.087 0.073263960
25.679 1848411.948 0.073390663
25.765 1844984.268 0.073517552
25.850 1841577.165 0.073644612
25.935 1838190.759 0.073771827
26.020 1834825.167 0.073899181
26.104 1831480.510 0.074026655
26.189 1828156.905 0.074154235
26.273 1824854.473 0.074281903
26.357 1821573.333 0.074409641
26.440 1818313.603 0.074537433
26.524 1815075.405 0.074665261
26.607 1811858.856 0.074793107
26.690 1808664.077 0.074920954
26.772 1805491.187 0.075048785
26.855 1802340.306 0.075176580
26.937 1799211.554 0.075304322
27.019 1796105.050 0.075431992
27.100 1793020.914 0.075559572
27.181 1789959.265 0.075687044
27.262 1786920.223 0.075814388
27.342 1783903.908 0.075941585
27.423 1780910.438 0.076068617
27.502 1777939.933 0.076195465
27.582 1774992.512 0.076322108
27.661 1772068.294 0.076448528
27.740 1769167.398 0.076574704
27.818 1766289.942 0.076700618
27.896 1763436.045 0.076826250
27.974 1760605.826 0.076951578
28.051 1757799.402 0.077076584
28.128 1755016.891 0.077201247
28.204 1752258.410 0.077325547
28.280 1749524.077 0.077449464
28.355 1746814.009 0.077572976
28.431 1744128.323 0.077696063
28.505 1741467.134 0.077818706
28.579 1738830.559 0.077940882
28.653 1736218.713 0.078062571
28.726 1733631.712 0.078183753
28.799 1731069.671 0.078304405
28.871 1728532.703 0.078424508
28.943 1726020.922 0.078544039
29.015 1723534.443 0.078662978
29.085 1721073.378 0.078781303
29.156 1718637.839 0.078898994
29.225 1716227.939 0.079016029
29.295 1713843.789 0.079132386
29.363 1711485.499 0.079248044
29.431 1709153.180 0.079362982
29.499 1706846.942 0.079477178
29.566 1704566.893 0.079590610
29.632 1702313.142 0.079703258
29.698 1700085.796 0.079815100
29.763 1697884.962 0.079926115
29.828 1695710.747 0.080036281
29.892 1693563.256 0.080145576
29.955 1691442.594 0.080253979
30.018 1689348.864 0.080361470
30.080 1687282.171 0.080468026
30.141 1685242.615 0.080573626
30.202 1683230.299 0.080678250
30.262 1681245.323 0.080781876
30.321 1679287.788 0.080884483
30.380 1677357.791 0.080986051
30.438 1675455.431 0.081086557
30.495 1673580.804 0.081185982
30.552 1671734.007 0.081284305
30.608 1669915.134 0.081381506
30.663 1668124.279 0.081477563
30.717 1666361.536 0.081572457
30.771 1664626.996 0.081666167
30.824 1662920.750 0.081758674
30.876 1661242.888 0.081849957
30.927 1659593.497 0.081939997
30.978 1657972.666 0.082028774
31.028 1656380.480 0.082116269
31.077 1654817.025 0.082202463
31.125 1653282.385 0.082287337
31.172 1651776.641 0.082370872
31.219 1650299.876 0.082453049
31.264 1648852.170 0.082533850
31.309 1647433.600 0.082613257
31.353 1646044.246 0.082691252
31.397 1644684.182 0.082767817
31.439 1643353.484 0.082842935
31.480 1642052.225 0.082916589
31.521 1640780.478 0.082988762
31.561 1639538.312 0.083059437
31.600 1638325.797 0.083128598
31.638 1637143.002 0.083196228
31.675 1635989.992 0.083262313
31.711 1634866.832 0.083326837
31.746 1633773.585 0.083389783
31.781 1632710.314 0.083451139
31.814 1631677.079 0.083510889
31.846 1630673.939 0.083569019
31.878 1629700.950 0.083625515
31.909 1628758.169 0.083680363
31.938 1627845.650 0.083733552
31.967 1626963.446 0.083785067
31.995 1626111.606 0.083834896
32.022 1625290.181 0.083883028
32.048 1624499.218 0.083929451
32.072 1623738.763 0.083974153
32.096 1623008.861 0.084017123
32.119 1622309.554 0.084058352
32.141 1621640.883 0.084097829
32.162 1621002.887 0.084135544
32.182 1620395.603 0.084171488
32.201 1619819.069 0.084205652
32.219 1619273.317 0.084238028
32.236 1618758.380 0.084268608
32.252 1618274.289 0.084297384
32.267 1617821.072 0.084324349
32.281 1617398.757 0.084349497
32.294 1617007.369 0.084372820
32.306 1616646.931 0.084394314
32.317 1616317.465 0.084413973
32.327 1616018.990 0.084431792
32.336 1615751.526 0.084447766
32.343 1615515.088 0.084461891
32.350 1615309.691 0.084474165
32.356 1615135.347 0.084484583
32.361 1614992.068 0.084493144
32.365 1614879.861 0.084499845
32.367 1614798.736 0.084504683
32.369 1614748.696 0.084507659
32.370 1614729.746 0.084508771
32.369 1614741.887 0.084508019
32.368 1614785.119 0.084505404
32.365 1614859.440 0.084500924
32.362 1614964.847 0.084494583
32.358 1615101.333 0.084486381
32.352 1615268.892 0.084476320
32.345 1615467.513 0.084464403
32.338 1615697.187 0.084450632
32.329 1615957.900 0.084435012
32.320 1616249.637 0.084417546
32.309 1616572.382 0.084398238
32.297 1616926.117 0.084377093
32.285 1617310.821 0.084354116
32.271 1617726.473 0.084329313
32.256 1618173.048 0.084302689
32.241 1618650.522 0.084274253
32.224 1619158.867 0.084244010
32.206 1619698.054 0.084211967
32.187 1620268.052 0.084178134
32.168 1620868.829 0.084142517
32.147 1621500.351 0.084105127
32.125 1622162.581 0.084065971
32.103 1622855.482 0.084025059
32.079 1623579.014 0.083982402
32.054 1624333.136 0.083938009
32.029 1625117.806 0.083891892
32.002 1625932.979 0.083844061
31.975 1626778.608 0.083794528
31.946 1627654.646 0.083743305
31.917 1628561.044 0.083690404
31.886 1629497.751 0.083635838
31.855 1630464.713 0.083579620
31.823 1631461.876 0.083521763
31.790 1632489.185 0.083462281
31.755 1633546.583 0.083401188
31.720 1634634.010 0.083338499
31.684 1635751.405 0.083274227
31.648 1636898.708 0.083208388
31.610 1638075.853 0.083140998
31.571 1639282.778 0.083072072
31.532 1640519.413 0.083001625
31.491 1641785.693 0.082929675
31.450 1643081.548 0.082856238
31.408 1644406.906 0.082781331
31.365 1645761.696 0.082704970
31.321 1647145.844 0.082627173
31.276 1648559.276 0.082547958
31.231 1650001.915 0.082467342
31.184 1651473.683 0.082385344
31.137 1652974.502 0.082301981
31.089 1654504.292 0.082217273
31.040 1656062.970 0.082131237
30.991 1657650.456 0.082043894
30.940 1659266.664 0.081955262
30.889 1660911.510 0.081865360
30.837 1662584.908 0.081774208
30.784 1664286.769 0.081681826
30.731 1666017.007 0.081588233
30.677 1667775.530 0.081493450
30.622 1669562.249 0.081397496
30.566 1671377.071 0.081300392
30.509 1673219.903 0.081202158
30.452 1675090.653 0.081102815
30.394 1676989.224 0.081002383
30.336 1678915.521 0.080900883
30.277 1680869.447 0.080798337
30.217 1682850.905 0.080694764
30.156 1684859.795 0.080590187
30.095 1686896.018 0.080484625
30.033 1688959.473 0.080378101
29.970 1691050.059 0.080270636
29.907 1693167.674 0.080162250
29.843 1695312.215 0.080052965
29.779 1697483.578 0.079942803
29.714 1699681.658 0.079831785
29.648 1701906.350 0.079719932
29.582 1704157.547 0.079607266
29.515 1706435.144 0.079493809
29.447 1708739.033 0.079379581
29.379 1711069.105 0.079264605
29.311 1713425.251 0.079148901
29.242 1715807.362 0.079032491
29.172 1718215.329 0.078915398
29.102 1720649.040 0.078797641
29.031 1723108.384 0.078679243
28.960 1725593.250 0.078560224
28.888 1728103.526 0.078440607
28.816 1730639.097 0.078320412
28.743 1733199.852 0.078199660
28.670 1735785.677 0.078078373
28.596 1738396.457 0.077956572
28.522 1741032.078 0.077834277
28.447 1743692.424 0.077711510
28.372 1746377.382 0.077588292
28.297 1749086.833 0.077464643
28.221 1751820.664 0.077340583
28.144 1754578.757 0.077216135
28.068 1757360.996 0.077091317
27.990 1760167.263 0.076966150
27.913 1762997.441 0.076840655
27.835 1765851.414 0.076714852
27.756 1768729.062 0.076588760
27.678 1771630.269 0.076462400
27.599 1774554.915 0.076335792
27.519 1777502.883 0.076208955
27.439 1780474.053 0.076081908
27.359 1783468.308 0.075954672
27.279 1786485.529 0.075827265
27.198 1789525.596 0.075699707
27.117 1792588.391 0.075572016
27.035 1795673.794 0.075444211
26.953 1798781.686 0.075316312
26.871 1801911.948 0.075188337
26.789 1805064.461 0.075060304
26.706 1808239.105 0.074932231
26.623 1811435.762 0.074804137
26.540 1814654.311 0.074676040
26.457 1817894.634 0.074547957
26.373 1821156.611 0.074419906
26.289 1824440.123 0.074291905
26.205 1827745.051 0.074163971
26.120 1831071.275 0.074036121
26.036 1834418.678 0.073908372
25.951 1837787.140 0.073780741
25.866 1841176.542 0.073653244
25.780 1844586.766 0.073525900
25.695 1848017.693 0.073398722
25.609 1851469.205 0.073271729
25.523 1854941.183 0.073144936
25.437 1858433.511 0.073018358
25.351 1861946.069 0.072892012
25.264 1865478.740 0.072765913
25.178 1869031.407 0.072640076
25.091 1872603.953 0.072514517
25.004 1876196.260 0.072389250
24.917 1879808.213 0.072264292
24.830 1883439.694 0.072139655
24.743 1887090.587 0.072015356
24.655 1890760.777 0.071891407
24.568 1894450.147 0.071767824
24.480 1898158.583 0.071644621
24.392 1901885.969 0.071521811
24.304 1905632.190 0.071399408
24.216 1909397.133 0.071277426
24.128 1913180.682 0.071155878
24.040 1916982.724 0.071034777
23.951 1920803.146 0.070914137
23.863 1924641.834 0.070793971
23.774 1928498.676 0.070674291
23.686 1932373.559 0.070555109
23.597 1936266.371 0.070436440
23.509 1940177.000 0.070318293
23.420 1944105.336 0.070200683
23.331 1948051.267 0.070083621
23.242 1952014.682 0.069967119
23.153 1955995.472 0.069851188
23.064 1959993.527 0.069735840
22.975 1964008.737 0.069621088
22.886 1968040.994 0.069506941
22.797 1972090.188 0.069393411
22.708 1976156.213 0.069280510
22.619 1980238.960 0.069168248
22.530 1984338.322 0.069056636
22.441 1988454.193 0.068945684
22.352 1992586.465 0.068835404
22.263 1996735.034 0.068725806
22.173 2000899.793 0.068616899
22.084 2005080.638 0.068508694
21.995 2009277.464 0.068401201
21.906 2013490.168 0.068294431
21.817 2017718.645 0.068188392
21.728 2021962.792 0.068083095
21.639 2026222.507 0.067978549
21.550 2030497.688 0.067874763
21.461 2034788.233 0.067771748
21.372 2039094.041 0.067669512
21.283 2043415.010 0.067568064
21.194 2047751.041 0.067467414
21.105 2052102.034 0.067367570
21.016 2056467.890 0.067268542
20.927 2060848.510 0.067170338
20.838 2065243.795 0.067072967
72.826 1032933.992 0.154330335
72.883 1032672.552 0.154387600
72.929 1032460.347 0.154434037
72.966 1032297.407 0.154469621
72.992 1032183.756 0.154494333
73.007 1032119.409 0.154508161
73.012 1032104.378 0.154511096
73.007 1032138.662 0.154503138
72.991 1032222.259 0.154484289
72.965 1032355.156 0.154454560
72.928 1032537.333 0.154413966
72.881 1032768.764 0.154362528
72.824 1033049.417 0.154300273
72.757 1033379.250 0.154227234
72.680 1033758.217 0.154143447
72.593 1034186.263 0.154048957
72.497 1034663.327 0.153943812
72.391 1035189.340 0.153828068
72.276 1035764.227 0.153701782
72.152 1036387.907 0.153565022
72.019 1037060.291 0.153417856
71.878 1037781.283 0.153260359
71.728 1038550.781 0.153092613
71.570 1039368.678 0.152914702
71.405 1040234.857 0.152726716
71.232 1041149.198 0.152528750
71.052 1042111.573 0.152320903
70.865 1043121.848 0.152103278
70.672 1044179.882 0.151875984
70.471 1045285.530 0.151639133
70.265 1046438.640 0.151392841
70.053 1047639.053 0.151137228
69.835 1048886.607 0.150872418
69.612 1050181.131 0.150598540
69.383 1051522.451 0.150315723
69.150 1052910.386 0.150024103
68.912 1054344.752 0.149723817
68.670 1055825.357 0.149415006
68.423 1057352.005 0.149097814
68.172 1058924.496 0.148772387
67.918 1060542.624 0.148438875
67.660 1062206.179 0.148097428
67.398 1063914.946 0.147748200
67.134 1065668.705 0.147391348
66.866 1067467.234 0.147027029
66.596 1069310.304 0.146655403
66.323 1071197.683 0.146276631
66.047 1073129.136 0.145890877
65.769 1075104.423 0.145498303
65.489 1077123.301 0.145099076
65.207 1079185.522 0.144693362
64.924 1081290.837 0.144281328
64.638 1083438.993 0.143863142
64.351 1085629.732 0.143438973
64.063 1087862.795 0.143008991
63.773 1090137.920 0.142573363
63.482 1092454.841 0.142132261
63.190 1094813.291 0.141685854
62.897 1097212.999 0.141234311
62.603 1099653.692 0.140777802
62.308 1102135.096 0.140316495
62.013 1104656.934 0.139850560
61.717 1107218.926 0.139380165
61.420 1109820.792 0.138905475
61.124 1112462.250 0.138426659
60.826 1115143.014 0.137943882
60.529 1117862.800 0.137457308
60.232 1120621.320 0.136967101
59.934 1123418.286 0.136473422
59.636 1126253.409 0.135976434
59.339 1129126.398 0.135476295
59.042 1132036.961 0.134973164
58.744 1134984.808 0.134467197
58.447 1137969.643 0.133958549
58.151 1140991.175 0.133447373
57.854 1144049.110 0.132933822
57.558 1147143.152 0.132418043
57.263 1150273.007 0.131900185
56.968 1153438.380 0.131380394
56.673 1156638.976 0.130858814
56.380 1159874.501 0.130335586
56.086 1163144.658 0.129810849
55.794 1166449.154 0.129284742
55.502 1169787.694 0.128757399
55.211 1173159.983 0.128228954
54.920 1176565.728 0.127699537
54.631 1180004.635 0.127169277
54.342 1183476.412 0.126638299
54.054 1186980.767 0.126106729
53.767 1190517.407 0.125574686
53.481 1194086.042 0.125042292
53.196 1197686.383 0.124509661
52.912 1201318.141 0.123976910
52.629 1204981.027 0.123444149
52.347 1208674.754 0.122911488
52.066 1212399.038 0.122379035
51.785 1216153.592 0.121846894
51.506 1219938.133 0.121315167
51.229 1223752.380 0.120783956
50.952 1227596.051 0.120253356
50.676 1231468.866 0.119723464
50.401 1235370.547 0.119194373
50.128 1239300.818 0.118666172
49.856 1243259.403 0.118138949
49.585 1247246.027 0.117612792
49.315 1251260.420 0.117087783
49.046 1255302.309 0.116564003
48.778 1259371.427 0.116041531
48.512 1263467.505 0.115520445
48.247 1267590.277 0.115000817
47.983 1271739.481 0.114482722
47.720 1275914.852 0.113966228
47.459 1280116.131 0.113451403
47.198 1284343.059 0.112938313
46.939 1288595.379 0.112427023
46.681 1292872.836 0.111917593
46.425 1297175.177 0.111410083
46.170 1301502.149 0.110904550
45.916 1305853.504 0.110401050
45.663 1310228.994 0.109899637
45.411 1314628.373 0.109400362
45.161 1319051.398 0.108903275
44.912 1323497.826 0.108408424
44.664 1327967.418 0.107915856
44.418 1332459.936 0.107425613
44.173 1336975.143 0.106937739
43.929 1341512.807 0.106452275
43.686 1346072.694 0.105969260
43.445 1350654.575 0.105488731
43.205 1355258.222 0.105010724
42.966 1359883.408 0.104535274
42.728 1364529.911 0.104062413
42.492 1369197.507 0.103592172
42.257 1373885.976 0.103124581
42.023 1378595.101 0.102659668
41.790 1383324.666 0.102197460
41.559 1388074.457 0.101737983
41.329 1392844.260 0.101281261
41.100 1397633.868 0.100827316
40.872 1402443.070 0.100376170
40.645 1407271.662 0.099927843
40.420 1412119.439 0.099482354
40.196 1416986.199 0.099039721
39.973 1421871.741 0.098599960
39.752 1426775.869 0.098163088
39.531 1431698.384 0.097729118
39.312 1436639.093 0.097298064
39.094 1441597.804 0.096869938
38.877 1446574.326 0.096444752
38.662 1451568.470 0.096022515
38.447 1456580.050 0.095603237
38.234 1461608.881 0.095186927
38.022 1466654.780 0.094773592
37.811 1471717.567 0.094363238
37.601 1476797.061 0.093955872
37.392 1481893.085 0.093551499
37.185 1487005.465 0.093150122
36.979 1492134.027 0.092751745
36.773 1497278.598 0.092356372
36.569 1502439.008 0.091964003
36.366 1507615.090 0.091574640
36.164 1512806.677 0.091188284
35.964 1518013.604 0.090804935
35.764 1523235.709 0.090424591
35.565 1528472.829 0.090047253
35.368 1533724.807 0.089672917
35.171 1538991.482 0.089301582
34.976 1544272.701 0.088933245
34.782 1549568.308 0.088567902
34.589 1554878.150 0.088205549
34.396 1560202.077 0.087846182
34.205 1565539.939 0.087489796
34.015 1570891.587 0.087136385
33.826 1576256.877 0.086785945
33.638 1581635.663 0.086438468
33.451 1587027.803 0.086093948
33.265 1592433.154 0.085752379
33.080 1597851.576 0.085413753
32.896 1603282.932 0.085078062
32.713 1608727.085 0.084745298
32.531 1614183.899 0.084415454
32.350 1619653.240 0.084088521
32.170 1625134.976 0.083764489
31.991 1630628.976 0.083443351
31.813 1636135.110 0.083125096
31.636 1641653.250 0.082809715
31.460 1647183.271 0.082497199
31.285 1652725.045 0.082187536
31.110 1658278.451 0.081880718
30.937 1663843.364 0.081576734
30.765 1669419.664 0.081275573
30.593 1675007.232 0.080977225
30.422 1680605.948 0.080681678
30.253 1686215.696 0.080388922
30.084 1691836.360 0.080098946
29.916 1697467.825 0.079811739
29.749 1703109.978 0.079527288
29.583 1708762.708 0.079245583
29.417 1714425.902 0.078966612
29.253 1720099.453 0.078690364
29.089 1725783.251 0.078416827
28.926 1731477.189 0.078145989
28.764 1737181.162 0.077877838
28.603 1742895.065 0.077612363
28.443 1748618.794 0.077349551
28.284 1754352.247 0.077089391
28.125 1760095.323 0.076831871
27.967 1765847.921 0.076576979
27.810 1771609.943 0.076324703
27.654 1777381.291 0.076075031
27.499 1783161.867 0.075827950
27.344 1788951.577 0.075583450
27.190 1794750.325 0.075341518
27.037 1800558.018 0.075102143
26.885 1806374.563 0.074865311
26.734 1812199.869 0.074631013
26.583 1818033.845 0.074399235
26.433 1823876.401 0.074169966
26.284 1829727.450 0.073943194
26.135 1835586.903 0.073718908
25.987 1841454.675 0.073497096
25.840 1847330.678 0.073277747
25.694 1853214.829 0.073060849
25.548 1859107.045 0.072846391
25.403 1865007.241 0.072634362
25.259 1870915.336 0.072424750
25.116 1876831.250 0.072217544
24.973 1882754.902 0.072012733
24.831 1888686.212 0.071810307
24.690 1894625.103 0.071610254
24.549 1900571.497 0.071412564
24.409 1906525.317 0.071217226
24.269 1912486.487 0.071024229
24.131 1918454.933 0.070833564
23.993 1924430.581 0.070645221
23.855 1930413.356 0.070459188
23.719 1936403.186 0.070275455
23.582 1942400.001 0.070094014
23.447 1948403.727 0.069914854
23.312 1954414.297 0.069737966
23.178 1960431.639 0.069563340
23.045 1966455.685 0.069390966
22.912 1972486.367 0.069220837
22.779 1978523.619 0.069052941
22.648 1984567.373 0.068887271
22.516 1990617.564 0.068723819
22.386 1996674.126 0.068562574
22.256 2002736.996 0.068403529
22.127 2008806.109 0.068246675
21.998 2014881.402 0.068092005
21.870 2020962.814 0.067939511
21.742 2027050.283 0.067789183
21.615 2033143.747 0.067641016
21.489 2039243.146 0.067495001
21.363 2045348.421 0.067351131
21.238 2051459.512 0.067209400
21.113 2057576.360 0.067069799
20.989 2063698.909 0.066932323
20.865 2069827.101 0.066796964
20.742 2075960.879 0.066663717
20.620 2082100.187 0.066532575
20.498 2088244.970 0.066403532
20.376 2094395.172 0.066276582
20.255 2100550.740 0.066151720
20.135 2106711.620 0.066028940
20.015 2112877.759 0.065908237
