20.008 2109616.827 0.066080601
20.129 2103389.848 0.066202701
20.251 2097167.726 0.066326944
20.374 2090950.514 0.066453338
20.497 2084738.260 0.066581887
20.621 2078531.017 0.066712599
20.745 2072328.837 0.066845480
20.870 2066131.771 0.066980537
20.995 2059939.873 0.067117777
21.121 2053753.196 0.067257207
21.248 2047571.795 0.067398836
21.375 2041395.723 0.067542670
21.503 2035225.038 0.067688719
21.631 2029059.793 0.067836989
21.760 2022900.046 0.067987489
21.890 2016745.854 0.068140229
22.020 2010597.275 0.068295216
22.151 2004454.368 0.068452460
22.282 1998317.190 0.068611969
22.414 1992185.802 0.068773754
22.547 1986060.265 0.068937823
22.680 1979940.638 0.069104187
22.814 1973826.985 0.069272855
22.949 1967719.367 0.069443838
23.084 1961617.848 0.069617146
23.220 1955522.491 0.069792788
23.356 1949433.360 0.069970777
23.493 1943350.521 0.070151122
23.631 1937274.041 0.070333834
23.770 1931203.985 0.070518926
23.909 1925140.421 0.070706408
24.049 1919083.417 0.070896291
24.190 1913033.042 0.071088587
24.331 1906989.367 0.071283309
24.473 1900952.460 0.071480467
24.616 1894922.395 0.071680075
24.760 1888899.242 0.071882144
24.904 1882883.076 0.072086687
25.049 1876873.969 0.072293716
25.194 1870871.996 0.072503245
25.341 1864877.233 0.072715285
25.488 1858889.756 0.072929850
25.636 1852909.643 0.073146954
25.785 1846936.971 0.073366608
25.934 1840971.819 0.073588828
26.085 1835014.267 0.073813625
26.236 1829064.397 0.074041015
26.387 1823122.289 0.074271009
26.540 1817188.027 0.074503624
26.694 1811261.694 0.074738871
26.848 1805343.375 0.074976766
27.003 1799433.155 0.075217322
27.159 1793531.121 0.075460554
27.316 1787637.361 0.075706476
27.473 1781751.962 0.075955102
27.632 1775875.015 0.076206448
27.791 1770006.610 0.076460527
27.951 1764146.840 0.076717353
28.112 1758295.795 0.076976943
28.274 1752453.572 0.077239310
28.437 1746620.264 0.077504470
28.600 1740795.967 0.077772436
28.765 1734980.779 0.078043225
28.930 1729174.798 0.078316850
29.097 1723378.123 0.078593327
29.264 1717590.855 0.078872671
29.432 1711813.096 0.079154897
29.601 1706044.948 0.079440019
29.771 1700286.517 0.079728052
29.942 1694537.906 0.080019012
30.114 1688799.224 0.080312914
30.287 1683070.577 0.080609771
30.461 1677352.074 0.080909600
30.636 1671643.827 0.081212414
30.812 1665945.947 0.081518229
30.989 1660258.546 0.081827059
31.167 1654581.740 0.082138919
31.346 1648915.643 0.082453823
31.526 1643260.374 0.082771785
31.707 1637616.049 0.083092821
31.889 1631982.790 0.083416943
32.072 1626360.716 0.083744166
32.256 1620749.951 0.084074504
32.442 1615150.619 0.084407970
32.628 1609562.845 0.084744578
32.815 1603986.757 0.085084341
33.004 1598422.481 0.085427273
33.194 1592870.150 0.085773387
33.384 1587329.893 0.086122694
33.576 1581801.844 0.086475208
33.769 1576286.137 0.086830940
33.963 1570782.908 0.087189903
34.159 1565292.296 0.087552108
34.355 1559814.439 0.087917566
34.553 1554349.478 0.088286289
34.752 1548897.556 0.088658287
34.952 1543458.817 0.089033570
35.153 1538033.407 0.089412149
35.355 1532621.472 0.089794032
35.559 1527223.163 0.090179229
35.764 1521838.631 0.090567748
35.970 1516468.027 0.090959598
36.177 1511111.507 0.091354786
36.386 1505769.227 0.091753320
36.596 1500441.343 0.092155206
36.807 1495128.018 0.092560450
37.020 1489829.411 0.092969058
37.233 1484545.686 0.093381035
37.448 1479277.009 0.093796385
37.665 1474023.547 0.094215111
37.883 1468785.469 0.094637218
38.102 1463562.945 0.095062706
38.322 1458356.149 0.095491579
38.544 1453165.255 0.095923835
38.767 1447990.440 0.096359477
38.992 1442831.883 0.096798502
39.218 1437689.764 0.097240910
39.445 1432564.267 0.097686697
39.674 1427455.575 0.098135861
39.904 1422363.875 0.098588397
40.135 1417289.357 0.099044300
40.369 1412232.210 0.099503563
40.603 1407192.628 0.099966180
40.839 1402170.806 0.100432143
41.077 1397166.941 0.100901440
41.316 1392181.231 0.101374064
41.556 1387213.879 0.101850000
41.798 1382265.087 0.102329237
42.041 1377335.060 0.102811761
42.287 1372424.008 0.103297555
42.533 1367532.138 0.103786604
42.781 1362659.664 0.104278889
43.031 1357806.800 0.104774390
43.282 1352973.761 0.105273088
43.535 1348160.767 0.105774959
43.789 1343368.038 0.106279979
44.045 1338595.796 0.106788124
44.303 1333844.268 0.107299366
44.562 1329113.680 0.107813677
44.823 1324404.263 0.108331026
45.086 1319716.247 0.108851382
45.350 1315049.867 0.109374710
45.616 1310405.359 0.109900975
45.883 1305782.962 0.110430140
46.153 1301182.917 0.110962166
46.423 1296605.466 0.111497011
46.696 1292050.854 0.112034632
46.970 1287519.329 0.112574984
47.246 1283011.140 0.113118021
47.524 1278526.540 0.113663692
47.804 1274065.782 0.114211946
48.085 1269629.122 0.114762730
48.368 1265216.820 0.115315989
48.653 1260829.134 0.115871663
48.939 1256466.329 0.116429693
49.227 1252128.669 0.116990015
49.518 1247816.420 0.117552566
49.809 1243529.853 0.118117277
50.103 1239269.238 0.118684079
50.399 1235034.849 0.119252899
50.696 1230826.960 0.119823663
50.995 1226645.849 0.120396292
51.296 1222491.796 0.120970706
51.599 1218365.082 0.121546824
51.904 1214265.990 0.122124559
52.210 1210194.805 0.122703824
52.518 1206151.814 0.123284527
52.829 1202137.306 0.123866575
53.141 1198151.573 0.124449872
53.455 1194194.906 0.125034318
53.770 1190267.599 0.125619812
54.088 1186369.949 0.126206249
54.408 1182502.252 0.126793520
54.729 1178664.809 0.127381516
55.053 1174857.920 0.127970123
55.378 1171081.886 0.128559224
55.705 1167337.012 0.129148701
56.034 1163623.603 0.129738430
56.365 1159941.964 0.130328287
56.698 1156292.403 0.130918143
57.032 1152675.229 0.131507868
57.369 1149090.752 0.132097328
57.708 1145539.282 0.132686386
58.048 1142021.132 0.133274901
58.390 1138536.613 0.133862732
58.735 1135086.041 0.134449732
59.081 1131669.728 0.135035754
59.429 1128287.990 0.135620646
59.779 1124941.143 0.136204255
60.130 1121629.502 0.136786423
60.484 1118353.383 0.137366992
60.839 1115113.104 0.137945798
61.197 1111908.982 0.138522679
61.556 1108741.332 0.139097465
61.917 1105610.473 0.139669989
62.280 1102516.721 0.140240077
62.645 1099460.393 0.140807555
63.011 1096441.804 0.141372246
63.380 1093461.272 0.141933972
63.750 1090519.110 0.142492551
64.122 1087615.635 0.143047800
64.496 1084751.159 0.143599533
64.871 1081925.995 0.144147565
65.249 1079140.456 0.144691705
65.628 1076394.852 0.145231765
66.009 1073689.492 0.145767552
66.391 1071024.684 0.146298872
66.775 1068400.735 0.146825531
67.161 1065817.950 0.147347334
67.549 1063276.630 0.147864083
67.938 1060777.077 0.148375581
68.329 1058319.590 0.148881629
68.721 1055904.464 0.149382030
69.115 1053531.995 0.149876582
69.511 1051202.472 0.150365087
69.908 1048916.186 0.150847344
70.307 1046673.421 0.151323155
70.707 1044474.461 0.151792318
71.108 1042319.586 0.152254636
71.511 1040209.070 0.152709909
71.915 1038143.188 0.153157940
72.321 1036122.209 0.153598531
72.728 1034146.398 0.154031487
73.136 1032216.016 0.154456612
73.546 1030331.321 0.154873715
73.957 1028492.567 0.155282603
74.369 1026700.001 0.155683088
74.782 1024953.869 0.156074980
75.196 1023254.410 0.156458096
75.611 1021601.859 0.156832253
76.027 1019996.445 0.157197269
76.444 1018438.393 0.157552969
76.862 1016927.923 0.157899177
77.281 1015465.249 0.158235723
77.700 1014050.578 0.158562439
78.120 1012684.114 0.158879161
78.541 1011366.054 0.159185730
78.962 1010096.588 0.159481989
79.384 1008875.901 0.159767785
79.805 1007704.173 0.160042973
80.227 1006581.574 0.160307408
80.649 1005508.271 0.160560952
81.071 1004484.423 0.160803473
81.492 1003510.183 0.161034842
81.913 1002585.695 0.161254935
82.333 1001711.100 0.161463636
82.752 1000886.528 0.161660832
83.169 1000112.105 0.161846417
83.584 999387.947 0.162020291
83.997 998714.165 0.162182358
84.406 998090.862 0.162332531
84.811 997518.132 0.162470727
85.211 996996.064 0.162596870
85.603 996524.738 0.162710891
85.986 996104.226 0.162812726
86.355 995734.593 0.162902320
86.708 995415.897 0.162979622
87.037 995148.186 0.163044590
87.334 994931.501 0.163097186
87.587 994765.877 0.163137383
87.779 994651.340 0.163165157
87.895 994587.906 0.163180493
87.922 994575.585 0.163183382
87.857 994614.381 0.163173823
87.706 994704.286 0.163151820
87.487 994845.286 0.163117387
87.214 995037.360 0.163070542
86.902 995280.478 0.163011311
86.562 995574.603 0.162939727
86.202 995919.688 0.162855831
85.826 996315.680 0.162759668
85.439 996762.518 0.162651291
85.044 997260.134 0.162530762
84.642 997808.451 0.162398145
84.235 998407.384 0.162253515
83.824 999056.842 0.162096950
83.410 999756.726 0.161928535
82.994 1000506.929 0.161748363
82.576 1001307.338 0.161556531
82.157 1002157.830 0.161353142
81.737 1003058.278 0.161138307
81.316 1004008.547 0.160912140
80.894 1005008.493 0.160674760
80.472 1006057.968 0.160426295
80.051 1007156.816 0.160166875
79.629 1008304.873 0.159896636
79.207 1009501.972 0.159615719
78.786 1010747.935 0.159324268
78.365 1012042.583 0.159022434
77.945 1013385.725 0.158710371
77.525 1014777.169 0.158388238
77.106 1016216.715 0.158056195
76.688 1017704.156 0.157714409
76.270 1019239.281 0.157363050
75.854 1020821.875 0.157002290
75.438 1022451.713 0.156632305
75.024 1024128.570 0.156253274
74.610 1025852.212 0.155865378
74.198 1027622.402 0.155468802
28.433 1746161.464 0.077542444
28.559 1741681.345 0.077748079
28.685 1737218.255 0.077954839
28.812 1732772.328 0.078162713
28.939 1728343.703 0.078371688
29.066 1723932.516 0.078581750
29.193 1719538.907 0.078792885
29.320 1715163.014 0.079005080
29.447 1710804.978 0.079218320
29.575 1706464.940 0.079432590
29.703 1702143.042 0.079647875
29.831 1697839.426 0.079864159
29.959 1693554.237 0.080081428
30.087 1689287.618 0.080299663
30.216 1685039.715 0.080518849
30.344 1680810.673 0.080738968
30.473 1676600.641 0.080960004
30.602 1672409.764 0.081181937
30.731 1668238.193 0.081404749
30.860 1664086.075 0.081628422
30.989 1659953.562 0.081852936
31.118 1655840.803 0.082078272
31.247 1651747.950 0.082304409
31.377 1647675.156 0.082531327
31.506 1643622.574 0.082759004
31.635 1639590.356 0.082987420
31.765 1635578.659 0.083216552
31.895 1631587.637 0.083446377
32.024 1627617.446 0.083676874
32.154 1623668.242 0.083908017
32.284 1619740.184 0.084139784
32.413 1615833.428 0.084372150
32.543 1611948.134 0.084605091
32.673 1608084.461 0.084838579
32.802 1604242.568 0.085072591
32.932 1600422.617 0.085307099
33.062 1596624.767 0.085542077
33.191 1592849.182 0.085777497
33.321 1589096.023 0.086013331
33.450 1585365.454 0.086249551
33.579 1581657.637 0.086486128
33.708 1577972.736 0.086723033
33.838 1574310.916 0.086960235
33.967 1570672.341 0.087197704
34.096 1567057.178 0.087435409
34.224 1563465.591 0.087673319
34.353 1559897.748 0.087911402
34.481 1556353.814 0.088149624
34.610 1552833.957 0.088387954
34.738 1549338.344 0.088626357
34.865 1545867.142 0.088864799
34.993 1542420.521 0.089103246
35.120 1538998.647 0.089341662
35.248 1535601.691 0.089580013
35.374 1532229.820 0.089818261
35.501 1528883.204 0.090056371
35.627 1525562.012 0.090294305
35.753 1522266.413 0.090532025
35.879 1518996.578 0.090769493
36.005 1515752.675 0.091006671
36.130 1512534.875 0.091243520
36.254 1509343.347 0.091480000
36.378 1506178.263 0.091716071
36.502 1503039.790 0.091951692
36.626 1499928.100 0.092186823
36.749 1496843.362 0.092421422
36.871 1493785.745 0.092655447
36.993 1490755.421 0.092888856
37.115 1487752.557 0.093121607
37.236 1484777.324 0.093353655
37.357 1481829.890 0.093584958
37.477 1478910.425 0.093815472
37.596 1476019.096 0.094045152
37.715 1473156.073 0.094273954
37.834 1470321.522 0.094501833
37.951 1467515.612 0.094728742
38.068 1464738.509 0.094954638
38.185 1461990.381 0.095179473
38.301 1459271.393 0.095403201
38.416 1456581.710 0.095625775
38.530 1453921.499 0.095847149
38.644 1451290.922 0.096067276
38.757 1448690.144 0.096286108
38.869 1446119.328 0.096503597
38.980 1443578.637 0.096719695
39.091 1441068.231 0.096934355
39.200 1438588.271 0.097147528
39.309 1436138.917 0.097359166
39.417 1433720.328 0.097569221
39.524 1431332.663 0.097777643
39.630 1428976.077 0.097984384
39.735 1426650.728 0.098189395
39.840 1424356.770 0.098392628
39.943 1422094.356 0.098594033
40.045 1419863.639 0.098793562
40.146 1417664.772 0.098991165
40.247 1415497.903 0.099186794
40.346 1413363.183 0.099380400
40.444 1411260.758 0.099571935
40.541 1409190.775 0.099761349
40.636 1407153.378 0.099948594
40.731 1405148.712 0.100133623
40.824 1403176.917 0.100316386
40.917 1401238.135 0.100496836
41.008 1399332.503 0.100674925
41.097 1397460.159 0.100850606
41.186 1395621.238 0.101023832
41.273 1393815.874 0.101194555
41.359 1392044.199 0.101362729
41.444 1390306.343 0.101528308
41.527 1388602.434 0.101691247
41.609 1386932.599 0.101851500
41.689 1385296.962 0.102009021
41.768 1383695.645 0.102163767
41.846 1382128.769 0.102315694
41.922 1380596.451 0.102464758
41.997 1379098.810 0.102610917
42.070 1377635.957 0.102754127
42.142 1376208.006 0.102894348
42.212 1374815.066 0.103031539
42.280 1373457.245 0.103165658
42.347 1372134.646 0.103296667
42.413 1370847.374 0.103424526
42.477 1369595.529 0.103549197
42.539 1368379.208 0.103670642
42.599 1367198.508 0.103788825
42.658 1366053.520 0.103903711
42.715 1364944.336 0.104015263
42.771 1363871.044 0.104123447
42.825 1362833.728 0.104228232
42.877 1361832.472 0.104329583
42.927 1360867.356 0.104427469
42.975 1359938.456 0.104521861
43.022 1359045.848 0.104612727
43.067 1358189.603 0.104700041
43.110 1357369.791 0.104783774
43.152 1356586.478 0.104863900
43.191 1355839.727 0.104940394
43.229 1355129.599 0.105013230
43.264 1354456.151 0.105082386
43.298 1353819.439 0.105147840
43.330 1353219.514 0.105209570
43.361 1352656.426 0.105267558
43.389 1352130.220 0.105321783
43.415 1351640.939 0.105372228
43.440 1351188.624 0.105418878
43.462 1350773.311 0.105461717
43.483 1350395.034 0.105500730
43.502 1350053.824 0.105535906
43.518 1349749.709 0.105567232
43.533 1349482.714 0.105594699
43.546 1349252.860 0.105618298
43.557 1349060.166 0.105638019
43.566 1348904.648 0.105653859
43.573 1348786.317 0.105665809
43.578 1348705.184 0.105673868
43.581 1348661.254 0.105678032
43.582 1348654.530 0.105678300
43.581 1348685.013 0.105674671
43.578 1348752.698 0.105667147
43.573 1348857.580 0.105655730
43.566 1348999.649 0.105640424
43.558 1349178.893 0.105621234
43.547 1349395.296 0.105598165
43.534 1349648.840 0.105571226
43.520 1349939.501 0.105540425
43.503 1350267.257 0.105505772
43.484 1350632.077 0.105467278
43.464 1351033.932 0.105424956
43.442 1351472.788 0.105378819
43.417 1351948.606 0.105328882
43.391 1352461.348 0.105275161
43.363 1353010.969 0.105217674
43.333 1353597.423 0.105156438
43.301 1354220.663 0.105091475
43.268 1354880.634 0.105022803
43.232 1355577.283 0.104950445
43.195 1356310.551 0.104874425
43.155 1357080.378 0.104794766
43.114 1357886.700 0.104711493
43.071 1358729.451 0.104624632
43.026 1359608.560 0.104534211
42.980 1360523.957 0.104440258
42.932 1361475.566 0.104342803
42.882 1362463.309 0.104241875
42.830 1363487.107 0.104137506
42.776 1364546.877 0.104029728
42.721 1365642.532 0.103918574
42.664 1366773.986 0.103804078
42.606 1367941.146 0.103686275
42.545 1369143.921 0.103565200
42.483 1370382.213 0.103440890
42.420 1371655.926 0.103313382
42.355 1372964.958 0.103182715
42.288 1374309.207 0.103048926
42.220 1375688.566 0.102912057
42.150 1377102.929 0.102772146
42.079 1378552.186 0.102629234
42.006 1380036.224 0.102483364
41.931 1381554.929 0.102334576
41.856 1383108.185 0.102182915
41.778 1384695.873 0.102028423
41.700 1386317.872 0.101871143
41.619 1387974.060 0.101711121
41.538 1389664.312 0.101548400
41.455 1391388.501 0.101383027
41.371 1393146.499 0.101215046
41.285 1394938.175 0.101044504
41.198 1396763.398 0.100871447
41.110 1398622.033 0.100695922
41.021 1400513.945 0.100517976
40.930 1402438.997 0.100337655
40.839 1404397.048 0.100155009
40.745 1406387.960 0.099970084
40.651 1408411.589 0.099782928
40.556 1410467.792 0.099593591
40.459 1412556.424 0.099402119
40.362 1414677.338 0.099208562
40.263 1416830.387 0.099012969
40.164 1419015.421 0.098815387
40.063 1421232.290 0.098615867
39.961 1423480.842 0.098414455
39.858 1425760.924 0.098211203
39.754 1428072.382 0.098006157
39.650 1430415.060 0.097799368
39.544 1432788.803 0.097590883
39.438 1435193.453 0.097380752
39.330 1437628.852 0.097169023
39.222 1440094.840 0.096955744
39.113 1442591.257 0.096740965
39.003 1445117.943 0.096524732
38.892 1447674.735 0.096307095
38.780 1450261.471 0.096088100
38.668 1452877.988 0.095867796
38.555 1455524.121 0.095646230
38.441 1458199.706 0.095423449
38.327 1460904.577 0.095199500
38.211 1463638.569 0.094974429
38.096 1466401.515 0.094748284
37.979 1469193.248 0.094521109
37.862 1472013.601 0.094292951
37.744 1474862.406 0.094063856
37.626 1477739.494 0.093833867
37.507 1480644.698 0.093603030
37.387 1483577.847 0.093371390
37.267 1486538.774 0.093138990
37.147 1489527.308 0.092905873
37.026 1492543.280 0.092672083
36.904 1495586.519 0.092437662
36.783 1498656.857 0.092202654
36.660 1501754.123 0.091967099
36.537 1504878.146 0.091731039
36.414 1508028.757 0.091494516
36.290 1511205.785 0.091257569
36.166 1514409.059 0.091020239
36.042 1517638.410 0.090782565
35.917 1520893.668 0.090544586
35.792 1524174.662 0.090306342
35.667 1527481.222 0.090067870
35.541 1530813.179 0.089829208
35.415 1534170.362 0.089590393
35.289 1537552.603 0.089351462
35.163 1540959.732 0.089112451
35.036 1544391.580 0.088873396
34.909 1547847.978 0.088634331
34.782 1551328.759 0.088395292
34.654 1554833.753 0.088156312
34.527 1558362.794 0.087917425
34.399 1561915.713 0.087678665
34.271 1565492.344 0.087440063
34.143 1569092.521 0.087201653
34.015 1572716.076 0.086963464
33.887 1576362.845 0.086725530
33.758 1580032.662 0.086487879
33.630 1583725.363 0.086250542
33.501 1587440.782 0.086013549
33.372 1591178.757 0.085776928
33.244 1594939.124 0.085540708
33.115 1598721.720 0.085304916
32.986 1602526.384 0.085069581
32.857 1606352.955 0.084834729
32.728 1610201.270 0.084600386
32.599 1614071.170 0.084366579
32.470 1617962.495 0.084133333
32.341 1621875.087 0.083900672
32.212 1625808.787 0.083668622
32.083 1629763.437 0.083437206
31.954 1633738.880 0.083206447
31.825 1637734.961 0.082976369
31.696 1641751.523 0.082746994
31.568 1645788.412 0.082518344
31.439 1649845.474 0.082290441
31.310 1653922.554 0.082063305
31.182 1658019.501 0.081836958
31.053 1662136.163 0.081611419
30.925 1666272.389 0.081386709
30.797 1670428.028 0.081162846
30.668 1674602.930 0.080939849
30.540 1678796.948 0.080717738
30.412 1683009.932 0.080496529
30.284 1687241.737 0.080276240
30.157 1691492.214 0.080056889
30.029 1695761.220 0.079838492
29.902 1700048.609 0.079621066
29.775 1704354.237 0.079404627
29.647 1708677.962 0.079189189
29.520 1713019.640 0.078974769
29.394 1717379.131 0.078761380
29.267 1721756.294 0.078549039
29.141 1726150.990 0.078337757
29.014 1730563.079 0.078127550
28.888 1734992.424 0.077918430
28.762 1739438.887 0.077710410
28.637 1743902.332 0.077503503
28.511 1748382.624 0.077297722
28.386 1752879.629 0.077093077
28.261 1757393.212 0.076889582
28.136 1761923.241 0.076687246
28.012 1766469.583 0.076486082
27.887 1771032.109 0.076286099
27.763 1775610.687 0.076087308
27.639 1780205.188 0.075889719
27.515 1784815.485 0.075693342
27.392 1789441.448 0.075498186
27.269 1794082.952 0.075304261
27.146 1798739.871 0.075111576
27.023 1803412.080 0.074920138
26.901 1808099.455 0.074729958
26.778 1812801.872 0.074541041
26.656 1817519.210 0.074353398
26.535 1822251.346 0.074167035
26.413 1826998.160 0.073981959
26.292 1831759.533 0.073798178
26.171 1836535.345 0.073615699
26.050 1841325.479 0.073434529
25.930 1846129.817 0.073254674
25.810 1850948.244 0.073076140
25.690 1855780.643 0.072898934
25.570 1860626.900 0.072723061
25.451 1865486.902 0.072548528
25.332 1870360.535 0.072375339
25.213 1875247.688 0.072203501
25.095 1880148.249 0.072033018
24.977 1885062.107 0.071863895
24.859 1889989.155 0.071696137
24.741 1894929.282 0.071529749
24.624 1899882.381 0.071364736
24.507 1904848.345 0.071201102
24.390 1909827.068 0.071038850
24.274 1914818.444 0.070877986
24.157 1919822.369 0.070718513
24.042 1924838.739 0.070560434
23.926 1929867.451 0.070403755
23.811 1934908.403 0.070248478
23.696 1939961.493 0.070094607
23.581 1945026.622 0.069942144
23.467 1950103.689 0.069791095
23.352 1955192.596 0.069641461
23.239 1960293.244 0.069493245
23.125 1965405.536 0.069346451
23.012 1970529.375 0.069201082
22.899 1975664.665 0.069057140
22.786 1980811.312 0.068914629
22.674 1985969.221 0.068773550
22.562 1991138.299 0.068633906
22.450 1996318.452 0.068495701
22.339 2001509.589 0.068358936
22.228 2006711.618 0.068223613
22.117 2011924.449 0.068089736
22.007 2017147.992 0.067957306
21.897 2022382.158 0.067826326
21.787 2027626.859 0.067696798
21.677 2032882.006 0.067568724
21.568 2038147.514 0.067442107
21.459 2043423.295 0.067316947
21.350 2048709.264 0.067193249
21.242 2054005.337 0.067071013
21.134 2059311.429 0.066950242
21.026 2064627.457 0.066830938
20.918 2069953.339 0.066713102
20.811 2075288.991 0.066596738
20.704 2080634.333 0.066481847
20.598 2085989.284 0.066368430
20.491 2091353.764 0.066256491
20.385 2096727.694 0.066146031
20.280 2102110.994 0.066037052
20.174 2107503.588 0.065929556
20.069 2112905.397 0.065823547
