20.015 2107966.798 0.066150944
20.129 2102156.358 0.066265031
20.243 2096353.189 0.066380927
20.357 2090557.357 0.066498635
20.472 2084768.930 0.066618155
20.587 2078987.975 0.066739489
20.703 2073214.562 0.066862639
20.819 2067448.760 0.066987607
20.935 2061690.638 0.067114394
21.052 2055940.266 0.067243002
21.170 2050197.717 0.067373433
21.287 2044463.062 0.067505688
21.406 2038736.374 0.067639771
21.524 2033017.726 0.067775684
21.644 2027307.191 0.067913427
21.763 2021604.846 0.068053005
21.883 2015910.764 0.068194418
22.004 2010225.023 0.068337670
22.125 2004547.699 0.068482763
22.246 1998878.871 0.068629700
22.368 1993218.615 0.068778482
22.490 1987567.012 0.068929113
22.613 1981924.141 0.069081595
22.736 1976290.083 0.069235932
22.860 1970664.920 0.069392124
22.984 1965048.733 0.069550177
23.109 1959441.607 0.069710091
23.234 1953843.624 0.069871870
23.359 1948254.869 0.070035516
23.485 1942675.428 0.070201033
23.612 1937105.387 0.070368423
23.739 1931544.833 0.070537689
23.866 1925993.854 0.070708833
23.994 1920452.539 0.070881859
24.123 1914920.978 0.071056769
24.252 1909399.261 0.071233565
24.381 1903887.479 0.071412251
24.511 1898385.725 0.071592830
24.641 1892894.092 0.071775303
24.772 1887412.674 0.071959673
24.904 1881941.566 0.072145944
25.036 1876480.864 0.072334116
25.168 1871030.664 0.072524194
25.301 1865591.064 0.072716178
25.434 1860162.163 0.072910072
25.568 1854744.061 0.073105878
25.703 1849336.857 0.073303598
25.837 1843940.654 0.073503233
25.973 1838555.554 0.073704786
26.109 1833181.660 0.073908259
26.245 1827819.077 0.074113653
26.382 1822467.910 0.074320970
26.520 1817128.266 0.074530212
26.658 1811800.251 0.074741379
26.796 1806483.975 0.074954474
26.935 1801179.546 0.075169497
27.075 1795887.076 0.075386450
27.215 1790606.676 0.075605332
27.355 1785338.457 0.075826145
27.497 1780082.535 0.076048890
4839671.683 0.010
4833501.889 0.010
4827362.571 0.010
4821253.868 0.010
4815175.923 0.010
4809128.876 0.010
4803112.868 0.010
4797128.039 0.010
4791174.531 0.010
4785252.483 0.010
4779362.037 0.010
4773503.333 0.010
4767676.511 0.010
4761881.712 0.010
4756119.075 0.010
4750388.741 0.010
4744690.850 0.010
4739025.541 0.010
4733392.954 0.010
4727793.228 0.010
4722226.503 0.011
4716692.918 0.011
4711192.611 0.011
4705725.720 0.011
4700292.386 0.011
4694892.745 0.011
4689526.935 0.011
4684195.095 0.011
4678897.361 0.011
4673633.871 0.011
4668404.761 0.011
4663210.168 0.011
4658050.228 0.011
4652925.078 0.011
4647834.851 0.011
4642779.685 0.011
4637759.713 0.011
4632775.069 0.011
4627825.889 0.011
4622912.305 0.011
4618034.451 0.011
4613192.459 0.011
4608386.462 0.011
4603616.592 0.011
4598882.979 0.011
4594185.756 0.011
4589525.053 0.011
4584900.999 0.011
4580313.723 0.011
4575763.356 0.011
4571250.025 0.011
4566773.857 0.011
4562334.981 0.011
4557933.523 0.011
4553569.608 0.011
4549243.363 0.011
4544954.911 0.011
4540704.378 0.011
4536491.887 0.011
4532317.560 0.011
4528181.521 0.011
4524083.889 0.011
4520024.786 0.011
4516004.333 0.011
4512022.648 0.011
4508079.850 0.012
4504176.057 0.012
4500311.386 0.012
4496485.954 0.012
4492699.875 0.012
4488953.264 0.012
4485246.235 0.012
4481578.902 0.012
4477951.376 0.012
4474363.768 0.012
4470816.190 0.012
4467308.750 0.012
4463841.557 0.012
4460414.719 0.012
4457028.342 0.012
4453682.532 0.012
4450377.395 0.012
4447113.033 0.012
4443889.551 0.012
4440707.049 0.012
4437565.628 0.012
4434465.389 0.012
4431406.429 0.012
4428388.848 0.012
4425412.741 0.012
4422478.204 0.012
4419585.332 0.012
4416734.218 0.012
4413924.953 0.012
4411157.631 0.012
4408432.339 0.012
4405749.168 0.012
4403108.205 0.012
4400509.536 0.012
4397953.247 0.012
4395439.422 0.012
4392968.143 0.012
4390539.493 0.012
4388153.552 0.012
4385810.399 0.012
4383510.112 0.012
4381252.768 0.012
4379038.442 0.012
4376867.208 0.012
4374739.140 0.012
4372654.308 0.012
4370612.782 0.012
4368614.632 0.012
4366659.925 0.012
4364748.728 0.012
4362881.104 0.012
4361057.118 0.012
4359276.831 0.012
4357540.304 0.012
4355847.597 0.012
4354198.767 0.012
4352593.870 0.012
4351032.963 0.012
4349516.097 0.012
4348043.325 0.012
4346614.699 0.012
4345230.267 0.012
4343890.077 0.012
4342594.175 0.012
4341342.606 0.012
4340135.414 0.012
4338972.640 0.012
4337854.325 0.012
4336780.507 0.012
4335751.224 0.012
4334766.512 0.012
4333826.404 0.012
4332930.934 0.012
4332080.134 0.012
4331274.031 0.012
4330512.656 0.012
4329796.034 0.012
4329124.191 0.012
4328497.150 0.012
4327914.932 0.012
4327377.560 0.012
4326885.050 0.012
4326437.421 0.012
4326034.688 0.013
4325676.866 0.013
4325363.967 0.013
4325096.001 0.013
4324872.979 0.013
4324694.908 0.013
4324561.795 0.013
4324473.644 0.013
4324430.458 0.013
4324432.239 0.013
4324478.987 0.013
4324570.699 0.013
4324707.374 0.013
4324889.005 0.013
4325115.587 0.013
4325387.112 0.013
4325703.570 0.013
4326064.950 0.012
4326471.239 0.012
4326922.423 0.012
4327418.487 0.012
4327959.412 0.012
4328545.180 0.012
4329175.770 0.012
4329851.161 0.012
4330571.328 0.012
4331336.246 0.012
4332145.889 0.012
4333000.229 0.012
4333899.234 0.012
4334842.875 0.012
4335831.118 0.012
4336863.929 0.012
4337941.271 0.012
4339063.108 0.012
4340229.400 0.012
4341440.107 0.012
4342695.188 0.012
4343994.597 0.012
4345338.291 0.012
4346726.224 0.012
4348158.346 0.012
4349634.610 0.012
4351154.963 0.012
4352719.355 0.012
4354327.730 0.012
4355980.035 0.012
4357676.212 0.012
4359416.204 0.012
4361199.951 0.012
4363027.392 0.012
4364898.465 0.012
4366813.108 0.012
4368771.254 0.012
4370772.837 0.012
4372817.791 0.012
4374906.045 0.012
4377037.531 0.012
4379212.175 0.012
4381429.906 0.012
4383690.648 0.012
4385994.327 0.012
4388340.866 0.012
4390730.187 0.012
4393162.210 0.012
4395636.854 0.012
4398154.039 0.012
4400713.680 0.012
4403315.695 0.012
4405959.996 0.012
4408646.499 0.012
4411375.114 0.012
4414145.754 0.012
4416958.327 0.012
4419812.743 0.012
4422708.910 0.012
4425646.733 0.012
4428626.118 0.012
4431646.970 0.012
4434709.192 0.012
4437812.686 0.012
4440957.353 0.012
4444143.093 0.012
4447369.805 0.012
4450637.388 0.012
4453945.738 0.012
4457294.752 0.012
4460684.324 0.012
4464114.349 0.012
4467584.720 0.012
4471095.328 0.012
4474646.067 0.012
4478236.825 0.012
4481867.493 0.012
4485537.959 0.012
4489248.110 0.012
4492997.835 0.012
4496787.018 0.012
4500615.546 0.012
4504483.302 0.012
4508390.171 0.012
4512336.035 0.011
4516320.776 0.011
4520344.275 0.011
4524406.414 0.011
4528507.072 0.011
4532646.129 0.011
4536823.462 0.011
4541038.949 0.011
4545292.468 0.011
4549583.895 0.011
4553913.106 0.011
4558279.976 0.011
4562684.379 0.011
4567126.190 0.011
4571605.281 0.011
4576121.525 0.011
4580674.795 0.011
4585264.962 0.011
4589891.897 0.011
4594555.471 0.011
4599255.554 0.011
4603992.015 0.011
4608764.723 0.011
4613573.547 0.011
4618418.355 0.011
4623299.014 0.011
4628215.392 0.011
4633167.355 0.011
4638154.770 0.011
4643177.503 0.011
4648235.419 0.011
4653328.383 0.011
4658456.260 0.011
4663618.916 0.011
4668816.213 0.011
4674048.015 0.011
4679314.187 0.011
4684614.591 0.011
4689949.090 0.011
4695317.546 0.011
4700719.823 0.011
4706155.782 0.011
4711625.284 0.011
4717128.192 0.011
4722664.367 0.010
4728233.670 0.010
4733835.962 0.010
4739471.103 0.010
4745138.955 0.010
4750839.378 0.010
4756572.231 0.010
4762337.375 0.010
4768134.670 0.010
4773963.977 0.010
4779825.153 0.010
4785718.060 0.010
4791642.557 0.010
4797598.502 0.010
4803585.756 0.010
4809604.178 0.010
4815653.627 0.010
4821733.962 0.010
4827845.042 0.010
4833986.727 0.010
4840158.875 0.010
4846361.346 0.010
4852593.998 0.010
4858856.692 0.010
4865149.285 0.010
4871471.637 0.010
4877823.607 0.010
4884205.055 0.010
4890615.840 0.010
4897055.820 0.010
4903524.856 0.010
4910022.807 0.010
4916549.532 0.010
4923104.891 0.010
4929688.743 0.010
4936300.950 0.010
4942941.369 0.010
4949609.863 0.010
4956306.290 0.010
4963030.511 0.010
4969782.387 0.009
4976561.778 0.009
4983368.545 0.009
4990202.549 0.009
4997063.650 0.009
5003951.711 0.009
5010866.593 0.009
5017808.157 0.009
5024776.266 0.009
25.848 1848596.351 0.073186250
25.734 1853139.866 0.073019848
25.620 1857694.738 0.072854665
25.507 1862260.883 0.072690706
25.394 1866838.212 0.072527973
25.281 1871426.641 0.072366469
25.169 1876026.084 0.072206199
25.057 1880636.456 0.072047165
24.945 1885257.674 0.071889370
24.833 1889889.653 0.071732818
24.722 1894532.312 0.071577510
24.611 1899185.569 0.071423450
24.500 1903849.341 0.071270640
24.389 1908523.548 0.071119083
24.279 1913208.109 0.070968781
24.169 1917902.945 0.070819737
24.059 1922607.976 0.070671953
23.950 1927323.125 0.070525431
23.841 1932048.312 0.070380173
23.732 1936783.461 0.070236181
23.623 1941528.495 0.070093458
23.515 1946283.338 0.069952004
23.407 1951047.913 0.069811823
23.299 1955822.147 0.069672915
23.192 1960605.963 0.069535283
23.085 1965399.289 0.069398927
22.978 1970202.052 0.069263851
22.871 1975014.177 0.069130055
22.765 1979835.593 0.068997541
22.659 1984666.229 0.068866310
22.553 1989506.013 0.068736364
22.448 1994354.874 0.068607705
22.343 1999212.742 0.068480333
22.238 2004079.548 0.068354250
22.133 2008955.223 0.068229457
22.029 2013839.699 0.068105956
21.925 2018732.906 0.067983748
21.821 2023634.779 0.067862835
21.718 2028545.250 0.067743217
21.615 2033464.252 0.067624895
21.512 2038391.720 0.067507871
21.409 2043327.588 0.067392147
21.307 2048271.792 0.067277723
21.205 2053224.268 0.067164601
21.103 2058184.950 0.067052781
21.002 2063153.777 0.066942266
20.900 2068130.685 0.066833056
20.799 2073115.611 0.066725152
20.699 2078108.495 0.066618556
20.598 2083109.274 0.066513269
20.498 2088117.887 0.066409293
20.398 2093134.275 0.066306628
20.299 2098158.377 0.066205276
20.200 2103190.134 0.066105238
20.100 2108229.486 0.066006516
20.002 2113276.375 0.065909111
