20.003 2109174.584 0.066109257
20.115 2103470.745 0.066220781
20.227 2097771.232 0.066334102
20.339 2092076.086 0.066449224
20.452 2086385.349 0.066566152
20.565 2080699.060 0.066684889
20.679 2075017.263 0.066805440
20.793 2069339.999 0.066927811
20.908 2063667.311 0.067052007
21.023 2057999.242 0.067178032
21.139 2052335.834 0.067305893
21.255 2046677.133 0.067435594
21.372 2041023.183 0.067567141
21.489 2035374.027 0.067700540
21.606 2029729.712 0.067835796
21.725 2024090.283 0.067972916
21.843 2018455.786 0.068111907
21.962 2012826.268 0.068252773
22.082 2007201.775 0.068395522
22.202 2001582.355 0.068540160
22.323 1995968.056 0.068686695
22.444 1990358.927 0.068835131
22.566 1984755.016 0.068985477
22.688 1979156.373 0.069137740
22.811 1973563.047 0.069291927
22.934 1967975.090 0.069448045
23.058 1962392.552 0.069606101
23.182 1956815.485 0.069766103
23.307 1951243.940 0.069928059
23.433 1945677.970 0.070091977
23.559 1940117.628 0.070257863
23.686 1934562.968 0.070425727
23.813 1929014.044 0.070595576
23.941 1923470.910 0.070767419
24.069 1917933.622 0.070941264
24.198 1912402.235 0.071117119
24.327 1906876.807 0.071294993
24.457 1901357.393 0.071474894
24.588 1895844.051 0.071656831
24.719 1890336.840 0.071840813
24.851 1884835.819 0.072026848
24.984 1879341.046 0.072214947
25.117 1873852.581 0.072405117
25.250 1868370.486 0.072597368
25.385 1862894.821 0.072791710
25.520 1857425.648 0.072988150
25.655 1851963.030 0.073186700
25.791 1846507.030 0.073387368
25.928 1841057.711 0.073590163
26.066 1835615.138 0.073795097
26.204 1830179.377 0.074002177
26.342 1824750.492 0.074211414
26.482 1819328.551 0.074422818
26.622 1813913.620 0.074636398
26.763 1808505.767 0.074852165
26.904 1803105.062 0.075070128
27.046 1797711.573 0.075290298
27.189 1792325.370 0.075512684
27.332 1786946.525 0.075737297
27.476 1781575.108 0.075964146
27.621 1776211.192 0.076193242
27.767 1770854.850 0.076424595
27.913 1765506.156 0.076658216
28.060 1760165.183 0.076894114
28.208 1754832.009 0.077132300
28.356 1749506.708 0.077372784
28.505 1744189.358 0.077615576
28.655 1738880.036 0.077860688
28.805 1733578.821 0.078108128
28.957 1728285.792 0.078357907
29.109 1723001.030 0.078610036
29.262 1717724.616 0.078864525
29.415 1712456.631 0.079121384
29.570 1707197.158 0.079380623
29.725 1701946.282 0.079642252
29.881 1696704.086 0.079906283
30.037 1691470.656 0.080172724
30.195 1686246.078 0.080441585
30.353 1681030.440 0.080712878
30.512 1675823.830 0.080986611
30.672 1670626.336 0.081262795
30.832 1665438.050 0.081541440
30.994 1660259.061 0.081822554
31.156 1655089.463 0.082106149
31.319 1649929.347 0.082392232
31.483 1644778.807 0.082680815
31.648 1639637.939 0.082971906
31.814 1634506.839 0.083265514
31.980 1629385.603 0.083561648
32.148 1624274.329 0.083860318
32.316 1619173.117 0.084161531
32.485 1614082.065 0.084465298
32.655 1609001.276 0.084771626
32.826 1603930.851 0.085080523
32.997 1598870.894 0.085391998
33.170 1593821.508 0.085706059
33.344 1588782.800 0.086022713
33.518 1583754.874 0.086341968
33.693 1578737.840 0.086663831
33.870 1573731.806 0.086988310
34.047 1568736.881 0.087315411
34.225 1563753.176 0.087645140
34.404 1558780.804 0.087977505
34.584 1553819.878 0.088312511
34.765 1548870.512 0.088650164
34.947 1543932.822 0.088990469
35.130 1539006.924 0.089333431
35.314 1534092.937 0.089679056
35.498 1529190.980 0.090027348
35.684 1524301.174 0.090378311
35.871 1519423.639 0.090731948
36.059 1514558.499 0.091088263
36.248 1509705.878 0.091447260
36.437 1504865.902 0.091808940
36.628 1500038.698 0.092173306
36.820 1495224.392 0.092540359
37.013 1490423.115 0.092910101
37.207 1485634.998 0.093282532
37.402 1480860.172 0.093657654
37.598 1476098.770 0.094035465
37.795 1471350.927 0.094415965
37.993 1466616.778 0.094799152
38.192 1461896.463 0.095185026
38.392 1457190.118 0.095573582
38.593 1452497.883 0.095964819
38.796 1447819.901 0.096358733
38.999 1443156.314 0.096755320
39.204 1438507.266 0.097154574
39.409 1433872.903 0.097556491
39.616 1429253.371 0.097961063
39.824 1424648.820 0.098368285
40.033 1420059.398 0.098778148
40.243 1415485.257 0.099190644
40.454 1410926.551 0.099605764
40.667 1406383.432 0.100023497
40.880 1401856.057 0.100443834
41.095 1397344.582 0.100866763
41.311 1392849.166 0.101292270
41.528 1388369.970 0.101720343
41.746 1383907.154 0.102150967
41.965 1379460.881 0.102584128
42.186 1375031.317 0.103019809
42.408 1370618.626 0.103457994
42.631 1366222.977 0.103898663
42.855 1361844.537 0.104341799
43.080 1357483.478 0.104787380
43.306 1353139.972 0.105235386
43.534 1348814.192 0.105685795
43.763 1344506.312 0.106138583
43.993 1340216.509 0.106593725
44.224 1335944.962 0.107051197
44.457 1331691.849 0.107510970
44.691 1327457.352 0.107973018
44.926 1323241.653 0.108437310
45.162 1319044.935 0.108903817
45.399 1314867.385 0.109372506
45.638 1310709.190 0.109843345
45.878 1306570.537 0.110316298
46.119 1302451.617 0.110791330
46.362 1298352.620 0.111268404
46.605 1294273.742 0.111747481
46.850 1290215.174 0.112228522
47.096 1286177.114 0.112711483
47.344 1282159.758 0.113196324
47.593 1278163.305 0.113682998
47.843 1274187.956 0.114171461
48.094 1270233.913 0.114661664
48.346 1266301.377 0.115153558
48.600 1262390.554 0.115647093
48.855 1258501.649 0.116142217
49.112 1254634.870 0.116638875
49.369 1250790.426 0.117137011
49.628 1246968.525 0.117636569
49.888 1243169.380 0.118137489
50.149 1239393.203 0.118639711
50.412 1235640.208 0.119143172
50.676 1231910.609 0.119647808
50.941 1228204.624 0.120153553
51.207 1224522.470 0.120660339
51.475 1220864.366 0.121168097
51.744 1217230.532 0.121676755
52.014 1213621.189 0.122186240
52.285 1210036.558 0.122696477
52.558 1206476.865 0.123207389
52.831 1202942.333 0.123718897
53.106 1199433.187 0.124230921
53.383 1195949.654 0.124743378
53.660 1192491.962 0.125256184
53.939 1189060.339 0.125769252
54.218 1185655.014 0.126282494
54.499 1182276.217 0.126795821
54.781 1178924.180 0.127309140
55.065 1175599.134 0.127822358
55.349 1172301.312 0.128335378
55.634 1169030.946 0.128848104
55.921 1165788.272 0.129360435
56.209 1162573.523 0.129872271
56.498 1159386.934 0.130383508
56.787 1156228.741 0.130894042
57.078 1153099.180 0.131403765
57.370 1149998.487 0.131912568
57.663 1146926.899 0.132420342
57.957 1143884.654 0.132926975
58.252 1140871.988 0.133432351
58.548 1137889.138 0.133936357
58.845 1134936.344 0.134438873
59.142 1132013.841 0.134939783
59.441 1129121.869 0.135438964
59.740 1126260.664 0.135936294
60.041 1123430.464 0.136431651
60.342 1120631.506 0.136924908
60.644 1117864.028 0.137415940
60.946 1115128.265 0.137904618
61.249 1112424.455 0.138390812
61.553 1109752.833 0.138874392
61.858 1107113.635 0.139355226
62.163 1104507.094 0.139833180
62.468 1101933.445 0.140308121
62.774 1099392.921 0.140779913
63.081 1096885.755 0.141248419
63.388 1094412.177 0.141713501
63.695 1091972.418 0.142175023
64.003 1089566.707 0.142632844
64.310 1087195.272 0.143086825
64.618 1084858.339 0.143536826
64.926 1082556.135 0.143982705
65.234 1080288.883 0.144424321
65.542 1078056.805 0.144861531
65.850 1075860.122 0.145294195
66.158 1073699.053 0.145722169
66.466 1071573.815 0.146145311
66.773 1069484.625 0.146563478
67.080 1067431.694 0.146976527
67.386 1065415.234 0.147384317
67.692 1063435.454 0.147786706
67.996 1061492.561 0.148183551
68.301 1059586.760 0.148574711
68.604 1057718.253 0.148960046
68.906 1055887.238 0.149339416
69.207 1054093.912 0.149712681
69.507 1052338.471 0.150079703
69.805 1050621.105 0.150440345
70.101 1048942.002 0.150794472
70.396 1047301.347 0.151141947
70.689 1045699.323 0.151482638
70.980 1044136.110 0.151816412
71.269 1042611.881 0.152143139
71.556 1041126.811 0.152462690
71.839 1039681.068 0.152774939
72.120 1038274.817 0.153079760
72.398 1036908.219 0.153377030
72.673 1035581.434 0.153666629
72.944 1034294.614 0.153948438
73.211 1033047.911 0.154222340
73.475 1031841.471 0.154488223
73.734 1030675.435 0.154745976
73.988 1029549.941 0.154995489
20.015 2112233.251 0.065939384
20.079 2108990.723 0.066002033
20.142 2105762.804 0.066064998
20.205 2102549.565 0.066128273
20.268 2099351.074 0.066191848
20.331 2096167.402 0.066255717
20.394 2092998.618 0.066319871
20.457 2089844.793 0.066384301
20.519 2086705.997 0.066449002
20.582 2083582.299 0.066513963
20.644 2080473.771 0.066579177
20.706 2077380.482 0.066644635
20.768 2074302.503 0.066710330
20.830 2071239.904 0.066776254
20.892 2068192.756 0.066842397
20.953 2065161.130 0.066908752
21.015 2062145.096 0.066975310
21.076 2059144.724 0.067042063
21.137 2056160.085 0.067109003
21.198 2053191.251 0.067176121
21.259 2050238.292 0.067243408
21.319 2047301.278 0.067310856
21.380 2044380.281 0.067378456
21.440 2041475.371 0.067446200
21.500 2038586.619 0.067514079
21.560 2035714.096 0.067582084
21.620 2032857.872 0.067650207
21.679 2030018.019 0.067718439
21.739 2027194.607 0.067786770
21.798 2024387.707 0.067855193
21.857 2021597.390 0.067923698
21.915 2018823.726 0.067992277
21.974 2016066.786 0.068060920
22.032 2013326.641 0.068129618
22.090 2010603.361 0.068198362
22.148 2007897.017 0.068267144
22.206 2005207.678 0.068335954
22.263 2002535.416 0.068404783
22.321 1999880.301 0.068473623
22.378 1997242.402 0.068542462
22.434 1994621.790 0.068611294
22.491 1992018.535 0.068680107
22.547 1989432.707 0.068748894
22.603 1986864.376 0.068817644
22.659 1984313.610 0.068886349
22.715 1981780.481 0.068954999
22.770 1979265.056 0.069023584
22.825 1976767.405 0.069092096
22.880 1974287.599 0.069160524
22.934 1971825.704 0.069228860
22.988 1969381.790 0.069297094
23.042 1966955.927 0.069365216
23.096 1964548.181 0.069433217
23.149 1962158.622 0.069501087
23.203 1959787.317 0.069568817
23.255 1957434.335 0.069636398
23.308 1955099.742 0.069703819
23.360 1952783.607 0.069771071
23.412 1950485.997 0.069838145
23.464 1948206.978 0.069905030
23.515 1945946.618 0.069971718
23.566 1943704.982 0.070038198
23.617 1941482.138 0.070104462
23.667 1939278.151 0.070170499
23.717 1937093.086 0.070236299
23.767 1934927.010 0.070301854
23.816 1932779.987 0.070367153
23.866 1930652.083 0.070432187
23.914 1928543.361 0.070496946
23.963 1926453.886 0.070561420
24.011 1924383.723 0.070625601
24.059 1922332.934 0.070689478
24.106 1920301.583 0.070753041
24.153 1918289.733 0.070816282
24.200 1916297.446 0.070879190
24.246 1914324.785 0.070941756
24.292 1912371.812 0.071003970
24.337 1910438.588 0.071065824
24.382 1908525.173 0.071127306
24.427 1906631.630 0.071188409
24.472 1904758.018 0.071249122
24.516 1902904.397 0.071309436
24.559 1901070.826 0.071369341
24.602 1899257.365 0.071428828
24.645 1897464.073 0.071487889
24.688 1895691.006 0.071546513
24.730 1893938.224 0.071604691
24.771 1892205.784 0.071662414
24.813 1890493.742 0.071719673
24.853 1888802.154 0.071776458
24.894 1887131.078 0.071832761
24.934 1885480.567 0.071888573
24.973 1883850.676 0.071943884
25.012 1882241.461 0.071998686
25.051 1880652.975 0.072052969
25.089 1879085.272 0.072106724
25.127 1877538.403 0.072159944
25.164 1876012.422 0.072212619
25.201 1874507.381 0.072264741
25.237 1873023.329 0.072316300
25.273 1871560.318 0.072367289
25.309 1870118.399 0.072417699
25.344 1868697.619 0.072467521
25.378 1867298.029 0.072516747
25.413 1865919.676 0.072565370
25.446 1864562.609 0.072613380
25.479 1863226.873 0.072660769
25.512 1861912.517 0.072707531
25.544 1860619.584 0.072753656
25.576 1859348.122 0.072799136
25.607 1858098.173 0.072843965
25.638 1856869.783 0.072888134
25.668 1855662.994 0.072931636
25.698 1854477.849 0.072974464
25.727 1853314.389 0.073016609
25.756 1852172.656 0.073058065
25.784 1851052.691 0.073098824
25.812 1849954.534 0.073138880
25.839 1848878.223 0.073178225
25.865 1847823.797 0.073216853
25.892 1846791.293 0.073254757
25.917 1845780.750 0.073291929
25.942 1844792.202 0.073328365
25.967 1843825.686 0.073364056
25.991 1842881.237 0.073398997
26.014 1841958.888 0.073433182
26.037 1841058.673 0.073466604
26.060 1840180.625 0.073499259
26.082 1839324.775 0.073531138
26.103 1838491.154 0.073562239
26.124 1837679.794 0.073592553
26.144 1836890.722 0.073622077
26.164 1836123.969 0.073650805
26.183 1835379.561 0.073678731
26.202 1834657.527 0.073705851
26.220 1833957.892 0.073732159
26.237 1833280.682 0.073757652
26.254 1832625.922 0.073782324
26.271 1831993.636 0.073806170
26.287 1831383.847 0.073829188
26.302 1830796.577 0.073851371
26.317 1830231.848 0.073872717
26.331 1829689.680 0.073893221
26.344 1829170.093 0.073912880
26.357 1828673.107 0.073931690
26.370 1828198.739 0.073949647
26.382 1827747.007 0.073966749
26.393 1827317.928 0.073982992
26.404 1826911.516 0.073998372
26.414 1826527.787 0.074012888
26.423 1826166.754 0.074026537
26.432 1825828.432 0.074039316
26.441 1825512.831 0.074051222
26.448 1825219.963 0.074062253
26.456 1824949.839 0.074072408
26.462 1824702.469 0.074081685
26.468 1824477.860 0.074090081
26.474 1824276.022 0.074097595
26.479 1824096.961 0.074104226
26.483 1823940.683 0.074109973
26.487 1823807.193 0.074114834
26.490 1823696.497 0.074118808
26.493 1823608.597 0.074121895
26.495 1823543.495 0.074124094
26.496 1823501.195 0.074125405
26.497 1823481.697 0.074125827
26.497 1823485.000 0.074125360
26.497 1823511.104 0.074124004
26.496 1823560.008 0.074121760
26.494 1823631.708 0.074118628
26.492 1823726.201 0.074114608
26.489 1823843.483 0.074109701
26.486 1823983.549 0.074103908
26.482 1824146.392 0.074097230
26.478 1824332.005 0.074089668
26.473 1824540.382 0.074081224
26.467 1824771.512 0.074071898
26.461 1825025.386 0.074061693
26.454 1825301.995 0.074050611
26.447 1825601.326 0.074038653
26.439 1825923.367 0.074025822
26.430 1826268.106 0.074012119
26.421 1826635.529 0.073997548
26.411 1827025.620 0.073982111
26.401 1827438.365 0.073965811
26.390 1827873.746 0.073948650
26.379 1828331.747 0.073930632
26.367 1828812.349 0.073911760
26.354 1829315.533 0.073892037
26.341 1829841.280 0.073871468
26.327 1830389.569 0.073850055
26.313 1830960.379 0.073827802
26.298 1831553.686 0.073804713
26.283 1832169.468 0.073780793
26.267 1832807.702 0.073756046
26.251 1833468.362 0.073730476
26.234 1834151.422 0.073704088
26.216 1834856.857 0.073676886
26.198 1835584.640 0.073648876
26.179 1836334.741 0.073620061
26.160 1837107.133 0.073590448
26.140 1837901.786 0.073560041
26.120 1838718.670 0.073528846
26.099 1839557.754 0.073496869
26.077 1840419.005 0.073464115
26.055 1841302.392 0.073430589
26.033 1842207.880 0.073396298
26.010 1843135.436 0.073361247
25.986 1844085.025 0.073325444
25.962 1845056.611 0.073288893
25.937 1846050.158 0.073251601
25.912 1847065.628 0.073213576
25.886 1848102.985 0.073174822
25.860 1849162.190 0.073135348
25.833 1850243.202 0.073095159
25.806 1851345.984 0.073054263
25.779 1852470.493 0.073012667
25.750 1853616.688 0.072970378
25.722 1854784.528 0.072927403
25.692 1855973.970 0.072883749
25.663 1857184.971 0.072839424
25.632 1858417.487 0.072794435
25.602 1859671.472 0.072748790
25.570 1860946.883 0.072702497
25.539 1862243.672 0.072655563
25.506 1863561.794 0.072607996
25.474 1864901.201 0.072559805
25.441 1866261.845 0.072510996
25.407 1867643.679 0.072461579
25.373 1869046.653 0.072411562
25.338 1870470.717 0.072360952
25.303 1871915.822 0.072309758
25.268 1873381.917 0.072257989
25.232 1874868.950 0.072205652
25.196 1876376.869 0.072152757
25.159 1877905.623 0.072099312
25.121 1879455.158 0.072045326
25.084 1881025.421 0.071990808
25.046 1882616.358 0.071935765
25.007 1884227.914 0.071880208
24.968 1885860.035 0.071824144
24.929 1887512.664 0.071767584
24.889 1889185.745 0.071710535
24.848 1890879.223 0.071653007
24.808 1892593.040 0.071595009
24.767 1894327.139 0.071536550
24.725 1896081.461 0.071477640
24.683 1897855.949 0.071418287
24.641 1899650.543 0.071358501
24.598 1901465.185 0.071298290
24.555 1903299.814 0.071237665
24.512 1905154.371 0.071176635
24.468 1907028.795 0.071115208
24.423 1908923.024 0.071053395
24.379 1910836.999 0.070991205
24.334 1912770.656 0.070928647
24.288 1914723.935 0.070865730
24.243 1916696.771 0.070802465
24.196 1918689.104 0.070738860
24.150 1920700.869 0.070674926
24.103 1922732.002 0.070610671
24.056 1924782.441 0.070546105
24.008 1926852.121 0.070481238
23.960 1928940.977 0.070416079
23.912 1931048.945 0.070350638
23.864 1933175.959 0.070284924
23.815 1935321.954 0.070218948
23.766 1937486.864 0.070152717
23.716 1939670.624 0.070086243
23.666 1941873.166 0.070019535
23.616 1944094.425 0.069952601
23.565 1946334.334 0.069885452
23.515 1948592.826 0.069818098
23.463 1950869.832 0.069750547
23.412 1953165.287 0.069682810
23.360 1955479.122 0.069614896
23.308 1957811.269 0.069546813
23.256 1960161.660 0.069478573
23.203 1962530.226 0.069410184
23.151 1964916.900 0.069341656
23.097 1967321.612 0.069272998
23.044 1969744.293 0.069204219
22.990 1972184.875 0.069135330
22.936 1974643.288 0.069066339
22.882 1977119.462 0.068997256
22.828 1979613.328 0.068928089
22.773 1982124.817 0.068858850
22.718 1984653.858 0.068789546
22.663 1987200.381 0.068720187
22.607 1989764.317 0.068650782
22.551 1992345.595 0.068581341
22.495 1994944.144 0.068511872
22.439 1997559.895 0.068442385
22.383 2000192.777 0.068372889
22.326 2002842.719 0.068303393
22.269 2005509.650 0.068233906
22.212 2008193.500 0.068164437
22.155 2010894.198 0.068094995
22.097 2013611.672 0.068025589
22.039 2016345.853 0.067956228
21.981 2019096.669 0.067886921
21.923 2021864.048 0.067817677
21.865 2024647.920 0.067748504
21.806 2027448.214 0.067679411
21.747 2030264.858 0.067610408
21.688 2033097.782 0.067541502
21.629 2035946.914 0.067472702
21.570 2038812.183 0.067404018
21.510 2041693.517 0.067335457
21.451 2044590.846 0.067267029
21.391 2047504.098 0.067198741
21.331 2050433.202 0.067130602
21.270 2053378.088 0.067062621
21.210 2056338.683 0.066994806
21.150 2059314.917 0.066927166
21.089 2062306.719 0.066859708
21.028 2065314.017 0.066792441
20.967 2068336.741 0.066725374
20.906 2071374.820 0.066658513
20.845 2074428.183 0.066591869
20.783 2077496.758 0.066525448
20.721 2080580.476 0.066459259
20.660 2083679.266 0.066393310
20.598 2086793.057 0.066327608
20.536 2089921.779 0.066262163
20.474 2093065.360 0.066196981
20.412 2096223.731 0.066132071
20.349 2099396.822 0.066067440
20.287 2102584.562 0.066003096
20.224 2105786.881 0.065939048
20.161 2109003.710 0.065875302
20.098 2112234.978 0.065811866
20.036 2115480.616 0.065748749
