20.009 2109223.170 0.066097709
20.042 2107568.911 0.066129601
20.074 2105932.879 0.066161292
20.106 2104315.115 0.066192778
20.137 2102715.665 0.066224053
20.168 2101134.569 0.066255110
20.199 2099571.871 0.066285944
20.230 2098027.611 0.066316550
20.260 2096501.832 0.066346922
20.290 2094994.575 0.066377053
20.320 2093505.880 0.066406940
20.349 2092035.788 0.066436575
20.378 2090584.338 0.066465955
20.406 2089151.570 0.066495072
20.435 2087737.523 0.066523923
20.462 2086342.236 0.066552501
20.490 2084965.747 0.066580802
20.517 2083608.093 0.066608819
20.544 2082269.312 0.066636549
20.571 2080949.442 0.066663986
20.597 2079648.518 0.066691124
20.623 2078366.576 0.066717959
20.648 2077103.653 0.066744486
20.673 2075859.783 0.066770700
20.698 2074635.001 0.066796595
20.723 2073429.341 0.066822168
20.747 2072242.837 0.066847413
20.770 2071075.523 0.066872326
20.794 2069927.431 0.066896903
20.817 2068798.593 0.066921137
20.839 2067689.042 0.066945026
20.862 2066598.808 0.066968564
20.883 2065527.923 0.066991748
20.905 2064476.417 0.067014572
20.926 2063444.319 0.067037033
20.947 2062431.660 0.067059126
20.967 2061438.468 0.067080848
20.987 2060464.771 0.067102194
21.007 2059510.598 0.067123159
21.026 2058575.975 0.067143742
21.045 2057660.929 0.067163936
21.064 2056765.486 0.067183739
21.082 2055889.673 0.067203147
21.099 2055033.515 0.067222156
21.117 2054197.035 0.067240762
21.134 2053380.259 0.067258963
21.150 2052583.209 0.067276754
21.166 2051805.909 0.067294132
21.182 2051048.381 0.067311095
21.197 2050310.647 0.067327638
21.212 2049592.728 0.067343759
21.227 2048894.645 0.067359454
21.241 2048216.419 0.067374721
21.255 2047558.068 0.067389556
21.268 2046919.613 0.067403958
21.281 2046301.071 0.067417922
21.294 2045702.460 0.067431447
21.306 2045123.798 0.067444530
21.318 2044565.102 0.067457168
21.329 2044026.387 0.067469359
21.340 2043507.669 0.067481100
21.351 2043008.963 0.067492390
21.361 2042530.284 0.067503226
21.370 2042071.645 0.067513605
21.380 2041633.059 0.067523527
21.389 2041214.540 0.067532989
21.397 2040816.099 0.067541989
21.405 2040437.747 0.067550526
21.413 2040079.495 0.067558598
21.420 2039741.354 0.067566203
21.427 2039423.333 0.067573339
21.433 2039125.441 0.067580006
21.439 2038847.687 0.067586202
21.445 2038590.078 0.067591926
21.450 2038352.620 0.067597177
21.455 2038135.322 0.067601953
21.459 2037938.189 0.067606254
21.463 2037761.225 0.067610079
21.467 2037604.436 0.067613426
21.470 2037467.826 0.067616297
21.472 2037351.399 0.067618688
21.475 2037255.156 0.067620602
21.477 2037179.101 0.067622035
21.478 2037123.234 0.067622990
21.479 2037087.558 0.067623464
21.480 2037072.072 0.067623459
21.480 2037076.775 0.067622974
21.479 2037101.668 0.067622008
21.479 2037146.749 0.067620563
21.478 2037212.015 0.067618639
21.476 2037297.463 0.067616234
21.474 2037403.091 0.067613351
21.472 2037528.895 0.067609990
21.469 2037674.870 0.067606150
21.466 2037841.010 0.067601834
21.462 2038027.310 0.067597040
21.458 2038233.763 0.067591771
21.454 2038460.363 0.067586028
21.449 2038707.102 0.067579810
21.444 2038973.971 0.067573120
21.438 2039260.962 0.067565959
21.432 2039568.065 0.067558327
21.426 2039895.269 0.067550226
21.419 2040242.566 0.067541658
21.411 2040609.942 0.067532625
21.404 2040997.386 0.067523127
21.395 2041404.886 0.067513166
21.387 2041832.428 0.067502745
21.378 2042279.999 0.067491865
21.369 2042747.584 0.067480529
21.359 2043235.169 0.067468737
21.349 2043742.738 0.067456493
21.338 2044270.275 0.067443798
21.327 2044817.764 0.067430655
21.316 2045385.186 0.067417067
21.304 2045972.525 0.067403035
21.291 2046579.761 0.067388562
21.279 2047206.877 0.067373651
21.266 2047853.851 0.067358305
21.252 2048520.665 0.067342526
21.239 2049207.297 0.067326318
21.224 2049913.726 0.067309682
21.210 2050639.931 0.067292623
21.195 2051385.888 0.067275143
21.179 2052151.576 0.067257246
21.164 2052936.970 0.067238934
21.147 2053742.046 0.067220211
21.131 2054566.780 0.067201081
21.114 2055411.147 0.067181546
21.096 2056275.121 0.067161611
21.079 2057158.676 0.067141279
21.061 2058061.784 0.067120553
21.042 2058984.420 0.067099438
21.023 2059926.554 0.067077937
21.004 2060888.159 0.067056055
20.984 2061869.206 0.067033794
20.964 2062869.665 0.067011160
20.944 2063889.507 0.066988156
20.923 2064928.700 0.066964786
20.902 2065987.215 0.066941055
20.880 2067065.020 0.066916966
20.859 2068162.083 0.066892525
20.836 2069278.372 0.066867735
20.814 2070413.854 0.066842602
20.791 2071568.495 0.066817129
20.767 2072742.262 0.066791321
20.744 2073935.120 0.066765183
20.720 2075147.035 0.066738719
20.695 2076377.972 0.066711934
20.670 2077627.894 0.066684834
20.645 2078896.767 0.066657422
20.620 2080184.552 0.066629704
20.594 2081491.214 0.066601685
20.568 2082816.715 0.066573369
20.541 2084161.016 0.066544763
20.515 2085524.080 0.066515870
20.487 2086905.868 0.066486696
20.460 2088306.341 0.066457246
20.432 2089725.459 0.066427526
20.404 2091163.182 0.066397541
20.375 2092619.470 0.066367296
20.346 2094094.282 0.066336796
20.317 2095587.578 0.066306047
20.288 2097099.314 0.066275055
20.258 2098629.450 0.066243824
20.228 2100177.943 0.066212361
20.197 2101744.750 0.066180671
20.166 2103329.828 0.066148760
20.135 2104933.135 0.066116632
20.104 2106554.625 0.066084295
20.072 2108194.256 0.066051754
20.040 2109851.981 0.066019014
20.008 2111527.758 0.065986081
3878767.157 0.016
3874221.247 0.016
3869686.966 0.016
3865164.371 0.016
3860653.522 0.016
3856154.478 0.016
3851667.299 0.016
3847192.043 0.016
3842728.771 0.016
3838277.542 0.016
3833838.415 0.016
3829411.451 0.016
3824996.710 0.016
3820594.250 0.016
3816204.133 0.016
3811826.419 0.016
3807461.168 0.016
3803108.440 0.016
3798768.295 0.016
3794440.795 0.016
3790125.999 0.016
3785823.969 0.016
3781534.765 0.016
3777258.448 0.016
3772995.078 0.016
3768744.717 0.016
3764507.426 0.016
3760283.266 0.017
3756072.298 0.017
3751874.583 0.017
3747690.183 0.017
3743519.158 0.017
3739361.571 0.017
3735217.482 0.017
3731086.954 0.017
3726970.047 0.017
3722866.824 0.017
3718777.346 0.017
3714701.675 0.017
3710639.873 0.017
3706592.000 0.017
3702558.120 0.017
3698538.294 0.017
3694532.584 0.017
3690541.052 0.017
3686563.760 0.017
3682600.770 0.017
3678652.144 0.017
3674717.943 0.017
3670798.231 0.017
3666893.069 0.017
3663002.520 0.017
3659126.645 0.017
3655265.506 0.017
3651419.166 0.017
3647587.688 0.018
3643771.132 0.018
3639969.561 0.018
3636183.038 0.018
3632411.625 0.018
3628655.383 0.018
3624914.375 0.018
3621188.663 0.018
3617478.310 0.018
3613783.376 0.018
3610103.925 0.018
3606440.019 0.018
3602791.719 0.018
3599159.087 0.018
3595542.186 0.018
3591941.077 0.018
3588355.823 0.018
3584786.485 0.018
3581233.124 0.018
3577695.804 0.018
3574174.585 0.018
3570669.530 0.018
3567180.699 0.018
3563708.155 0.018
3560251.958 0.018
3556812.171 0.018
3553388.855 0.018
3549982.071 0.019
3546591.881 0.019
3543218.344 0.019
3539861.523 0.019
3536521.479 0.019
3533198.272 0.019
3529891.964 0.019
3526602.614 0.019
3523330.284 0.019
3520075.034 0.019
3516836.925 0.019
3513616.016 0.019
3510412.368 0.019
3507226.042 0.019
3504057.097 0.019
3500905.592 0.019
3497771.588 0.019
3494655.144 0.019
3491556.320 0.019
3488475.175 0.019
3485411.768 0.019
3482366.158 0.019
3479338.404 0.019
3476328.565 0.019
3473336.700 0.019
3470362.866 0.019
3467407.122 0.019
3464469.526 0.019
3461550.137 0.019
3458649.011 0.019
3455766.207 0.020
3452901.781 0.020
3450055.791 0.020
3447228.294 0.020
3444419.347 0.020
3441629.007 0.020
3438857.329 0.020
3436104.371 0.020
3433370.187 0.020
3430654.834 0.020
3427958.368 0.020
3425280.843 0.020
3422622.316 0.020
3419982.840 0.020
3417362.471 0.020
3414761.263 0.020
3412179.270 0.020
3409616.546 0.020
3407073.144 0.020
3404549.119 0.020
3402044.524 0.020
3399559.410 0.020
3397093.832 0.020
3394647.841 0.020
3392221.490 0.020
3389814.830 0.020
3387427.914 0.020
3385060.791 0.020
3382713.514 0.020
3380386.132 0.020
3378078.697 0.020
3375791.259 0.020
3373523.866 0.020
3371276.570 0.020
3369049.418 0.021
3366842.460 0.021
3364655.745 0.021
3362489.320 0.021
3360343.233 0.021
3358217.533 0.021
3356112.265 0.021
3354027.478 0.021
3351963.217 0.021
3349919.529 0.021
3347896.459 0.021
3345894.054 0.021
3343912.357 0.021
3341951.415 0.021
3340011.271 0.021
3338091.969 0.021
3336193.553 0.021
3334316.066 0.021
3332459.551 0.021
3330624.051 0.021
3328809.607 0.021
3327016.261 0.021
3325244.055 0.021
3323493.029 0.021
3321763.224 0.021
3320054.680 0.021
3318367.437 0.021
3316701.533 0.021
3315057.008 0.021
3313433.901 0.021
3311832.248 0.021
3310252.087 0.021
3308693.457 0.021
3307156.392 0.021
3305640.930 0.021
3304147.106 0.021
3302674.956 0.021
3301224.514 0.021
3299795.815 0.021
3298388.893 0.021
3297003.781 0.021
3295640.513 0.021
3294299.120 0.021
3292979.635 0.021
3291682.090 0.021
3290406.515 0.022
3289152.942 0.022
3287921.400 0.022
3286711.919 0.022
3285524.529 0.022
3284359.257 0.022
3283216.133 0.022
3282095.184 0.022
3280996.436 0.022
3279919.918 0.022
3278865.655 0.022
3277833.672 0.022
3276823.995 0.022
3275836.649 0.022
3274871.657 0.022
3273929.043 0.022
3273008.831 0.022
3272111.043 0.022
3271235.700 0.022
3270382.825 0.022
3269552.439 0.022
3268744.561 0.022
3267959.212 0.022
3267196.411 0.022
3266456.177 0.022
3265738.529 0.022
3265043.483 0.022
3264371.058 0.022
3263721.270 0.022
3263094.135 0.022
3262489.668 0.022
3261907.885 0.022
3261348.800 0.022
3260812.427 0.022
3260298.779 0.022
3259807.870 0.022
3259339.711 0.022
3258894.313 0.022
3258471.689 0.022
3258071.849 0.022
3257694.802 0.022
3257340.558 0.022
3257009.127 0.022
3256700.515 0.022
3256414.731 0.022
3256151.783 0.022
3255911.676 0.022
3255694.417 0.022
3255500.011 0.022
3255328.462 0.022
3255179.776 0.022
3255053.957 0.022
3254951.006 0.022
3254870.927 0.022
3254813.722 0.022
3254779.392 0.022
3254767.938 0.022
3254779.360 0.022
3254813.659 0.022
3254870.832 0.022
3254950.880 0.022
3255053.799 0.022
3255179.587 0.022
3255328.241 0.022
3255499.758 0.022
3255694.133 0.022
3255911.360 0.022
3256151.436 0.022
3256414.353 0.022
3256700.106 0.022
3257008.686 0.022
3257340.086 0.022
3257694.299 0.022
3258071.315 0.022
3258471.124 0.022
3258893.717 0.022
3259339.083 0.022
3259807.212 0.022
3260298.091 0.022
3260811.708 0.022
3261348.050 0.022
3261907.105 0.022
3262488.857 0.022
3263093.293 0.022
3263720.398 0.022
3264370.157 0.022
3265042.552 0.022
3265737.567 0.022
3266455.186 0.022
3267195.390 0.022
3267958.161 0.022
3268743.481 0.022
3269551.329 0.022
3270381.687 0.022
3271234.533 0.022
3272109.846 0.022
3273007.606 0.022
3273927.789 0.022
3274870.375 0.022
3275835.338 0.022
3276822.656 0.022
3277832.305 0.022
3278864.260 0.022
3279918.496 0.022
3280994.987 0.022
3282093.707 0.022
3283214.629 0.022
3284357.726 0.022
3285522.971 0.022
3286710.334 0.022
3287919.789 0.022
3289151.305 0.022
3290404.852 0.022
3291680.401 0.021
3292977.920 0.021
3294297.380 0.021
3295638.748 0.021
3297001.991 0.021
3298387.078 0.021
3299793.976 0.021
3301222.651 0.021
3302673.068 0.021
3304145.195 0.021
3305638.995 0.021
3307154.434 0.021
3308691.475 0.021
3310250.083 0.021
3311830.221 0.021
3313431.851 0.021
3315054.937 0.021
3316699.440 0.021
3318365.322 0.021
3320052.544 0.021
3321761.067 0.021
3323490.851 0.021
3325241.856 0.021
3327014.042 0.021
3328807.368 0.021
3330621.792 0.021
3332457.274 0.021
3334313.769 0.021
3336191.238 0.021
3338089.635 0.021
3340008.919 0.021
3341949.045 0.021
3343909.970 0.021
3345891.650 0.021
3347894.038 0.021
3349917.091 0.021
3351960.763 0.021
3354025.008 0.021
3356109.780 0.021
3358215.032 0.021
3360340.718 0.021
3362486.790 0.021
3364653.201 0.021
3366839.902 0.021
3369046.847 0.021
3371273.985 0.020
3373521.269 0.020
3375788.649 0.020
3378076.076 0.020
3380383.499 0.020
3382710.869 0.020
3385058.135 0.020
3387425.247 0.020
3389812.154 0.020
3392218.804 0.020
3394645.146 0.020
3397091.128 0.020
3399556.697 0.020
3402041.802 0.020
3404546.390 0.020
3407070.408 0.020
3409613.802 0.020
3412176.519 0.020
3414758.506 0.020
3417359.709 0.020
3419980.073 0.020
3422619.544 0.020
3425278.067 0.020
3427955.587 0.020
3430652.050 0.020
3433367.399 0.020
3436101.580 0.020
3438854.536 0.020
3441626.212 0.020
3444416.551 0.020
3447225.497 0.020
3450052.994 0.020
3452898.983 0.020
3455763.410 0.020
3458646.215 0.019
3461547.342 0.019
3464466.734 0.019
3467404.331 0.019
3470360.078 0.019
3473333.915 0.019
3476325.785 0.019
3479335.628 0.019
3482363.386 0.019
3485409.001 0.019
3488472.414 0.019
3491553.566 0.019
3494652.396 0.019
3497768.847 0.019
3500902.859 0.019
3504054.372 0.019
3507223.326 0.019
3510409.662 0.019
3513613.319 0.019
3516834.238 0.019
3520072.359 0.019
3523327.620 0.019
3526599.962 0.019
3529889.324 0.019
3533195.646 0.019
3536518.866 0.019
3539858.924 0.019
3543215.760 0.019
3546589.311 0.019
3549979.518 0.019
3553386.318 0.018
3556809.651 0.018
3560249.456 0.018
3563705.670 0.018
3567178.233 0.018
3570667.083 0.018
3574172.158 0.018
3577693.397 0.018
3581230.738 0.018
3584784.120 0.018
3588353.480 0.018
3591938.757 0.018
3595539.889 0.018
3599156.814 0.018
3602789.471 0.018
3606437.796 0.018
3610101.728 0.018
3613781.205 0.018
3617476.166 0.018
3621186.547 0.018
3624912.287 0.018
3628653.324 0.018
3632409.595 0.018
3636181.038 0.018
3639967.592 0.018
3643769.194 0.018
3647585.782 0.018
3651417.293 0.017
3655263.666 0.017
3659124.839 0.017
3663000.748 0.017
3666891.333 0.017
3670796.531 0.017
3674716.279 0.017
3678650.517 0.017
3682599.181 0.017
3686562.210 0.017
3690539.541 0.017
3694531.113 0.017
3698536.864 0.017
3702556.731 0.017
3706590.653 0.017
3710638.568 0.017
3714700.414 0.017
3718776.129 0.017
3722865.652 0.017
3726968.920 0.017
3731085.873 0.017
3735216.448 0.017
3739360.584 0.017
3743518.220 0.017
3747689.294 0.017
3751873.744 0.017
3756071.509 0.017
3760282.529 0.017
3764506.741 0.016
3768744.084 0.016
3772994.499 0.016
3777257.922 0.016
3781534.294 0.016
3785823.554 0.016
3790125.641 0.016
3794440.494 0.016
3798768.052 0.016
3803108.255 0.016
3807461.043 0.016
3811826.354 0.016
3816204.130 0.016
3820594.308 0.016
3824996.830 0.016
3829411.635 0.016
3833838.663 0.016
3838277.854 0.016
3842729.149 0.016
3847192.488 0.016
3851667.811 0.016
3856155.058 0.016
3860654.171 0.016
3865165.090 0.016
3869687.755 0.016
3874222.108 0.016
3878768.090 0.016
3883325.641 0.015
3887894.703 0.015
3892475.217 0.015
3897067.125 0.015
3901670.368 0.015
3906284.887 0.015
3910910.625 0.015
3915547.524 0.015
3920195.524 0.015
3924854.569 0.015
3929524.601 0.015
3934205.561 0.015
3938897.393 0.015
3943600.038 0.015
3948313.441 0.015
3953037.542 0.015
3957772.285 0.015
3962517.614 0.015
3967273.472 0.015
3972039.800 0.015
3976816.544 0.015
3981603.647 0.015
3986401.052 0.015
3991208.703 0.015
3996026.544 0.015
4000854.518 0.015
4005692.571 0.015
4010540.647 0.015
4015398.689 0.014
4020266.643 0.014
4025144.453 0.014
4030032.064 0.014
4034929.420 0.014
4039836.468 0.014
4044753.152 0.014
4049679.418 0.014
4054615.210 0.014
4059560.476 0.014
4064515.160 0.014
4069479.208 0.014
4074452.566 0.014
4079435.182 0.014
4084427.000 0.014
4089427.967 0.014
4094438.031 0.014
4099457.137 0.014
4104485.233 0.014
4109522.266 0.014
4114568.182 0.014
4119622.929 0.014
4124686.455 0.014
4129758.707 0.014
4134839.633 0.014
4139929.180 0.014
4145027.297 0.014
4150133.932 0.014
4155249.034 0.014
4160372.549 0.014
4165504.428 0.013
4170644.619 0.013
4175793.071 0.013
4180949.733 0.013
4186114.553 0.013
4191287.482 0.013
4196468.468 0.013
4201657.462 0.013
4206854.413 0.013
4212059.271 0.013
4217271.986 0.013
4222492.508 0.013
4227720.788 0.013
4232956.776 0.013
4238200.422 0.013
4243451.678 0.013
4248710.494 0.013
4253976.822 0.013
4259250.612 0.013
4264531.816 0.013
4269820.385 0.013
4275116.271 0.013
4280419.427 0.013
4285729.803 0.013
4291047.352 0.013
4296372.026 0.013
4301703.778 0.013
4307042.559 0.013
4312388.324 0.013
4317741.024 0.013
4323100.612 0.013
4328467.042 0.012
4333840.267 0.012
4339220.240 0.012
4344606.915 0.012
4350000.245 0.012
4355400.185 0.012
4360806.688 0.012
4366219.709 0.012
4371639.201 0.012
4377065.119 0.012
4382497.418 0.012
4387936.053 0.012
4393380.978 0.012
4398832.148 0.012
4404289.518 0.012
4409753.045 0.012
4415222.682 0.012
4420698.386 0.012
4426180.113 0.012
4431667.817 0.012
4437161.457 0.012
4442660.986 0.012
4448166.363 0.012
4453677.542 0.012
4459194.482 0.012
4464717.138 0.012
4470245.467 0.012
4475779.427 0.012
4481318.974 0.012
4486864.066 0.012
4492414.660 0.012
4497970.714 0.012
4503532.186 0.012
4509099.033 0.012
4514671.213 0.011
4520248.685 0.011
4525831.407 0.011
4531419.336 0.011
4537012.433 0.011
4542610.655 0.011
4548213.961 0.011
4553822.310 0.011
4559435.662 0.011
4565053.975 0.011
4570677.209 0.011
4576305.323 0.011
4581938.278 0.011
4587576.032 0.011
4593218.546 0.011
4598865.780 0.011
4604517.694 0.011
4610174.249 0.011
4615835.404 0.011
4621501.120 0.011
4627171.359 0.011
4632846.080 0.011
4638525.246 0.011
4644208.816 0.011
4649896.753 0.011
4655589.018 0.011
4661285.572 0.011
4666986.376 0.011
4672691.394 0.011
4678400.586 0.011
4684113.915 0.011
4689831.343 0.011
4695552.831 0.011
4701278.344 0.011
4707007.842 0.011
4712741.289 0.011
4718478.648 0.011
4724219.882 0.010
4729964.953 0.010
4735713.825 0.010
4741466.461 0.010
4747222.825 0.010
4752982.880 0.010
4758746.590 0.010
4764513.918 0.010
4770284.830 0.010
4776059.288 0.010
4781837.257 0.010
4787618.701 0.010
4793403.586 0.010
4799191.874 0.010
4804983.531 0.010
4810778.523 0.010
4816576.813 0.010
4822378.367 0.010
4828183.150 0.010
4833991.127 0.010
4839802.263 0.010
4845616.526 0.010
4851433.878 0.010
4857254.288 0.010
4863077.720 0.010
4868904.141 0.010
4874733.516 0.010
4880565.813 0.010
4886400.996 0.010
4892239.034 0.010
4898079.892 0.010
4903923.537 0.010
4909769.935 0.010
4915619.055 0.010
4921470.862 0.010
4927325.325 0.010
4933182.410 0.010
4939042.084 0.010
4944904.316 0.010
4950769.073 0.010
4956636.322 0.010
4962506.032 0.010
4968378.170 0.009
4974252.704 0.009
4980129.603 0.009
4986008.835 0.009
4991890.368 0.009
4997774.171 0.009
5003660.213 0.009
5009548.461 0.009
5015438.885 0.009
5021331.454 0.009
5027226.137 0.009
5033122.903 0.009
5039021.722 0.009
5044922.562 0.009
5050825.393 0.009
5056730.184 0.009
5062636.906 0.009
5068545.529 0.009
5074456.021 0.009
5080368.353 0.009
5086282.495 0.009
5092198.417 0.009
5098116.090 0.009
5104035.484 0.009
5109956.569 0.009
5115879.316 0.009
5121803.696 0.009
5127729.679 0.009
5133657.237 0.009
5139586.340 0.009
5145516.960 0.009
5151449.067 0.009
5157382.633 0.009
5163317.630 0.009
5169254.028 0.009
5175191.800 0.009
5181130.917 0.009
5187071.350 0.009
5193013.073 0.009
5198956.056 0.009
5204900.272 0.009
5210845.692 0.009
5216792.290 0.009
5222740.038 0.009
5228688.907 0.009
5234638.871 0.009
5240589.901 0.009
5246541.972 0.009
5252495.055 0.008
5258449.124 0.008
5264404.151 0.008
5270360.110 0.008
5276316.974 0.008
5282274.715 0.008
5288233.308 0.008
5294192.726 0.008
5300152.942 0.008
5306113.930 0.008
5312075.664 0.008
5318038.117 0.008
5324001.263 0.008
5329965.077 0.008
0.0 0.0 0.0
0.0 0.0 0.0
0.0 0.0 0.0
0.0 0.0 0.0
0.0 0.0 0.0
0.0 0.0 0.0
0.0 0.0 0.0
0.0 0.0 0.0
0.0 0.0 0.0
0.0 0.0 0.0
0.0 0.0 0.0
0.0 0.0 0.0
0.0 0.0 0.0
0.0 0.0 0.0
0.0 0.0 0.0
0.0 0.0 0.0
0.0 0.0 0.0
0.0 0.0 0.0
0.0 0.0 0.0
0.0 0.0 0.0
0.0 0.0 0.0
0.0 0.0 0.0
0.0 0.0 0.0
0.0 0.0 0.0
0.0 0.0 0.0
0.0 0.0 0.0
0.0 0.0 0.0
0.0 0.0 0.0
0.0 0.0 0.0
0.0 0.0 0.0
0.0 0.0 0.0
0.0 0.0 0.0
0.0 0.0 0.0
0.0 0.0 0.0
0.0 0.0 0.0
0.0 0.0 0.0
0.0 0.0 0.0
0.0 0.0 0.0
0.0 0.0 0.0
0.0 0.0 0.0
0.0 0.0 0.0
0.0 0.0 0.0
0.0 0.0 0.0
0.0 0.0 0.0
0.0 0.0 0.0
0.0 0.0 0.0
0.0 0.0 0.0
0.0 0.0 0.0
0.0 0.0 0.0
0.0 0.0 0.0
0.0 0.0 0.0
0.0 0.0 0.0
0.0 0.0 0.0
0.0 0.0 0.0
0.0 0.0 0.0
0.0 0.0 0.0
0.0 0.0 0.0
0.0 0.0 0.0
0.0 0.0 0.0
0.0 0.0 0.0
0.0 0.0 0.0
0.0 0.0 0.0
0.0 0.0 0.0
0.0 0.0 0.0
0.0 0.0 0.0
0.0 0.0 0.0
0.0 0.0 0.0
0.0 0.0 0.0
0.0 0.0 0.0
0.0 0.0 0.0
0.0 0.0 0.0
0.0 0.0 0.0
0.0 0.0 0.0
0.0 0.0 0.0
0.0 0.0 0.0
0.0 0.0 0.0
0.0 0.0 0.0
0.0 0.0 0.0
0.0 0.0 0.0
0.0 0.0 0.0
0.0 0.0 0.0
0.0 0.0 0.0
0.0 0.0 0.0
0.0 0.0 0.0
0.0 0.0 0.0
0.0 0.0 0.0
0.0 0.0 0.0
0.0 0.0 0.0
0.0 0.0 0.0
0.0 0.0 0.0
0.0 0.0 0.0
0.0 0.0 0.0
0.0 0.0 0.0
0.0 0.0 0.0
0.0 0.0 0.0
0.0 0.0 0.0
0.0 0.0 0.0
0.0 0.0 0.0
0.0 0.0 0.0
0.0 0.0 0.0
0.0 0.0 0.0
0.0 0.0 0.0
0.0 0.0 0.0
0.0 0.0 0.0
0.0 0.0 0.0
0.0 0.0 0.0
0.0 0.0 0.0
0.0 0.0 0.0
0.0 0.0 0.0
0.0 0.0 0.0
0.0 0.0 0.0
0.0 0.0 0.0
0.0 0.0 0.0
0.0 0.0 0.0
0.0 0.0 0.0
0.0 0.0 0.0
0.0 0.0 0.0
0.0 0.0 0.0
0.0 0.0 0.0
0.0 0.0 0.0
0.0 0.0 0.0
0.0 0.0 0.0
0.0 0.0 0.0
0.0 0.0 0.0
0.0 0.0 0.0
0.0 0.0 0.0
0.0 0.0 0.0
0.0 0.0 0.0
0.0 0.0 0.0
0.0 0.0 0.0
0.0 0.0 0.0
0.0 0.0 0.0
0.0 0.0 0.0
0.0 0.0 0.0
0.0 0.0 0.0
0.0 0.0 0.0
0.0 0.0 0.0
0.0 0.0 0.0
0.0 0.0 0.0
0.0 0.0 0.0
0.0 0.0 0.0
0.0 0.0 0.0
0.0 0.0 0.0
0.0 0.0 0.0
0.0 0.0 0.0
0.0 0.0 0.0
0.0 0.0 0.0
0.0 0.0 0.0
0.0 0.0 0.0
0.0 0.0 0.0
0.0 0.0 0.0
0.0 0.0 0.0
0.0 0.0 0.0
0.0 0.0 0.0
0.0 0.0 0.0
0.0 0.0 0.0
0.0 0.0 0.0
0.0 0.0 0.0
0.0 0.0 0.0
0.0 0.0 0.0
0.0 0.0 0.0
0.0 0.0 0.0
0.0 0.0 0.0
0.0 0.0 0.0
0.0 0.0 0.0
0.0 0.0 0.0
0.0 0.0 0.0
0.0 0.0 0.0
0.0 0.0 0.0
0.0 0.0 0.0
0.0 0.0 0.0
0.0 0.0 0.0
0.0 0.0 0.0
0.0 0.0 0.0
0.0 0.0 0.0
0.0 0.0 0.0
0.0 0.0 0.0
0.0 0.0 0.0
0.0 0.0 0.0
0.0 0.0 0.0
0.0 0.0 0.0
0.0 0.0 0.0
0.0 0.0 0.0
0.0 0.0 0.0
0.0 0.0 0.0
0.0 0.0 0.0
0.0 0.0 0.0
0.0 0.0 0.0
0.0 0.0 0.0
0.0 0.0 0.0
0.0 0.0 0.0
0.0 0.0 0.0
0.0 0.0 0.0
0.0 0.0 0.0
0.0 0.0 0.0
0.0 0.0 0.0
0.0 0.0 0.0
0.0 0.0 0.0
0.0 0.0 0.0
0.0 0.0 0.0
0.0 0.0 0.0
0.0 0.0 0.0
0.0 0.0 0.0
0.0 0.0 0.0
0.0 0.0 0.0
0.0 0.0 0.0
0.0 0.0 0.0
0.0 0.0 0.0
0.0 0.0 0.0
0.0 0.0 0.0
0.0 0.0 0.0
0.0 0.0 0.0
0.0 0.0 0.0
0.0 0.0 0.0
0.0 0.0 0.0
0.0 0.0 0.0
0.0 0.0 0.0
0.0 0.0 0.0
0.0 0.0 0.0
0.0 0.0 0.0
0.0 0.0 0.0
0.0 0.0 0.0
0.0 0.0 0.0
0.0 0.0 0.0
0.0 0.0 0.0
0.0 0.0 0.0
0.0 0.0 0.0
0.0 0.0 0.0
0.0 0.0 0.0
0.0 0.0 0.0
0.0 0.0 0.0
0.0 0.0 0.0
0.0 0.0 0.0
0.0 0.0 0.0
0.0 0.0 0.0
0.0 0.0 0.0
0.0 0.0 0.0
0.0 0.0 0.0
0.0 0.0 0.0
0.0 0.0 0.0
0.0 0.0 0.0
0.0 0.0 0.0
0.0 0.0 0.0
0.0 0.0 0.0
0.0 0.0 0.0
0.0 0.0 0.0
0.0 0.0 0.0
0.0 0.0 0.0
0.0 0.0 0.0
0.0 0.0 0.0
0.0 0.0 0.0
0.0 0.0 0.0
0.0 0.0 0.0
0.0 0.0 0.0
0.0 0.0 0.0
0.0 0.0 0.0
0.0 0.0 0.0
0.0 0.0 0.0
0.0 0.0 0.0
0.0 0.0 0.0
0.0 0.0 0.0
0.0 0.0 0.0
0.0 0.0 0.0
0.0 0.0 0.0
0.0 0.0 0.0
0.0 0.0 0.0
0.0 0.0 0.0
0.0 0.0 0.0
0.0 0.0 0.0
0.0 0.0 0.0
0.0 0.0 0.0
0.0 0.0 0.0
0.0 0.0 0.0
0.0 0.0 0.0
0.0 0.0 0.0
0.0 0.0 0.0
0.0 0.0 0.0
0.0 0.0 0.0
0.0 0.0 0.0
0.0 0.0 0.0
0.0 0.0 0.0
0.0 0.0 0.0
0.0 0.0 0.0
0.0 0.0 0.0
0.0 0.0 0.0
0.0 0.0 0.0
0.0 0.0 0.0
0.0 0.0 0.0
0.0 0.0 0.0
0.0 0.0 0.0
0.0 0.0 0.0
0.0 0.0 0.0
0.0 0.0 0.0
0.0 0.0 0.0
0.0 0.0 0.0
0.0 0.0 0.0
0.0 0.0 0.0
0.0 0.0 0.0
0.0 0.0 0.0
0.0 0.0 0.0
0.0 0.0 0.0
0.0 0.0 0.0
0.0 0.0 0.0
0.0 0.0 0.0
0.0 0.0 0.0
0.0 0.0 0.0
0.0 0.0 0.0
0.0 0.0 0.0
0.0 0.0 0.0
0.0 0.0 0.0
0.0 0.0 0.0
0.0 0.0 0.0
0.0 0.0 0.0
0.0 0.0 0.0
0.0 0.0 0.0
0.0 0.0 0.0
0.0 0.0 0.0
0.0 0.0 0.0
0.0 0.0 0.0
0.0 0.0 0.0
0.0 0.0 0.0
0.0 0.0 0.0
0.0 0.0 0.0
0.0 0.0 0.0
0.0 0.0 0.0
0.0 0.0 0.0
0.0 0.0 0.0
0.0 0.0 0.0
0.0 0.0 0.0
0.0 0.0 0.0
0.0 0.0 0.0
0.0 0.0 0.0
0.0 0.0 0.0
0.0 0.0 0.0
0.0 0.0 0.0
0.0 0.0 0.0
0.0 0.0 0.0
0.0 0.0 0.0
0.0 0.0 0.0
0.0 0.0 0.0
0.0 0.0 0.0
0.0 0.0 0.0
0.0 0.0 0.0
0.0 0.0 0.0
0.0 0.0 0.0
0.0 0.0 0.0
0.0 0.0 0.0
0.0 0.0 0.0
0.0 0.0 0.0
0.0 0.0 0.0
0.0 0.0 0.0
0.0 0.0 0.0
0.0 0.0 0.0
0.0 0.0 0.0
0.0 0.0 0.0
0.0 0.0 0.0
0.0 0.0 0.0
0.0 0.0 0.0
0.0 0.0 0.0
0.0 0.0 0.0
0.0 0.0 0.0
0.0 0.0 0.0
0.0 0.0 0.0
0.0 0.0 0.0
0.0 0.0 0.0
0.0 0.0 0.0
0.0 0.0 0.0
0.0 0.0 0.0
0.0 0.0 0.0
0.0 0.0 0.0
0.0 0.0 0.0
0.0 0.0 0.0
0.0 0.0 0.0
0.0 0.0 0.0
0.0 0.0 0.0
0.0 0.0 0.0
0.0 0.0 0.0
0.0 0.0 0.0
0.0 0.0 0.0
0.0 0.0 0.0
0.0 0.0 0.0
0.0 0.0 0.0
0.0 0.0 0.0
0.0 0.0 0.0
0.0 0.0 0.0
0.0 0.0 0.0
0.0 0.0 0.0
0.0 0.0 0.0
0.0 0.0 0.0
0.0 0.0 0.0
0.0 0.0 0.0
0.0 0.0 0.0
0.0 0.0 0.0
0.0 0.0 0.0
0.0 0.0 0.0
0.0 0.0 0.0
0.0 0.0 0.0
0.0 0.0 0.0
0.0 0.0 0.0
0.0 0.0 0.0
0.0 0.0 0.0
0.0 0.0 0.0
0.0 0.0 0.0
0.0 0.0 0.0
0.0 0.0 0.0
0.0 0.0 0.0
0.0 0.0 0.0
0.0 0.0 0.0
0.0 0.0 0.0
0.0 0.0 0.0
0.0 0.0 0.0
0.0 0.0 0.0
0.0 0.0 0.0
0.0 0.0 0.0
0.0 0.0 0.0
0.0 0.0 0.0
0.0 0.0 0.0
0.0 0.0 0.0
0.0 0.0 0.0
0.0 0.0 0.0
0.0 0.0 0.0
0.0 0.0 0.0
0.0 0.0 0.0
0.0 0.0 0.0
0.0 0.0 0.0
0.0 0.0 0.0
0.0 0.0 0.0
0.0 0.0 0.0
0.0 0.0 0.0
0.0 0.0 0.0
0.0 0.0 0.0
0.0 0.0 0.0
0.0 0.0 0.0
0.0 0.0 0.0
0.0 0.0 0.0
0.0 0.0 0.0
0.0 0.0 0.0
0.0 0.0 0.0
0.0 0.0 0.0
0.0 0.0 0.0
0.0 0.0 0.0
0.0 0.0 0.0
0.0 0.0 0.0
0.0 0.0 0.0
0.0 0.0 0.0
0.0 0.0 0.0
0.0 0.0 0.0
0.0 0.0 0.0
0.0 0.0 0.0
0.0 0.0 0.0
0.0 0.0 0.0
0.0 0.0 0.0
0.0 0.0 0.0
0.0 0.0 0.0
0.0 0.0 0.0
0.0 0.0 0.0
0.0 0.0 0.0
0.0 0.0 0.0
0.0 0.0 0.0
0.0 0.0 0.0
0.0 0.0 0.0
0.0 0.0 0.0
0.0 0.0 0.0
0.0 0.0 0.0
0.0 0.0 0.0
0.0 0.0 0.0
0.0 0.0 0.0
0.0 0.0 0.0
0.0 0.0 0.0
0.0 0.0 0.0
0.0 0.0 0.0
0.0 0.0 0.0
0.0 0.0 0.0
0.0 0.0 0.0
0.0 0.0 0.0
0.0 0.0 0.0
0.0 0.0 0.0
0.0 0.0 0.0
0.0 0.0 0.0
0.0 0.0 0.0
0.0 0.0 0.0
0.0 0.0 0.0
0.0 0.0 0.0
0.0 0.0 0.0
0.0 0.0 0.0
0.0 0.0 0.0
0.0 0.0 0.0
0.0 0.0 0.0
0.0 0.0 0.0
0.0 0.0 0.0
0.0 0.0 0.0
0.0 0.0 0.0
0.0 0.0 0.0
0.0 0.0 0.0
0.0 0.0 0.0
0.0 0.0 0.0
0.0 0.0 0.0
0.0 0.0 0.0
0.0 0.0 0.0
0.0 0.0 0.0
0.0 0.0 0.0
0.0 0.0 0.0
0.0 0.0 0.0
0.0 0.0 0.0
0.0 0.0 0.0
0.0 0.0 0.0
0.0 0.0 0.0
0.0 0.0 0.0
0.0 0.0 0.0
0.0 0.0 0.0
0.0 0.0 0.0
0.0 0.0 0.0
0.0 0.0 0.0
0.0 0.0 0.0
0.0 0.0 0.0
0.0 0.0 0.0
0.0 0.0 0.0
0.0 0.0 0.0
0.0 0.0 0.0
0.0 0.0 0.0
0.0 0.0 0.0
0.0 0.0 0.0
0.0 0.0 0.0
0.0 0.0 0.0
0.0 0.0 0.0
0.0 0.0 0.0
0.0 0.0 0.0
0.0 0.0 0.0
0.0 0.0 0.0
0.0 0.0 0.0
0.0 0.0 0.0
0.0 0.0 0.0
0.0 0.0 0.0
0.0 0.0 0.0
0.0 0.0 0.0
0.0 0.0 0.0
0.0 0.0 0.0
0.0 0.0 0.0
0.0 0.0 0.0
0.0 0.0 0.0
0.0 0.0 0.0
0.0 0.0 0.0
0.0 0.0 0.0
0.0 0.0 0.0
0.0 0.0 0.0
0.0 0.0 0.0
0.0 0.0 0.0
0.0 0.0 0.0
0.0 0.0 0.0
0.0 0.0 0.0
0.0 0.0 0.0
0.0 0.0 0.0
0.0 0.0 0.0
0.0 0.0 0.0
0.0 0.0 0.0
0.0 0.0 0.0
0.0 0.0 0.0
0.0 0.0 0.0
0.0 0.0 0.0
0.0 0.0 0.0
0.0 0.0 0.0
0.0 0.0 0.0
0.0 0.0 0.0
0.0 0.0 0.0
0.0 0.0 0.0
0.0 0.0 0.0
0.0 0.0 0.0
0.0 0.0 0.0
0.0 0.0 0.0
0.0 0.0 0.0
0.0 0.0 0.0
0.0 0.0 0.0
0.0 0.0 0.0
0.0 0.0 0.0
0.0 0.0 0.0
0.0 0.0 0.0
0.0 0.0 0.0
0.0 0.0 0.0
0.0 0.0 0.0
0.0 0.0 0.0
0.0 0.0 0.0
0.0 0.0 0.0
0.0 0.0 0.0
0.0 0.0 0.0
0.0 0.0 0.0
0.0 0.0 0.0
0.0 0.0 0.0
0.0 0.0 0.0
0.0 0.0 0.0
0.0 0.0 0.0
0.0 0.0 0.0
0.0 0.0 0.0
0.0 0.0 0.0
0.0 0.0 0.0
0.0 0.0 0.0
0.0 0.0 0.0
0.0 0.0 0.0
0.0 0.0 0.0
0.0 0.0 0.0
0.0 0.0 0.0
0.0 0.0 0.0
0.0 0.0 0.0
0.0 0.0 0.0
0.0 0.0 0.0
0.0 0.0 0.0
0.0 0.0 0.0
0.0 0.0 0.0
0.0 0.0 0.0
0.0 0.0 0.0
0.0 0.0 0.0
0.0 0.0 0.0
0.0 0.0 0.0
0.0 0.0 0.0
0.0 0.0 0.0
0.0 0.0 0.0
0.0 0.0 0.0
0.0 0.0 0.0
0.0 0.0 0.0
0.0 0.0 0.0
0.0 0.0 0.0
0.0 0.0 0.0
0.0 0.0 0.0
0.0 0.0 0.0
0.0 0.0 0.0
0.0 0.0 0.0
0.0 0.0 0.0
0.0 0.0 0.0
0.0 0.0 0.0
0.0 0.0 0.0
0.0 0.0 0.0
0.0 0.0 0.0
0.0 0.0 0.0
0.0 0.0 0.0
0.0 0.0 0.0
0.0 0.0 0.0
0.0 0.0 0.0
0.0 0.0 0.0
0.0 0.0 0.0
0.0 0.0 0.0
0.0 0.0 0.0
0.0 0.0 0.0
0.0 0.0 0.0
0.0 0.0 0.0
0.0 0.0 0.0
0.0 0.0 0.0
0.0 0.0 0.0
0.0 0.0 0.0
0.0 0.0 0.0
0.0 0.0 0.0
0.0 0.0 0.0
0.0 0.0 0.0
0.0 0.0 0.0
0.0 0.0 0.0
0.0 0.0 0.0
0.0 0.0 0.0
0.0 0.0 0.0
0.0 0.0 0.0
0.0 0.0 0.0
0.0 0.0 0.0
0.0 0.0 0.0
0.0 0.0 0.0
0.0 0.0 0.0
0.0 0.0 0.0
0.0 0.0 0.0
0.0 0.0 0.0
0.0 0.0 0.0
0.0 0.0 0.0
0.0 0.0 0.0
0.0 0.0 0.0
0.0 0.0 0.0
0.0 0.0 0.0
0.0 0.0 0.0
0.0 0.0 0.0
0.0 0.0 0.0
0.0 0.0 0.0
0.0 0.0 0.0
0.0 0.0 0.0
0.0 0.0 0.0
0.0 0.0 0.0
0.0 0.0 0.0
0.0 0.0 0.0
0.0 0.0 0.0
0.0 0.0 0.0
0.0 0.0 0.0
0.0 0.0 0.0
0.0 0.0 0.0
0.0 0.0 0.0
0.0 0.0 0.0
0.0 0.0 0.0
0.0 0.0 0.0
0.0 0.0 0.0
0.0 0.0 0.0
0.0 0.0 0.0
0.0 0.0 0.0
0.0 0.0 0.0
0.0 0.0 0.0
0.0 0.0 0.0
0.0 0.0 0.0
0.0 0.0 0.0
0.0 0.0 0.0
0.0 0.0 0.0
0.0 0.0 0.0
0.0 0.0 0.0
0.0 0.0 0.0
0.0 0.0 0.0
0.0 0.0 0.0
0.0 0.0 0.0
0.0 0.0 0.0
0.0 0.0 0.0
0.0 0.0 0.0
0.0 0.0 0.0
0.0 0.0 0.0
0.0 0.0 0.0
0.0 0.0 0.0
0.0 0.0 0.0
0.0 0.0 0.0
0.0 0.0 0.0
0.0 0.0 0.0
0.0 0.0 0.0
0.0 0.0 0.0
0.0 0.0 0.0
0.0 0.0 0.0
0.0 0.0 0.0
0.0 0.0 0.0
0.0 0.0 0.0
0.0 0.0 0.0
0.0 0.0 0.0
0.0 0.0 0.0
0.0 0.0 0.0
0.0 0.0 0.0
0.0 0.0 0.0
0.0 0.0 0.0
0.0 0.0 0.0
0.0 0.0 0.0
0.0 0.0 0.0
0.0 0.0 0.0
0.0 0.0 0.0
0.0 0.0 0.0
0.0 0.0 0.0
0.0 0.0 0.0
0.0 0.0 0.0
0.0 0.0 0.0
0.0 0.0 0.0
0.0 0.0 0.0
0.0 0.0 0.0
0.0 0.0 0.0
0.0 0.0 0.0
0.0 0.0 0.0
0.0 0.0 0.0
0.0 0.0 0.0
0.0 0.0 0.0
0.0 0.0 0.0
0.0 0.0 0.0
0.0 0.0 0.0
0.0 0.0 0.0
0.0 0.0 0.0
0.0 0.0 0.0
0.0 0.0 0.0
0.0 0.0 0.0
0.0 0.0 0.0
0.0 0.0 0.0
0.0 0.0 0.0
0.0 0.0 0.0
0.0 0.0 0.0
0.0 0.0 0.0
0.0 0.0 0.0
0.0 0.0 0.0
0.0 0.0 0.0
0.0 0.0 0.0
0.0 0.0 0.0
0.0 0.0 0.0
0.0 0.0 0.0
0.0 0.0 0.0
0.0 0.0 0.0
0.0 0.0 0.0
0.0 0.0 0.0
0.0 0.0 0.0
0.0 0.0 0.0
0.0 0.0 0.0
0.0 0.0 0.0
0.0 0.0 0.0
0.0 0.0 0.0
0.0 0.0 0.0
0.0 0.0 0.0
0.0 0.0 0.0
0.0 0.0 0.0
0.0 0.0 0.0
0.0 0.0 0.0
0.0 0.0 0.0
0.0 0.0 0.0
0.0 0.0 0.0
0.0 0.0 0.0
0.0 0.0 0.0
0.0 0.0 0.0
0.0 0.0 0.0
0.0 0.0 0.0
0.0 0.0 0.0
0.0 0.0 0.0
0.0 0.0 0.0
0.0 0.0 0.0
0.0 0.0 0.0
0.0 0.0 0.0
0.0 0.0 0.0
0.0 0.0 0.0
0.0 0.0 0.0
0.0 0.0 0.0
0.0 0.0 0.0
0.0 0.0 0.0
0.0 0.0 0.0
0.0 0.0 0.0
0.0 0.0 0.0
0.0 0.0 0.0
0.0 0.0 0.0
0.0 0.0 0.0
0.0 0.0 0.0
0.0 0.0 0.0
0.0 0.0 0.0
0.0 0.0 0.0
0.0 0.0 0.0
0.0 0.0 0.0
0.0 0.0 0.0
0.0 0.0 0.0
0.0 0.0 0.0
0.0 0.0 0.0
0.0 0.0 0.0
0.0 0.0 0.0
0.0 0.0 0.0
0.0 0.0 0.0
0.0 0.0 0.0
0.0 0.0 0.0
0.0 0.0 0.0
0.0 0.0 0.0
0.0 0.0 0.0
0.0 0.0 0.0
0.0 0.0 0.0
0.0 0.0 0.0
0.0 0.0 0.0
0.0 0.0 0.0
0.0 0.0 0.0
0.0 0.0 0.0
0.0 0.0 0.0
0.0 0.0 0.0
0.0 0.0 0.0
0.0 0.0 0.0
0.0 0.0 0.0
0.0 0.0 0.0
0.0 0.0 0.0
0.0 0.0 0.0
0.0 0.0 0.0
0.0 0.0 0.0
0.0 0.0 0.0
0.0 0.0 0.0
0.0 0.0 0.0
0.0 0.0 0.0
0.0 0.0 0.0
0.0 0.0 0.0
0.0 0.0 0.0
0.0 0.0 0.0
0.0 0.0 0.0
0.0 0.0 0.0
5331675.626 0.008
5319418.100 0.008
5307159.493 0.008
5294899.849 0.008
5282639.209 0.008
5270377.615 0.008
5258115.108 0.008
5245851.732 0.009
5233587.530 0.009
5221322.545 0.009
5209056.819 0.009
5196790.398 0.009
5184523.325 0.009
5172255.643 0.009
5159987.399 0.009
5147718.637 0.009
5135449.402 0.009
5123179.740 0.009
5110909.697 0.009
5098639.319 0.009
5086368.652 0.009
5074097.745 0.009
5061826.642 0.009
5049555.394 0.009
5037284.047 0.009
5025012.649 0.009
5012741.250 0.009
5000469.898 0.009
4988198.643 0.009
4975927.534 0.009
4963656.622 0.010
4951385.957 0.010
4939115.590 0.010
4926845.572 0.010
4914575.954 0.010
4902306.790 0.010
4890038.130 0.010
4877770.029 0.010
4865502.539 0.010
4853235.714 0.010
4840969.608 0.010
4828704.276 0.010
4816439.771 0.010
4804176.151 0.010
4791913.470 0.010
4779651.785 0.010
4767391.152 0.010
4755131.629 0.010
4742873.273 0.010
4730616.142 0.010
4718360.294 0.011
4706105.790 0.011
4693852.687 0.011
4681601.047 0.011
4669350.929 0.011
4657102.395 0.011
4644855.506 0.011
4632610.324 0.011
4620366.911 0.011
4608125.331 0.011
4595885.647 0.011
4583647.924 0.011
4571412.225 0.011
4559178.616 0.011
4546947.163 0.011
4534717.932 0.011
4522490.990 0.011
4510266.404 0.012
4498044.243 0.012
4485824.575 0.012
4473607.470 0.012
4461392.997 0.012
4449181.227 0.012
4436972.231 0.012
4424766.080 0.012
4412562.848 0.012
4400362.607 0.012
4388165.430 0.012
4375971.393 0.012
4363780.570 0.012
4351593.037 0.012
4339408.871 0.012
4327228.148 0.012
4315050.947 0.013
4302877.345 0.013
4290707.423 0.013
4278541.260 0.013
4266378.938 0.013
4254220.537 0.013
4242066.140 0.013
4229915.830 0.013
4217769.691 0.013
4205627.807 0.013
4193490.265 0.013
4181357.150 0.013
4169228.550 0.013
4157104.553 0.014
4144985.247 0.014
4132870.722 0.014
4120761.069 0.014
4108656.379 0.014
4096556.745 0.014
4084462.260 0.014
4072373.017 0.014
4060289.114 0.014
4048210.644 0.014
4036137.707 0.014
4024070.398 0.014
4012008.819 0.015
3999953.068 0.015
3987903.247 0.015
3975859.457 0.015
3963821.803 0.015
3951790.387 0.015
3939765.316 0.015
3927746.696 0.015
3915734.634 0.015
3903729.239 0.015
3891730.620 0.015
3879738.888 0.016
3867754.156 0.016
3855776.536 0.016
3843806.143 0.016
3831843.092 0.016
3819887.501 0.016
3807939.487 0.016
3795999.170 0.016
3784066.670 0.016
3772142.109 0.016
3760225.610 0.017
3748317.299 0.017
3736417.300 0.017
3724525.741 0.017
3712642.751 0.017
3700768.460 0.017
3688902.999 0.017
3677046.502 0.017
3665199.102 0.017
3653360.935 0.017
3641532.139 0.018
3629712.854 0.018
3617903.218 0.018
3606103.375 0.018
3594313.468 0.018
3582533.641 0.018
3570764.043 0.018
3559004.822 0.018
3547256.128 0.019
3535518.112 0.019
3523790.929 0.019
3512074.733 0.019
3500369.683 0.019
3488675.937 0.019
3476993.656 0.019
3465323.002 0.019
3453664.140 0.020
3442017.237 0.020
3430382.461 0.020
3418759.982 0.020
3407149.973 0.020
3395552.608 0.020
3383968.064 0.020
3372396.518 0.020
3360838.152 0.021
3349293.147 0.021
3337761.690 0.021
3326243.967 0.021
3314740.167 0.021
3303250.481 0.021
3291775.104 0.021
3280314.232 0.022
3268868.063 0.022
3257436.797 0.022
3246020.638 0.022
3234619.792 0.022
3223234.466 0.022
3211864.872 0.023
3200511.222 0.023
3189173.732 0.023
3177852.620 0.023
3166548.108 0.023
3155260.419 0.023
3143989.779 0.024
3132736.418 0.024
3121500.567 0.024
3110282.461 0.024
3099082.338 0.024
3087900.438 0.024
3076737.005 0.025
3065592.285 0.025
3054466.527 0.025
3043359.985 0.025
3032272.912 0.025
3021205.569 0.025
3010158.217 0.026
2999131.122 0.026
2988124.551 0.026
2977138.776 0.026
2966174.073 0.026
2955230.720 0.027
2944308.998 0.027
2933409.193 0.027
2922531.594 0.027
2911676.493 0.027
2900844.186 0.028
2890034.974 0.028
2879249.158 0.028
2868487.047 0.028
2857748.951 0.028
2847035.185 0.029
2836346.067 0.029
2825681.921 0.029
2815043.071 0.029
2804429.850 0.029
2793842.591 0.030
2783281.634 0.030
2772747.320 0.030
2762239.997 0.030
2751760.017 0.031
2741307.734 0.031
2730883.509 0.031
2720487.705 0.031
2710120.692 0.032
2699782.843 0.032
2689474.535 0.032
2679196.150 0.032
2668948.076 0.032
2658730.704 0.033
2648544.430 0.033
2638389.655 0.033
2628266.785 0.033
2618176.231 0.034
2608118.407 0.034
2598093.735 0.034
2588102.639 0.035
2578145.551 0.035
2568222.904 0.035
2558335.141 0.035
2548482.706 0.036
2538666.050 0.036
2528885.630 0.036
2519141.906 0.036
2509435.344 0.037
2499766.418 0.037
2490135.603 0.037
2480543.382 0.038
2470990.243 0.038
2461476.679 0.038
2452003.190 0.038
2442570.278 0.039
2433178.455 0.039
2423828.235 0.039
2414520.138 0.040
2405254.692 0.040
2396032.427 0.040
2386853.882 0.040
2377719.600 0.041
2368630.129 0.041
2359586.023 0.041
2350587.843 0.042
2341636.153 0.042
2332731.524 0.042
2323874.535 0.043
2315065.765 0.043
2306305.804 0.043
2297595.245 0.044
2288934.686 0.044
2280324.732 0.044
2271765.993 0.045
2263259.084 0.045
2254804.625 0.045
2246403.244 0.046
2238055.570 0.046
2229762.241 0.046
2221523.898 0.047
2213341.189 0.047
2205214.765 0.047
2197145.284 0.048
2189133.407 0.048
2181179.802 0.048
2173285.140 0.049
2165450.097 0.049
2157675.354 0.049
2149961.596 0.050
2142309.513 0.050
2134719.799 0.050
2127193.152 0.051
2119730.274 0.051
2112331.870 0.051
2104998.649 0.052
2097731.326 0.052
2090530.616 0.052
2083397.238 0.053
2076331.915 0.053
2069335.373 0.053
2062408.339 0.054
2055551.543 0.054
2048765.720 0.054
2042051.602 0.055
2035409.927 0.055
2028841.433 0.056
2022346.858 0.056
2015926.944 0.056
2009582.431 0.057
2003314.062 0.057
1997122.577 0.057
1991008.721 0.058
1984973.233 0.058
1979016.855 0.058
1973140.328 0.059
1967344.390 0.059
1961629.780 0.059
1955997.232 0.060
1950447.480 0.060
1944981.255 0.060
1939599.285 0.061
1934302.295 0.061
1929091.007 0.061
1923966.136 0.062
1918928.397 0.062
1913978.496 0.062
1909117.138 0.062
1904345.020 0.063
1899662.834 0.063
1895071.264 0.063
1890570.989 0.064
1886162.681 0.064
1881847.003 0.064
1877624.612 0.065
1873496.155 0.065
1869462.271 0.065
1865523.590 0.065
1861680.731 0.066
1857934.305 0.066
1854284.911 0.066
1850733.137 0.066
1847279.560 0.067
1843924.747 0.067
1840669.251 0.067
1837513.612 0.067
1834458.359 0.067
1831504.006 0.068
1828651.053 0.068
1825899.988 0.068
1823251.283 0.068
1820705.395 0.068
1818262.766 0.069
1815923.822 0.069
1813688.974 0.069
1811558.617 0.069
1809533.127 0.069
1807612.865 0.069
1805798.175 0.070
1804089.382 0.070
1802486.795 0.070
1800990.703 0.070
1799601.377 0.070
1798319.072 0.070
1797144.021 0.070
1796076.438 0.070
1795116.522 0.070
1794264.446 0.070
1793520.370 0.070
1792884.431 0.071
1792356.745 0.071
1791937.411 0.071
1791626.506 0.071
1791424.089 0.071
1791330.196 0.071
1791344.846 0.071
1791468.035 0.071
1791699.740 0.071
1792039.919 0.071
1792488.509 0.071
1793045.426 0.071
1793710.567 0.070
1794483.810 0.070
1795365.011 0.070
1796354.008 0.070
1797450.619 0.070
1798654.643 0.070
1799965.860 0.070
1801384.030 0.070
1802908.896 0.070
1804540.181 0.070
1806277.589 0.070
1808120.809 0.069
1810069.510 0.069
1812123.343 0.069
1814281.943 0.069
1816544.929 0.069
1818911.902 0.069
1821382.446 0.068
1823956.132 0.068
1826632.513 0.068
1829411.128 0.068
1832291.500 0.068
1835273.140 0.067
1838355.542 0.067
1841538.188 0.067
1844820.547 0.067
1848202.075 0.067
1851682.214 0.066
1855260.396 0.066
1858936.042 0.066
1862708.558 0.066
1866577.344 0.065
1870541.785 0.065
1874601.260 0.065
1878755.137 0.064
1883002.774 0.064
1887343.521 0.064
1891776.720 0.064
1896301.706 0.063
1900917.804 0.063
1905624.335 0.063
1910420.611 0.062
1915305.940 0.062
1920279.621 0.062
1925340.951 0.061
1930489.221 0.061
1935723.715 0.061
1941043.717 0.061
1946448.503 0.060
1951937.348 0.060
1957509.522 0.060
1963164.296 0.059
1968900.934 0.059
1974718.700 0.059
1980616.856 0.058
1986594.663 0.058
1992651.380 0.058
1998786.266 0.057
2004998.580 0.057
2011287.578 0.056
2017652.520 0.056
2024092.663 0.056
2030607.267 0.055
2037195.591 0.055
2043856.896 0.055
2050590.445 0.054
2057395.501 0.054
2064271.331 0.054
2071217.203 0.053
2078232.387 0.053
2085316.154 0.053
2092467.782 0.052
2099686.548 0.052
2106971.734 0.052
2114322.623 0.051
2121738.505 0.051
2129218.670 0.051
2136762.414 0.050
2144369.037 0.050
2152037.840 0.050
2159768.132 0.049
2167559.224 0.049
2175410.432 0.048
2183321.077 0.048
2191290.482 0.048
2199317.979 0.047
2207402.901 0.047
2215544.588 0.047
2223742.385 0.046
2231995.639 0.046
2240303.707 0.046
2248665.947 0.045
2257081.724 0.045
2265550.409 0.045
2274071.376 0.044
2282644.007 0.044
2291267.687 0.044
2299941.809 0.044
2308665.770 0.043
2317438.971 0.043
2326260.822 0.043
2335130.736 0.042
2344048.132 0.042
2353012.435 0.042
2362023.076 0.041
2371079.491 0.041
2380181.121 0.041
2389327.414 0.040
2398517.822 0.040
2407751.804 0.040
2417028.825 0.039
2426348.353 0.039
2435709.864 0.039
2445112.839 0.039
2454556.764 0.038
2464041.130 0.038
2473565.436 0.038
2483129.183 0.037
2492731.881 0.037
2502373.042 0.037
2512052.185 0.037
2521768.836 0.036
2531522.523 0.036
2541312.781 0.036
2551139.152 0.036
2561001.179 0.035
2570898.415 0.035
2580830.414 0.035
2590796.738 0.034
2600796.953 0.034
2610830.629 0.034
2620897.342 0.034
2630996.675 0.033
2641128.211 0.033
2651291.543 0.033
2661486.265 0.033
2671711.978 0.032
2681968.288 0.032
2692254.803 0.032
2702571.138 0.032
2712916.912 0.031
2723291.750 0.031
2733695.278 0.031
2744127.129 0.031
2754586.941 0.031
2765074.354 0.030
2775589.014 0.030
2786130.572 0.030
2796698.681 0.030
2807292.999 0.029
2817913.190 0.029
2828558.919 0.029
2839229.857 0.029
2849925.679 0.029
2860646.064 0.028
2871390.693 0.028
2882159.254 0.028
2892951.436 0.028
2903766.934 0.028
2914605.444 0.027
2925466.668 0.027
2936350.312 0.027
2947256.084 0.027
2958183.695 0.027
2969132.862 0.026
2980103.304 0.026
2991094.743 0.026
3002106.905 0.026
3013139.519 0.026
3024192.318 0.025
3035265.037 0.025
3046357.416 0.025
3057469.196 0.025
3068600.123 0.025
3079749.946 0.025
3090918.415 0.024
3102105.285 0.024
3113310.313 0.024
3124533.260 0.024
3135773.889 0.024
3147031.966 0.023
3158307.259 0.023
3169599.541 0.023
3180908.586 0.023
3192234.171 0.023
3203576.075 0.023
3214934.081 0.023
3226307.974 0.022
3237697.542 0.022
3249102.575 0.022
3260522.864 0.022
3271958.206 0.022
3283408.398 0.022
3294873.239 0.021
3306352.532 0.021
3317846.082 0.021
3329353.694 0.021
3340875.179 0.021
3352410.348 0.021
3363959.014 0.021
3375520.993 0.020
3387096.103 0.020
3398684.164 0.020
3410284.998 0.020
3421898.429 0.020
3433524.284 0.020
3445162.390 0.020
3456812.579 0.020
3468474.681 0.019
3480148.531 0.019
3491833.965 0.019
3503530.821 0.019
3515238.938 0.019
3526958.159 0.019
3538688.326 0.019
3550429.284 0.018
3562180.880 0.018
3573942.963 0.018
3585715.382 0.018
3597497.991 0.018
3609290.642 0.018
3621093.190 0.018
3632905.493 0.018
3644727.409 0.018
3656558.797 0.017
3668399.520 0.017
3680249.440 0.017
3692108.421 0.017
3703976.331 0.017
3715853.035 0.017
3727738.404 0.017
3739632.307 0.017
3751534.617 0.017
3763445.205 0.016
3775363.948 0.016
3787290.720 0.016
3799225.399 0.016
3811167.863 0.016
3823117.992 0.016
3835075.667 0.016
3847040.770 0.016
3859013.185 0.016
3870992.796 0.016
3882979.490 0.015
3894973.154 0.015
3906973.675 0.015
3918980.944 0.015
3930994.851 0.015
3943015.287 0.015
3955042.146 0.015
3967075.322 0.015
3979114.709 0.015
3991160.204 0.015
4003211.704 0.015
4015269.107 0.014
4027332.312 0.014
4039401.219 0.014
4051475.730 0.014
4063555.748 0.014
4075641.174 0.014
4087731.913 0.014
4099827.871 0.014
4111928.954 0.014
4124035.068 0.014
4136146.121 0.014
4148262.021 0.014
4160382.680 0.014
4172508.007 0.013
4184637.913 0.013
4196772.311 0.013
4208911.114 0.013
4221054.236 0.013
4233201.591 0.013
4245353.096 0.013
4257508.665 0.013
4269668.217 0.013
4281831.670 0.013
4293998.941 0.013
4306169.952 0.013
4318344.620 0.013
4330522.868 0.012
4342704.618 0.012
4354889.791 0.012
4367078.310 0.012
4379270.100 0.012
4391465.085 0.012
4403663.190 0.012
4415864.340 0.012
4428068.463 0.012
4440275.485 0.012
4452485.334 0.012
4464697.939 0.012
4476913.229 0.012
4489131.132 0.012
4501351.581 0.012
4513574.505 0.011
4525799.836 0.011
4538027.506 0.011
4550257.448 0.011
4562489.595 0.011
4574723.881 0.011
4586960.240 0.011
4599198.608 0.011
4611438.919 0.011
4623681.110 0.011
4635925.118 0.011
4648170.879 0.011
4660418.331 0.011
4672667.413 0.011
4684918.063 0.011
4697170.220 0.011
4709423.824 0.011
4721678.815 0.011
4733935.134 0.010
4746192.722 0.010
4758451.520 0.010
4770711.471 0.010
4782972.517 0.010
4795234.601 0.010
4807497.666 0.010
4819761.657 0.010
4832026.518 0.010
4844292.193 0.010
4856558.628 0.010
4868825.769 0.010
4881093.561 0.010
4893361.951 0.010
4905630.886 0.010
4917900.313 0.010
4930170.180 0.010
4942440.435 0.010
4954711.026 0.010
4966981.903 0.009
4979253.014 0.009
4991524.309 0.009
5003795.739 0.009
5016067.252 0.009
5028338.801 0.009
5040610.337 0.009
5052881.810 0.009
5065153.173 0.009
5077424.377 0.009
5089695.376 0.009
5101966.122 0.009
5114236.568 0.009
5126506.668 0.009
5138776.375 0.009
5151045.645 0.009
5163314.430 0.009
5175582.687 0.009
5187850.369 0.009
5200117.434 0.009
5212383.835 0.009
5224649.530 0.009
5236914.475 0.009
5249178.625 0.009
5261441.940 0.008
5273704.374 0.008
5285965.887 0.008
5298226.435 0.008
5310485.977 0.008
5322744.471 0.008
5335001.876 0.008
0.0 0.0 0.0
0.0 0.0 0.0
0.0 0.0 0.0
0.0 0.0 0.0
0.0 0.0 0.0
0.0 0.0 0.0
0.0 0.0 0.0
0.0 0.0 0.0
0.0 0.0 0.0
0.0 0.0 0.0
0.0 0.0 0.0
0.0 0.0 0.0
0.0 0.0 0.0
0.0 0.0 0.0
0.0 0.0 0.0
0.0 0.0 0.0
0.0 0.0 0.0
0.0 0.0 0.0
0.0 0.0 0.0
0.0 0.0 0.0
0.0 0.0 0.0
0.0 0.0 0.0
0.0 0.0 0.0
0.0 0.0 0.0
0.0 0.0 0.0
0.0 0.0 0.0
0.0 0.0 0.0
0.0 0.0 0.0
0.0 0.0 0.0
0.0 0.0 0.0
0.0 0.0 0.0
0.0 0.0 0.0
0.0 0.0 0.0
0.0 0.0 0.0
0.0 0.0 0.0
0.0 0.0 0.0
0.0 0.0 0.0
0.0 0.0 0.0
0.0 0.0 0.0
0.0 0.0 0.0
0.0 0.0 0.0
0.0 0.0 0.0
0.0 0.0 0.0
0.0 0.0 0.0
0.0 0.0 0.0
0.0 0.0 0.0
0.0 0.0 0.0
0.0 0.0 0.0
0.0 0.0 0.0
0.0 0.0 0.0
0.0 0.0 0.0
0.0 0.0 0.0
0.0 0.0 0.0
0.0 0.0 0.0
0.0 0.0 0.0
0.0 0.0 0.0
0.0 0.0 0.0
0.0 0.0 0.0
0.0 0.0 0.0
0.0 0.0 0.0
0.0 0.0 0.0
0.0 0.0 0.0
0.0 0.0 0.0
0.0 0.0 0.0
0.0 0.0 0.0
0.0 0.0 0.0
0.0 0.0 0.0
0.0 0.0 0.0
0.0 0.0 0.0
0.0 0.0 0.0
0.0 0.0 0.0
0.0 0.0 0.0
0.0 0.0 0.0
0.0 0.0 0.0
0.0 0.0 0.0
0.0 0.0 0.0
0.0 0.0 0.0
0.0 0.0 0.0
0.0 0.0 0.0
0.0 0.0 0.0
0.0 0.0 0.0
0.0 0.0 0.0
0.0 0.0 0.0
0.0 0.0 0.0
0.0 0.0 0.0
0.0 0.0 0.0
0.0 0.0 0.0
0.0 0.0 0.0
0.0 0.0 0.0
0.0 0.0 0.0
0.0 0.0 0.0
0.0 0.0 0.0
0.0 0.0 0.0
0.0 0.0 0.0
0.0 0.0 0.0
0.0 0.0 0.0
0.0 0.0 0.0
0.0 0.0 0.0
0.0 0.0 0.0
0.0 0.0 0.0
0.0 0.0 0.0
0.0 0.0 0.0
0.0 0.0 0.0
0.0 0.0 0.0
0.0 0.0 0.0
0.0 0.0 0.0
0.0 0.0 0.0
0.0 0.0 0.0
0.0 0.0 0.0
0.0 0.0 0.0
0.0 0.0 0.0
0.0 0.0 0.0
0.0 0.0 0.0
0.0 0.0 0.0
0.0 0.0 0.0
0.0 0.0 0.0
0.0 0.0 0.0
0.0 0.0 0.0
0.0 0.0 0.0
0.0 0.0 0.0
0.0 0.0 0.0
0.0 0.0 0.0
0.0 0.0 0.0
0.0 0.0 0.0
0.0 0.0 0.0
0.0 0.0 0.0
0.0 0.0 0.0
0.0 0.0 0.0
0.0 0.0 0.0
0.0 0.0 0.0
0.0 0.0 0.0
0.0 0.0 0.0
0.0 0.0 0.0
0.0 0.0 0.0
0.0 0.0 0.0
0.0 0.0 0.0
0.0 0.0 0.0
0.0 0.0 0.0
0.0 0.0 0.0
0.0 0.0 0.0
0.0 0.0 0.0
0.0 0.0 0.0
0.0 0.0 0.0
0.0 0.0 0.0
0.0 0.0 0.0
0.0 0.0 0.0
0.0 0.0 0.0
0.0 0.0 0.0
0.0 0.0 0.0
0.0 0.0 0.0
0.0 0.0 0.0
0.0 0.0 0.0
0.0 0.0 0.0
0.0 0.0 0.0
0.0 0.0 0.0
0.0 0.0 0.0
0.0 0.0 0.0
0.0 0.0 0.0
0.0 0.0 0.0
0.0 0.0 0.0
0.0 0.0 0.0
0.0 0.0 0.0
0.0 0.0 0.0
0.0 0.0 0.0
0.0 0.0 0.0
0.0 0.0 0.0
0.0 0.0 0.0
0.0 0.0 0.0
0.0 0.0 0.0
0.0 0.0 0.0
0.0 0.0 0.0
0.0 0.0 0.0
0.0 0.0 0.0
0.0 0.0 0.0
0.0 0.0 0.0
0.0 0.0 0.0
0.0 0.0 0.0
0.0 0.0 0.0
0.0 0.0 0.0
0.0 0.0 0.0
0.0 0.0 0.0
0.0 0.0 0.0
0.0 0.0 0.0
0.0 0.0 0.0
0.0 0.0 0.0
0.0 0.0 0.0
0.0 0.0 0.0
0.0 0.0 0.0
0.0 0.0 0.0
0.0 0.0 0.0
0.0 0.0 0.0
0.0 0.0 0.0
0.0 0.0 0.0
0.0 0.0 0.0
0.0 0.0 0.0
0.0 0.0 0.0
0.0 0.0 0.0
0.0 0.0 0.0
0.0 0.0 0.0
0.0 0.0 0.0
0.0 0.0 0.0
0.0 0.0 0.0
0.0 0.0 0.0
0.0 0.0 0.0
0.0 0.0 0.0
0.0 0.0 0.0
0.0 0.0 0.0
0.0 0.0 0.0
0.0 0.0 0.0
0.0 0.0 0.0
0.0 0.0 0.0
0.0 0.0 0.0
0.0 0.0 0.0
0.0 0.0 0.0
0.0 0.0 0.0
0.0 0.0 0.0
0.0 0.0 0.0
0.0 0.0 0.0
0.0 0.0 0.0
0.0 0.0 0.0
0.0 0.0 0.0
0.0 0.0 0.0
0.0 0.0 0.0
0.0 0.0 0.0
0.0 0.0 0.0
0.0 0.0 0.0
0.0 0.0 0.0
0.0 0.0 0.0
0.0 0.0 0.0
0.0 0.0 0.0
0.0 0.0 0.0
0.0 0.0 0.0
0.0 0.0 0.0
0.0 0.0 0.0
0.0 0.0 0.0
0.0 0.0 0.0
0.0 0.0 0.0
0.0 0.0 0.0
0.0 0.0 0.0
0.0 0.0 0.0
0.0 0.0 0.0
0.0 0.0 0.0
0.0 0.0 0.0
0.0 0.0 0.0
0.0 0.0 0.0
0.0 0.0 0.0
0.0 0.0 0.0
0.0 0.0 0.0
0.0 0.0 0.0
0.0 0.0 0.0
0.0 0.0 0.0
0.0 0.0 0.0
0.0 0.0 0.0
0.0 0.0 0.0
0.0 0.0 0.0
0.0 0.0 0.0
0.0 0.0 0.0
0.0 0.0 0.0
0.0 0.0 0.0
0.0 0.0 0.0
0.0 0.0 0.0
0.0 0.0 0.0
0.0 0.0 0.0
0.0 0.0 0.0
0.0 0.0 0.0
0.0 0.0 0.0
0.0 0.0 0.0
0.0 0.0 0.0
0.0 0.0 0.0
0.0 0.0 0.0
0.0 0.0 0.0
0.0 0.0 0.0
0.0 0.0 0.0
0.0 0.0 0.0
0.0 0.0 0.0
0.0 0.0 0.0
0.0 0.0 0.0
0.0 0.0 0.0
0.0 0.0 0.0
0.0 0.0 0.0
0.0 0.0 0.0
0.0 0.0 0.0
0.0 0.0 0.0
0.0 0.0 0.0
0.0 0.0 0.0
0.0 0.0 0.0
0.0 0.0 0.0
0.0 0.0 0.0
0.0 0.0 0.0
0.0 0.0 0.0
0.0 0.0 0.0
0.0 0.0 0.0
0.0 0.0 0.0
0.0 0.0 0.0
0.0 0.0 0.0
0.0 0.0 0.0
0.0 0.0 0.0
0.0 0.0 0.0
0.0 0.0 0.0
0.0 0.0 0.0
0.0 0.0 0.0
0.0 0.0 0.0
0.0 0.0 0.0
0.0 0.0 0.0
0.0 0.0 0.0
0.0 0.0 0.0
0.0 0.0 0.0
0.0 0.0 0.0
0.0 0.0 0.0
0.0 0.0 0.0
0.0 0.0 0.0
0.0 0.0 0.0
0.0 0.0 0.0
0.0 0.0 0.0
0.0 0.0 0.0
0.0 0.0 0.0
0.0 0.0 0.0
0.0 0.0 0.0
0.0 0.0 0.0
0.0 0.0 0.0
0.0 0.0 0.0
0.0 0.0 0.0
0.0 0.0 0.0
0.0 0.0 0.0
0.0 0.0 0.0
0.0 0.0 0.0
0.0 0.0 0.0
0.0 0.0 0.0
0.0 0.0 0.0
0.0 0.0 0.0
0.0 0.0 0.0
0.0 0.0 0.0
0.0 0.0 0.0
0.0 0.0 0.0
0.0 0.0 0.0
0.0 0.0 0.0
0.0 0.0 0.0
0.0 0.0 0.0
0.0 0.0 0.0
0.0 0.0 0.0
0.0 0.0 0.0
0.0 0.0 0.0
0.0 0.0 0.0
0.0 0.0 0.0
0.0 0.0 0.0
0.0 0.0 0.0
0.0 0.0 0.0
0.0 0.0 0.0
0.0 0.0 0.0
0.0 0.0 0.0
0.0 0.0 0.0
0.0 0.0 0.0
0.0 0.0 0.0
0.0 0.0 0.0
0.0 0.0 0.0
0.0 0.0 0.0
0.0 0.0 0.0
0.0 0.0 0.0
0.0 0.0 0.0
0.0 0.0 0.0
0.0 0.0 0.0
0.0 0.0 0.0
0.0 0.0 0.0
0.0 0.0 0.0
0.0 0.0 0.0
0.0 0.0 0.0
0.0 0.0 0.0
0.0 0.0 0.0
0.0 0.0 0.0
0.0 0.0 0.0
0.0 0.0 0.0
0.0 0.0 0.0
0.0 0.0 0.0
0.0 0.0 0.0
0.0 0.0 0.0
0.0 0.0 0.0
0.0 0.0 0.0
0.0 0.0 0.0
0.0 0.0 0.0
0.0 0.0 0.0
0.0 0.0 0.0
0.0 0.0 0.0
0.0 0.0 0.0
0.0 0.0 0.0
0.0 0.0 0.0
0.0 0.0 0.0
0.0 0.0 0.0
0.0 0.0 0.0
0.0 0.0 0.0
0.0 0.0 0.0
0.0 0.0 0.0
0.0 0.0 0.0
0.0 0.0 0.0
0.0 0.0 0.0
0.0 0.0 0.0
0.0 0.0 0.0
0.0 0.0 0.0
0.0 0.0 0.0
0.0 0.0 0.0
0.0 0.0 0.0
0.0 0.0 0.0
0.0 0.0 0.0
0.0 0.0 0.0
0.0 0.0 0.0
0.0 0.0 0.0
0.0 0.0 0.0
0.0 0.0 0.0
0.0 0.0 0.0
0.0 0.0 0.0
0.0 0.0 0.0
0.0 0.0 0.0
0.0 0.0 0.0
0.0 0.0 0.0
0.0 0.0 0.0
0.0 0.0 0.0
0.0 0.0 0.0
0.0 0.0 0.0
0.0 0.0 0.0
0.0 0.0 0.0
0.0 0.0 0.0
0.0 0.0 0.0
0.0 0.0 0.0
0.0 0.0 0.0
0.0 0.0 0.0
0.0 0.0 0.0
0.0 0.0 0.0
0.0 0.0 0.0
0.0 0.0 0.0
0.0 0.0 0.0
0.0 0.0 0.0
0.0 0.0 0.0
0.0 0.0 0.0
0.0 0.0 0.0
0.0 0.0 0.0
0.0 0.0 0.0
0.0 0.0 0.0
0.0 0.0 0.0
0.0 0.0 0.0
0.0 0.0 0.0
0.0 0.0 0.0
0.0 0.0 0.0
0.0 0.0 0.0
0.0 0.0 0.0
0.0 0.0 0.0
0.0 0.0 0.0
0.0 0.0 0.0
0.0 0.0 0.0
0.0 0.0 0.0
0.0 0.0 0.0
0.0 0.0 0.0
0.0 0.0 0.0
0.0 0.0 0.0
0.0 0.0 0.0
0.0 0.0 0.0
0.0 0.0 0.0
0.0 0.0 0.0
0.0 0.0 0.0
0.0 0.0 0.0
0.0 0.0 0.0
0.0 0.0 0.0
0.0 0.0 0.0
0.0 0.0 0.0
0.0 0.0 0.0
0.0 0.0 0.0
0.0 0.0 0.0
0.0 0.0 0.0
0.0 0.0 0.0
0.0 0.0 0.0
0.0 0.0 0.0
0.0 0.0 0.0
0.0 0.0 0.0
0.0 0.0 0.0
0.0 0.0 0.0
0.0 0.0 0.0
0.0 0.0 0.0
0.0 0.0 0.0
0.0 0.0 0.0
0.0 0.0 0.0
0.0 0.0 0.0
0.0 0.0 0.0
0.0 0.0 0.0
0.0 0.0 0.0
0.0 0.0 0.0
0.0 0.0 0.0
0.0 0.0 0.0
0.0 0.0 0.0
0.0 0.0 0.0
0.0 0.0 0.0
0.0 0.0 0.0
0.0 0.0 0.0
0.0 0.0 0.0
0.0 0.0 0.0
0.0 0.0 0.0
0.0 0.0 0.0
0.0 0.0 0.0
0.0 0.0 0.0
0.0 0.0 0.0
0.0 0.0 0.0
0.0 0.0 0.0
0.0 0.0 0.0
0.0 0.0 0.0
0.0 0.0 0.0
0.0 0.0 0.0
0.0 0.0 0.0
0.0 0.0 0.0
0.0 0.0 0.0
0.0 0.0 0.0
0.0 0.0 0.0
0.0 0.0 0.0
0.0 0.0 0.0
0.0 0.0 0.0
0.0 0.0 0.0
0.0 0.0 0.0
0.0 0.0 0.0
0.0 0.0 0.0
0.0 0.0 0.0
0.0 0.0 0.0
0.0 0.0 0.0
0.0 0.0 0.0
0.0 0.0 0.0
0.0 0.0 0.0
0.0 0.0 0.0
0.0 0.0 0.0
0.0 0.0 0.0
0.0 0.0 0.0
0.0 0.0 0.0
0.0 0.0 0.0
0.0 0.0 0.0
0.0 0.0 0.0
0.0 0.0 0.0
0.0 0.0 0.0
0.0 0.0 0.0
0.0 0.0 0.0
0.0 0.0 0.0
0.0 0.0 0.0
0.0 0.0 0.0
0.0 0.0 0.0
0.0 0.0 0.0
0.0 0.0 0.0
0.0 0.0 0.0
0.0 0.0 0.0
0.0 0.0 0.0
0.0 0.0 0.0
0.0 0.0 0.0
0.0 0.0 0.0
0.0 0.0 0.0
0.0 0.0 0.0
0.0 0.0 0.0
0.0 0.0 0.0
0.0 0.0 0.0
0.0 0.0 0.0
0.0 0.0 0.0
0.0 0.0 0.0
0.0 0.0 0.0
0.0 0.0 0.0
0.0 0.0 0.0
0.0 0.0 0.0
0.0 0.0 0.0
0.0 0.0 0.0
0.0 0.0 0.0
0.0 0.0 0.0
0.0 0.0 0.0
0.0 0.0 0.0
0.0 0.0 0.0
0.0 0.0 0.0
0.0 0.0 0.0
0.0 0.0 0.0
0.0 0.0 0.0
0.0 0.0 0.0
0.0 0.0 0.0
0.0 0.0 0.0
0.0 0.0 0.0
0.0 0.0 0.0
0.0 0.0 0.0
0.0 0.0 0.0
0.0 0.0 0.0
0.0 0.0 0.0
0.0 0.0 0.0
0.0 0.0 0.0
0.0 0.0 0.0
0.0 0.0 0.0
0.0 0.0 0.0
0.0 0.0 0.0
0.0 0.0 0.0
0.0 0.0 0.0
0.0 0.0 0.0
0.0 0.0 0.0
0.0 0.0 0.0
0.0 0.0 0.0
0.0 0.0 0.0
0.0 0.0 0.0
0.0 0.0 0.0
0.0 0.0 0.0
0.0 0.0 0.0
0.0 0.0 0.0
0.0 0.0 0.0
0.0 0.0 0.0
0.0 0.0 0.0
0.0 0.0 0.0
0.0 0.0 0.0
0.0 0.0 0.0
0.0 0.0 0.0
0.0 0.0 0.0
0.0 0.0 0.0
0.0 0.0 0.0
0.0 0.0 0.0
0.0 0.0 0.0
0.0 0.0 0.0
0.0 0.0 0.0
0.0 0.0 0.0
0.0 0.0 0.0
0.0 0.0 0.0
0.0 0.0 0.0
0.0 0.0 0.0
0.0 0.0 0.0
0.0 0.0 0.0
0.0 0.0 0.0
0.0 0.0 0.0
0.0 0.0 0.0
0.0 0.0 0.0
0.0 0.0 0.0
0.0 0.0 0.0
0.0 0.0 0.0
0.0 0.0 0.0
0.0 0.0 0.0
0.0 0.0 0.0
0.0 0.0 0.0
0.0 0.0 0.0
0.0 0.0 0.0
0.0 0.0 0.0
0.0 0.0 0.0
0.0 0.0 0.0
0.0 0.0 0.0
0.0 0.0 0.0
0.0 0.0 0.0
0.0 0.0 0.0
0.0 0.0 0.0
0.0 0.0 0.0
0.0 0.0 0.0
0.0 0.0 0.0
0.0 0.0 0.0
0.0 0.0 0.0
0.0 0.0 0.0
0.0 0.0 0.0
0.0 0.0 0.0
0.0 0.0 0.0
0.0 0.0 0.0
0.0 0.0 0.0
0.0 0.0 0.0
0.0 0.0 0.0
0.0 0.0 0.0
0.0 0.0 0.0
0.0 0.0 0.0
0.0 0.0 0.0
0.0 0.0 0.0
0.0 0.0 0.0
0.0 0.0 0.0
0.0 0.0 0.0
0.0 0.0 0.0
0.0 0.0 0.0
0.0 0.0 0.0
0.0 0.0 0.0
0.0 0.0 0.0
0.0 0.0 0.0
0.0 0.0 0.0
0.0 0.0 0.0
0.0 0.0 0.0
0.0 0.0 0.0
0.0 0.0 0.0
0.0 0.0 0.0
0.0 0.0 0.0
0.0 0.0 0.0
0.0 0.0 0.0
0.0 0.0 0.0
0.0 0.0 0.0
0.0 0.0 0.0
0.0 0.0 0.0
0.0 0.0 0.0
0.0 0.0 0.0
0.0 0.0 0.0
0.0 0.0 0.0
0.0 0.0 0.0
0.0 0.0 0.0
0.0 0.0 0.0
0.0 0.0 0.0
0.0 0.0 0.0
0.0 0.0 0.0
0.0 0.0 0.0
0.0 0.0 0.0
0.0 0.0 0.0
0.0 0.0 0.0
0.0 0.0 0.0
0.0 0.0 0.0
0.0 0.0 0.0
0.0 0.0 0.0
0.0 0.0 0.0
0.0 0.0 0.0
0.0 0.0 0.0
0.0 0.0 0.0
0.0 0.0 0.0
0.0 0.0 0.0
0.0 0.0 0.0
0.0 0.0 0.0
0.0 0.0 0.0
0.0 0.0 0.0
0.0 0.0 0.0
0.0 0.0 0.0
0.0 0.0 0.0
0.0 0.0 0.0
0.0 0.0 0.0
0.0 0.0 0.0
0.0 0.0 0.0
0.0 0.0 0.0
0.0 0.0 0.0
0.0 0.0 0.0
0.0 0.0 0.0
0.0 0.0 0.0
0.0 0.0 0.0
0.0 0.0 0.0
0.0 0.0 0.0
0.0 0.0 0.0
0.0 0.0 0.0
0.0 0.0 0.0
0.0 0.0 0.0
0.0 0.0 0.0
0.0 0.0 0.0
0.0 0.0 0.0
0.0 0.0 0.0
0.0 0.0 0.0
0.0 0.0 0.0
0.0 0.0 0.0
0.0 0.0 0.0
0.0 0.0 0.0
0.0 0.0 0.0
0.0 0.0 0.0
0.0 0.0 0.0
0.0 0.0 0.0
0.0 0.0 0.0
0.0 0.0 0.0
0.0 0.0 0.0
0.0 0.0 0.0
0.0 0.0 0.0
0.0 0.0 0.0
0.0 0.0 0.0
0.0 0.0 0.0
0.0 0.0 0.0
0.0 0.0 0.0
0.0 0.0 0.0
0.0 0.0 0.0
0.0 0.0 0.0
0.0 0.0 0.0
0.0 0.0 0.0
0.0 0.0 0.0
0.0 0.0 0.0
0.0 0.0 0.0
0.0 0.0 0.0
0.0 0.0 0.0
0.0 0.0 0.0
0.0 0.0 0.0
0.0 0.0 0.0
0.0 0.0 0.0
0.0 0.0 0.0
0.0 0.0 0.0
0.0 0.0 0.0
0.0 0.0 0.0
0.0 0.0 0.0
0.0 0.0 0.0
0.0 0.0 0.0
0.0 0.0 0.0
0.0 0.0 0.0
0.0 0.0 0.0
0.0 0.0 0.0
0.0 0.0 0.0
0.0 0.0 0.0
0.0 0.0 0.0
0.0 0.0 0.0
0.0 0.0 0.0
0.0 0.0 0.0
0.0 0.0 0.0
0.0 0.0 0.0
0.0 0.0 0.0
0.0 0.0 0.0
0.0 0.0 0.0
0.0 0.0 0.0
0.0 0.0 0.0
0.0 0.0 0.0
0.0 0.0 0.0
0.0 0.0 0.0
0.0 0.0 0.0
0.0 0.0 0.0
0.0 0.0 0.0
0.0 0.0 0.0
0.0 0.0 0.0
0.0 0.0 0.0
0.0 0.0 0.0
0.0 0.0 0.0
0.0 0.0 0.0
0.0 0.0 0.0
0.0 0.0 0.0
0.0 0.0 0.0
0.0 0.0 0.0
0.0 0.0 0.0
0.0 0.0 0.0
0.0 0.0 0.0
0.0 0.0 0.0
0.0 0.0 0.0
0.0 0.0 0.0
0.0 0.0 0.0
0.0 0.0 0.0
0.0 0.0 0.0
0.0 0.0 0.0
0.0 0.0 0.0
0.0 0.0 0.0
0.0 0.0 0.0
0.0 0.0 0.0
0.0 0.0 0.0
0.0 0.0 0.0
0.0 0.0 0.0
0.0 0.0 0.0
0.0 0.0 0.0
0.0 0.0 0.0
0.0 0.0 0.0
0.0 0.0 0.0
0.0 0.0 0.0
0.0 0.0 0.0
0.0 0.0 0.0
0.0 0.0 0.0
0.0 0.0 0.0
0.0 0.0 0.0
0.0 0.0 0.0
0.0 0.0 0.0
0.0 0.0 0.0
0.0 0.0 0.0
0.0 0.0 0.0
0.0 0.0 0.0
0.0 0.0 0.0
0.0 0.0 0.0
0.0 0.0 0.0
0.0 0.0 0.0
0.0 0.0 0.0
0.0 0.0 0.0
0.0 0.0 0.0
0.0 0.0 0.0
0.0 0.0 0.0
0.0 0.0 0.0
0.0 0.0 0.0
0.0 0.0 0.0
0.0 0.0 0.0
0.0 0.0 0.0
0.0 0.0 0.0
0.0 0.0 0.0
0.0 0.0 0.0
0.0 0.0 0.0
0.0 0.0 0.0
0.0 0.0 0.0
0.0 0.0 0.0
0.0 0.0 0.0
0.0 0.0 0.0
0.0 0.0 0.0
0.0 0.0 0.0
0.0 0.0 0.0
0.0 0.0 0.0
0.0 0.0 0.0
0.0 0.0 0.0
0.0 0.0 0.0
0.0 0.0 0.0
0.0 0.0 0.0
0.0 0.0 0.0
0.0 0.0 0.0
0.0 0.0 0.0
0.0 0.0 0.0
0.0 0.0 0.0
0.0 0.0 0.0
0.0 0.0 0.0
0.0 0.0 0.0
0.0 0.0 0.0
0.0 0.0 0.0
0.0 0.0 0.0
0.0 0.0 0.0
0.0 0.0 0.0
0.0 0.0 0.0
0.0 0.0 0.0
0.0 0.0 0.0
0.0 0.0 0.0
0.0 0.0 0.0
0.0 0.0 0.0
0.0 0.0 0.0
0.0 0.0 0.0
0.0 0.0 0.0
0.0 0.0 0.0
0.0 0.0 0.0
0.0 0.0 0.0
0.0 0.0 0.0
0.0 0.0 0.0
0.0 0.0 0.0
0.0 0.0 0.0
0.0 0.0 0.0
0.0 0.0 0.0
0.0 0.0 0.0
0.0 0.0 0.0
0.0 0.0 0.0
0.0 0.0 0.0
0.0 0.0 0.0
0.0 0.0 0.0
0.0 0.0 0.0
0.0 0.0 0.0
0.0 0.0 0.0
0.0 0.0 0.0
0.0 0.0 0.0
0.0 0.0 0.0
0.0 0.0 0.0
0.0 0.0 0.0
0.0 0.0 0.0
0.0 0.0 0.0
0.0 0.0 0.0
0.0 0.0 0.0
0.0 0.0 0.0
0.0 0.0 0.0
0.0 0.0 0.0
0.0 0.0 0.0
0.0 0.0 0.0
0.0 0.0 0.0
0.0 0.0 0.0
0.0 0.0 0.0
0.0 0.0 0.0
0.0 0.0 0.0
0.0 0.0 0.0
0.0 0.0 0.0
0.0 0.0 0.0
0.0 0.0 0.0
0.0 0.0 0.0
0.0 0.0 0.0
0.0 0.0 0.0
0.0 0.0 0.0
0.0 0.0 0.0
0.0 0.0 0.0
0.0 0.0 0.0
0.0 0.0 0.0
0.0 0.0 0.0
0.0 0.0 0.0
0.0 0.0 0.0
0.0 0.0 0.0
0.0 0.0 0.0
0.0 0.0 0.0
0.0 0.0 0.0
0.0 0.0 0.0
0.0 0.0 0.0
0.0 0.0 0.0
0.0 0.0 0.0
0.0 0.0 0.0
0.0 0.0 0.0
0.0 0.0 0.0
0.0 0.0 0.0
0.0 0.0 0.0
0.0 0.0 0.0
0.0 0.0 0.0
0.0 0.0 0.0
0.0 0.0 0.0
0.0 0.0 0.0
0.0 0.0 0.0
0.0 0.0 0.0
0.0 0.0 0.0
0.0 0.0 0.0
0.0 0.0 0.0
0.0 0.0 0.0
0.0 0.0 0.0
0.0 0.0 0.0
0.0 0.0 0.0
0.0 0.0 0.0
0.0 0.0 0.0
0.0 0.0 0.0
0.0 0.0 0.0
0.0 0.0 0.0
0.0 0.0 0.0
0.0 0.0 0.0
0.0 0.0 0.0
0.0 0.0 0.0
0.0 0.0 0.0
0.0 0.0 0.0
0.0 0.0 0.0
0.0 0.0 0.0
0.0 0.0 0.0
0.0 0.0 0.0
0.0 0.0 0.0
0.0 0.0 0.0
0.0 0.0 0.0
0.0 0.0 0.0
53.523 1193424.620 0.125145541
53.661 1191704.807 0.125401763
53.797 1190025.055 0.125653017
53.930 1188385.536 0.125899211
54.061 1186786.418 0.126140253
54.189 1185227.866 0.126376055
54.314 1183710.041 0.126606527
54.437 1182233.102 0.126831584
54.557 1180797.203 0.127051140
54.674 1179402.496 0.127265110
54.788 1178049.127 0.127473413
54.899 1176737.240 0.127675968
55.007 1175466.976 0.127872696
55.112 1174238.471 0.128063520
55.214 1173051.856 0.128248364
55.313 1171907.259 0.128427156
55.408 1170804.806 0.128599823
55.501 1169744.615 0.128766298
55.590 1168726.803 0.128926512
55.675 1167751.481 0.129080401
55.757 1166818.756 0.129227903
55.836 1165928.731 0.129368957
55.911 1165081.505 0.129503504
55.982 1164277.171 0.129631491
56.050 1163515.819 0.129752864
56.114 1162797.534 0.129867572
56.175 1162122.396 0.129975568
56.232 1161490.481 0.130076806
56.285 1160901.859 0.130171245
56.334 1160356.597 0.130258844
56.379 1159854.756 0.130339568
56.421 1159396.392 0.130413380
56.459 1158981.557 0.130480252
56.492 1158610.299 0.130540153
56.522 1158282.658 0.130593059
56.548 1157998.672 0.130638947
56.570 1157758.373 0.130677798
56.588 1157561.788 0.130709595
56.602 1157408.938 0.130734325
56.612 1157299.842 0.130751977
56.618 1157234.512 0.130762543
56.620 1157212.953 0.130766020
56.618 1157235.169 0.130762405
56.612 1157301.156 0.130751700
56.602 1157410.906 0.130733910
56.588 1157564.407 0.130709043
56.570 1157761.640 0.130677109
56.548 1158002.583 0.130638123
56.522 1158287.207 0.130592100
56.493 1158615.480 0.130539060
56.459 1158987.364 0.130479027
56.421 1159402.816 0.130412025
56.380 1159861.788 0.130338083
56.334 1160364.228 0.130257233
56.285 1160910.078 0.130169509
56.232 1161499.276 0.130074947
56.175 1162131.756 0.129973588
56.115 1162807.445 0.129865475
56.051 1163526.267 0.129750652
55.983 1164288.141 0.129629167
55.911 1165092.981 0.129501072
55.836 1165940.698 0.129366418
55.758 1166831.195 0.129225261
55.676 1167764.375 0.129077661
55.590 1168740.132 0.128923676
55.501 1169758.361 0.128763369
55.409 1170818.947 0.128596806
55.314 1171921.774 0.128424054
55.215 1173066.722 0.128245182
55.113 1174253.666 0.128060261
55.008 1175482.477 0.127869365
54.900 1176753.022 0.127672570
54.789 1178065.164 0.127469951
54.675 1179418.762 0.127261589
54.558 1180813.673 0.127047564
54.438 1182249.747 0.126827959
54.315 1183726.834 0.126602857
54.190 1185244.777 0.126372344
54.062 1186803.418 0.126136506
53.932 1188402.595 0.125895433
53.798 1190042.143 0.125649214
53.663 1191721.891 0.125397939
53.525 1193441.669 0.125141701
53.384 1195201.301 0.124880592
53.242 1197000.610 0.124614707
53.097 1198839.413 0.124344140
52.950 1200717.528 0.124068987
52.800 1202634.768 0.123789344
52.649 1204590.944 0.123505309
52.496 1206585.862 0.123216980
52.340 1208619.330 0.122924455
52.183 1210691.151 0.122627832
52.024 1212801.124 0.122327211
51.863 1214949.049 0.122022692
51.701 1217134.722 0.121714374
51.537 1219357.937 0.121402357
51.371 1221618.487 0.121086743
51.204 1223916.161 0.120767630
51.035 1226250.749 0.120445119
50.865 1228622.036 0.120119310
50.693 1231029.808 0.119790304
50.520 1233473.848 0.119458200
50.346 1235953.938 0.119123098
50.170 1238469.858 0.118785098
49.994 1241021.387 0.118444298
49.816 1243608.304 0.118100797
49.637 1246230.383 0.117754693
49.457 1248887.401 0.117406084
49.276 1251579.131 0.117055068
49.095 1254305.348 0.116701740
48.912 1257065.823 0.116346197
48.728 1259860.327 0.115988533
48.544 1262688.632 0.115628844
48.359 1265550.507 0.115267223
48.173 1268445.722 0.114903763
47.987 1271374.044 0.114538556
47.799 1274335.243 0.114171693
47.612 1277329.087 0.113803265
47.423 1280355.342 0.113433361
47.235 1283413.775 0.113062069
47.045 1286504.154 0.112689476
46.856 1289626.245 0.112315670
46.666 1292779.814 0.111940734
46.475 1295964.628 0.111564754
46.284 1299180.454 0.111187813
46.093 1302427.057 0.110809992
45.902 1305704.204 0.110431373
45.710 1309011.662 0.110052034
45.518 1312349.198 0.109672055
45.326 1315716.579 0.109291513
45.134 1319113.572 0.108910484
44.941 1322539.945 0.108529042
44.749 1325995.467 0.108147262
44.556 1329479.905 0.107765216
44.364 1332993.028 0.107382975
44.171 1336534.608 0.107000609
43.979 1340104.413 0.106618187
43.786 1343702.214 0.106235776
43.593 1347327.783 0.105853442
43.401 1350980.893 0.105471251
43.209 1354661.315 0.105089265
43.016 1358368.824 0.104707547
42.824 1362103.194 0.104326159
42.632 1365864.200 0.103945159
42.441 1369651.618 0.103564608
42.249 1373465.226 0.103184561
42.058 1377304.801 0.102805075
41.867 1381170.123 0.102426205
41.676 1385060.970 0.102048004
41.486 1388977.125 0.101670525
41.295 1392918.369 0.101293819
41.105 1396884.484 0.100917935
40.916 1400875.256 0.100542923
40.726 1404890.469 0.100168830
40.537 1408929.910 0.099795701
40.349 1412993.366 0.099423583
40.161 1417080.626 0.099052519
39.973 1421191.479 0.098682552
39.785 1425325.717 0.098313723
39.598 1429483.132 0.097946073
39.412 1433663.518 0.097579642
39.226 1437866.668 0.097214467
39.040 1442092.380 0.096850587
38.855 1446340.450 0.096488036
38.670 1450610.678 0.096126850
38.485 1454902.863 0.095767063
38.302 1459216.806 0.095408709
38.118 1463552.310 0.095051818
37.935 1467909.179 0.094696422
37.753 1472287.218 0.094342550
37.571 1476686.234 0.093990233
37.390 1481106.035 0.093639497
37.209 1485546.430 0.093290370
37.029 1490007.229 0.092942879
36.849 1494488.245 0.092597047
36.670 1498989.292 0.092252900
36.491 1503510.184 0.091910461
36.313 1508050.738 0.091569753
36.136 1512610.771 0.091230798
35.959 1517190.102 0.090893616
35.782 1521788.553 0.090558227
35.607 1526405.944 0.090224652
35.432 1531042.098 0.089892907
35.257 1535696.842 0.089563012
35.083 1540370.001 0.089234984
34.910 1545061.402 0.088908838
34.737 1549770.874 0.088584590
34.564 1554498.248 0.088262256
34.393 1559243.355 0.087941848
34.222 1564006.028 0.087623382
34.051 1568786.103 0.087306870
33.882 1573583.414 0.086992323
33.712 1578397.800 0.086679754
33.544 1583229.098 0.086369175
33.376 1588077.150 0.086060594
33.209 1592941.796 0.085754022
33.042 1597822.879 0.085449469
32.876 1602720.244 0.085146942
32.710 1607633.736 0.084846451
32.545 1612563.201 0.084548004
32.381 1617508.490 0.084251606
32.217 1622469.450 0.083957265
32.054 1627445.933 0.083664987
31.892 1632437.791 0.083374779
31.730 1637444.878 0.083086644
31.569 1642467.049 0.082800589
31.409 1647504.161 0.082516617
31.249 1652556.070 0.082234732
31.089 1657622.636 0.081954939
30.931 1662703.719 0.081677240
30.773 1667799.180 0.081401638
30.615 1672908.883 0.081128137
30.459 1678032.691 0.080856737
30.302 1683170.469 0.080587440
30.147 1688322.085 0.080320249
29.992 1693487.406 0.080055165
29.838 1698666.301 0.079792187
29.684 1703858.640 0.079531318
29.531 1709064.296 0.079272556
29.378 1714283.140 0.079015902
29.226 1719515.047 0.078761356
29.075 1724759.891 0.078508917
28.924 1730017.550 0.078258585
28.774 1735287.900 0.078010358
28.625 1740570.821 0.077764235
28.476 1745866.193 0.077520215
28.328 1751173.895 0.077278296
28.180 1756493.811 0.077038476
28.033 1761825.824 0.076800753
27.887 1767169.817 0.076565125
27.741 1772525.678 0.076331590
27.596 1777893.292 0.076100144
27.451 1783272.547 0.075870786
27.307 1788663.332 0.075643511
27.163 1794065.537 0.075418318
27.020 1799479.053 0.075195204
26.878 1804903.772 0.074974163
26.736 1810339.587 0.074755195
26.595 1815786.393 0.074538294
26.454 1821244.084 0.074323457
26.314 1826712.557 0.074110681
26.175 1832191.708 0.073899962
26.036 1837681.437 0.073691295
25.898 1843181.643 0.073484677
25.760 1848692.225 0.073280104
25.623 1854213.085 0.073077572
25.486 1859744.125 0.072877076
25.350 1865285.249 0.072678612
25.214 1870836.360 0.072482176
25.079 1876397.364 0.072287764
24.945 1881968.166 0.072095372
24.811 1887548.674 0.071904994
24.678 1893138.794 0.071716627
24.545 1898738.437 0.071530266
24.412 1904347.512 0.071345906
24.281 1909965.929 0.071163544
24.149 1915593.600 0.070983174
24.019 1921230.436 0.070804793
23.889 1926876.352 0.070628395
23.759 1932531.261 0.070453977
23.630 1938195.078 0.070281533
23.501 1943867.719 0.070111060
23.373 1949549.101 0.069942553
23.245 1955239.140 0.069776008
23.118 1960937.755 0.069611421
22.992 1966644.865 0.069448786
22.866 1972360.390 0.069288100
22.740 1978084.250 0.069129359
22.615 1983816.367 0.068972558
22.490 1989556.662 0.068817693
22.366 1995305.060 0.068664761
22.243 2001061.483 0.068513757
22.120 2006825.856 0.068364677
21.997 2012598.104 0.068217518
21.875 2018378.154 0.068072275
21.753 2024165.931 0.067928945
21.632 2029961.363 0.067787524
21.511 2035764.378 0.067648009
21.391 2041574.905 0.067510396
21.271 2047392.873 0.067374682
21.152 2053218.213 0.067240863
21.033 2059050.855 0.067108936
20.915 2064890.732 0.066978899
20.797 2070737.774 0.066850747
20.679 2076591.916 0.066724479
20.562 2082453.090 0.066600091
20.446 2088321.231 0.066477581
20.330 2094196.274 0.066356946
20.214 2100078.153 0.066238183
20.099 2105966.806 0.066121291
