20.035 2105939.821 0.066220797
20.131 2101018.065 0.066317741
20.228 2096108.226 0.066415852
20.324 2091210.395 0.066515122
20.421 2086324.660 0.066615546
20.518 2081451.115 0.066717119
20.615 2076589.849 0.066819833
20.713 2071740.955 0.066923683
20.810 2066904.526 0.067028662
20.908 2062080.655 0.067134765
21.005 2057269.437 0.067241984
21.103 2052470.965 0.067350314
21.201 2047685.335 0.067459748
21.300 2042912.644 0.067570280
21.398 2038152.987 0.067681902
21.496 2033406.461 0.067794609
21.595 2028673.165 0.067908393
21.694 2023953.197 0.068023247
21.793 2019246.655 0.068139165
21.892 2014553.640 0.068256140
21.991 2009874.252 0.068374164
22.090 2005208.591 0.068493230
22.190 2000556.760 0.068613332
22.290 1995918.860 0.068734460
22.389 1991294.994 0.068856609
22.489 1986685.266 0.068979770
22.589 1982089.780 0.069103935
22.689 1977508.640 0.069229097
22.790 1972941.952 0.069355247
22.890 1968389.822 0.069482378
22.990 1963852.356 0.069610481
23.091 1959329.662 0.069739548
23.192 1954821.848 0.069869569
23.292 1950329.021 0.070000537
23.393 1945851.292 0.070132443
23.494 1941388.770 0.070265278
23.595 1936941.566 0.070399032
23.697 1932509.790 0.070533696
23.798 1928093.554 0.070669260
23.899 1923692.970 0.070805716
24.001 1919308.152 0.070943054
24.102 1914939.212 0.071081262
24.204 1910586.266 0.071220333
24.305 1906249.427 0.071360254
24.407 1901928.811 0.071501015
24.509 1897624.534 0.071642607
24.611 1893336.712 0.071785017
24.712 1889065.463 0.071928236
24.814 1884810.905 0.072072251
24.916 1880573.155 0.072217052
25.018 1876352.333 0.072362627
25.120 1872148.559 0.072508963
25.222 1867961.952 0.072656050
25.325 1863792.632 0.072803874
25.427 1859640.723 0.072952424
25.529 1855506.344 0.073101686
25.631 1851389.619 0.073251649
25.733 1847290.671 0.073402298
25.835 1843209.622 0.073553620
25.938 1839146.598 0.073705603
26.040 1835101.722 0.073858231
26.142 1831075.120 0.074011492
26.244 1827066.918 0.074165371
26.346 1823077.241 0.074319854
26.448 1819106.217 0.074474925
26.550 1815153.972 0.074630570
26.652 1811220.634 0.074786775
26.754 1807306.332 0.074943522
26.856 1803411.193 0.075100798
26.958 1799535.348 0.075258585
27.060 1795678.926 0.075416868
27.162 1791842.057 0.075575631
27.263 1788024.871 0.075734856
27.365 1784227.499 0.075894527
27.466 1780450.073 0.076054627
27.568 1776692.724 0.076215138
27.669 1772955.585 0.076376042
27.770 1769238.789 0.076537322
27.871 1765542.467 0.076698960
27.972 1761866.755 0.076860936
28.073 1758211.784 0.077023233
28.174 1754577.690 0.077185831
28.274 1750964.607 0.077348711
28.375 1747372.669 0.077511853
28.475 1743802.012 0.077675238
28.575 1740252.770 0.077838846
28.675 1736725.080 0.078002656
28.774 1733219.078 0.078166648
28.874 1729734.899 0.078330801
28.973 1726272.680 0.078495093
29.072 1722832.558 0.078659504
29.171 1719414.669 0.078824012
29.269 1716019.151 0.078988595
29.368 1712646.140 0.079153231
29.466 1709295.775 0.079317896
29.564 1705968.192 0.079482570
29.661 1702663.529 0.079647228
29.759 1699381.924 0.079811847
29.856 1696123.516 0.079976405
29.952 1692888.441 0.080140877
30.049 1689676.838 0.080305239
30.145 1686488.845 0.080469468
30.241 1683324.600 0.080633538
30.336 1680184.242 0.080797426
30.431 1677067.907 0.080961105
30.526 1673975.735 0.081124552
30.620 1670907.863 0.081287740
30.714 1667864.429 0.081450644
30.808 1664845.572 0.081613239
30.901 1661851.427 0.081775497
30.994 1658882.134 0.081937393
31.087 1655937.830 0.082098901
31.179 1653018.651 0.082259993
31.270 1650124.736 0.082420644
31.361 1647256.219 0.082580825
31.452 1644413.239 0.082740509
31.542 1641595.931 0.082899670
31.632 1638804.432 0.083058278
31.721 1636038.876 0.083216308
31.810 1633299.400 0.083373730
31.898 1630586.137 0.083530517
31.986 1627899.223 0.083686640
32.073 1625238.792 0.083842071
32.159 1622604.977 0.083996781
32.245 1619997.912 0.084150742
32.331 1617417.729 0.084303924
32.416 1614864.560 0.084456300
32.500 1612338.536 0.084607840
32.584 1609839.790 0.084758514
32.667 1607368.451 0.084908295
32.749 1604924.649 0.085057151
32.831 1602508.514 0.085205055
32.912 1600120.172 0.085351977
32.992 1597759.754 0.085497887
33.072 1595427.384 0.085642755
33.151 1593123.190 0.085786553
33.229 1590847.297 0.085929251
33.307 1588599.830 0.086070819
33.384 1586380.912 0.086211228
33.460 1584190.666 0.086350448
33.535 1582029.214 0.086488450
33.610 1579896.678 0.086625204
33.684 1577793.176 0.086760681
33.757 1575718.829 0.086894851
33.829 1573673.754 0.087027686
33.901 1571658.068 0.087159156
33.971 1569671.887 0.087289233
34.041 1567715.326 0.087417886
34.110 1565788.499 0.087545087
34.178 1563891.518 0.087670808
34.245 1562024.494 0.087795020
34.311 1560187.538 0.087917694
34.377 1558380.758 0.088038802
34.441 1556604.261 0.088158317
34.504 1554858.154 0.088276209
34.567 1553142.543 0.088392453
34.629 1551457.529 0.088507019
34.689 1549803.216 0.088619881
34.749 1548179.704 0.088731013
34.808 1546587.093 0.088840386
34.865 1545025.480 0.088947975
34.922 1543494.961 0.089053754
34.978 1541995.631 0.089157697
35.033 1540527.584 0.089259778
35.086 1539090.911 0.089359972
35.139 1537685.702 0.089458254
35.190 1536312.045 0.089554600
35.241 1534970.027 0.089648985
35.290 1533659.733 0.089741386
35.338 1532381.246 0.089831780
35.385 1531134.648 0.089920143
49.035 1254209.656 0.116748769
48.751 1258528.272 0.116193120
48.468 1262872.106 0.115639692
48.187 1267240.896 0.115088546
47.908 1271634.378 0.114539745
47.631 1276052.294 0.113993346
47.355 1280494.384 0.113449406
47.081 1284960.394 0.112907979
46.808 1289450.069 0.112369116
46.538 1293963.159 0.111832869
46.268 1298499.414 0.111299283
46.001 1303058.587 0.110768405
45.735 1307640.434 0.110240279
45.471 1312244.711 0.109714947
45.208 1316871.178 0.109192448
44.947 1321519.598 0.108672820
44.687 1326189.733 0.108156099
44.429 1330881.350 0.107642320
44.173 1335594.218 0.107131516
43.918 1340328.107 0.106623717
43.665 1345082.789 0.106118953
43.413 1349858.041 0.105617251
43.163 1354653.638 0.105118638
42.915 1359469.360 0.104623138
42.668 1364304.989 0.104130774
42.422 1369160.308 0.103641567
42.178 1374035.103 0.103155538
41.935 1378929.163 0.102672706
41.694 1383842.277 0.102193088
41.455 1388774.237 0.101716700
41.217 1393724.838 0.101243557
40.980 1398693.877 0.100773672
40.745 1403681.152 0.100307059
40.511 1408686.464 0.099843728
40.278 1413709.616 0.099383689
40.048 1418750.412 0.098926952
39.818 1423808.660 0.098473524
39.590 1428884.168 0.098023413
39.363 1433976.748 0.097576624
39.138 1439086.213 0.097133162
38.914 1444212.378 0.096693031
38.691 1449355.060 0.096256235
38.470 1454514.077 0.095822776
38.250 1459689.252 0.095392655
38.031 1464880.406 0.094965872
37.814 1470087.366 0.094542428
37.598 1475309.957 0.094122322
37.383 1480548.009 0.093705551
37.170 1485801.352 0.093292115
36.958 1491069.819 0.092882009
36.747 1496353.244 0.092475229
36.537 1501651.463 0.092071772
36.329 1506964.315 0.091671633
36.122 1512291.639 0.091274806
35.916 1517633.276 0.090881285
35.711 1522989.072 0.090491064
35.508 1528358.869 0.090104135
35.306 1533742.517 0.089720490
35.105 1539139.862 0.089340123
34.905 1544550.756 0.088963023
34.706 1549975.051 0.088589183
34.509 1555412.600 0.088218593
34.313 1560863.259 0.087851243
34.117 1566326.885 0.087487123
33.923 1571803.337 0.087126223
33.731 1577292.474 0.086768532
33.539 1582794.160 0.086414038
33.348 1588308.257 0.086062731
33.159 1593834.630 0.085714599
32.970 1599373.146 0.085369630
32.783 1604923.674 0.085027811
32.597 1610486.082 0.084689130
32.411 1616060.242 0.084353575
32.227 1621646.027 0.084021133
32.044 1627243.311 0.083691790
31.862 1632851.968 0.083365533
31.681 1638471.877 0.083042350
31.501 1644102.915 0.082722226
31.322 1649744.963 0.082405147
31.144 1655397.901 0.082091101
30.967 1661061.612 0.081780072
30.792 1666735.980 0.081472047
30.617 1672420.891 0.081167012
30.443 1678116.230 0.080864952
30.270 1683821.885 0.080565853
30.098 1689537.746 0.080269701
29.927 1695263.704 0.079976481
29.756 1700999.649 0.079686179
29.587 1706745.475 0.079398780
29.419 1712501.076 0.079114270
29.252 1718266.347 0.078832634
29.085 1724041.185 0.078553857
28.920 1729825.488 0.078277925
28.755 1735619.154 0.078004823
28.591 1741422.084 0.077734536
28.429 1747234.179 0.077467051
28.267 1753055.342 0.077202352
28.106 1758885.476 0.076940425
27.945 1764724.485 0.076681255
27.786 1770572.276 0.076424828
27.627 1776428.754 0.076171130
27.470 1782293.829 0.075920145
27.313 1788167.409 0.075671861
27.157 1794049.403 0.075426262
27.002 1799939.723 0.075183335
26.847 1805838.281 0.074943065
26.694 1811744.990 0.074705439
26.541 1817659.764 0.074470442
26.389 1823582.518 0.074238060
26.238 1829513.167 0.074008281
26.088 1835451.629 0.073781090
25.938 1841397.821 0.073556473
25.789 1847351.663 0.073334418
25.641 1853313.074 0.073114911
25.494 1859281.974 0.072897939
25.347 1865258.285 0.072683489
25.201 1871241.930 0.072471547
25.056 1877232.832 0.072262102
24.912 1883230.914 0.072055140
24.768 1889236.102 0.071850649
24.625 1895248.321 0.071648616
24.483 1901267.499 0.071449029
24.342 1907293.562 0.071251877
24.201 1913326.440 0.071057146
24.061 1919366.060 0.070864826
23.921 1925412.353 0.070674904
23.783 1931465.250 0.070487369
23.645 1937524.682 0.070302210
23.507 1943590.581 0.070119415
23.371 1949662.880 0.069938974
23.235 1955741.512 0.069760875
23.099 1961826.413 0.069585108
22.965 1967917.517 0.069411662
22.830 1974014.760 0.069240527
22.697 1980118.079 0.069071693
22.564 1986227.411 0.068905149
22.432 1992342.693 0.068740886
22.300 1998463.865 0.068578894
22.170 2004590.866 0.068419164
22.039 2010723.635 0.068261687
21.910 2016862.113 0.068106452
21.780 2023006.243 0.067953452
21.652 2029155.964 0.067802678
21.524 2035311.220 0.067654121
21.397 2041471.955 0.067507772
21.270 2047638.111 0.067363624
21.144 2053809.633 0.067221669
21.018 2059986.466 0.067081899
20.893 2066168.556 0.066944306
20.769 2072355.849 0.066808884
20.645 2078548.291 0.066675624
20.522 2084745.830 0.066544520
20.399 2090948.414 0.066415566
20.277 2097155.990 0.066288755
20.155 2103368.509 0.066164080
20.034 2109585.918 0.066041536
