20.035 2104926.224 0.066270417
20.152 2098979.522 0.066387932
20.269 2093039.364 0.066507372
20.386 2087105.814 0.066628741
20.504 2081178.935 0.066752041
20.622 2075258.789 0.066877275
20.741 2069345.443 0.067004447
20.860 2063438.960 0.067133559
20.980 2057539.406 0.067264616
21.100 2051646.849 0.067397620
21.221 2045761.355 0.067532576
21.342 2039882.991 0.067669487
21.464 2034011.827 0.067808356
21.586 2028147.931 0.067949189
21.709 2022291.373 0.068091989
21.832 2016442.224 0.068236759
21.956 2010600.555 0.068383506
22.080 2004766.437 0.068532232
22.204 1998939.945 0.068682942
22.330 1993121.150 0.068835641
22.455 1987310.127 0.068990334
22.581 1981506.951 0.069147025
22.708 1975711.698 0.069305719
22.835 1969924.444 0.069466420
22.963 1964145.266 0.069629135
23.092 1958374.243 0.069793867
23.220 1952611.453 0.069960622
23.350 1946856.975 0.070129405
23.480 1941110.891 0.070300221
23.610 1935373.281 0.070473075
23.741 1929644.228 0.070647973
23.873 1923923.813 0.070824919
24.005 1918212.122 0.071003920
24.137 1912509.238 0.071184981
24.271 1906815.248 0.071368106
24.404 1901130.237 0.071553302
24.539 1895454.292 0.071740573
24.674 1889787.502 0.071929926
24.809 1884129.955 0.072121365
24.945 1878481.742 0.072314897
25.082 1872842.954 0.072510526
25.219 1867213.681 0.072708258
25.357 1861594.018 0.072908098
25.495 1855984.056 0.073110053
25.634 1850383.892 0.073314126
25.773 1844793.620 0.073520325
25.913 1839213.336 0.073728653
26.054 1833643.140 0.073939116
26.195 1828083.128 0.074151720
26.337 1822533.400 0.074366470
26.480 1816994.058 0.074583370
26.623 1811465.202 0.074802426
26.767 1805946.935 0.075023643
26.911 1800439.360 0.075247026
27.056 1794942.583 0.075472579
27.202 1789456.708 0.075700308
27.348 1783981.843 0.075930216
27.495 1778518.096 0.076162309
27.642 1773065.575 0.076396590
27.790 1767624.391 0.076633065
27.939 1762194.654 0.076871736
28.088 1756776.477 0.077112609
28.238 1751369.974 0.077355687
28.389 1745975.258 0.077600974
28.540 1740592.446 0.077848473
28.692 1735221.655 0.078098187
28.845 1729863.002 0.078350121
28.998 1724516.606 0.078604276
29.152 1719182.589 0.078860656
29.307 1713861.071 0.079119263
29.462 1708552.176 0.079380100
29.618 1703256.028 0.079643168
29.774 1697972.751 0.079908470
29.931 1692702.472 0.080176007
30.089 1687445.320 0.080445781
30.248 1682201.423 0.080717792
30.407 1676970.911 0.080992042
30.567 1671753.916 0.081268530
30.727 1666550.570 0.081547258
30.889 1661361.009 0.081828225
31.051 1656185.367 0.082111431
31.213 1651023.781 0.082396875
31.376 1645876.389 0.082684555
31.540 1640743.331 0.082974471
31.705 1635624.747 0.083266620
31.870 1630520.780 0.083561001
32.036 1625431.572 0.083857610
32.203 1620357.270 0.084156445
32.370 1615298.018 0.084457501
32.538 1610253.966 0.084760776
32.707 1605225.260 0.085066264
32.877 1600212.053 0.085373960
33.047 1595214.496 0.085683861
33.218 1590232.742 0.085995958
33.389 1585266.945 0.086310247
33.561 1580317.262 0.086626719
33.734 1575383.850 0.086945369
33.908 1570466.869 0.087266187
34.082 1565566.478 0.087589164
34.257 1560682.840 0.087914293
34.433 1555816.117 0.088241563
34.609 1550966.475 0.088570963
34.786 1546134.080 0.088902482
34.964 1541319.099 0.089236109
35.142 1536521.701 0.089571831
35.322 1531742.059 0.089909635
35.501 1526980.342 0.090249507
35.682 1522236.726 0.090591432
35.863 1517511.385 0.090935396
36.045 1512804.495 0.091281382
36.227 1508116.236 0.091629373
36.410 1503446.787 0.091979352
36.594 1498796.328 0.092331300
36.779 1494165.043 0.092685197
36.964 1489553.115 0.093041024
37.149 1484960.730 0.093398759
37.336 1480388.075 0.093758380
37.523 1475835.340 0.094119866
37.711 1471302.713 0.094483190
37.899 1466790.387 0.094848330
38.088 1462298.554 0.095215259
38.277 1457827.410 0.095583951
38.468 1453377.150 0.095954377
38.658 1448947.971 0.096326510
38.850 1444540.073 0.096700319
39.042 1440153.657 0.097075773
39.234 1435788.923 0.097452841
39.428 1431446.076 0.097831489
39.621 1427125.320 0.098211684
39.816 1422826.861 0.098593390
40.011 1418550.907 0.098976571
40.206 1414297.667 0.099361189
40.402 1410067.352 0.099747205
40.598 1405860.173 0.100134581
40.795 1401676.343 0.100523273
40.993 1397516.077 0.100913240
41.191 1393379.590 0.101304439
41.389 1389267.101 0.101696825
41.588 1385178.826 0.102090350
41.788 1381114.987 0.102484969
41.987 1377075.804 0.102880631
42.188 1373061.499 0.103277288
42.388 1369072.295 0.103674888
42.589 1365108.418 0.104073377
42.791 1361170.093 0.104472702
42.992 1357257.547 0.104872808
43.194 1353371.009 0.105273637
43.397 1349510.706 0.105675132
43.600 1345676.871 0.106077232
43.803 1341869.733 0.106479878
44.006 1338089.525 0.106883006
44.210 1334336.481 0.107286552
44.413 1330610.834 0.107690452
44.617 1326912.820 0.108094639
44.821 1323242.674 0.108499045
45.026 1319600.634 0.108903600
45.230 1315986.937 0.109308233
45.435 1312401.821 0.109712873
45.639 1308845.525 0.110117446
45.844 1305318.288 0.110521875
46.049 1301820.353 0.110926086
46.254 1298351.958 0.111330000
46.458 1294913.345 0.111733537
46.663 1291504.757 0.112136618
46.867 1288126.436 0.112539159
47.072 1284778.623 0.112941078
47.276 1281461.563 0.113342289
47.480 1278175.499 0.113742708
47.684 1274920.674 0.114142245
47.888 1271697.331 0.114540813
48.091 1268505.715 0.114938321
48.294 1265346.069 0.115334679
48.497 1262218.637 0.115729794
48.699 1259123.663 0.116123571
48.901 1256061.390 0.116515917
49.102 1253032.062 0.116906735
49.303 1250035.921 0.117295929
49.503 1247073.211 0.117683399
49.703 1244144.174 0.118069047
49.902 1241249.051 0.118452772
50.100 1238388.083 0.118834474
50.298 1235561.512 0.119214050
50.495 1232769.577 0.119591396
50.690 1230012.518 0.119966410
50.885 1227290.572 0.120338986
51.079 1224603.977 0.120709019
51.273 1221952.970 0.121076403
51.464 1219337.785 0.121441031
51.655 1216758.657 0.121802796
51.845 1214215.819 0.122161590
52.034 1211709.501 0.122517304
52.221 1209239.935 0.122869829
52.407 1206807.348 0.123219057
52.591 1204411.968 0.123564878
52.774 1202054.019 0.123907182
52.956 1199733.726 0.124245860
53.136 1197451.310 0.124580801
53.314 1195206.991 0.124911896
53.490 1193000.986 0.125239035
53.665 1190833.511 0.125562107
53.838 1188704.779 0.125881004
54.009 1186615.002 0.126195617
54.178 1184564.388 0.126505835
54.345 1182553.143 0.126811551
54.510 1180581.471 0.127112657
54.673 1178649.573 0.127409046
54.834 1176757.647 0.127700610
54.992 1174905.889 0.127987243
55.148 1173094.491 0.128268842
55.301 1171323.643 0.128545301
55.452 1169593.530 0.128816517
55.600 1167904.336 0.129082388
55.746 1166256.242 0.129342814
55.889 1164649.422 0.129597694
56.029 1163084.051 0.129846931
56.166 1161560.299 0.130090427
56.300 1160078.330 0.130328087
56.432 1158638.307 0.130559819
56.560 1157240.388 0.130785528
56.685 1155884.729 0.131005126
56.807 1154571.479 0.131218524
56.925 1153300.785 0.131425635
57.040 1152072.790 0.131626375
57.152 1150887.631 0.131820662
57.260 1149745.443 0.132008415
57.364 1148646.356 0.132189557
57.465 1147590.494 0.132364012
57.563 1146577.979 0.132531707
57.656 1145608.927 0.132692571
57.746 1144683.449 0.132846536
57.832 1143801.652 0.132993537
57.914 1142963.640 0.133133510
57.992 1142169.508 0.133266396
58.066 1141419.351 0.133392138
58.136 1140713.255 0.133510681
58.202 1140051.304 0.133621973
58.263 1139433.576 0.133725966
58.321 1138860.143 0.133822615
58.374 1138331.073 0.133911877
58.423 1137846.429 0.133993713
58.467 1137406.268 0.134068087
58.508 1137010.644 0.134134965
58.544 1136659.602 0.134194319
58.575 1136353.185 0.134246122
58.602 1136091.430 0.134290351
58.625 1135874.367 0.134326986
58.643 1135702.024 0.134356010
58.657 1135574.421 0.134377411
58.666 1135491.573 0.134391179
58.671 1135453.490 0.134397307
58.671 1135460.177 0.134395793
58.667 1135511.634 0.134386637
70.195 1046898.674 0.151292177
70.050 1047722.851 0.151116584
69.898 1048594.733 0.150931255
69.740 1049514.201 0.150736281
69.574 1050481.128 0.150531760
69.403 1051495.382 0.150317790
69.224 1052556.824 0.150094476
69.040 1053665.311 0.149861927
68.850 1054820.691 0.149620254
68.654 1056022.811 0.149369574
68.453 1057271.508 0.149110006
68.247 1058566.617 0.148841672
68.035 1059907.964 0.148564700
67.819 1061295.374 0.148279219
67.598 1062728.663 0.147985360
67.373 1064207.644 0.147683261
67.144 1065732.125 0.147373057
66.911 1067301.909 0.147054891
66.673 1068916.795 0.146728905
66.433 1070576.576 0.146395246
66.188 1072281.041 0.146054060
65.941 1074029.975 0.145705497
65.690 1075823.160 0.145349710
65.437 1077660.372 0.144986850
65.181 1079541.383 0.144617074
64.922 1081465.963 0.144240536
64.661 1083433.878 0.143857396
64.397 1085444.888 0.143467812
64.132 1087498.753 0.143071942
63.864 1089595.227 0.142669949
63.594 1091734.062 0.142261993
63.323 1093915.007 0.141848235
63.050 1096137.807 0.141428839
62.776 1098402.207 0.141003967
62.500 1100707.946 0.140573782
62.223 1103054.763 0.140138446
61.945 1105442.392 0.139698122
61.665 1107870.567 0.139252974
61.385 1110339.018 0.138803163
61.104 1112847.476 0.138348851
60.822 1115395.666 0.137890199
60.539 1117983.314 0.137427368
60.256 1120610.143 0.136960519
59.973 1123275.875 0.136489810
59.689 1125980.231 0.136015399
59.404 1128722.930 0.135537444
59.119 1131503.689 0.135056100
58.835 1134322.225 0.134571523
58.549 1137178.254 0.134083865
58.264 1140071.491 0.133593278
57.979 1143001.650 0.133099915
57.694 1145968.443 0.132603922
57.409 1148971.583 0.132105449
57.124 1152010.783 0.131604640
56.840 1155085.754 0.131101640
56.555 1158196.208 0.130596590
56.271 1161341.855 0.130089633
55.988 1164522.407 0.129580905
55.705 1167737.575 0.129070544
55.422 1170987.069 0.128558684
55.140 1174270.601 0.128045458
54.858 1177587.883 0.127530996
54.577 1180938.625 0.127015427
54.296 1184322.540 0.126498877
54.016 1187739.340 0.125981470
53.737 1191188.739 0.125463328
53.459 1194670.449 0.124944571
53.181 1198184.185 0.124425316
52.904 1201729.662 0.123905679
52.628 1205306.595 0.123385773
52.352 1208914.701 0.122865707
52.078 1212553.698 0.122345592
51.804 1216223.304 0.121825533
51.531 1219923.238 0.121305633
51.260 1223653.221 0.120785995
50.989 1227412.974 0.120266718
50.719 1231202.221 0.119747899
50.450 1235020.685 0.119229633
50.182 1238868.092 0.118712012
49.915 1242744.169 0.118195126
49.649 1246648.643 0.117679063
49.384 1250581.244 0.117163910
49.120 1254541.702 0.116649750
48.857 1258529.751 0.116136663
48.595 1262545.124 0.115624730
48.335 1266587.556 0.115114026
48.075 1270656.785 0.114604628
47.817 1274752.549 0.114096607
47.559 1278874.588 0.113590034
47.303 1283022.644 0.113084977
47.048 1287196.462 0.112581503
46.794 1291395.786 0.112079677
46.541 1295620.363 0.111579560
46.289 1299869.942 0.111081213
46.039 1304144.275 0.110584695
45.789 1308443.113 0.110090061
45.541 1312766.210 0.109597367
45.294 1317113.323 0.109106664
45.048 1321484.210 0.108618004
44.803 1325878.631 0.108131436
44.560 1330296.346 0.107647007
44.318 1334737.121 0.107164763
44.076 1339200.719 0.106684747
43.836 1343686.910 0.106207001
43.598 1348195.461 0.105731566
43.360 1352726.144 0.105258480
43.123 1357278.733 0.104787781
42.888 1361853.002 0.104319504
42.654 1366448.728 0.103853684
42.421 1371065.690 0.103390352
42.189 1375703.670 0.102929541
41.959 1380362.449 0.102471279
41.730 1385041.813 0.102015595
41.501 1389741.549 0.101562516
41.274 1394461.444 0.101112067
41.048 1399201.290 0.100664273
40.824 1403960.879 0.100219156
40.600 1408740.005 0.099776739
40.378 1413538.465 0.099337041
40.157 1418356.058 0.098900082
39.937 1423192.582 0.098465880
39.718 1428047.841 0.098034452
39.500 1432921.637 0.097605815
39.283 1437813.779 0.097179982
39.068 1442724.072 0.096756968
38.854 1447652.326 0.096336785
38.641 1452598.354 0.095919445
38.429 1457561.969 0.095504959
38.218 1462542.985 0.095093337
38.008 1467541.220 0.094684588
37.799 1472556.493 0.094278720
37.592 1477588.625 0.093875741
37.385 1482637.438 0.093475656
37.180 1487702.757 0.093078471
36.975 1492784.408 0.092684191
36.772 1497882.218 0.092292821
36.570 1502996.018 0.091904364
36.369 1508125.639 0.091518821
36.169 1513270.915 0.091136196
35.970 1518431.680 0.090756490
35.773 1523607.771 0.090379703
35.576 1528799.026 0.090005836
35.380 1534005.286 0.089634887
35.186 1539226.393 0.089266857
34.992 1544462.189 0.088901742
34.799 1549712.521 0.088539542
34.608 1554977.235 0.088180253
34.417 1560256.178 0.087823872
34.228 1565549.203 0.087470396
34.039 1570856.159 0.087119820
33.852 1576176.900 0.086772140
33.665 1581511.282 0.086427352
33.480 1586859.160 0.086085448
33.295 1592220.392 0.085746425
33.112 1597594.838 0.085410276
32.929 1602982.360 0.085076993
32.748 1608382.818 0.084746572
32.567 1613796.078 0.084419003
32.387 1619222.004 0.084094281
32.209 1624660.465 0.083772397
32.031 1630111.327 0.083453343
31.854 1635574.462 0.083137111
31.678 1641049.739 0.082823692
31.503 1646537.033 0.082513078
31.329 1652036.216 0.082205260
31.156 1657547.165 0.081900228
30.984 1663069.756 0.081597973
30.812 1668603.867 0.081298486
30.642 1674149.378 0.081001757
30.472 1679706.170 0.080707775
30.304 1685274.124 0.080416531
30.136 1690853.124 0.080128015
29.969 1696443.056 0.079842215
29.803 1702043.804 0.079559123
29.637 1707655.256 0.079278726
29.473 1713277.301 0.079001015
29.310 1718909.828 0.078725978
29.147 1724552.729 0.078453605
28.985 1730205.895 0.078183885
28.824 1735869.219 0.077916806
28.664 1741542.597 0.077652358
28.504 1747225.923 0.077390530
28.346 1752919.095 0.077131309
28.188 1758622.011 0.076874686
28.031 1764334.570 0.076620648
27.875 1770056.671 0.076369185
27.719 1775788.217 0.076120285
27.565 1781529.109 0.075873937
27.411 1787279.251 0.075630129
27.258 1793038.548 0.075388851
27.106 1798806.905 0.075150090
26.954 1804584.228 0.074913837
26.803 1810370.427 0.074680078
26.653 1816165.408 0.074448804
26.504 1821969.082 0.074220003
26.355 1827781.359 0.073993664
26.207 1833602.152 0.073769776
26.060 1839431.372 0.073548327
25.914 1845268.933 0.073329307
25.768 1851114.750 0.073112705
25.623 1856968.738 0.072898509
25.479 1862830.814 0.072686710
25.335 1868700.895 0.072477296
25.192 1874578.899 0.072270256
25.050 1880464.745 0.072065581
24.909 1886358.353 0.071863259
24.768 1892259.645 0.071663280
24.628 1898168.541 0.071465634
24.488 1904084.964 0.071270311
24.349 1910008.838 0.071077300
24.211 1915940.087 0.070886591
24.074 1921878.635 0.070698175
23.937 1927824.410 0.070512042
23.800 1933777.337 0.070328182
23.665 1939737.344 0.070146586
23.530 1945704.360 0.069967243
23.395 1951678.312 0.069790145
23.262 1957659.132 0.069615283
23.129 1963646.749 0.069442647
22.996 1969641.095 0.069272228
22.864 1975642.103 0.069104019
22.733 1981649.703 0.068938009
22.602 1987663.831 0.068774191
22.472 1993684.420 0.068612556
22.343 1999711.406 0.068453096
22.214 2005744.723 0.068295803
22.085 2011784.308 0.068140668
21.958 2017830.098 0.067987685
21.831 2023882.031 0.067836846
21.704 2029940.045 0.067688142
21.578 2036004.078 0.067541567
21.452 2042074.071 0.067397113
21.327 2048149.964 0.067254774
21.203 2054231.697 0.067114543
21.079 2060319.212 0.066976413
20.956 2066412.451 0.066840378
20.833 2072511.357 0.066706431
20.711 2078615.873 0.066574567
20.589 2084725.943 0.066444779
20.468 2090841.511 0.066317061
20.348 2096962.523 0.066191408
20.227 2103088.923 0.066067815
20.108 2109220.659 0.065946277
