20.084 2100570.736 0.066412385
20.206 2094345.114 0.066536801
20.329 2088124.417 0.066663384
20.453 2081908.696 0.066792140
20.577 2075698.002 0.066923077
20.701 2069492.388 0.067056200
20.826 2063291.906 0.067191517
20.952 2057096.609 0.067329035
21.078 2050906.550 0.067468760
21.205 2044721.786 0.067610702
21.332 2038542.369 0.067754866
21.460 2032368.355 0.067901262
21.589 2026199.802 0.068049898
21.718 2020036.765 0.068200782
21.848 2013879.301 0.068353922
21.978 2007727.469 0.068509327
22.109 2001581.328 0.068667007
22.241 1995440.936 0.068826970
22.373 1989306.353 0.068989226
22.506 1983177.641 0.069153784
22.640 1977054.860 0.069320655
22.774 1970938.072 0.069489848
22.909 1964827.340 0.069661373
23.044 1958722.727 0.069835240
23.180 1952624.297 0.070011461
23.317 1946532.115 0.070190046
23.455 1940446.246 0.070371005
23.593 1934366.757 0.070554349
23.732 1928293.714 0.070740091
23.871 1922227.185 0.070928241
24.012 1916167.239 0.071118811
24.153 1910113.945 0.071311812
24.294 1904067.372 0.071507256
24.437 1898027.593 0.071705156
24.580 1891994.677 0.071905524
24.724 1885968.698 0.072108371
24.868 1879949.729 0.072313711
25.013 1873937.844 0.072521556
25.159 1867933.118 0.072731919
25.306 1861935.626 0.072944812
25.454 1855945.446 0.073160249
25.602 1849962.655 0.073378244
25.751 1843987.331 0.073598808
25.901 1838019.553 0.073821956
26.052 1832059.402 0.074047702
26.203 1826106.959 0.074276059
26.355 1820162.306 0.074507040
26.508 1814225.525 0.074740661
26.662 1808296.702 0.074976934
26.817 1802375.921 0.075215874
26.972 1796463.267 0.075457495
27.128 1790558.828 0.075701812
27.285 1784662.692 0.075948838
27.443 1778774.948 0.076198589
27.602 1772895.685 0.076451079
27.762 1767024.994 0.076706323
27.922 1761162.969 0.076964335
28.084 1755309.701 0.077225130
28.246 1749465.285 0.077488722
28.409 1743629.817 0.077755128
28.573 1737803.393 0.078024362
28.738 1731986.110 0.078296438
28.904 1726178.068 0.078571371
29.071 1720379.365 0.078849178
29.239 1714590.104 0.079129872
29.407 1708810.386 0.079413469
29.577 1703040.315 0.079699983
29.747 1697279.995 0.079989431
29.919 1691529.532 0.080281826
30.091 1685789.034 0.080577184
30.265 1680058.609 0.080875520
30.439 1674338.366 0.081176848
30.615 1668628.416 0.081481184
30.791 1662928.871 0.081788542
30.968 1657239.846 0.082098937
31.147 1651561.454 0.082412384
31.326 1645893.812 0.082728897
31.507 1640237.038 0.083048491
31.688 1634591.251 0.083371180
31.871 1628956.570 0.083696978
32.054 1623333.118 0.084025899
32.239 1617721.018 0.084357958
32.425 1612120.394 0.084693167
32.612 1606531.372 0.085031541
32.800 1600954.081 0.085373093
32.989 1595388.649 0.085717836
33.179 1589835.206 0.086065783
33.370 1584293.885 0.086416947
33.563 1578764.820 0.086771340
33.756 1573248.145 0.087128975
33.951 1567743.997 0.087489863
34.147 1562252.515 0.087854016
34.344 1556773.838 0.088221445
34.542 1551308.109 0.088592162
34.742 1545855.470 0.088966177
34.942 1540416.067 0.089343501
35.144 1534990.045 0.089724142
35.347 1529577.554 0.090108111
35.552 1524178.742 0.090495417
35.757 1518793.763 0.090886068
35.964 1513422.769 0.091280073
36.172 1508065.915 0.091677439
36.381 1502723.359 0.092078174
36.592 1497395.259 0.092482283
36.804 1492081.776 0.092889773
37.017 1486783.073 0.093300650
37.231 1481499.313 0.093714918
37.447 1476230.663 0.094132582
37.664 1470977.291 0.094553644
37.883 1465739.366 0.094978109
38.103 1460517.062 0.095405979
38.324 1455310.550 0.095837254
38.546 1450120.008 0.096271935
38.770 1444945.613 0.096710022
38.996 1439787.544 0.097151515
39.222 1434645.983 0.097596412
39.450 1429521.114 0.098044710
39.680 1424413.122 0.098496405
39.911 1419322.196 0.098951493
40.143 1414248.525 0.099409968
40.377 1409192.300 0.099871824
40.613 1404153.716 0.100337054
40.850 1399132.969 0.100805648
41.088 1394130.256 0.101277597
41.328 1389145.779 0.101752891
41.569 1384179.739 0.102231516
41.812 1379232.340 0.102713461
42.056 1374303.790 0.103198710
42.302 1369394.298 0.103687247
42.550 1364504.074 0.104179055
42.799 1359633.331 0.104674116
43.050 1354782.285 0.105172411
43.302 1349951.153 0.105673916
43.556 1345140.156 0.106178610
43.811 1340349.514 0.106686469
44.068 1335579.453 0.107197466
44.327 1330830.198 0.107711573
44.587 1326101.979 0.108228762
44.849 1321395.026 0.108749002
45.112 1316709.572 0.109272260
45.378 1312045.852 0.109798501
45.645 1307404.105 0.110327689
45.913 1302784.570 0.110859787
46.184 1298187.489 0.111394754
46.456 1293613.106 0.111932548
46.729 1289061.669 0.112473125
47.005 1284533.425 0.113016440
47.282 1280028.626 0.113562444
47.561 1275547.524 0.114111087
47.842 1271090.376 0.114662317
48.124 1266657.439 0.115216080
48.408 1262248.973 0.115772317
48.694 1257865.239 0.116330972
48.982 1253506.503 0.116891981
49.271 1249173.029 0.117455281
49.563 1244865.088 0.118020807
49.856 1240582.948 0.118588489
50.151 1236326.884 0.119158257
50.448 1232097.169 0.119730036
50.746 1227894.081 0.120303751
51.047 1223717.898 0.120879322
51.349 1219568.902 0.121456669
51.653 1215447.374 0.122035707
51.960 1211353.600 0.122616350
52.267 1207287.867 0.123198507
52.577 1203250.462 0.123782087
52.889 1199241.677 0.124366995
53.202 1195261.804 0.124953132
53.518 1191311.136 0.125540398
53.835 1187389.970 0.126128690
54.154 1183498.603 0.126717900
54.476 1179637.333 0.127307920
54.799 1175806.462 0.127898637
55.123 1172006.291 0.128489936
55.450 1168237.124 0.129081698
55.779 1164499.267 0.129673804
56.110 1160793.025 0.130266127
56.442 1157118.706 0.130858543
56.777 1153476.620 0.131450920
57.113 1149867.076 0.132043126
57.452 1146290.386 0.132635024
57.792 1142746.862 0.133226477
58.134 1139236.817 0.133817342
58.478 1135760.565 0.134407474
58.824 1132318.421 0.134996726
59.172 1128910.701 0.135584948
59.522 1125537.721 0.136171987
59.874 1122199.797 0.136757686
60.227 1118897.248 0.137341887
60.583 1115630.390 0.137924428
60.940 1112399.542 0.138505145
61.300 1109205.022 0.139083871
61.661 1106047.147 0.139660438
62.024 1102926.236 0.140234672
62.389 1099842.607 0.140806401
62.756 1096796.577 0.141375447
63.125 1093788.464 0.141941631
63.496 1090818.584 0.142504773
63.868 1087887.254 0.143064689
64.242 1084994.789 0.143621193
64.618 1082141.505 0.144174100
64.996 1079327.714 0.144723218
65.376 1076553.729 0.145268359
65.758 1073819.861 0.145809329
66.141 1071126.421 0.146345935
66.526 1068473.718 0.146877981
66.913 1065862.057 0.147405271
67.301 1063291.745 0.147927607
67.691 1060763.083 0.148444791
68.083 1058276.375 0.148956622
68.477 1055831.918 0.149462902
68.872 1053430.009 0.149963428
69.269 1051070.942 0.150458001
69.668 1048755.009 0.150946418
70.068 1046482.499 0.151428479
70.470 1044253.697 0.151903982
70.873 1042068.887 0.152372725
71.278 1039928.346 0.152834509
71.684 1037832.353 0.153289134
72.092 1035781.179 0.153736400
72.501 1033775.093 0.154176108
72.912 1031814.360 0.154608063
73.324 1029899.241 0.155032068
73.738 1028029.994 0.155447930
74.153 1026206.869 0.155855456
74.569 1024430.117 0.156254456
74.987 1022699.979 0.156644741
75.405 1021016.696 0.157026126
75.825 1019380.499 0.157398428
76.247 1017791.619 0.157761466
76.669 1016250.279 0.158115062
77.093 1014756.697 0.158459042
77.517 1013311.085 0.158793236
77.943 1011913.651 0.159117475
78.370 1010564.595 0.159431595
78.797 1009264.114 0.159735438
79.226 1008012.395 0.160028846
79.655 1006809.624 0.160311670
80.086 1005655.975 0.160583761
80.517 1004551.619 0.160844977
80.949 1003496.721 0.161095182
81.381 1002491.437 0.161334242
81.814 1001535.918 0.161562031
82.248 1000630.307 0.161778427
82.682 999774.740 0.161983313
83.117 998969.347 0.162176579
83.551 998214.251 0.162358120
83.986 997509.564 0.162527836
84.421 996855.397 0.162685636
84.856 996251.847 0.162831432
85.291 995699.009 0.162965144
85.724 995196.966 0.163086698
86.157 994745.797 0.163196027
86.588 994345.570 0.163293070
87.016 993996.348 0.163377773
87.440 993698.184 0.163450088
87.857 993451.125 0.163509975
88.262 993255.208 0.163557401
88.644 993110.465 0.163592338
88.977 993016.917 0.163614767
89.195 992974.579 0.163624675
89.200 992983.457 0.163622056
88.988 993043.549 0.163606912
88.659 993154.847 0.163579251
88.278 993317.333 0.163539088
87.874 993530.980 0.163486446
87.457 993795.757 0.163421354
87.034 994111.620 0.163343848
86.606 994478.522 0.163253970
86.175 994896.405 0.163151772
85.742 995365.204 0.163037309
85.309 995884.847 0.162910645
84.875 996455.254 0.162771849
84.440 997076.335 0.162620998
84.005 997747.997 0.162458175
83.571 998470.136 0.162283468
83.136 999242.641 0.162096972
82.702 1000065.395 0.161898790
82.268 1000938.273 0.161689027
81.835 1001861.143 0.161467796
81.402 1002833.865 0.161235216
80.970 1003856.294 0.160991411
80.538 1004928.275 0.160736509
80.107 1006049.651 0.160470646
79.677 1007220.253 0.160193959
79.248 1008439.910 0.159906594
78.820 1009708.441 0.159608698
78.393 1011025.663 0.159300425
77.966 1012391.381 0.158981932
77.541 1013805.401 0.158653381
77.117 1015267.516 0.158314936
76.694 1016777.519 0.157966766
76.272 1018335.195 0.157609044
75.851 1019940.322 0.157241945
75.432 1021592.677 0.156865647
75.013 1023292.027 0.156480334
74.596 1025038.137 0.156086188
74.180 1026830.766 0.155683396
73.766 1028669.670 0.155272147
73.353 1030554.598 0.154852633
72.941 1032485.295 0.154425046
72.531 1034461.504 0.153989581
72.122 1036482.962 0.153546434
71.715 1038549.402 0.153095802
71.309 1040660.553 0.152637885
70.905 1042816.143 0.152172881
70.502 1045015.892 0.151700990
70.101 1047259.520 0.151222414
69.701 1049546.744 0.150737353
69.304 1051877.276 0.150246009
68.907 1054250.827 0.149748584
68.513 1056667.103 0.149245278
68.120 1059125.809 0.148736292
67.728 1061626.648 0.148221828
67.339 1064169.320 0.147702084
66.951 1066753.523 0.147177261
66.565 1069378.952 0.146647556
66.180 1072045.303 0.146113166
65.798 1074752.266 0.145574288
65.417 1077499.533 0.145031116
65.038 1080286.793 0.144483844
64.660 1083113.735 0.143932663
64.285 1085980.045 0.143377764
63.911 1088885.409 0.142819335
63.540 1091829.511 0.142257562
63.170 1094812.037 0.141692630
62.802 1097832.669 0.141124722
62.435 1100891.091 0.140554017
62.071 1103986.984 0.139980693
61.709 1107120.031 0.139404927
61.348 1110289.913 0.138826892
60.989 1113496.313 0.138246758
60.633 1116738.913 0.137664694
60.278 1120017.393 0.137080865
59.925 1123331.437 0.136495436
59.574 1126680.727 0.135908566
59.225 1130064.945 0.135320413
58.877 1133483.775 0.134731131
58.532 1136936.901 0.134140874
58.189 1140424.006 0.133549790
57.847 1143944.778 0.132958026
57.508 1147498.901 0.132365726
57.170 1151086.063 0.131773029
56.834 1154705.951 0.131180074
56.501 1158358.256 0.130586996
56.169 1162042.666 0.129993926
55.839 1165758.874 0.129400993
55.511 1169506.572 0.128808323
55.185 1173285.454 0.128216039
54.860 1177095.216 0.127624261
54.538 1180935.554 0.127033106
54.218 1184806.167 0.126442688
53.899 1188706.754 0.125853118
53.583 1192637.017 0.125264505
53.268 1196596.660 0.124676954
52.955 1200585.387 0.124090568
52.644 1204602.904 0.123505446
52.335 1208648.921 0.122921684
52.028 1212723.147 0.122339378
51.722 1216825.294 0.121758617
51.419 1220955.077 0.121179492
51.117 1225112.210 0.120602086
50.817 1229296.413 0.120026485
50.519 1233507.405 0.119452767
50.223 1237744.907 0.118881011
49.929 1242008.644 0.118311291
49.637 1246298.341 0.117743682
49.346 1250613.727 0.117178252
49.057 1254954.532 0.116615069
48.770 1259320.488 0.116054199
48.485 1263711.330 0.115495705
48.201 1268126.793 0.114939646
47.919 1272566.617 0.114386082
47.639 1277030.543 0.113835068
47.361 1281518.314 0.113286657
47.084 1286029.675 0.112740902
46.810 1290564.374 0.112197851
46.537 1295122.160 0.111657552
46.265 1299702.786 0.111120050
45.996 1304306.006 0.110585388
45.728 1308931.576 0.110053607
45.461 1313579.256 0.109524746
45.197 1318248.805 0.108998844
44.934 1322939.987 0.108475935
44.672 1327652.568 0.107956053
44.413 1332386.315 0.107439230
44.155 1337140.999 0.106925497
43.898 1341916.390 0.106414881
43.643 1346712.265 0.105907410
43.390 1351528.399 0.105403110
43.139 1356364.571 0.104902003
42.889 1361220.562 0.104404112
42.640 1366096.156 0.103909458
42.393 1370991.137 0.103418060
42.148 1375905.294 0.102929937
41.904 1380838.416 0.102445104
41.662 1385790.295 0.101963578
41.421 1390760.726 0.101485371
41.182 1395749.504 0.101010498
40.944 1400756.429 0.100538969
40.708 1405781.299 0.100070795
40.473 1410823.919 0.099605984
40.239 1415884.093 0.099144546
40.007 1420961.628 0.098686488
39.777 1426056.333 0.098231815
39.548 1431168.018 0.097780532
39.320 1436296.496 0.097332644
39.094 1441441.584 0.096888153
38.869 1446603.097 0.096447063
38.646 1451780.855 0.096009374
38.424 1456974.679 0.095575087
38.203 1462184.392 0.095144201
37.984 1467409.818 0.094716716
37.766 1472650.786 0.094292630
37.549 1477907.123 0.093871941
37.334 1483178.660 0.093454644
37.120 1488465.231 0.093040737
36.907 1493766.669 0.092630214
36.696 1499082.810 0.092223071
36.486 1504413.495 0.091819301
36.277 1509758.561 0.091418899
36.070 1515117.851 0.091021857
35.863 1520491.209 0.090628168
35.658 1525878.480 0.090237825
35.454 1531279.511 0.089850818
35.252 1536694.152 0.089467140
35.050 1542122.252 0.089086779
34.850 1547563.664 0.088709728
34.651 1553018.243 0.088335976
34.453 1558485.843 0.087965511
34.257 1563966.323 0.087598325
34.061 1569459.541 0.087234404
33.867 1574965.358 0.086873738
33.674 1580483.636 0.086516315
33.482 1586014.239 0.086162123
33.291 1591557.032 0.085811149
33.101 1597111.883 0.085463380
32.913 1602678.659 0.085118805
32.725 1608257.231 0.084777409
32.539 1613847.470 0.084439179
32.353 1619449.249 0.084104102
32.169 1625062.443 0.083772164
31.986 1630686.928 0.083443351
31.804 1636322.580 0.083117649
31.622 1641969.279 0.082795043
31.442 1647626.905 0.082475520
31.263 1653295.339 0.082159065
31.085 1658974.464 0.081845664
30.908 1664664.165 0.081535301
30.732 1670364.328 0.081227961
30.557 1676074.838 0.080923631
30.383 1681795.585 0.080622295
30.210 1687526.458 0.080323938
30.038 1693267.348 0.080028545
29.867 1699018.146 0.079736101
29.697 1704778.747 0.079446591
29.527 1710549.045 0.079159999
29.359 1716328.936 0.078876311
29.192 1722118.316 0.078595512
29.025 1727917.085 0.078317586
28.860 1733725.140 0.078042518
28.695 1739542.384 0.077770292
28.532 1745368.717 0.077500895
28.369 1751204.042 0.077234311
28.207 1757048.264 0.076970524
28.046 1762901.287 0.076709520
27.886 1768763.018 0.076451284
27.726 1774633.364 0.076195800
27.568 1780512.233 0.075943055
27.410 1786399.534 0.075693033
27.253 1792295.178 0.075445720
27.097 1798199.076 0.075201101
26.942 1804111.141 0.074959161
26.788 1810031.286 0.074719886
26.634 1815959.426 0.074483262
26.482 1821895.476 0.074249275
26.330 1827839.352 0.074017910
26.179 1833790.972 0.073789153
26.029 1839750.254 0.073562990
25.879 1845717.117 0.073339408
25.730 1851691.482 0.073118392
25.582 1857673.268 0.072899930
25.435 1863662.399 0.072684008
25.289 1869658.797 0.072470612
25.143 1875662.386 0.072259729
24.998 1881673.090 0.072051346
24.854 1887690.835 0.071845451
24.710 1893715.546 0.071642030
24.567 1899747.152 0.071441071
24.425 1905785.579 0.071242561
24.284 1911830.757 0.071046489
24.143 1917882.615 0.070852841
24.003 1923941.084 0.070661606
23.864 1930006.094 0.070472772
23.725 1936077.576 0.070286327
23.587 1942155.465 0.070102260
23.450 1948239.693 0.069920560
23.313 1954330.194 0.069741214
23.178 1960426.903 0.069564213
23.042 1966529.756 0.069389545
22.908 1972638.689 0.069217200
22.774 1978753.638 0.069047167
22.640 1984874.542 0.068879435
22.508 1991001.338 0.068713996
22.376 1997133.967 0.068550838
22.244 2003272.366 0.068389952
22.114 2009416.478 0.068231328
21.983 2015566.242 0.068074957
21.854 2021721.600 0.067920830
21.725 2027882.495 0.067768938
21.597 2034048.870 0.067619272
21.469 2040220.668 0.067471823
21.342 2046397.833 0.067326583
21.215 2052580.310 0.067183544
21.089 2058768.044 0.067042698
20.964 2064960.981 0.066904036
20.839 2071159.068 0.066767552
20.715 2077362.252 0.066633238
20.591 2083570.480 0.066501087
20.468 2089783.700 0.066371092
20.345 2096001.862 0.066243246
20.223 2102224.915 0.066117542
20.101 2108452.808 0.065993975
288815.580 0.931
279371.503 0.942
269927.148 0.952
260482.523 0.961
251037.639 0.969
241592.506 0.976
232147.131 0.982
222701.526 0.987
213255.699 0.991
203809.659 0.994
194363.417 0.996
184916.980 0.998
175470.360 0.999
166023.565 0.999
156576.605 1.000
147129.489 1.000
137682.226 1.000
128234.826 1.000
118787.298 1.000
109339.652 1.000
99891.898 1.000
90444.044 1.000
80996.099 1.000
71548.074 1.000
62099.978 1.000
52651.820 1.000
43203.610 1.000
33755.356 1.000
24307.069 1.000
14858.758 1.000
5410.432 1.000
4037.900 1.000
13486.227 1.000
22934.541 1.000
32382.833 1.000
41831.091 1.000
51279.309 1.000
60727.475 1.000
70175.581 1.000
79623.617 1.000
89071.573 1.000
98519.441 1.000
107967.211 1.000
117414.873 1.000
126862.419 1.000
136309.838 1.000
145757.121 1.000
155204.259 1.000
164651.242 0.999
174098.062 0.999
183544.708 0.998
192991.172 0.996
202437.443 0.994
211883.513 0.991
221329.372 0.988
230775.010 0.983
240220.418 0.977
249665.588 0.970
259110.508 0.962
268555.171 0.953
277999.566 0.943
287443.685 0.933
296887.517 0.921
306331.053 0.908
315774.285 0.895
325217.202 0.881
334659.795 0.867
344102.055 0.852
353543.972 0.837
362985.537 0.822
372426.741 0.806
381867.574 0.791
391308.027 0.775
400748.089 0.759
410187.753 0.744
419627.009 0.728
429065.846 0.713
438504.257 0.697
447942.230 0.682
457379.758 0.667
466816.830 0.653
476253.437 0.638
485689.570 0.624
495125.220 0.610
504560.376 0.597
513995.030 0.583
523429.172 0.570
532862.793 0.558
542295.883 0.545
551728.433 0.533
561160.434 0.521
570591.876 0.510
580022.750 0.499
589453.046 0.488
598882.756 0.477
608311.868 0.467
617740.376 0.456
627168.268 0.447
636595.535 0.437
646022.169 0.428
655448.159 0.419
664873.497 0.410
674298.172 0.401
683722.176 0.393
693145.500 0.385
702568.133 0.377
711990.066 0.369
721411.290 0.361
730831.796 0.354
740251.575 0.347
749670.616 0.340
759088.911 0.333
768506.449 0.327
777923.223 0.320
787339.222 0.314
796754.437 0.308
806168.858 0.302
815582.477 0.296
824995.283 0.291
834407.269 0.285
843818.423 0.280
853228.737 0.275
862638.201 0.270
872046.806 0.265
881454.543 0.260
890861.402 0.255
900267.374 0.251
909672.450 0.246
919076.620 0.242
928479.875 0.238
937882.205 0.234
947283.601 0.230
956684.054 0.226
966083.554 0.222
975482.092 0.218
984879.659 0.215
994276.245 0.211
1003671.841 0.208
1013066.438 0.204
1022460.026 0.201
1031852.596 0.198
1041244.138 0.194
1050634.643 0.191
1060024.103 0.188
1069412.506 0.185
1078799.845 0.183
1088186.110 0.180
1097571.291 0.177
1106955.379 0.174
1116338.365 0.172
1125720.239 0.169
1135100.992 0.166
1144480.615 0.164
1153859.099 0.162
1163236.433 0.159
1172612.609 0.157
1181987.617 0.155
1191361.449 0.152
1200734.094 0.150
1210105.543 0.148
1219475.788 0.146
1228844.818 0.144
1238212.625 0.142
1247579.198 0.140
1256944.530 0.138
1266308.609 0.136
1275671.428 0.134
1285032.977 0.133
1294393.246 0.131
1303752.226 0.129
1313109.908 0.127
1322466.282 0.126
1331821.339 0.124
1341175.071 0.122
1350527.466 0.121
1359878.517 0.119
1369228.214 0.118
1378576.548 0.116
1387923.508 0.115
1397269.087 0.113
1406613.275 0.112
1415956.061 0.111
1425297.438 0.109
1434637.396 0.108
1443975.925 0.107
1453313.016 0.105
1462648.660 0.104
1471982.848 0.103
1481315.570 0.102
1490646.817 0.100
1499976.579 0.099
1509304.848 0.098
1518631.614 0.097
1527956.868 0.096
1537280.601 0.095
1546602.802 0.094
1555923.464 0.093
1565242.577 0.091
1574560.130 0.090
1583876.116 0.089
1593190.525 0.088
1602503.348 0.087
1611814.575 0.087
1621124.196 0.086
1630432.204 0.085
1639738.588 0.084
1649043.339 0.083
1658346.449 0.082
1667647.907 0.081
1676947.704 0.080
1686245.832 0.079
1695542.281 0.079
1704837.041 0.078
1714130.104 0.077
1723421.460 0.076
1732711.100 0.075
1741999.014 0.075
1751285.194 0.074
1760569.630 0.073
1769852.314 0.072
1779133.234 0.072
1788412.384 0.071
1797689.752 0.070
1806965.331 0.069
1816239.110 0.069
1825511.081 0.068
1834781.234 0.067
1844049.560 0.067
1853316.050 0.066
1862580.694 0.066
1871843.484 0.065
1881104.410 0.064
1890363.463 0.064
1899620.634 0.063
1908875.913 0.062
1918129.291 0.062
1927380.760 0.061
1936630.309 0.061
1945877.930 0.060
1955123.614 0.060
1964367.351 0.059
1973609.131 0.059
1982848.947 0.058
1992086.788 0.058
2001322.646 0.057
2010556.511 0.057
2019788.374 0.056
2029018.225 0.056
2038246.057 0.055
2047471.859 0.055
2056695.622 0.054
2065917.337 0.054
2075136.995 0.053
2084354.587 0.053
2093570.104 0.052
2102783.536 0.052
2111994.874 0.051
2121204.109 0.051
2130411.233 0.051
2139616.234 0.050
2148819.106 0.050
2158019.838 0.049
2167218.421 0.049
2176414.846 0.048
2185609.104 0.048
2194801.186 0.048
2203991.082 0.047
2213178.784 0.047
2222364.282 0.047
2231547.567 0.046
2240728.631 0.046
2249907.463 0.045
2259084.055 0.045
2268258.397 0.045
2277430.481 0.044
2286600.298 0.044
2295767.838 0.044
2304933.091 0.043
2314096.050 0.043
2323256.704 0.043
2332415.046 0.042
2341571.065 0.042
2350724.752 0.042
2359876.099 0.041
2369025.096 0.041
2378171.734 0.041
2387316.004 0.040
2396457.897 0.040
2405597.404 0.040
2414734.516 0.040
2423869.223 0.039
2433001.517 0.039
2442131.388 0.039
2451258.828 0.038
2460383.827 0.038
2469506.376 0.038
2478626.467 0.038
2487744.089 0.037
2496859.235 0.037
2505971.894 0.037
2515082.058 0.037
2524189.718 0.036
2533294.864 0.036
2542397.488 0.036
2551497.581 0.035
2560595.133 0.035
2569690.136 0.035
2578782.580 0.035
2587872.456 0.035
2596959.755 0.034
2606044.469 0.034
2615126.588 0.034
2624206.103 0.034
2633283.006 0.033
2642357.286 0.033
2651428.935 0.033
2660497.945 0.033
2669564.305 0.032
2678628.007 0.032
2687689.042 0.032
2696747.401 0.032
2705803.075 0.032
2714856.055 0.031
2723906.332 0.031
2732953.897 0.031
2741998.740 0.031
2751040.853 0.031
2760080.227 0.030
2769116.853 0.030
2778150.722 0.030
2787181.825 0.030
2796210.152 0.030
2805235.696 0.029
2814258.446 0.029
2823278.394 0.029
2832295.531 0.029
2841309.848 0.029
2850321.336 0.029
2859329.986 0.028
2868335.789 0.028
2877338.736 0.028
2886338.819 0.028
2895336.027 0.028
2904330.352 0.028
2913321.786 0.027
2922310.319 0.027
2931295.943 0.027
2940278.648 0.027
2949258.425 0.027
2958235.266 0.027
2967209.161 0.026
2976180.102 0.026
2985148.079 0.026
2994113.085 0.026
3003075.109 0.026
3012034.143 0.026
3020990.179 0.025
3029943.206 0.025
3038893.217 0.025
3047840.201 0.025
3056784.152 0.025
3065725.058 0.025
3074662.913 0.025
3083597.705 0.024
3092529.428 0.024
3101458.072 0.024
3110383.627 0.024
3119306.086 0.024
3128225.439 0.024
3137141.677 0.024
3146054.792 0.023
3154964.774 0.023
3163871.615 0.023
3172775.306 0.023
3181675.838 0.023
3190573.202 0.023
3199467.389 0.023
3208358.391 0.023
3217246.198 0.022
3226130.802 0.022
3235012.194 0.022
3243890.365 0.022
3252765.307 0.022
3261637.009 0.022
3270505.464 0.022
3279370.663 0.022
3288232.597 0.022
3297091.257 0.021
3305946.634 0.021
3314798.719 0.021
3323647.504 0.021
3332492.980 0.021
3341335.138 0.021
3350173.969 0.021
3359009.465 0.021
3367841.616 0.021
3376670.414 0.020
3385495.850 0.020
3394317.915 0.020
3403136.601 0.020
3411951.898 0.020
3420763.799 0.020
3429572.293 0.020
3438377.373 0.020
3447179.029 0.020
3455977.253 0.020
3464772.037 0.019
3473563.370 0.019
3482351.246 0.019
3491135.654 0.019
3499916.586 0.019
3508694.034 0.019
3517467.988 0.019
3526238.440 0.019
3535005.381 0.019
3543768.802 0.019
3552528.696 0.018
3561285.052 0.018
3570037.862 0.018
3578787.118 0.018
3587532.811 0.018
3596274.932 0.018
3605013.473 0.018
3613748.424 0.018
3622479.777 0.018
3631207.524 0.018
3639931.655 0.018
3648652.162 0.018
3657369.037 0.017
3666082.270 0.017
3674791.853 0.017
3683497.777 0.017
3692200.034 0.017
3700898.615 0.017
3709593.511 0.017
3718284.714 0.017
3726972.215 0.017
3735656.005 0.017
3744336.076 0.017
3753012.419 0.017
3761685.025 0.016
3770353.886 0.016
3779018.993 0.016
3787680.338 0.016
3796337.911 0.016
3804991.705 0.016
3813641.711 0.016
3822287.920 0.016
3830930.323 0.016
3839568.912 0.016
3848203.678 0.016
3856834.613 0.016
3865461.708 0.016
3874084.954 0.016
3882704.344 0.015
3891319.867 0.015
3899931.517 0.015
3908539.283 0.015
3917143.159 0.015
3925743.134 0.015
3934339.200 0.015
3805427.185 0.016
3792004.875 0.016
3778578.790 0.016
3765148.943 0.016
3751715.347 0.017
3738278.016 0.017
3724836.963 0.017
3711392.201 0.017
3697943.745 0.017
3684491.607 0.017
3671035.800 0.017
3657576.339 0.017
3644113.236 0.018
3630646.505 0.018
3617176.159 0.018
3603702.212 0.018
3590224.677 0.018
3576743.568 0.018
3563258.898 0.018
3549770.680 0.019
3536278.928 0.019
3522783.655 0.019
3509284.875 0.019
3495782.601 0.019
3482276.847 0.019
3468767.626 0.019
3455254.951 0.020
3441738.837 0.020
3428219.295 0.020
3414696.341 0.020
3401169.987 0.020
3387640.246 0.020
3374107.133 0.020
3360570.661 0.021
3347030.843 0.021
3333487.693 0.021
3319941.224 0.021
3306391.449 0.021
3292838.383 0.021
3279282.039 0.022
3265722.429 0.022
3252159.569 0.022
3238593.470 0.022
3225024.148 0.022
3211451.614 0.023
3197875.883 0.023
3184296.969 0.023
3170714.884 0.023
3157129.642 0.023
3143541.257 0.024
3129949.743 0.024
3116355.112 0.024
3102757.379 0.024
3089156.557 0.024
3075552.659 0.025
3061945.700 0.025
3048335.692 0.025
3034722.649 0.025
3021106.585 0.025
3007487.513 0.026
2993865.446 0.026
2980240.400 0.026
2966612.386 0.026
2952981.418 0.027
2939347.511 0.027
2925710.677 0.027
2912070.931 0.027
2898428.285 0.028
2884782.754 0.028
2871134.351 0.028
2857483.090 0.028
2843828.983 0.029
2830172.045 0.029
2816512.290 0.029
2802849.731 0.030
2789184.381 0.030
2775516.254 0.030
2761845.365 0.030
2748171.725 0.031
2734495.350 0.031
2720816.252 0.031
2707134.445 0.032
2693449.944 0.032
2679762.760 0.032
2666072.909 0.033
2652380.404 0.033
2638685.258 0.033
2624987.485 0.034
2611287.099 0.034
2597584.113 0.034
2583878.541 0.035
2570170.397 0.035
2556459.693 0.035
2542746.445 0.036
2529030.665 0.036
2515312.368 0.037
2501591.566 0.037
2487868.274 0.037
2474142.505 0.038
2460414.273 0.038
2446683.591 0.039
2432950.474 0.039
2419214.934 0.039
2405476.986 0.040
2391736.644 0.040
2377993.920 0.041
2364248.829 0.041
2350501.384 0.042
2336751.598 0.042
2322999.487 0.043
2309245.063 0.043
2295488.340 0.044
2281729.332 0.044
2267968.052 0.045
2254204.514 0.045
2240438.732 0.046
2226670.719 0.046
2212900.490 0.047
2199128.058 0.047
2185353.437 0.048
2171576.639 0.049
2157797.680 0.049
2144016.573 0.050
2130233.331 0.051
2116447.969 0.051
2102660.500 0.052
2088870.937 0.052
2075079.295 0.053
2061285.587 0.054
2047489.826 0.055
2033692.028 0.055
2019892.205 0.056
2006090.371 0.057
1992286.539 0.058
1978480.725 0.058
1964672.941 0.059
1950863.200 0.060
1937051.518 0.061
1923237.908 0.062
1909422.382 0.062
1895604.956 0.063
1881785.643 0.064
1867964.456 0.065
1854141.410 0.066
1840316.517 0.067
1826489.793 0.068
1812661.250 0.069
1798830.903 0.070
1784998.765 0.071
1771164.850 0.072
1757329.172 0.073
1743491.744 0.074
1729652.581 0.076
1715811.696 0.077
1701969.102 0.078
1688124.815 0.079
1674278.846 0.080
1660431.211 0.082
1646581.923 0.083
1632730.996 0.084
1618878.443 0.086
1605024.279 0.087
1591168.516 0.089
1577311.170 0.090
1563452.254 0.092
1549591.781 0.093
1535729.765 0.095
1521866.221 0.096
1508001.161 0.098
1494134.601 0.100
1480266.552 0.102
1466397.031 0.104
1452526.049 0.105
1438653.621 0.107
1424779.762 0.109
1410904.483 0.111
1397027.801 0.113
1383149.727 0.116
1369270.277 0.118
1355389.463 0.120
1341507.300 0.122
1327623.802 0.125
1313738.982 0.127
1299852.854 0.130
1285965.432 0.132
1272076.730 0.135
1258186.762 0.138
1244295.541 0.141
1230403.081 0.144
1216509.397 0.147
1202614.501 0.150
1188718.408 0.153
1174821.132 0.156
1160922.687 0.160
1147023.085 0.163
1133122.342 0.167
1119220.471 0.171
1105317.485 0.175
1091413.399 0.179
1077508.227 0.183
1063601.982 0.187
1049694.679 0.192
1035786.330 0.196
1021876.950 0.201
1007966.553 0.206
994055.152 0.211
980142.762 0.216
966229.396 0.222
952315.069 0.228
938399.793 0.234
924483.583 0.240
910566.453 0.246
896648.416 0.253
882729.487 0.259
868809.679 0.267
854889.006 0.274
840967.482 0.282
827045.121 0.290
813121.936 0.298
799197.942 0.306
785273.153 0.315
771347.582 0.325
757421.243 0.334
743494.150 0.345
729566.316 0.355
715637.757 0.366
701708.485 0.377
687778.515 0.389
673847.860 0.401
659916.534 0.414
645984.551 0.428
632051.925 0.442
618118.670 0.456
604184.799 0.471
590250.328 0.487
576315.268 0.503
562379.635 0.520
548443.442 0.537
534506.703 0.556
520569.432 0.574
506631.643 0.594
492693.349 0.614
478754.565 0.635
464815.305 0.656
450875.581 0.678
436935.409 0.700
422994.802 0.723
409053.774 0.746
395112.338 0.769
381170.510 0.792
367228.301 0.815
353285.728 0.838
339342.802 0.860
325399.539 0.881
311455.952 0.901
297512.055 0.920
283567.861 0.937
269623.386 0.952
255678.642 0.965
241733.643 0.976
227788.404 0.984
213842.938 0.991
199897.259 0.995
185951.381 0.998
172005.318 0.999
158059.084 1.000
144112.693 1.000
130166.158 1.000
116219.493 1.000
102272.713 1.000
5255391.522 0.008
5248648.461 0.009
5241901.193 0.009
5235149.728 0.009
5228394.078 0.009
5221634.253 0.009
5214870.263 0.009
5208102.120 0.009
5201329.835 0.009
5194553.418 0.009
5187772.879 0.009
5180988.231 0.009
5174199.483 0.009
5167406.648 0.009
5160609.734 0.009
5153808.755 0.009
5147003.720 0.009
5140194.641 0.009
5133381.529 0.009
5126564.395 0.009
5119743.249 0.009
5112918.104 0.009
5106088.971 0.009
5099255.860 0.009
5092418.783 0.009
5085577.751 0.009
5078732.776 0.009
5071883.868 0.009
5065031.040 0.009
5058174.303 0.009
5051313.667 0.009
5044449.145 0.009
5037580.748 0.009
5030708.488 0.009
5023832.376 0.009
5016952.423 0.009
5010068.642 0.009
5003181.044 0.009
4996289.641 0.009
4989394.445 0.009
4982495.466 0.009
4975592.718 0.009
4968686.211 0.009
4961775.959 0.010
4954861.972 0.010
4947944.262 0.010
4941022.842 0.010
4934097.724 0.010
4927168.919 0.010
4920236.440 0.010
4913300.299 0.010
4906360.507 0.010
4899417.078 0.010
4892470.023 0.010
4885519.355 0.010
4878565.086 0.010
4871607.228 0.010
4864645.793 0.010
4857680.794 0.010
4850712.244 0.010
4843740.155 0.010
4836764.539 0.010
4829785.410 0.010
4822802.779 0.010
4815816.659 0.010
4808827.063 0.010
4801834.003 0.010
4794837.493 0.010
4787837.545 0.010
4780834.173 0.010
4773827.388 0.010
4766817.203 0.010
4759803.633 0.010
4752786.689 0.010
4745766.386 0.010
4738742.735 0.010
4731715.750 0.010
4724685.444 0.010
4717651.830 0.011
4710614.923 0.011
4703574.734 0.011
4696531.277 0.011
4689484.566 0.011
4682434.614 0.011
4675381.435 0.011
4668325.042 0.011
4661265.449 0.011
4654202.668 0.011
4647136.715 0.011
4640067.602 0.011
4632995.344 0.011
4625919.954 0.011
4618841.446 0.011
4611759.834 0.011
4604675.132 0.011
4597587.353 0.011
4590496.513 0.011
4583402.624 0.011
4576305.702 0.011
4569205.760 0.011
4562102.812 0.011
4554996.874 0.011
4547887.958 0.011
4540776.080 0.011
4533661.254 0.011
4526543.495 0.011
4519422.817 0.011
4512299.234 0.011
4505172.762 0.012
4498043.415 0.012
4490911.207 0.012
4483776.154 0.012
4476638.271 0.012
4469497.572 0.012
4462354.073 0.012
4455207.788 0.012
4448058.732 0.012
4440906.922 0.012
4433752.371 0.012
4426595.095 0.012
4419435.110 0.012
4412272.431 0.012
4405107.073 0.012
4397939.052 0.012
4390768.384 0.012
4383595.083 0.012
4376419.166 0.012
4369240.649 0.012
4362059.547 0.012
4354875.877 0.012
4347689.653 0.012
4340500.893 0.012
4333309.612 0.012
4326115.826 0.012
4318919.552 0.013
4311720.806 0.013
4304519.604 0.013
4297315.962 0.013
4290109.898 0.013
4282901.427 0.013
4275690.566 0.013
4268477.332 0.013
4261261.742 0.013
4254043.812 0.013
4246823.559 0.013
4239601.001 0.013
4232376.154 0.013
4225149.035 0.013
4217919.662 0.013
4210688.051 0.013
4203454.221 0.013
4196218.188 0.013
4188979.970 0.013
4181739.585 0.013
4174497.050 0.013
4167252.383 0.013
4160005.602 0.014
4152756.724 0.014
4145505.767 0.014
4138252.750 0.014
4130997.691 0.014
4123740.607 0.014
4116481.517 0.014
4109220.440 0.014
4101957.393 0.014
4094692.396 0.014
4087425.467 0.014
4080156.625 0.014
4072885.887 0.014
4065613.275 0.014
4058338.805 0.014
4051062.498 0.014
4043784.372 0.014
4036504.446 0.014
4029222.741 0.014
4021939.275 0.014
4014654.067 0.014
4007367.138 0.015
4000078.508 0.015
3992788.195 0.015
3985496.220 0.015
3978202.602 0.015
3970907.363 0.015
3963610.521 0.015
3956312.097 0.015
3949012.113 0.015
3941710.587 0.015
3934407.541 0.015
3927102.995 0.015
3919796.971 0.015
3912489.488 0.015
3905180.569 0.015
3897870.233 0.015
3890558.503 0.015
3883245.400 0.015
3875930.944 0.016
3868615.158 0.016
3861298.064 0.016
3853979.682 0.016
3846660.035 0.016
3839339.145 0.016
3832017.035 0.016
3824693.725 0.016
3817369.239 0.016
3810043.599 0.016
3802716.827 0.016
3795388.947 0.016
3788059.981 0.016
3780729.952 0.016
3773398.883 0.016
3766066.798 0.016
3758733.719 0.017
3751399.670 0.017
3744064.675 0.017
3736728.758 0.017
3729391.942 0.017
3722054.251 0.017
3714715.709 0.017
3707376.341 0.017
3700036.172 0.017
3692695.225 0.017
3685353.525 0.017
3678011.097 0.017
3670667.966 0.017
3663324.157 0.017
3655979.696 0.017
3648634.607 0.018
3641288.917 0.018
3633942.651 0.018
3626595.834 0.018
3619248.493 0.018
3611900.655 0.018
3604552.344 0.018
3597203.588 0.018
3589854.414 0.018
3582504.847 0.018
3575154.916 0.018
3567804.647 0.018
3560454.067 0.018
3553103.204 0.018
3545752.085 0.019
3538400.739 0.019
3531049.192 0.019
3523697.474 0.019
3516345.613 0.019
3508993.636 0.019
3501641.573 0.019
3494289.453 0.019
3486937.303 0.019
3479585.155 0.019
3472233.037 0.019
3464880.978 0.019
3457529.008 0.019
3450177.158 0.020
3442825.457 0.020
3435473.935 0.020
3428122.624 0.020
3420771.554 0.020
3413420.755 0.020
3406070.260 0.020
3398720.099 0.020
3391370.304 0.020
3384020.906 0.020
3376671.938 0.020
3369323.431 0.021
3361975.419 0.021
3354627.933 0.021
3347281.007 0.021
3339934.673 0.021
3332588.965 0.021
3325243.916 0.021
3317899.560 0.021
3310555.931 0.021
3303213.064 0.021
3295870.992 0.021
3288529.750 0.022
3281189.373 0.022
3273849.897 0.022
3266511.356 0.022
3259173.786 0.022
3251837.224 0.022
3244501.704 0.022
3237167.265 0.022
3229833.942 0.022
3222501.772 0.022
3215170.793 0.023
3207841.041 0.023
3200512.555 0.023
3193185.373 0.023
3185859.533 0.023
3178535.073 0.023
3171212.032 0.023
3163890.450 0.023
3156570.366 0.023
3149251.819 0.023
3141934.849 0.024
3134619.497 0.024
3127305.804 0.024
3119993.809 0.024
3112683.555 0.024
3105375.083 0.024
3098068.435 0.024
3090763.652 0.024
3083460.778 0.024
3076159.854 0.025
3068860.925 0.025
3061564.034 0.025
3054269.223 0.025
3046976.538 0.025
3039686.023 0.025
3032397.723 0.025
3025111.682 0.025
3017827.946 0.026
3010546.562 0.026
3003267.575 0.026
2995991.031 0.026
2988716.979 0.026
2981445.464 0.026
2974176.535 0.026
2966910.240 0.026
2959646.627 0.027
2952385.745 0.027
2945127.644 0.027
2937872.372 0.027
2930619.980 0.027
2923370.518 0.027
2916124.038 0.027
2908880.589 0.027
2901640.225 0.028
2894402.997 0.028
2887168.957 0.028
2879938.159 0.028
2872710.656 0.028
2865486.501 0.028
2858265.750 0.028
2851048.456 0.029
2843834.674 0.029
2836624.462 0.029
2829417.874 0.029
2822214.967 0.029
2815015.798 0.029
2807820.425 0.029
2800628.905 0.030
2793441.298 0.030
2786257.662 0.030
2779078.057 0.030
2771902.542 0.030
2764731.179 0.030
2757564.028 0.030
2750401.151 0.031
2743242.610 0.031
2736088.467 0.031
2728938.787 0.031
2721793.632 0.031
2714653.067 0.031
2707517.156 0.032
2700385.966 0.032
2693259.562 0.032
2686138.010 0.032
2679021.378 0.032
2671909.735 0.032
2664803.147 0.033
2657701.684 0.033
2650605.415 0.033
2643514.411 0.033
2636428.743 0.033
2629348.482 0.033
2622273.700 0.034
2615204.470 0.034
2608140.865 0.034
2601082.959 0.034
2594030.828 0.034
2586984.545 0.035
2579944.189 0.035
2572909.835 0.035
2565881.561 0.035
2558859.444 0.035
2551843.565 0.035
2544834.002 0.036
2537830.836 0.036
2530834.149 0.036
2523844.021 0.036
2516860.535 0.036
2509883.776 0.037
2502913.826 0.037
2495950.771 0.037
2488994.697 0.037
2482045.690 0.037
2475103.837 0.038
2468169.227 0.038
2461241.949 0.038
2454322.091 0.038
2447409.746 0.039
2440505.003 0.039
2433607.957 0.039
2426718.699 0.039
2419837.324 0.039
2412963.927 0.040
2406098.604 0.040
2399241.451 0.040
2392392.566 0.040
2385552.048 0.040
2378719.996 0.041
2371896.511 0.041
2365081.694 0.041
2358275.648 0.041
2351478.475 0.042
2344690.281 0.042
2337911.171 0.042
2331141.250 0.042
2324380.627 0.043
2317629.409 0.043
2310887.707 0.043
2304155.630 0.043
2297433.291 0.044
2290720.801 0.044
2284018.275 0.044
2277325.827 0.044
2270643.573 0.045
2263971.630 0.045
2257310.116 0.045
2250659.151 0.045
2244018.854 0.046
2237389.348 0.046
2230770.756 0.046
2224163.200 0.046
2217566.806 0.047
2210981.700 0.047
2204408.011 0.047
2197845.865 0.048
2191295.395 0.048
2184756.730 0.048
2178230.003 0.048
2171715.348 0.049
2165212.900 0.049
2158722.796 0.049
2152245.172 0.050
2145780.168 0.050
2139327.924 0.050
2132888.582 0.050
2126462.284 0.051
2120049.175 0.051
2113649.401 0.051
2107263.109 0.052
2100890.447 0.052
2094531.565 0.052
2088186.614 0.053
2081855.748 0.053
2075539.120 0.053
2069236.886 0.053
2062949.203 0.054
2056676.230 0.054
2050418.126 0.054
2044175.054 0.055
2037947.177 0.055
2031734.659 0.055
2025537.666 0.056
2019356.366 0.056
2013190.929 0.056
2007041.525 0.057
2000908.326 0.057
1994791.507 0.057
1988691.243 0.058
1982607.712 0.058
1976541.092 0.058
1970491.563 0.059
1964459.309 0.059
1958444.512 0.059
1952447.358 0.060
1946468.033 0.060
1940506.728 0.061
1934563.632 0.061
1928638.937 0.061
1922732.837 0.062
1916845.527 0.062
1910977.206 0.062
1905128.071 0.063
1899298.323 0.063
1893488.165 0.063
1887697.801 0.064
1881927.437 0.064
1876177.280 0.065
1870447.539 0.065
1864738.427 0.065
1859050.155 0.066
1853382.939 0.066
1847736.994 0.067
1842112.539 0.067
1836509.794 0.067
1830928.980 0.068
1825370.322 0.068
1819834.043 0.069
1814320.372 0.069
1808829.537 0.069
1803361.769 0.070
1797917.299 0.070
1792496.363 0.071
1787099.195 0.071
1781726.033 0.071
1776377.118 0.072
1771052.689 0.072
1765752.990 0.073
1760478.265 0.073
1755228.760 0.073
1750004.723 0.074
1744806.405 0.074
1739634.056 0.075
1734487.929 0.075
1729368.279 0.076
1724275.362 0.076
1719209.437 0.076
1714170.762 0.077
1709159.600 0.077
1704176.212 0.078
1699220.863 0.078
1694293.819 0.079
1689395.347 0.079
1684525.716 0.080
1679685.196 0.080
1674874.059 0.080
1670092.579 0.081
1665341.029 0.081
1660619.687 0.082
1655928.828 0.082
1651268.731 0.083
1646639.677 0.083
1642041.946 0.083
1637475.821 0.084
1632941.585 0.084
1628439.522 0.085
1623969.918 0.085
1619533.060 0.086
1615129.236 0.086
1610758.733 0.087
1606421.841 0.087
1602118.851 0.088
1597850.053 0.088
1593615.740 0.088
1589416.203 0.089
1585251.737 0.089
1581122.635 0.090
1577029.191 0.090
1572971.700 0.091
1568950.457 0.091
1564965.757 0.091
1561017.897 0.092
1557107.172 0.092
1553233.878 0.093
1549398.313 0.093
1545600.770 0.094
1541841.548 0.094
1538120.942 0.095
1534439.248 0.095
1530796.760 0.095
1527193.775 0.096
1523630.587 0.096
1520107.490 0.097
1516624.777 0.097
1513182.742 0.098
1509781.675 0.098
1506421.869 0.098
1503103.613 0.099
1499827.197 0.099
1496592.907 0.100
1493401.032 0.100
1490251.856 0.100
1487145.662 0.101
1484082.734 0.101
1481063.352 0.102
1478087.795 0.102
1475156.339 0.102
1472269.261 0.103
1469426.833 0.103
1466629.326 0.103
1463877.008 0.104
1461170.147 0.104
1458509.006 0.105
1455893.847 0.105
1453324.927 0.105
1450802.503 0.106
1448326.829 0.106
1445898.153 0.106
1443516.723 0.107
1441182.782 0.107
1438896.572 0.107
1436658.328 0.108
1434468.285 0.108
1432326.672 0.108
1430233.716 0.108
1428189.638 0.109
1426194.657 0.109
1424248.987 0.109
1422352.839 0.110
1420506.418 0.110
1418709.925 0.110
1416963.559 0.110
1415267.510 0.111
1413621.968 0.111
1412027.115 0.111
1410483.130 0.111
1408990.186 0.112
1407548.451 0.112
1406158.089 0.112
1404819.257 0.112
1403532.109 0.112
1402296.792 0.113
1401113.448 0.113
1399982.214 0.113
1398903.219 0.113
1397876.591 0.113
1396902.448 0.113
1395980.904 0.114
1395112.066 0.114
1394296.038 0.114
1393532.914 0.114
1392822.786 0.114
1392165.736 0.114
1391561.843 0.114
1391011.178 0.114
1390513.807 0.114
1390069.789 0.114
1389679.177 0.115
1389342.017 0.115
1389058.349 0.115
1388828.209 0.115
1388651.622 0.115
1388528.611 0.115
1388459.190 0.115
1388443.367 0.115
1388481.144 0.115
1388572.517 0.115
1388717.474 0.115
1388915.999 0.115
1389168.068 0.115
1389473.650 0.115
1389832.709 0.115
1390245.202 0.114
1390711.080 0.114
1391230.287 0.114
1391802.762 0.114
1392428.437 0.114
1393107.238 0.114
1393839.083 0.114
1394623.888 0.114
1395461.559 0.114
1396351.997 0.114
1397295.099 0.113
1398290.754 0.113
1399338.847 0.113
1400439.254 0.113
1401591.849 0.113
1402796.498 0.113
1404053.062 0.112
1405361.398 0.112
1406721.356 0.112
1408132.780 0.112
1409595.511 0.112
1411109.382 0.111
1412674.224 0.111
1414289.862 0.111
1415956.114 0.111
1417672.797 0.110
1419439.719 0.110
1421256.687 0.110
1423123.502 0.110
1425039.960 0.109
1427005.854 0.109
1429020.973 0.109
1431085.099 0.108
1433198.013 0.108
1435359.491 0.108
1437569.307 0.107
1439827.227 0.107
1442133.018 0.107
1444486.441 0.106
1446887.254 0.106
1449335.212 0.106
1451830.067 0.105
1454371.568 0.105
1456959.460 0.105
1459593.487 0.104
1462273.389 0.104
1464998.903 0.104
1467769.764 0.103
1470585.706 0.103
1473446.458 0.103
1476351.749 0.102
1479301.304 0.102
1482294.848 0.101
1485332.104 0.101
1488412.790 0.101
1491536.626 0.100
1494703.329 0.100
1497912.615 0.099
1501164.198 0.099
1504457.790 0.099
1507793.103 0.098
1511169.848 0.098
1514587.735 0.097
1518046.471 0.097
1521545.764 0.097
1525085.322 0.096
1528664.851 0.096
1532284.056 0.095
1535942.643 0.095
1539640.316 0.094
1543376.779 0.094
1547151.738 0.094
1550964.895 0.093
1554815.955 0.093
1558704.622 0.092
1562630.598 0.092
1566593.589 0.091
1570593.298 0.091
1574629.430 0.090
1578701.689 0.090
1582809.780 0.090
1586953.410 0.089
1591132.282 0.089
1595346.105 0.088
1599594.585 0.088
1603877.430 0.087
1608194.348 0.087
1612545.050 0.086
1616929.243 0.086
1621346.641 0.086
1625796.954 0.085
1630279.895 0.085
1634795.179 0.084
1639342.519 0.084
1643921.632 0.083
1648532.236 0.083
1653174.047 0.082
1657846.787 0.082
1662550.174 0.082
1667283.933 0.081
1672047.785 0.081
1676841.455 0.080
1681664.669 0.080
1686517.156 0.079
1691398.643 0.079
1696308.861 0.078
1701247.541 0.078
1706214.418 0.078
1711209.225 0.077
1716231.700 0.077
1721281.579 0.076
1726358.603 0.076
1731462.512 0.075
1736593.050 0.075
1741749.961 0.075
1746932.990 0.074
1752141.885 0.074
1757376.397 0.073
1762636.275 0.073
1767921.272 0.072
1773231.144 0.072
1778565.646 0.072
1783924.535 0.071
1789307.573 0.071
1794714.520 0.070
1800145.138 0.070
1805599.195 0.070
1811076.454 0.069
1816576.686 0.069
1822099.661 0.068
1827645.149 0.068
1833212.926 0.068
1838802.766 0.067
1844414.448 0.067
1850047.748 0.066
1855702.450 0.066
1861378.334 0.066
1867075.186 0.065
1872792.792 0.065
1878530.939 0.064
1884289.417 0.064
1890068.017 0.064
1895866.533 0.063
1901684.759 0.063
1907522.492 0.063
1913379.530 0.062
1919255.674 0.062
1925150.725 0.061
1931064.486 0.061
1936996.763 0.061
1942947.363 0.060
1948916.094 0.060
1954902.766 0.060
1960907.192 0.059
1966929.185 0.059
1972968.561 0.059
1979025.136 0.058
1985098.728 0.058
1991189.159 0.058
1997296.250 0.057
2003419.825 0.057
2009559.708 0.057
2015715.726 0.056
2021887.707 0.056
2028075.482 0.056
2034278.881 0.055
2040497.737 0.055
2046731.886 0.055
2052981.162 0.054
2059245.404 0.054
2065524.450 0.054
2071818.142 0.053
2078126.320 0.053
2084448.829 0.053
2090785.513 0.052
2097136.219 0.052
256128.426 0.965
270070.962 0.952
284013.229 0.937
297955.214 0.919
311896.902 0.901
325838.280 0.880
339779.334 0.859
353720.049 0.837
367660.413 0.814
381600.411 0.791
395540.029 0.768
409479.254 0.745
423418.071 0.722
437356.467 0.699
451294.428 0.677
465231.939 0.655
479168.988 0.634
493105.560 0.613
507041.642 0.593
520977.219 0.574
534912.278 0.555
548846.804 0.537
562780.784 0.519
576714.205 0.502
590647.052 0.486
604579.310 0.471
618510.968 0.456
632442.010 0.441
646372.423 0.427
660302.192 0.414
674231.305 0.401
688159.747 0.389
702087.504 0.377
716014.563 0.366
729940.909 0.355
743866.529 0.344
757791.409 0.334
771715.535 0.324
785638.893 0.315
799561.469 0.306
813483.250 0.298
827404.222 0.289
841324.370 0.281
855243.681 0.274
869162.141 0.266
883079.737 0.259
896996.454 0.252
910912.278 0.246
924827.196 0.240
938741.194 0.233
952654.258 0.227
966566.374 0.222
980477.529 0.216
994387.708 0.211
1008296.897 0.206
1022205.084 0.201
1036112.253 0.196
1050018.391 0.192
1063923.485 0.187
1077827.520 0.183
1091730.483 0.179
1105632.360 0.175
1119533.137 0.171
1133432.799 0.167
1147331.334 0.163
1161228.728 0.160
1175124.966 0.156
1189020.035 0.153
1202913.921 0.150
1216806.610 0.147
1230698.089 0.144
1244588.343 0.141
1258477.359 0.138
1272365.122 0.135
1286251.620 0.132
1300136.838 0.130
1314020.763 0.127
1327903.380 0.125
1341784.676 0.122
1355664.637 0.120
1369543.249 0.118
1383420.498 0.115
1397296.372 0.113
1411170.854 0.111
1425043.933 0.109
1438915.595 0.107
1452785.824 0.105
1466654.608 0.103
1480521.933 0.102
1494387.785 0.100
1508252.150 0.098
1522115.014 0.096
1535976.365 0.095
1549836.186 0.093
1563694.466 0.092
1577551.191 0.090
1591406.345 0.089
1605259.917 0.087
1619111.891 0.086
1632962.254 0.084
1646810.993 0.083
1660658.093 0.082
1674503.541 0.080
1688347.323 0.079
1702189.425 0.078
1716029.834 0.077
1729868.535 0.076
1743705.515 0.074
1757540.761 0.073
1771374.258 0.072
1785205.992 0.071
1799035.951 0.070
1812864.119 0.069
1826690.484 0.068
1840515.031 0.067
1854337.748 0.066
1868158.619 0.065
1881977.632 0.064
1895794.772 0.063
1909610.026 0.062
1923423.380 0.062
1937234.821 0.061
1951044.334 0.060
1964851.907 0.059
1978657.524 0.058
1992461.173 0.058
2006262.839 0.057
2020062.509 0.056
2033860.170 0.055
2047655.807 0.055
2061449.407 0.054
2075240.956 0.053
2089030.440 0.052
2102817.846 0.052
2116603.160 0.051
2130386.368 0.051
2144167.456 0.050
2157946.411 0.049
2171723.219 0.049
2185497.867 0.048
2199270.340 0.047
2213040.625 0.047
2226808.709 0.046
2240574.577 0.046
2254338.216 0.045
2268099.611 0.045
2281858.751 0.044
2295615.620 0.044
2309370.205 0.043
2323122.493 0.043
2336872.470 0.042
2350620.121 0.042
2364365.434 0.041
2378108.395 0.041
2391848.989 0.040
2405587.204 0.040
2419323.026 0.039
2433056.441 0.039
2446787.435 0.039
2460515.995 0.038
2474242.107 0.038
2487965.757 0.037
2501686.932 0.037
2515405.618 0.037
2529121.802 0.036
2542835.469 0.036
2556546.606 0.035
2570255.200 0.035
2583961.237 0.035
2597664.704 0.034
2611365.585 0.034
2625063.869 0.034
2638759.541 0.033
2652452.588 0.033
2666142.996 0.033
2679830.751 0.032
2693515.841 0.032
2707198.250 0.032
2720877.967 0.031
2734554.976 0.031
2748229.265 0.031
2761900.819 0.030
2775569.626 0.030
2789235.672 0.030
2802898.942 0.030
2816559.424 0.029
2830217.104 0.029
2843871.968 0.029
2857524.003 0.028
2871173.195 0.028
2884819.530 0.028
2898462.995 0.028
2912103.577 0.027
2925741.262 0.027
2939376.035 0.027
2953007.885 0.027
2966636.797 0.026
2980262.757 0.026
2993885.752 0.026
3007505.769 0.026
3021122.793 0.025
3034736.812 0.025
3048347.812 0.025
3061955.779 0.025
3075560.700 0.025
3089162.561 0.024
3102761.348 0.024
3116357.049 0.024
3129949.650 0.024
3143539.136 0.024
3157125.496 0.023
3170708.714 0.023
3184288.778 0.023
3197865.673 0.023
3211439.388 0.023
3225009.907 0.022
3238577.218 0.022
3252141.307 0.022
3265702.161 0.022
3279259.765 0.022
3292814.108 0.021
3306365.174 0.021
3319912.951 0.021
3333457.425 0.021
3346998.583 0.021
3360536.411 0.021
3374070.895 0.020
3387602.023 0.020
3401129.781 0.020
3414654.155 0.020
3428175.132 0.020
3441692.699 0.020
3455206.841 0.020
3468717.546 0.019
3482224.800 0.019
3495728.590 0.019
3509228.902 0.019
3522725.723 0.019
3536219.039 0.019
3549708.837 0.019
3563195.104 0.018
3576677.826 0.018
3590156.989 0.018
3603632.581 0.018
3617104.588 0.018
3630572.996 0.018
3644037.793 0.018
3657498.964 0.017
3670956.497 0.017
3684410.377 0.017
3697860.592 0.017
3711307.128 0.017
3724749.972 0.017
3738189.110 0.017
3751624.530 0.017
3765056.217 0.016
3778484.159 0.016
3791908.341 0.016
3805328.751 0.016
3818745.375 0.016
3832158.201 0.016
3845567.214 0.016
3858972.401 0.016
3872373.749 0.016
3885771.244 0.015
3899164.874 0.015
3912554.625 0.015
3925940.483 0.015
3939322.436 0.015
3952700.470 0.015
3966074.571 0.015
3979444.727 0.015
3992810.924 0.015
4006173.149 0.015
4019531.388 0.014
4032885.628 0.014
4046235.856 0.014
4059582.059 0.014
4072924.223 0.014
4086262.336 0.014
4099596.383 0.014
4112926.351 0.014
4126252.228 0.014
4139574.001 0.014
4152891.654 0.014
4166205.177 0.013
4179514.554 0.013
4192819.774 0.013
4206120.823 0.013
4219417.687 0.013
4232710.354 0.013
4245998.809 0.013
4259283.041 0.013
4272563.035 0.013
4285838.779 0.013
4299110.259 0.013
4312377.463 0.013
4325640.376 0.013
4338898.986 0.012
4352153.279 0.012
4365403.243 0.012
4378648.864 0.012
4391890.129 0.012
4405127.025 0.012
4418359.538 0.012
4431587.656 0.012
4444811.365 0.012
4458030.652 0.012
4471245.505 0.012
4484455.909 0.012
4497661.852 0.012
4510863.321 0.012
4524060.302 0.011
4537252.782 0.011
4550440.749 0.011
4563624.188 0.011
4576803.088 0.011
4589977.435 0.011
4603147.215 0.011
4616312.416 0.011
4629473.025 0.011
4642629.028 0.011
4655780.413 0.011
4668927.165 0.011
4682069.274 0.011
4695206.724 0.011
4708339.503 0.011
4721467.599 0.011
4734590.997 0.010
4747709.686 0.010
4760823.651 0.010
4773932.880 0.010
4787037.360 0.010
4800137.077 0.010
4813232.020 0.010
4826322.174 0.010
4839407.527 0.010
4852488.065 0.010
4865563.776 0.010
4878634.647 0.010
4891700.665 0.010
4904761.816 0.010
4917818.087 0.010
4930869.467 0.010
4943915.941 0.010
4956957.497 0.010
4969994.122 0.009
4983025.802 0.009
4996052.525 0.009
5009074.278 0.009
5022091.048 0.009
5035102.822 0.009
5048109.587 0.009
5061111.330 0.009
5074108.039 0.009
5087099.699 0.009
5100086.299 0.009
5113067.825 0.009
5126044.265 0.009
5139015.605 0.009
5151981.833 0.009
5164942.935 0.009
5177898.900 0.009
5190849.713 0.009
5203795.363 0.009
5216735.835 0.009
5229671.119 0.009
5242601.199 0.009
5255526.065 0.008
5268445.702 0.008
5281360.098 0.008
5294269.240 0.008
5307173.115 0.008
5320071.711 0.008
5332965.014 0.008
0.0 0.0 0.0
0.0 0.0 0.0
0.0 0.0 0.0
0.0 0.0 0.0
0.0 0.0 0.0
0.0 0.0 0.0
0.0 0.0 0.0
0.0 0.0 0.0
0.0 0.0 0.0
0.0 0.0 0.0
0.0 0.0 0.0
0.0 0.0 0.0
0.0 0.0 0.0
0.0 0.0 0.0
0.0 0.0 0.0
0.0 0.0 0.0
0.0 0.0 0.0
0.0 0.0 0.0
0.0 0.0 0.0
0.0 0.0 0.0
0.0 0.0 0.0
0.0 0.0 0.0
0.0 0.0 0.0
0.0 0.0 0.0
0.0 0.0 0.0
0.0 0.0 0.0
0.0 0.0 0.0
0.0 0.0 0.0
0.0 0.0 0.0
0.0 0.0 0.0
0.0 0.0 0.0
0.0 0.0 0.0
0.0 0.0 0.0
0.0 0.0 0.0
0.0 0.0 0.0
0.0 0.0 0.0
0.0 0.0 0.0
0.0 0.0 0.0
0.0 0.0 0.0
0.0 0.0 0.0
0.0 0.0 0.0
0.0 0.0 0.0
0.0 0.0 0.0
0.0 0.0 0.0
0.0 0.0 0.0
0.0 0.0 0.0
0.0 0.0 0.0
0.0 0.0 0.0
0.0 0.0 0.0
0.0 0.0 0.0
0.0 0.0 0.0
0.0 0.0 0.0
0.0 0.0 0.0
0.0 0.0 0.0
0.0 0.0 0.0
0.0 0.0 0.0
0.0 0.0 0.0
0.0 0.0 0.0
0.0 0.0 0.0
0.0 0.0 0.0
0.0 0.0 0.0
0.0 0.0 0.0
0.0 0.0 0.0
0.0 0.0 0.0
0.0 0.0 0.0
0.0 0.0 0.0
0.0 0.0 0.0
0.0 0.0 0.0
0.0 0.0 0.0
0.0 0.0 0.0
0.0 0.0 0.0
0.0 0.0 0.0
0.0 0.0 0.0
0.0 0.0 0.0
0.0 0.0 0.0
0.0 0.0 0.0
0.0 0.0 0.0
0.0 0.0 0.0
0.0 0.0 0.0
0.0 0.0 0.0
0.0 0.0 0.0
0.0 0.0 0.0
0.0 0.0 0.0
0.0 0.0 0.0
0.0 0.0 0.0
0.0 0.0 0.0
0.0 0.0 0.0
0.0 0.0 0.0
0.0 0.0 0.0
0.0 0.0 0.0
0.0 0.0 0.0
0.0 0.0 0.0
0.0 0.0 0.0
0.0 0.0 0.0
0.0 0.0 0.0
0.0 0.0 0.0
0.0 0.0 0.0
0.0 0.0 0.0
0.0 0.0 0.0
0.0 0.0 0.0
0.0 0.0 0.0
0.0 0.0 0.0
0.0 0.0 0.0
0.0 0.0 0.0
0.0 0.0 0.0
0.0 0.0 0.0
0.0 0.0 0.0
0.0 0.0 0.0
0.0 0.0 0.0
0.0 0.0 0.0
0.0 0.0 0.0
0.0 0.0 0.0
0.0 0.0 0.0
0.0 0.0 0.0
0.0 0.0 0.0
0.0 0.0 0.0
0.0 0.0 0.0
0.0 0.0 0.0
0.0 0.0 0.0
0.0 0.0 0.0
0.0 0.0 0.0
0.0 0.0 0.0
0.0 0.0 0.0
0.0 0.0 0.0
0.0 0.0 0.0
0.0 0.0 0.0
0.0 0.0 0.0
0.0 0.0 0.0
0.0 0.0 0.0
0.0 0.0 0.0
0.0 0.0 0.0
0.0 0.0 0.0
0.0 0.0 0.0
0.0 0.0 0.0
0.0 0.0 0.0
0.0 0.0 0.0
0.0 0.0 0.0
0.0 0.0 0.0
0.0 0.0 0.0
0.0 0.0 0.0
0.0 0.0 0.0
0.0 0.0 0.0
0.0 0.0 0.0
0.0 0.0 0.0
0.0 0.0 0.0
0.0 0.0 0.0
0.0 0.0 0.0
0.0 0.0 0.0
0.0 0.0 0.0
0.0 0.0 0.0
0.0 0.0 0.0
0.0 0.0 0.0
0.0 0.0 0.0
0.0 0.0 0.0
0.0 0.0 0.0
0.0 0.0 0.0
0.0 0.0 0.0
0.0 0.0 0.0
0.0 0.0 0.0
0.0 0.0 0.0
0.0 0.0 0.0
0.0 0.0 0.0
0.0 0.0 0.0
0.0 0.0 0.0
0.0 0.0 0.0
0.0 0.0 0.0
0.0 0.0 0.0
0.0 0.0 0.0
0.0 0.0 0.0
0.0 0.0 0.0
0.0 0.0 0.0
0.0 0.0 0.0
0.0 0.0 0.0
0.0 0.0 0.0
0.0 0.0 0.0
0.0 0.0 0.0
0.0 0.0 0.0
0.0 0.0 0.0
0.0 0.0 0.0
0.0 0.0 0.0
0.0 0.0 0.0
0.0 0.0 0.0
0.0 0.0 0.0
0.0 0.0 0.0
0.0 0.0 0.0
0.0 0.0 0.0
0.0 0.0 0.0
0.0 0.0 0.0
0.0 0.0 0.0
0.0 0.0 0.0
0.0 0.0 0.0
0.0 0.0 0.0
0.0 0.0 0.0
0.0 0.0 0.0
0.0 0.0 0.0
0.0 0.0 0.0
0.0 0.0 0.0
0.0 0.0 0.0
0.0 0.0 0.0
0.0 0.0 0.0
0.0 0.0 0.0
0.0 0.0 0.0
0.0 0.0 0.0
0.0 0.0 0.0
0.0 0.0 0.0
0.0 0.0 0.0
0.0 0.0 0.0
0.0 0.0 0.0
0.0 0.0 0.0
0.0 0.0 0.0
0.0 0.0 0.0
0.0 0.0 0.0
0.0 0.0 0.0
0.0 0.0 0.0
0.0 0.0 0.0
0.0 0.0 0.0
0.0 0.0 0.0
0.0 0.0 0.0
0.0 0.0 0.0
0.0 0.0 0.0
0.0 0.0 0.0
0.0 0.0 0.0
0.0 0.0 0.0
0.0 0.0 0.0
0.0 0.0 0.0
0.0 0.0 0.0
0.0 0.0 0.0
0.0 0.0 0.0
0.0 0.0 0.0
0.0 0.0 0.0
0.0 0.0 0.0
0.0 0.0 0.0
0.0 0.0 0.0
0.0 0.0 0.0
0.0 0.0 0.0
0.0 0.0 0.0
0.0 0.0 0.0
0.0 0.0 0.0
0.0 0.0 0.0
0.0 0.0 0.0
0.0 0.0 0.0
0.0 0.0 0.0
0.0 0.0 0.0
0.0 0.0 0.0
0.0 0.0 0.0
0.0 0.0 0.0
0.0 0.0 0.0
0.0 0.0 0.0
0.0 0.0 0.0
0.0 0.0 0.0
0.0 0.0 0.0
0.0 0.0 0.0
0.0 0.0 0.0
0.0 0.0 0.0
0.0 0.0 0.0
0.0 0.0 0.0
0.0 0.0 0.0
0.0 0.0 0.0
0.0 0.0 0.0
0.0 0.0 0.0
0.0 0.0 0.0
0.0 0.0 0.0
0.0 0.0 0.0
0.0 0.0 0.0
0.0 0.0 0.0
0.0 0.0 0.0
0.0 0.0 0.0
0.0 0.0 0.0
0.0 0.0 0.0
0.0 0.0 0.0
0.0 0.0 0.0
0.0 0.0 0.0
0.0 0.0 0.0
0.0 0.0 0.0
0.0 0.0 0.0
0.0 0.0 0.0
0.0 0.0 0.0
0.0 0.0 0.0
0.0 0.0 0.0
0.0 0.0 0.0
0.0 0.0 0.0
0.0 0.0 0.0
0.0 0.0 0.0
0.0 0.0 0.0
0.0 0.0 0.0
0.0 0.0 0.0
0.0 0.0 0.0
0.0 0.0 0.0
0.0 0.0 0.0
0.0 0.0 0.0
0.0 0.0 0.0
0.0 0.0 0.0
0.0 0.0 0.0
0.0 0.0 0.0
0.0 0.0 0.0
0.0 0.0 0.0
0.0 0.0 0.0
0.0 0.0 0.0
0.0 0.0 0.0
0.0 0.0 0.0
0.0 0.0 0.0
0.0 0.0 0.0
0.0 0.0 0.0
0.0 0.0 0.0
0.0 0.0 0.0
0.0 0.0 0.0
0.0 0.0 0.0
0.0 0.0 0.0
0.0 0.0 0.0
0.0 0.0 0.0
0.0 0.0 0.0
0.0 0.0 0.0
0.0 0.0 0.0
0.0 0.0 0.0
0.0 0.0 0.0
0.0 0.0 0.0
0.0 0.0 0.0
0.0 0.0 0.0
0.0 0.0 0.0
0.0 0.0 0.0
0.0 0.0 0.0
0.0 0.0 0.0
0.0 0.0 0.0
0.0 0.0 0.0
0.0 0.0 0.0
0.0 0.0 0.0
0.0 0.0 0.0
0.0 0.0 0.0
0.0 0.0 0.0
0.0 0.0 0.0
0.0 0.0 0.0
0.0 0.0 0.0
0.0 0.0 0.0
0.0 0.0 0.0
0.0 0.0 0.0
0.0 0.0 0.0
0.0 0.0 0.0
0.0 0.0 0.0
0.0 0.0 0.0
0.0 0.0 0.0
0.0 0.0 0.0
0.0 0.0 0.0
0.0 0.0 0.0
0.0 0.0 0.0
0.0 0.0 0.0
0.0 0.0 0.0
0.0 0.0 0.0
0.0 0.0 0.0
0.0 0.0 0.0
0.0 0.0 0.0
0.0 0.0 0.0
0.0 0.0 0.0
0.0 0.0 0.0
0.0 0.0 0.0
0.0 0.0 0.0
0.0 0.0 0.0
0.0 0.0 0.0
0.0 0.0 0.0
0.0 0.0 0.0
0.0 0.0 0.0
0.0 0.0 0.0
0.0 0.0 0.0
0.0 0.0 0.0
0.0 0.0 0.0
0.0 0.0 0.0
0.0 0.0 0.0
0.0 0.0 0.0
0.0 0.0 0.0
0.0 0.0 0.0
0.0 0.0 0.0
0.0 0.0 0.0
0.0 0.0 0.0
0.0 0.0 0.0
0.0 0.0 0.0
0.0 0.0 0.0
0.0 0.0 0.0
0.0 0.0 0.0
0.0 0.0 0.0
0.0 0.0 0.0
0.0 0.0 0.0
0.0 0.0 0.0
0.0 0.0 0.0
0.0 0.0 0.0
0.0 0.0 0.0
0.0 0.0 0.0
0.0 0.0 0.0
0.0 0.0 0.0
0.0 0.0 0.0
0.0 0.0 0.0
0.0 0.0 0.0
0.0 0.0 0.0
0.0 0.0 0.0
0.0 0.0 0.0
0.0 0.0 0.0
0.0 0.0 0.0
0.0 0.0 0.0
0.0 0.0 0.0
0.0 0.0 0.0
0.0 0.0 0.0
0.0 0.0 0.0
0.0 0.0 0.0
0.0 0.0 0.0
0.0 0.0 0.0
0.0 0.0 0.0
0.0 0.0 0.0
0.0 0.0 0.0
0.0 0.0 0.0
0.0 0.0 0.0
0.0 0.0 0.0
0.0 0.0 0.0
0.0 0.0 0.0
0.0 0.0 0.0
0.0 0.0 0.0
0.0 0.0 0.0
0.0 0.0 0.0
0.0 0.0 0.0
0.0 0.0 0.0
0.0 0.0 0.0
0.0 0.0 0.0
0.0 0.0 0.0
0.0 0.0 0.0
0.0 0.0 0.0
0.0 0.0 0.0
0.0 0.0 0.0
0.0 0.0 0.0
0.0 0.0 0.0
0.0 0.0 0.0
0.0 0.0 0.0
0.0 0.0 0.0
0.0 0.0 0.0
0.0 0.0 0.0
0.0 0.0 0.0
0.0 0.0 0.0
0.0 0.0 0.0
0.0 0.0 0.0
0.0 0.0 0.0
0.0 0.0 0.0
0.0 0.0 0.0
0.0 0.0 0.0
0.0 0.0 0.0
0.0 0.0 0.0
0.0 0.0 0.0
0.0 0.0 0.0
0.0 0.0 0.0
0.0 0.0 0.0
0.0 0.0 0.0
0.0 0.0 0.0
0.0 0.0 0.0
0.0 0.0 0.0
0.0 0.0 0.0
0.0 0.0 0.0
0.0 0.0 0.0
0.0 0.0 0.0
0.0 0.0 0.0
0.0 0.0 0.0
0.0 0.0 0.0
0.0 0.0 0.0
0.0 0.0 0.0
0.0 0.0 0.0
0.0 0.0 0.0
0.0 0.0 0.0
0.0 0.0 0.0
0.0 0.0 0.0
0.0 0.0 0.0
0.0 0.0 0.0
0.0 0.0 0.0
0.0 0.0 0.0
0.0 0.0 0.0
0.0 0.0 0.0
0.0 0.0 0.0
0.0 0.0 0.0
0.0 0.0 0.0
0.0 0.0 0.0
0.0 0.0 0.0
0.0 0.0 0.0
0.0 0.0 0.0
0.0 0.0 0.0
0.0 0.0 0.0
0.0 0.0 0.0
0.0 0.0 0.0
0.0 0.0 0.0
0.0 0.0 0.0
0.0 0.0 0.0
0.0 0.0 0.0
0.0 0.0 0.0
0.0 0.0 0.0
0.0 0.0 0.0
0.0 0.0 0.0
0.0 0.0 0.0
0.0 0.0 0.0
0.0 0.0 0.0
0.0 0.0 0.0
0.0 0.0 0.0
0.0 0.0 0.0
0.0 0.0 0.0
0.0 0.0 0.0
0.0 0.0 0.0
0.0 0.0 0.0
0.0 0.0 0.0
0.0 0.0 0.0
0.0 0.0 0.0
0.0 0.0 0.0
0.0 0.0 0.0
0.0 0.0 0.0
0.0 0.0 0.0
0.0 0.0 0.0
0.0 0.0 0.0
20.013 2124926.432 0.065322903
20.100 2120417.367 0.065409015
20.187 2115917.933 0.065496085
20.275 2111428.193 0.065584106
20.362 2106948.217 0.065673077
20.450 2102478.069 0.065762991
20.538 2098017.818 0.065853846
20.626 2093567.531 0.065945636
20.714 2089127.277 0.066038358
20.803 2084697.124 0.066132006
20.891 2080277.142 0.066226577
20.980 2075867.399 0.066322066
21.068 2071467.965 0.066418469
21.157 2067078.912 0.066515781
21.246 2062700.309 0.066613997
21.335 2058332.228 0.066713113
21.424 2053974.740 0.066813125
21.514 2049627.918 0.066914027
21.603 2045291.833 0.067015815
21.693 2040966.559 0.067118484
21.783 2036652.169 0.067222029
21.872 2032348.737 0.067326446
21.962 2028056.336 0.067431728
22.052 2023775.042 0.067537872
22.143 2019504.930 0.067644872
22.233 2015246.074 0.067752722
22.323 2010998.551 0.067861419
22.414 2006762.438 0.067970955
22.504 2002537.810 0.068081327
22.595 1998324.745 0.068192528
22.686 1994123.320 0.068304552
22.777 1989933.615 0.068417395
22.868 1985755.706 0.068531051
22.959 1981589.674 0.068645513
23.050 1977435.597 0.068760777
23.142 1973293.556 0.068876835
23.233 1969163.630 0.068993682
23.325 1965045.900 0.069111312
23.416 1960940.447 0.069229718
23.508 1956847.353 0.069348894
23.600 1952766.699 0.069468834
23.691 1948698.569 0.069589531
23.783 1944643.044 0.069710978
23.875 1940600.208 0.069833170
23.967 1936570.145 0.069956098
24.059 1932552.939 0.070079756
24.152 1928548.674 0.070204137
24.244 1924557.435 0.070329233
24.336 1920579.308 0.070455038
24.429 1916614.379 0.070581544
24.521 1912662.732 0.070708743
24.614 1908724.456 0.070836628
24.706 1904799.637 0.070965191
24.799 1900888.363 0.071094423
24.891 1896990.722 0.071224318
24.984 1893106.801 0.071354867
25.077 1889236.689 0.071486061
25.169 1885380.476 0.071617892
25.262 1881538.251 0.071750352
25.355 1877710.104 0.071883431
25.448 1873896.126 0.072017122
25.541 1870096.406 0.072151414
25.634 1866311.036 0.072286299
25.727 1862540.107 0.072421768
25.819 1858783.712 0.072557811
25.912 1855041.942 0.072694419
26.005 1851314.891 0.072831582
26.098 1847602.650 0.072969289
26.191 1843905.314 0.073107532
26.284 1840222.976 0.073246299
26.377 1836555.731 0.073385581
26.470 1832903.672 0.073525367
26.563 1829266.895 0.073665646
26.655 1825645.495 0.073806408
26.748 1822039.567 0.073947642
26.841 1818449.208 0.074089336
26.934 1814874.512 0.074231479
27.026 1811315.578 0.074374060
27.119 1807772.501 0.074517067
27.212 1804245.380 0.074660488
27.304 1800734.311 0.074804311
27.397 1797239.392 0.074948525
27.489 1793760.721 0.075093117
27.582 1790298.398 0.075238073
27.674 1786852.520 0.075383383
27.766 1783423.187 0.075529033
27.858 1780010.497 0.075675009
27.950 1776614.552 0.075821299
28.042 1773235.449 0.075967890
28.134 1769873.290 0.076114767
28.226 1766528.175 0.076261917
28.317 1763200.204 0.076409327
28.409 1759889.478 0.076556981
28.500 1756596.099 0.076704867
28.591 1753320.167 0.076852968
28.682 1750061.785 0.077001272
28.773 1746821.053 0.077149763
28.864 1743598.074 0.077298425
28.955 1740392.950 0.077447245
29.045 1737205.784 0.077596205
29.135 1734036.677 0.077745292
29.226 1730885.732 0.077894489
29.316 1727753.053 0.078043781
29.405 1724638.742 0.078193151
29.495 1721542.902 0.078342583
29.584 1718465.637 0.078492060
29.673 1715407.049 0.078641567
29.762 1712367.243 0.078791086
29.851 1709346.321 0.078940601
29.940 1706344.388 0.079090093
30.028 1703361.547 0.079239547
30.116 1700397.901 0.079388944
30.204 1697453.556 0.079538267
30.291 1694528.614 0.079687498
30.379 1691623.179 0.079836619
30.466 1688737.356 0.079985612
30.552 1685871.248 0.080134459
30.639 1683024.959 0.080283140
30.725 1680198.593 0.080431639
30.811 1677392.254 0.080579935
30.896 1674606.046 0.080728010
30.982 1671840.073 0.080875844
31.067 1669094.437 0.081023419
31.151 1666369.244 0.081170715
31.235 1663664.596 0.081317713
31.319 1660980.597 0.081464392
31.403 1658317.350 0.081610734
31.486 1655674.958 0.081756717
31.569 1653053.524 0.081902323
31.651 1650453.151 0.082047530
31.733 1647873.943 0.082192319
31.815 1645316.000 0.082336668
31.896 1642779.426 0.082480558
31.977 1640264.322 0.082623968
32.057 1637770.791 0.082766876
32.137 1635298.934 0.082909263
32.217 1632848.852 0.083051106
32.296 1630420.646 0.083192385
32.374 1628014.417 0.083333078
32.453 1625630.265 0.083473165
32.530 1623268.290 0.083612624
32.608 1620928.593 0.083751433
32.684 1618611.272 0.083889571
32.760 1616316.426 0.084027016
32.836 1614044.154 0.084163747
32.911 1611794.553 0.084299741
32.986 1609567.723 0.084434978
33.060 1607363.760 0.084569435
33.133 1605182.760 0.084703090
33.206 1603024.821 0.084835922
33.279 1600890.037 0.084967908
33.351 1598778.505 0.085099026
33.422 1596690.318 0.085229256
33.493 1594625.572 0.085358574
33.563 1592584.360 0.085486958
33.632 1590566.775 0.085614387
33.701 1588572.909 0.085740839
33.769 1586602.855 0.085866292
33.837 1584656.703 0.085990723
33.904 1582734.545 0.086114112
33.970 1580836.469 0.086236435
34.035 1578962.565 0.086357671
34.100 1577112.922 0.086477799
34.165 1575287.628 0.086596797
34.228 1573486.769 0.086714643
34.291 1571710.432 0.086831315
34.353 1569958.702 0.086946792
34.414 1568231.663 0.087061053
34.475 1566529.401 0.087174077
34.535 1564851.997 0.087285841
34.594 1563199.534 0.087396326
34.652 1561572.093 0.087505509
34.710 1559969.755 0.087613372
34.767 1558392.599 0.087719891
34.823 1556840.704 0.087825048
34.878 1555314.147 0.087928821
34.933 1553813.005 0.088031191
34.986 1552337.354 0.088132138
35.039 1550887.268 0.088231641
35.091 1549462.822 0.088329680
35.142 1548064.088 0.088426237
35.193 1546691.137 0.088521292
35.242 1545344.041 0.088614826
35.291 1544022.868 0.088706820
35.338 1542727.688 0.088797255
35.385 1541458.567 0.088886114
35.431 1540215.572 0.088973377
35.476 1538998.767 0.089059026
35.520 1537808.217 0.089143046
35.564 1536643.985 0.089225416
35.606 1535506.132 0.089306122
35.647 1534394.718 0.089385145
35.688 1533309.802 0.089462469
35.727 1532251.443 0.089538079
35.766 1531219.697 0.089611957
35.804 1530214.619 0.089684088
35.840 1529236.264 0.089754458
35.876 1528284.684 0.089823050
35.911 1527359.932 0.089889851
35.944 1526462.056 0.089954846
35.977 1525591.107 0.090018020
36.009 1524747.131 0.090079361
36.040 1523930.175 0.090138854
36.069 1523140.284 0.090196488
36.098 1522377.502 0.090252249
36.126 1521641.869 0.090306125
36.153 1520933.428 0.090358105
36.178 1520252.217 0.090408177
36.203 1519598.274 0.090456330
36.227 1518971.636 0.090502553
36.249 1518372.338 0.090546837
36.271 1517800.413 0.090589171
36.291 1517255.893 0.090629546
36.311 1516738.809 0.090667953
36.329 1516249.191 0.090704383
36.347 1515787.065 0.090738829
36.363 1515352.458 0.090771283
36.378 1514945.396 0.090801737
36.392 1514565.900 0.090830184
36.406 1514213.993 0.090856620
36.418 1513889.695 0.090881036
36.429 1513593.025 0.090903428
36.438 1513323.999 0.090923792
36.447 1513082.634 0.090942122
36.455 1512868.944 0.090958414
36.462 1512682.940 0.090972664
36.467 1512524.635 0.090984870
36.472 1512394.037 0.090995029
36.475 1512291.155 0.091003139
36.477 1512215.994 0.091009197
36.479 1512168.561 0.091013202
36.479 1512148.857 0.091015154
36.478 1512156.885 0.091015053
36.476 1512192.646 0.091012897
36.473 1512256.137 0.091008688
36.468 1512347.355 0.091002428
36.463 1512466.297 0.090994116
36.457 1512612.956 0.090983756
36.449 1512787.325 0.090971350
36.441 1512989.394 0.090956900
36.431 1513219.153 0.090940411
36.420 1513476.590 0.090921885
36.408 1513761.691 0.090901327
36.396 1514074.441 0.090878742
36.382 1514414.823 0.090854136
36.367 1514782.818 0.090827512
36.351 1515178.408 0.090798879
36.333 1515601.569 0.090768242
36.315 1516052.281 0.090735608
36.296 1516530.518 0.090700985
36.276 1517036.255 0.090664380
36.254 1517569.464 0.090625802
36.232 1518130.116 0.090585260
36.208 1518718.181 0.090542763
36.184 1519333.628 0.090498319
36.158 1519976.423 0.090451940
36.132 1520646.532 0.090403636
36.104 1521343.918 0.090353417
36.076 1522068.545 0.090301294
36.046 1522820.372 0.090247279
36.015 1523599.361 0.090191385
35.984 1524405.468 0.090133623
35.951 1525238.651 0.090074006
35.918 1526098.866 0.090012548
35.883 1526986.067 0.089949261
35.847 1527900.206 0.089884160
35.811 1528841.235 0.089817258
35.773 1529809.105 0.089748570
35.735 1530803.763 0.089678112
35.695 1531825.158 0.089605897
35.655 1532873.235 0.089531943
35.614 1533947.941 0.089456263
35.572 1535049.217 0.089378876
35.528 1536177.008 0.089299796
35.484 1537331.254 0.089219041
35.439 1538511.895 0.089136628
35.393 1539718.870 0.089052573
35.347 1540952.117 0.088966895
35.299 1542211.572 0.088879612
35.250 1543497.171 0.088790741
35.201 1544808.847 0.088700300
35.151 1546146.534 0.088608309
35.100 1547510.164 0.088514786
35.048 1548899.667 0.088419749
34.995 1550314.974 0.088323219
34.941 1551756.012 0.088225215
34.887 1553222.711 0.088125756
34.831 1554714.995 0.088024861
34.775 1556232.792 0.087922552
34.718 1557776.026 0.087818849
34.661 1559344.620 0.087713770
34.602 1560938.497 0.087607338
34.543 1562557.580 0.087499573
34.483 1564201.788 0.087390495
34.422 1565871.041 0.087280125
34.361 1567565.260 0.087168485
34.298 1569284.362 0.087055596
34.236 1571028.264 0.086941478
34.172 1572796.883 0.086826154
34.107 1574590.135 0.086709645
34.042 1576407.935 0.086591972
33.977 1578250.196 0.086473157
33.910 1580116.833 0.086353222
33.843 1582007.757 0.086232188
33.775 1583922.881 0.086110078
33.707 1585862.115 0.085986913
33.638 1587825.371 0.085862715
33.568 1589812.558 0.085737507
33.498 1591823.586 0.085611309
33.427 1593858.362 0.085484145
33.356 1595916.795 0.085356036
33.284 1597998.792 0.085227005
33.211 1600104.260 0.085097073
33.138 1602233.105 0.084966262
33.064 1604385.233 0.084834595
32.989 1606560.548 0.084702093
32.914 1608758.955 0.084568778
32.839 1610980.358 0.084434673
32.763 1613224.662 0.084299800
32.686 1615491.768 0.084164179
32.609 1617781.580 0.084027834
32.532 1620094.000 0.083890786
32.454 1622428.929 0.083753056
32.375 1624786.269 0.083614666
32.296 1627165.922 0.083475638
32.217 1629567.787 0.083335994
32.137 1631991.765 0.083195754
32.057 1634437.757 0.083054940
31.976 1636905.661 0.082913574
31.895 1639395.378 0.082771677
31.813 1641906.805 0.082629269
31.731 1644439.843 0.082486371
31.648 1646994.390 0.082343005
31.566 1649570.343 0.082199191
31.482 1652167.602 0.082054950
31.399 1654786.063 0.081910303
31.315 1657425.625 0.081765269
31.230 1660086.185 0.081619869
31.146 1662767.641 0.081474123
31.061 1665469.890 0.081328051
30.975 1668192.829 0.081181673
30.889 1670936.354 0.081035009
30.803 1673700.363 0.080888078
30.717 1676484.752 0.080740899
30.630 1679289.419 0.080593493
30.543 1682114.258 0.080445878
30.456 1684959.169 0.080298072
30.368 1687824.045 0.080150096
30.281 1690708.785 0.080001967
30.193 1693613.285 0.079853704
30.104 1696537.440 0.079705325
30.016 1699481.148 0.079556849
29.927 1702444.304 0.079408294
29.838 1705426.806 0.079259676
29.748 1708428.550 0.079111015
29.659 1711449.433 0.078962328
29.569 1714489.350 0.078813631
29.479 1717548.199 0.078664942
29.389 1720625.877 0.078516278
29.298 1723722.281 0.078367656
29.208 1726837.307 0.078219093
29.117 1729970.852 0.078070604
29.026 1733122.815 0.077922206
28.935 1736293.092 0.077773916
28.844 1739481.581 0.077625749
28.752 1742688.179 0.077477720
28.661 1745912.784 0.077329846
28.569 1749155.295 0.077182142
28.477 1752415.610 0.077034623
28.385 1755693.626 0.076887304
28.293 1758989.243 0.076740200
28.201 1762302.359 0.076593325
28.108 1765632.874 0.076446695
28.016 1768980.686 0.076300322
27.923 1772345.696 0.076154222
27.831 1775727.802 0.076008409
27.738 1779126.905 0.075862895
27.645 1782542.904 0.075717695
27.552 1785975.702 0.075572822
27.459 1789425.197 0.075428290
27.366 1792891.292 0.075284111
27.273 1796373.887 0.075140298
27.179 1799872.884 0.074996864
27.086 1803388.185 0.074853822
26.993 1806919.692 0.074711184
26.899 1810467.307 0.074568961
26.806 1814030.934 0.074427167
26.712 1817610.476 0.074285813
26.619 1821205.835 0.074144910
26.525 1824816.916 0.074004470
26.432 1828443.623 0.073864505
26.338 1832085.859 0.073725026
26.245 1835743.531 0.073586043
26.151 1839416.543 0.073447568
26.057 1843104.800 0.073309611
25.964 1846808.208 0.073172183
25.870 1850526.674 0.073035294
25.776 1854260.104 0.072898955
25.683 1858008.405 0.072763175
25.589 1861771.484 0.072627965
25.495 1865549.249 0.072493334
25.402 1869341.608 0.072359292
25.308 1873148.469 0.072225849
25.215 1876969.741 0.072093013
25.121 1880805.334 0.071960794
25.028 1884655.156 0.071829202
24.934 1888519.119 0.071698244
24.841 1892397.131 0.071567930
24.747 1896289.104 0.071438269
24.654 1900194.950 0.071309268
24.561 1904114.579 0.071180937
24.467 1908047.905 0.071053283
24.374 1911994.838 0.070926316
24.281 1915955.292 0.070800042
24.188 1919929.180 0.070674469
24.095 1923916.416 0.070549606
24.002 1927916.914 0.070425461
23.909 1931930.588 0.070302040
23.816 1935957.353 0.070179350
23.724 1939997.125 0.070057401
23.631 1944049.819 0.069936197
23.538 1948115.351 0.069815748
23.446 1952193.638 0.069696059
23.353 1956284.597 0.069577138
23.261 1960388.146 0.069458990
23.169 1964504.201 0.069341624
23.077 1968632.683 0.069225045
22.985 1972773.508 0.069109261
22.893 1976926.596 0.068994276
22.801 1981091.868 0.068880099
22.709 1985269.242 0.068766734
22.617 1989458.640 0.068654188
22.526 1993659.982 0.068542468
22.434 1997873.190 0.068431578
22.343 2002098.184 0.068321525
22.252 2006334.889 0.068212315
22.160 2010583.225 0.068103953
22.069 2014843.116 0.067996445
21.978 2019114.485 0.067889797
21.888 2023397.257 0.067784014
21.797 2027691.356 0.067679102
21.706 2031996.706 0.067575065
21.616 2036313.232 0.067471910
21.526 2040640.861 0.067369641
21.435 2044979.518 0.067268264
21.345 2049329.130 0.067167783
21.255 2053689.623 0.067068205
21.165 2058060.925 0.066969533
21.076 2062442.964 0.066871773
20.986 2066835.667 0.066774930
20.897 2071238.964 0.066679009
20.807 2075652.784 0.066584014
20.718 2080077.055 0.066489950
20.629 2084511.709 0.066396823
20.540 2088956.674 0.066304636
20.451 2093411.882 0.066213394
20.363 2097877.264 0.066123103
20.274 2102352.752 0.066033766
20.186 2106838.277 0.065945389
20.097 2111333.772 0.065857976
20.009 2115839.169 0.065771531
