# Budapest->Starlink_1
20.037 10833761.604
20.085 10837910.077
20.133 10842055.930
20.180 10846199.162
20.228 10850339.772
20.275 10854477.760
20.322 10858613.124
20.369 10862745.862
20.415 10866875.975
20.462 10871003.460
20.508 10875128.316
20.554 10879250.544
20.599 10883370.140
20.645 10887487.104
20.690 10891601.436
20.734 10895713.134
20.779 10899822.196
20.823 10903928.623
20.867 10908032.411
20.911 10912133.562
20.955 10916232.073
20.998 10920327.943
21.041 10924421.171
21.084 10928511.757
21.126 10932599.699
21.168 10936684.995
21.210 10940767.645
21.252 10944847.648
21.293 10948925.003
21.334 10952999.708
21.375 10957071.762
21.415 10961141.165
21.456 10965207.915
21.495 10969272.011
21.535 10973333.452
21.574 10977392.237
21.613 10981448.364
21.652 10985501.834
21.690 10989552.644
21.728 10993600.794
21.766 10997646.282
21.803 11001689.107
21.840 11005729.269
21.877 11009766.765
21.913 11013801.596
21.949 11017833.760
21.984 11021863.256
22.020 11025890.083
22.055 11029914.239
22.089 11033935.724
22.124 11037954.537
22.158 11041970.676
22.191 11045984.140
22.224 11049994.929
22.257 11054003.041
22.290 11058008.475
22.322 11062011.231
22.354 11066011.306
22.385 11070008.700
22.416 11074003.412
22.447 11077995.441
22.477 11081984.786
22.507 11085971.445
22.536 11089955.418
22.565 11093936.703
22.594 11097915.300
22.622 11101891.207
22.650 11105864.423
22.678 11109834.948
22.705 11113802.779
22.732 11117767.917
22.758 11121730.360
22.784 11125690.107
22.810 11129647.156
22.835 11133601.508
22.859 11137553.160
22.884 11141502.112
22.908 11145448.363
22.931 11149391.911
22.954 11153332.755
22.977 11157270.896
22.999 11161206.330
23.021 11165139.058
23.042 11169069.078
23.063 11172996.390
23.084 11176920.991
23.104 11180842.882
23.123 11184762.061
23.143 11188678.527
23.161 11192592.278
23.180 11196503.315
23.197 11200411.636
23.215 11204317.239
23.232 11208220.124
23.248 11212120.290
23.265 11216017.736
23.280 11219912.460
23.295 11223804.462
23.310 11227693.741
23.325 11231580.295
23.338 11235464.123
23.352 11239345.225
23.365 11243223.599
23.377 11247099.245
23.389 11250972.161
23.401 11254842.346
23.412 11258709.800
23.423 11262574.520
23.433 11266436.507
23.442 11270295.759
23.452 11274152.275
23.460 11278006.054
23.469 11281857.096
23.477 11285705.398
23.484 11289550.960
23.491 11293393.781
23.497 11297233.860
23.503 11301071.196
23.509 11304905.788
23.514 11308737.635
23.518 11312566.735
23.522 11316393.088
23.526 11320216.693
23.529 11324037.549
23.532 11327855.655
23.534 11331671.009
23.536 11335483.611
23.537 11339293.460
23.538 11343100.554
23.538 11346904.893
23.538 11350706.475
23.537 11354505.300
23.536 11358301.367
23.534 11362094.674
23.532 11365885.221
23.530 11369673.006
23.527 11373458.029
23.523 11377240.289
23.519 11381019.783
23.515 11384796.513
23.510 11388570.476
23.504 11392341.671
23.498 11396110.098
23.492 11399875.755
23.485 11403638.642
23.478 11407398.757
23.470 11411156.100
23.462 11414910.669
23.453 11418662.464
23.444 11422411.483
23.434 11426157.726
23.424 11429901.191
23.414 11433641.877
23.403 11437379.784
23.391 11441114.910
23.379 11444847.255
23.367 11448576.818
23.354 11452303.597
23.341 11456027.591
23.327 11459748.800
23.313 11463467.222
23.298 11467182.857
23.283 11470895.703
23.267 11474605.760
23.251 11478313.026
23.235 11482017.501
23.218 11485719.184
23.200 11489418.073
23.182 11493114.167
23.164 11496807.467
23.145 11500497.970
23.126 11504185.675
23.106 11507870.583
23.086 11511552.690
23.066 11515231.998
23.045 11518908.504
23.024 11522582.208
23.002 11526253.109
22.980 11529921.206
22.957 11533586.497
22.934 11537248.983
22.910 11540908.661
22.887 11544565.531
22.862 11548219.592
22.838 11551870.843
22.812 11555519.283
22.787 11559164.910
22.761 11562807.725
22.734 11566447.726
22.708 11570084.912
22.680 11573719.283
22.653 11577350.836
22.625 11580979.571
22.597 11584605.488
22.568 11588228.585
22.539 11591848.862
22.509 11595466.316
22.479 11599080.948
22.449 11602692.757
22.418 11606301.741
22.387 11609907.899
22.356 11613511.231
22.324 11617111.736
22.292 11620709.412
22.259 11624304.259
22.226 11627896.276
22.193 11631485.461
22.159 11635071.814
22.125 11638655.335
22.091 11642236.021
22.056 11645813.872
22.021 11649388.887
21.985 11652961.065
21.950 11656530.405
21.914 11660096.906
21.877 11663660.568
21.840 11667221.388
21.803 11670779.368
21.766 11674334.504
21.728 11677886.797
21.690 11681436.245
21.651 11684982.849
21.613 11688526.605
21.574 11692067.515
21.534 11695605.576
21.494 11699140.787
21.454 11702673.149
21.414 11706202.660
21.373 11709729.318
21.333 11713253.124
21.291 11716774.076
21.250 11720292.173
21.208 11723807.414
21.166 11727319.799
21.123 11730829.326
21.081 11734335.994
21.038 11737839.803
20.995 11741340.752
20.951 11744838.839
20.907 11748334.064
20.863 11751826.426
20.819 11755315.924
20.774 11758802.557
20.730 11762286.323
20.684 11765767.223
20.639 11769245.256
20.593 11772720.419
20.548 11776192.713
20.501 11779662.136
20.455 11783128.688
20.408 11786592.367
20.362 11790053.173
20.315 11793511.105
20.267 11796966.162
20.220 11800418.343
20.172 11803867.646
20.124 11807314.072
20.076 11810757.619
20.027 11814198.287
# Starlink_1->NewYork
20.081 9743889.343
20.193 9743492.089
20.304 9743094.817
20.416 9742697.527
20.529 9742300.219
20.642 9741902.895
20.755 9741505.554
20.869 9741108.197
20.983 9740710.825
21.098 9740313.436
21.214 9739916.033
21.329 9739518.615
21.446 9739121.183
21.562 9738723.738
21.680 9738326.278
21.797 9737928.806
21.916 9737531.321
22.034 9737133.824
22.154 9736736.315
22.273 9736338.795
22.394 9735941.263
22.514 9735543.721
22.636 9735146.168
22.758 9734748.606
22.880 9734351.034
23.003 9733953.453
23.126 9733555.864
23.250 9733158.266
23.375 9732760.660
23.500 9732363.047
23.625 9731965.427
23.752 9731567.799
23.878 9731170.166
24.006 9730772.527
24.133 9730374.882
24.262 9729977.232
24.391 9729579.577
24.520 9729181.918
24.651 9728784.254
24.781 9728386.588
24.913 9727988.918
25.045 9727591.245
25.177 9727193.570
25.310 9726795.893
25.444 9726398.215
25.579 9726000.535
25.714 9725602.855
25.849 9725205.174
25.985 9724807.493
26.122 9724409.812
26.260 9724012.133
26.398 9723614.454
26.537 9723216.777
26.676 9722819.102
26.817 9722421.429
26.957 9722023.760
27.099 9721626.093
27.241 9721228.430
27.384 9720830.771
27.527 9720433.116
27.672 9720035.466
27.816 9719637.821
27.962 9719240.182
28.108 9718842.548
28.255 9718444.921
28.403 9718047.301
28.551 9717649.687
28.701 9717252.082
28.851 9716854.484
29.001 9716456.894
29.153 9716059.314
29.305 9715661.742
29.458 9715264.180
29.611 9714866.628
29.766 9714469.086
29.921 9714071.555
30.077 9713674.034
30.233 9713276.526
30.391 9712879.029
30.549 9712481.545
30.708 9712084.073
30.868 9711686.614
31.029 9711289.169
31.191 9710891.738
31.353 9710494.321
31.516 9710096.918
31.680 9709699.531
31.845 9709302.159
32.011 9708904.803
32.177 9708507.463
32.345 9708110.140
32.513 9707712.834
32.682 9707315.545
32.852 9706918.275
33.023 9706521.022
33.195 9706123.788
33.367 9705726.573
33.541 9705329.378
33.715 9704932.203
33.891 9704535.047
34.067 9704137.913
34.244 9703740.799
34.423 9703343.707
34.602 9702946.636
34.782 9702549.588
34.963 9702152.563
35.145 9701755.560
35.328 9701358.581
35.512 9700961.626
35.697 9700564.694
35.882 9700167.788
36.069 9699770.906
36.257 9699374.050
36.446 9698977.220
36.636 9698580.416
36.827 9698183.639
37.019 9697786.888
37.212 9697390.165
37.406 9696993.470
37.601 9696596.803
37.797 9696200.164
37.994 9695803.555
38.192 9695406.974
38.392 9695010.424
38.592 9694613.904
38.793 9694217.414
38.996 9693820.956
39.199 9693424.529
39.404 9693028.133
39.610 9692631.770
39.817 9692235.439
40.025 9691839.141
40.234 9691442.877
40.445 9691046.646
40.656 9690650.450
40.869 9690254.288
41.083 9689858.161
41.297 9689462.070
41.514 9689066.014
41.731 9688669.994
41.949 9688274.011
42.169 9687878.065
42.390 9687482.156
42.612 9687086.285
42.835 9686690.453
43.059 9686294.658
43.285 9685898.903
43.512 9685503.187
43.740 9685107.511
43.969 9684711.875
44.200 9684316.279
44.432 9683920.724
44.665 9683525.211
44.899 9683129.740
45.134 9682734.310
45.371 9682338.923
45.609 9681943.579
45.849 9681548.279
46.089 9681153.022
46.331 9680757.809
46.574 9680362.641
46.819 9679967.518
47.064 9679572.440
47.311 9679177.408
47.560 9678782.421
47.809 9678387.482
48.060 9677992.589
48.312 9677597.744
48.566 9677202.946
48.821 9676808.197
49.077 9676413.496
49.334 9676018.844
49.593 9675624.241
49.853 9675229.688
50.114 9674835.185
50.377 9674440.733
50.641 9674046.331
50.906 9673651.981
51.173 9673257.683
51.440 9672863.436
51.710 9672469.242
51.980 9672075.101
52.252 9671681.014
52.525 9671286.980
52.799 9670893.000
53.075 9670499.074
53.352 9670105.204
53.630 9669711.389
53.910 9669317.629
54.191 9668923.926
54.473 9668530.279
54.756 9668136.689
55.041 9667743.156
55.327 9667349.681
55.614 9666956.264
55.903 9666562.906
56.192 9666169.606
56.483 9665776.366
56.775 9665383.185
57.068 9664990.065
57.363 9664597.005
57.658 9664204.005
57.955 9663811.067
58.253 9663418.191
58.552 9663025.377
58.852 9662632.625
59.153 9662239.937
59.456 9661847.311
59.759 9661454.749
60.064 9661062.251
60.369 9660669.818
60.675 9660277.449
60.983 9659885.146
61.291 9659492.908
61.600 9659100.737
61.911 9658708.632
62.222 9658316.593
62.533 9657924.622
62.846 9657532.719
63.159 9657140.884
63.474 9656749.117
63.788 9656357.419
64.104 9655965.790
64.420 9655574.231
64.737 9655182.742
65.054 9654791.323
65.372 9654399.975
65.690 9654008.699
66.008 9653617.494
66.327 9653226.361
66.646 9652835.300
66.965 9652444.313
67.284 9652053.398
67.604 9651662.558
67.923 9651271.791
68.242 9650881.098
68.561 9650490.481
68.880 9650099.938
69.199 9649709.472
69.517 9649319.081
69.834 9648928.766
70.151 9648538.529
70.467 9648148.368
70.782 9647758.286
71.096 9647368.281
71.409 9646978.355
71.721 9646588.507
72.031 9646198.739
72.340 9645809.050
72.647 9645419.441
72.952 9645029.913
73.255 9644640.465
73.555 9644251.098
73.853 9643861.813
74.148 9643472.611
74.440 9643083.490
74.729 9642694.452
75.014 9642305.498
75.296 9641916.626
75.573 9641527.839
75.846 9641139.137
76.114 9640750.518
76.377 9640361.986
76.634 9639973.538
76.885 9639585.177
77.130 9639196.902
77.368 9638808.713
77.599 9638420.612
77.821 9638032.599
78.036 9637644.673
78.242 9637256.835
78.438 9636869.087
78.625 9636481.427
78.801 9636093.857
78.966 9635706.377
79.120 9635318.987
79.261 9634931.688
79.390 9634544.480
79.506 9634157.363
79.608 9633770.339
79.696 9633383.406
79.770 9632996.567
79.829 9632609.820
79.873 9632223.167
79.902 9631836.608
79.915 9631450.143
79.913 9631063.772
79.895 9630677.497
79.862 9630291.317
79.814 9629905.233
79.751 9629519.245
79.674 9629133.354
79.582 9628747.560
79.476 9628361.864
79.357 9627976.265
79.225 9627590.764
79.080 9627205.362
78.923 9626820.059
78.755 9626434.856
78.576 9626049.752
78.387 9625664.749
78.188 9625279.846
77.980 9624895.044
77.764 9624510.343
77.539 9624125.745
77.306 9623741.248
77.067 9623356.854
76.820 9622972.563
76.568 9622588.375
76.309 9622204.291
76.046 9621820.312
75.777 9621436.437
75.503 9621052.666
75.225 9620669.001
74.943 9620285.442
74.657 9619901.989
74.368 9619518.642
74.075 9619135.403
73.780 9618752.271
73.482 9618369.246
73.181 9617986.329
72.878 9617603.521
72.574 9617220.822
72.267 9616838.232
71.958 9616455.752
71.648 9616073.382
71.337 9615691.122
71.024 9615308.973
70.710 9614926.936
70.395 9614545.010
70.080 9614163.196
69.763 9613781.494
69.446 9613399.906
69.129 9613018.430
68.811 9612637.068
68.493 9612255.820
68.174 9611874.687
67.856 9611493.668
67.537 9611112.765
67.219 9610731.977
66.900 9610351.305
66.582 9609970.749
66.263 9609590.310
65.945 9609209.989
65.628 9608829.785
65.311 9608449.698
64.994 9608069.730
64.678 9607689.881
64.362 9607310.151
64.047 9606930.540
63.732 9606551.050
63.419 9606171.679
63.105 9605792.429
62.793 9605413.301
62.482 9605034.293
62.171 9604655.408
61.861 9604276.645
61.552 9603898.004
61.244 9603519.487
60.936 9603141.092
60.630 9602762.822
60.325 9602384.676
60.021 9602006.654
59.717 9601628.758
59.415 9601250.987
59.114 9600873.341
58.814 9600495.822
58.515 9600118.429
58.217 9599741.163
57.920 9599364.025
57.625 9598987.014
57.330 9598610.131
57.037 9598233.377
56.745 9597856.752
56.454 9597480.256
56.165 9597103.889
55.876 9596727.653
55.589 9596351.547
55.303 9595975.572
55.018 9595599.728
54.735 9595224.016
54.453 9594848.436
54.172 9594472.988
53.892 9594097.673
53.614 9593722.491
53.337 9593347.442
53.061 9592972.528
52.787 9592597.748
52.514 9592223.103
52.242 9591848.592
51.971 9591474.218
51.702 9591099.979
51.434 9590725.876
51.167 9590351.910
50.902 9589978.082
50.638 9589604.390
50.375 9589230.837
50.114 9588857.421
49.854 9588484.144
49.595 9588111.007
49.337 9587738.008
49.081 9587365.150
48.826 9586992.431
48.573 9586619.853
48.320 9586247.416
48.069 9585875.121
47.820 9585502.967
47.571 9585130.955
47.324 9584759.086
47.078 9584387.359
46.834 9584015.776
46.590 9583644.336
46.348 9583273.041
46.108 9582901.889
45.868 9582530.883
45.630 9582160.022
45.393 9581789.306
45.158 9581418.736
44.923 9581048.313
44.690 9580678.037
44.458 9580307.907
44.228 9579937.925
43.998 9579568.091
43.770 9579198.405
43.543 9578828.868
43.317 9578459.480
43.093 9578090.241
42.869 9577721.152
42.647 9577352.213
42.426 9576983.425
42.206 9576614.788
41.988 9576246.302
41.770 9575877.968
41.554 9575509.786
41.339 9575141.757
41.125 9574773.880
40.913 9574406.157
40.701 9574038.587
40.490 9573671.172
40.281 9573303.910
40.073 9572936.804
39.866 9572569.853
39.660 9572203.057
39.455 9571836.417
39.251 9571469.934
39.049 9571103.607
38.847 9570737.438
38.647 9570371.426
38.447 9570005.571
38.249 9569639.875
38.052 9569274.338
37.855 9568908.960
37.660 9568543.741
37.466 9568178.682
37.273 9567813.783
37.081 9567449.044
36.890 9567084.467
36.700 9566720.050
36.511 9566355.796
36.323 9565991.703
36.136 9565627.773
35.950 9565264.006
35.765 9564900.402
35.581 9564536.962
35.398 9564173.685
35.216 9563810.573
35.035 9563447.626
34.855 9563084.844
34.676 9562722.227
34.497 9562359.776
34.320 9561997.491
34.143 9561635.373
33.968 9561273.422
33.793 9560911.638
33.620 9560550.023
33.447 9560188.575
33.275 9559827.296
33.104 9559466.185
32.934 9559105.244
32.765 9558744.473
32.596 9558383.872
32.429 9558023.441
32.262 9557663.180
32.096 9557303.092
31.931 9556943.174
31.767 9556583.429
31.604 9556223.855
31.442 9555864.455
31.280 9555505.228
31.119 9555146.174
30.959 9554787.293
30.800 9554428.587
30.642 9554070.056
30.484 9553711.699
30.327 9553353.518
30.171 9552995.513
30.016 9552637.683
29.861 9552280.030
29.708 9551922.554
29.555 9551565.255
29.403 9551208.134
29.251 9550851.191
29.100 9550494.426
28.950 9550137.839
28.801 9549781.432
28.653 9549425.204
28.505 9549069.156
28.358 9548713.288
28.211 9548357.601
28.066 9548002.095
27.921 9547646.770
27.777 9547291.626
27.633 9546936.665
27.490 9546581.887
27.348 9546227.291
27.206 9545872.878
27.065 9545518.649
26.925 9545164.603
26.786 9544810.743
26.647 9544457.066
26.509 9544103.575
26.371 9543750.269
26.234 9543397.149
26.098 9543044.216
25.962 9542691.468
25.827 9542338.908
25.692 9541986.535
25.559 9541634.350
25.425 9541282.352
25.293 9540930.543
25.161 9540578.923
25.029 9540227.492
24.899 9539876.251
24.768 9539525.199
24.639 9539174.338
24.510 9538823.667
24.381 9538473.187
24.253 9538122.899
24.126 9537772.803
23.999 9537422.898
23.873 9537073.186
23.747 9536723.667
23.622 9536374.341
23.498 9536025.209
23.374 9535676.270
23.250 9535327.526
23.127 9534978.977
23.005 9534630.622
22.883 9534282.463
22.762 9533934.500
22.641 9533586.733
22.520 9533239.163
22.401 9532891.789
22.281 9532544.613
22.163 9532197.634
22.044 9531850.854
21.926 9531504.272
21.809 9531157.888
21.692 9530811.704
21.576 9530465.719
21.460 9530119.934
21.345 9529774.349
21.230 9529428.964
21.116 9529083.781
21.002 9528738.799
20.888 9528394.018
20.775 9528049.440
20.663 9527705.064
20.551 9527360.890
20.439 9527016.920
20.328 9526673.154
20.217 9526329.591
20.107 9525986.232
