20.076 2110834.343 0.065914921
20.167 2106219.203 0.066004813
20.257 2101617.393 0.066095666
20.348 2097029.007 0.066187472
20.439 2092454.139 0.066280222
20.529 2087892.883 0.066373911
20.620 2083345.333 0.066468528
20.711 2078811.585 0.066564068
20.802 2074291.735 0.066660522
20.894 2069785.879 0.066757881
20.985 2065294.113 0.066856138
21.076 2060816.536 0.066955285
21.167 2056353.246 0.067055314
21.259 2051904.340 0.067156215
21.350 2047469.917 0.067257982
21.442 2043050.078 0.067360605
21.533 2038644.922 0.067464075
21.625 2034254.550 0.067568385
21.717 2029879.063 0.067673524
21.808 2025518.563 0.067779485
21.900 2021173.151 0.067886259
21.992 2016842.930 0.067993836
22.084 2012528.004 0.068102207
22.176 2008228.476 0.068211363
22.268 2003944.451 0.068321294
22.360 1999676.032 0.068431991
22.452 1995423.326 0.068543445
22.544 1991186.438 0.068655645
22.636 1986965.474 0.068768581
22.728 1982760.540 0.068882245
22.820 1978571.745 0.068996624
22.912 1974399.195 0.069111710
23.004 1970242.999 0.069227491
23.096 1966103.266 0.069343958
23.188 1961980.104 0.069461099
23.280 1957873.623 0.069578904
23.373 1953783.933 0.069697362
23.465 1949711.145 0.069816461
23.557 1945655.369 0.069936191
23.649 1941616.718 0.070056539
23.741 1937595.302 0.070177495
23.833 1933591.235 0.070299047
23.924 1929604.629 0.070421182
24.016 1925635.597 0.070543890
24.108 1921684.252 0.070667157
24.200 1917750.710 0.070790971
24.292 1913835.083 0.070915320
24.383 1909937.488 0.071040191
24.475 1906058.040 0.071165572
24.567 1902196.853 0.071291449
24.658 1898354.044 0.071417809
24.749 1894529.730 0.071544638
24.841 1890724.027 0.071671925
24.932 1886937.053 0.071799653
25.023 1883168.924 0.071927811
25.114 1879419.759 0.072056383
25.205 1875689.676 0.072185356
25.296 1871978.794 0.072314716
25.386 1868287.231 0.072444447
25.477 1864615.107 0.072574534
25.567 1860962.541 0.072704964
25.658 1857329.652 0.072835721
25.748 1853716.561 0.072966790
25.838 1850123.389 0.073098154
25.928 1846550.255 0.073229800
26.017 1842997.281 0.073361710
26.107 1839464.587 0.073493869
26.196 1835952.296 0.073626260
26.285 1832460.528 0.073758868
26.374 1828989.405 0.073891675
26.463 1825539.050 0.074024666
26.552 1822109.584 0.074157822
26.640 1818701.130 0.074291128
26.728 1815313.810 0.074424565
26.816 1811947.747 0.074558116
26.904 1808603.063 0.074691764
26.991 1805279.882 0.074825491
27.079 1801978.327 0.074959279
27.166 1798698.520 0.075093109
27.252 1795440.584 0.075226964
27.339 1792204.644 0.075360825
27.425 1788990.822 0.075494673
27.511 1785799.241 0.075628489
27.597 1782630.025 0.075762254
27.682 1779483.298 0.075895950
27.767 1776359.182 0.076029556
27.852 1773257.801 0.076163053
27.936 1770179.279 0.076296422
28.020 1767123.737 0.076429643
28.104 1764091.301 0.076562695
28.188 1761082.092 0.076695559
28.271 1758096.234 0.076828214
28.354 1755133.849 0.076960640
28.436 1752195.060 0.077092816
28.518 1749279.990 0.077224721
28.599 1746388.762 0.077356335
28.681 1743521.496 0.077487637
28.762 1740678.316 0.077618605
28.842 1737859.342 0.077749218
28.922 1735064.697 0.077879455
29.002 1732294.502 0.078009295
29.081 1729548.877 0.078138715
29.159 1726827.943 0.078267694
29.238 1724131.821 0.078396210
29.315 1721460.630 0.078524241
29.393 1718814.489 0.078651765
29.470 1716193.519 0.078778760
29.546 1713597.838 0.078905205
29.622 1711027.564 0.079031075
29.697 1708482.815 0.079156350
29.772 1705963.708 0.079281006
29.846 1703470.361 0.079405022
29.920 1701002.890 0.079528375
29.993 1698561.410 0.079651041
30.066 1696146.037 0.079772999
30.138 1693756.886 0.079894226
30.209 1691394.071 0.080014698
30.280 1689057.705 0.080134394
30.351 1686747.901 0.080253291
30.420 1684464.772 0.080371365
30.490 1682208.429 0.080488594
32.538 1617066.222 0.084153504
32.438 1620077.295 0.083973961
32.338 1623113.785 0.083794017
32.238 1626175.546 0.083613703
32.137 1629262.431 0.083433047
32.036 1632374.296 0.083252077
31.934 1635510.995 0.083070824
31.832 1638672.383 0.082889315
31.730 1641858.313 0.082707578
31.628 1645068.641 0.082525641
31.525 1648303.220 0.082343531
31.421 1651561.904 0.082161276
31.318 1654844.549 0.081978903
31.214 1658151.008 0.081796438
31.110 1661481.136 0.081613908
31.005 1664834.789 0.081431338
30.901 1668211.820 0.081248755
30.796 1671612.084 0.081066183
30.691 1675035.438 0.080883648
30.585 1678481.736 0.080701175
30.480 1681950.834 0.080518788
30.374 1685442.588 0.080336511
30.268 1688956.853 0.080154367
30.162 1692493.486 0.079972382
30.055 1696052.344 0.079790577
29.949 1699633.283 0.079608975
29.842 1703236.161 0.079427600
29.735 1706860.835 0.079246473
29.628 1710507.163 0.079065616
29.521 1714175.003 0.078885051
29.413 1717864.214 0.078704799
29.306 1721574.654 0.078524882
29.198 1725306.184 0.078345319
29.091 1729058.662 0.078166131
28.983 1732831.949 0.077987338
28.875 1736625.906 0.077808960
28.767 1740440.394 0.077631017
28.659 1744275.273 0.077453526
28.551 1748130.407 0.077276508
28.443 1752005.657 0.077099980
28.334 1755900.887 0.076923961
28.226 1759815.959 0.076748469
28.118 1763750.738 0.076573521
28.009 1767705.089 0.076399134
27.901 1771678.876 0.076225326
27.793 1775671.964 0.076052112
27.684 1779684.220 0.075879510
27.576 1783715.511 0.075707536
27.467 1787765.704 0.075536205
27.359 1791834.666 0.075365533
27.250 1795922.265 0.075195536
27.142 1800028.371 0.075026227
27.034 1804152.854 0.074857623
26.925 1808295.582 0.074689736
26.817 1812456.428 0.074522583
26.709 1816635.261 0.074356175
26.600 1820831.955 0.074190528
26.492 1825046.382 0.074025654
26.384 1829278.414 0.073861567
26.276 1833527.927 0.073698279
26.168 1837794.793 0.073535803
26.060 1842078.889 0.073374152
25.952 1846380.089 0.073213337
25.844 1850698.271 0.073053371
25.736 1855033.312 0.072894266
25.629 1859385.088 0.072736032
25.521 1863753.479 0.072578681
25.414 1868138.363 0.072422224
25.306 1872539.620 0.072266671
25.199 1876957.131 0.072112035
25.092 1881390.776 0.071958324
24.985 1885840.438 0.071805549
24.878 1890305.997 0.071653719
24.771 1894787.339 0.071502846
24.664 1899284.345 0.071352938
24.558 1903796.902 0.071204004
24.451 1908324.893 0.071056054
24.345 1912868.204 0.070909098
24.239 1917426.723 0.070763142
24.133 1922000.336 0.070618198
24.027 1926588.931 0.070474272
23.921 1931192.396 0.070331373
23.815 1935810.621 0.070189510
23.710 1940443.495 0.070048690
23.604 1945090.910 0.069908922
23.499 1949752.756 0.069770212
23.394 1954428.925 0.069632569
23.289 1959119.311 0.069496000
23.184 1963823.805 0.069360512
23.080 1968542.303 0.069226113
22.975 1973274.700 0.069092808
22.871 1978020.889 0.068960607
22.767 1982780.769 0.068829514
22.663 1987554.234 0.068699537
22.559 1992341.183 0.068570682
22.456 1997141.514 0.068442955
22.353 2001955.126 0.068316364
22.249 2006781.918 0.068190914
22.146 2011621.791 0.068066611
22.043 2016474.644 0.067943461
21.941 2021340.380 0.067821470
21.838 2026218.901 0.067700644
21.736 2031110.110 0.067580989
21.634 2036013.909 0.067462511
21.532 2040930.204 0.067345214
21.430 2045858.900 0.067229105
21.329 2050799.901 0.067114189
21.227 2055753.114 0.067000471
21.126 2060718.446 0.066887956
21.025 2065695.804 0.066776651
20.925 2070685.097 0.066666559
20.824 2075686.232 0.066557687
20.724 2080699.121 0.066450039
20.624 2085723.672 0.066343620
20.524 2090759.796 0.066238436
20.424 2095807.405 0.066134491
20.324 2100866.411 0.066031790
20.225 2105936.726 0.065930338
20.126 2111018.264 0.065830140
20.027 2116110.938 0.065731201
