20.064 2109009.259 0.066024573
20.184 2102831.680 0.066146403
20.305 2096659.275 0.066270330
20.427 2090492.095 0.066396361
20.549 2084330.196 0.066524500
20.672 2078173.629 0.066654753
20.795 2072022.449 0.066787128
20.919 2065876.712 0.066921629
21.044 2059736.472 0.067058264
21.169 2053601.786 0.067197040
21.294 2047472.709 0.067337962
21.420 2041349.300 0.067481039
21.547 2035231.617 0.067626277
21.674 2029119.716 0.067773685
21.802 2023013.659 0.067923269
21.930 2016913.504 0.068075037
22.059 2010819.311 0.068228998
22.189 2004731.142 0.068385160
22.319 1998649.059 0.068543530
22.450 1992573.123 0.068704118
22.581 1986503.398 0.068866931
22.713 1980439.947 0.069031980
22.846 1974382.836 0.069199273
22.979 1968332.128 0.069368819
23.113 1962287.890 0.069540627
23.248 1956250.188 0.069714707
23.383 1950219.090 0.069891068
23.519 1944194.664 0.070069721
23.655 1938176.978 0.070250675
23.792 1932166.101 0.070433940
23.930 1926162.105 0.070619526
24.068 1920165.061 0.070807444
24.208 1914175.039 0.070997705
24.347 1908192.113 0.071190318
24.488 1902216.357 0.071385295
24.629 1896247.843 0.071582647
24.771 1890286.649 0.071782384
24.913 1884332.849 0.071984517
25.056 1878386.520 0.072189058
25.200 1872447.740 0.072396019
25.345 1866516.588 0.072605410
25.490 1860593.143 0.072817243
25.637 1854677.484 0.073031530
25.783 1848769.694 0.073248282
25.931 1842869.855 0.073467512
26.079 1836978.049 0.073689231
26.228 1831094.360 0.073913451
26.378 1825218.874 0.074140185
26.529 1819351.675 0.074369444
26.680 1813492.852 0.074601242
26.832 1807642.491 0.074835589
26.985 1801800.682 0.075072499
27.139 1795967.515 0.075311984
27.293 1790143.079 0.075554056
27.448 1784327.468 0.075798728
27.605 1778520.773 0.076046013
27.761 1772723.089 0.076295923
27.919 1766934.511 0.076548470
28.078 1761155.134 0.076803668
28.237 1755385.057 0.077061529
28.397 1749624.377 0.077322066
28.558 1743873.194 0.077585291
28.720 1738131.608 0.077851217
28.883 1732399.720 0.078119857
29.046 1726677.635 0.078391223
29.211 1720965.455 0.078665328
29.376 1715263.285 0.078942184
29.542 1709571.233 0.079221805
29.709 1703889.406 0.079504202
29.877 1698217.912 0.079789388
30.046 1692556.862 0.080077376
30.216 1686906.367 0.080368177
30.387 1681266.539 0.080661803
30.558 1675637.492 0.080958268
30.731 1670019.342 0.081257582
30.904 1664412.204 0.081559758
31.079 1658816.197 0.081864807
31.254 1653231.440 0.082172742
31.431 1647658.052 0.082483572
31.608 1642096.157 0.082797310
31.786 1636545.877 0.083113967
31.965 1631007.336 0.083433554
32.146 1625480.661 0.083756081
32.327 1619965.980 0.084081559
32.509 1614463.420 0.084409998
32.692 1608973.113 0.084741409
32.877 1603495.190 0.085075800
33.062 1598029.784 0.085413182
33.248 1592577.031 0.085753564
33.436 1587137.066 0.086096954
33.624 1581710.028 0.086443362
33.814 1576296.055 0.086792795
34.004 1570895.289 0.087145262
34.196 1565507.873 0.087500770
34.388 1560133.950 0.087859326
34.582 1554773.666 0.088220938
34.777 1549427.169 0.088585611
34.973 1544094.608 0.088953352
35.170 1538776.132 0.089324166
35.368 1533471.895 0.089698058
35.568 1528182.051 0.090075033
35.768 1522906.755 0.090455095
35.969 1517646.164 0.090838247
36.172 1512400.438 0.091224492
36.376 1507169.738 0.091613832
36.581 1501954.227 0.092006271
36.787 1496754.068 0.092401807
36.994 1491569.428 0.092800443
37.203 1486400.475 0.093202178
37.413 1481247.378 0.093607011
37.624 1476110.310 0.094014940
37.836 1470989.444 0.094425964
38.049 1465884.956 0.094840079
38.263 1460797.021 0.095257282
38.479 1455725.821 0.095677567
38.696 1450671.534 0.096100929
38.914 1445634.345 0.096527362
39.134 1440614.439 0.096956859
39.355 1435612.001 0.097389411
39.576 1430627.220 0.097825009
39.800 1425660.288 0.098263643
40.024 1420711.396 0.098705302
40.250 1415780.740 0.099149973
40.477 1410868.515 0.099597644
40.705 1405974.921 0.100048299
40.935 1401100.157 0.100501923
41.166 1396244.426 0.100958500
41.398 1391407.933 0.101418011
41.632 1386590.885 0.101880438
41.866 1381793.489 0.102345759
42.103 1377015.956 0.102813954
42.340 1372258.500 0.103284998
42.579 1367521.334 0.103758867
42.819 1362804.675 0.104235536
43.061 1358108.743 0.104714977
43.303 1353433.757 0.105197161
43.548 1348779.941 0.105682058
43.793 1344147.520 0.106169636
44.040 1339536.720 0.106659862
44.288 1334947.771 0.107152700
44.538 1330380.904 0.107648113
44.789 1325836.351 0.108146063
45.041 1321314.349 0.108646511
45.295 1316815.133 0.109149413
45.550 1312338.943 0.109654726
45.807 1307886.021 0.110162405
46.065 1303456.610 0.110672402
46.324 1299050.955 0.111184667
46.585 1294669.303 0.111699150
46.847 1290311.904 0.112215797
47.110 1285979.008 0.112734552
47.375 1281670.870 0.113255359
47.641 1277387.743 0.113778157
47.908 1273129.885 0.114302886
48.177 1268897.556 0.114829481
48.448 1264691.015 0.115357877
48.719 1260510.526 0.115888006
48.992 1256356.352 0.116419797
49.267 1252228.762 0.116953177
49.542 1248128.022 0.117488073
49.819 1244054.402 0.118024406
50.098 1240008.175 0.118562097
50.378 1235989.613 0.119101065
50.659 1231998.992 0.119641224
50.941 1228036.587 0.120182489
51.225 1224102.679 0.120724770
51.510 1220197.545 0.121267975
51.796 1216321.469 0.121812011
52.084 1212474.731 0.122356781
52.373 1208657.618 0.122902186
52.663 1204870.414 0.123448124
52.954 1201113.406 0.123994491
53.247 1197386.882 0.124541181
53.541 1193691.133 0.125088085
53.836 1190026.448 0.125635091
54.132 1186393.119 0.126182085
54.430 1182791.440 0.126728950
54.728 1179221.704 0.127275567
55.028 1175684.206 0.127821814
55.329 1172179.242 0.128367568
55.631 1168707.107 0.128912701
55.934 1165268.100 0.129457084
56.238 1161862.517 0.130000585
56.543 1158490.658 0.130543072
56.849 1155152.822 0.131084406
57.156 1151849.306 0.131624450
57.464 1148580.412 0.132163062
35.889 1519403.368 0.090719948
35.896 1519206.377 0.090734678
35.902 1519042.259 0.090747013
35.906 1518911.025 0.090756952
35.910 1518812.684 0.090764491
35.912 1518747.243 0.090769627
35.913 1518714.709 0.090772361
35.912 1518715.082 0.090772691
35.910 1518748.365 0.090770617
35.907 1518814.555 0.090766140
35.903 1518913.649 0.090759261
35.898 1519045.642 0.090749981
35.891 1519210.524 0.090738304
35.883 1519408.286 0.090724233
35.874 1519638.915 0.090707771
35.863 1519902.397 0.090688923
35.851 1520198.715 0.090667695
35.838 1520527.851 0.090644091
35.824 1520889.783 0.090618118
35.808 1521284.488 0.090589784
35.791 1521711.941 0.090559096
35.773 1522172.115 0.090526062
35.754 1522664.980 0.090490691
35.734 1523190.504 0.090452993
35.712 1523748.655 0.090412977
35.689 1524339.395 0.090370655
35.665 1524962.688 0.090326037
35.639 1525618.493 0.090279136
35.613 1526306.769 0.090229964
35.585 1527027.471 0.090178535
35.556 1527780.553 0.090124860
35.526 1528565.968 0.090068956
35.495 1529383.665 0.090010836
35.462 1530233.593 0.089950515
35.428 1531115.698 0.089888011
35.393 1532029.923 0.089823337
35.357 1532976.211 0.089756513
35.320 1533954.502 0.089687554
35.282 1534964.736 0.089616479
35.243 1536006.847 0.089543305
35.202 1537080.771 0.089468052
35.160 1538186.441 0.089390739
35.118 1539323.788 0.089311385
35.074 1540492.741 0.089230011
35.029 1541693.227 0.089146637
34.983 1542925.173 0.089061284
34.936 1544188.503 0.088973973
34.888 1545483.138 0.088884726
34.839 1546808.999 0.088793565
34.788 1548166.006 0.088700514
34.737 1549554.076 0.088605593
34.685 1550973.124 0.088508827
34.631 1552423.065 0.088410240
34.577 1553903.812 0.088309855
34.522 1555415.275 0.088207696
34.466 1556957.363 0.088103787
34.408 1558529.986 0.087998155
34.350 1560133.049 0.087890823
34.291 1561766.459 0.087781817
34.231 1563430.118 0.087671162
34.170 1565123.928 0.087558885
34.108 1566847.792 0.087445011
34.045 1568601.609 0.087329567
33.982 1570385.277 0.087212578
33.917 1572198.693 0.087094073
33.852 1574041.753 0.086974076
33.785 1575914.352 0.086852617
33.718 1577816.383 0.086729721
33.650 1579747.739 0.086605416
33.581 1581708.310 0.086479729
33.512 1583697.987 0.086352689
33.441 1585716.658 0.086224321
33.370 1587764.212 0.086094656
33.298 1589840.535 0.085963719
33.225 1591945.513 0.085831540
33.152 1594079.031 0.085698145
33.077 1596240.973 0.085563564
33.002 1598431.222 0.085427824
32.927 1600649.659 0.085290953
32.850 1602896.166 0.085152980
32.773 1605170.624 0.085013932
32.695 1607472.912 0.084873838
32.617 1609802.908 0.084732726
32.538 1612160.491 0.084590625
32.458 1614545.538 0.084447561
32.378 1616957.925 0.084303563
32.297 1619397.528 0.084158660
32.215 1621864.223 0.084012879
32.133 1624357.883 0.083866248
32.050 1626878.383 0.083718795
31.966 1629425.597 0.083570548
31.882 1631999.396 0.083421534
31.798 1634599.653 0.083271781
31.713 1637226.241 0.083121316
31.627 1639879.029 0.082970167
31.541 1642557.889 0.082818361
31.454 1645262.692 0.082665925
31.367 1647993.307 0.082512886
31.279 1650749.604 0.082359270
31.191 1653531.451 0.082205106
31.103 1656338.719 0.082050418
31.014 1659171.275 0.081895234
30.924 1662028.987 0.081739579
30.834 1664911.725 0.081583480
30.744 1667819.354 0.081426963
30.653 1670751.744 0.081270053
30.562 1673708.760 0.081112776
30.470 1676690.271 0.080955156
30.378 1679696.143 0.080797220
30.286 1682726.243 0.080638992
30.193 1685780.437 0.080480496
30.100 1688858.593 0.080321758
30.007 1691960.576 0.080162801
29.913 1695086.254 0.080003650
29.819 1698235.492 0.079844329
29.724 1701408.157 0.079684860
29.630 1704604.115 0.079525268
29.535 1707823.232 0.079365575
29.440 1711065.375 0.079205805
29.344 1714330.411 0.079045981
29.248 1717618.206 0.078886124
29.152 1720928.626 0.078726257
29.056 1724261.538 0.078566402
28.959 1727616.809 0.078406581
28.862 1730994.306 0.078246816
28.765 1734393.896 0.078087127
28.668 1737815.446 0.077927535
28.570 1741258.823 0.077768062
28.473 1744723.896 0.077608728
28.375 1748210.532 0.077449554
28.277 1751718.598 0.077290558
28.178 1755247.964 0.077131762
28.080 1758798.498 0.076973184
27.981 1762370.069 0.076814845
27.883 1765962.545 0.076656762
27.784 1769575.796 0.076498955
27.685 1773209.692 0.076341443
27.586 1776864.102 0.076184243
27.486 1780538.898 0.076027374
27.387 1784233.949 0.075870853
27.287 1787949.126 0.075714699
27.188 1791684.301 0.075558928
27.088 1795439.346 0.075403558
26.988 1799214.133 0.075248605
26.888 1803008.533 0.075094086
26.788 1806822.421 0.074940017
26.688 1810655.669 0.074786415
26.588 1814508.151 0.074633295
26.488 1818379.741 0.074480673
26.387 1822270.313 0.074328564
26.287 1826179.743 0.074176985
26.187 1830107.907 0.074025948
26.086 1834054.679 0.073875470
25.986 1838019.937 0.073725565
25.885 1842003.557 0.073576246
25.785 1846005.417 0.073427529
25.684 1850025.394 0.073279426
25.584 1854063.367 0.073131952
25.483 1858119.215 0.072985120
25.383 1862192.816 0.072838943
25.282 1866284.052 0.072693434
25.182 1870392.802 0.072548606
25.081 1874518.947 0.072404471
24.981 1878662.368 0.072261042
24.880 1882822.948 0.072118331
24.780 1887000.569 0.071976350
24.679 1891195.115 0.071835110
24.579 1895406.468 0.071694624
24.479 1899634.513 0.071554902
24.378 1903879.135 0.071415955
24.278 1908140.218 0.071277796
24.178 1912417.650 0.071140434
24.078 1916711.316 0.071003881
23.978 1921021.103 0.070868146
23.878 1925346.899 0.070733241
23.778 1929688.592 0.070599174
23.678 1934046.071 0.070465957
23.578 1938419.225 0.070333599
23.478 1942807.944 0.070202110
23.379 1947212.119 0.070071499
23.279 1951631.640 0.069941775
23.180 1956066.400 0.069812949
23.080 1960516.290 0.069685028
22.981 1964981.204 0.069558022
22.882 1969461.034 0.069431939
22.783 1973955.676 0.069306789
22.684 1978465.024 0.069182579
22.585 1982988.972 0.069059319
22.486 1987527.418 0.068937016
22.387 1992080.257 0.068815678
22.289 1996647.387 0.068695314
22.190 2001228.705 0.068575931
22.092 2005824.109 0.068457538
21.994 2010433.499 0.068340141
21.896 2015056.774 0.068223749
21.798 2019693.834 0.068108369
21.700 2024344.579 0.067994008
21.602 2029008.912 0.067880674
21.504 2033686.734 0.067768373
21.407 2038377.948 0.067657114
21.310 2043082.457 0.067546902
21.212 2047800.164 0.067437745
21.115 2052530.974 0.067329649
21.018 2057274.792 0.067222622
20.922 2062031.523 0.067116670
20.825 2066801.074 0.067011800
20.729 2071583.352 0.066908018
20.632 2076378.263 0.066805331
20.536 2081185.715 0.066703745
20.440 2086005.618 0.066603267
20.344 2090837.881 0.066503903
20.248 2095682.412 0.066405659
20.153 2100539.123 0.066308541
20.057 2105407.924 0.066212556
