20.011 2113199.805 0.065899115
20.118 2107661.094 0.066007407
20.226 2102130.934 0.066117287
20.334 2096609.398 0.066228754
20.443 2091096.563 0.066341808
20.552 2085592.503 0.066456446
20.661 2080097.294 0.066572669
20.771 2074611.013 0.066690475
20.881 2069133.738 0.066809864
20.991 2063665.547 0.066930834
21.102 2058206.518 0.067053384
21.213 2052756.731 0.067177515
21.324 2047316.265 0.067303224
21.436 2041885.203 0.067430512
21.548 2036463.625 0.067559378
21.660 2031051.614 0.067689820
21.773 2025649.253 0.067821838
21.886 2020256.625 0.067955432
21.999 2014873.815 0.068090599
22.113 2009500.908 0.068227341
22.227 2004137.990 0.068365655
22.342 1998785.148 0.068505541
22.456 1993442.469 0.068646998
22.572 1988110.041 0.068790026
22.687 1982787.954 0.068934622
22.803 1977476.297 0.069080787
22.919 1972175.160 0.069228520
23.036 1966884.635 0.069377818
23.153 1961604.814 0.069528682
23.270 1956335.789 0.069681110
23.388 1951077.655 0.069835101
23.506 1945830.506 0.069990653
23.624 1940594.436 0.070147766
23.743 1935369.543 0.070306437
23.862 1930155.923 0.070466666
23.981 1924953.674 0.070628450
24.101 1919762.894 0.070791788
24.221 1914583.683 0.070956679
24.341 1909416.141 0.071123121
24.462 1904260.369 0.071291110
24.583 1899116.469 0.071460647
24.705 1893984.543 0.071631727
24.827 1888864.696 0.071804350
24.949 1883757.032 0.071978512
25.071 1878661.657 0.072154211
25.194 1873578.676 0.072331444
25.318 1868508.196 0.072510209
25.441 1863450.327 0.072690502
25.565 1858405.176 0.072872321
25.689 1853372.853 0.073055662
25.814 1848353.470 0.073240521
25.939 1843347.138 0.073426896
26.064 1838353.969 0.073614782
26.190 1833374.077 0.073804175
26.316 1828407.577 0.073995071
26.443 1823454.583 0.074187466
26.569 1818515.212 0.074381355
26.696 1813589.580 0.074576733
26.824 1808677.807 0.074773596
26.952 1803780.011 0.074971938
27.080 1798896.312 0.075171754
27.208 1794026.831 0.075373038
27.337 1789171.690 0.075575785
27.466 1784331.011 0.075779987
27.595 1779504.919 0.075985640
27.725 1774693.539 0.076192735
27.855 1769896.995 0.076401267
27.985 1765115.414 0.076611227
28.116 1760348.925 0.076822609
28.247 1755597.656 0.077035405
28.378 1750861.736 0.077249607
28.510 1746141.296 0.077465206
28.642 1741436.468 0.077682193
28.774 1736747.383 0.077900560
28.907 1732074.176 0.078120298
29.040 1727416.981 0.078341396
29.173 1722775.932 0.078563845
29.306 1718151.168 0.078787634
29.440 1713542.825 0.079012753
29.574 1708951.041 0.079239190
29.708 1704375.956 0.079466935
29.843 1699817.709 0.079695975
29.978 1695276.444 0.079926299
30.113 1690752.301 0.080157893
30.248 1686245.423 0.080390745
30.384 1681755.956 0.080624841
30.520 1677284.045 0.080860168
30.656 1672829.835 0.081096711
30.792 1668393.473 0.081334456
30.929 1663975.108 0.081573388
31.066 1659574.889 0.081813490
31.203 1655192.966 0.082054748
31.340 1650829.490 0.082297144
31.478 1646484.612 0.082540662
31.615 1642158.486 0.082785284
31.753 1637851.266 0.083030993
31.891 1633563.105 0.083277769
32.030 1629294.161 0.083525595
32.168 1625044.589 0.083774451
32.307 1620814.547 0.084024316
32.446 1616604.194 0.084275172
32.585 1612413.688 0.084526995
32.724 1608243.191 0.084779766
32.863 1604092.863 0.085033462
33.003 1599962.866 0.085288061
33.142 1595853.363 0.085543539
33.282 1591764.517 0.085799873
33.422 1587696.495 0.086057038
33.562 1583649.460 0.086315010
33.702 1579623.579 0.086573763
33.842 1575619.019 0.086833272
33.982 1571635.949 0.087093509
34.122 1567674.536 0.087354448
34.262 1563734.950 0.087616061
34.403 1559817.362 0.087878320
34.543 1555921.942 0.088141195
34.683 1552048.862 0.088404656
34.824 1548198.295 0.088668675
34.964 1544370.413 0.088933219
35.104 1540565.391 0.089198258
35.245 1536783.402 0.089463759
35.385 1533024.623 0.089729690
35.525 1529289.229 0.089996017
35.666 1525577.396 0.090262706
35.806 1521889.301 0.090529722
35.946 1518225.122 0.090797031
36.086 1514585.037 0.091064596
36.225 1510969.224 0.091332382
36.365 1507377.864 0.091600349
36.505 1503811.135 0.091868462
36.644 1500269.217 0.092136680
36.783 1496752.291 0.092404966
36.922 1493260.539 0.092673279
37.061 1489794.141 0.092941579
37.200 1486353.279 0.093209824
37.338 1482938.135 0.093477974
37.476 1479548.892 0.093745986
37.614 1476185.732 0.094013816
37.751 1472848.839 0.094281421
37.889 1469538.395 0.094548758
38.025 1466254.583 0.094815781
38.162 1462997.588 0.095082444
38.298 1459767.592 0.095348702
38.434 1456564.780 0.095614508
38.569 1453389.335 0.095879815
38.704 1450241.441 0.096144576
38.839 1447121.282 0.096408740
38.973 1444029.042 0.096672261
39.107 1440964.904 0.096935088
39.240 1437929.051 0.097197171
39.372 1434921.668 0.097458460
39.504 1431942.938 0.097718904
39.636 1428993.043 0.097978451
39.767 1426072.166 0.098237049
39.897 1423180.490 0.098494645
40.027 1420318.197 0.098751187
40.156 1417485.469 0.099006621
40.284 1414682.486 0.099260893
40.412 1411909.429 0.099513950
40.539 1409166.480 0.099765735
40.665 1406453.817 0.100016195
40.790 1403771.619 0.100265274
40.915 1401120.066 0.100512915
41.039 1398499.335 0.100759064
41.161 1395909.603 0.101003663
41.284 1393351.046 0.101246656
41.405 1390823.839 0.101487987
41.525 1388328.158 0.101727597
41.644 1385864.176 0.101965430
41.763 1383432.066 0.102201428
41.880 1381031.998 0.102435534
41.996 1378664.145 0.102667690
42.112 1376328.674 0.102897837
42.226 1374025.755 0.103125918
42.339 1371755.554 0.103351875
42.451 1369518.238 0.103575650
42.562 1367313.970 0.103797184
42.672 1365142.915 0.104016421
42.780 1363005.232 0.104233301
42.887 1360901.084 0.104447767
42.993 1358830.628 0.104659761
43.098 1356794.021 0.104869226
43.201 1354791.419 0.105076105
43.303 1352822.976 0.105280339
43.404 1350888.844 0.105481873
43.503 1348989.173 0.105680650
43.601 1347124.112 0.105876613
43.698 1345293.807 0.106069707
43.793 1343498.403 0.106259876
43.886 1341738.042 0.106447065
43.978 1340012.865 0.106631219
50.687 1230631.529 0.119861904
50.482 1233504.283 0.119471857
50.278 1236411.170 0.119079784
50.072 1239351.946 0.118685789
49.866 1242326.370 0.118289973
49.660 1245334.197 0.117892439
49.453 1248375.182 0.117493286
49.245 1251449.081 0.117092614
49.038 1254555.649 0.116690521
48.830 1257694.642 0.116287102
48.621 1260865.814 0.115882455
48.412 1264068.920 0.115476674
48.203 1267303.715 0.115069850
47.994 1270569.954 0.114662077
47.785 1273867.392 0.114253443
47.575 1277195.783 0.113844040
47.366 1280554.884 0.113433953
47.156 1283944.451 0.113023271
46.947 1287364.239 0.112612076
46.737 1290814.004 0.112200453
46.527 1294293.505 0.111788485
46.318 1297802.499 0.111376250
46.108 1301340.743 0.110963830
45.899 1304907.996 0.110551301
45.690 1308504.018 0.110138740
45.481 1312128.568 0.109726222
45.272 1315781.408 0.109313820
45.063 1319462.298 0.108901606
44.855 1323171.002 0.108489650
44.646 1326907.282 0.108078022
44.438 1330670.903 0.107666788
44.231 1334461.629 0.107256016
44.023 1338279.226 0.106845769
43.817 1342123.462 0.106436112
43.610 1345994.105 0.106027105
43.404 1349890.923 0.105618808
43.198 1353813.687 0.105211282
42.992 1357762.168 0.104804583
42.787 1361736.139 0.104398767
42.583 1365735.372 0.103993888
42.379 1369759.644 0.103590001
42.175 1373808.729 0.103187158
41.972 1377882.406 0.102785407
41.769 1381980.452 0.102384800
41.567 1386102.648 0.101985382
41.365 1390248.775 0.101587203
41.164 1394418.615 0.101190305
40.964 1398611.952 0.100794733
40.764 1402828.570 0.100400531
40.564 1407068.258 0.100007739
40.366 1411330.802 0.099616397
40.167 1415615.992 0.099226544
39.970 1419923.618 0.098838219
39.773 1424253.473 0.098451457
39.576 1428605.351 0.098066294
39.380 1432979.046 0.097682765
39.185 1437374.355 0.097300901
38.990 1441791.075 0.096920736
38.797 1446229.007 0.096542300
38.603 1450687.951 0.096165622
38.411 1455167.710 0.095790733
38.219 1459668.087 0.095417658
38.027 1464188.888 0.095046425
37.837 1468729.920 0.094677059
37.647 1473290.991 0.094309586
37.457 1477871.911 0.093944029
37.269 1482472.491 0.093580410
37.081 1487092.545 0.093218751
36.894 1491731.887 0.092859074
36.707 1496390.333 0.092501398
36.521 1501067.700 0.092145743
36.336 1505763.807 0.091792126
36.152 1510478.475 0.091440566
35.968 1515211.526 0.091091079
35.785 1519962.783 0.090743680
35.603 1524732.071 0.090398385
35.421 1529519.217 0.090055208
35.240 1534324.049 0.089714163
35.060 1539146.397 0.089375263
34.881 1543986.091 0.089038520
34.702 1548842.964 0.088703944
34.524 1553716.850 0.088371548
34.347 1558607.584 0.088041341
34.170 1563515.004 0.087713332
33.994 1568438.947 0.087387532
33.819 1573379.254 0.087063947
33.645 1578335.766 0.086742585
33.471 1583308.326 0.086423454
33.298 1588296.778 0.086106560
33.126 1593300.968 0.085791910
32.954 1598320.743 0.085479509
32.783 1603355.951 0.085169361
32.613 1608406.442 0.084861471
32.444 1613472.068 0.084555844
32.275 1618552.682 0.084252483
32.107 1623648.137 0.083951391
31.940 1628758.290 0.083652570
31.773 1633882.996 0.083356023
31.607 1639022.115 0.083061753
31.442 1644175.505 0.082769759
31.278 1649343.029 0.082480044
31.114 1654524.548 0.082192608
30.951 1659719.925 0.081907452
30.789 1664929.027 0.081624575
30.627 1670151.719 0.081343977
30.466 1675387.868 0.081065657
30.306 1680637.344 0.080789616
30.146 1685900.017 0.080515850
29.987 1691175.758 0.080244360
29.829 1696464.440 0.079975142
29.671 1701765.936 0.079708196
29.515 1707080.123 0.079443518
29.358 1712406.876 0.079181107
29.203 1717746.073 0.078920959
29.048 1723097.593 0.078663071
28.894 1728461.316 0.078407441
28.740 1733837.124 0.078154065
28.588 1739224.898 0.077902939
28.435 1744624.522 0.077654059
28.284 1750035.882 0.077407422
28.133 1755458.862 0.077163023
27.983 1760893.350 0.076920859
27.833 1766339.235 0.076680924
27.685 1771796.406 0.076443215
27.536 1777264.752 0.076207726
27.389 1782744.166 0.075974453
27.242 1788234.541 0.075743391
27.095 1793735.769 0.075514534
26.950 1799247.746 0.075287879
26.805 1804770.368 0.075063419
26.660 1810303.531 0.074841149
26.516 1815847.133 0.074621064
26.373 1821401.074 0.074403158
26.231 1826965.254 0.074187427
26.089 1832539.572 0.073973863
25.947 1838123.933 0.073762463
25.806 1843718.237 0.073553219
25.666 1849322.390 0.073346127
25.527 1854936.297 0.073141181
25.388 1860559.863 0.072938374
25.249 1866192.994 0.072737702
25.112 1871835.600 0.072539158
24.974 1877487.589 0.072342736
24.838 1883148.870 0.072148431
24.702 1888819.355 0.071956237
24.566 1894498.953 0.071766148
24.432 1900187.579 0.071578158
24.297 1905885.145 0.071392262
24.164 1911591.565 0.071208453
24.030 1917306.755 0.071026727
23.898 1923030.631 0.070847076
23.766 1928763.108 0.070669497
23.634 1934504.105 0.070493982
23.503 1940253.540 0.070320526
23.373 1946011.333 0.070149124
23.243 1951777.403 0.069979771
23.114 1957551.672 0.069812460
22.985 1963334.060 0.069647187
22.857 1969124.491 0.069483946
22.729 1974922.888 0.069322732
22.602 1980729.175 0.069163539
22.475 1986543.276 0.069006363
22.349 1992365.118 0.068851199
22.224 1998194.626 0.068698041
22.099 2004031.727 0.068546885
21.974 2009876.350 0.068397725
21.850 2015728.423 0.068250558
21.726 2021587.874 0.068105379
21.603 2027454.635 0.067962183
21.481 2033328.635 0.067820965
21.359 2039209.807 0.067681722
21.237 2045098.081 0.067544449
21.116 2050993.391 0.067409142
20.995 2056895.670 0.067275798
20.875 2062804.852 0.067144412
20.756 2068720.872 0.067014981
20.637 2074643.665 0.066887501
20.518 2080573.168 0.066761969
20.400 2086509.316 0.066638381
20.282 2092452.047 0.066516734
20.165 2098401.299 0.066397026
20.048 2104357.011 0.066279252
