20.042 2109607.605 0.066027487
20.085 2107417.871 0.066070611
20.127 2105245.769 0.066113662
20.169 2103091.356 0.066156632
20.211 2100954.685 0.066199515
20.252 2098835.814 0.066242304
20.293 2096734.798 0.066284991
20.334 2094651.690 0.066327569
20.375 2092586.548 0.066370031
20.415 2090539.424 0.066412370
20.455 2088510.373 0.066454579
20.494 2086499.450 0.066496651
20.534 2084506.707 0.066538578
20.573 2082532.198 0.066580354
20.612 2080575.978 0.066621972
20.650 2078638.097 0.066663424
20.688 2076718.609 0.066704704
20.726 2074817.566 0.066745804
20.764 2072935.020 0.066786718
20.801 2071071.022 0.066827438
20.838 2069225.624 0.066867959
20.875 2067398.877 0.066908272
20.911 2065590.831 0.066948372
20.947 2063801.536 0.066988251
20.983 2062031.042 0.067027903
21.018 2060279.399 0.067067320
21.053 2058546.655 0.067106496
21.088 2056832.861 0.067145425
21.122 2055138.063 0.067184100
21.156 2053462.310 0.067222514
21.190 2051805.649 0.067260660
21.223 2050168.128 0.067298533
21.256 2048549.794 0.067336125
21.288 2046950.692 0.067373430
21.321 2045370.869 0.067410441
21.353 2043810.370 0.067447154
21.384 2042269.241 0.067483560
21.415 2040747.526 0.067519653
21.446 2039245.269 0.067555429
21.477 2037762.514 0.067590879
21.507 2036299.305 0.067625999
21.537 2034855.684 0.067660781
21.566 2033431.694 0.067695221
21.595 2032027.377 0.067729312
21.624 2030642.773 0.067763047
21.652 2029277.925 0.067796422
21.680 2027932.873 0.067829431
21.707 2026607.656 0.067862066
21.734 2025302.315 0.067894324
21.761 2024016.888 0.067926198
21.787 2022751.414 0.067957683
21.813 2021505.930 0.067988773
21.839 2020280.475 0.068019462
21.864 2019075.084 0.068049746
21.889 2017889.796 0.068079619
21.913 2016724.645 0.068109075
21.937 2015579.667 0.068138110
21.961 2014454.897 0.068166718
21.984 2013350.368 0.068194895
22.006 2012266.115 0.068222634
22.029 2011202.171 0.068249932
22.051 2010158.569 0.068276784
22.072 2009135.340 0.068303185
22.093 2008132.515 0.068329129
22.114 2007150.127 0.068354613
22.134 2006188.204 0.068379632
22.154 2005246.777 0.068404181
22.174 2004325.875 0.068428257
22.193 2003425.526 0.068451854
22.211 2002545.758 0.068474969
22.229 2001686.599 0.068497597
22.247 2000848.075 0.068519735
22.264 2000030.212 0.068541378
22.281 1999233.036 0.068562523
22.298 1998456.571 0.068583166
22.314 1997700.842 0.068603303
22.329 1996965.873 0.068622930
22.344 1996251.685 0.068642044
22.359 1995558.302 0.068660642
22.373 1994885.746 0.068678720
22.387 1994234.037 0.068696275
22.400 1993603.195 0.068713303
22.413 1992993.241 0.068729803
22.426 1992404.193 0.068745770
22.438 1991836.070 0.068761203
22.449 1991288.890 0.068776097
22.461 1990762.670 0.068790451
22.471 1990257.426 0.068804262
22.482 1989773.174 0.068817528
22.491 1989309.929 0.068830245
22.501 1988867.706 0.068842413
22.510 1988446.518 0.068854028
22.518 1988046.378 0.068865089
22.526 1987667.300 0.068875593
22.534 1987309.294 0.068885539
22.541 1986972.371 0.068894925
22.547 1986656.543 0.068903750
22.553 1986361.818 0.068912011
22.559 1986088.207 0.068919707
22.564 1985835.716 0.068926838
22.569 1985604.353 0.068933401
22.574 1985394.127 0.068939396
22.577 1985205.042 0.068944821
22.581 1985037.104 0.068949676
22.584 1984890.319 0.068953960
22.586 1984764.690 0.068957672
22.588 1984660.221 0.068960812
22.590 1984576.914 0.068963378
22.591 1984514.772 0.068965371
22.592 1984473.797 0.068966791
22.592 1984453.987 0.068967636
22.592 1984455.345 0.068967908
22.591 1984477.868 0.068967606
22.590 1984521.557 0.068966730
22.588 1984586.407 0.068965280
22.586 1984672.417 0.068963258
22.583 1984779.583 0.068960662
22.580 1984907.902 0.068957495
22.577 1985057.367 0.068953756
22.573 1985227.974 0.068949447
22.569 1985419.715 0.068944567
22.564 1985632.585 0.068939119
22.558 1985866.576 0.068933103
22.553 1986121.679 0.068926521
22.546 1986397.884 0.068919374
22.540 1986695.184 0.068911663
22.533 1987013.566 0.068903389
22.525 1987353.020 0.068894555
22.517 1987713.534 0.068885162
22.508 1988095.095 0.068875212
22.499 1988497.692 0.068864707
22.490 1988921.308 0.068853649
22.480 1989365.931 0.068842040
22.470 1989831.545 0.068829882
22.459 1990318.134 0.068817178
22.448 1990825.682 0.068803929
22.436 1991354.171 0.068790140
22.424 1991903.583 0.068775811
22.412 1992473.901 0.068760947
22.399 1993065.105 0.068745549
22.385 1993677.175 0.068729621
22.371 1994310.091 0.068713166
22.357 1994963.831 0.068696186
22.342 1995638.374 0.068678686
22.327 1996333.697 0.068660667
22.312 1997049.778 0.068642135
22.295 1997786.593 0.068623092
22.279 1998544.117 0.068603541
22.262 1999322.326 0.068583487
22.245 2000121.194 0.068562933
22.227 2000940.695 0.068541883
22.209 2001780.802 0.068520342
22.190 2002641.487 0.068498312
22.171 2003522.723 0.068475798
22.152 2004424.482 0.068452804
22.132 2005346.733 0.068429335
22.111 2006289.447 0.068405394
22.091 2007252.594 0.068380987
22.069 2008236.143 0.068356118
22.048 2009240.062 0.068330791
22.026 2010264.320 0.068305011
22.004 2011308.882 0.068278783
21.981 2012373.717 0.068252111
21.958 2013458.790 0.068225001
21.934 2014564.067 0.068197457
21.910 2015689.513 0.068169485
21.886 2016835.093 0.068141089
21.861 2018000.770 0.068112275
21.836 2019186.508 0.068083048
21.810 2020392.270 0.068053412
21.784 2021618.018 0.068023375
21.758 2022863.714 0.067992941
21.731 2024129.320 0.067962115
21.704 2025414.796 0.067930903
21.676 2026720.103 0.067899311
21.648 2028045.199 0.067867344
21.620 2029390.046 0.067835009
21.591 2030754.602 0.067802310
21.562 2032138.824 0.067769254
21.533 2033542.671 0.067735847
21.503 2034966.101 0.067702095
21.473 2036409.069 0.067668003
21.442 2037871.534 0.067633578
21.412 2039353.450 0.067598826
21.380 2040854.773 0.067563753
21.349 2042375.459 0.067528365
21.317 2043915.462 0.067492668
21.285 2045474.737 0.067456670
21.252 2047053.236 0.067420375
21.219 2048650.915 0.067383791
21.186 2050267.725 0.067346924
21.152 2051903.620 0.067309781
21.118 2053558.551 0.067272367
21.083 2055232.471 0.067234690
21.049 2056925.330 0.067196756
21.014 2058637.080 0.067158572
20.978 2060367.672 0.067120144
20.943 2062117.056 0.067081479
20.907 2063885.181 0.067042584
20.870 2065671.998 0.067003466
20.834 2067477.455 0.066964131
20.797 2069301.501 0.066924586
20.760 2071144.086 0.066884839
20.722 2073005.157 0.066844895
20.684 2074884.661 0.066804762
20.646 2076782.548 0.066764446
20.607 2078698.763 0.066723956
20.569 2080633.253 0.066683297
20.529 2082585.967 0.066642476
20.490 2084556.848 0.066601501
20.450 2086545.845 0.066560379
20.410 2088552.902 0.066519117
20.370 2090577.965 0.066477722
20.330 2092620.979 0.066436200
20.289 2094681.889 0.066394559
20.248 2096760.639 0.066352807
20.206 2098857.175 0.066310950
20.165 2100971.440 0.066268995
20.123 2103103.378 0.066226950
20.080 2105252.934 0.066184822
20.038 2107420.049 0.066142617
0.0 0.0 0.0
0.0 0.0 0.0
0.0 0.0 0.0
0.0 0.0 0.0
0.0 0.0 0.0
0.0 0.0 0.0
0.0 0.0 0.0
0.0 0.0 0.0
0.0 0.0 0.0
0.0 0.0 0.0
0.0 0.0 0.0
0.0 0.0 0.0
0.0 0.0 0.0
0.0 0.0 0.0
0.0 0.0 0.0
0.0 0.0 0.0
0.0 0.0 0.0
0.0 0.0 0.0
0.0 0.0 0.0
0.0 0.0 0.0
0.0 0.0 0.0
0.0 0.0 0.0
0.0 0.0 0.0
0.0 0.0 0.0
0.0 0.0 0.0
0.0 0.0 0.0
0.0 0.0 0.0
0.0 0.0 0.0
0.0 0.0 0.0
0.0 0.0 0.0
0.0 0.0 0.0
0.0 0.0 0.0
0.0 0.0 0.0
0.0 0.0 0.0
0.0 0.0 0.0
0.0 0.0 0.0
0.0 0.0 0.0
0.0 0.0 0.0
0.0 0.0 0.0
0.0 0.0 0.0
0.0 0.0 0.0
0.0 0.0 0.0
0.0 0.0 0.0
0.0 0.0 0.0
0.0 0.0 0.0
0.0 0.0 0.0
0.0 0.0 0.0
0.0 0.0 0.0
0.0 0.0 0.0
0.0 0.0 0.0
0.0 0.0 0.0
0.0 0.0 0.0
0.0 0.0 0.0
0.0 0.0 0.0
0.0 0.0 0.0
0.0 0.0 0.0
0.0 0.0 0.0
0.0 0.0 0.0
0.0 0.0 0.0
0.0 0.0 0.0
0.0 0.0 0.0
0.0 0.0 0.0
0.0 0.0 0.0
0.0 0.0 0.0
0.0 0.0 0.0
0.0 0.0 0.0
0.0 0.0 0.0
0.0 0.0 0.0
0.0 0.0 0.0
0.0 0.0 0.0
0.0 0.0 0.0
0.0 0.0 0.0
0.0 0.0 0.0
0.0 0.0 0.0
0.0 0.0 0.0
0.0 0.0 0.0
0.0 0.0 0.0
0.0 0.0 0.0
0.0 0.0 0.0
0.0 0.0 0.0
0.0 0.0 0.0
0.0 0.0 0.0
0.0 0.0 0.0
0.0 0.0 0.0
0.0 0.0 0.0
0.0 0.0 0.0
0.0 0.0 0.0
0.0 0.0 0.0
0.0 0.0 0.0
0.0 0.0 0.0
0.0 0.0 0.0
0.0 0.0 0.0
0.0 0.0 0.0
0.0 0.0 0.0
0.0 0.0 0.0
0.0 0.0 0.0
0.0 0.0 0.0
0.0 0.0 0.0
0.0 0.0 0.0
0.0 0.0 0.0
0.0 0.0 0.0
0.0 0.0 0.0
0.0 0.0 0.0
0.0 0.0 0.0
0.0 0.0 0.0
0.0 0.0 0.0
0.0 0.0 0.0
0.0 0.0 0.0
0.0 0.0 0.0
0.0 0.0 0.0
0.0 0.0 0.0
0.0 0.0 0.0
0.0 0.0 0.0
0.0 0.0 0.0
0.0 0.0 0.0
0.0 0.0 0.0
0.0 0.0 0.0
0.0 0.0 0.0
0.0 0.0 0.0
0.0 0.0 0.0
0.0 0.0 0.0
0.0 0.0 0.0
0.0 0.0 0.0
0.0 0.0 0.0
0.0 0.0 0.0
0.0 0.0 0.0
0.0 0.0 0.0
0.0 0.0 0.0
0.0 0.0 0.0
0.0 0.0 0.0
0.0 0.0 0.0
0.0 0.0 0.0
0.0 0.0 0.0
0.0 0.0 0.0
0.0 0.0 0.0
0.0 0.0 0.0
0.0 0.0 0.0
0.0 0.0 0.0
0.0 0.0 0.0
0.0 0.0 0.0
0.0 0.0 0.0
0.0 0.0 0.0
0.0 0.0 0.0
0.0 0.0 0.0
0.0 0.0 0.0
0.0 0.0 0.0
0.0 0.0 0.0
0.0 0.0 0.0
0.0 0.0 0.0
0.0 0.0 0.0
0.0 0.0 0.0
0.0 0.0 0.0
0.0 0.0 0.0
0.0 0.0 0.0
0.0 0.0 0.0
0.0 0.0 0.0
0.0 0.0 0.0
0.0 0.0 0.0
0.0 0.0 0.0
0.0 0.0 0.0
0.0 0.0 0.0
0.0 0.0 0.0
0.0 0.0 0.0
0.0 0.0 0.0
0.0 0.0 0.0
0.0 0.0 0.0
0.0 0.0 0.0
0.0 0.0 0.0
0.0 0.0 0.0
0.0 0.0 0.0
0.0 0.0 0.0
0.0 0.0 0.0
0.0 0.0 0.0
0.0 0.0 0.0
0.0 0.0 0.0
0.0 0.0 0.0
0.0 0.0 0.0
0.0 0.0 0.0
0.0 0.0 0.0
0.0 0.0 0.0
0.0 0.0 0.0
0.0 0.0 0.0
0.0 0.0 0.0
0.0 0.0 0.0
0.0 0.0 0.0
0.0 0.0 0.0
0.0 0.0 0.0
0.0 0.0 0.0
0.0 0.0 0.0
0.0 0.0 0.0
0.0 0.0 0.0
0.0 0.0 0.0
0.0 0.0 0.0
0.0 0.0 0.0
0.0 0.0 0.0
0.0 0.0 0.0
0.0 0.0 0.0
0.0 0.0 0.0
0.0 0.0 0.0
0.0 0.0 0.0
0.0 0.0 0.0
0.0 0.0 0.0
0.0 0.0 0.0
0.0 0.0 0.0
0.0 0.0 0.0
0.0 0.0 0.0
0.0 0.0 0.0
0.0 0.0 0.0
0.0 0.0 0.0
0.0 0.0 0.0
0.0 0.0 0.0
0.0 0.0 0.0
0.0 0.0 0.0
0.0 0.0 0.0
0.0 0.0 0.0
0.0 0.0 0.0
0.0 0.0 0.0
0.0 0.0 0.0
0.0 0.0 0.0
0.0 0.0 0.0
0.0 0.0 0.0
0.0 0.0 0.0
0.0 0.0 0.0
0.0 0.0 0.0
0.0 0.0 0.0
0.0 0.0 0.0
0.0 0.0 0.0
0.0 0.0 0.0
0.0 0.0 0.0
0.0 0.0 0.0
0.0 0.0 0.0
0.0 0.0 0.0
0.0 0.0 0.0
0.0 0.0 0.0
0.0 0.0 0.0
0.0 0.0 0.0
0.0 0.0 0.0
0.0 0.0 0.0
0.0 0.0 0.0
0.0 0.0 0.0
0.0 0.0 0.0
0.0 0.0 0.0
0.0 0.0 0.0
0.0 0.0 0.0
0.0 0.0 0.0
0.0 0.0 0.0
0.0 0.0 0.0
0.0 0.0 0.0
0.0 0.0 0.0
0.0 0.0 0.0
0.0 0.0 0.0
0.0 0.0 0.0
0.0 0.0 0.0
0.0 0.0 0.0
0.0 0.0 0.0
0.0 0.0 0.0
0.0 0.0 0.0
0.0 0.0 0.0
0.0 0.0 0.0
0.0 0.0 0.0
0.0 0.0 0.0
0.0 0.0 0.0
0.0 0.0 0.0
0.0 0.0 0.0
0.0 0.0 0.0
0.0 0.0 0.0
0.0 0.0 0.0
0.0 0.0 0.0
0.0 0.0 0.0
0.0 0.0 0.0
0.0 0.0 0.0
0.0 0.0 0.0
0.0 0.0 0.0
0.0 0.0 0.0
0.0 0.0 0.0
0.0 0.0 0.0
0.0 0.0 0.0
0.0 0.0 0.0
0.0 0.0 0.0
0.0 0.0 0.0
0.0 0.0 0.0
0.0 0.0 0.0
0.0 0.0 0.0
0.0 0.0 0.0
0.0 0.0 0.0
0.0 0.0 0.0
0.0 0.0 0.0
0.0 0.0 0.0
0.0 0.0 0.0
0.0 0.0 0.0
0.0 0.0 0.0
0.0 0.0 0.0
0.0 0.0 0.0
0.0 0.0 0.0
0.0 0.0 0.0
0.0 0.0 0.0
0.0 0.0 0.0
0.0 0.0 0.0
0.0 0.0 0.0
0.0 0.0 0.0
0.0 0.0 0.0
0.0 0.0 0.0
0.0 0.0 0.0
0.0 0.0 0.0
0.0 0.0 0.0
0.0 0.0 0.0
0.0 0.0 0.0
0.0 0.0 0.0
0.0 0.0 0.0
0.0 0.0 0.0
0.0 0.0 0.0
0.0 0.0 0.0
0.0 0.0 0.0
0.0 0.0 0.0
0.0 0.0 0.0
0.0 0.0 0.0
0.0 0.0 0.0
0.0 0.0 0.0
0.0 0.0 0.0
0.0 0.0 0.0
0.0 0.0 0.0
0.0 0.0 0.0
0.0 0.0 0.0
0.0 0.0 0.0
0.0 0.0 0.0
0.0 0.0 0.0
0.0 0.0 0.0
0.0 0.0 0.0
0.0 0.0 0.0
0.0 0.0 0.0
0.0 0.0 0.0
0.0 0.0 0.0
0.0 0.0 0.0
0.0 0.0 0.0
0.0 0.0 0.0
0.0 0.0 0.0
0.0 0.0 0.0
0.0 0.0 0.0
0.0 0.0 0.0
0.0 0.0 0.0
0.0 0.0 0.0
0.0 0.0 0.0
0.0 0.0 0.0
0.0 0.0 0.0
0.0 0.0 0.0
0.0 0.0 0.0
0.0 0.0 0.0
0.0 0.0 0.0
0.0 0.0 0.0
0.0 0.0 0.0
0.0 0.0 0.0
0.0 0.0 0.0
0.0 0.0 0.0
0.0 0.0 0.0
0.0 0.0 0.0
0.0 0.0 0.0
0.0 0.0 0.0
0.0 0.0 0.0
0.0 0.0 0.0
0.0 0.0 0.0
0.0 0.0 0.0
0.0 0.0 0.0
0.0 0.0 0.0
0.0 0.0 0.0
0.0 0.0 0.0
0.0 0.0 0.0
0.0 0.0 0.0
0.0 0.0 0.0
0.0 0.0 0.0
0.0 0.0 0.0
0.0 0.0 0.0
0.0 0.0 0.0
0.0 0.0 0.0
0.0 0.0 0.0
0.0 0.0 0.0
0.0 0.0 0.0
0.0 0.0 0.0
0.0 0.0 0.0
0.0 0.0 0.0
0.0 0.0 0.0
0.0 0.0 0.0
0.0 0.0 0.0
0.0 0.0 0.0
0.0 0.0 0.0
0.0 0.0 0.0
0.0 0.0 0.0
0.0 0.0 0.0
0.0 0.0 0.0
0.0 0.0 0.0
0.0 0.0 0.0
0.0 0.0 0.0
0.0 0.0 0.0
0.0 0.0 0.0
0.0 0.0 0.0
0.0 0.0 0.0
0.0 0.0 0.0
0.0 0.0 0.0
0.0 0.0 0.0
0.0 0.0 0.0
0.0 0.0 0.0
0.0 0.0 0.0
0.0 0.0 0.0
0.0 0.0 0.0
0.0 0.0 0.0
0.0 0.0 0.0
0.0 0.0 0.0
0.0 0.0 0.0
0.0 0.0 0.0
0.0 0.0 0.0
0.0 0.0 0.0
0.0 0.0 0.0
0.0 0.0 0.0
0.0 0.0 0.0
0.0 0.0 0.0
0.0 0.0 0.0
0.0 0.0 0.0
0.0 0.0 0.0
0.0 0.0 0.0
0.0 0.0 0.0
0.0 0.0 0.0
0.0 0.0 0.0
0.0 0.0 0.0
0.0 0.0 0.0
0.0 0.0 0.0
0.0 0.0 0.0
0.0 0.0 0.0
0.0 0.0 0.0
0.0 0.0 0.0
0.0 0.0 0.0
0.0 0.0 0.0
0.0 0.0 0.0
0.0 0.0 0.0
0.0 0.0 0.0
0.0 0.0 0.0
0.0 0.0 0.0
0.0 0.0 0.0
0.0 0.0 0.0
0.0 0.0 0.0
0.0 0.0 0.0
0.0 0.0 0.0
0.0 0.0 0.0
0.0 0.0 0.0
0.0 0.0 0.0
0.0 0.0 0.0
0.0 0.0 0.0
0.0 0.0 0.0
0.0 0.0 0.0
0.0 0.0 0.0
0.0 0.0 0.0
0.0 0.0 0.0
0.0 0.0 0.0
0.0 0.0 0.0
0.0 0.0 0.0
0.0 0.0 0.0
0.0 0.0 0.0
0.0 0.0 0.0
0.0 0.0 0.0
0.0 0.0 0.0
0.0 0.0 0.0
0.0 0.0 0.0
0.0 0.0 0.0
0.0 0.0 0.0
0.0 0.0 0.0
0.0 0.0 0.0
0.0 0.0 0.0
0.0 0.0 0.0
0.0 0.0 0.0
0.0 0.0 0.0
0.0 0.0 0.0
0.0 0.0 0.0
0.0 0.0 0.0
0.0 0.0 0.0
0.0 0.0 0.0
0.0 0.0 0.0
0.0 0.0 0.0
0.0 0.0 0.0
0.0 0.0 0.0
0.0 0.0 0.0
0.0 0.0 0.0
0.0 0.0 0.0
0.0 0.0 0.0
0.0 0.0 0.0
0.0 0.0 0.0
0.0 0.0 0.0
0.0 0.0 0.0
0.0 0.0 0.0
0.0 0.0 0.0
0.0 0.0 0.0
0.0 0.0 0.0
0.0 0.0 0.0
0.0 0.0 0.0
0.0 0.0 0.0
0.0 0.0 0.0
0.0 0.0 0.0
0.0 0.0 0.0
0.0 0.0 0.0
0.0 0.0 0.0
0.0 0.0 0.0
0.0 0.0 0.0
0.0 0.0 0.0
0.0 0.0 0.0
0.0 0.0 0.0
0.0 0.0 0.0
0.0 0.0 0.0
0.0 0.0 0.0
0.0 0.0 0.0
5339694.690 0.008
5326986.667 0.008
5314274.356 0.008
5301557.777 0.008
5288836.951 0.008
5276111.898 0.008
5263382.636 0.008
5250649.188 0.009
5237911.573 0.009
5225169.811 0.009
5212423.924 0.009
5199673.931 0.009
5186919.853 0.009
5174161.711 0.009
5161399.526 0.009
5148633.319 0.009
5135863.110 0.009
5123088.921 0.009
5110310.773 0.009
5097528.687 0.009
5084742.685 0.009
5071952.788 0.009
5059159.017 0.009
5046361.394 0.009
5033559.941 0.009
5020754.680 0.009
5007945.632 0.009
4995132.821 0.009
4982316.267 0.009
4969495.993 0.009
4956672.021 0.010
4943844.375 0.010
4931013.075 0.010
4918178.146 0.010
4905339.610 0.010
4892497.489 0.010
4879651.808 0.010
4866802.588 0.010
4853949.853 0.010
4841093.626 0.010
4828233.932 0.010
4815370.793 0.010
4802504.233 0.010
4789634.276 0.010
4776760.946 0.010
4763884.267 0.010
4751004.264 0.010
4738120.960 0.010
4725234.380 0.010
4712344.549 0.011
4699451.492 0.011
4686555.232 0.011
4673655.796 0.011
4660753.209 0.011
4647847.495 0.011
4634938.681 0.011
4622026.792 0.011
4609111.853 0.011
4596193.891 0.011
4583272.931 0.011
4570349.000 0.011
4557422.124 0.011
4544492.330 0.011
4531559.645 0.011
4518624.094 0.011
4505685.706 0.012
4492744.507 0.012
4479800.525 0.012
4466853.787 0.012
4453904.321 0.012
4440952.155 0.012
4427997.317 0.012
4415039.835 0.012
4402079.738 0.012
4389117.054 0.012
4376151.812 0.012
4363184.041 0.012
4350213.771 0.012
4337241.030 0.012
4324265.848 0.013
4311288.256 0.013
4298308.283 0.013
4285325.959 0.013
4272341.316 0.013
4259354.383 0.013
4246365.191 0.013
4233373.772 0.013
4220380.157 0.013
4207384.377 0.013
4194386.465 0.013
4181386.453 0.013
4168384.372 0.013
4155380.255 0.014
4142374.136 0.014
4129366.047 0.014
4116356.021 0.014
4103344.093 0.014
4090330.296 0.014
4077314.663 0.014
4064297.231 0.014
4051278.032 0.014
4038257.103 0.014
4025234.478 0.014
4012210.194 0.015
3999184.285 0.015
3986156.788 0.015
3973127.740 0.015
3960097.177 0.015
3947065.136 0.015
3934031.655 0.015
3920996.772 0.015
3907960.524 0.015
3894922.951 0.015
3881884.090 0.015
3868843.982 0.016
3855802.665 0.016
3842760.179 0.016
3829716.565 0.016
3816671.863 0.016
3803626.114 0.016
3790579.360 0.016
3777531.641 0.016
3764483.002 0.016
3751433.483 0.017
3738383.128 0.017
3725331.981 0.017
3712280.085 0.017
3699227.484 0.017
3686174.224 0.017
3673120.349 0.017
3660065.905 0.017
3647010.938 0.018
3633955.495 0.018
3620899.623 0.018
3607843.369 0.018
3594786.782 0.018
3581729.909 0.018
3568672.801 0.018
3555615.507 0.018
3542558.077 0.019
3529500.561 0.019
3516443.012 0.019
3503385.480 0.019
3490328.019 0.019
3477270.681 0.019
3464213.520 0.019
3451156.590 0.020
3438099.946 0.020
3425043.644 0.020
3411987.740 0.020
3398932.291 0.020
3385877.353 0.020
3372822.986 0.020
3359769.249 0.021
3346716.200 0.021
3333663.900 0.021
3320612.411 0.021
3307561.793 0.021
3294512.111 0.021
3281463.426 0.022
3268415.804 0.022
3255369.308 0.022
3242324.006 0.022
3229279.964 0.022
3216237.249 0.022
3203195.930 0.023
3190156.076 0.023
3177117.757 0.023
3164081.044 0.023
3151046.010 0.023
3138012.728 0.024
3124981.271 0.024
3111951.716 0.024
3098924.137 0.024
3085898.613 0.024
3072875.221 0.025
3059854.042 0.025
3046835.154 0.025
3033818.641 0.025
3020804.584 0.025
3007793.069 0.026
2994784.179 0.026
2981778.002 0.026
2968774.626 0.026
2955774.138 0.027
2942776.631 0.027
2929782.195 0.027
2916790.923 0.027
2903802.910 0.028
2890818.253 0.028
2877837.048 0.028
2864859.394 0.028
2851885.392 0.029
2838915.143 0.029
2825948.753 0.029
2812986.325 0.029
2800027.966 0.030
2787073.787 0.030
2774123.896 0.030
2761178.406 0.030
2748237.431 0.031
2735301.088 0.031
2722369.493 0.031
2709442.767 0.032
2696521.032 0.032
2683604.411 0.032
2670693.031 0.032
2657787.019 0.033
2644886.506 0.033
2631991.625 0.033
2619102.510 0.034
2606219.299 0.034
2593342.130 0.034
2580471.147 0.035
2567606.494 0.035
2554748.317 0.035
2541896.768 0.036
2529051.998 0.036
2516214.163 0.036
2503383.421 0.037
2490559.932 0.037
2477743.862 0.038
2464935.377 0.038
2452134.647 0.038
2439341.846 0.039
2426557.151 0.039
2413780.741 0.040
2401012.800 0.040
2388253.515 0.040
2375503.077 0.041
2362761.680 0.041
2350029.522 0.042
2337306.805 0.042
2324593.736 0.043
2311890.525 0.043
2299197.385 0.044
2286514.536 0.044
2273842.200 0.044
2261180.606 0.045
2248529.985 0.045
2235890.575 0.046
2223262.617 0.046
2210646.359 0.047
2198042.052 0.048
2185449.953 0.048
2172870.327 0.049
2160303.440 0.049
2147749.567 0.050
2135208.989 0.050
2122681.990 0.051
2110168.863 0.051
2097669.907 0.052
2085185.426 0.053
2072715.733 0.053
2060261.145 0.054
2047821.989 0.055
2035398.597 0.055
2022991.310 0.056
2010600.475 0.057
1998226.449 0.057
1985869.595 0.058
1973530.285 0.059
1961208.901 0.059
1948905.831 0.060
1936621.474 0.061
1924356.238 0.062
1912110.540 0.062
1899884.807 0.063
1887679.477 0.064
1875494.995 0.065
1863331.821 0.065
1851190.424 0.066
1839071.282 0.067
1826974.889 0.068
1814901.747 0.069
1802852.372 0.070
1790827.292 0.071
1778827.048 0.072
1766852.195 0.073
1754903.300 0.074
1742980.946 0.074
1731085.728 0.075
1719218.259 0.076
1707379.163 0.077
1695569.083 0.079
1683788.677 0.080
1672038.619 0.081
1660319.602 0.082
1648632.334 0.083
1636977.542 0.084
1625355.972 0.085
1613768.388 0.086
1602215.575 0.087
1590698.335 0.089
1579217.495 0.090
1567773.899 0.091
1556368.415 0.092
1545001.934 0.094
1533675.368 0.095
1522389.653 0.096
1511145.751 0.098
1499944.647 0.099
1488787.351 0.101
1477674.902 0.102
1466608.363 0.103
1455588.826 0.105
1444617.410 0.106
1433695.266 0.108
1422823.570 0.110
1412003.534 0.111
1401236.396 0.113
1390523.428 0.114
1379865.937 0.116
1369265.259 0.118
1358722.768 0.119
1348239.870 0.121
1337818.009 0.123
1327458.665 0.125
1317163.354 0.127
1306933.631 0.128
1296771.088 0.130
1286677.360 0.132
1276654.119 0.134
1266703.078 0.136
1256825.993 0.138
1247024.660 0.140
1237300.920 0.142
1227656.654 0.144
1218093.790 0.146
1208614.299 0.148
1199220.195 0.151
1189913.539 0.153
1180696.436 0.155
1171571.037 0.157
1162539.538 0.159
1153604.181 0.162
1144767.253 0.164
1136031.087 0.166
1127398.060 0.169
1118870.595 0.171
1110451.157 0.173
1102142.256 0.176
1093946.445 0.178
1085866.316 0.180
1077904.505 0.183
1070063.684 0.185
1062346.563 0.188
1054755.889 0.190
1047294.442 0.192
1039965.034 0.195
1032770.504 0.197
1025713.720 0.200
1018797.573 0.202
1012024.974 0.205
1005398.851 0.207
998922.145 0.209
992597.808 0.212
986428.795 0.214
980418.063 0.216
974568.565 0.219
968883.245 0.221
963365.032 0.223
958016.836 0.225
952841.541 0.227
947842.001 0.230
943021.030 0.232
938381.401 0.234
933925.834 0.235
929656.993 0.237
925577.480 0.239
921689.825 0.241
917996.481 0.243
914499.817 0.244
911202.111 0.246
908105.543 0.247
905212.191 0.249
902524.021 0.250
900042.881 0.251
897770.498 0.252
895708.470 0.253
893858.260 0.254
892221.195 0.255
890798.455 0.255
889591.075 0.256
888599.938 0.257
887825.771 0.257
887269.145 0.257
886930.473 0.257
886810.005 0.257
886907.831 0.257
887223.879 0.257
887757.913 0.257
888509.538 0.257
889478.201 0.256
890663.189 0.256
892063.635 0.255
893678.522 0.254
895506.681 0.253
897546.804 0.252
899797.439 0.251
902257.003 0.250
904923.783 0.249
907795.941 0.247
910871.524 0.246
914148.466 0.244
917624.597 0.243
921297.649 0.241
925165.261 0.239
929224.989 0.238
933474.311 0.236
937910.632 0.234
942531.294 0.232
947333.583 0.230
952314.731 0.228
957471.927 0.226
962802.321 0.223
968303.034 0.221
973971.156 0.219
979803.761 0.217
985797.905 0.214
991950.637 0.212
998259.001 0.210
1004720.039 0.207
1011330.800 0.205
1018088.342 0.202
1024989.735 0.200
1032032.065 0.198
1039212.440 0.195
1046527.991 0.193
1053975.873 0.190
1061553.272 0.188
1069257.405 0.185
1077085.521 0.183
1085034.907 0.181
1093102.886 0.178
1101286.819 0.176
1109584.108 0.173
1117992.198 0.171
1126508.573 0.169
1135130.763 0.166
1143856.342 0.164
1152682.927 0.162
1161608.182 0.160
1170629.813 0.157
1179745.574 0.155
1188953.265 0.153
1198250.731 0.151
1207635.860 0.149
1217106.589 0.147
1226660.897 0.144
1236296.808 0.142
1246012.393 0.140
1255805.764 0.138
1265675.075 0.136
1275618.527 0.134
1285634.359 0.132
1295720.854 0.131
1305876.334 0.129
1316099.163 0.127
1326387.744 0.125
1336740.517 0.123
1347155.962 0.121
1357632.596 0.120
1368168.971 0.118
1378763.677 0.116
1389415.338 0.115
1400122.612 0.113
1410884.190 0.111
1421698.798 0.110
1432565.191 0.108
1443482.157 0.107
1454448.515 0.105
1465463.113 0.104
1476524.827 0.102
1487632.564 0.101
1498785.256 0.099
1509981.863 0.098
1521221.371 0.097
1532502.793 0.095
1543825.165 0.094
1555187.549 0.093
1566589.028 0.091
1578028.710 0.090
1589505.726 0.089
1601019.228 0.088
1612568.389 0.086
1624152.402 0.085
1635770.482 0.084
1647421.862 0.083
1659105.795 0.082
1670821.551 0.081
1682568.420 0.080
1694345.709 0.079
1706152.741 0.078
1717988.857 0.077
1729853.412 0.076
1741745.779 0.075
1753665.346 0.074
1765611.514 0.073
1777583.700 0.072
1789581.335 0.071
1801603.862 0.070
1813650.741 0.069
1825721.441 0.068
1837815.445 0.067
1849932.249 0.066
1862071.359 0.066
1874232.295 0.065
1886414.587 0.064
1898617.775 0.063
1910841.410 0.062
1923085.056 0.062
1935348.283 0.061
1947630.675 0.060
5337514.793 0.008
5328804.148 0.008
5320094.401 0.008
5311385.590 0.008
5302677.756 0.008
5293970.938 0.008
5285265.174 0.008
5276560.507 0.008
5267856.974 0.008
5259154.618 0.008
5250453.478 0.009
5241753.595 0.009
5233055.011 0.009
5224357.766 0.009
5215661.901 0.009
5206967.459 0.009
5198274.481 0.009
5189583.009 0.009
5180893.086 0.009
5172204.753 0.009
5163518.054 0.009
5154833.032 0.009
5146149.729 0.009
5137468.189 0.009
5128788.456 0.009
5120110.573 0.009
5111434.585 0.009
5102760.535 0.009
5094088.468 0.009
5085418.430 0.009
5076750.464 0.009
5068084.616 0.009
5059420.932 0.009
5050759.457 0.009
5042100.238 0.009
5033443.319 0.009
5024788.749 0.009
5016136.573 0.009
5007486.838 0.009
4998839.592 0.009
4990194.882 0.009
4981552.756 0.009
4972913.261 0.009
4964276.447 0.010
4955642.360 0.010
4947011.051 0.010
4938382.567 0.010
4929756.959 0.010
4921134.276 0.010
4912514.567 0.010
4903897.883 0.010
4895284.274 0.010
4886673.791 0.010
4878066.484 0.010
4869462.405 0.010
4860861.605 0.010
4852264.136 0.010
4843670.050 0.010
4835079.400 0.010
4826492.237 0.010
4817908.615 0.010
4809328.587 0.010
4800752.207 0.010
4792179.528 0.010
4783610.605 0.010
4775045.491 0.010
4766484.242 0.010
4757926.912 0.010
4749373.558 0.010
4740824.234 0.010
4732278.996 0.010
4723737.901 0.010
4715201.006 0.011
4706668.366 0.011
4698140.041 0.011
4689616.086 0.011
4681096.560 0.011
4672581.521 0.011
4664071.028 0.011
4655565.140 0.011
4647063.915 0.011
4638567.414 0.011
4630075.696 0.011
4621588.821 0.011
4613106.851 0.011
4604629.845 0.011
4596157.866 0.011
4587690.975 0.011
4579229.234 0.011
4570772.705 0.011
4562321.451 0.011
4553875.535 0.011
4545435.021 0.011
4536999.973 0.011
4528570.454 0.011
4520146.529 0.011
4511728.263 0.011
4503315.722 0.012
4494908.971 0.012
4486508.076 0.012
4478113.104 0.012
4469724.122 0.012
4461341.196 0.012
4452964.395 0.012
4444593.786 0.012
4436229.439 0.012
4427871.421 0.012
4419519.803 0.012
4411174.653 0.012
4402836.042 0.012
4394504.041 0.012
4386178.720 0.012
4377860.151 0.012
4369548.405 0.012
4361243.554 0.012
4352945.672 0.012
4344654.831 0.012
4336371.104 0.012
4328094.566 0.012
4319825.291 0.013
4311563.354 0.013
4303308.830 0.013
4295061.794 0.013
4286822.323 0.013
4278590.493 0.013
4270366.382 0.013
4262150.066 0.013
4253941.625 0.013
4245741.135 0.013
4237548.677 0.013
4229364.329 0.013
4221188.172 0.013
4213020.285 0.013
4204860.749 0.013
4196709.647 0.013
4188567.058 0.013
4180433.067 0.013
4172307.754 0.013
4164191.205 0.013
4156083.502 0.014
4147984.729 0.014
4139894.972 0.014
4131814.315 0.014
4123742.845 0.014
4115680.647 0.014
4107627.809 0.014
4099584.417 0.014
4091550.560 0.014
4083526.325 0.014
4075511.803 0.014
4067507.081 0.014
4059512.250 0.014
4051527.400 0.014
4043552.623 0.014
4035588.010 0.014
4027633.653 0.014
4019689.645 0.014
4011756.078 0.015
4003833.047 0.015
3995920.646 0.015
3988018.969 0.015
3980128.113 0.015
3972248.172 0.015
3964379.245 0.015
3956521.427 0.015
3948674.816 0.015
3940839.511 0.015
3933015.611 0.015
3925203.214 0.015
3917402.421 0.015
3909613.333 0.015
3901836.051 0.015
3894070.676 0.015
3886317.311 0.015
3878576.059 0.016
3870847.023 0.016
3863130.307 0.016
3855426.017 0.016
3847734.258 0.016
3840055.135 0.016
3832388.755 0.016
3824735.227 0.016
3817094.656 0.016
3809467.152 0.016
3801852.824 0.016
3794251.782 0.016
3786664.136 0.016
3779089.996 0.016
3771529.476 0.016
3763982.686 0.016
3756449.739 0.017
3748930.750 0.017
3741425.832 0.017
3733935.100 0.017
3726458.670 0.017
3718996.657 0.017
3711549.179 0.017
3704116.352 0.017
3696698.296 0.017
3689295.128 0.017
3681906.967 0.017
3674533.935 0.017
3667176.151 0.017
3659833.737 0.017
3652506.815 0.017
3645195.507 0.018
3637899.937 0.018
3630620.229 0.018
3623356.508 0.018
3616108.898 0.018
3608877.526 0.018
3601662.519 0.018
3594464.003 0.018
3587282.107 0.018
3580116.960 0.018
3572968.691 0.018
3565837.429 0.018
3558723.306 0.018
3551626.454 0.018
3544547.003 0.019
3537485.087 0.019
3530440.839 0.019
3523414.393 0.019
3516405.884 0.019
3509415.448 0.019
3502443.220 0.019
3495489.338 0.019
3488553.938 0.019
3481637.159 0.019
3474739.141 0.019
3467860.021 0.019
3460999.940 0.019
3454159.040 0.020
3447337.461 0.020
3440535.347 0.020
3433752.838 0.020
3426990.080 0.020
3420247.216 0.020
3413524.391 0.020
3406821.751 0.020
3400139.441 0.020
3393477.609 0.020
3386836.401 0.020
3380215.966 0.020
3373616.453 0.020
3367038.011 0.021
3360480.789 0.021
3353944.940 0.021
3347430.613 0.021
3340937.960 0.021
3334467.135 0.021
3328018.291 0.021
3321591.580 0.021
3315187.158 0.021
3308805.180 0.021
3302445.800 0.021
3296109.176 0.021
3289795.464 0.022
3283504.821 0.022
3277237.406 0.022
3270993.376 0.022
3264772.892 0.022
3258576.112 0.022
3252403.197 0.022
3246254.307 0.022
3240129.604 0.022
3234029.251 0.022
3227953.408 0.022
3221902.239 0.022
3215875.908 0.023
3209874.579 0.023
3203898.415 0.023
3197947.582 0.023
3192022.245 0.023
3186122.571 0.023
3180248.724 0.023
3174400.874 0.023
3168579.185 0.023
3162783.827 0.023
3157014.968 0.023
3151272.775 0.023
3145557.418 0.024
3139869.067 0.024
3134207.890 0.024
3128574.058 0.024
3122967.742 0.024
3117389.113 0.024
3111838.340 0.024
3106315.597 0.024
3100821.055 0.024
3095354.885 0.024
3089917.261 0.024
3084508.354 0.024
3079128.339 0.025
3073777.387 0.025
3068455.673 0.025
3063163.370 0.025
3057900.652 0.025
3052667.692 0.025
3047464.666 0.025
3042291.747 0.025
3037149.110 0.025
3032036.929 0.025
3026955.379 0.025
3021904.635 0.025
3016884.872 0.026
3011896.265 0.026
3006938.989 0.026
3002013.218 0.026
2997119.127 0.026
2992256.893 0.026
2987426.688 0.026
2982628.690 0.026
2977863.071 0.026
2973130.008 0.026
2968429.674 0.026
2963762.244 0.026
2959127.892 0.027
2954526.793 0.027
2949959.120 0.027
2945425.047 0.027
2940924.748 0.027
2936458.396 0.027
2932026.164 0.027
2927628.224 0.027
2923264.749 0.027
2918935.911 0.027
2914641.880 0.027
2910382.830 0.027
2906158.929 0.027
2901970.350 0.028
2897817.260 0.028
2893699.831 0.028
2889618.230 0.028
2885572.626 0.028
2881563.187 0.028
2877590.080 0.028
2873653.472 0.028
2869753.527 0.028
2865890.413 0.028
2862064.292 0.028
2858275.329 0.028
2854523.687 0.028
2850809.529 0.029
2847133.015 0.029
2843494.307 0.029
2839893.564 0.029
2836330.945 0.029
2832806.609 0.029
2829320.712 0.029
2825873.410 0.029
2822464.859 0.029
2819095.213 0.029
2815764.625 0.029
2812473.247 0.029
2809221.230 0.029
2806008.724 0.029
2802835.877 0.030
2799702.836 0.030
2796609.749 0.030
2793556.760 0.030
2790544.013 0.030
2787571.651 0.030
2784639.814 0.030
2781748.643 0.030
2778898.275 0.030
2776088.848 0.030
2773320.498 0.030
2770593.359 0.030
2767907.563 0.030
2765263.241 0.030
2762660.524 0.030
2760099.539 0.030
2757580.412 0.030
2755103.269 0.031
2752668.233 0.031
2750275.426 0.031
2747924.966 0.031
2745616.973 0.031
2743351.562 0.031
2741128.849 0.031
2738948.945 0.031
2736811.963 0.031
2734718.011 0.031
2732667.197 0.031
2730659.625 0.031
2728695.399 0.031
2726774.621 0.031
2724897.391 0.031
2723063.805 0.031
2721273.960 0.031
2719527.948 0.031
2717825.862 0.031
2716167.790 0.031
2714553.820 0.031
2712984.038 0.031
2711458.525 0.032
2709977.363 0.032
2708540.630 0.032
2707148.404 0.032
2705800.758 0.032
2704497.764 0.032
2703239.491 0.032
2702026.009 0.032
2700857.381 0.032
2699733.670 0.032
2698654.938 0.032
2697621.242 0.032
2696632.638 0.032
2695689.181 0.032
2694790.920 0.032
2693937.905 0.032
2693130.182 0.032
2692367.795 0.032
2691650.786 0.032
2690979.194 0.032
2690353.056 0.032
2689772.405 0.032
2689237.274 0.032
2688747.692 0.032
2688303.685 0.032
2687905.278 0.032
2687552.493 0.032
2687245.350 0.032
2686983.865 0.032
2686768.052 0.032
2686597.923 0.032
2686473.489 0.032
2686394.755 0.032
2686361.725 0.032
2686374.403 0.032
2686432.786 0.032
2686536.873 0.032
2686686.656 0.032
2686882.128 0.032
2687123.279 0.032
2687410.094 0.032
2687742.558 0.032
2688120.653 0.032
2688544.359 0.032
2689013.651 0.032
2689528.504 0.032
2690088.890 0.032
2690694.778 0.032
2691346.135 0.032
2692042.925 0.032
2692785.112 0.032
2693572.653 0.032
2694405.506 0.032
2695283.625 0.032
2696206.964 0.032
2697175.472 0.032
2698189.096 0.032
2699247.781 0.032
2700351.471 0.032
2701500.106 0.032
2702693.623 0.032
2703931.959 0.032
2705215.048 0.032
2706542.820 0.032
2707915.204 0.032
2709332.128 0.032
2710793.515 0.032
2712299.289 0.031
2713849.368 0.031
2715443.672 0.031
2717082.116 0.031
2718764.613 0.031
2720491.076 0.031
2722261.413 0.031
2724075.533 0.031
2725933.340 0.031
2727834.738 0.031
2729779.628 0.031
2731767.910 0.031
2733799.480 0.031
2735874.236 0.031
2737992.069 0.031
2740152.872 0.031
2742356.535 0.031
2744602.945 0.031
2746891.989 0.031
2749223.551 0.031
2751597.515 0.031
2754013.760 0.031
2756472.166 0.030
2758972.610 0.030
2761514.969 0.030
2764099.117 0.030
2766724.925 0.030
2769392.267 0.030
2772101.010 0.030
2774851.022 0.030
2777642.172 0.030
2780474.322 0.030
2783347.338 0.030
2786261.080 0.030
2789215.410 0.030
2792210.188 0.030
2795245.271 0.030
2798320.517 0.030
2801435.780 0.030
2804590.915 0.029
2807785.775 0.029
2811020.212 0.029
2814294.077 0.029
2817607.219 0.029
2820959.486 0.029
2824350.727 0.029
2827780.787 0.029
2831249.511 0.029
2834756.744 0.029
2838302.329 0.029
2841886.109 0.029
2845507.925 0.029
2849167.618 0.029
2852865.026 0.029
2856599.990 0.028
2860372.347 0.028
2864181.935 0.028
2868028.589 0.028
2871912.146 0.028
2875832.441 0.028
2879789.308 0.028
2883782.581 0.028
2887812.093 0.028
2891877.677 0.028
2895979.164 0.028
2900116.386 0.028
2904289.174 0.028
2908497.358 0.027
2912740.768 0.027
2917019.233 0.027
2921332.583 0.027
2925680.645 0.027
2930063.249 0.027
2934480.222 0.027
2938931.391 0.027
2943416.584 0.027
2947935.627 0.027
2952488.348 0.027
2957074.572 0.027
2961694.126 0.026
2966346.835 0.026
2971032.526 0.026
2975751.024 0.026
2980502.155 0.026
2985285.743 0.026
2990101.614 0.026
2994949.594 0.026
2999829.507 0.026
3004741.178 0.026
3009684.432 0.026
3014659.095 0.026
3019664.991 0.025
3024701.945 0.025
3029769.783 0.025
3034868.330 0.025
3039997.410 0.025
3045156.850 0.025
3050346.475 0.025
3055566.110 0.025
3060815.581 0.025
3066094.714 0.025
3071403.335 0.025
3076741.270 0.025
3082108.347 0.024
3087504.391 0.024
3092929.230 0.024
3098382.690 0.024
3103864.600 0.024
3109374.787 0.024
3114913.079 0.024
3120479.304 0.024
3126073.292 0.024
3131694.871 0.024
3137343.870 0.024
3143020.120 0.024
3148723.450 0.023
3154453.692 0.023
3160210.675 0.023
3165994.231 0.023
3171804.192 0.023
3177640.389 0.023
3183502.656 0.023
3189390.826 0.023
3195304.731 0.023
3201244.206 0.023
3207209.085 0.023
3213199.202 0.023
3219214.394 0.022
3225254.497 0.022
3231319.345 0.022
3237408.777 0.022
3243522.630 0.022
3249660.741 0.022
3255822.949 0.022
3262009.093 0.022
3268219.013 0.022
3274452.548 0.022
3280709.540 0.022
3286989.829 0.022
3293293.257 0.021
3299619.667 0.021
3305968.901 0.021
3312340.804 0.021
3318735.219 0.021
3325151.991 0.021
3331590.965 0.021
3338051.988 0.021
3344534.905 0.021
3351039.565 0.021
3357565.815 0.021
3364113.503 0.021
3370682.479 0.021
3377272.592 0.020
3383883.692 0.020
3390515.631 0.020
3397168.261 0.020
3403841.433 0.020
3410535.000 0.020
3417248.816 0.020
3423982.736 0.020
3430736.613 0.020
3437510.305 0.020
3444303.666 0.020
3451116.554 0.020
3457948.827 0.019
3464800.342 0.019
3471670.959 0.019
3478560.537 0.019
3485468.936 0.019
3492396.017 0.019
3499341.642 0.019
3506305.673 0.019
3513287.973 0.019
3520288.405 0.019
3527306.834 0.019
3534343.125 0.019
3541397.143 0.019
3548468.755 0.019
3555557.827 0.018
3562664.227 0.018
3569787.824 0.018
3576928.486 0.018
3584086.084 0.018
3591260.487 0.018
3598451.566 0.018
3605659.194 0.018
3612883.242 0.018
3620123.584 0.018
3627380.093 0.018
3634652.644 0.018
3641941.111 0.018
3649245.371 0.018
3656565.300 0.017
3663900.775 0.017
3671251.673 0.017
3678617.873 0.017
3685999.254 0.017
3693395.696 0.017
3700807.079 0.017
3708233.283 0.017
3715674.192 0.017
3723129.686 0.017
3730599.649 0.017
3738083.965 0.017
3745582.518 0.017
3753095.192 0.017
3760621.874 0.017
3768162.449 0.016
3775716.805 0.016
3783284.828 0.016
3790866.408 0.016
3798461.432 0.016
3806069.790 0.016
3813691.372 0.016
3821326.069 0.016
3828973.771 0.016
3836634.372 0.016
3844307.763 0.016
3851993.837 0.016
3859692.489 0.016
3867403.612 0.016
3875127.101 0.016
3882862.853 0.015
3890610.762 0.015
3898370.727 0.015
3906142.644 0.015
3913926.411 0.015
3921721.927 0.015
3929529.090 0.015
3937347.802 0.015
3945177.962 0.015
3953019.470 0.015
3960872.229 0.015
3968736.140 0.015
3976611.106 0.015
3984497.031 0.015
3992393.818 0.015
4000301.371 0.015
4008219.595 0.015
4016148.396 0.014
4024087.680 0.014
4032037.353 0.014
4039997.323 0.014
4047967.497 0.014
4055947.783 0.014
4063938.090 0.014
4071938.328 0.014
4079948.405 0.014
4087968.234 0.014
4095997.724 0.014
4104036.787 0.014
4112085.335 0.014
4120143.280 0.014
4128210.535 0.014
4136287.015 0.014
4144372.632 0.014
4152467.302 0.014
4160570.939 0.014
4168683.459 0.013
4176804.778 0.013
4184934.813 0.013
4193073.481 0.013
4201220.699 0.013
4209376.384 0.013
4217540.457 0.013
4225712.835 0.013
4233893.439 0.013
4242082.187 0.013
4250279.002 0.013
4258483.802 0.013
4266696.511 0.013
4274917.049 0.013
4283145.339 0.013
4291381.303 0.013
4299624.866 0.013
4307875.950 0.013
4316134.480 0.013
4324400.380 0.013
4332673.575 0.012
4340953.991 0.012
4349241.554 0.012
4357536.189 0.012
4365837.824 0.012
4374146.387 0.012
4382461.803 0.012
4390784.003 0.012
4399112.913 0.012
4407448.463 0.012
4415790.583 0.012
4424139.201 0.012
4432494.249 0.012
4440855.657 0.012
4449223.355 0.012
4457597.275 0.012
4465977.349 0.012
4474363.509 0.012
4482755.687 0.012
4491153.817 0.012
4499557.832 0.012
4507967.665 0.012
4516383.251 0.011
4524804.524 0.011
4533231.419 0.011
4541663.872 0.011
4550101.817 0.011
4558545.192 0.011
4566993.931 0.011
4575447.973 0.011
4583907.254 0.011
4592371.711 0.011
4600841.283 0.011
4609315.908 0.011
4617795.524 0.011
4626280.070 0.011
4634769.485 0.011
4643263.709 0.011
4651762.682 0.011
4660266.345 0.011
4668774.637 0.011
4677287.500 0.011
4685804.874 0.011
4694326.703 0.011
4702852.927 0.011
4711383.489 0.011
4719918.332 0.011
4728457.398 0.010
4737000.631 0.010
4745547.975 0.010
4754099.372 0.010
4762654.769 0.010
4771214.108 0.010
4779777.335 0.010
4788344.394 0.010
4796915.233 0.010
4805489.795 0.010
4814068.028 0.010
4822649.878 0.010
4831235.290 0.010
4839824.213 0.010
4848416.594 0.010
4857012.379 0.010
4865611.518 0.010
4874213.957 0.010
4882819.646 0.010
4891428.533 0.010
4900040.566 0.010
4908655.697 0.010
4917273.873 0.010
4925895.044 0.010
4934519.161 0.010
4943146.175 0.010
4951776.035 0.010
4960408.692 0.010
4969044.099 0.009
4977682.205 0.009
4986322.963 0.009
4994966.325 0.009
5003612.242 0.009
5012260.668 0.009
5020911.555 0.009
5029564.857 0.009
5038220.525 0.009
5046878.514 0.009
5055538.777 0.009
5064201.269 0.009
5072865.943 0.009
5081532.754 0.009
5090201.657 0.009
5098872.606 0.009
5107545.558 0.009
5116220.466 0.009
5124897.287 0.009
5133575.976 0.009
5142256.490 0.009
5150938.785 0.009
5159622.817 0.009
5168308.544 0.009
5176995.922 0.009
5185684.909 0.009
5194375.461 0.009
5203067.537 0.009
5211761.094 0.009
5220456.091 0.009
5229152.485 0.009
5237850.236 0.009
5246549.302 0.009
5255249.641 0.008
5263951.214 0.008
5272653.979 0.008
5281357.897 0.008
5290062.925 0.008
5298769.026 0.008
5307476.158 0.008
5316184.283 0.008
5324893.360 0.008
5333603.351 0.008
24.567 1899031.395 0.071485474
24.657 1895258.050 0.071610404
24.747 1891499.227 0.071735900
24.836 1887755.018 0.071861954
24.926 1884025.511 0.071988556
25.016 1880310.797 0.072115695
25.106 1876610.967 0.072243363
25.195 1872926.111 0.072371550
25.285 1869256.323 0.072500244
25.375 1865601.692 0.072629438
25.465 1861962.311 0.072759119
25.554 1858338.273 0.072889278
25.644 1854729.670 0.073019903
25.733 1851136.596 0.073150985
25.823 1847559.143 0.073282512
25.912 1843997.406 0.073414474
26.002 1840451.478 0.073546859
26.091 1836921.454 0.073679655
26.180 1833407.428 0.073812852
26.270 1829909.495 0.073946437
26.359 1826427.750 0.074080400
26.448 1822962.289 0.074214727
26.537 1819513.208 0.074349408
26.626 1816080.601 0.074484429
26.715 1812664.567 0.074619778
26.804 1809265.200 0.074755443
26.892 1805882.598 0.074891411
26.981 1802516.857 0.075027670
27.069 1799168.076 0.075164205
27.157 1795836.350 0.075301005
27.246 1792521.779 0.075438055
27.334 1789224.459 0.075575342
27.422 1785944.488 0.075712852
27.510 1782681.966 0.075850572
27.597 1779436.990 0.075988488
27.685 1776209.659 0.076126585
27.772 1773000.071 0.076264850
27.859 1769808.326 0.076403267
27.946 1766634.523 0.076541823
28.033 1763478.761 0.076680501
28.120 1760341.139 0.076819288
28.206 1757221.756 0.076958169
28.293 1754120.713 0.077097127
28.379 1751038.110 0.077236148
28.465 1747974.045 0.077375216
28.551 1744928.619 0.077514316
28.636 1741901.932 0.077653431
28.721 1738894.083 0.077792545
28.806 1735905.174 0.077931643
28.891 1732935.304 0.078070708
28.976 1729984.573 0.078209722
29.060 1727053.082 0.078348671
29.144 1724140.930 0.078487537
29.228 1721248.219 0.078626302
29.312 1718375.048 0.078764951
29.395 1715521.518 0.078903465
29.478 1712687.729 0.079041828
29.561 1709873.780 0.079180022
29.643 1707079.773 0.079318029
29.725 1704305.807 0.079455831
29.807 1701551.982 0.079593411
29.889 1698818.398 0.079730750
29.970 1696105.156 0.079867831
30.051 1693412.353 0.080004634
30.131 1690740.091 0.080141142
30.212 1688088.468 0.080277337
30.291 1685457.584 0.080413198
30.371 1682847.537 0.080548708
30.450 1680258.428 0.080683848
30.529 1677690.354 0.080818599
30.607 1675143.414 0.080952942
30.685 1672617.706 0.081086856
30.763 1670113.328 0.081220324
30.840 1667630.379 0.081353326
30.916 1665168.955 0.081485842
30.993 1662729.154 0.081617853
31.069 1660311.073 0.081749339
31.144 1657914.808 0.081880280
31.219 1655540.457 0.082010657
31.294 1653188.114 0.082140450
31.368 1650857.875 0.082269638
31.441 1648549.837 0.082398202
31.514 1646264.093 0.082526122
31.587 1644000.738 0.082653378
31.659 1641759.866 0.082779949
31.731 1639541.571 0.082905815
31.802 1637345.946 0.083030957
31.872 1635173.084 0.083155353
31.942 1633023.076 0.083278984
32.012 1630896.016 0.083401829
32.081 1628791.993 0.083523868
32.149 1626711.099 0.083645081
32.217 1624653.423 0.083765447
32.284 1622619.057 0.083884947
32.351 1620608.087 0.084003559
32.417 1618620.604 0.084121263
32.483 1616656.694 0.084238040
32.548 1614716.445 0.084353868
32.612 1612799.943 0.084468729
32.676 1610907.275 0.084582601
32.739 1609038.525 0.084695464
32.801 1607193.779 0.084807299
32.863 1605373.119 0.084918085
32.924 1603576.629 0.085027803
32.984 1601804.392 0.085136432
33.044 1600056.488 0.085243953
33.103 1598333.000 0.085350346
33.161 1596634.005 0.085455592
33.219 1594959.585 0.085559671
33.276 1593309.817 0.085662564
33.332 1591684.779 0.085764250
33.388 1590084.548 0.085864712
33.443 1588509.199 0.085963931
33.497 1586958.807 0.086061886
33.550 1585433.446 0.086158560
33.603 1583933.189 0.086253934
33.654 1582458.109 0.086347990
33.705 1581008.277 0.086440709
33.756 1579583.762 0.086532073
33.805 1578184.635 0.086622064
33.854 1576810.963 0.086710664
33.902 1575462.813 0.086797857
33.949 1574140.252 0.086883624
33.995 1572843.345 0.086967948
34.040 1571572.155 0.087050813
34.085 1570326.746 0.087132202
34.129 1569107.181 0.087212098
34.172 1567913.518 0.087290485
34.214 1566745.819 0.087367347
34.255 1565604.141 0.087442668
34.295 1564488.543 0.087516434
34.335 1563399.079 0.087588628
34.373 1562335.806 0.087659235
34.411 1561298.777 0.087728242
34.448 1560288.044 0.087795633
34.484 1559303.660 0.087861394
34.519 1558345.674 0.087925512
34.553 1557414.135 0.087987973
34.586 1556509.092 0.088048764
34.619 1555630.589 0.088107872
34.650 1554778.673 0.088165284
34.680 1553953.388 0.088220989
34.710 1553154.775 0.088274973
34.739 1552382.876 0.088327227
34.766 1551637.732 0.088377737
34.793 1550919.380 0.088426494
34.819 1550227.858 0.088473487
34.843 1549563.202 0.088518706
34.867 1548925.446 0.088562140
34.890 1548314.624 0.088603781
34.912 1547730.767 0.088643620
34.933 1547173.906 0.088681647
34.953 1546644.069 0.088717854
34.972 1546141.285 0.088752233
34.989 1545665.579 0.088784778
35.006 1545216.977 0.088815479
35.022 1544795.501 0.088844332
35.037 1544401.174 0.088871329
35.051 1544034.016 0.088896464
35.064 1543694.046 0.088919733
35.076 1543381.282 0.088941128
35.087 1543095.740 0.088960647
35.097 1542837.435 0.088978285
35.106 1542606.379 0.088994037
35.114 1542402.586 0.089007900
35.121 1542226.064 0.089019871
35.127 1542076.823 0.089029947
35.132 1541954.871 0.089038126
35.136 1541860.213 0.089044407
35.139 1541792.853 0.089048787
35.141 1541752.796 0.089051266
35.141 1541740.041 0.089051843
35.141 1541754.590 0.089050518
35.140 1541796.440 0.089047292
35.138 1541865.589 0.089042164
35.135 1541962.033 0.089035137
35.131 1542085.765 0.089026211
35.125 1542236.779 0.089015389
35.119 1542415.065 0.089002672
35.112 1542620.613 0.088988065
35.104 1542853.411 0.088971569
35.094 1543113.447 0.088953189
35.084 1543400.705 0.088932929
35.073 1543715.169 0.088910793
35.061 1544056.823 0.088886786
35.047 1544425.646 0.088860913
35.033 1544821.618 0.088833181
35.018 1545244.718 0.088803594
35.002 1545694.922 0.088772160
34.984 1546172.205 0.088738885
34.966 1546676.541 0.088703777
34.947 1547207.903 0.088666844
34.927 1547766.262 0.088628093
34.906 1548351.587 0.088587532
34.883 1548963.846 0.088545172
34.860 1549603.007 0.088501020
34.836 1550269.034 0.088455087
34.811 1550961.893 0.088407382
34.785 1551681.545 0.088357916
34.758 1552427.952 0.088306699
34.731 1553201.075 0.088253743
34.702 1554000.871 0.088199058
34.672 1554827.299 0.088142656
34.641 1555680.314 0.088084549
34.610 1556559.871 0.088024750
34.577 1557465.925 0.087963272
34.544 1558398.427 0.087900127
34.510 1559357.328 0.087835328
34.474 1560342.578 0.087768889
34.438 1561354.126 0.087700824
34.401 1562391.918 0.087631147
34.363 1563455.902 0.087559873
34.325 1564546.022 0.087487017
34.285 1565662.222 0.087412592
34.244 1566804.444 0.087336616
34.203 1567972.630 0.087259102
34.161 1569166.720 0.087180068
34.118 1570386.653 0.087099528
34.074 1571632.367 0.087017500
34.029 1572903.800 0.086934000
33.984 1574200.887 0.086849044
33.937 1575523.563 0.086762650
33.890 1576871.761 0.086674835
33.842 1578245.415 0.086585615
33.793 1579644.456 0.086495010
33.744 1581068.815 0.086403035
33.693 1582518.421 0.086309710
33.642 1583993.203 0.086215052
33.590 1585493.089 0.086119080
33.538 1587018.006 0.086021813
33.484 1588567.879 0.085923268
33.430 1590142.634 0.085823464
33.375 1591742.194 0.085722421
33.320 1593366.483 0.085620158
33.264 1595015.423 0.085516693
33.207 1596688.936 0.085412045
33.149 1598386.942 0.085306235
33.091 1600109.361 0.085199282
33.031 1601856.112 0.085091205
32.972 1603627.113 0.084982024
32.911 1605422.282 0.084871759
32.850 1607241.536 0.084760430
32.789 1609084.790 0.084648055
32.726 1610951.960 0.084534657
32.663 1612842.960 0.084420253
32.600 1614757.705 0.084304865
32.535 1616696.107 0.084188513
32.471 1618658.080 0.084071217
32.405 1620643.534 0.083952997
32.339 1622652.382 0.083833873
32.273 1624684.534 0.083713865
32.205 1626739.901 0.083592994
32.138 1628818.391 0.083471280
32.069 1630919.915 0.083348744
32.001 1633044.380 0.083225404
31.931 1635191.695 0.083101283
31.861 1637361.767 0.082976399
31.791 1639554.503 0.082850774
31.720 1641769.810 0.082724427
31.648 1644007.593 0.082597378
31.576 1646267.759 0.082469648
31.504 1648550.213 0.082341257
31.431 1650854.859 0.082212224
31.358 1653181.603 0.082082570
31.284 1655530.347 0.081952314
31.209 1657900.996 0.081821477
31.135 1660293.453 0.081690078
31.059 1662707.622 0.081558137
30.984 1665143.404 0.081425673
30.908 1667600.703 0.081292706
30.831 1670079.421 0.081159256
30.754 1672579.459 0.081025342
30.677 1675100.719 0.080890983
30.599 1677643.103 0.080756199
30.521 1680206.511 0.080621007
30.443 1682790.845 0.080485429
30.364 1685396.005 0.080349482
30.285 1688021.892 0.080213185
30.205 1690668.407 0.080076556
30.125 1693335.450 0.079939616
30.045 1696022.920 0.079802381
29.965 1698730.718 0.079664870
29.884 1701458.743 0.079527101
29.803 1704206.896 0.079389093
29.721 1706975.076 0.079250863
29.639 1709763.182 0.079112429
29.557 1712571.115 0.078973809
29.475 1715398.773 0.078835020
29.392 1718246.057 0.078696080
29.309 1721112.865 0.078557006
29.226 1723999.096 0.078417815
29.142 1726904.651 0.078278524
29.059 1729829.429 0.078139150
28.975 1732773.328 0.077999709
28.891 1735736.249 0.077860218
28.806 1738718.091 0.077720693
28.721 1741718.753 0.077581152
28.637 1744738.135 0.077441608
28.551 1747776.137 0.077302080
28.466 1750832.657 0.077162581
28.381 1753907.597 0.077023129
28.295 1757000.856 0.076883738
28.209 1760112.334 0.076744423
28.123 1763241.931 0.076605201
28.037 1766389.547 0.076466085
27.950 1769555.083 0.076327090
27.864 1772738.439 0.076188232
27.777 1775939.516 0.076049525
27.690 1779158.215 0.075910982
27.603 1782394.436 0.075772619
27.516 1785648.082 0.075634449
27.428 1788919.052 0.075496486
27.341 1792207.250 0.075358744
27.253 1795512.577 0.075221236
27.165 1798834.934 0.075083976
27.078 1802174.224 0.074946976
26.990 1805530.349 0.074810250
26.901 1808903.212 0.074673812
26.813 1812292.716 0.074537672
26.725 1815698.765 0.074401845
26.637 1819121.260 0.074266342
26.548 1822560.106 0.074131176
26.460 1826015.208 0.073996359
26.371 1829486.468 0.073861903
26.282 1832973.793 0.073727819
26.194 1836477.085 0.073594120
26.105 1839996.251 0.073460816
26.016 1843531.195 0.073327920
25.927 1847081.824 0.073195441
25.838 1850648.043 0.073063392
25.749 1854229.759 0.072931783
25.660 1857826.877 0.072800626
25.571 1861439.305 0.072669929
25.482 1865066.951 0.072539705
25.393 1868709.720 0.072409963
25.304 1872367.523 0.072280713
25.214 1876040.266 0.072151966
25.125 1879727.858 0.072023731
25.036 1883430.207 0.071896018
24.947 1887147.224 0.071768837
24.858 1890878.818 0.071642197
24.768 1894624.899 0.071516107
24.679 1898385.376 0.071390577
24.590 1902160.161 0.071265616
24.501 1905949.164 0.071141233
24.411 1909752.298 0.071017436
24.322 1913569.473 0.070894235
24.233 1917400.601 0.070771637
24.144 1921245.596 0.070649652
24.055 1925104.371 0.070528287
23.966 1928976.837 0.070407551
23.877 1932862.910 0.070287452
23.787 1936762.502 0.070167997
23.698 1940675.529 0.070049195
23.609 1944601.905 0.069931054
23.521 1948541.546 0.069813581
23.432 1952494.367 0.069696783
23.343 1956460.283 0.069580669
23.254 1960439.212 0.069465245
23.165 1964431.070 0.069350518
23.077 1968435.774 0.069236496
22.988 1972453.242 0.069123186
22.899 1976483.392 0.069010594
22.811 1980526.142 0.068898728
22.722 1984581.411 0.068787594
22.634 1988649.119 0.068677199
22.546 1992729.184 0.068567549
22.457 1996821.527 0.068458650
22.369 2000926.068 0.068350511
22.281 2005042.728 0.068243135
22.193 2009171.428 0.068136530
22.105 2013312.090 0.068030702
22.017 2017464.636 0.067925657
21.930 2021628.989 0.067821401
21.842 2025805.071 0.067717939
21.754 2029992.805 0.067615278
21.667 2034192.116 0.067513423
21.579 2038402.927 0.067412381
21.492 2042625.163 0.067312156
21.405 2046858.749 0.067212754
21.318 2051103.610 0.067114181
21.231 2055359.672 0.067016442
21.144 2059626.861 0.066919542
21.057 2063905.104 0.066823488
20.970 2068194.327 0.066728283
20.883 2072494.459 0.066633934
20.797 2076805.427 0.066540446
20.710 2081127.159 0.066447823
20.624 2085459.584 0.066356071
20.538 2089802.630 0.066265195
20.452 2094156.228 0.066175200
20.366 2098520.307 0.066086090
20.280 2102894.798 0.065997871
20.194 2107279.631 0.065910548
20.109 2111674.737 0.065824125
20.023 2116080.047 0.065738607
