20.025 2103962.585 0.066334403
20.145 2097826.622 0.066455778
20.266 2091696.090 0.066579239
20.387 2085571.045 0.066704791
20.509 2079451.540 0.066832440
20.631 2073337.632 0.066962190
20.754 2067229.376 0.067094048
20.878 2061126.831 0.067228019
21.002 2055030.052 0.067364109
21.126 2048939.098 0.067502324
21.251 2042854.027 0.067642671
21.377 2036774.899 0.067785155
21.503 2030701.774 0.067929784
21.630 2024634.711 0.068076565
21.757 2018573.773 0.068225503
21.885 2012519.020 0.068376607
22.013 2006470.516 0.068529885
22.142 2000428.324 0.068685342
22.272 1994392.506 0.068842987
22.402 1988363.129 0.069002828
22.533 1982340.256 0.069164873
22.664 1976323.954 0.069329130
22.796 1970314.290 0.069495607
22.929 1964311.330 0.069664312
23.062 1958315.143 0.069835254
23.196 1952325.798 0.070008442
23.331 1946343.363 0.070183884
23.466 1940367.910 0.070361590
23.602 1934399.510 0.070541568
23.738 1928438.233 0.070723828
23.875 1922484.153 0.070908379
24.013 1916537.344 0.071095231
24.151 1910597.879 0.071284393
24.290 1904665.833 0.071475874
24.430 1898741.283 0.071669685
24.570 1892824.304 0.071865836
24.711 1886914.975 0.072064336
24.853 1881013.374 0.072265195
24.995 1875119.580 0.072468425
25.138 1869233.673 0.072674034
25.282 1863355.734 0.072882034
25.426 1857485.845 0.073092435
25.571 1851624.089 0.073305248
25.717 1845770.550 0.073520483
25.864 1839925.311 0.073738150
26.011 1834088.459 0.073958262
26.159 1828260.081 0.074180827
26.308 1822440.263 0.074405858
26.457 1816629.094 0.074633365
26.607 1810826.664 0.074863360
26.758 1805033.062 0.075095853
26.910 1799248.381 0.075330855
27.063 1793472.713 0.075568377
27.216 1787706.151 0.075808431
27.370 1781948.790 0.076051028
27.525 1776200.725 0.076296178
27.680 1770462.053 0.076543894
27.836 1764732.872 0.076794185
27.994 1759013.281 0.077047064
28.152 1753303.378 0.077302542
28.310 1747603.266 0.077560628
28.470 1741913.047 0.077821336
28.630 1736232.823 0.078084675
28.791 1730562.700 0.078350656
28.953 1724902.782 0.078619292
29.116 1719253.177 0.078890591
29.280 1713613.993 0.079164567
29.445 1707985.338 0.079441228
29.610 1702367.323 0.079720586
29.776 1696760.060 0.080002651
29.943 1691163.662 0.080287434
30.111 1685578.242 0.080574945
30.280 1680003.917 0.080865194
30.450 1674440.802 0.081158192
30.621 1668889.016 0.081453949
30.792 1663348.677 0.081752473
30.965 1657819.908 0.082053776
31.138 1652302.829 0.082357866
31.312 1646797.564 0.082664752
31.487 1641304.238 0.082974444
31.663 1635822.976 0.083286951
31.841 1630353.906 0.083602281
32.018 1624897.157 0.083920442
32.197 1619452.860 0.084241443
32.377 1614021.145 0.084565292
32.558 1608602.147 0.084891996
32.740 1603195.999 0.085221562
32.923 1597802.838 0.085553998
33.106 1592422.802 0.085889310
33.291 1587056.029 0.086227505
33.477 1581702.660 0.086568589
33.664 1576362.838 0.086912566
33.851 1571036.706 0.087259443
34.040 1565724.410 0.087609224
34.230 1560426.096 0.087961914
34.420 1555141.912 0.088317517
34.612 1549872.010 0.088676035
34.805 1544616.540 0.089037473
34.999 1539375.656 0.089401833
35.194 1534149.513 0.089769117
35.390 1528938.268 0.090139325
35.586 1523742.078 0.090512461
35.785 1518561.104 0.090888522
35.984 1513395.507 0.091267511
36.184 1508245.451 0.091649425
36.385 1503111.102 0.092034263
36.587 1497992.625 0.092422023
36.791 1492890.189 0.092812702
36.995 1487803.966 0.093206298
37.201 1482734.126 0.093602804
37.408 1477680.845 0.094002218
37.615 1472644.296 0.094404532
37.824 1467624.659 0.094809740
38.034 1462622.113 0.095217835
38.246 1457636.838 0.095628809
38.458 1452669.018 0.096042652
38.671 1447718.837 0.096459354
38.886 1442786.483 0.096878905
39.102 1437872.143 0.097301292
39.318 1432976.009 0.097726503
39.536 1428098.272 0.098154523
39.756 1423239.127 0.098585339
39.976 1418398.770 0.099018932
40.197 1413577.399 0.099455288
40.420 1408775.214 0.099894386
40.644 1403992.416 0.100336208
40.869 1399229.210 0.100780734
41.095 1394485.802 0.101227940
41.322 1389762.398 0.101677805
41.551 1385059.208 0.102130303
41.780 1380376.444 0.102585410
42.011 1375714.320 0.103043097
42.243 1371073.050 0.103503337
42.477 1366452.852 0.103966100
42.711 1361853.945 0.104431354
42.947 1357276.551 0.104899067
43.183 1352720.892 0.105369204
43.421 1348187.193 0.105841730
43.660 1343675.682 0.106316608
43.901 1339186.587 0.106793797
44.142 1334720.140 0.107273259
44.385 1330276.572 0.107754949
44.629 1325856.118 0.108238826
44.874 1321459.016 0.108724842
45.120 1317085.502 0.109212951
45.368 1312735.819 0.109703103
45.616 1308410.207 0.110195247
45.866 1304108.910 0.110689330
46.117 1299832.175 0.111185298
46.369 1295580.249 0.111683094
46.622 1291353.382 0.112182660
46.877 1287151.824 0.112683933
47.132 1282975.828 0.113186854
47.389 1278825.650 0.113691355
47.647 1274701.546 0.114197372
47.905 1270603.773 0.114704835
48.165 1266532.591 0.115213674
48.427 1262488.263 0.115723815
48.689 1258471.050 0.116235184
48.952 1254481.218 0.116747703
49.216 1250519.033 0.117261293
49.482 1246584.761 0.117775873
49.748 1242678.673 0.118291358
50.016 1238801.039 0.118807664
50.284 1234952.131 0.119324701
50.554 1231132.221 0.119842379
50.824 1227341.586 0.120360605
51.096 1223580.500 0.120879284
51.368 1219849.240 0.121398320
51.641 1216148.086 0.121917612
51.915 1212477.316 0.122437059
52.190 1208837.211 0.122956555
52.466 1205228.053 0.123475996
52.743 1201650.123 0.123995272
53.021 1198103.705 0.124514273
53.299 1194589.084 0.125032884
53.578 1191106.544 0.125550991
53.858 1187656.371 0.126068475
54.138 1184238.852 0.126585218
54.419 1180854.273 0.127101095
54.701 1177502.921 0.127615984
54.984 1174185.085 0.128129758
55.267 1170901.053 0.128642288
55.550 1167651.113 0.129153443
55.834 1164435.553 0.129663090
56.118 1161254.664 0.130171095
56.403 1158108.732 0.130677321
56.688 1154998.048 0.131181628
56.973 1151922.900 0.131683877
57.259 1148883.575 0.132183925
57.545 1145880.363 0.132681628
57.830 1142913.551 0.133176839
58.116 1139983.425 0.133669411
58.402 1137090.272 0.134159195
58.688 1134234.379 0.134646040
58.974 1131416.029 0.135129793
59.260 1128635.507 0.135610302
59.545 1125893.096 0.136087410
59.830 1123189.078 0.136560963
60.115 1120523.733 0.137030802
60.399 1117897.339 0.137496770
60.683 1115310.176 0.137958707
60.965 1112762.519 0.138416453
61.248 1110254.643 0.138869847
61.529 1107786.819 0.139318729
61.810 1105359.319 0.139762935
62.089 1102972.411 0.140202304
62.367 1100626.362 0.140636673
62.644 1098321.434 0.141065879
62.920 1096057.891 0.141489759
63.194 1093835.991 0.141908150
63.467 1091655.990 0.142320890
63.738 1089518.142 0.142727816
64.007 1087422.698 0.143128767
64.274 1085369.904 0.143523581
64.539 1083360.005 0.143912097
64.802 1081393.243 0.144294157
65.062 1079469.855 0.144669601
65.320 1077590.074 0.145038272
65.575 1075754.131 0.145400013
65.828 1073962.253 0.145754671
66.077 1072214.661 0.146102091
66.323 1070511.575 0.146442122
66.566 1068853.209 0.146774615
66.805 1067239.771 0.147099422
67.040 1065671.469 0.147416399
67.272 1064148.503 0.147725400
67.499 1062671.068 0.148026288
67.722 1061239.357 0.148318922
67.941 1059853.556 0.148603169
68.155 1058513.845 0.148878895
68.364 1057220.403 0.149145973
68.567 1055973.399 0.149404275
68.766 1054772.999 0.149653679
68.958 1053619.363 0.149894066
69.145 1052512.647 0.150125320
69.326 1051452.999 0.150347330
69.501 1050440.562 0.150559987
69.670 1049475.473 0.150763187
69.831 1048557.864 0.150956831
69.986 1047687.861 0.151140823
70.134 1046865.582 0.151315072
70.274 1046091.141 0.151479490
70.407 1045364.644 0.151633996
70.532 1044686.192 0.151778512
70.649 1044055.879 0.151912964
70.758 1043473.792 0.152037285
70.859 1042940.012 0.152151412
70.952 1042454.614 0.152255287
71.036 1042017.665 0.152348856
71.111 1041629.227 0.152432071
71.177 1041289.354 0.152504891
71.235 1040998.092 0.152567277
71.283 1040755.484 0.152619196
71.322 1040561.563 0.152660624
71.352 1040416.355 0.152691537
71.373 1040319.882 0.152711920
71.384 1040272.156 0.152721762
71.386 1040273.183 0.152721058
71.379 1040322.964 0.152709809
71.362 1040421.490 0.152688019
71.336 1040568.748 0.152655700
71.301 1040764.716 0.152612868
71.256 1041009.366 0.152559546
71.203 1041302.662 0.152495761
71.140 1041644.564 0.152421545
71.069 1042035.022 0.152336936
70.988 1042473.982 0.152241977
70.900 1042961.380 0.152136717
70.802 1043497.149 0.152021210
70.697 1044081.212 0.151895513
70.583 1044713.488 0.151759690
70.461 1045393.888 0.151613810
70.332 1046122.317 0.151457947
70.195 1046898.674 0.151292177
70.050 1047722.851 0.151116584
69.898 1048594.733 0.150931255
69.740 1049514.201 0.150736281
69.574 1050481.128 0.150531760
69.403 1051495.382 0.150317790
69.224 1052556.824 0.150094476
69.040 1053665.311 0.149861927
68.850 1054820.691 0.149620254
68.654 1056022.811 0.149369574
68.453 1057271.508 0.149110006
68.247 1058566.617 0.148841672
68.035 1059907.964 0.148564700
67.819 1061295.374 0.148279219
67.598 1062728.663 0.147985360
67.373 1064207.644 0.147683261
67.144 1065732.125 0.147373057
66.911 1067301.909 0.147054891
66.673 1068916.795 0.146728905
66.433 1070576.576 0.146395246
66.188 1072281.041 0.146054060
65.941 1074029.975 0.145705497
65.690 1075823.160 0.145349710
65.437 1077660.372 0.144986850
65.181 1079541.383 0.144617074
64.922 1081465.963 0.144240536
64.661 1083433.878 0.143857396
64.397 1085444.888 0.143467812
64.132 1087498.753 0.143071942
63.864 1089595.227 0.142669949
63.594 1091734.062 0.142261993
63.323 1093915.007 0.141848235
63.050 1096137.807 0.141428839
62.776 1098402.207 0.141003967
62.500 1100707.946 0.140573782
62.223 1103054.763 0.140138446
61.945 1105442.392 0.139698122
61.665 1107870.567 0.139252974
61.385 1110339.018 0.138803163
61.104 1112847.476 0.138348851
60.822 1115395.666 0.137890199
60.539 1117983.314 0.137427368
60.256 1120610.143 0.136960519
59.973 1123275.875 0.136489810
59.689 1125980.231 0.136015399
59.404 1128722.930 0.135537444
59.119 1131503.689 0.135056100
58.835 1134322.225 0.134571523
58.549 1137178.254 0.134083865
58.264 1140071.491 0.133593278
57.979 1143001.650 0.133099915
57.694 1145968.443 0.132603922
57.409 1148971.583 0.132105449
57.124 1152010.783 0.131604640
56.840 1155085.754 0.131101640
56.555 1158196.208 0.130596590
56.271 1161341.855 0.130089633
55.988 1164522.407 0.129580905
55.705 1167737.575 0.129070544
55.422 1170987.069 0.128558684
55.140 1174270.601 0.128045458
54.858 1177587.883 0.127530996
54.577 1180938.625 0.127015427
54.296 1184322.540 0.126498877
54.016 1187739.340 0.125981470
53.737 1191188.739 0.125463328
53.459 1194670.449 0.124944571
53.181 1198184.185 0.124425316
52.904 1201729.662 0.123905679
52.628 1205306.595 0.123385773
52.352 1208914.701 0.122865707
52.078 1212553.698 0.122345592
51.804 1216223.304 0.121825533
51.531 1219923.238 0.121305633
51.260 1223653.221 0.120785995
50.989 1227412.974 0.120266718
50.719 1231202.221 0.119747899
50.450 1235020.685 0.119229633
50.182 1238868.092 0.118712012
49.915 1242744.169 0.118195126
49.649 1246648.643 0.117679063
49.384 1250581.244 0.117163910
49.120 1254541.702 0.116649750
48.857 1258529.751 0.116136663
48.595 1262545.124 0.115624730
48.335 1266587.556 0.115114026
48.075 1270656.785 0.114604628
47.817 1274752.549 0.114096607
47.559 1278874.588 0.113590034
47.303 1283022.644 0.113084977
47.048 1287196.462 0.112581503
46.794 1291395.786 0.112079677
46.541 1295620.363 0.111579560
46.289 1299869.942 0.111081213
46.039 1304144.275 0.110584695
45.789 1308443.113 0.110090061
45.541 1312766.210 0.109597367
45.294 1317113.323 0.109106664
45.048 1321484.210 0.108618004
44.803 1325878.631 0.108131436
44.560 1330296.346 0.107647007
44.318 1334737.121 0.107164763
44.076 1339200.719 0.106684747
43.836 1343686.910 0.106207001
43.598 1348195.461 0.105731566
43.360 1352726.144 0.105258480
43.123 1357278.733 0.104787781
42.888 1361853.002 0.104319504
42.654 1366448.728 0.103853684
42.421 1371065.690 0.103390352
42.189 1375703.670 0.102929541
41.959 1380362.449 0.102471279
41.730 1385041.813 0.102015595
41.501 1389741.549 0.101562516
41.274 1394461.444 0.101112067
41.048 1399201.290 0.100664273
40.824 1403960.879 0.100219156
40.600 1408740.005 0.099776739
40.378 1413538.465 0.099337041
40.157 1418356.058 0.098900082
39.937 1423192.582 0.098465880
39.718 1428047.841 0.098034452
39.500 1432921.637 0.097605815
39.283 1437813.779 0.097179982
39.068 1442724.072 0.096756968
38.854 1447652.326 0.096336785
38.641 1452598.354 0.095919445
38.429 1457561.969 0.095504959
38.218 1462542.985 0.095093337
38.008 1467541.220 0.094684588
37.799 1472556.493 0.094278720
37.592 1477588.625 0.093875741
37.385 1482637.438 0.093475656
37.180 1487702.757 0.093078471
36.975 1492784.408 0.092684191
36.772 1497882.218 0.092292821
36.570 1502996.018 0.091904364
36.369 1508125.639 0.091518821
36.169 1513270.915 0.091136196
35.970 1518431.680 0.090756490
35.773 1523607.771 0.090379703
35.576 1528799.026 0.090005836
35.380 1534005.286 0.089634887
35.186 1539226.393 0.089266857
34.992 1544462.189 0.088901742
34.799 1549712.521 0.088539542
34.608 1554977.235 0.088180253
34.417 1560256.178 0.087823872
34.228 1565549.203 0.087470396
34.039 1570856.159 0.087119820
33.852 1576176.900 0.086772140
33.665 1581511.282 0.086427352
33.480 1586859.160 0.086085448
33.295 1592220.392 0.085746425
33.112 1597594.838 0.085410276
32.929 1602982.360 0.085076993
32.748 1608382.818 0.084746572
32.567 1613796.078 0.084419003
32.387 1619222.004 0.084094281
32.209 1624660.465 0.083772397
32.031 1630111.327 0.083453343
31.854 1635574.462 0.083137111
31.678 1641049.739 0.082823692
31.503 1646537.033 0.082513078
31.329 1652036.216 0.082205260
31.156 1657547.165 0.081900228
30.984 1663069.756 0.081597973
30.812 1668603.867 0.081298486
30.642 1674149.378 0.081001757
30.472 1679706.170 0.080707775
30.304 1685274.124 0.080416531
30.136 1690853.124 0.080128015
29.969 1696443.056 0.079842215
29.803 1702043.804 0.079559123
29.637 1707655.256 0.079278726
29.473 1713277.301 0.079001015
29.310 1718909.828 0.078725978
29.147 1724552.729 0.078453605
28.985 1730205.895 0.078183885
28.824 1735869.219 0.077916806
28.664 1741542.597 0.077652358
28.504 1747225.923 0.077390530
28.346 1752919.095 0.077131309
28.188 1758622.011 0.076874686
28.031 1764334.570 0.076620648
27.875 1770056.671 0.076369185
27.719 1775788.217 0.076120285
27.565 1781529.109 0.075873937
27.411 1787279.251 0.075630129
27.258 1793038.548 0.075388851
27.106 1798806.905 0.075150090
26.954 1804584.228 0.074913837
26.803 1810370.427 0.074680078
26.653 1816165.408 0.074448804
26.504 1821969.082 0.074220003
26.355 1827781.359 0.073993664
26.207 1833602.152 0.073769776
26.060 1839431.372 0.073548327
25.914 1845268.933 0.073329307
25.768 1851114.750 0.073112705
25.623 1856968.738 0.072898509
25.479 1862830.814 0.072686710
25.335 1868700.895 0.072477296
25.192 1874578.899 0.072270256
25.050 1880464.745 0.072065581
24.909 1886358.353 0.071863259
24.768 1892259.645 0.071663280
24.628 1898168.541 0.071465634
24.488 1904084.964 0.071270311
24.349 1910008.838 0.071077300
24.211 1915940.087 0.070886591
24.074 1921878.635 0.070698175
23.937 1927824.410 0.070512042
23.800 1933777.337 0.070328182
23.665 1939737.344 0.070146586
23.530 1945704.360 0.069967243
23.395 1951678.312 0.069790145
23.262 1957659.132 0.069615283
23.129 1963646.749 0.069442647
22.996 1969641.095 0.069272228
22.864 1975642.103 0.069104019
22.733 1981649.703 0.068938009
22.602 1987663.831 0.068774191
22.472 1993684.420 0.068612556
22.343 1999711.406 0.068453096
22.214 2005744.723 0.068295803
22.085 2011784.308 0.068140668
21.958 2017830.098 0.067987685
21.831 2023882.031 0.067836846
21.704 2029940.045 0.067688142
21.578 2036004.078 0.067541567
21.452 2042074.071 0.067397113
21.327 2048149.964 0.067254774
21.203 2054231.697 0.067114543
21.079 2060319.212 0.066976413
20.956 2066412.451 0.066840378
20.833 2072511.357 0.066706431
20.711 2078615.873 0.066574567
20.589 2084725.943 0.066444779
20.468 2090841.511 0.066317061
20.348 2096962.523 0.066191408
20.227 2103088.923 0.066067815
20.108 2109220.659 0.065946277
0.0 0.0 0.0
0.0 0.0 0.0
0.0 0.0 0.0
0.0 0.0 0.0
0.0 0.0 0.0
0.0 0.0 0.0
0.0 0.0 0.0
0.0 0.0 0.0
0.0 0.0 0.0
0.0 0.0 0.0
0.0 0.0 0.0
0.0 0.0 0.0
5327074.628 0.008
5314815.001 0.008
5302554.309 0.008
5290292.591 0.008
5278029.890 0.008
5265766.249 0.008
5253501.709 0.008
5241236.314 0.009
5228970.106 0.009
5216703.128 0.009
5204435.425 0.009
5192167.039 0.009
5179898.016 0.009
5167628.400 0.009
5155358.235 0.009
5143087.567 0.009
5130816.440 0.009
5118544.902 0.009
5106272.997 0.009
5094000.773 0.009
5081728.275 0.009
5069455.552 0.009
5057182.650 0.009
5044909.617 0.009
5032636.502 0.009
5020363.352 0.009
5008090.217 0.009
4995817.145 0.009
4983544.187 0.009
4971271.392 0.009
4958998.810 0.010
4946726.492 0.010
4934454.489 0.010
4922182.852 0.010
4909911.634 0.010
4897640.886 0.010
4885370.661 0.010
4873101.012 0.010
4860831.993 0.010
4848563.656 0.010
4836296.057 0.010
4824029.250 0.010
4811763.291 0.010
4799498.234 0.010
4787234.136 0.010
4774971.052 0.010
4762709.041 0.010
4750448.159 0.010
4738188.464 0.010
4725930.014 0.010
4713672.869 0.011
4701417.086 0.011
4689162.727 0.011
4676909.850 0.011
4664658.517 0.011
4652408.789 0.011
4640160.728 0.011
4627914.395 0.011
4615669.854 0.011
4603427.168 0.011
4591186.400 0.011
4578947.615 0.011
4566710.877 0.011
4554476.253 0.011
4542243.808 0.011
4530013.608 0.011
4517785.722 0.011
4505560.216 0.012
4493337.158 0.012
4481116.619 0.012
4468898.666 0.012
4456683.371 0.012
4444470.804 0.012
4432261.037 0.012
4420054.141 0.012
4407850.189 0.012
4395649.255 0.012
4383451.413 0.012
4371256.736 0.012
4359065.301 0.012
4346877.184 0.012
4334692.460 0.012
4322511.209 0.013
4310333.507 0.013
4298159.434 0.013
4285989.069 0.013
4273822.492 0.013
4261659.785 0.013
4249501.030 0.013
4237346.309 0.013
4225195.706 0.013
4213049.304 0.013
4200907.190 0.013
4188769.448 0.013
4176636.165 0.013
4164507.429 0.013
4152383.329 0.014
4140263.953 0.014
4128149.391 0.014
4116039.735 0.014
4103935.076 0.014
4091835.507 0.014
4079741.122 0.014
4067652.015 0.014
4055568.282 0.014
4043490.020 0.014
4031417.325 0.014
4019350.297 0.014
4007289.035 0.015
3995233.638 0.015
3983184.210 0.015
3971140.852 0.015
3959103.668 0.015
3947072.762 0.015
3935048.240 0.015
3923030.209 0.015
3911018.777 0.015
3899014.053 0.015
3887016.147 0.015
3875025.171 0.016
3863041.236 0.016
3851064.457 0.016
3839094.949 0.016
3827132.827 0.016
3815178.209 0.016
3803231.213 0.016
3791291.960 0.016
3779360.570 0.016
3767437.166 0.016
3755521.872 0.017
3743614.812 0.017
3731716.114 0.017
3719825.905 0.017
3707944.314 0.017
3696071.472 0.017
3684207.511 0.017
3672352.565 0.017
3660506.768 0.017
3648670.257 0.018
3636843.171 0.018
3625025.648 0.018
3613217.830 0.018
3601419.860 0.018
3589631.881 0.018
3577854.040 0.018
3566086.485 0.018
3554329.364 0.018
3542582.828 0.019
3530847.031 0.019
3519122.126 0.019
3507408.270 0.019
3495705.621 0.019
3484014.338 0.019
3472334.583 0.019
3460666.519 0.019
3449010.312 0.020
3437366.129 0.020
3425734.140 0.020
3414114.515 0.020
3402507.428 0.020
3390913.053 0.020
3379331.569 0.020
3367763.154 0.021
3356207.990 0.021
3344666.260 0.021
3333138.151 0.021
3321623.849 0.021
3310123.546 0.021
3298637.434 0.021
3287165.707 0.022
3275708.563 0.022
3264266.201 0.022
3252838.822 0.022
3241426.632 0.022
3230029.836 0.022
3218648.644 0.022
3207283.267 0.023
3195933.920 0.023
3184600.819 0.023
3173284.185 0.023
3161984.238 0.023
3150701.204 0.023
3139435.310 0.024
3128186.787 0.024
3116955.867 0.024
3105742.788 0.024
3094547.786 0.024
3083371.105 0.024
3072212.988 0.025
3061073.684 0.025
3049953.443 0.025
3038852.520 0.025
3027771.170 0.025
3016709.654 0.026
3005668.235 0.026
2994647.180 0.026
2983646.759 0.026
2972667.244 0.026
2961708.913 0.026
2950772.044 0.027
2939856.922 0.027
2928963.833 0.027
2918093.067 0.027
2907244.919 0.027
2896419.686 0.028
2885617.669 0.028
2874839.173 0.028
2864084.508 0.028
2853353.984 0.028
2842647.920 0.029
2831966.634 0.029
2821310.452 0.029
2810679.701 0.029
2800074.714 0.030
2789495.826 0.030
2778943.379 0.030
2768417.717 0.030
2757919.189 0.030
2747448.148 0.031
2737004.951 0.031
2726589.960 0.031
2716203.542 0.031
2705846.066 0.032
2695517.908 0.032
2685219.448 0.032
2674951.070 0.032
2664713.162 0.033
2654506.119 0.033
2644330.338 0.033
2634186.223 0.033
2624074.181 0.034
2613994.626 0.034
2603947.974 0.034
2593934.649 0.034
2583955.077 0.035
2574009.692 0.035
2564098.931 0.035
2554223.237 0.035
2544383.057 0.036
2534578.845 0.036
2524811.059 0.036
2515080.163 0.037
2505386.625 0.037
2495730.919 0.037
2486113.525 0.037
2476534.928 0.038
2466995.618 0.038
2457496.090 0.038
2448036.847 0.038
2438618.394 0.039
2429241.243 0.039
2419905.913 0.039
2410612.927 0.040
2401362.813 0.040
2392156.106 0.040
2382993.346 0.041
2373875.078 0.041
2364801.853 0.041
2355774.229 0.042
2346792.768 0.042
2337858.037 0.042
2328970.611 0.042
2320131.068 0.043
2311339.993 0.043
2302597.977 0.043
2293905.615 0.044
2285263.510 0.044
2276672.267 0.044
2268132.499 0.045
2259644.825 0.045
2251209.866 0.045
2242828.253 0.046
2234500.618 0.046
2226227.600 0.046
2218009.845 0.047
2209848.001 0.047
2201742.722 0.047
2193694.669 0.048
2185704.506 0.048
2177772.901 0.048
2169900.529 0.049
2162088.069 0.049
2154336.202 0.049
2146645.618 0.050
2139017.006 0.050
2131451.065 0.050
2123948.492 0.051
2116509.994 0.051
2109136.276 0.052
2101828.051 0.052
2094586.032 0.052
2087410.939 0.053
2080303.493 0.053
2073264.417 0.053
2066294.439 0.054
2059394.288 0.054
2052564.695 0.054
2045806.395 0.055
2039120.124 0.055
2032506.619 0.055
2025966.620 0.056
2019500.866 0.056
2013110.099 0.056
2006795.061 0.057
2000556.494 0.057
1994395.141 0.057
1988311.744 0.058
1982307.045 0.058
1976381.787 0.058
1970536.708 0.059
1964772.548 0.059
1959090.044 0.059
1953489.932 0.060
1947972.944 0.060
1942539.811 0.060
1937191.260 0.061
1931928.015 0.061
1926750.796 0.061
1921660.319 0.062
1916657.296 0.062
1911742.432 0.062
1906916.431 0.063
1902179.986 0.063
1897533.788 0.063
1892978.519 0.064
1888514.857 0.064
1884143.469 0.064
1879865.018 0.064
1875680.155 0.065
1871589.526 0.065
1867593.766 0.065
1863693.501 0.065
1859889.348 0.066
1856181.912 0.066
1852571.790 0.066
1849059.566 0.066
1845645.811 0.067
1842331.089 0.067
1839115.946 0.067
1836000.920 0.067
1832986.533 0.068
1830073.294 0.068
1827261.699 0.068
1824552.229 0.068
1821945.350 0.068
1819441.514 0.069
1817041.156 0.069
1814744.697 0.069
1812552.542 0.069
1810465.076 0.069
1808482.673 0.069
1806605.684 0.070
1804834.447 0.070
1803169.280 0.070
1801610.484 0.070
1800158.341 0.070
1798813.117 0.070
1797575.055 0.070
1796444.382 0.070
1795421.307 0.070
1794506.016 0.070
1793698.680 0.070
1792999.445 0.071
1792408.443 0.071
1791925.782 0.071
1791551.552 0.071
1791285.823 0.071
1791128.643 0.071
1791080.042 0.071
1791140.029 0.071
1791308.593 0.071
1791585.703 0.071
1791971.306 0.071
1792465.332 0.071
1793067.689 0.071
1793778.265 0.070
1794596.929 0.070
1795523.530 0.070
1796557.897 0.070
1797699.840 0.070
1798949.150 0.070
1800305.598 0.070
1801768.937 0.070
1803338.901 0.070
1805015.205 0.070
1806797.547 0.069
1808685.605 0.069
1810679.043 0.069
1812777.504 0.069
1814980.616 0.069
1817287.989 0.069
1819699.218 0.069
1822213.880 0.068
1824831.538 0.068
1827551.740 0.068
1830374.017 0.068
1833297.887 0.068
1836322.852 0.067
1839448.402 0.067
1842674.012 0.067
1845999.146 0.067
1849423.254 0.066
1852945.772 0.066
1856566.128 0.066
1860283.734 0.066
1864097.996 0.065
1868008.304 0.065
1872014.043 0.065
1876114.585 0.065
1880309.294 0.064
1884597.523 0.064
1888978.620 0.064
1893451.922 0.063
1898016.759 0.063
1902672.455 0.063
1907418.325 0.063
1912253.680 0.062
1917177.823 0.062
1922190.053 0.062
1927289.662 0.061
1932475.938 0.061
1937748.165 0.061
1943105.622 0.060
1948547.585 0.060
1954073.327 0.060
1959682.117 0.059
1965373.221 0.059
1971145.905 0.059
1976999.430 0.058
1982933.058 0.058
1988946.047 0.058
1995037.658 0.057
2001207.147 0.057
2007453.772 0.057
2013776.790 0.056
2020175.460 0.056
2026649.039 0.056
2033196.786 0.055
2039817.961 0.055
2046511.825 0.055
2053277.641 0.054
2060114.673 0.054
2067022.186 0.054
2073999.450 0.053
2081045.736 0.053
2088160.316 0.053
2095342.467 0.052
2102591.469 0.052
2109906.602 0.051
2117287.153 0.051
2124732.411 0.051
2132241.669 0.050
2139814.223 0.050
2147449.373 0.050
2155146.425 0.049
2162904.686 0.049
2170723.469 0.049
2178602.093 0.048
2186539.879 0.048
2194536.153 0.048
2202590.247 0.047
2210701.498 0.047
2218869.245 0.047
2227092.836 0.046
2235371.621 0.046
2243704.957 0.046
2252092.205 0.045
2260532.732 0.045
2269025.909 0.045
2277571.115 0.044
2286167.732 0.044
2294815.148 0.044
2303512.757 0.043
2312259.958 0.043
2321056.155 0.043
2329900.760 0.042
2338793.187 0.042
2347732.859 0.042
2356719.202 0.041
2365751.648 0.041
2374829.636 0.041
2383952.611 0.041
2393120.020 0.040
2402331.320 0.040
2411585.970 0.040
2420883.437 0.039
2430223.194 0.039
2439604.716 0.039
2449027.487 0.038
2458490.996 0.038
2467994.737 0.038
2477538.208 0.038
2487120.914 0.037
2496742.367 0.037
2506402.081 0.037
2516099.579 0.036
2525834.385 0.036
2535606.032 0.036
2545414.058 0.036
2555258.004 0.035
2565137.417 0.035
2575051.851 0.035
2585000.864 0.035
2594984.017 0.034
2605000.880 0.034
2615051.025 0.034
2625134.030 0.034
2635249.478 0.033
2645396.957 0.033
2655576.060 0.033
2665786.384 0.033
2676027.531 0.032
2686299.108 0.032
2696600.726 0.032
2706932.003 0.032
2717292.559 0.031
2727682.019 0.031
2738100.012 0.031
2748546.175 0.031
2759020.144 0.030
2769521.564 0.030
2780050.081 0.030
2790605.347 0.030
2801187.018 0.030
2811794.754 0.029
2822428.219 0.029
2833087.082 0.029
2843771.014 0.029
2854479.692 0.028
2865212.796 0.028
2875970.009 0.028
2886751.021 0.028
2897555.522 0.028
2908383.209 0.027
2919233.779 0.027
2930106.936 0.027
2941002.387 0.027
2951919.842 0.027
2962859.013 0.026
2973819.618 0.026
2984801.378 0.026
2995804.016 0.026
3006827.260 0.026
3017870.841 0.026
3028934.491 0.025
3040017.948 0.025
3051120.953 0.025
3062243.249 0.025
3073384.582 0.025
3084544.703 0.024
3095723.363 0.024
3106920.318 0.024
3118135.327 0.024
3129368.151 0.024
3140618.555 0.024
3151886.306 0.023
3163171.174 0.023
3174472.932 0.023
3185791.355 0.023
3197126.222 0.023
3208477.312 0.023
3219844.411 0.022
3231227.303 0.022
3242625.778 0.022
3254039.626 0.022
3265468.642 0.022
3276912.620 0.022
3288371.361 0.022
3299844.663 0.021
3311332.332 0.021
3322834.172 0.021
3334349.990 0.021
3345879.598 0.021
3357422.808 0.021
3368979.433 0.021
3380549.290 0.020
3392132.199 0.020
3403727.981 0.020
3415336.457 0.020
3426957.453 0.020
3438590.797 0.020
3450236.317 0.020
3461893.845 0.019
3473563.212 0.019
3485244.255 0.019
3496936.809 0.019
3508640.714 0.019
3520355.810 0.019
3532081.939 0.019
3543818.945 0.019
3555566.674 0.018
3567324.973 0.018
3579093.692 0.018
3590872.682 0.018
3602661.796 0.018
3614460.886 0.018
3626269.810 0.018
3638088.425 0.018
3649916.590 0.018
3661754.166 0.017
3673601.014 0.017
3685456.999 0.017
3697321.985 0.017
3709195.839 0.017
3721078.429 0.017
3732969.625 0.017
3744869.298 0.017
3756777.319 0.017
3768693.564 0.016
3780617.905 0.016
3792550.221 0.016
3804490.389 0.016
3816438.287 0.016
3828393.797 0.016
3840356.799 0.016
3852327.176 0.016
3864304.813 0.016
3876289.595 0.016
3888281.407 0.015
3900280.139 0.015
3912285.678 0.015
3924297.914 0.015
3936316.740 0.015
3948342.046 0.015
3960373.726 0.015
3972411.675 0.015
3984455.788 0.015
3996505.962 0.015
4008562.094 0.015
4020624.082 0.014
4032691.828 0.014
4044765.230 0.014
4056844.192 0.014
4068928.614 0.014
4081018.402 0.014
4093113.460 0.014
4105213.692 0.014
4117319.006 0.014
4129429.309 0.014
4141544.510 0.014
4153664.516 0.014
4165789.239 0.013
4177918.589 0.013
4190052.478 0.013
4202190.818 0.013
4214333.524 0.013
4226480.509 0.013
4238631.688 0.013
4250786.977 0.013
4262946.293 0.013
4275109.553 0.013
4287276.676 0.013
4299447.581 0.013
4311622.186 0.013
4323800.414 0.013
4335982.184 0.012
4348167.420 0.012
4360356.043 0.012
4372547.977 0.012
4384743.145 0.012
4396941.474 0.012
4409142.888 0.012
4421347.313 0.012
4433554.676 0.012
4445764.905 0.012
4457977.927 0.012
4470193.671 0.012
4482412.067 0.012
4494633.044 0.012
4506856.533 0.012
4519082.466 0.011
4531310.773 0.011
4543541.388 0.011
4555774.243 0.011
4568009.272 0.011
4580246.409 0.011
4592485.588 0.011
4604726.745 0.011
4616969.815 0.011
4629214.735 0.011
4641461.441 0.011
4653709.872 0.011
4665959.964 0.011
4678211.656 0.011
4690464.887 0.011
4702719.597 0.011
4714975.725 0.011
4727233.212 0.010
4739491.998 0.010
4751752.025 0.010
4764013.235 0.010
4776275.570 0.010
4788538.972 0.010
4800803.386 0.010
4813068.754 0.010
4825335.021 0.010
4837602.131 0.010
4849870.029 0.010
4862138.660 0.010
4874407.971 0.010
4886677.908 0.010
4898948.417 0.010
4911219.445 0.010
4923490.941 0.010
4935762.850 0.010
4948035.123 0.010
4960307.707 0.010
4972580.552 0.009
4984853.607 0.009
4997126.821 0.009
5009400.146 0.009
5021673.531 0.009
5033946.927 0.009
5046220.286 0.009
5058493.560 0.009
5070766.699 0.009
5083039.657 0.009
5095312.386 0.009
5107584.839 0.009
5119856.970 0.009
5132128.731 0.009
5144400.078 0.009
5156670.964 0.009
5168941.344 0.009
5181211.173 0.009
5193480.406 0.009
5205748.999 0.009
5218016.907 0.009
5230284.087 0.009
5242550.495 0.009
5254816.088 0.008
5267080.823 0.008
5279344.658 0.008
5291607.549 0.008
5303869.456 0.008
5316130.335 0.008
5328390.146 0.008
5340648.847 0.008
0.0 0.0 0.0
0.0 0.0 0.0
0.0 0.0 0.0
0.0 0.0 0.0
0.0 0.0 0.0
0.0 0.0 0.0
0.0 0.0 0.0
0.0 0.0 0.0
0.0 0.0 0.0
0.0 0.0 0.0
0.0 0.0 0.0
0.0 0.0 0.0
0.0 0.0 0.0
0.0 0.0 0.0
0.0 0.0 0.0
0.0 0.0 0.0
0.0 0.0 0.0
0.0 0.0 0.0
0.0 0.0 0.0
0.0 0.0 0.0
0.0 0.0 0.0
0.0 0.0 0.0
0.0 0.0 0.0
0.0 0.0 0.0
0.0 0.0 0.0
0.0 0.0 0.0
0.0 0.0 0.0
0.0 0.0 0.0
0.0 0.0 0.0
0.0 0.0 0.0
0.0 0.0 0.0
0.0 0.0 0.0
0.0 0.0 0.0
0.0 0.0 0.0
0.0 0.0 0.0
0.0 0.0 0.0
0.0 0.0 0.0
0.0 0.0 0.0
0.0 0.0 0.0
0.0 0.0 0.0
0.0 0.0 0.0
0.0 0.0 0.0
0.0 0.0 0.0
0.0 0.0 0.0
0.0 0.0 0.0
0.0 0.0 0.0
0.0 0.0 0.0
0.0 0.0 0.0
0.0 0.0 0.0
0.0 0.0 0.0
0.0 0.0 0.0
0.0 0.0 0.0
0.0 0.0 0.0
0.0 0.0 0.0
0.0 0.0 0.0
0.0 0.0 0.0
0.0 0.0 0.0
0.0 0.0 0.0
0.0 0.0 0.0
0.0 0.0 0.0
0.0 0.0 0.0
0.0 0.0 0.0
0.0 0.0 0.0
0.0 0.0 0.0
0.0 0.0 0.0
0.0 0.0 0.0
0.0 0.0 0.0
0.0 0.0 0.0
0.0 0.0 0.0
0.0 0.0 0.0
0.0 0.0 0.0
0.0 0.0 0.0
0.0 0.0 0.0
0.0 0.0 0.0
0.0 0.0 0.0
0.0 0.0 0.0
0.0 0.0 0.0
0.0 0.0 0.0
0.0 0.0 0.0
0.0 0.0 0.0
0.0 0.0 0.0
0.0 0.0 0.0
0.0 0.0 0.0
0.0 0.0 0.0
0.0 0.0 0.0
0.0 0.0 0.0
0.0 0.0 0.0
0.0 0.0 0.0
0.0 0.0 0.0
0.0 0.0 0.0
0.0 0.0 0.0
0.0 0.0 0.0
0.0 0.0 0.0
0.0 0.0 0.0
0.0 0.0 0.0
0.0 0.0 0.0
0.0 0.0 0.0
0.0 0.0 0.0
0.0 0.0 0.0
0.0 0.0 0.0
0.0 0.0 0.0
0.0 0.0 0.0
0.0 0.0 0.0
0.0 0.0 0.0
0.0 0.0 0.0
0.0 0.0 0.0
0.0 0.0 0.0
0.0 0.0 0.0
0.0 0.0 0.0
0.0 0.0 0.0
0.0 0.0 0.0
0.0 0.0 0.0
0.0 0.0 0.0
0.0 0.0 0.0
0.0 0.0 0.0
0.0 0.0 0.0
0.0 0.0 0.0
0.0 0.0 0.0
0.0 0.0 0.0
0.0 0.0 0.0
0.0 0.0 0.0
0.0 0.0 0.0
0.0 0.0 0.0
0.0 0.0 0.0
0.0 0.0 0.0
0.0 0.0 0.0
0.0 0.0 0.0
0.0 0.0 0.0
0.0 0.0 0.0
0.0 0.0 0.0
0.0 0.0 0.0
0.0 0.0 0.0
0.0 0.0 0.0
0.0 0.0 0.0
0.0 0.0 0.0
20.017 2123715.964 0.065374323
20.090 2119955.687 0.065446273
20.163 2116207.895 0.065518776
20.236 2112472.658 0.065591828
20.308 2108750.046 0.065665421
20.381 2105040.130 0.065739548
20.454 2101342.982 0.065814202
20.526 2097658.673 0.065889377
20.599 2093987.274 0.065965066
20.671 2090328.858 0.066041261
20.744 2086683.496 0.066117955
20.816 2083051.261 0.066195142
20.889 2079432.226 0.066272814
20.961 2075826.462 0.066350963
21.033 2072234.044 0.066429584
21.106 2068655.045 0.066508667
21.178 2065089.538 0.066588207
21.250 2061537.597 0.066668195
21.322 2057999.296 0.066748624
21.394 2054474.709 0.066829487
21.467 2050963.910 0.066910775
21.538 2047466.975 0.066992481
21.610 2043983.978 0.067074598
21.682 2040514.994 0.067157117
21.754 2037060.099 0.067240030
21.826 2033619.367 0.067323331
21.897 2030192.875 0.067407010
21.969 2026780.699 0.067491060
22.040 2023382.914 0.067575472
22.112 2019999.597 0.067660239
22.183 2016630.824 0.067745351
22.254 2013276.671 0.067830802
22.325 2009937.217 0.067916581
22.396 2006612.536 0.068002682
22.467 2003302.708 0.068089095
22.538 2000007.808 0.068175812
22.609 1996727.915 0.068262823
22.679 1993463.105 0.068350121
22.750 1990213.457 0.068437697
22.820 1986979.049 0.068525541
22.890 1983759.959 0.068613645
22.960 1980556.264 0.068701999
23.030 1977368.043 0.068790596
23.100 1974195.374 0.068879424
23.170 1971038.337 0.068968476
23.239 1967897.009 0.069057741
23.309 1964771.469 0.069147211
23.378 1961661.797 0.069236876
23.447 1958568.071 0.069326726
23.516 1955490.370 0.069416753
23.585 1952428.773 0.069506945
23.653 1949383.360 0.069597294
23.722 1946354.210 0.069687790
23.790 1943341.402 0.069778422
23.858 1940345.016 0.069869182
23.926 1937365.130 0.069960058
23.994 1934401.826 0.070051041
24.062 1931455.181 0.070142120
24.129 1928525.276 0.070233286
24.196 1925612.191 0.070324528
24.263 1922716.005 0.070415836
24.330 1919836.797 0.070507199
24.396 1916974.648 0.070598606
24.463 1914129.637 0.070690048
24.529 1911301.844 0.070781513
24.595 1908491.348 0.070872991
24.661 1905698.230 0.070964471
24.726 1902922.568 0.071055942
24.791 1900164.442 0.071147394
24.856 1897423.933 0.071238815
24.921 1894701.118 0.071330194
24.986 1891996.079 0.071421521
25.050 1889308.894 0.071512783
25.114 1886639.642 0.071603971
25.178 1883988.403 0.071695072
25.241 1881355.255 0.071786075
25.305 1878740.279 0.071876970
25.368 1876143.552 0.071967744
25.430 1873565.155 0.072058386
25.493 1871005.164 0.072148884
25.555 1868463.659 0.072239228
25.617 1865940.719 0.072329405
25.678 1863436.421 0.072419403
25.739 1860950.844 0.072509212
25.800 1858484.066 0.072598819
25.861 1856036.164 0.072688212
25.921 1853607.216 0.072777379
25.981 1851197.299 0.072866310
26.041 1848806.491 0.072954991
26.100 1846434.869 0.073043411
26.159 1844082.509 0.073131557
26.218 1841749.488 0.073219419
26.276 1839435.882 0.073306983
26.334 1837141.768 0.073394238
26.392 1834867.220 0.073481171
26.449 1832612.315 0.073567771
26.506 1830377.128 0.073654025
26.562 1828161.734 0.073739922
26.618 1825966.206 0.073825448
26.674 1823790.621 0.073910592
26.729 1821635.051 0.073995342
26.784 1819499.571 0.074079685
26.839 1817384.253 0.074163609
26.893 1815289.172 0.074247102
26.947 1813214.398 0.074330152
27.000 1811160.005 0.074412747
27.053 1809126.065 0.074494873
27.106 1807112.649 0.074576520
27.158 1805119.828 0.074657674
27.210 1803147.673 0.074738324
27.261 1801196.254 0.074818458
27.312 1799265.641 0.074898063
27.362 1797355.904 0.074977127
27.412 1795467.111 0.075055638
27.461 1793599.331 0.075133584
27.510 1791752.631 0.075210953
27.559 1789927.080 0.075287733
27.607 1788122.744 0.075363912
27.655 1786339.691 0.075439478
27.702 1784577.985 0.075514418
27.748 1782837.693 0.075588722
27.795 1781118.879 0.075662377
27.840 1779421.608 0.075735372
27.885 1777745.943 0.075807694
27.930 1776091.949 0.075879333
27.974 1774459.687 0.075950276
28.018 1772849.220 0.076020512
28.061 1771260.610 0.076090029
28.103 1769693.916 0.076158817
28.146 1768149.200 0.076226863
28.187 1766626.522 0.076294157
28.228 1765125.939 0.076360687
28.269 1763647.511 0.076426443
28.308 1762191.296 0.076491413
28.348 1760757.349 0.076555585
28.387 1759345.729 0.076618951
28.425 1757956.490 0.076681498
28.463 1756589.687 0.076743216
28.500 1755245.375 0.076804095
28.536 1753923.607 0.076864124
28.572 1752624.436 0.076923293
28.608 1751347.915 0.076981591
28.642 1750094.093 0.077039009
28.677 1748863.023 0.077095537
28.710 1747654.754 0.077151164
28.743 1746469.334 0.077205881
28.776 1745306.813 0.077259679
28.807 1744167.238 0.077312547
28.839 1743050.654 0.077364478
28.869 1741957.109 0.077415460
28.899 1740886.647 0.077465486
28.929 1739839.312 0.077514547
28.957 1738815.148 0.077562633
28.985 1737814.197 0.077609737
29.013 1736836.502 0.077655849
29.040 1735882.101 0.077700962
29.066 1734951.037 0.077745066
29.091 1734043.347 0.077788156
29.116 1733159.070 0.077830221
29.141 1732298.243 0.077871256
29.164 1731460.903 0.077911251
29.187 1730647.085 0.077950201
29.210 1729856.824 0.077988098
29.231 1729090.152 0.078024935
29.252 1728347.104 0.078060705
29.273 1727627.710 0.078095402
29.292 1726932.002 0.078129020
29.311 1726260.009 0.078161551
29.330 1725611.761 0.078192990
29.347 1724987.285 0.078223332
29.364 1724386.609 0.078252571
29.380 1723809.758 0.078280700
29.396 1723256.758 0.078307716
29.411 1722727.632 0.078333613
29.425 1722222.404 0.078358385
29.439 1721741.096 0.078382030
29.452 1721283.729 0.078404541
29.464 1720850.323 0.078425916
29.475 1720440.897 0.078446149
29.486 1720055.470 0.078465238
29.496 1719694.058 0.078483178
29.506 1719356.678 0.078499967
29.514 1719043.344 0.078515600
29.522 1718754.072 0.078530076
29.530 1718488.873 0.078543392
29.536 1718247.760 0.078555544
29.542 1718030.744 0.078566531
29.547 1717837.835 0.078576351
29.552 1717669.041 0.078585002
29.555 1717524.371 0.078592483
29.558 1717403.831 0.078598791
29.561 1717307.428 0.078603926
29.563 1717235.166 0.078607887
29.563 1717187.048 0.078610673
29.564 1717163.078 0.078612284
29.563 1717163.258 0.078612720
29.562 1717187.587 0.078611979
29.560 1717236.065 0.078610064
29.558 1717308.692 0.078606974
29.554 1717405.464 0.078602709
29.550 1717526.377 0.078597271
29.546 1717671.428 0.078590661
29.540 1717840.611 0.078582880
29.534 1718033.919 0.078573929
29.527 1718251.344 0.078563811
29.520 1718492.878 0.078552527
29.512 1718758.510 0.078540080
29.503 1719048.231 0.078526472
29.493 1719362.028 0.078511705
29.483 1719699.889 0.078495784
29.472 1720061.799 0.078478709
29.460 1720447.744 0.078460486
29.448 1720857.707 0.078441118
29.435 1721291.673 0.078420607
29.421 1721749.622 0.078398959
29.406 1722231.537 0.078376177
29.391 1722737.397 0.078352266
29.375 1723267.181 0.078327230
29.359 1723820.867 0.078301075
29.342 1724398.433 0.078273804
29.324 1724999.854 0.078245424
29.305 1725625.106 0.078215940
29.286 1726274.163 0.078185356
29.266 1726946.998 0.078153680
29.245 1727643.583 0.078120917
29.224 1728363.890 0.078087073
29.202 1729107.889 0.078052155
29.180 1729875.549 0.078016169
29.156 1730666.839 0.077979122
29.133 1731481.725 0.077941020
29.108 1732320.176 0.077901872
29.083 1733182.156 0.077861683
29.057 1734067.631 0.077820463
29.030 1734976.563 0.077778217
29.003 1735908.917 0.077734955
28.976 1736864.654 0.077690683
28.947 1737843.734 0.077645411
28.918 1738846.120 0.077599146
28.889 1739871.769 0.077551897
28.858 1740920.641 0.077503673
28.827 1741992.694 0.077454481
28.796 1743087.883 0.077404332
28.764 1744206.166 0.077353234
28.731 1745347.497 0.077301196
28.698 1746511.831 0.077248228
28.664 1747699.121 0.077194339
28.629 1748909.321 0.077139538
28.594 1750142.382 0.077083836
28.559 1751398.255 0.077027243
28.522 1752676.891 0.076969767
28.485 1753978.239 0.076911420
28.448 1755302.249 0.076852212
28.410 1756648.869 0.076792152
28.371 1758018.046 0.076731252
28.332 1759409.726 0.076669522
28.293 1760823.856 0.076606972
28.252 1762260.381 0.076543613
28.212 1763719.246 0.076479457
28.170 1765200.394 0.076414514
28.128 1766703.770 0.076348794
28.086 1768229.314 0.076282311
28.043 1769776.970 0.076215073
28.000 1771346.678 0.076147093
27.956 1772938.379 0.076078383
27.911 1774552.013 0.076008953
27.866 1776187.520 0.075938815
27.821 1777844.837 0.075867981
27.775 1779523.905 0.075796462
27.728 1781224.659 0.075724270
27.681 1782947.036 0.075651416
27.633 1784690.975 0.075577914
27.586 1786456.409 0.075503774
27.537 1788243.275 0.075429008
27.488 1790051.508 0.075353628
27.439 1791881.041 0.075277647
27.389 1793731.809 0.075201077
27.339 1795603.744 0.075123929
27.288 1797496.779 0.075046215
27.237 1799410.848 0.074967948
27.185 1801345.881 0.074889141
27.133 1803301.810 0.074809804
27.080 1805278.565 0.074729951
27.027 1807276.078 0.074649593
26.974 1809294.279 0.074568743
26.920 1811333.096 0.074487413
26.866 1813392.459 0.074405616
26.811 1815472.297 0.074323364
26.756 1817572.539 0.074240668
26.701 1819693.112 0.074157542
26.645 1821833.944 0.074073997
26.589 1823994.962 0.073990046
26.532 1826176.094 0.073905702
26.475 1828377.266 0.073820976
26.418 1830598.404 0.073735880
26.360 1832839.435 0.073650428
26.302 1835100.283 0.073564631
26.244 1837380.875 0.073478501
26.185 1839681.135 0.073392052
26.126 1842000.988 0.073305293
26.066 1844340.359 0.073218239
26.007 1846699.172 0.073130902
25.947 1849077.351 0.073043292
25.886 1851474.821 0.072955423
25.825 1853891.503 0.072867306
25.764 1856327.323 0.072778953
25.703 1858782.202 0.072690377
25.641 1861256.064 0.072601590
25.579 1863748.832 0.072512602
25.517 1866260.428 0.072423427
25.454 1868790.775 0.072334076
25.391 1871339.795 0.072244560
25.328 1873907.409 0.072154891
25.264 1876493.540 0.072065082
25.201 1879098.110 0.071975144
25.137 1881721.040 0.071885088
25.072 1884362.252 0.071794925
25.008 1887021.666 0.071704669
24.943 1889699.206 0.071614328
24.878 1892394.791 0.071523916
24.813 1895108.342 0.071433444
24.747 1897839.782 0.071342922
24.681 1900589.030 0.071252362
24.615 1903356.008 0.071161775
24.549 1906140.636 0.071071172
24.483 1908942.836 0.070980565
24.416 1911762.528 0.070889963
24.349 1914599.632 0.070799379
24.282 1917454.070 0.070708822
24.215 1920325.763 0.070618304
24.147 1923214.630 0.070527835
24.079 1926120.592 0.070437427
24.011 1929043.571 0.070347088
23.943 1931983.487 0.070256831
23.875 1934940.260 0.070166665
23.806 1937913.811 0.070076601
23.738 1940904.061 0.069986649
23.669 1943910.931 0.069896819
23.600 1946934.341 0.069807122
23.531 1949974.213 0.069717567
23.461 1953030.468 0.069628165
23.392 1956103.025 0.069538925
23.322 1959191.807 0.069449858
23.252 1962296.735 0.069360973
23.182 1965417.729 0.069272280
23.112 1968554.712 0.069183789
23.042 1971707.604 0.069095509
22.971 1974876.326 0.069007450
22.901 1978060.802 0.068919620
22.830 1981260.951 0.068832031
22.759 1984476.697 0.068744690
22.688 1987707.960 0.068657608
22.617 1990954.663 0.068570792
22.546 1994216.729 0.068484254
22.475 1997494.079 0.068398000
22.404 2000786.636 0.068312041
22.332 2004094.323 0.068226386
22.261 2007417.062 0.068141043
22.189 2010754.776 0.068056020
22.117 2014107.388 0.067971327
22.045 2017474.822 0.067886973
21.973 2020857.000 0.067802965
21.901 2024253.848 0.067719313
21.829 2027665.287 0.067636024
21.757 2031091.242 0.067553108
21.685 2034531.637 0.067470572
21.612 2037986.397 0.067388424
21.540 2041455.446 0.067306674
21.467 2044938.708 0.067225328
21.395 2048436.108 0.067144395
21.322 2051947.572 0.067063883
21.249 2055473.025 0.066983801
21.177 2059012.391 0.066904155
21.104 2062565.598 0.066824953
21.031 2066132.570 0.066746204
20.958 2069713.235 0.066667915
20.885 2073307.517 0.066590093
20.812 2076915.344 0.066512747
20.739 2080536.643 0.066435884
20.666 2084171.340 0.066359511
20.593 2087819.363 0.066283635
20.520 2091480.639 0.066208265
20.446 2095155.096 0.066133407
20.373 2098842.662 0.066059068
20.300 2102543.264 0.065985257
20.227 2106256.833 0.065911979
20.153 2109983.296 0.065839243
20.080 2113722.581 0.065767055
20.007 2117474.619 0.065695422
