20.076 2110390.058 0.065936857
20.156 2106335.011 0.066015842
20.235 2102295.616 0.066095461
20.315 2098271.969 0.066175706
20.394 2094264.167 0.066256567
20.473 2090272.303 0.066338035
20.553 2086296.476 0.066420099
20.632 2082336.781 0.066502750
20.711 2078393.316 0.066585977
20.790 2074466.177 0.066669772
20.869 2070555.463 0.066754123
20.948 2066661.271 0.066839022
21.027 2062783.700 0.066924456
21.106 2058922.848 0.067010417
21.185 2055078.814 0.067096893
21.263 2051251.697 0.067183875
21.342 2047441.597 0.067271352
21.420 2043648.613 0.067359313
21.499 2039872.846 0.067447747
21.577 2036114.396 0.067536644
21.655 2032373.363 0.067625992
21.734 2028649.849 0.067715782
21.812 2024943.955 0.067806001
21.890 2021255.781 0.067896638
21.967 2017585.430 0.067987683
22.045 2013933.003 0.068079123
22.123 2010298.603 0.068170948
22.200 2006682.332 0.068263146
22.277 2003084.292 0.068355704
22.354 1999504.587 0.068448613
22.432 1995943.319 0.068541859
22.508 1992400.592 0.068635430
22.585 1988876.509 0.068729315
22.662 1985371.173 0.068823502
22.738 1981884.688 0.068917978
22.814 1978417.159 0.069012730
22.890 1974968.689 0.069107748
22.966 1971539.382 0.069203017
23.042 1968129.344 0.069298525
23.118 1964738.677 0.069394261
23.193 1961367.488 0.069490209
23.268 1958015.880 0.069586359
23.343 1954683.958 0.069682696
23.418 1951371.829 0.069779208
23.493 1948079.595 0.069875882
23.567 1944807.364 0.069972704
23.641 1941555.238 0.070069660
23.715 1938323.325 0.070166737
23.789 1935111.729 0.070263922
23.862 1931920.556 0.070361201
23.935 1928749.910 0.070458560
24.008 1925599.898 0.070555985
24.081 1922470.623 0.070653462
24.153 1919362.193 0.070750977
24.226 1916274.711 0.070848516
24.298 1913208.284 0.070946064
24.369 1910163.016 0.071043608
24.441 1907139.013 0.071141132
24.512 1904136.379 0.071238623
24.583 1901155.221 0.071336065
24.653 1898195.641 0.071433444
24.723 1895257.746 0.071530746
24.793 1892341.640 0.071627954
24.863 1889447.427 0.071725055
24.932 1886575.213 0.071822034
25.001 1883725.100 0.071918874
25.070 1880897.193 0.072015562
25.138 1878091.597 0.072112081
25.206 1875308.414 0.072208417
25.273 1872547.748 0.072304554
25.341 1869809.703 0.072400477
25.407 1867094.381 0.072496170
25.474 1864401.885 0.072591618
25.540 1861732.317 0.072686805
25.606 1859085.780 0.072781715
25.671 1856462.375 0.072876333
25.736 1853862.204 0.072970643
25.801 1851285.369 0.073064630
25.865 1848731.969 0.073158276
25.928 1846202.106 0.073251567
25.992 1843695.880 0.073344487
26.055 1841213.389 0.073437020
26.117 1838754.735 0.073529149
26.179 1836320.015 0.073620858
26.241 1833909.328 0.073712133
26.302 1831522.772 0.073802956
26.362 1829160.444 0.073893311
26.423 1826822.443 0.073983184
26.482 1824508.863 0.074072556
26.542 1822219.801 0.074161413
26.600 1819955.353 0.074249739
26.659 1817715.613 0.074337517
26.716 1815500.676 0.074424731
26.774 1813310.636 0.074511365
26.830 1811145.586 0.074597404
26.887 1809005.617 0.074682831
26.942 1806890.824 0.074767630
26.998 1804801.296 0.074851786
27.052 1802737.124 0.074935282
27.106 1800698.398 0.075018103
27.160 1798685.207 0.075100232
27.213 1796697.640 0.075181655
27.265 1794735.785 0.075262355
27.317 1792799.728 0.075342318
27.368 1790889.556 0.075421526
27.419 1789005.355 0.075499965
27.469 1787147.208 0.075577619
27.519 1785315.201 0.075654474
27.568 1783509.415 0.075730513
27.616 1781729.933 0.075805721
27.664 1779976.837 0.075880084
27.711 1778250.206 0.075953587
27.757 1776550.120 0.076026214
27.803 1774876.659 0.076097952
27.848 1773229.899 0.076168784
27.893 1771609.917 0.076238697
27.937 1770016.789 0.076307677
27.980 1768450.590 0.076375709
28.023 1766911.394 0.076442778
28.065 1765399.273 0.076508872
28.106 1763914.300 0.076573976
28.146 1762456.544 0.076638076
28.186 1761026.075 0.076701159
28.225 1759622.963 0.076763212
28.264 1758247.275 0.076824221
28.302 1756899.076 0.076884174
28.339 1755578.433 0.076943057
28.375 1754285.409 0.077000857
28.411 1753020.067 0.077057564
28.446 1751782.470 0.077113163
28.480 1750572.677 0.077167643
28.513 1749390.749 0.077220993
28.546 1748236.744 0.077273200
28.578 1747110.718 0.077324252
28.610 1746012.728 0.077374140
28.640 1744942.828 0.077422851
28.670 1743901.072 0.077470375
28.699 1742887.511 0.077516702
28.727 1741902.196 0.077561820
28.754 1740945.178 0.077605720
28.781 1740016.503 0.077648393
30.841 1670212.473 0.081138966
30.791 1671856.490 0.081050713
30.740 1673528.957 0.080961242
30.688 1675229.787 0.080870571
30.635 1676958.891 0.080778719
30.581 1678716.181 0.080685706
30.527 1680501.567 0.080591551
30.472 1682314.959 0.080496274
30.417 1684156.264 0.080399896
30.360 1686025.389 0.080302435
30.303 1687922.240 0.080203913
30.245 1689846.722 0.080104348
30.187 1691798.740 0.080003762
30.128 1693778.196 0.079902175
30.068 1695784.992 0.079799607
30.007 1697819.031 0.079696079
29.946 1699880.211 0.079591611
29.885 1701968.433 0.079486224
29.822 1704083.596 0.079379939
29.759 1706225.598 0.079272777
29.695 1708394.335 0.079164758
29.631 1710589.704 0.079055903
29.566 1712811.601 0.078946233
29.501 1715059.921 0.078835768
29.435 1717334.557 0.078724531
29.368 1719635.404 0.078612541
29.301 1721962.354 0.078499819
29.233 1724315.299 0.078386387
29.165 1726694.132 0.078272266
29.096 1729098.742 0.078157475
29.027 1731529.021 0.078042037
28.957 1733984.858 0.077925971
28.887 1736466.142 0.077809299
28.816 1738972.763 0.077692041
28.744 1741504.609 0.077574218
28.672 1744061.567 0.077455851
28.600 1746643.524 0.077336959
28.527 1749250.369 0.077217565
28.454 1751881.987 0.077097688
28.380 1754538.263 0.076977348
28.306 1757219.085 0.076856566
28.231 1759924.338 0.076735362
28.156 1762653.905 0.076613756
28.081 1765407.673 0.076491768
28.005 1768185.524 0.076369419
27.928 1770987.344 0.076246728
27.851 1773813.017 0.076123714
27.774 1776662.425 0.076000398
27.697 1779535.451 0.075876798
27.619 1782431.980 0.075752935
27.541 1785351.894 0.075628828
27.462 1788295.075 0.075504496
27.383 1791261.407 0.075379957
27.304 1794250.770 0.075255232
27.224 1797263.049 0.075130338
27.144 1800298.124 0.075005295
27.064 1803355.878 0.074880120
26.983 1806436.192 0.074754833
26.902 1809538.949 0.074629451
26.821 1812664.031 0.074503994
26.739 1815811.318 0.074378478
26.658 1818980.693 0.074252921
26.576 1822172.037 0.074127342
26.493 1825385.233 0.074001758
26.411 1828620.161 0.073876186
26.328 1831876.704 0.073750644
26.245 1835154.743 0.073625148
26.161 1838454.160 0.073499717
26.078 1841774.838 0.073374365
25.994 1845116.657 0.073249111
25.910 1848479.500 0.073123970
25.825 1851863.250 0.072998959
25.741 1855267.788 0.072874094
25.656 1858692.998 0.072749392
25.571 1862138.761 0.072624867
25.486 1865604.961 0.072500536
25.401 1869091.479 0.072376414
25.315 1872598.201 0.072252517
25.230 1876125.008 0.072128859
25.144 1879671.784 0.072005456
25.058 1883238.413 0.071882324
24.972 1886824.779 0.071759475
24.886 1890430.765 0.071636926
24.799 1894056.257 0.071514690
24.713 1897701.139 0.071392782
24.626 1901365.296 0.071271216
24.539 1905048.613 0.071150005
24.452 1908750.975 0.071029165
24.365 1912472.268 0.070908707
24.278 1916212.379 0.070788646
24.190 1919971.193 0.070668995
24.103 1923748.598 0.070549768
24.016 1927544.479 0.070430976
23.928 1931358.725 0.070312634
23.840 1935191.223 0.070194754
23.753 1939041.861 0.070077347
23.665 1942910.527 0.069960428
23.577 1946797.111 0.069844007
23.489 1950701.500 0.069728098
23.401 1954623.585 0.069612712
23.313 1958563.255 0.069497861
23.225 1962520.401 0.069383556
23.136 1966494.912 0.069269810
23.048 1970486.680 0.069156633
22.960 1974495.597 0.069044037
22.871 1978521.554 0.068932033
22.783 1982564.443 0.068820632
22.695 1986624.156 0.068709846
22.606 1990700.588 0.068599683
22.518 1994793.630 0.068490157
22.429 1998903.178 0.068381276
22.341 2003029.125 0.068273051
22.252 2007171.366 0.068165492
22.164 2011329.796 0.068058610
22.075 2015504.311 0.067952415
21.987 2019694.807 0.067846916
21.898 2023901.180 0.067742124
21.810 2028123.328 0.067638047
21.721 2032361.147 0.067534696
21.633 2036614.537 0.067432080
21.544 2040883.394 0.067330208
21.456 2045167.618 0.067229090
21.368 2049467.109 0.067128734
21.279 2053781.765 0.067029151
21.191 2058111.488 0.066930348
21.102 2062456.178 0.066832334
21.014 2066815.736 0.066735120
20.926 2071190.064 0.066638712
20.838 2075579.064 0.066543120
20.750 2079982.639 0.066448352
20.661 2084400.691 0.066354417
20.573 2088833.126 0.066261323
20.485 2093279.846 0.066169079
20.397 2097740.757 0.066077692
20.309 2102215.763 0.065987171
20.221 2106704.770 0.065897523
20.134 2111207.685 0.065808758
20.046 2115724.413 0.065720882
