0.0
0.0
0.0
0.0
0.0
0.0
0.0
0.0
0.0
0.0
0.0
0.0
0.0
0.0
0.0
0.0
0.0
0.0
0.0
0.0
0.0
0.0
0.0
0.0
0.0
0.0
0.0
0.0
0.0
0.0
0.0
0.0
0.0
0.0
0.0
0.0
0.0
0.0
0.0
0.0
0.0
0.0
0.0
0.0
0.0
0.0
0.0
0.0
0.0
0.0
0.0
0.0
0.0
0.0
0.0
0.0
0.0
0.0
0.0
0.0
0.0
0.0
0.0
0.0
0.0
0.0
0.0
0.0
0.0
0.0
0.0
0.0
0.0
0.0
0.0
0.0
0.0
0.0
0.0
0.0
0.0
0.0
0.0
0.0
0.0
0.0
0.0
0.0
0.0
0.0
0.0
0.0
0.0
0.0
0.0
0.0
0.0
0.0
0.0
0.0
0.0
0.0
0.0
0.0
0.0
0.0
0.0
0.0
0.0
0.0
0.0
0.0
0.0
0.0
0.0
0.0
0.0
0.0
0.0
0.0
0.0
0.0
0.0
0.0
0.0
0.0
0.0
0.0
0.0
0.0
0.0
0.0
0.0
0.0
0.0
0.0
0.0
0.0
0.0
0.0
0.0
0.0
0.0
0.0
0.0
0.0
0.0
0.0
0.0
0.0
0.0
0.0
0.0
0.0
0.0
0.0
0.0
0.0
0.0
0.0
0.0
0.0
0.0
0.0
0.0
0.0
0.0
0.0
0.0
0.0
0.0
0.0
0.0
0.0
0.0
0.0
0.0
0.0
0.0
0.0
0.0
0.0
0.0
0.0
0.0
0.0
0.0
0.0
0.0
0.0
0.0
0.0
0.0
0.0
0.0
0.0
0.0
0.0
0.0
0.0
0.0
0.0
0.0
0.0
0.0
0.0
0.0
0.0
0.0
0.0
0.0
0.0
0.0
0.0
0.0
0.0
0.0
0.0
0.0
0.0
0.0
0.0
0.0
0.0
0.0
0.0
0.0
0.0
0.0
0.0
0.0
0.0
0.0
0.0
0.0
0.0
0.0
0.0
0.0
0.0
0.0
0.0
0.0
0.0
0.0
0.0
0.0
0.0
0.0
0.0
0.0
0.0
0.0
0.0
0.0
0.0
0.0
0.0
0.0
0.0
0.0
0.0
0.0
0.0
0.0
0.0
0.0
0.0
0.0
0.0
0.0
0.0
0.0
0.0
0.0
0.0
0.0
0.0
0.0
0.0
0.0
0.0
0.0
0.0
0.0
0.0
0.0
0.0
0.0
0.0
0.0
0.0
0.0
0.0
0.0
0.0
0.0
0.0
0.0
0.0
0.0
0.0
0.0
0.0
0.0
0.0
0.0
0.0
0.0
0.0
0.0
0.0
0.0
0.0
0.0
0.0
0.0
0.0
0.0
0.0
0.0
0.0
0.0
0.0
0.0
0.0
0.0
0.0
0.0
0.0
0.0
0.0
0.0
0.0
0.0
0.0
0.0
0.0
0.0
0.0
0.0
0.0
0.0
0.0
0.0
0.0
0.0
0.0
0.0
0.0
0.0
0.0
0.0
0.0
0.0
0.0
0.0
0.0
0.0
0.0
0.0
0.0
0.0
0.0
0.0
0.0
0.0
0.0
0.0
0.0
0.0
0.0
0.0
0.0
0.0
0.0
0.0
0.0
0.0
0.0
0.0
0.0
0.0
0.0
0.0
0.0
0.0
0.0
0.0
0.0
0.0
0.0
0.0
0.0
0.0
0.0
0.0
0.0
273.2608862112829
273.76528577441314
274.26981131543073
274.7744047509211
275.27900741491686
275.78356006249084
276.288002873943
276.7922754592311
277.2963168627703
277.800065568733
278.303459506466
278.8064360565555
279.30893205714654
279.8108838107138
280.3122270910579
280.8128971511278
281.31282873068596
281.8119560648024
282.3102128926119
282.8075324664802
283.3038475616032
283.7990904861755
284.2931930915609
284.78608678347786
285.27770253316373
285.7679708891625
286.25682198948317
286.74418557434103
287.22999099903717
287.7141672476152
288.19664294662823
288.6773463797204
289.1562055022604
289.6331479567607
290.108101088365
290.58099196110174
291.05174737438864
291.52029388002296
291.98655779954476
292.4504652422061
292.91194212301826
586.7418283631017
587.6546140019465
588.5620920550873
589.46411318097
590.3605278445374
591.2511863585697
592.1359389257696
593.0146356816351
593.8871267380243
594.7532622273978
595.6128923480743
596.4658674096092
597.3120378791148
598.1512544285858
598.9833679822441
599.8082297647509
600.6256913502435
601.4356047112879
602.237822268988
603.0321969433534
603.8185822038848
604.5968321211498
605.3668014185174
606.1283455238995
606.8813206224522
607.6255837092889
608.360992642474
609.0874061966143
609.8046841160232
610.512687168714
611.2112772002605
611.9003171878085
612.5796712942036
613.2492049220893
613.9087847684091
614.5582788778978
615.1975566978351
615.826489131698
616.4449485930627
617.0528090591899
617.6499461247563
618.2362370545748
618.8115608368427
619.3757982352932
619.9288318417508
620.4705461274849
621.0008274947979
621.51956432733
622.0266470405054
622.5219681310512
623.0054222259821
623.4769061305551
623.9363188764742
624.3835617680237
624.8185384283814
625.2411548446994
625.6513194123474
626.0489429785137
626.4339388842133
626.8062230059819
627.1657137961873
627.5123323223489
627.8460023053661
628.166650156515
628.4742050136459
628.7685987755572
629.0497661354548
629.3176446135164
629.5721745875106
314.9066496612048
315.02048249943584
315.12756036984393
315.22785931776343
315.32135688445425
315.4080321182732
315.4878655853755
315.5608393795054
315.6269371308945
315.6861440146468
315.73844675822534
315.7838336481666
315.8222945360229
315.85382084349743
315.8784055667976
315.89604328017174
315.90673013865086
315.9104638799755
315.90724382568544
315.89707088155336
315.8799475369228
315.855877863367
315.82486751284466
315.7869237144531
315.74205527082626
315.6902725536827
315.63158749830745
315.56601359759003
315.4935658949486
315.4142609768362
315.32811696415365
315.235153503025
315.1353917549466
315.02885438587913
314.91556555491866
314.7955509021125
314.66883753545324
314.5354540174336
314.3954303507761
314.2487979633286
314.09558969258217
313.93583976938334
313.76958380105566
313.59685875390613
313.41770293512945
313.23215597413963
313.04025880333364
312.84205363830296
312.6375839575385
312.42689448156705
312.21003115176086
311.9870411084145
311.7579726684805
311.5228753031503
311.2817996144943
311.03479731209745
310.7819211892855
310.5232250987661
310.2587639282243
309.98859357533723
309.7127709227949
309.4313538127926
309.14440102135103
308.85197223254613
308.5541280122467
308.25092978192987
307.9424397922217
307.6287210962063
307.3098375228035
306.9858536499462
306.65683477752856
306.3228469005181
305.9839566818909
305.6402314255699
305.2917390493571
304.9385480578657
304.58072751549383
304.21834701943754
303.85147667277687
303.4801870576316
303.1045492084226
302.7246345853253
302.34051504769224
301.95226282772103
301.5599505043753
301.16365097740237
300.7634374414468
300.35938336054255
299.9515624428268
299.54004861533184
299.12491599913386
298.7062388848687
298.2840917083394
297.85854902650243
297.42968549382636
296.99757583877556
296.56229484080177
296.1239173076
295.6825180526254
295.2381718731408
294.79095352851294
294.34093771880606
293.8881990638963
293.43281208289784
292.9748511739825
292.5143905946137
292.0515044420898
291.58626663473757
291.1187508931914
290.6490307223218
290.1771793935068
289.7032699273286
289.2273750766875
288.7495673104339
288.2699187972044
287.7885013899809
287.3053866109342
286.8206456366443
286.3343492838841
285.84656799576214
285.35737182839733
284.86683043781665
284.37501306757827
283.88198853660487
283.38782522754997
282.89259107556046
282.3963535575351
281.89917968167885
281.40113597762917
280.90228848687724
280.40270275374246
279.902443816619
279.4015761997837
278.90016390544395
278.3982704063349
277.895958638651
277.39329099539214
276.890329320048
276.3871349007796
275.8837684648999
275.38029017370485
274.8767596177604
274.37323581249944
273.86977719420076
273.3664416163171
272.8632863461077
272.36036806175304
271.8577428496079
271.35546620197147
270.85359301504025
270.35217758727
269.85127361803086
269.3509342065366
268.85121185111825
268.3521584487676
267.8538252949694
267.35626308382757
266.8595219084585
266.3636512616401
265.8687000367914
265.37471652906197
264.88174843685636
264.3898428634696
263.8990463190043
263.4094047225225
262.9209634044334
262.43376710905653
261.9478599974475
261.46328565038175
260.980087071613
260.49830669124736
260.0179863693363
259.5391673996983
259.06189051382
258.58619588501983
258.11212313274996
257.63971132701374
257.1689989930207
256.70002411594373
256.23282414578676
255.76743600248454
255.3038960810382
254.84224025684918
254.38250389113114
253.92472183650986
253.46892844263866
253.01515756200783
252.56344255581942
252.11381629997675
251.6663111911629
251.22095915302154
250.77779164241701
250.3368396557874
249.89813373556606
249.46170397669607
249.02758003320673
248.5957911248607
248.166366043865
247.7393331616726
247.3147204357741
246.89255541663428
246.47286525461615
246.05567670698352
245.6410161449364
245.22890956070486
244.8193825746901
244.41246044261217
244.00816806271456
243.60652998302373
243.2075704086071
242.81131320886985
242.4177819249077
242.02699977682767
241.63898967115
241.25377420819478
240.87137568952312
240.49181612535241
240.1151172420354
239.7413004895207
239.37038704884313
239.0023978396269
238.63735352759716
238.27527453210132
237.916181033653
237.56009298147185
237.20703010103475
236.85701190163505
236.5100576839543
236.16618654763775
235.82541739887188
235.48776895797016
235.1532597669756
234.82190819724738
234.49373245707062
234.16875059926213
233.8469805287891
233.5284400103877
233.21314667618026
232.9011180333227
0.0
0.0
0.0
0.0
0.0
0.0
0.0
0.0
0.0
0.0
0.0
0.0
0.0
0.0
0.0
0.0
0.0
0.0
0.0
0.0
0.0
0.0
0.0
0.0
0.0
0.0
0.0
0.0
0.0
0.0
0.0
0.0
0.0
0.0
0.0
0.0
0.0
0.0
0.0
0.0
0.0
0.0
0.0
0.0
0.0
0.0
0.0
0.0
0.0
0.0
0.0
0.0
0.0
0.0
0.0
0.0
0.0
0.0
0.0
0.0
0.0
0.0
0.0
0.0
0.0
0.0
0.0
0.0
0.0
0.0
0.0
0.0
0.0
0.0
0.0
0.0
0.0
0.0
0.0
0.0
0.0
0.0
0.0
0.0
0.0
0.0
0.0
0.0
0.0
0.0
0.0
0.0
0.0
0.0
0.0
0.0
0.0
0.0
0.0
0.0
0.0
0.0
0.0
0.0
0.0
0.0
0.0
0.0
0.0
0.0
0.0
0.0
0.0
0.0
0.0
0.0
0.0
0.0
0.0
0.0
0.0
0.0
0.0
0.0
0.0
0.0
0.0
0.0
0.0
0.0
0.0
0.0
0.0
0.0
0.0
0.0
0.0
0.0
0.0
0.0
0.0
0.0
0.0
0.0
0.0
0.0
0.0
0.0
0.0
0.0
0.0
0.0
0.0
0.0
0.0
0.0
0.0
0.0
0.0
0.0
0.0
0.0
0.0
0.0
0.0
0.0
0.0
0.0
0.0
0.0
0.0
0.0
0.0
0.0
0.0
0.0
0.0
0.0
0.0
0.0
0.0
0.0
0.0
0.0
0.0
0.0
0.0
0.0
0.0
0.0
0.0
0.0
0.0
0.0
0.0
0.0
0.0
0.0
0.0
0.0
0.0
0.0
0.0
0.0
0.0
0.0
0.0
0.0
0.0
0.0
0.0
0.0
0.0
0.0
0.0
0.0
0.0
0.0
0.0
0.0
0.0
0.0
0.0
0.0
0.0
0.0
0.0
0.0
0.0
0.0
0.0
0.0
0.0
0.0
0.0
0.0
0.0
0.0
0.0
0.0
0.0
0.0
0.0
0.0
0.0
0.0
0.0
0.0
0.0
0.0
0.0
0.0
0.0
0.0
0.0
0.0
0.0
0.0
0.0
0.0
0.0
0.0
0.0
0.0
0.0
0.0
0.0
0.0
0.0
0.0
0.0
0.0
0.0
0.0
0.0
0.0
0.0
0.0
0.0
0.0
0.0
0.0
0.0
0.0
0.0
0.0
0.0
0.0
0.0
0.0
0.0
0.0
0.0
0.0
0.0
0.0
0.0
0.0
0.0
0.0
0.0
0.0
0.0
0.0
0.0
0.0
0.0
0.0
0.0
0.0
0.0
0.0
0.0
0.0
0.0
0.0
0.0
0.0
0.0
0.0
0.0
0.0
0.0
0.0
0.0
0.0
0.0
0.0
0.0
0.0
0.0
0.0
0.0
0.0
0.0
0.0
0.0
0.0
0.0
0.0
0.0
0.0
0.0
0.0
0.0
0.0
0.0
0.0
0.0
0.0
0.0
0.0
0.0
0.0
0.0
0.0
0.0
0.0
0.0
0.0
0.0
0.0
0.0
0.0
0.0
0.0
0.0
0.0
0.0
0.0
0.0
0.0
0.0
0.0
0.0
0.0
0.0
0.0
0.0
0.0
0.0
0.0
0.0
0.0
0.0
0.0
0.0
0.0
0.0
0.0
0.0
0.0
0.0
0.0
0.0
0.0
0.0
0.0
0.0
0.0
0.0
0.0
0.0
0.0
0.0
0.0
0.0
0.0
0.0
0.0
0.0
0.0
0.0
0.0
0.0
0.0
0.0
0.0
0.0
0.0
0.0
0.0
0.0
0.0
0.0
0.0
0.0
0.0
0.0
0.0
0.0
0.0
0.0
0.0
0.0
0.0
0.0
0.0
0.0
0.0
0.0
0.0
0.0
0.0
0.0
0.0
0.0
0.0
0.0
0.0
0.0
0.0
0.0
0.0
0.0
0.0
0.0
0.0
0.0
0.0
0.0
0.0
0.0
0.0
0.0
0.0
241.7267708909314
241.98494359890265
242.24319031288059
242.50147717406247
242.75977019168445
243.018035245617
243.27623808914237
243.53434435197187
243.7923195432185
244.05012905460427
244.30773816376754
244.5651120376697
244.8222157363184
245.07901421620636
245.33547233436974
245.59155485225824
245.84722643984225
246.10245167983706
246.35719507205226
246.61142103788103
246.8650939249235
247.11817801163886
247.37063751239603
247.62243658228448
247.8735393223271
248.12390978470756
248.37351197815318
248.62230987341576
248.8702674089193
249.11734849640243
249.36351702697158
249.60873687688763
249.85297191376196
250.09618600274698
250.33834301287274
250.5794068234796
250.81934133079528
251.0581104545177
251.29567814468422
251.53200838853905
251.767065217422
252.00081271391767
252.23321501901944
252.4642363393989
252.6938409547726
252.92199322536018
253.14865759943305
253.3737986209223
253.59738093721222
253.81936930681957
254.03972860733683
254.25842384338134
254.4754201545258
254.6906828234975
254.90417728424558
255.11586913016095
255.32572412231949
255.53370819786824
255.7397874782731
255.94392827781735
256.14609711195425
256.3462607059071
256.54438600310493
256.7404401737503
256.93439062338746
257.12620500147005
257.3158512100483
257.5032974122885
257.6885120410897
257.87146380782156
258.0521217108562
258.2304550442116
258.40643340616504
258.5800267078068
258.7512051817064
258.91993939032466
259.08620023461447
259.2499589624735
259.41118717718365
259.56985684580724
259.7259403075261
259.87941028193245
260.03023987727636
260.1784025985262
260.32387235567217
260.46662347153523
260.60663068981654
260.7438691829252
260.8783145597527
261.00994287334197
261.13873062848455
261.26465478910285
261.3876927857219
261.5078225227182
261.62502238534137
261.7392712468101
261.85054847517534
261.958833940065
262.064108019324
262.16635160540096
262.26554611180694
262.36167347919036
262.45471618146496
262.5446572315629
262.6314801872231
262.7151691565093
262.7957088032026
262.8730843519858
262.94728159348443
263.01828688911075
263.08608717572605
263.1506699701063
263.21202337331016
263.2701360746715
263.32499735571116
263.37659709393677
263.42492576627126
263.4699744523729
263.51173483773283
263.5501992165672
263.5853604944723
263.61721219099974
263.64574844170664
263.6709640004029
263.69285424087093
263.7114151585004
263.72664337166594
263.7385361229119
263.7470912798848
263.75230733607646
263.7541834113267
263.7527192520975
263.74791523154926
263.7397723493743
263.7282922314129
263.71347712905754
263.6953299184155
263.6738540992975
263.6490537938407
263.62093374520373
263.58949931575273
263.5547564851114
263.51671184809044
263.4753726123173
263.4307465956947
263.3828422235451
263.3316685257574
263.27723513351157
263.2195522758911
263.1586307763699
263.09448204890055
263.0271180940083
262.95655149460106
262.88279541152593
262.80586357912176
262.7257703003943
262.64253044211466
262.5561594297062
262.46667324195477
262.3740884056315
262.2784219897788
262.1796915999379
262.0779153722996
261.9731119675294
261.8653005645523
261.75450085415054
261.64073303243475
261.52401779414953
261.4043763259561
261.28183029931677
261.15640186359576
261.02811363885263
260.8969887084628
260.7630506117772
260.6263233365885
260.48683131153103
260.3445993982986
260.19965288392797
260.0520174728982
259.9017192790802
259.74878481774863
259.59324099743685
259.4351151117511
259.27443483112984
259.11122819446547
258.9455236008393
258.77734980104043
258.60673588911436
258.4337112939301
258.25830577056115
258.08054939178953
257.9004725395263
257.71810589615825
257.53348043602324
257.34662741672423
257.1575783705253
256.9663650957059
256.77301964799744
256.577574331884
256.3800616920732
256.18051450483847
255.97896576954022
255.77544870007182
255.56999671630396
255.3626434356624
255.15342266466482
254.9423683906063
254.72951477307438
254.51489613579884
254.2985469583363
254.0805018679061
253.86079563127134
253.63946314668055
253.41653943587642
253.19205963619436
252.9660589926672
252.73857285032443
252.50963664650746
252.27928590319857
252.0475562195639
251.81448326451195
251.5801027693548
251.34445052058595
251.10756235268366
250.8694741411393
250.63022179547286
250.38984125237752
250.14836846905152
249.90583941648745
249.66229007300922
249.41775641786464
249.17227442488644
248.9258800563858
248.67860925703377
248.43049794796568
248.1815820208955
247.93189733248266
247.6814796986962
247.4303648893498
247.17858862281747
246.92618656078642
246.67319430317417
246.4196473831695
246.1655812624063
245.91103132624733
245.65603287922622
245.40062114054643
245.14483123984985
244.88869821294543
244.63225699778195
244.37554243050994
244.11858924168357
243.86143205258182
243.60410537168002
243.34664359119648
243.0890809838599
242.83145169972016
242.5737897631533
242.31612906992046
242.05850338443133
241.80094633709405
241.54349142180777
241.2861719935469
241.02902126614302
240.77207231012449
240.515358050699
240.25891126589767
240.0027645847896
239.74695048584053
239.49150129538637
239.23644918627377
238.98182617654754
238.72766412831575
238.47399474669578
238.220849578901
237.96826001343553
237.71625727940895
237.46487244593592
237.21413642173013
236.9640799547013
236.71473363174158
236.4661278785995
236.21829295985842
235.97125897902575
235.72505587874144
235.4797134410559
235.23526128787285
234.9917288814308
234.7491455249524
234.50754036332026
234.266942383922
234.0273804175564
233.7888831394545
233.55147907037104
233.3151965778236
233.0800638773703
232.84610903401617
232.61335996368797
232.38184443485744
232.15159007015689
0.0
0.0
0.0
0.0
0.0
0.0
0.0
0.0
0.0
0.0
0.0
0.0
0.0
0.0
0.0
0.0
0.0
0.0
0.0
0.0
0.0
0.0
0.0
0.0
0.0
0.0
0.0
0.0
0.0
0.0
0.0
0.0
0.0
0.0
0.0
0.0
0.0
0.0
0.0
0.0
0.0
0.0
0.0
0.0
0.0
0.0
0.0
0.0
0.0
0.0
0.0
0.0
0.0
0.0
0.0
0.0
0.0
0.0
0.0
0.0
0.0
0.0
0.0
0.0
0.0
0.0
0.0
0.0
0.0
0.0
0.0
0.0
0.0
0.0
0.0
0.0
0.0
0.0
0.0
0.0
0.0
0.0
0.0
0.0
0.0
0.0
0.0
0.0
0.0
0.0
0.0
0.0
0.0
0.0
0.0
0.0
0.0
0.0
0.0
0.0
0.0
0.0
0.0
0.0
0.0
0.0
0.0
0.0
0.0
0.0
0.0
0.0
0.0
0.0
0.0
0.0
0.0
0.0
0.0
0.0
0.0
0.0
0.0
0.0
0.0
0.0
0.0
0.0
0.0
0.0
0.0
0.0
0.0
0.0
0.0
0.0
0.0
0.0
0.0
0.0
0.0
0.0
0.0
0.0
0.0
0.0
0.0
0.0
0.0
0.0
0.0
0.0
0.0
0.0
0.0
0.0
0.0
0.0
0.0
0.0
0.0
0.0
0.0
0.0
0.0
0.0
0.0
0.0
0.0
0.0
0.0
0.0
0.0
0.0
0.0
0.0
0.0
0.0
0.0
0.0
0.0
0.0
0.0
0.0
0.0
0.0
0.0
0.0
0.0
0.0
0.0
0.0
0.0
0.0
0.0
0.0
0.0
0.0
0.0
0.0
0.0
0.0
0.0
0.0
0.0
0.0
0.0
0.0
0.0
0.0
0.0
0.0
0.0
0.0
0.0
0.0
0.0
0.0
0.0
0.0
0.0
0.0
0.0
0.0
0.0
0.0
0.0
0.0
0.0
0.0
0.0
0.0
0.0
0.0
0.0
0.0
0.0
0.0
0.0
0.0
0.0
0.0
0.0
0.0
0.0
0.0
0.0
0.0
0.0
0.0
0.0
0.0
0.0
0.0
0.0
0.0
0.0
0.0
0.0
0.0
0.0
0.0
0.0
0.0
0.0
0.0
0.0
0.0
0.0
0.0
0.0
0.0
0.0
0.0
0.0
0.0
0.0
0.0
0.0
0.0
0.0
0.0
0.0
0.0
0.0
0.0
0.0
0.0
0.0
0.0
0.0
0.0
0.0
0.0
0.0
0.0
0.0
0.0
0.0
0.0
0.0
0.0
0.0
0.0
0.0
0.0
0.0
0.0
0.0
0.0
0.0
0.0
0.0
0.0
0.0
0.0
0.0
0.0
0.0
0.0
0.0
0.0
0.0
0.0
0.0
0.0
0.0
0.0
0.0
0.0
0.0
0.0
0.0
0.0
0.0
0.0
0.0
0.0
0.0
0.0
0.0
0.0
0.0
0.0
0.0
0.0
0.0
0.0
0.0
0.0
0.0
0.0
0.0
0.0
0.0
0.0
0.0
0.0
0.0
0.0
0.0
0.0
0.0
0.0
0.0
0.0
0.0
0.0
0.0
0.0
0.0
0.0
0.0
0.0
0.0
0.0
0.0
0.0
0.0
0.0
0.0
0.0
0.0
0.0
0.0
0.0
0.0
0.0
0.0
0.0
0.0
0.0
0.0
0.0
0.0
0.0
0.0
0.0
0.0
0.0
0.0
0.0
0.0
0.0
0.0
0.0
0.0
0.0
0.0
0.0
0.0
0.0
0.0
0.0
0.0
0.0
0.0
0.0
0.0
0.0
0.0
0.0
0.0
0.0
0.0
0.0
0.0
0.0
0.0
0.0
0.0
0.0
0.0
0.0
0.0
0.0
0.0
0.0
0.0
0.0
0.0
0.0
0.0
0.0
0.0
0.0
0.0
0.0
0.0
0.0
0.0
0.0
0.0
0.0
0.0
0.0
0.0
0.0
0.0
0.0
0.0
0.0
0.0
0.0
0.0
0.0
0.0
0.0
0.0
0.0
0.0
0.0
0.0
0.0
0.0
0.0
0.0
0.0
0.0
0.0
0.0
0.0
0.0
0.0
0.0
0.0
0.0
0.0
0.0
0.0
0.0
0.0
0.0
0.0
0.0
0.0
0.0
0.0
0.0
0.0
0.0
0.0
0.0
0.0
0.0
0.0
0.0
0.0
0.0
0.0
0.0
0.0
0.0
0.0
0.0
0.0
0.0
0.0
0.0
0.0
0.0
0.0
0.0
0.0
0.0
0.0
0.0
0.0
0.0
0.0
0.0
0.0
0.0
0.0
0.0
0.0
0.0
0.0
0.0
0.0
0.0
0.0
0.0
0.0
0.0
0.0
0.0
0.0
0.0
0.0
0.0
0.0
0.0
0.0
0.0
0.0
0.0
0.0
0.0
0.0
0.0
0.0
0.0
0.0
0.0
0.0
0.0
0.0
0.0
0.0
0.0
0.0
0.0
0.0
0.0
0.0
0.0
0.0
0.0
0.0
0.0
0.0
0.0
0.0
0.0
0.0
0.0
0.0
0.0
0.0
0.0
0.0
0.0
0.0
0.0
0.0
0.0
0.0
0.0
0.0
0.0
0.0
0.0
0.0
0.0
0.0
0.0
0.0
0.0
0.0
0.0
0.0
0.0
0.0
0.0
0.0
0.0
0.0
0.0
0.0
0.0
0.0
0.0
0.0
0.0
0.0
0.0
0.0
0.0
0.0
0.0
0.0
0.0
0.0
0.0
0.0
0.0
0.0
0.0
0.0
0.0
0.0
0.0
0.0
0.0
0.0
0.0
0.0
0.0
0.0
0.0
0.0
0.0
0.0
0.0
0.0
0.0
0.0
0.0
0.0
0.0
0.0
0.0
0.0
0.0
0.0
0.0
0.0
0.0
0.0
0.0
0.0
0.0
0.0
0.0
0.0
0.0
0.0
0.0
0.0
0.0
0.0
0.0
0.0
0.0
0.0
0.0
0.0
0.0
0.0
0.0
0.0
0.0
0.0
0.0
0.0
0.0
0.0
0.0
0.0
0.0
0.0
0.0
0.0
0.0
0.0
0.0
0.0
0.0
0.0
0.0
0.0
0.0
0.0
0.0
0.0
0.0
0.0
0.0
0.0
0.0
0.0
0.0
0.0
0.0
0.0
0.0
0.0
0.0
0.0
0.0
0.0
0.0
0.0
0.0
0.0
0.0
0.0
0.0
0.0
0.0
0.0
0.0
0.0
0.0
0.0
0.0
0.0
0.0
0.0
0.0
0.0
0.0
0.0
0.0
0.0
0.0
0.0
0.0
0.0
0.0
0.0
0.0
0.0
0.0
0.0
0.0
0.0
0.0
0.0
0.0
0.0
0.0
0.0
0.0
0.0
0.0
0.0
0.0
0.0
0.0
0.0
0.0
0.0
0.0
0.0
0.0
0.0
0.0
0.0
0.0
0.0
0.0
0.0
0.0
0.0
0.0
0.0
0.0
0.0
0.0
0.0
0.0
0.0
0.0
0.0
0.0
0.0
0.0
0.0
0.0
0.0
0.0
0.0
0.0
0.0
0.0
0.0
0.0
0.0
0.0
0.0
0.0
0.0
0.0
0.0
0.0
0.0
0.0
0.0
0.0
0.0
0.0
0.0
0.0
0.0
0.0
0.0
0.0
0.0
0.0
0.0
0.0
0.0
0.0
0.0
0.0
0.0
0.0
0.0
0.0
0.0
0.0
0.0
0.0
0.0
0.0
0.0
0.0
0.0
0.0
0.0
0.0
0.0
0.0
0.0
0.0
0.0
0.0
0.0
0.0
0.0
0.0
0.0
0.0
0.0
0.0
0.0
0.0
0.0
0.0
0.0
0.0
0.0
0.0
0.0
0.0
0.0
0.0
0.0
0.0
0.0
0.0
0.0
0.0
0.0
0.0
0.0
0.0
0.0
0.0
0.0
0.0
0.0
0.0
0.0
0.0
0.0
0.0
0.0
0.0
0.0
0.0
0.0
0.0
0.0
0.0
0.0
0.0
0.0
0.0
0.0
0.0
0.0
0.0
0.0
0.0
0.0
0.0
0.0
0.0
0.0
0.0
0.0
0.0
0.0
0.0
0.0
0.0
0.0
0.0
0.0
0.0
0.0
0.0
0.0
0.0
0.0
0.0
0.0
0.0
0.0
0.0
0.0
0.0
0.0
0.0
0.0
0.0
0.0
0.0
0.0
0.0
0.0
0.0
0.0
0.0
0.0
0.0
0.0
0.0
0.0
0.0
0.0
0.0
0.0
0.0
0.0
0.0
0.0
0.0
0.0
0.0
0.0
0.0
0.0
0.0
0.0
0.0
0.0
0.0
0.0
0.0
0.0
0.0
0.0
0.0
0.0
0.0
0.0
0.0
0.0
0.0
0.0
0.0
0.0
0.0
0.0
0.0
0.0
0.0
0.0
0.0
0.0
0.0
0.0
0.0
0.0
0.0
0.0
0.0
0.0
0.0
0.0
0.0
0.0
0.0
0.0
0.0
0.0
0.0
0.0
0.0
0.0
0.0
0.0
0.0
0.0
0.0
0.0
0.0
0.0
0.0
0.0
0.0
0.0
0.0
0.0
0.0
0.0
0.0
0.0
0.0
0.0
0.0
0.0
0.0
0.0
0.0
0.0
0.0
0.0
0.0
0.0
0.0
0.0
0.0
0.0
0.0
0.0
0.0
0.0
0.0
0.0
0.0
0.0
0.0
0.0
0.0
0.0
0.0
0.0
0.0
0.0
0.0
0.0
0.0
0.0
0.0
0.0
0.0
0.0
0.0
0.0
0.0
0.0
0.0
0.0
0.0
0.0
0.0
0.0
0.0
0.0
0.0
0.0
0.0
0.0
0.0
0.0
0.0
0.0
0.0
0.0
0.0
0.0
0.0
0.0
0.0
0.0
0.0
0.0
0.0
0.0
0.0
0.0
0.0
0.0
0.0
0.0
0.0
0.0
0.0
0.0
0.0
0.0
0.0
0.0
0.0
0.0
0.0
0.0
0.0
0.0
0.0
0.0
0.0
0.0
0.0
0.0
0.0
0.0
0.0
0.0
0.0
0.0
0.0
0.0
0.0
0.0
0.0
0.0
0.0
0.0
0.0
0.0
0.0
0.0
0.0
0.0
0.0
0.0
0.0
0.0
0.0
0.0
0.0
0.0
0.0
0.0
0.0
0.0
0.0
0.0
0.0
0.0
0.0
0.0
0.0
0.0
0.0
0.0
0.0
0.0
0.0
0.0
0.0
0.0
0.0
0.0
0.0
0.0
0.0
0.0
0.0
0.0
0.0
0.0
0.0
0.0
0.0
0.0
0.0
0.0
0.0
0.0
0.0
0.0
0.0
0.0
0.0
0.0
0.0
0.0
0.0
0.0
0.0
0.0
0.0
0.0
0.0
0.0
0.0
0.0
0.0
0.0
0.0
0.0
0.0
0.0
0.0
0.0
0.0
0.0
0.0
0.0
0.0
0.0
0.0
0.0
0.0
0.0
0.0
0.0
0.0
0.0
0.0
0.0
0.0
0.0
0.0
0.0
0.0
0.0
0.0
0.0
0.0
0.0
0.0
0.0
0.0
0.0
0.0
0.0
0.0
0.0
0.0
0.0
0.0
0.0
0.0
0.0
0.0
0.0
0.0
0.0
0.0
0.0
0.0
0.0
0.0
0.0
0.0
0.0
0.0
0.0
0.0
0.0
0.0
0.0
0.0
0.0
0.0
0.0
0.0
0.0
0.0
0.0
0.0
0.0
0.0
0.0
0.0
0.0
0.0
0.0
0.0
0.0
0.0
0.0
0.0
0.0
0.0
0.0
0.0
0.0
0.0
0.0
0.0
0.0
0.0
0.0
0.0
0.0
0.0
0.0
0.0
0.0
0.0
0.0
0.0
0.0
0.0
0.0
0.0
0.0
0.0
0.0
0.0
0.0
0.0
0.0
0.0
0.0
0.0
0.0
0.0
0.0
0.0
0.0
0.0
0.0
0.0
0.0
0.0
0.0
0.0
0.0
0.0
0.0
0.0
0.0
0.0
0.0
0.0
0.0
0.0
0.0
0.0
0.0
0.0
0.0
0.0
0.0
0.0
0.0
0.0
0.0
0.0
0.0
0.0
0.0
0.0
0.0
0.0
0.0
0.0
0.0
0.0
0.0
0.0
0.0
0.0
0.0
0.0
0.0
0.0
0.0
0.0
0.0
0.0
0.0
0.0
0.0
0.0
0.0
0.0
0.0
0.0
0.0
0.0
0.0
0.0
0.0
0.0
0.0
0.0
0.0
0.0
0.0
0.0
0.0
0.0
0.0
0.0
0.0
0.0
0.0
0.0
0.0
0.0
0.0
0.0
0.0
0.0
0.0
0.0
0.0
0.0
0.0
0.0
0.0
0.0
0.0
0.0
0.0
0.0
0.0
0.0
0.0
0.0
0.0
0.0
0.0
0.0
0.0
0.0
0.0
0.0
0.0
0.0
0.0
0.0
0.0
0.0
0.0
0.0
0.0
0.0
0.0
0.0
0.0
0.0
0.0
0.0
0.0
0.0
0.0
0.0
0.0
0.0
0.0
0.0
0.0
0.0
0.0
0.0
0.0
0.0
0.0
0.0
0.0
0.0
0.0
0.0
0.0
0.0
0.0
0.0
0.0
0.0
0.0
0.0
0.0
0.0
0.0
0.0
0.0
0.0
0.0
0.0
0.0
0.0
0.0
0.0
0.0
0.0
0.0
0.0
0.0
0.0
0.0
0.0
0.0
0.0
0.0
0.0
0.0
0.0
0.0
0.0
0.0
0.0
0.0
0.0
0.0
0.0
0.0
0.0
0.0
0.0
0.0
0.0
0.0
0.0
0.0
0.0
0.0
0.0
0.0
0.0
0.0
0.0
0.0
0.0
0.0
0.0
0.0
0.0
0.0
0.0
0.0
0.0
0.0
0.0
0.0
0.0
0.0
0.0
0.0
0.0
0.0
0.0
0.0
0.0
0.0
0.0
0.0
0.0
0.0
0.0
0.0
0.0
0.0
0.0
0.0
0.0
0.0
0.0
0.0
0.0
0.0
0.0
0.0
0.0
0.0
0.0
0.0
0.0
0.0
0.0
0.0
0.0
0.0
0.0
0.0
0.0
0.0
0.0
0.0
0.0
0.0
0.0
0.0
0.0
0.0
0.0
0.0
0.0
0.0
0.0
0.0
0.0
0.0
0.0
0.0
0.0
0.0
0.0
0.0
0.0
0.0
0.0
0.0
0.0
0.0
0.0
0.0
0.0
0.0
0.0
0.0
0.0
0.0
0.0
0.0
0.0
0.0
0.0
0.0
0.0
0.0
0.0
0.0
0.0
0.0
0.0
0.0
0.0
0.0
0.0
0.0
0.0
0.0
0.0
0.0
0.0
0.0
0.0
0.0
0.0
0.0
0.0
0.0
0.0
0.0
0.0
0.0
0.0
0.0
0.0
0.0
0.0
0.0
0.0
0.0
0.0
0.0
0.0
0.0
0.0
0.0
0.0
0.0
0.0
0.0
0.0
0.0
0.0
0.0
0.0
0.0
0.0
0.0
0.0
0.0
0.0
0.0
0.0
0.0
0.0
0.0
0.0
0.0
0.0
0.0
0.0
0.0
0.0
0.0
0.0
0.0
0.0
0.0
0.0
0.0
0.0
0.0
0.0
0.0
0.0
0.0
0.0
0.0
0.0
0.0
0.0
0.0
0.0
0.0
0.0
0.0
0.0
0.0
0.0
0.0
0.0
0.0
0.0
0.0
0.0
0.0
0.0
0.0
0.0
0.0
0.0
0.0
0.0
0.0
0.0
0.0
0.0
0.0
0.0
0.0
0.0
0.0
0.0
0.0
0.0
0.0
0.0
0.0
0.0
0.0
0.0
0.0
0.0
0.0
0.0
0.0
0.0
0.0
0.0
0.0
0.0
0.0
0.0
0.0
0.0
0.0
0.0
0.0
0.0
0.0
0.0
0.0
0.0
0.0
0.0
0.0
0.0
0.0
0.0
0.0
0.0
0.0
0.0
0.0
0.0
0.0
0.0
0.0
0.0
0.0
0.0
0.0
0.0
0.0
0.0
0.0
0.0
0.0
0.0
0.0
0.0
0.0
0.0
0.0
0.0
0.0
0.0
0.0
0.0
0.0
0.0
0.0
0.0
0.0
0.0
0.0
0.0
0.0
0.0
0.0
0.0
0.0
0.0
0.0
0.0
0.0
0.0
0.0
0.0
0.0
0.0
0.0
0.0
0.0
0.0
0.0
0.0
0.0
0.0
0.0
0.0
0.0
0.0
0.0
0.0
0.0
0.0
0.0
0.0
0.0
0.0
0.0
0.0
0.0
0.0
0.0
0.0
0.0
0.0
0.0
0.0
0.0
0.0
0.0
0.0
0.0
0.0
0.0
0.0
0.0
0.0
0.0
0.0
0.0
0.0
0.0
0.0
0.0
0.0
0.0
0.0
0.0
0.0
0.0
0.0
0.0
0.0
0.0
0.0
0.0
0.0
0.0
0.0
0.0
0.0
0.0
0.0
0.0
0.0
0.0
0.0
0.0
0.0
0.0
0.0
0.0
0.0
0.0
0.0
0.0
0.0
0.0
0.0
0.0
0.0
0.0
0.0
0.0
0.0
0.0
0.0
0.0
0.0
0.0
0.0
0.0
0.0
0.0
0.0
0.0
0.0
0.0
0.0
0.0
0.0
0.0
0.0
0.0
0.0
0.0
0.0
0.0
0.0
0.0
0.0
0.0
0.0
0.0
0.0
0.0
0.0
0.0
0.0
0.0
0.0
0.0
0.0
0.0
0.0
0.0
0.0
0.0
0.0
0.0
0.0
0.0
0.0
0.0
0.0
0.0
0.0
0.0
0.0
0.0
0.0
0.0
0.0
0.0
0.0
0.0
0.0
0.0
0.0
0.0
0.0
0.0
0.0
0.0
0.0
0.0
0.0
0.0
0.0
0.0
0.0
0.0
0.0
0.0
0.0
0.0
0.0
0.0
0.0
0.0
0.0
0.0
0.0
0.0
0.0
0.0
0.0
0.0
0.0
0.0
0.0
0.0
0.0
0.0
0.0
0.0
0.0
0.0
0.0
0.0
0.0
0.0
0.0
0.0
0.0
0.0
0.0
0.0
0.0
0.0
0.0
0.0
0.0
0.0
0.0
0.0
0.0
0.0
0.0
0.0
0.0
0.0
0.0
0.0
0.0
0.0
0.0
0.0
0.0
0.0
0.0
0.0
0.0
0.0
0.0
0.0
0.0
0.0
0.0
0.0
0.0
0.0
0.0
0.0
0.0
0.0
0.0
0.0
0.0
0.0
0.0
0.0
0.0
0.0
0.0
0.0
0.0
0.0
0.0
0.0
0.0
0.0
0.0
0.0
0.0
0.0
0.0
0.0
0.0
0.0
0.0
0.0
0.0
0.0
0.0
0.0
0.0
0.0
0.0
0.0
0.0
0.0
0.0
0.0
0.0
0.0
0.0
0.0
0.0
0.0
0.0
0.0
0.0
0.0
0.0
0.0
0.0
0.0
0.0
0.0
0.0
0.0
0.0
0.0
0.0
0.0
0.0
0.0
0.0
0.0
0.0
0.0
0.0
0.0
0.0
0.0
0.0
0.0
0.0
0.0
0.0
0.0
0.0
0.0
0.0
0.0
0.0
0.0
0.0
0.0
0.0
0.0
0.0
0.0
0.0
0.0
0.0
0.0
0.0
0.0
0.0
0.0
0.0
0.0
0.0
0.0
0.0
0.0
0.0
0.0
0.0
0.0
0.0
0.0
0.0
0.0
0.0
0.0
0.0
0.0
0.0
0.0
0.0
0.0
0.0
0.0
0.0
0.0
0.0
0.0
0.0
0.0
0.0
0.0
0.0
0.0
0.0
0.0
0.0
0.0
0.0
0.0
0.0
0.0
0.0
0.0
0.0
0.0
0.0
0.0
0.0
0.0
0.0
0.0
0.0
0.0
0.0
0.0
0.0
0.0
0.0
0.0
0.0
0.0
0.0
0.0
0.0
0.0
0.0
0.0
0.0
0.0
0.0
0.0
0.0
0.0
0.0
0.0
0.0
0.0
0.0
0.0
0.0
0.0
0.0
0.0
0.0
0.0
0.0
0.0
0.0
0.0
0.0
0.0
0.0
0.0
0.0
0.0
0.0
0.0
0.0
0.0
0.0
0.0
0.0
0.0
0.0
0.0
0.0
0.0
0.0
0.0
0.0
0.0
0.0
0.0
0.0
0.0
0.0
0.0
0.0
0.0
0.0
0.0
0.0
0.0
0.0
0.0
0.0
0.0
0.0
0.0
0.0
0.0
0.0
0.0
0.0
0.0
0.0
0.0
0.0
0.0
0.0
0.0
0.0
0.0
0.0
0.0
0.0
0.0
0.0
0.0
0.0
0.0
0.0
0.0
0.0
0.0
0.0
0.0
0.0
0.0
0.0
0.0
0.0
0.0
0.0
0.0
0.0
0.0
0.0
0.0
0.0
0.0
0.0
0.0
0.0
0.0
0.0
0.0
0.0
0.0
0.0
0.0
0.0
0.0
0.0
0.0
0.0
0.0
0.0
0.0
0.0
0.0
0.0
0.0
0.0
0.0
0.0
0.0
0.0
0.0
0.0
0.0
0.0
0.0
0.0
0.0
0.0
0.0
0.0
0.0
0.0
0.0
0.0
0.0
0.0
0.0
0.0
0.0
0.0
0.0
0.0
0.0
0.0
0.0
0.0
0.0
0.0
0.0
0.0
0.0
0.0
0.0
0.0
0.0
0.0
0.0
0.0
0.0
0.0
0.0
0.0
0.0
0.0
0.0
0.0
0.0
0.0
0.0
0.0
0.0
0.0
0.0
0.0
0.0
0.0
0.0
0.0
0.0
0.0
0.0
0.0
0.0
0.0
0.0
0.0
0.0
0.0
0.0
0.0
0.0
0.0
0.0
0.0
0.0
0.0
0.0
0.0
0.0
0.0
0.0
0.0
0.0
0.0
0.0
0.0
0.0
0.0
0.0
0.0
0.0
0.0
0.0
0.0
0.0
0.0
0.0
0.0
0.0
0.0
0.0
0.0
0.0
0.0
0.0
0.0
0.0
0.0
0.0
0.0
0.0
0.0
0.0
0.0
0.0
0.0
0.0
0.0
0.0
0.0
0.0
0.0
0.0
0.0
0.0
0.0
0.0
0.0
0.0
0.0
0.0
0.0
0.0
0.0
0.0
0.0
0.0
0.0
0.0
0.0
0.0
0.0
0.0
0.0
0.0
0.0
0.0
0.0
0.0
0.0
0.0
0.0
0.0
0.0
0.0
0.0
0.0
0.0
0.0
0.0
0.0
0.0
0.0
0.0
0.0
0.0
0.0
0.0
0.0
0.0
0.0
0.0
0.0
0.0
0.0
0.0
0.0
0.0
0.0
0.0
0.0
0.0
0.0
0.0
0.0
0.0
0.0
0.0
0.0
0.0
0.0
0.0
0.0
0.0
0.0
0.0
0.0
0.0
0.0
0.0
0.0
0.0
0.0
0.0
0.0
0.0
0.0
0.0
0.0
0.0
0.0
0.0
0.0
0.0
0.0
0.0
0.0
0.0
0.0
0.0
0.0
0.0
0.0
0.0
0.0
0.0
0.0
0.0
0.0
0.0
0.0
0.0
0.0
0.0
0.0
0.0
0.0
0.0
0.0
0.0
0.0
0.0
0.0
0.0
0.0
0.0
0.0
0.0
0.0
0.0
0.0
0.0
0.0
0.0
0.0
0.0
0.0
0.0
0.0
0.0
0.0
0.0
0.0
0.0
0.0
0.0
0.0
0.0
0.0
0.0
0.0
0.0
0.0
0.0
0.0
0.0
0.0
0.0
0.0
0.0
0.0
0.0
0.0
0.0
0.0
0.0
0.0
0.0
0.0
0.0
0.0
0.0
0.0
0.0
0.0
0.0
0.0
0.0
0.0
0.0
0.0
0.0
0.0
0.0
0.0
0.0
0.0
0.0
0.0
0.0
0.0
0.0
0.0
0.0
0.0
0.0
0.0
0.0
0.0
0.0
0.0
0.0
0.0
0.0
0.0
0.0
0.0
0.0
0.0
0.0
0.0
0.0
0.0
0.0
0.0
0.0
0.0
0.0
0.0
0.0
0.0
0.0
0.0
0.0
0.0
0.0
0.0
0.0
0.0
0.0
0.0
0.0
0.0
0.0
0.0
0.0
0.0
0.0
0.0
0.0
0.0
0.0
0.0
0.0
0.0
0.0
0.0
0.0
0.0
0.0
0.0
0.0
0.0
0.0
0.0
0.0
0.0
0.0
0.0
0.0
0.0
0.0
0.0
0.0
0.0
0.0
0.0
0.0
0.0
0.0
0.0
0.0
0.0
0.0
0.0
0.0
0.0
0.0
0.0
0.0
0.0
0.0
0.0
0.0
0.0
0.0
0.0
0.0
0.0
0.0
0.0
0.0
0.0
0.0
0.0
0.0
0.0
0.0
0.0
0.0
0.0
0.0
0.0
0.0
0.0
0.0
0.0
0.0
0.0
0.0
0.0
0.0
0.0
0.0
0.0
0.0
0.0
0.0
0.0
0.0
0.0
0.0
0.0
0.0
0.0
0.0
0.0
0.0
0.0
0.0
0.0
0.0
0.0
0.0
0.0
0.0
0.0
0.0
0.0
0.0
0.0
0.0
0.0
0.0
0.0
0.0
0.0
0.0
0.0
0.0
0.0
0.0
0.0
0.0
0.0
0.0
0.0
0.0
0.0
0.0
0.0
0.0
0.0
0.0
0.0
0.0
0.0
0.0
0.0
0.0
0.0
0.0
0.0
0.0
0.0
0.0
0.0
0.0
0.0
0.0
0.0
0.0
0.0
0.0
0.0
0.0
0.0
0.0
0.0
0.0
0.0
0.0
0.0
0.0
0.0
0.0
0.0
0.0
0.0
0.0
0.0
0.0
0.0
0.0
0.0
0.0
0.0
0.0
0.0
0.0
0.0
0.0
0.0
0.0
0.0
0.0
0.0
0.0
0.0
0.0
0.0
0.0
0.0
0.0
0.0
0.0
0.0
0.0
0.0
0.0
0.0
0.0
0.0
0.0
0.0
0.0
0.0
0.0
0.0
0.0
0.0
0.0
0.0
0.0
0.0
0.0
0.0
0.0
0.0
0.0
0.0
0.0
0.0
0.0
0.0
0.0
0.0
0.0
0.0
0.0
0.0
0.0
0.0
0.0
0.0
0.0
0.0
0.0
0.0
0.0
0.0
0.0
0.0
0.0
0.0
0.0
0.0
0.0
0.0
0.0
0.0
0.0
0.0
0.0
0.0
0.0
0.0
0.0
0.0
0.0
0.0
0.0
0.0
0.0
0.0
0.0
0.0
0.0
0.0
0.0
0.0
0.0
0.0
0.0
0.0
0.0
0.0
0.0
0.0
0.0
0.0
0.0
0.0
0.0
0.0
0.0
0.0
0.0
0.0
0.0
0.0
0.0
0.0
0.0
0.0
0.0
0.0
0.0
0.0
0.0
0.0
0.0
0.0
0.0
0.0
0.0
0.0
0.0
0.0
0.0
0.0
0.0
0.0
0.0
0.0
0.0
0.0
0.0
0.0
0.0
0.0
0.0
0.0
0.0
0.0
0.0
0.0
0.0
0.0
0.0
0.0
0.0
0.0
0.0
0.0
0.0
0.0
0.0
0.0
0.0
0.0
0.0
0.0
0.0
0.0
0.0
0.0
0.0
0.0
0.0
0.0
0.0
0.0
0.0
0.0
0.0
0.0
0.0
0.0
0.0
0.0
0.0
0.0
0.0
0.0
0.0
0.0
0.0
0.0
0.0
0.0
0.0
0.0
0.0
0.0
0.0
0.0
0.0
0.0
0.0
0.0
0.0
0.0
0.0
0.0
0.0
0.0
0.0
0.0
0.0
0.0
0.0
0.0
0.0
0.0
0.0
0.0
0.0
0.0
0.0
0.0
0.0
0.0
0.0
0.0
0.0
0.0
0.0
0.0
0.0
0.0
0.0
0.0
0.0
0.0
0.0
0.0
0.0
0.0
0.0
0.0
0.0
0.0
0.0
0.0
0.0
0.0
0.0
0.0
0.0
0.0
0.0
0.0
0.0
0.0
0.0
0.0
0.0
0.0
0.0
0.0
0.0
0.0
0.0
0.0
0.0
0.0
0.0
0.0
0.0
0.0
0.0
0.0
0.0
0.0
0.0
0.0
0.0
0.0
0.0
0.0
0.0
0.0
0.0
0.0
0.0
0.0
0.0
0.0
0.0
0.0
0.0
0.0
0.0
0.0
0.0
0.0
0.0
0.0
0.0
0.0
0.0
0.0
0.0
0.0
0.0
0.0
0.0
0.0
0.0
0.0
0.0
0.0
0.0
0.0
0.0
0.0
0.0
0.0
0.0
0.0
0.0
0.0
0.0
0.0
0.0
0.0
0.0
0.0
0.0
0.0
0.0
0.0
0.0
0.0
0.0
0.0
0.0
0.0
0.0
0.0
0.0
0.0
0.0
0.0
0.0
0.0
0.0
0.0
0.0
0.0
0.0
0.0
0.0
0.0
0.0
0.0
0.0
0.0
0.0
0.0
0.0
0.0
0.0
0.0
0.0
0.0
0.0
0.0
0.0
0.0
0.0
0.0
0.0
0.0
0.0
0.0
0.0
0.0
0.0
0.0
0.0
0.0
0.0
0.0
0.0
0.0
0.0
0.0
0.0
0.0
0.0
0.0
0.0
0.0
0.0
0.0
0.0
0.0
0.0
0.0
0.0
0.0
0.0
0.0
0.0
0.0
0.0
0.0
0.0
0.0
0.0
0.0
0.0
0.0
0.0
0.0
0.0
0.0
0.0
0.0
0.0
0.0
0.0
0.0
0.0
0.0
0.0
0.0
0.0
0.0
0.0
0.0
0.0
0.0
0.0
0.0
0.0
0.0
0.0
0.0
0.0
0.0
0.0
0.0
0.0
0.0
0.0
0.0
0.0
0.0
0.0
0.0
0.0
0.0
0.0
0.0
0.0
0.0
0.0
0.0
0.0
0.0
0.0
0.0
0.0
0.0
0.0
0.0
0.0
0.0
0.0
0.0
0.0
0.0
0.0
0.0
0.0
0.0
0.0
0.0
0.0
0.0
0.0
0.0
0.0
0.0
0.0
0.0
0.0
0.0
0.0
0.0
0.0
0.0
0.0
0.0
0.0
0.0
0.0
0.0
0.0
0.0
0.0
0.0
0.0
0.0
0.0
0.0
0.0
0.0
0.0
0.0
0.0
0.0
0.0
0.0
0.0
0.0
0.0
0.0
0.0
0.0
0.0
0.0
0.0
0.0
0.0
0.0
0.0
0.0
0.0
0.0
0.0
0.0
0.0
0.0
0.0
0.0
0.0
0.0
0.0
0.0
0.0
0.0
0.0
0.0
0.0
0.0
0.0
0.0
0.0
0.0
0.0
0.0
0.0
0.0
0.0
0.0
0.0
0.0
0.0
0.0
0.0
0.0
0.0
0.0
0.0
0.0
0.0
0.0
0.0
0.0
0.0
0.0
0.0
0.0
0.0
0.0
0.0
0.0
0.0
0.0
0.0
0.0
0.0
0.0
0.0
0.0
0.0
0.0
0.0
0.0
0.0
0.0
0.0
0.0
0.0
0.0
0.0
0.0
0.0
0.0
0.0
0.0
0.0
0.0
0.0
0.0
0.0
0.0
0.0
0.0
0.0
0.0
0.0
0.0
0.0
0.0
0.0
0.0
0.0
0.0
0.0
0.0
0.0
0.0
0.0
0.0
0.0
0.0
0.0
0.0
0.0
0.0
0.0
0.0
0.0
0.0
0.0
0.0
0.0
0.0
0.0
0.0
0.0
0.0
0.0
0.0
0.0
0.0
0.0
0.0
0.0
0.0
0.0
0.0
0.0
0.0
0.0
0.0
0.0
0.0
0.0
0.0
0.0
0.0
0.0
0.0
0.0
0.0
0.0
0.0
0.0
0.0
0.0
0.0
0.0
0.0
0.0
0.0
0.0
0.0
0.0
0.0
0.0
0.0
0.0
0.0
0.0
0.0
0.0
0.0
0.0
0.0
0.0
0.0
0.0
0.0
0.0
0.0
0.0
0.0
0.0
0.0
0.0
0.0
0.0
0.0
0.0
0.0
0.0
0.0
0.0
0.0
0.0
0.0
0.0
0.0
0.0
0.0
0.0
0.0
0.0
0.0
0.0
0.0
0.0
0.0
0.0
0.0
0.0
0.0
0.0
0.0
0.0
0.0
0.0
0.0
0.0
0.0
0.0
0.0
0.0
0.0
0.0
0.0
0.0
0.0
0.0
0.0
0.0
0.0
0.0
0.0
0.0
0.0
0.0
0.0
0.0
0.0
0.0
0.0
0.0
0.0
0.0
0.0
0.0
0.0
0.0
0.0
0.0
0.0
0.0
0.0
0.0
0.0
0.0
237.87368798888312
238.07584424395907
238.27744763013084
238.4784613578224
238.67884866010758
238.8785727986358
239.0775970695574
239.2758848095808
239.47339940221494
239.67010428414255
239.86596295159282
240.06093896694844
240.25499596547044
240.44809766205313
240.64020785810092
240.83129044864108
241.02130942933456
241.21022890375178
241.39801309072587
241.5846263316819
241.77003309817582
241.95419799960203
242.13708579062725
242.31866137921625
242.4988898342935
242.67773639374056
242.85516647233953
243.03114566988395
243.2056397792578
243.37861479456578
243.55003691947505
243.71987257536497
243.8880884097874
244.05465130471944
244.21952838502241
244.38268702690826
244.5440948663859
244.70371980769076
244.86153003192328
245.01749400545486
245.17158048850712
245.32375854375135
245.47399754473824
245.6222671844742
245.76853748404855
245.91277880095393
246.05496183768787
246.19505765023416
246.33303765640935
246.46887364429872
246.6025377806528
246.734002619103
246.86324110844146
246.99022660092942
247.1149328602546
247.23733406964354
247.35740483998086
247.47512021756
247.590455691963
247.7033872039091
247.8138911527097
247.92194440392925
248.02752429685023
248.13060865170362
248.23117577700359
248.32920447653882
248.42467405637547
248.5175643318092
248.60785563388518
248.69552881607643
248.78056526074235
248.86294688530893
248.9426561484389
249.01967605605023
249.09399016700144
249.1655825988518
249.23443803327373
249.30054172131915
249.36387948856608
249.42443774010488
249.4822034651884
249.53716424184057
249.58930824127575
249.6386242319391
249.68510158367292
249.72873027128793
249.76950087824605
249.80740460000354
249.84243324714876
249.8745792483196
249.90383565304288
249.93019613406358
249.95365498973905
249.97420714613847
249.99184815879963
250.00657421439928
250.01838213219756
250.02726936510817
250.03323400075007
250.03627476212787
250.03639100809005
250.03358273362795
250.02785056995936
250.01919578424452
250.0076202792174
249.99312659256407
249.9757178960195
249.95539799423176
249.93217132352365
249.90604295025656
249.87701856908689
249.84510450102195
249.8103076911001
249.77263570606655
249.73209673161162
249.6886995695983
249.6424536349445
249.59336895229964
249.54145615257409
249.4867264692799
249.4291917345386
249.3688643750213
249.30575740767526
249.23988443516066
249.17125964119515
249.099897785727
249.02581419979919
248.94902478035183
248.86954598484613
248.7873948256372
248.70258886425628
248.6151462054644
0.0
0.0
0.0
0.0
0.0
0.0
0.0
0.0
0.0
0.0
0.0
0.0
0.0
0.0
0.0
0.0
0.0
0.0
0.0
0.0
0.0
0.0
0.0
0.0
0.0
0.0
0.0
0.0
0.0
0.0
0.0
0.0
0.0
0.0
0.0
0.0
0.0
0.0
0.0
0.0
0.0
0.0
0.0
0.0
0.0
0.0
0.0
0.0
0.0
0.0
0.0
0.0
0.0
0.0
0.0
0.0
0.0
0.0
0.0
0.0
0.0
0.0
0.0
0.0
0.0
0.0
0.0
0.0
0.0
0.0
0.0
0.0
0.0
0.0
0.0
0.0
0.0
0.0
0.0
0.0
0.0
0.0
0.0
0.0
0.0
0.0
0.0
0.0
0.0
0.0
0.0
0.0
0.0
0.0
0.0
0.0
0.0
0.0
0.0
0.0
0.0
0.0
0.0
0.0
0.0
0.0
0.0
0.0
0.0
0.0
0.0
0.0
0.0
0.0
0.0
0.0
0.0
0.0
0.0
0.0
0.0
0.0
0.0
0.0
0.0
0.0
0.0
0.0
0.0
0.0
0.0
0.0
0.0
0.0
0.0
0.0
0.0
0.0
0.0
0.0
0.0
0.0
0.0
0.0
0.0
0.0
0.0
0.0
0.0
0.0
0.0
0.0
0.0
0.0
0.0
0.0
0.0
0.0
0.0
0.0
0.0
0.0
0.0
0.0
0.0
0.0
0.0
0.0
0.0
0.0
0.0
0.0
0.0
0.0
0.0
0.0
0.0
0.0
0.0
0.0
0.0
0.0
0.0
0.0
0.0
0.0
0.0
0.0
0.0
0.0
0.0
0.0
0.0
0.0
0.0
0.0
0.0
0.0
0.0
0.0
0.0
0.0
0.0
0.0
0.0
0.0
0.0
0.0
0.0
0.0
0.0
0.0
0.0
0.0
0.0
0.0
0.0
0.0
0.0
0.0
0.0
0.0
0.0
0.0
0.0
0.0
0.0
0.0
0.0
0.0
0.0
0.0
0.0
0.0
0.0
0.0
0.0
0.0
0.0
0.0
0.0
0.0
0.0
0.0
0.0
0.0
0.0
0.0
0.0
0.0
0.0
0.0
0.0
0.0
0.0
0.0
0.0
0.0
0.0
0.0
0.0
0.0
0.0
0.0
0.0
0.0
0.0
0.0
0.0
0.0
0.0
0.0
0.0
0.0
0.0
0.0
0.0
0.0
0.0
0.0
0.0
0.0
0.0
0.0
0.0
0.0
0.0
0.0
0.0
0.0
0.0
0.0
0.0
0.0
0.0
0.0
0.0
0.0
0.0
0.0
0.0
0.0
0.0
0.0
0.0
0.0
0.0
0.0
0.0
0.0
0.0
0.0
0.0
0.0
0.0
0.0
0.0
0.0
0.0
0.0
0.0
0.0
0.0
0.0
0.0
0.0
0.0
0.0
0.0
0.0
0.0
0.0
0.0
0.0
0.0
0.0
0.0
0.0
0.0
0.0
0.0
0.0
0.0
0.0
0.0
0.0
0.0
0.0
0.0
0.0
0.0
0.0
0.0
0.0
0.0
0.0
0.0
0.0
0.0
0.0
0.0
0.0
0.0
0.0
0.0
0.0
0.0
0.0
0.0
0.0
0.0
0.0
0.0
0.0
0.0
0.0
0.0
0.0
0.0
0.0
0.0
0.0
0.0
0.0
0.0
0.0
0.0
0.0
0.0
0.0
0.0
0.0
0.0
0.0
0.0
0.0
0.0
0.0
0.0
0.0
0.0
0.0
0.0
0.0
0.0
0.0
0.0
0.0
0.0
0.0
0.0
0.0
0.0
0.0
0.0
0.0
0.0
0.0
0.0
0.0
0.0
0.0
0.0
0.0
0.0
0.0
0.0
0.0
0.0
0.0
0.0
0.0
0.0
0.0
0.0
0.0
0.0
0.0
0.0
0.0
0.0
0.0
0.0
0.0
0.0
0.0
0.0
0.0
0.0
0.0
0.0
0.0
0.0
0.0
0.0
0.0
0.0
0.0
0.0
0.0
0.0
0.0
0.0
0.0
0.0
0.0
0.0
0.0
0.0
0.0
0.0
0.0
0.0
0.0
0.0
0.0
0.0
0.0
0.0
0.0
0.0
0.0
0.0
0.0
0.0
0.0
0.0
0.0
0.0
0.0
0.0
0.0
0.0
0.0
0.0
0.0
0.0
0.0
0.0
0.0
0.0
0.0
0.0
0.0
0.0
0.0
0.0
0.0
0.0
0.0
0.0
0.0
0.0
0.0
0.0
0.0
0.0
0.0
0.0
0.0
0.0
0.0
0.0
0.0
0.0
0.0
0.0
0.0
0.0
0.0
0.0
0.0
0.0
0.0
0.0
0.0
232.7410355213904
233.04391589281806
233.34960418022516
233.6580701337719
233.9692832619368
234.28321282346639
234.5998278192942
234.91909698454862
235.2409887807698
235.56547138802924
235.8925126973505
236.22208030302764
236.55414149517617
236.88866325235895
237.22561223427883
237.56495477455047
237.90665687371194
238.2506841921605
238.59700204339768
238.94557538720454
239.29636882306278
239.64934658370282
240.00447252864035
240.36171013804895
240.72102250656317
241.08237233734826
241.4457219363238
241.81103320638465
242.1782676419607
242.54738632361432
242.91834991275996
243.29111864672214
243.6656523337323
244.04191034825655
244.41985162649993
244.7994346619249
245.18061750119043
245.56335774010526
245.94761251979315
246.33333852320007
246.72049197157298
247.1090286214197
247.49890376140982
247.89007220968097
248.2824883113573
248.6761059361945
249.0708784765663
249.4667588455866
249.86369947558325
250.26165231682205
250.66056883633215
251.06040001724327
251.4610963581112
251.86260787280557
252.26488409040635
252.66787405557292
253.07152632910933
253.47578898892715
253.8806096310974
254.28593537148606
254.69171284749248
255.097888220116
255.50440717653188
255.91121493270313
256.31825623662945
256.72547537164644
257.1328161602555
257.5402219682789
257.94763570928876
258.354999849361
258.7622564124002
259.1693469855109
259.57621272506844
259.98279436284497
260.38903221271704
260.7948661777389
261.2002357574766
261.60508005583176
262.00933778915163
262.4129472948257
262.81584654030956
263.21797313229615
263.6192643266428
264.0196570383074
264.4190878520433
264.81749303325574
265.2148085392466
265.6109700311286
266.00591288569547
266.3995722081398
266.79188284493
267.18277939708264
267.57219623391666
267.9600675070938
268.3463271651597
268.73090896851016
269.1137465044946
269.4947732032829
269.87392235369856
270.2511271198251
270.6263205577186
270.9994356325233
271.3704052360438
271.73916220471193
272.10563933763683
272.4697694153964
272.8314852187273
273.1907195480788
273.5474052428665
273.9014752015395
274.25286240183055
274.6014999211061
274.94732095722816
275.29025884970355
275.63024710081555
275.96721939752723
276.3011096329971
276.63185192883327
276.9593806574589
277.2836304644443
277.6045362914562
277.9220333988525
278.2360573890991
278.54654422981326
278.85343027710456
279.1566522992602
279.4561475001844
279.7518535432112
280.0437085749813
280.3316512491191
280.6156207504694
280.89555681872764
281.17139977260115
281.44309053384416
281.7105706510815
281.9737823238049
282.2326684263491
282.4871725314921
282.7372389344934
282.98281267635645
283.22383956763747
283.46026621158654
283.69204002742896
283.9191092734519
284.14142306964095
284.35893142045813
284.5715852371305
284.77933635967395
284.98213757891887
285.1799426578617
285.37270635297716
285.56038443520475
285.742933710316
285.92031203928997
286.09247835806804
286.2593926967782
286.4210161990645
286.57731114031895
286.7282409460288
286.87377020921434
287.01386470763373
287.14849142060746
287.27761854480696
287.4012155101697
287.5192529947348
287.6317029392137
287.73853856098043
287.8397343672237
287.93526616784817
288.02511108751366
288.1092475770526
288.1876554244919
288.2603157650731
288.32721109099265
288.38832526012095
288.44364350428776
288.49315243686635
288.53684005953033
288.574695768455
288.6067103596879
288.63287603392706
288.6531864006173
288.6676364810849
288.67622271132217
288.6789429436494
288.67579644802913
288.6667839124018
288.65190744233456
288.63117056004484
288.60457820262286
288.5721367195164
288.5338538694055
288.48973881620105
288.4398021244583
288.3840557539665
288.3225130537497
288.2551887553824
288.18209896540384
288.1032611573761
288.01869416291055
287.9284181623668
287.8324546746613
287.73082654644236
287.6235579408356
287.51067432526736
287.3922024588764
287.2681703793421
287.13860738887485
287.0035440400516
286.86301212057674
286.71704463789564
286.5656758031821
286.40894101462027
286.2468768404847
286.0795210014234
285.90691235247095
285.7290908646868
285.546097605964
285.3579747219141
285.16476541593505
284.96651392922
284.76326552013046
284.55506644330814
284.3419639287123
284.12400615980437
283.9012422519893
283.6737222303898
283.44149700756407
283.2046183609944
282.9631389101617
282.71711209367794
282.46659214606143
282.2116340743364
281.952293634673
281.68862730865817
281.4206922796173
281.14854640886693
280.87224821170446
280.5918568335976
280.3074320261427
280.0190341231072
279.72672401639517
279.4305631320996
279.130613406619
278.82693726264023
278.51959758545576
278.2086576990838
277.8941813427407
277.5762326472517
277.25487611161367
276.9301765798338
276.6021992177229
276.2710094900088
275.9366731376322
275.599256155093
275.25882476823193
274.9154454120171
274.5691847086958
274.22010944621275
273.8682865567372
273.51378309565894
273.1566662206582
272.79700317125724
272.43486124853945
272.0703077951742
271.7034101758891
271.33423575809303
270.96285189293906
270.58932589674276
270.21372503260596
269.83611649262923
269.45656738018334
269.075144692839
268.69191530543293
268.3069459536478
267.9203032179542
267.53205350782616
267.14226304650117
266.75099785601304
266.35832374262037
265.9643062827358
265.5690108090834
265.1725023974313
264.7748458535608
264.37610570073844
263.9763461675816
263.5756311762592
263.1740243311648
262.7715889079328
262.3683878428605
261.96448372283174
261.5599387754448
261.1548148597194
260.74917345709304
260.34307566280614
259.9365821777696
259.5297533006878
259.12264892069226
0.0
0.0
0.0
0.0
0.0
0.0
0.0
0.0
0.0
0.0
0.0
0.0
0.0
0.0
0.0
0.0
0.0
0.0
0.0
0.0
0.0
0.0
0.0
0.0
0.0
0.0
0.0
0.0
0.0
0.0
0.0
0.0
0.0
0.0
0.0
0.0
0.0
0.0
0.0
0.0
0.0
0.0
0.0
0.0
0.0
0.0
0.0
0.0
0.0
0.0
0.0
0.0
0.0
0.0
0.0
0.0
0.0
0.0
0.0
0.0
0.0
0.0
0.0
0.0
0.0
0.0
0.0
0.0
0.0
0.0
0.0
0.0
0.0
0.0
0.0
0.0
0.0
0.0
0.0
0.0
0.0
0.0
0.0
0.0
0.0
0.0
0.0
0.0
0.0
0.0
0.0
0.0
0.0
0.0
0.0
0.0
0.0
0.0
0.0
0.0
0.0
0.0
0.0
0.0
0.0
0.0
0.0
0.0
0.0
0.0
0.0
0.0
0.0
0.0
0.0
0.0
0.0
0.0
0.0
0.0
0.0
0.0
0.0
0.0
0.0
0.0
0.0
0.0
0.0
0.0
0.0
0.0
0.0
0.0
0.0
0.0
0.0
0.0
0.0
0.0
0.0
0.0
0.0
0.0
0.0
0.0
0.0
0.0
0.0
0.0
0.0
0.0
0.0
0.0
0.0
0.0
0.0
0.0
0.0
0.0
0.0
0.0
0.0
0.0
0.0
0.0
0.0
0.0
0.0
0.0
0.0
0.0
0.0
0.0
0.0
0.0
0.0
0.0
0.0
0.0
0.0
0.0
0.0
0.0
0.0
0.0
0.0
0.0
0.0
0.0
0.0
0.0
0.0
0.0
0.0
0.0
0.0
0.0
0.0
0.0
0.0
0.0
0.0
0.0
0.0
0.0
0.0
0.0
0.0
0.0
0.0
0.0
0.0
0.0
0.0
0.0
0.0
0.0
0.0
0.0
0.0
0.0
0.0
0.0
0.0
0.0
0.0
0.0
0.0
0.0
0.0
0.0
0.0
0.0
0.0
0.0
0.0
0.0
0.0
0.0
0.0
0.0
0.0
0.0
0.0
0.0
0.0
0.0
0.0
0.0
0.0
0.0
0.0
0.0
0.0
0.0
0.0
0.0
0.0
0.0
0.0
0.0
0.0
0.0
0.0
0.0
0.0
0.0
0.0
0.0
0.0
0.0
0.0
0.0
0.0
0.0
0.0
0.0
0.0
0.0
0.0
0.0
0.0
0.0
0.0
0.0
0.0
0.0
0.0
0.0
0.0
0.0
0.0
0.0
0.0
0.0
0.0
0.0
0.0
0.0
0.0
0.0
0.0
0.0
0.0
0.0
0.0
0.0
0.0
0.0
0.0
0.0
0.0
0.0
0.0
0.0
0.0
0.0
0.0
0.0
0.0
0.0
0.0
0.0
0.0
0.0
0.0
0.0
0.0
0.0
0.0
0.0
0.0
0.0
0.0
0.0
0.0
0.0
0.0
0.0
0.0
0.0
0.0
0.0
0.0
0.0
0.0
0.0
0.0
0.0
0.0
0.0
0.0
0.0
0.0
0.0
0.0
0.0
0.0
0.0
0.0
0.0
0.0
0.0
0.0
0.0
0.0
0.0
0.0
0.0
0.0
0.0
0.0
0.0
0.0
0.0
0.0
0.0
0.0
0.0
0.0
0.0
0.0
0.0
0.0
0.0
0.0
0.0
0.0
0.0
0.0
0.0
0.0
0.0
0.0
0.0
0.0
0.0
0.0
0.0
0.0
0.0
0.0
0.0
0.0
0.0
0.0
0.0
0.0
0.0
0.0
0.0
0.0
0.0
0.0
0.0
0.0
0.0
0.0
0.0
0.0
0.0
0.0
0.0
0.0
0.0
0.0
0.0
0.0
0.0
0.0
0.0
0.0
0.0
0.0
0.0
0.0
0.0
0.0
0.0
0.0
0.0
0.0
0.0
0.0
0.0
0.0
0.0
0.0
0.0
0.0
0.0
0.0
0.0
0.0
0.0
0.0
0.0
0.0
0.0
0.0
0.0
0.0
0.0
0.0
0.0
0.0
0.0
0.0
0.0
0.0
0.0
0.0
0.0
0.0
0.0
0.0
0.0
0.0
0.0
0.0
0.0
0.0
0.0
0.0
0.0
0.0
0.0
0.0
0.0
0.0
0.0
0.0
0.0
0.0
0.0
0.0
0.0
0.0
0.0
0.0
0.0
0.0
0.0
0.0
0.0
0.0
0.0
0.0
0.0
0.0
0.0
0.0
0.0
0.0
0.0
0.0
0.0
0.0
0.0
0.0
0.0
0.0
0.0
0.0
0.0
0.0
0.0
0.0
0.0
0.0
0.0
0.0
0.0
0.0
0.0
0.0
0.0
0.0
0.0
0.0
0.0
0.0
0.0
0.0
0.0
0.0
0.0
0.0
0.0
0.0
0.0
0.0
0.0
0.0
0.0
0.0
0.0
0.0
0.0
0.0
0.0
0.0
0.0
0.0
0.0
0.0
0.0
0.0
0.0
0.0
0.0
0.0
0.0
0.0
0.0
0.0
0.0
0.0
0.0
0.0
0.0
0.0
0.0
0.0
0.0
0.0
0.0
0.0
0.0
0.0
0.0
0.0
0.0
0.0
0.0
0.0
0.0
0.0
0.0
0.0
0.0
0.0
0.0
0.0
0.0
0.0
0.0
0.0
0.0
0.0
0.0
0.0
0.0
0.0
0.0
0.0
0.0
0.0
0.0
0.0
0.0
0.0
0.0
0.0
0.0
0.0
0.0
0.0
0.0
0.0
0.0
0.0
0.0
0.0
0.0
0.0
0.0
0.0
0.0
0.0
0.0
0.0
0.0
0.0
0.0
0.0
0.0
0.0
0.0
0.0
0.0
0.0
0.0
0.0
0.0
0.0
0.0
0.0
0.0
0.0
0.0
0.0
0.0
0.0
0.0
0.0
0.0
0.0
0.0
0.0
0.0
0.0
0.0
0.0
0.0
0.0
0.0
0.0
0.0
0.0
0.0
0.0
0.0
0.0
0.0
0.0
0.0
0.0
0.0
0.0
0.0
0.0
0.0
0.0
0.0
0.0
0.0
0.0
0.0
0.0
0.0
0.0
0.0
0.0
0.0
0.0
0.0
0.0
0.0
0.0
0.0
0.0
0.0
0.0
0.0
0.0
0.0
0.0
0.0
0.0
0.0
0.0
0.0
0.0
0.0
0.0
0.0
0.0
0.0
0.0
0.0
0.0
0.0
0.0
0.0
0.0
0.0
0.0
0.0
0.0
0.0
0.0
0.0
0.0
0.0
0.0
0.0
0.0
0.0
0.0
0.0
0.0
0.0
0.0
0.0
0.0
0.0
0.0
0.0
0.0
0.0
0.0
0.0
0.0
0.0
0.0
0.0
0.0
0.0
0.0
0.0
0.0
0.0
0.0
0.0
0.0
0.0
0.0
0.0
0.0
0.0
0.0
0.0
0.0
0.0
0.0
0.0
0.0
0.0
0.0
0.0
0.0
0.0
0.0
0.0
0.0
0.0
0.0
0.0
0.0
0.0
0.0
0.0
358.40327166747966
357.1663859386029
355.9302520329102
354.69506328932215
353.4610092358012
352.2282755950289
350.997044292683
349.76749346833066
348.5397974887413
347.3141269635483
346.0906487632439
344.8695260392358
343.65091824606975
342.4349811655623
341.2218669328393
340.01172406416697
338.80469748646675
337.6009285684576
336.40055515329584
335.20371159268035
334.01052878229524
332.8211341985127
331.63565193630956
330.4542027482886
329.27690408470875
328.10387013453277
326.9352118673162
325.7710370759161
324.6114504200017
323.45655347017913
322.30644475279274
321.16121979525445
320.0209711718833
318.8857885501772
317.7557587374897
316.63096572798946
315.5114907499644
314.39741231329697
313.28880625714527
312.18574579775566
311.0883015763475
309.99654170710056
308.9105318250576
307.8303351340731
306.7560124546665
305.6876222717534
304.62522078226806
303.5688619425962
302.51859751580446
301.4744771186742
300.43654826844124
299.4048564292537
298.37944505836487
297.36035565195397
296.3476277906361
295.3412991845448
294.34140571810383
293.3479814943306
292.361058878759
291.3806685428741
290.40683950719057
289.4395991837457
288.4789734182209
287.52498653152867
286.5776613609198
285.63701930058596
284.70308034174866
283.7758631122233
282.8553849154976
281.9416617692365
281.0347084432605
280.13453849705
279.2411643166002
278.35459715086694
277.47484714753614
276.6019233883766
275.7358339239464
274.8765858078378
274.0241851303011
273.1786370514276
272.33994583368803
271.5081148740257
270.6831467353499
269.8650431775375
269.05380518791503
268.24943301116986
267.45192617881213
266.6612835380556
265.87750328026857
265.1005829688295
264.33051956657545
263.56730946269073
262.8109484991679
262.0614319967281
261.3187547803485
260.5829112042287
259.8538951764041
259.13170018280834
258.41631931097726
257.70774527324636
257.0059704295826
256.31098680993546
255.62278613621405
254.9413598438629
254.26669910299282
253.59879483920153
252.9376377539016
252.28321834441135
251.63552692355046
250.99455363896473
250.36028849207236
249.73272135667463
249.11184199721987
248.4976400867812
247.8901052246569
247.28922695375695
246.69499477758347
246.10739817700608
245.5264266267317
244.95206961146852
244.3843166418922
243.823157270274
243.26858110595552
242.72057783048965
242.17913721264406
241.6442491230853
241.11590354896396
240.59409060816813
240.07880056351885
239.5700238366376
239.06775102174942
238.5719728992503
238.08268044913368
237.59986486426303
237.12351756351083
236.65363020473134
236.19019469761963
235.73320321647694
235.28264821281107
234.83852242790297
234.40081890518363
233.9695310026511
233.54465240508628
233.1261771362908
232.71409957120494
0.0
0.0
0.0
0.0
0.0
0.0
0.0
0.0
0.0
0.0
0.0
0.0
0.0
0.0
0.0
0.0
0.0
0.0
0.0
0.0
0.0
0.0
0.0
0.0
0.0
0.0
0.0
0.0
0.0
0.0
0.0
0.0
0.0
0.0
0.0
0.0
0.0
0.0
0.0
0.0
0.0
0.0
0.0
0.0
0.0
0.0
0.0
0.0
0.0
0.0
0.0
0.0
0.0
0.0
0.0
0.0
0.0
0.0
0.0
0.0
0.0
0.0
0.0
0.0
0.0
0.0
0.0
0.0
0.0
0.0
0.0
0.0
0.0
0.0
0.0
0.0
0.0
0.0
0.0
0.0
0.0
0.0
0.0
0.0
0.0
0.0
0.0
0.0
0.0
0.0
0.0
0.0
0.0
0.0
0.0
0.0
0.0
0.0
0.0
0.0
0.0
0.0
0.0
0.0
0.0
0.0
0.0
0.0
0.0
0.0
0.0
0.0
0.0
0.0
0.0
0.0
0.0
0.0
0.0
0.0
0.0
0.0
0.0
0.0
0.0
0.0
0.0
0.0
0.0
0.0
0.0
0.0
0.0
0.0
0.0
0.0
0.0
0.0
0.0
0.0
0.0
0.0
0.0
0.0
0.0
0.0
0.0
0.0
0.0
0.0
0.0
0.0
0.0
0.0
0.0
0.0
0.0
0.0
0.0
0.0
0.0
0.0
0.0
0.0
0.0
0.0
0.0
0.0
0.0
0.0
0.0
0.0
0.0
0.0
0.0
0.0
0.0
0.0
0.0
0.0
0.0
0.0
0.0
0.0
0.0
0.0
0.0
0.0
0.0
0.0
0.0
0.0
0.0
0.0
0.0
0.0
0.0
0.0
0.0
0.0
0.0
0.0
0.0
0.0
0.0
0.0
0.0
0.0
0.0
0.0
0.0
0.0
0.0
0.0
0.0
0.0
0.0
0.0
0.0
0.0
0.0
0.0
0.0
0.0
0.0
0.0
0.0
0.0
0.0
0.0
0.0
0.0
0.0
0.0
0.0
0.0
0.0
0.0
0.0
0.0
0.0
0.0
0.0
0.0
0.0
0.0
0.0
0.0
0.0
0.0
0.0
0.0
0.0
0.0
0.0
0.0
0.0
0.0
0.0
0.0
0.0
0.0
0.0
0.0
0.0
0.0
0.0
0.0
0.0
0.0
0.0
0.0
0.0
0.0
0.0
0.0
0.0
0.0
0.0
0.0
0.0
0.0
0.0
0.0
0.0
0.0
0.0
0.0
0.0
0.0
0.0
0.0
0.0
0.0
0.0
0.0
0.0
0.0
0.0
0.0
0.0
0.0
0.0
0.0
0.0
0.0
0.0
0.0
0.0
0.0
0.0
0.0
0.0
0.0
0.0
0.0
0.0
0.0
0.0
0.0
0.0
0.0
0.0
0.0
0.0
0.0
0.0
0.0
0.0
0.0
0.0
0.0
0.0
0.0
0.0
0.0
0.0
0.0
0.0
0.0
0.0
0.0
0.0
0.0
0.0
0.0
0.0
0.0
0.0
0.0
0.0
0.0
0.0
0.0
0.0
0.0
0.0
0.0
0.0
0.0
0.0
0.0
0.0
0.0
0.0
0.0
0.0
0.0
0.0
0.0
0.0
0.0
0.0
0.0
0.0
0.0
0.0
0.0
0.0
0.0
0.0
0.0
0.0
0.0
0.0
0.0
0.0
0.0
0.0
0.0
0.0
0.0
0.0
0.0
0.0
0.0
0.0
0.0
0.0
0.0
0.0
0.0
0.0
0.0
0.0
0.0
0.0
0.0
0.0
0.0
0.0
0.0
0.0
0.0
0.0
0.0
0.0
0.0
0.0
0.0
0.0
0.0
0.0
0.0
0.0
0.0
0.0
0.0
0.0
0.0
0.0
0.0
0.0
0.0
0.0
0.0
0.0
0.0
0.0
0.0
0.0
0.0
0.0
0.0
0.0
0.0
0.0
0.0
0.0
0.0
0.0
0.0
0.0
0.0
0.0
0.0
0.0
0.0
0.0
0.0
0.0
0.0
0.0
0.0
0.0
0.0
0.0
0.0
0.0
0.0
0.0
0.0
0.0
0.0
0.0
0.0
0.0
0.0
0.0
0.0
0.0
0.0
0.0
0.0
0.0
0.0
0.0
0.0
0.0
0.0
0.0
0.0
0.0
0.0
0.0
0.0
0.0
0.0
0.0
0.0
0.0
0.0
0.0
0.0
0.0
0.0
0.0
0.0
0.0
0.0
0.0
0.0
0.0
0.0
0.0
0.0
0.0
0.0
0.0
0.0
0.0
0.0
0.0
0.0
0.0
0.0
0.0
0.0
0.0
0.0
0.0
0.0
0.0
0.0
0.0
0.0
0.0
0.0
0.0
0.0
0.0
0.0
0.0
0.0
0.0
0.0
0.0
0.0
0.0
0.0
0.0
0.0
0.0
0.0
0.0
0.0
0.0
0.0
0.0
0.0
0.0
0.0
0.0
0.0
0.0
0.0
0.0
0.0
0.0
0.0
0.0
0.0
0.0
0.0
0.0
0.0
0.0
0.0
0.0
0.0
0.0
0.0
0.0
0.0
0.0
0.0
0.0
0.0
0.0
0.0
0.0
0.0
0.0
0.0
0.0
0.0
0.0
0.0
0.0
0.0
0.0
0.0
0.0
0.0
0.0
0.0
0.0
0.0
0.0
0.0
0.0
398.8472168644465
397.1109074869969
395.37922321239614
393.65240299519974
391.93067882426044
390.21427580089215
388.50341222005017
386.7982996544179
385.09914304116506
383.40614077120915
381.71948478057914
380.03936064404536
378.365947670409
376.6994189996337
375.0399417013321
373.38767687473324
371.7427797496362
370.10539978856156
368.4756807895323
366.85376098979265
365.2397731698419
363.6338447581257
362.0360979357947
360.44664974188817
358.8656121783116
357.29309231499155
355.7291923946674
354.17400993757656
352.62763784572377
351.0901645066446
349.5616738967485
348.0422456839449
346.53195532970545
345.0308741901803
343.5390696167234
342.05660505530136
340.58354014517346
339.11993081637974
337.66582938634673
336.2212846552816
334.7863420005594
333.36104346977464
331.94542787277356
330.53953087227745
329.14338507340494
327.75702011174224
326.3804627402405
325.01373691466324
323.6568638778835
322.3098622424922
320.9727480723308
319.64553496253353
318.328234118161
317.0208544313663
315.72340255735236
314.435882988778
313.1582981287621
311.89064836257006
310.63293212778876
309.38514598325804
308.14728467642675
306.91934120950435
305.7013069041173
304.49317146469957
303.2949230404111
302.1065482858606
300.92803242034955
299.7593592859584
298.6005114041753
297.45147003136327
296.31221521288546
295.1827258360485
294.06297968168536
292.9529534746742
291.85262293311365
290.7619628164007
289.68094697216367
288.60954838188445
287.5477392056625
286.49549082558843
285.4527738882631
284.41955834603556
283.395813497435
282.38150802629355
281.3766100400851
280.3810871071639
279.3949062930907
278.41803419591145
277.45043698065456
276.492080412738
275.542929890688
274.6029504777756
273.6721069329775
272.75036374100097
271.83768514156395
270.9340351577947
270.0393776239766
269.1536762124076
268.27689445963307
267.4089957919294
266.54994354999525
265.6997010131737
264.85823142275757
264.0254980048738
263.2014639925666
262.38609264741774
261.57934728043244
260.78119127250983
259.99158809415457
259.21050132489205
258.4378946719128
257.6737319884179
256.917977291279
256.17059477841406
255.431548845523
254.7008041025234
253.97832538943007
253.26407779193684
252.5580266564696
251.8601376049963
251.17037654930283
250.48870970503282
249.8151036053712
249.1495251142572
248.49194143951598
247.84232014543485
247.20062916524955
246.5668368131886
245.9409117963887
245.32282322642527
244.7125406307362
244.11003396363606
243.51527361733815
242.9282304325405
242.34887570899053
241.7771812157422
241.2131192013308
240.6566624037105
240.10778406012273
239.56645791669237
239.03265823808852
238.50635981685446
237.98753798277602
237.47616861211702
236.97222813670564
236.47569355304552
235.98654243125586
235.50475292403226
235.03030377551704
234.5631743301613
234.103344541527
233.65079498110123
233.20550684706063
232.76746197312627
232.3366428372856
231.91303257071428
0.0
0.0
0.0
0.0
0.0
0.0
0.0
0.0
0.0
0.0
0.0
0.0
0.0
0.0
0.0
0.0
0.0
0.0
0.0
0.0
0.0
0.0
0.0
0.0
0.0
0.0
0.0
0.0
0.0
0.0
0.0
0.0
0.0
0.0
0.0
0.0
0.0
0.0
0.0
0.0
0.0
0.0
0.0
0.0
0.0
0.0
0.0
0.0
0.0
0.0
0.0
0.0
0.0
0.0
0.0
0.0
0.0
0.0
0.0
0.0
0.0
0.0
0.0
0.0
0.0
0.0
0.0
0.0
0.0
0.0
0.0
0.0
0.0
0.0
0.0
0.0
0.0
0.0
0.0
0.0
0.0
0.0
0.0
0.0
0.0
0.0
0.0
0.0
0.0
0.0
0.0
0.0
0.0
0.0
0.0
0.0
0.0
0.0
0.0
0.0
0.0
0.0
0.0
0.0
0.0
0.0
0.0
0.0
0.0
0.0
0.0
0.0
0.0
0.0
0.0
0.0
0.0
0.0
0.0
0.0
0.0
0.0
0.0
0.0
0.0
0.0
0.0
0.0
0.0
0.0
0.0
0.0
0.0
0.0
0.0
0.0
0.0
0.0
0.0
0.0
0.0
0.0
0.0
0.0
0.0
0.0
0.0
0.0
0.0
0.0
0.0
0.0
0.0
0.0
0.0
0.0
0.0
0.0
0.0
0.0
0.0
0.0
0.0
0.0
0.0
0.0
0.0
0.0
0.0
0.0
0.0
0.0
0.0
0.0
0.0
0.0
0.0
0.0
0.0
0.0
0.0
0.0
0.0
0.0
0.0
0.0
0.0
0.0
0.0
0.0
0.0
0.0
0.0
0.0
0.0
0.0
0.0
0.0
0.0
0.0
0.0
0.0
0.0
0.0
0.0
0.0
0.0
0.0
0.0
0.0
0.0
0.0
0.0
0.0
0.0
0.0
0.0
0.0
0.0
0.0
0.0
0.0
0.0
0.0
0.0
0.0
0.0
0.0
0.0
0.0
0.0
0.0
0.0
0.0
0.0
0.0
0.0
0.0
0.0
0.0
0.0
0.0
0.0
0.0
0.0
0.0
0.0
0.0
0.0
0.0
0.0
0.0
0.0
0.0
0.0
0.0
0.0
0.0
0.0
0.0
0.0
0.0
0.0
0.0
0.0
0.0
0.0
0.0
0.0
0.0
0.0
0.0
0.0
0.0
0.0
0.0
0.0
0.0
0.0
0.0
0.0
0.0
0.0
0.0
0.0
0.0
0.0
0.0
0.0
0.0
0.0
0.0
0.0
0.0
0.0
0.0
0.0
0.0
0.0
0.0
0.0
0.0
0.0
0.0
0.0
0.0
0.0
0.0
0.0
0.0
0.0
0.0
0.0
0.0
0.0
0.0
0.0
0.0
0.0
0.0
0.0
0.0
0.0
0.0
0.0
0.0
0.0
0.0
0.0
0.0
0.0
0.0
0.0
0.0
0.0
0.0
0.0
0.0
0.0
0.0
0.0
0.0
0.0
0.0
0.0
0.0
0.0
0.0
0.0
0.0
0.0
0.0
0.0
0.0
0.0
0.0
0.0
0.0
0.0
0.0
0.0
0.0
0.0
0.0
0.0
0.0
0.0
0.0
0.0
0.0
0.0
0.0
0.0
0.0
0.0
0.0
0.0
0.0
0.0
0.0
0.0
0.0
0.0
0.0
0.0
0.0
0.0
0.0
0.0
0.0
0.0
0.0
0.0
0.0
0.0
0.0
0.0
0.0
0.0
0.0
0.0
0.0
0.0
0.0
0.0
0.0
0.0
0.0
0.0
0.0
0.0
0.0
0.0
0.0
0.0
0.0
0.0
0.0
0.0
0.0
0.0
0.0
0.0
0.0
0.0
0.0
0.0
0.0
0.0
0.0
0.0
0.0
0.0
0.0
0.0
0.0
0.0
0.0
0.0
0.0
0.0
0.0
0.0
0.0
0.0
0.0
0.0
0.0
0.0
0.0
0.0
0.0
0.0
0.0
0.0
0.0
0.0
0.0
0.0
0.0
0.0
0.0
0.0
0.0
0.0
0.0
0.0
0.0
0.0
0.0
0.0
0.0
0.0
0.0
0.0
0.0
0.0
0.0
0.0
0.0
0.0
0.0
0.0
0.0
0.0
0.0
0.0
0.0
0.0
0.0
0.0
0.0
0.0
0.0
0.0
0.0
0.0
0.0
0.0
0.0
0.0
0.0
0.0
0.0
0.0
0.0
0.0
0.0
0.0
0.0
0.0
0.0
0.0
0.0
0.0
0.0
0.0
0.0
0.0
0.0
0.0
0.0
0.0
0.0
0.0
0.0
0.0
0.0
0.0
0.0
0.0
0.0
0.0
0.0
0.0
0.0
0.0
0.0
0.0
0.0
0.0
0.0
0.0
528.5644446658505
526.8595628744638
525.1331183230844
523.3858122499677
521.618345158862
519.8314162626988
518.0257229420714
516.2019602198089
514.3608202511698
512.5029918312043
510.62915991831255
508.74000517532386
506.83620352793645
504.91842574042175
502.9873370094542
501.0435965753586
499.0878573515055
497.12076557141745
495.14296045395645
493.15507388596666
491.1577301229669
489.15154550738225
487.1371282038919
485.11507795256017
483.0859858383241
481.0504340778741
479.00899582273627
476.9622349784356
474.9107060399107
472.85495394220743
470.795513926543
468.73291142092734
466.66766193587364
464.600270973457
462.5312339504928
460.4610361349495
458.3901525949011
456.3190481603287
454.24817739645283
452.17798458894885
450.1089037401219
448.0413585757152
445.97576256215217
443.91251893315336
441.8520207262672
439.79465082772896
437.74078202640993
435.6907770751171
433.64498876041193
431.6037599788475
429.56742382047855
427.5363036588206
425.51071324648586
423.4909568169589
421.4773291912277
419.47011588944974
834.9391864949876
830.9520570741894
826.9793601809602
823.0215948560299
819.0792427791133
815.1527685366727
811.2426198954336
807.3492280803466
803.4730080569287
799.6143588169598
795.7736636671729
791.9512905211768
788.1475921927158
784.3629066912109
780.5975575184145
388.42592698288524
386.5630457063649
384.7102758121698
382.867751524851
381.03560055937015
379.2139442695812
377.4028977956618
375.60257021103746
373.81306466868506
372.0344785459012
370.2669035885617
368.5104260536953
366.76512685121503
365.0310816838357
363.3083611858262
361.5970310600625
359.8971522134776
358.2087808909383
356.53196880705315
354.86676327660433
353.21320734271876
351.5713399033986
349.9411958361118
348.32280612005553
346.7161979570341
345.12139488965374
343.5384169179523
341.9672806136849
340.40799923255923
338.8605828245831
337.3250383418751
335.80136974496594
334.2895781063681
332.7896617125605
331.30161616345646
329.8254344700283
328.3611071498528
326.90862232034414
325.46796579017183
324.03912114848515
322.6220698522385
321.21679131127365
319.8232629716185
318.4414603968013
317.0713573469748
315.71292585650787
314.3661363091929
313.03095751201926
311.7073567668851
310.39529994036513
309.09475153198923
307.8056747404132
306.52803152814255
305.26178268430635
304.00688788590713
302.76330575735045
301.53099392834366
300.3099090902997
299.10000705096905
297.9012427878184
296.7135704996273
295.5369436568878
294.37131505051906
293.21663683932695
292.0728605961147
290.93993735222944
289.81781764111776
288.70645154026215
287.60578871217507
286.5157784438253
285.43636968522003
284.36751108662463
283.30915103458324
282.26123768704963
281.22371900718963
280.19654279632044
279.1796567257909
278.1730083676667
277.1765452248203
276.1902147596754
275.213964422361
274.2477416777069
273.291494031548
272.3451690561781
271.40871441484467
270.48207788560745
269.56520738432175
268.6580509869905
267.7605569512151
266.8726737370966
265.99435002744934
265.1255347472175
264.26617708246744
263.41622649851104
262.57563275766546
261.7443459364014
260.9223164416944
260.1094950272036
259.30583280861896
258.51128127876484
257.72579232196364
256.9493182281858
256.1818117066267
255.42322589880408
254.67351439140134
253.93263122853818
253.2005309238395
252.47716847197952
251.7624993599501
251.05647957808839
250.35906563058407
249.67021454588166
248.98988388663832
248.31803175954954
247.65461682477456
246.99959830522664
246.35293599557073
245.7145902710072
245.08452209589493
244.4626930320724
243.8490652471364
243.24360152241755
242.64626526087352
242.05702049486703
241.47583189364332
240.90266477094303
240.33748509224586
239.78025948206647
239.23095523113304
238.689540303448
238.15598334332273
237.63025368227136
237.11232134601894
236.6021570612845
236.09973226265447
235.6050190994268
235.11799044236844
234.63861989060933
234.16688177840552
233.7027511820009
233.2462039265744
232.79721659307899
232.35576652528866
231.92183183678543
0.0
0.0
0.0
0.0
0.0
0.0
0.0
0.0
0.0
0.0
0.0
0.0
0.0
0.0
0.0
0.0
0.0
0.0
0.0
0.0
0.0
0.0
0.0
0.0
0.0
0.0
0.0
0.0
0.0
0.0
0.0
0.0
0.0
0.0
0.0
0.0
0.0
0.0
0.0
0.0
0.0
0.0
0.0
0.0
0.0
0.0
0.0
0.0
0.0
0.0
0.0
0.0
0.0
0.0
0.0
0.0
0.0
0.0
0.0
0.0
0.0
0.0
0.0
0.0
0.0
0.0
0.0
0.0
0.0
0.0
0.0
0.0
0.0
0.0
0.0
0.0
0.0
0.0
0.0
0.0
0.0
0.0
0.0
0.0
0.0
0.0
0.0
0.0
0.0
0.0
0.0
0.0
0.0
0.0
0.0
0.0
0.0
0.0
0.0
0.0
0.0
0.0
0.0
0.0
0.0
0.0
0.0
0.0
0.0
0.0
0.0
0.0
0.0
0.0
0.0
0.0
0.0
0.0
0.0
0.0
0.0
0.0
0.0
0.0
0.0
0.0
0.0
0.0
0.0
0.0
0.0
0.0
0.0
0.0
0.0
0.0
0.0
0.0
0.0
0.0
0.0
0.0
0.0
0.0
0.0
0.0
0.0
0.0
0.0
0.0
0.0
0.0
0.0
0.0
0.0
0.0
0.0
0.0
0.0
0.0
0.0
0.0
0.0
0.0
0.0
0.0
0.0
0.0
0.0
0.0
0.0
0.0
0.0
0.0
0.0
0.0
0.0
0.0
0.0
0.0
0.0
0.0
0.0
0.0
0.0
0.0
0.0
0.0
0.0
0.0
0.0
0.0
0.0
0.0
0.0
0.0
0.0
0.0
0.0
0.0
0.0
0.0
0.0
0.0
0.0
0.0
0.0
0.0
0.0
0.0
0.0
0.0
0.0
0.0
0.0
0.0
0.0
0.0
0.0
0.0
0.0
0.0
0.0
0.0
0.0
0.0
0.0
0.0
0.0
0.0
0.0
0.0
0.0
0.0
0.0
0.0
0.0
0.0
0.0
0.0
0.0
0.0
0.0
0.0
0.0
0.0
0.0
0.0
0.0
0.0
0.0
0.0
0.0
0.0
0.0
0.0
0.0
0.0
0.0
0.0
0.0
0.0
0.0
0.0
0.0
0.0
0.0
0.0
0.0
0.0
0.0
0.0
0.0
0.0
0.0
0.0
0.0
0.0
0.0
0.0
0.0
0.0
0.0
0.0
0.0
0.0
0.0
0.0
0.0
0.0
0.0
0.0
0.0
0.0
0.0
0.0
0.0
0.0
0.0
0.0
0.0
0.0
0.0
0.0
0.0
0.0
0.0
0.0
0.0
0.0
0.0
0.0
0.0
0.0
0.0
0.0
0.0
0.0
0.0
0.0
0.0
0.0
0.0
0.0
0.0
0.0
0.0
0.0
0.0
0.0
0.0
0.0
0.0
0.0
0.0
0.0
0.0
0.0
0.0
0.0
0.0
0.0
0.0
0.0
0.0
0.0
0.0
0.0
0.0
0.0
0.0
0.0
0.0
0.0
0.0
0.0
0.0
0.0
0.0
0.0
0.0
0.0
0.0
0.0
0.0
0.0
0.0
0.0
0.0
0.0
0.0
0.0
0.0
0.0
0.0
0.0
0.0
0.0
0.0
0.0
0.0
0.0
0.0
0.0
0.0
0.0
0.0
0.0
0.0
0.0
0.0
0.0
0.0
0.0
0.0
0.0
0.0
0.0
0.0
0.0
0.0
0.0
0.0
0.0
0.0
0.0
0.0
0.0
0.0
0.0
0.0
0.0
0.0
0.0
0.0
0.0
0.0
0.0
0.0
0.0
0.0
0.0
0.0
0.0
0.0
0.0
0.0
0.0
0.0
0.0
0.0
0.0
0.0
0.0
0.0
0.0
0.0
0.0
0.0
0.0
0.0
0.0
0.0
0.0
0.0
0.0
0.0
0.0
0.0
0.0
0.0
0.0
0.0
0.0
0.0
0.0
0.0
0.0
0.0
0.0
0.0
0.0
0.0
0.0
0.0
0.0
0.0
0.0
0.0
0.0
0.0
0.0
0.0
0.0
0.0
0.0
0.0
0.0
0.0
0.0
0.0
0.0
0.0
0.0
0.0
0.0
0.0
0.0
0.0
0.0
0.0
0.0
0.0
0.0
0.0
0.0
0.0
0.0
0.0
0.0
0.0
0.0
0.0
0.0
0.0
0.0
0.0
0.0
0.0
0.0
0.0
0.0
0.0
0.0
0.0
0.0
0.0
0.0
0.0
0.0
0.0
0.0
0.0
0.0
0.0
0.0
0.0
0.0
0.0
0.0
0.0
0.0
0.0
0.0
0.0
0.0
0.0
0.0
0.0
0.0
0.0
0.0
0.0
0.0
0.0
0.0
0.0
0.0
0.0
0.0
0.0
0.0
0.0
0.0
0.0
0.0
0.0
0.0
0.0
0.0
0.0
0.0
0.0
0.0
0.0
0.0
0.0
0.0
0.0
0.0
0.0
0.0
0.0
0.0
0.0
0.0
0.0
0.0
0.0
0.0
0.0
0.0
0.0
0.0
0.0
0.0
0.0
0.0
0.0
0.0
0.0
0.0
0.0
0.0
0.0
0.0
0.0
800.11981451207
796.5175938516707
792.9273666979057
789.3495806019973
785.7846686409238
782.233049618651
778.6951282748197
775.1712954964476
771.6619285332949
768.1673912174557
764.6880341859552
761.2241951053187
757.776198899796
754.34435797986
750.9289724740554
747.5303304613283
744.1487082039653
740.7843703823147
737.4375703287981
734.1085502628085
730.7975415256167
727.5047648137779
724.2304304134876
720.9747384332575
717.7378790353505
714.5200326668715
711.3213702885082
708.1420536023099
704.9822352779087
701.8420591757831
698.7216605698849
695.6211663673575
692.5406953257046
689.4803582684675
686.4402582974119
683.4204910027804
680.4211446709859
677.4423004885026
674.4840327445563
671.5464090295537
668.6294904310259
665.7333317267398
662.8579815748362
660.0034827002912
657.1698720789502
654.3571811180761
651.5654358337742
648.7946570254937
646.0448604467915
643.3160569734282
640.6082527682802
637.9214494425019
635.2556442140983
632.6108300630519
629.9869958832617
627.3841266315993
624.8022034732933
622.2412039246956
619.7011019929793
617.1818683122175
614.6834702770309
612.2058721729335
609.7490353037168
607.3129181161406
604.8974763212032
602.5026630129959
600.1284287847553
597.7747218416389
595.441488111258
593.1286713512474
590.8362132541827
588.5640535500894
586.3121301058061
584.0803790227537
581.8687347310802
579.6771300820543
577.5054964383103
575.3537637608447
573.2218606943874
571.1097146504729
569.0172518877816
566.9443975910116
564.8910759469823
562.8572102189028
560.842722819006
558.847535378351
556.8715688153242
554.9147434021493
552.9769788291401
551.0581942677522
549.1583084312617
547.2772396339793
545.4149058491195
543.5712247642902
541.7461138359305
539.9394903421619
538.1512714337438
536.3813741839363
534.6297156369006
532.8962128542101
531.1807829608736
529.48334318914
527.803810921575
526.1421037328154
524.4981394298588
522.8718360914341
521.2631121062715
519.6718862099135
518.0980775209727
516.5416055758548
515.0023903628119
513.4803523550155
511.9754125424411
510.4874924631281
509.0165142334484
507.56240057748823
506.1250748558462
504.7044610932801
503.3004840059062
501.9130690276786
500.5421423359027
499.1876308763837
497.84946238778696
496.52756542540624
495.22186938444196
493.9323045225177
492.6588019818555
491.40129381096386
490.15971298560555
488.93399342957713
487.7240700349168
486.5298786817434
485.35135625766213
484.1884406769643
483.0410708992058
481.90918694780703
480.79272992805323
479.6916420450361
478.60586662126155
477.53534811401863
476.48003213254543
475.4398654551632
474.41479604587784
473.40477307120705
472.4097469167949
471.42966920365086
470.4644928048105
469.51417186142163
468.5786617990899
467.65791934417416
466.75190253992827
465.86057076278814
464.98388473875565
464.1218065595171
463.2742996991393
0.0
0.0
0.0
0.0
0.0
0.0
0.0
0.0
0.0
0.0
0.0
0.0
0.0
0.0
0.0
0.0
0.0
0.0
0.0
0.0
0.0
0.0
0.0
0.0
0.0
0.0
0.0
0.0
0.0
0.0
0.0
0.0
0.0
0.0
0.0
0.0
0.0
0.0
0.0
0.0
0.0
0.0
0.0
0.0
0.0
0.0
0.0
0.0
0.0
0.0
0.0
0.0
0.0
0.0
0.0
0.0
0.0
0.0
0.0
0.0
0.0
0.0
0.0
0.0
0.0
0.0
0.0
0.0
0.0
0.0
0.0
0.0
0.0
0.0
0.0
0.0
0.0
0.0
0.0
0.0
0.0
0.0
0.0
0.0
0.0
0.0
0.0
0.0
0.0
0.0
0.0
0.0
0.0
0.0
0.0
0.0
0.0
0.0
0.0
0.0
0.0
0.0
0.0
0.0
0.0
0.0
0.0
0.0
0.0
0.0
0.0
0.0
0.0
0.0
0.0
0.0
0.0
0.0
0.0
0.0
0.0
0.0
0.0
0.0
0.0
0.0
0.0
0.0
0.0
0.0
0.0
0.0
0.0
0.0
0.0
0.0
0.0
0.0
0.0
0.0
0.0
0.0
0.0
0.0
0.0
0.0
0.0
0.0
0.0
0.0
0.0
0.0
0.0
0.0
0.0
0.0
0.0
0.0
0.0
0.0
0.0
0.0
0.0
0.0
0.0
0.0
0.0
0.0
0.0
0.0
0.0
0.0
0.0
0.0
0.0
0.0
0.0
0.0
0.0
0.0
0.0
0.0
0.0
0.0
0.0
0.0
0.0
0.0
0.0
0.0
0.0
0.0
0.0
0.0
0.0
0.0
0.0
0.0
0.0
0.0
0.0
0.0
0.0
0.0
0.0
0.0
0.0
0.0
0.0
0.0
0.0
0.0
0.0
0.0
0.0
0.0
0.0
0.0
0.0
0.0
0.0
0.0
0.0
0.0
0.0
0.0
0.0
0.0
0.0
0.0
0.0
0.0
0.0
0.0
0.0
0.0
0.0
0.0
0.0
0.0
0.0
0.0
0.0
0.0
0.0
0.0
0.0
0.0
0.0
0.0
0.0
0.0
0.0
0.0
0.0
0.0
0.0
0.0
0.0
0.0
0.0
0.0
0.0
0.0
0.0
0.0
0.0
0.0
0.0
0.0
0.0
0.0
0.0
0.0
0.0
0.0
0.0
0.0
0.0
0.